   5.9980000e+06   0.0000000e+00
   6.8500000e+03   3.5522461e+01
   1.2736000e+04   3.7414551e+01
   1.4571000e+04   3.7658691e+01
   1.5760000e+04   3.6071777e+01
   2.8872000e+04   3.6071777e+01
   3.2541000e+04   3.4973145e+01
   4.3307000e+04   4.4006348e+01
   4.4336000e+04   3.6193848e+01
   4.7458000e+04   4.0100098e+01
   7.2352000e+04   9.5153809e+01
   7.2435000e+04   1.1920166e+02
   7.2601000e+04   3.5034180e+01
   7.2650000e+04   6.6650391e+01
   7.2695000e+04   9.8937988e+01
   7.5030000e+04   9.0332031e+01
   7.5128000e+04   5.1208496e+01
   7.5445000e+04   4.1320801e+01
   7.7643000e+04   3.6560059e+01
   9.2443000e+04   3.5278320e+01
   1.1666300e+05   1.0784912e+02
   1.1675600e+05   3.7292480e+01
   1.1687400e+05   4.1198730e+01
   1.1710800e+05   4.8889160e+01
   1.1761500e+05   4.2663574e+01
   1.1822400e+05   1.0009766e+02
   1.1828800e+05   3.9062500e+01
   1.1858100e+05   4.4189453e+01
   1.1866300e+05   1.0064697e+02
   1.1903100e+05   3.6071777e+01
   1.2838800e+05   3.5644531e+01
   1.3759400e+05   5.0659180e+01
   1.3799000e+05   4.1076660e+01
   1.3942100e+05   9.5397949e+01
   1.4012000e+05   9.1918945e+01
   1.4038000e+05   9.0148926e+01
   1.4110800e+05   8.6120605e+01
   1.4128500e+05   7.4462891e+01
   1.5310900e+05   9.1430664e+01
   1.5346000e+05   4.4189453e+01
   1.5393900e+05   9.5153809e+01
   1.5398700e+05   4.9377441e+01
   1.5412500e+05   8.6303711e+01
   1.5424100e+05   4.1992188e+01
   1.5486600e+05   7.5561523e+01
   1.5516800e+05   7.4890137e+01
   1.5576600e+05   7.9162598e+01
   1.5589100e+05   6.0119629e+01
   1.5992100e+05   3.5766602e+01
   1.6139700e+05   3.7048340e+01
   1.6883100e+05   3.6010742e+01
   1.7094400e+05   3.9855957e+01
   1.7103900e+05   9.8083496e+01
   1.7108200e+05   4.9316406e+01
   1.7119000e+05   6.5429688e+01
   1.7121400e+05   3.4851074e+01
   1.7131900e+05   3.6254883e+01
   1.7135300e+05   4.2968750e+01
   1.7147700e+05   7.9101563e+01
   1.7150600e+05   4.1687012e+01
   1.7170900e+05   3.9672852e+01
   1.7176200e+05   8.7585449e+01
   1.7187800e+05   3.6926270e+01
   1.7206700e+05   3.4729004e+01
   1.7228800e+05   4.0039063e+01
   1.7312800e+05   3.4790039e+01
   1.8833800e+05   3.6682129e+01
   1.9455600e+05   1.0156250e+02
   2.0083600e+05   4.5043945e+01
   2.0734900e+05   3.8146973e+01
   2.0739100e+05   5.0537109e+01
   2.0741200e+05   7.9956055e+01
   2.0743900e+05   3.7170410e+01
   2.0766400e+05   4.6508789e+01
   2.2417600e+05   3.6621094e+01
   2.4469300e+05   3.8269043e+01
   2.4476600e+05   1.0546875e+02
   2.4494000e+05   8.8928223e+01
   2.4497100e+05   4.3640137e+01
   2.4513900e+05   4.7790527e+01
   2.4523300e+05   8.4472656e+01
   2.4529500e+05   4.7058105e+01
   2.4579700e+05   4.0222168e+01
   2.4611600e+05   5.1635742e+01
   2.4617500e+05   9.3383789e+01
   2.4711600e+05   8.9294434e+01
   2.4715300e+05   3.6499023e+01
   2.4718400e+05   7.0190430e+01
   2.4720100e+05   4.0100098e+01
   2.4722800e+05   4.9316406e+01
   2.4725800e+05   7.6049805e+01
   2.4726800e+05   5.5236816e+01
   2.4729600e+05   3.8696289e+01
   2.4731000e+05   5.3588867e+01
   2.4737700e+05   5.6518555e+01
   2.4741100e+05   4.8706055e+01
   2.4744000e+05   4.0893555e+01
   2.4750500e+05   3.6132813e+01
   2.4753600e+05   5.0476074e+01
   2.4755400e+05   3.6560059e+01
   2.4761000e+05   4.2480469e+01
   2.4771500e+05   3.5400391e+01
   2.4777000e+05   4.9316406e+01
   2.4778700e+05   3.5278320e+01
   2.4788900e+05   5.2612305e+01
   2.4802100e+05   5.0292969e+01
   2.4811400e+05   3.8574219e+01
   2.4813200e+05   3.5156250e+01
   2.4823700e+05   5.2978516e+01
   2.4827100e+05   4.6081543e+01
   2.4839800e+05   6.3415527e+01
   2.4863700e+05   6.1340332e+01
   2.5896800e+05   4.2358398e+01
   2.7137500e+05   3.5461426e+01
   2.7530400e+05   3.4667969e+01
   2.7625000e+05   3.6376953e+01
   2.7632500e+05   4.4677734e+01
   2.7659700e+05   3.6621094e+01
   2.7679600e+05   1.0632324e+02
   2.7721500e+05   4.5349121e+01
   2.7754200e+05   9.0270996e+01
   2.7786500e+05   9.0576172e+01
   2.7787600e+05   4.6813965e+01
   2.7815200e+05   8.3312988e+01
   2.7835000e+05   6.3903809e+01
   2.7859600e+05   3.5583496e+01
   2.7875900e+05   7.6293945e+01
   2.7895200e+05   7.0312500e+01
   2.7937000e+05   7.8186035e+01
   2.7954400e+05   4.4982910e+01
   2.7982200e+05   6.4880371e+01
   2.8007300e+05   6.4453125e+01
   2.8096200e+05   6.7749023e+01
   2.8362200e+05   3.6560059e+01
   2.9109400e+05   3.7536621e+01
   2.9367100e+05   4.2724609e+01
   2.9639900e+05   4.7363281e+01
   2.9698400e+05   4.5593262e+01
   2.9722000e+05   3.9489746e+01
   2.9736700e+05   3.5705566e+01
   2.9752800e+05   8.6608887e+01
   2.9770800e+05   8.2214355e+01
   2.9785700e+05   6.9335938e+01
   2.9830200e+05   7.9223633e+01
   2.9850400e+05   7.1777344e+01
   2.9867800e+05   5.3955078e+01
   2.9884300e+05   4.3273926e+01
   2.9899800e+05   6.3781738e+01
   2.9916900e+05   5.4199219e+01
   2.9934300e+05   4.1625977e+01
   2.9972100e+05   3.6010742e+01
   3.0001100e+05   5.3527832e+01
   3.0018700e+05   4.1198730e+01
   3.0022200e+05   3.7597656e+01
   3.0087400e+05   6.4208984e+01
   3.0180700e+05   7.4218750e+01
   3.0315500e+05   3.7292480e+01
   3.0362700e+05   5.9814453e+01
   3.0390400e+05   7.1655273e+01
   3.0479700e+05   6.4697266e+01
   3.1239400e+05   3.5827637e+01
   3.2411800e+05   5.9265137e+01
   3.2413000e+05   4.7363281e+01
   3.2417200e+05   1.0058594e+02
   3.2419700e+05   7.5683594e+01
   3.2422500e+05   3.6743164e+01
   3.2426900e+05   7.6293945e+01
   3.2428500e+05   6.6040039e+01
   3.2438200e+05   5.1635742e+01
   3.2441400e+05   3.6743164e+01
   3.2442700e+05   5.7128906e+01
   3.2446800e+05   4.1259766e+01
   3.2451200e+05   3.6865234e+01
   3.2453900e+05   6.7871094e+01
   3.2456300e+05   5.5786133e+01
   3.2457400e+05   3.6560059e+01
   3.2463000e+05   7.5744629e+01
   3.2470400e+05   3.6376953e+01
   3.2474300e+05   6.3232422e+01
   3.2481000e+05   3.6926270e+01
   3.2482400e+05   4.5043945e+01
   3.2484700e+05   4.4860840e+01
   3.2509200e+05   4.0649414e+01
   3.2539600e+05   3.9428711e+01
   3.2547700e+05   5.3527832e+01
   3.2567500e+05   3.5827637e+01
   3.2572500e+05   4.5776367e+01
   3.2594700e+05   4.4921875e+01
   3.4672600e+05   3.4912109e+01
   3.7764600e+05   3.9367676e+01
   3.8837800e+05   3.7841797e+01
   4.0779700e+05   8.0078125e+01
   4.1579200e+05   8.0322266e+01
   4.1584900e+05   3.7048340e+01
   4.1587200e+05   7.6354980e+01
   4.1597900e+05   3.6071777e+01
   4.3208700e+05   3.7414551e+01
   4.4231500e+05   3.5644531e+01
   4.4233500e+05   1.2304688e+02
   4.4235900e+05   5.0903320e+01
   4.4237200e+05   3.6987305e+01
   4.4238800e+05   1.0156250e+02
   4.4240700e+05   3.9916992e+01
   4.4242100e+05   4.2724609e+01
   4.4245100e+05   5.0048828e+01
   4.4247400e+05   3.9733887e+01
   4.4249500e+05   3.6437988e+01
   4.4251600e+05   5.6762695e+01
   4.4253200e+05   3.6560059e+01
   4.4256000e+05   5.5236816e+01
   4.4258600e+05   3.8879395e+01
   4.4261100e+05   4.3884277e+01
   4.4268100e+05   4.8339844e+01
   4.4274500e+05   4.6203613e+01
   4.4276200e+05   3.6926270e+01
   4.4278800e+05   3.9611816e+01
   4.4280900e+05   3.7780762e+01
   4.4281900e+05   3.7109375e+01
   4.4286400e+05   3.8208008e+01
   4.4295300e+05   4.2114258e+01
   4.4303700e+05   3.4729004e+01
   4.4308400e+05   4.3090820e+01
   4.4309700e+05   3.5156250e+01
   4.4314300e+05   3.8146973e+01
   4.4323500e+05   3.7414551e+01
   4.4329400e+05   3.6499023e+01
   4.4338400e+05   4.7241211e+01
   4.4361500e+05   4.5104980e+01
   4.4381400e+05   3.8330078e+01
   4.4392200e+05   4.2053223e+01
   4.4408900e+05   3.9794922e+01
   4.4414200e+05   3.9855957e+01
   4.4426000e+05   4.3884277e+01
   4.4450700e+05   4.4128418e+01
   4.4461700e+05   3.5095215e+01
   4.4474000e+05   4.5654297e+01
   4.4493400e+05   3.6315918e+01
   4.4507000e+05   3.4667969e+01
   4.4520600e+05   4.9987793e+01
   4.4521800e+05   3.5949707e+01
   4.4536100e+05   3.6987305e+01
   4.4552100e+05   3.6987305e+01
   4.4609000e+05   3.9123535e+01
   4.4710900e+05   3.7841797e+01
   4.6173500e+05   3.6254883e+01
   5.5362900e+05   3.5827637e+01
   5.5898100e+05   3.7292480e+01
   5.6867800e+05   5.4443359e+01
   5.6874900e+05   9.3444824e+01
   5.7645000e+05   3.7475586e+01
   5.8300800e+05   3.9306641e+01
   5.8327800e+05   3.7597656e+01
   5.8920100e+05   3.5888672e+01
   5.9911500e+05   3.5034180e+01
   6.0307400e+05   3.7170410e+01
   6.1162600e+05   3.7353516e+01
   6.1494100e+05   3.5461426e+01
   6.1787900e+05   9.9914551e+01
   6.1800800e+05   7.3303223e+01
   6.1802300e+05   9.1369629e+01
   6.1811200e+05   7.4157715e+01
   6.1813400e+05   4.1992188e+01
   6.1817600e+05   6.3659668e+01
   6.1821000e+05   3.4851074e+01
   6.1823000e+05   4.9194336e+01
   6.1825100e+05   5.2124023e+01
   6.1826500e+05   5.2368164e+01
   6.1834100e+05   4.1564941e+01
   6.1837100e+05   4.6264648e+01
   6.1842900e+05   3.5766602e+01
   6.1845100e+05   6.7260742e+01
   6.1848400e+05   3.6926270e+01
   6.1854300e+05   4.9194336e+01
   6.1856500e+05   6.6467285e+01
   6.1862200e+05   3.6743164e+01
   6.1863400e+05   3.7841797e+01
   6.1866000e+05   5.5114746e+01
   6.1874900e+05   3.6743164e+01
   6.1882000e+05   3.7658691e+01
   6.1894400e+05   3.7353516e+01
   6.1905500e+05   3.5339355e+01
   6.1915600e+05   4.8339844e+01
   6.1916600e+05   4.5959473e+01
   6.1922700e+05   3.4729004e+01
   6.1928300e+05   5.1940918e+01
   6.1930400e+05   4.0588379e+01
   6.1940500e+05   4.6630859e+01
   6.1941700e+05   4.0466309e+01
   6.1943400e+05   4.1320801e+01
   6.1955100e+05   4.5043945e+01
   6.1956500e+05   4.6142578e+01
   6.1966800e+05   4.8706055e+01
   6.1981400e+05   5.2978516e+01
   6.1983200e+05   5.6335449e+01
   6.1996500e+05   4.7058105e+01
   6.2010900e+05   3.6865234e+01
   6.2017200e+05   3.5156250e+01
   6.2028400e+05   4.2968750e+01
   6.2051500e+05   4.7180176e+01
   6.2076300e+05   4.3457031e+01
   6.2081800e+05   3.6926270e+01
   6.2099500e+05   5.5175781e+01
   6.2115700e+05   3.5766602e+01
   6.2135800e+05   3.5095215e+01
   6.2153900e+05   3.7536621e+01
   6.2177800e+05   3.7353516e+01
   6.2211300e+05   3.7841797e+01
   6.5545900e+05   3.8146973e+01
   6.5784100e+05   3.7170410e+01
   6.6964000e+05   3.8513184e+01
   6.7844700e+05   3.5888672e+01
   6.8161000e+05   3.5644531e+01
   6.8162600e+05   1.0797119e+02
   6.8165500e+05   3.6132813e+01
   6.8167900e+05   3.5400391e+01
   6.8169500e+05   4.3029785e+01
   6.8174100e+05   4.7607422e+01
   6.8176700e+05   6.8176270e+01
   6.8181400e+05   3.9367676e+01
   6.8182500e+05   7.2509766e+01
   6.8196300e+05   4.3151855e+01
   6.8211000e+05   9.2163086e+01
   7.0938700e+05   3.5827637e+01
   7.1016600e+05   4.6142578e+01
   7.1018800e+05   9.8632813e+01
   7.1020200e+05   3.5278320e+01
   7.1030900e+05   5.7250977e+01
   7.1053600e+05   4.8706055e+01
   7.1078100e+05   7.9162598e+01
   7.2522500e+05   3.6987305e+01
   7.3768500e+05   3.6376953e+01
   7.4100300e+05   4.5837402e+01
   7.4106700e+05   8.9904785e+01
   7.4109400e+05   5.7495117e+01
   7.4112900e+05   5.6457520e+01
   7.4132800e+05   4.4799805e+01
   7.4136600e+05   9.1552734e+01
   7.6169200e+05   3.4912109e+01
   7.8195800e+05   3.5400391e+01
   8.0239600e+05   4.0893555e+01
   8.0626400e+05   3.5644531e+01
   8.0629200e+05   1.0205078e+02
   8.0632000e+05   3.6499023e+01
   8.0635500e+05   8.1359863e+01
   8.0638100e+05   9.3017578e+01
   8.0640900e+05   3.9245605e+01
   8.0642300e+05   4.8095703e+01
   8.0649500e+05   9.6069336e+01
   8.0660800e+05   5.3588867e+01
   8.0665000e+05   7.1533203e+01
   8.0679600e+05   4.4067383e+01
   8.0720000e+05   7.6965332e+01
   8.1187100e+05   4.0771484e+01
   8.2605900e+05   3.9916992e+01
   8.2817200e+05   3.5949707e+01
   8.3610900e+05   1.0253906e+02
   8.3617400e+05   3.9245605e+01
   8.3619600e+05   4.0954590e+01
   8.3621000e+05   7.7941895e+01
   8.3626700e+05   8.9721680e+01
   8.3629600e+05   3.6865234e+01
   8.3635400e+05   7.8247070e+01
   8.3637900e+05   5.6091309e+01
   8.3644400e+05   3.8574219e+01
   8.3647900e+05   1.0168457e+02
   8.3652300e+05   3.7292480e+01
   8.3653700e+05   3.5705566e+01
   8.3656200e+05   4.1931152e+01
   8.3659900e+05   7.3669434e+01
   8.3669900e+05   4.3029785e+01
   8.3672200e+05   4.1137695e+01
   8.3675700e+05   3.6376953e+01
   8.3678200e+05   5.0903320e+01
   8.3680000e+05   4.3395996e+01
   8.3681400e+05   5.4443359e+01
   8.3690200e+05   4.3762207e+01
   8.3699200e+05   5.5358887e+01
   8.3701500e+05   3.6376953e+01
   8.3711600e+05   3.7170410e+01
   8.3714100e+05   5.5541992e+01
   8.3728800e+05   3.5705566e+01
   8.3744500e+05   5.2062988e+01
   8.3766000e+05   5.7250977e+01
   8.4434200e+05   3.7597656e+01
   8.5719100e+05   3.5400391e+01
   9.0781300e+05   3.5888672e+01
   9.1825700e+05   4.4311523e+01
   9.2015000e+05   3.6132813e+01
   9.2019600e+05   9.7290039e+01
   9.2023400e+05   4.2968750e+01
   9.2026600e+05   8.3068848e+01
   9.2028900e+05   3.6926270e+01
   9.2035000e+05   6.5185547e+01
   9.2036900e+05   7.6660156e+01
   9.2038500e+05   3.6437988e+01
   9.2040300e+05   3.7170410e+01
   9.2042900e+05   4.6142578e+01
   9.2044200e+05   4.3579102e+01
   9.2046000e+05   3.6926270e+01
   9.2052300e+05   4.7607422e+01
   9.2053700e+05   5.4626465e+01
   9.2058300e+05   3.6560059e+01
   9.2061300e+05   3.6987305e+01
   9.2068400e+05   4.2846680e+01
   9.2070800e+05   4.3151855e+01
   9.2072100e+05   3.7109375e+01
   9.2076700e+05   4.2236328e+01
   9.2077900e+05   5.3039551e+01
   9.2086800e+05   3.4912109e+01
   9.2088300e+05   5.3039551e+01
   9.2095300e+05   3.8635254e+01
   9.2113900e+05   4.5043945e+01
   9.2115100e+05   5.2124023e+01
   9.2124800e+05   3.5095215e+01
   9.2134700e+05   5.3466797e+01
   9.2137500e+05   3.5278320e+01
   9.2148500e+05   4.7302246e+01
   9.2160000e+05   3.5339355e+01
   9.2170800e+05   3.9306641e+01
   9.2173500e+05   3.6132813e+01
   9.2199300e+05   8.7280273e+01
   9.2211100e+05   3.5522461e+01
   9.2223600e+05   4.3273926e+01
   9.2225100e+05   4.2785645e+01
   9.2240600e+05   4.0405273e+01
   9.2258500e+05   6.0546875e+01
   9.2271600e+05   4.5837402e+01
   9.2309700e+05   5.1269531e+01
   9.2343700e+05   5.5236816e+01
   9.3582300e+05   3.7536621e+01
   9.4612100e+05   3.6010742e+01
   9.7239000e+05   3.5522461e+01
   9.7803900e+05   3.9428711e+01
   9.8511400e+05   3.5705566e+01
   1.0036530e+06   3.6621094e+01
   1.0204060e+06   4.2236328e+01
   1.0207360e+06   3.8635254e+01
   1.0209490e+06   4.5837402e+01
   1.0214140e+06   9.6008301e+01
   1.0299460e+06   3.8574219e+01
   1.0320720e+06   3.6926270e+01
   1.0357720e+06   3.5522461e+01
   1.0624440e+06   3.5095215e+01
   1.0624600e+06   3.7231445e+01
   1.0625040e+06   3.6499023e+01
   1.0625160e+06   8.1604004e+01
   1.0625460e+06   5.9265137e+01
   1.0625580e+06   3.6987305e+01
   1.0626480e+06   6.5063477e+01
   1.0626760e+06   4.2419434e+01
   1.0627130e+06   4.5043945e+01
   1.0627550e+06   3.6560059e+01
   1.0627940e+06   8.5693359e+01
   1.0628080e+06   6.1645508e+01
   1.0628360e+06   5.8349609e+01
   1.0628490e+06   3.4851074e+01
   1.0628700e+06   5.2429199e+01
   1.0629010e+06   6.2377930e+01
   1.0629130e+06   3.4851074e+01
   1.0629540e+06   4.5898438e+01
   1.0630210e+06   4.5043945e+01
   1.0630540e+06   5.9753418e+01
   1.0630840e+06   4.7851563e+01
   1.0631010e+06   6.4697266e+01
   1.0631600e+06   3.6499023e+01
   1.0631790e+06   3.6437988e+01
   1.0632060e+06   4.8217773e+01
   1.0632550e+06   3.5827637e+01
   1.0632910e+06   4.6630859e+01
   1.0633040e+06   3.7475586e+01
   1.0633960e+06   3.6560059e+01
   1.0634060e+06   4.6813965e+01
   1.0634410e+06   3.7048340e+01
   1.0635470e+06   3.9245605e+01
   1.0636740e+06   4.6752930e+01
   1.0637920e+06   4.4921875e+01
   1.0639600e+06   4.6997070e+01
   1.0642310e+06   6.2255859e+01
   1.0645230e+06   3.6193848e+01
   1.0894490e+06   3.6010742e+01
   1.1616560e+06   3.8330078e+01
   1.1680220e+06   3.4851074e+01
   1.1709750e+06   3.9428711e+01
   1.1710410e+06   4.2541504e+01
   1.1710720e+06   4.5349121e+01
   1.1710900e+06   3.8879395e+01
   1.1711270e+06   7.6782227e+01
   1.1711800e+06   4.2663574e+01
   1.1712080e+06   9.1796875e+01
   1.1712250e+06   3.7109375e+01
   1.1712460e+06   5.9265137e+01
   1.1712690e+06   3.6987305e+01
   1.1713110e+06   5.0537109e+01
   1.1713390e+06   4.8400879e+01
   1.1714030e+06   4.4189453e+01
   1.1714250e+06   5.7617188e+01
   1.1715060e+06   3.9184570e+01
   1.1716040e+06   5.7739258e+01
   1.1716310e+06   5.0537109e+01
   1.1717350e+06   4.5471191e+01
   1.1717500e+06   3.5217285e+01
   1.1718400e+06   3.5034180e+01
   1.1718680e+06   4.3762207e+01
   1.1718890e+06   3.7597656e+01
   1.1720760e+06   4.2663574e+01
   1.1720990e+06   4.7119141e+01
   1.1722250e+06   6.7016602e+01
   1.1722450e+06   7.7880859e+01
   1.1725180e+06   6.2744141e+01
   1.2442180e+06   4.2785645e+01
   1.2476620e+06   3.5095215e+01
   1.2583150e+06   3.9978027e+01
   1.2583400e+06   1.0009766e+02
   1.2583860e+06   3.5644531e+01
   1.2584330e+06   5.7434082e+01
   1.2584770e+06   3.8818359e+01
   1.2584940e+06   8.1542969e+01
   1.2585270e+06   5.5236816e+01
   1.2585970e+06   5.4565430e+01
   1.2587110e+06   5.4138184e+01
   1.2587230e+06   4.6997070e+01
   1.2587690e+06   3.6743164e+01
   1.2587940e+06   6.9335938e+01
   1.2588450e+06   7.6660156e+01
   1.2589040e+06   7.3547363e+01
   1.2589300e+06   6.6528320e+01
   1.2589840e+06   4.5715332e+01
   1.2590260e+06   3.9245605e+01
   1.2590680e+06   3.5339355e+01
   1.2591520e+06   7.2753906e+01
   1.2591690e+06   3.6987305e+01
   1.2593100e+06   4.6508789e+01
   1.2593710e+06   5.1269531e+01
   1.2596270e+06   7.4218750e+01
   1.2596560e+06   4.2663574e+01
   1.2599450e+06   7.4096680e+01
   1.2653030e+06   3.7414551e+01
   1.2668840e+06   3.4790039e+01
   1.2771360e+06   3.7414551e+01
   1.2786680e+06   5.7617188e+01
   1.2794220e+06   3.5461426e+01
   1.2981410e+06   1.0668945e+02
   1.2984430e+06   4.8034668e+01
   1.2989260e+06   4.2114258e+01
   1.3013380e+06   9.2712402e+01
   1.3015170e+06   3.8208008e+01
   1.3031380e+06   3.6560059e+01
   1.3118610e+06   1.0778809e+02
   1.3118940e+06   5.3405762e+01
   1.3119150e+06   7.2509766e+01
   1.3119360e+06   5.2673340e+01
   1.3119460e+06   4.1320801e+01
   1.3119770e+06   5.6152344e+01
   1.3120200e+06   4.1625977e+01
   1.3120410e+06   4.4311523e+01
   1.3120520e+06   6.3354492e+01
   1.3120740e+06   4.7302246e+01
   1.3121020e+06   4.8339844e+01
   1.3121260e+06   5.0354004e+01
   1.3121710e+06   5.7434082e+01
   1.3121960e+06   4.5837402e+01
   1.3122430e+06   3.5156250e+01
   1.3122630e+06   4.1259766e+01
   1.3122800e+06   3.4790039e+01
   1.3123020e+06   3.5339355e+01
   1.3123710e+06   3.7109375e+01
   1.3123960e+06   3.7475586e+01
   1.3124410e+06   3.8757324e+01
   1.3125060e+06   4.5104980e+01
   1.3125330e+06   3.6804199e+01
   1.3125910e+06   3.4851074e+01
   1.3126150e+06   4.1442871e+01
   1.3126950e+06   3.9428711e+01
   1.3127610e+06   3.5400391e+01
   1.3128140e+06   4.8400879e+01
   1.3128990e+06   5.5297852e+01
   1.3129870e+06   4.0954590e+01
   1.3130070e+06   4.5959473e+01
   1.3130320e+06   3.8452148e+01
   1.3130740e+06   3.7353516e+01
   1.3131250e+06   3.5095215e+01
   1.3133410e+06   3.7048340e+01
   1.3134450e+06   3.9733887e+01
   1.3134680e+06   4.4250488e+01
   1.3135290e+06   3.5522461e+01
   1.3138310e+06   5.2551270e+01
   1.3139380e+06   4.1381836e+01
   1.3140800e+06   5.4260254e+01
   1.3142300e+06   3.7170410e+01
   1.3143340e+06   8.3618164e+01
   1.3145050e+06   4.9316406e+01
   1.3146210e+06   4.5837402e+01
   1.3146860e+06   5.7922363e+01
   1.3148920e+06   6.0974121e+01
   1.3150280e+06   3.5705566e+01
   1.3152630e+06   4.0222168e+01
   1.3152770e+06   3.6987305e+01
   1.3156730e+06   3.6926270e+01
   1.3205540e+06   3.5644531e+01
   1.3242740e+06   3.4667969e+01
   1.3290740e+06   3.8696289e+01
   1.4171580e+06   3.5522461e+01
   1.4292860e+06   3.4973145e+01
   1.4375810e+06   3.5339355e+01
   1.4836210e+06   3.6743164e+01
   1.4993140e+06   3.6010742e+01
   1.5020060e+06   3.7902832e+01
   1.5058710e+06   1.1639404e+02
   1.5059370e+06   3.9001465e+01
   1.5059780e+06   1.0058594e+02
   1.5060130e+06   8.7707520e+01
   1.5060660e+06   6.7260742e+01
   1.5060860e+06   5.7983398e+01
   1.5061670e+06   3.4851074e+01
   1.5080410e+06   3.5400391e+01
   1.5082480e+06   4.9255371e+01
   1.5083960e+06   9.0820313e+01
   1.5086640e+06   9.2468262e+01
   1.5087030e+06   4.8217773e+01
   1.5373570e+06   8.6303711e+01
   1.5375060e+06   4.7180176e+01
   1.5377320e+06   9.4055176e+01
   1.5408280e+06   3.5400391e+01
   1.5483780e+06   3.7109375e+01
   1.5492660e+06   3.5278320e+01
   1.5493030e+06   1.0119629e+02
   1.5494020e+06   3.4790039e+01
   1.5494660e+06   5.0720215e+01
   1.5495390e+06   9.8571777e+01
   1.5496530e+06   4.9316406e+01
   1.5498580e+06   4.4311523e+01
   1.5501730e+06   4.3029785e+01
   1.5503830e+06   4.5837402e+01
   1.5505990e+06   9.6374512e+01
   1.5507710e+06   4.0527344e+01
   1.5509440e+06   3.6804199e+01
   1.5510720e+06   8.0688477e+01
   1.5511180e+06   4.4372559e+01
   1.5511440e+06   7.3974609e+01
   1.5511700e+06   4.3273926e+01
   1.5512050e+06   4.4372559e+01
   1.5512300e+06   5.7067871e+01
   1.5512560e+06   5.3649902e+01
   1.5512900e+06   3.6865234e+01
   1.5513050e+06   4.3273926e+01
   1.5513640e+06   4.6081543e+01
   1.5513930e+06   4.4372559e+01
   1.5514450e+06   3.8940430e+01
   1.5514610e+06   4.2602539e+01
   1.5514880e+06   3.6376953e+01
   1.5515360e+06   3.9367676e+01
   1.5515660e+06   3.5400391e+01
   1.5515950e+06   3.4667969e+01
   1.5516150e+06   3.8818359e+01
   1.5516910e+06   4.0039063e+01
   1.5517780e+06   5.4382324e+01
   1.5520740e+06   5.0964355e+01
   1.5656720e+06   3.7170410e+01
   1.5675500e+06   3.6010742e+01
   1.5715360e+06   3.9428711e+01
   1.5717690e+06   4.8095703e+01
   1.5721780e+06   4.9133301e+01
   1.5722500e+06   1.0473633e+02
   1.5725470e+06   4.5471191e+01
   1.5727290e+06   4.0039063e+01
   1.5729110e+06   9.2163086e+01
   1.5732920e+06   9.0209961e+01
   1.5736470e+06   8.1665039e+01
   1.5740470e+06   6.4331055e+01
   1.5741420e+06   8.1848145e+01
   1.5748570e+06   7.7270508e+01
   1.5749010e+06   3.5339355e+01
   1.5755970e+06   7.0068359e+01
   1.5761830e+06   7.9956055e+01
   1.5764470e+06   5.7617188e+01
   1.5768450e+06   6.4514160e+01
   1.5771440e+06   5.1696777e+01
   1.5775500e+06   6.2683105e+01
   1.5844260e+06   3.4729004e+01
   1.5861410e+06   3.9245605e+01
   1.5915280e+06   3.8757324e+01
   1.5945970e+06   4.0893555e+01
   1.6105950e+06   3.5400391e+01
   1.6188880e+06   3.5034180e+01
   1.6189420e+06   9.1735840e+01
   1.6190680e+06   6.1889648e+01
   1.6190820e+06   9.0698242e+01
   1.6192310e+06   6.3964844e+01
   1.6192500e+06   9.9548340e+01
   1.6193440e+06   4.4250488e+01
   1.6194050e+06   6.8420410e+01
   1.6196050e+06   3.9489746e+01
   1.6196560e+06   8.4411621e+01
   1.6199920e+06   3.9916992e+01
   1.6202230e+06   4.0222168e+01
   1.6205120e+06   3.9794922e+01
   1.6276450e+06   3.6254883e+01
   1.6400980e+06   4.1076660e+01
   1.6407400e+06   3.8635254e+01
   1.6510730e+06   3.4912109e+01
   1.6547580e+06   3.6926270e+01
   1.6547830e+06   8.4411621e+01
   1.6548180e+06   4.0283203e+01
   1.6548400e+06   8.9843750e+01
   1.6548550e+06   8.2031250e+01
   1.6549370e+06   4.0161133e+01
   1.6549580e+06   9.3383789e+01
   1.6553690e+06   8.3190918e+01
   1.6557670e+06   3.8757324e+01
   1.6798060e+06   3.6804199e+01
   1.6884130e+06   1.0589600e+02
   1.6884950e+06   5.4687500e+01
   1.6888200e+06   4.8645020e+01
   1.6889680e+06   3.8635254e+01
   1.6930570e+06   3.5583496e+01
   1.7014620e+06   3.8635254e+01
   1.7033390e+06   3.9794922e+01
   1.7171150e+06   3.6193848e+01
   1.7176460e+06   3.6315918e+01
   1.7315910e+06   3.4790039e+01
   1.7373480e+06   4.1809082e+01
   1.7375890e+06   4.5776367e+01
   1.7512460e+06   1.0168457e+02
   1.7512640e+06   3.5766602e+01
   1.7515560e+06   3.6987305e+01
   1.7516750e+06   9.9060059e+01
   1.7517380e+06   4.0405273e+01
   1.7521370e+06   3.7597656e+01
   1.7522060e+06   8.0078125e+01
   1.7527330e+06   3.8085938e+01
   1.7565460e+06   3.5278320e+01
   1.7565930e+06   4.5471191e+01
   1.7566040e+06   6.0424805e+01
   1.7566260e+06   5.8715820e+01
   1.7566610e+06   3.8696289e+01
   1.7566780e+06   4.8400879e+01
   1.7566970e+06   3.8452148e+01
   1.7567320e+06   6.9091797e+01
   1.7567680e+06   3.4790039e+01
   1.7567950e+06   5.6701660e+01
   1.7568080e+06   3.9794922e+01
   1.7568770e+06   5.2856445e+01
   1.7568930e+06   4.0344238e+01
   1.7569680e+06   4.2785645e+01
   1.7570080e+06   4.0100098e+01
   1.7570370e+06   4.9804688e+01
   1.7570560e+06   3.4851074e+01
   1.7571540e+06   5.1147461e+01
   1.7571760e+06   4.7302246e+01
   1.7572360e+06   4.5349121e+01
   1.7572500e+06   3.8146973e+01
   1.7572750e+06   3.7231445e+01
   1.7573400e+06   3.6499023e+01
   1.7573910e+06   4.4372559e+01
   1.7574030e+06   4.7180176e+01
   1.7575240e+06   3.5400391e+01
   1.7576500e+06   4.8339844e+01
   1.7577510e+06   4.3029785e+01
   1.7578010e+06   4.8522949e+01
   1.7579720e+06   3.5034180e+01
   1.7579830e+06   6.5429688e+01
   1.7579990e+06   5.0781250e+01
   1.7581670e+06   4.7241211e+01
   1.7585710e+06   6.5429688e+01
   1.7593190e+06   3.5461426e+01
   1.7640360e+06   3.6132813e+01
   1.7803900e+06   3.5583496e+01
   1.7832400e+06   9.4238281e+01
   1.7845240e+06   3.6254883e+01
   1.8021060e+06   3.4790039e+01
   1.8046870e+06   3.7780762e+01
   1.8047290e+06   1.0040283e+02
   1.8047720e+06   5.2490234e+01
   1.8048040e+06   3.9550781e+01
   1.8049490e+06   8.6303711e+01
   1.8049610e+06   6.0058594e+01
   1.8050510e+06   6.8176270e+01
   1.8052680e+06   7.8613281e+01
   1.8055880e+06   8.6120605e+01
   1.8059060e+06   3.6254883e+01
   1.8236020e+06   3.7109375e+01
   1.8477950e+06   3.5583496e+01
   1.8478790e+06   5.8776855e+01
   1.8478890e+06   5.1818848e+01
   1.8479030e+06   9.7045898e+01
   1.8480560e+06   4.9743652e+01
   1.8480660e+06   9.2895508e+01
   1.8483290e+06   5.0109863e+01
   1.8488670e+06   4.2846680e+01
   1.8522860e+06   3.7963867e+01
   1.8678250e+06   8.9843750e+01
   1.8678640e+06   6.0363770e+01
   1.8679230e+06   4.3945313e+01
   1.8680400e+06   4.9072266e+01
   1.8682720e+06   3.5095215e+01
   1.8684130e+06   8.3496094e+01
   1.8687030e+06   8.5449219e+01
   1.8690060e+06   4.4799805e+01
   1.8691240e+06   8.5510254e+01
   1.8882440e+06   3.7475586e+01
   1.8883140e+06   3.5522461e+01
   1.8883330e+06   3.5034180e+01
   1.8884300e+06   8.8562012e+01
   1.8884800e+06   1.0888672e+02
   1.8885160e+06   4.5288086e+01
   1.8885860e+06   8.3618164e+01
   1.8886970e+06   4.3151855e+01
   1.8887100e+06   7.3242188e+01
   1.8889520e+06   7.0800781e+01
   1.8890260e+06   3.9306641e+01
   1.8893680e+06   8.1542969e+01
   1.8896100e+06   4.5654297e+01
   1.9015520e+06   4.4921875e+01
   1.9018440e+06   1.0089111e+02
   1.9023450e+06   8.9477539e+01
   1.9024070e+06   3.6132813e+01
   1.9024600e+06   7.8430176e+01
   1.9025300e+06   3.8330078e+01
   1.9025590e+06   6.1035156e+01
   1.9025740e+06   3.5156250e+01
   1.9026020e+06   3.5949707e+01
   1.9026560e+06   6.2133789e+01
   1.9027140e+06   5.4931641e+01
   1.9027620e+06   4.1870117e+01
   1.9028670e+06   3.6926270e+01
   1.9028770e+06   3.9428711e+01
   1.9029290e+06   3.6315918e+01
   1.9029550e+06   6.0485840e+01
   1.9029960e+06   3.8085938e+01
   1.9030410e+06   3.5095215e+01
   1.9031040e+06   3.6865234e+01
   1.9031790e+06   3.5583496e+01
   1.9033260e+06   4.4433594e+01
   1.9034690e+06   4.1198730e+01
   1.9036030e+06   5.7250977e+01
   1.9037870e+06   5.6335449e+01
   1.9039140e+06   3.7719727e+01
   1.9041170e+06   3.9611816e+01
   1.9226600e+06   8.8928223e+01
   1.9230710e+06   4.2968750e+01
   1.9232020e+06   8.4655762e+01
   1.9234550e+06   4.2724609e+01
   1.9236960e+06   3.9367676e+01
   1.9239210e+06   8.3129883e+01
   1.9240770e+06   4.0344238e+01
   1.9241220e+06   7.3974609e+01
   1.9242310e+06   3.7231445e+01
   1.9244940e+06   3.5888672e+01
   1.9246730e+06   9.0148926e+01
   1.9249520e+06   7.6416016e+01
   1.9251420e+06   3.6560059e+01
   1.9255940e+06   7.1105957e+01
   1.9257020e+06   3.6804199e+01
   1.9258560e+06   6.3537598e+01
   1.9259510e+06   3.6193848e+01
   1.9260340e+06   5.4931641e+01
   1.9262300e+06   4.0954590e+01
   1.9265780e+06   3.4912109e+01
   1.9270270e+06   6.3354492e+01
   1.9272210e+06   3.9672852e+01
   1.9272410e+06   3.7475586e+01
   1.9277140e+06   3.4973145e+01
   1.9279360e+06   3.4729004e+01
   1.9294540e+06   6.4880371e+01
   1.9343420e+06   4.0222168e+01
   1.9354150e+06   8.6669922e+01
   1.9357440e+06   7.2143555e+01
   1.9360430e+06   6.2438965e+01
   1.9362200e+06   3.9978027e+01
   1.9364120e+06   7.2082520e+01
   1.9368870e+06   4.4128418e+01
   1.9373300e+06   7.1960449e+01
   1.9374700e+06   3.6437988e+01
   1.9379630e+06   6.9213867e+01
   1.9384830e+06   6.5917969e+01
   1.9391020e+06   7.0251465e+01
   1.9395390e+06   6.0363770e+01
   1.9408320e+06   3.7292480e+01
   1.9468440e+06   3.5339355e+01
   1.9563620e+06   3.6071777e+01
   1.9564700e+06   4.0893555e+01
   1.9565080e+06   9.0820313e+01
   1.9565200e+06   7.6599121e+01
   1.9567390e+06   4.2480469e+01
   1.9567670e+06   3.6437988e+01
   1.9568750e+06   6.9519043e+01
   1.9570630e+06   6.3049316e+01
   1.9572990e+06   6.7871094e+01
   1.9576310e+06   6.6833496e+01
   1.9576550e+06   3.8269043e+01
   1.9582390e+06   7.1228027e+01
   1.9584850e+06   4.9621582e+01
   1.9660430e+06   3.6376953e+01
   1.9711780e+06   3.6071777e+01
   1.9788480e+06   3.5888672e+01
   1.9969580e+06   3.5400391e+01
   1.9969900e+06   1.1810303e+02
   1.9970100e+06   4.0039063e+01
   1.9970690e+06   7.7087402e+01
   1.9970880e+06   4.6691895e+01
   1.9971080e+06   3.9001465e+01
   1.9971230e+06   3.5888672e+01
   1.9971470e+06   7.1105957e+01
   1.9971610e+06   4.9316406e+01
   1.9971960e+06   5.1574707e+01
   1.9972090e+06   6.4086914e+01
   1.9972400e+06   4.0588379e+01
   1.9972790e+06   4.0405273e+01
   1.9973120e+06   5.7495117e+01
   1.9973600e+06   6.3110352e+01
   1.9973900e+06   5.0659180e+01
   1.9974150e+06   4.5104980e+01
   1.9974700e+06   5.4931641e+01
   1.9975600e+06   3.7841797e+01
   1.9976320e+06   3.9245605e+01
   1.9977120e+06   3.9062500e+01
   1.9977330e+06   4.4433594e+01
   1.9978130e+06   3.6621094e+01
   1.9979340e+06   4.8339844e+01
   1.9980140e+06   3.7475586e+01
   1.9981410e+06   3.8818359e+01
   1.9984000e+06   3.6193848e+01
   1.9985010e+06   4.2114258e+01
   1.9985190e+06   3.8024902e+01
   1.9986470e+06   4.8400879e+01
   1.9986800e+06   3.5034180e+01
   1.9987760e+06   4.9316406e+01
   1.9989120e+06   3.6743164e+01
   1.9989290e+06   4.2175293e+01
   1.9991650e+06   4.9438477e+01
   1.9992140e+06   3.7414551e+01
   1.9993510e+06   5.0354004e+01
   1.9993870e+06   5.2124023e+01
   1.9994850e+06   3.8452148e+01
   1.9997040e+06   4.2541504e+01
   1.9997180e+06   6.6284180e+01
   1.9999550e+06   3.5034180e+01
   2.0008490e+06   3.7109375e+01
   2.0078390e+06   3.7719727e+01
   2.0487420e+06   3.5644531e+01
   2.0528850e+06   3.5339355e+01
   2.0608180e+06   3.6743164e+01
   2.0615730e+06   1.0723877e+02
   2.0759240e+06   3.5095215e+01
   2.0913350e+06   3.6682129e+01
   2.0961970e+06   3.6315918e+01
   2.1059960e+06   3.5522461e+01
   2.1103040e+06   4.2663574e+01
   2.1195210e+06   3.8940430e+01
   2.1370040e+06   3.8574219e+01
   2.1370690e+06   3.5766602e+01
   2.1371010e+06   4.2419434e+01
   2.1371860e+06   3.4729004e+01
   2.1372420e+06   9.7473145e+01
   2.1373230e+06   6.3781738e+01
   2.1373700e+06   9.1247559e+01
   2.1375650e+06   4.4860840e+01
   2.1375760e+06   6.6955566e+01
   2.1458700e+06   3.5278320e+01
   2.1560060e+06   5.7128906e+01
   2.1564980e+06   4.4616699e+01
   2.1572690e+06   8.4167480e+01
   2.1611960e+06   4.2114258e+01
   2.1704430e+06   7.7453613e+01
   2.1704980e+06   4.3334961e+01
   2.1705310e+06   3.6132813e+01
   2.1705550e+06   3.7109375e+01
   2.1705920e+06   9.3872070e+01
   2.1706490e+06   6.6406250e+01
   2.1706810e+06   7.9162598e+01
   2.1707510e+06   6.0913086e+01
   2.1708150e+06   7.3242188e+01
   2.1708430e+06   3.7597656e+01
   2.1708810e+06   4.1320801e+01
   2.1709110e+06   5.5297852e+01
   2.1709520e+06   7.4829102e+01
   2.1709780e+06   4.6752930e+01
   2.1709910e+06   3.7597656e+01
   2.1710860e+06   4.9438477e+01
   2.1711310e+06   4.5043945e+01
   2.1713240e+06   4.3151855e+01
   2.1713730e+06   6.0058594e+01
   2.1977600e+06   9.1613770e+01
   2.1977980e+06   5.4809570e+01
   2.1978210e+06   1.2341309e+02
   2.1978370e+06   3.7292480e+01
   2.1978670e+06   5.4443359e+01
   2.1979000e+06   5.3649902e+01
   2.1979260e+06   5.1757813e+01
   2.1979690e+06   7.1105957e+01
   2.1979980e+06   3.6376953e+01
   2.1980080e+06   3.8757324e+01
   2.1980270e+06   4.3579102e+01
   2.1980650e+06   4.6264648e+01
   2.1980820e+06   4.8034668e+01
   2.1981010e+06   3.4790039e+01
   2.1981260e+06   3.9550781e+01
   2.1981510e+06   4.1809082e+01
   2.1981620e+06   3.9306641e+01
   2.1982120e+06   3.9428711e+01
   2.1982900e+06   4.5104980e+01
   2.1983030e+06   7.4340820e+01
   2.1983320e+06   3.6010742e+01
   2.1983670e+06   3.6071777e+01
   2.1984030e+06   4.4860840e+01
   2.1984170e+06   5.0354004e+01
   2.1984460e+06   4.1625977e+01
   2.1985010e+06   4.4006348e+01
   2.1985370e+06   4.1687012e+01
   2.1986330e+06   3.6804199e+01
   2.1987470e+06   4.5410156e+01
   2.1988500e+06   5.5786133e+01
   2.1988740e+06   3.8208008e+01
   2.1989890e+06   6.5551758e+01
   2.1990030e+06   3.8818359e+01
   2.1991310e+06   4.9926758e+01
   2.1991470e+06   3.8513184e+01
   2.1992040e+06   5.0659180e+01
   2.1993580e+06   4.7180176e+01
   2.1995000e+06   3.4790039e+01
   2.1995240e+06   7.2753906e+01
   2.1996830e+06   4.1625977e+01
   2.1998540e+06   5.1696777e+01
   2.2002550e+06   4.3823242e+01
   2.2235140e+06   3.7231445e+01
   2.2455160e+06   3.6499023e+01
   2.2918970e+06   8.4594727e+01
   2.2919760e+06   5.1269531e+01
   2.2920760e+06   1.0345459e+02
   2.2921890e+06   6.8115234e+01
   2.2922060e+06   6.4819336e+01
   2.2922520e+06   8.9782715e+01
   2.2922930e+06   7.4707031e+01
   2.2923830e+06   3.5339355e+01
   2.2924010e+06   6.2011719e+01
   2.2924320e+06   6.6772461e+01
   2.3024730e+06   3.5095215e+01
   2.3119100e+06   3.5766602e+01
   2.3152670e+06   3.7048340e+01
   2.3287300e+06   3.6621094e+01
   2.3288090e+06   1.0864258e+02
   2.3288480e+06   4.1931152e+01
   2.3288740e+06   6.8847656e+01
   2.3288970e+06   5.0354004e+01
   2.3289370e+06   7.7880859e+01
   2.3289470e+06   4.8400879e+01
   2.3289850e+06   3.8269043e+01
   2.3290710e+06   5.7495117e+01
   2.3291050e+06   5.4748535e+01
   2.3291370e+06   4.1687012e+01
   2.3291660e+06   3.7841797e+01
   2.3292030e+06   4.7851563e+01
   2.3292520e+06   4.0161133e+01
   2.3292670e+06   5.0415039e+01
   2.3293050e+06   7.5561523e+01
   2.3293470e+06   3.5583496e+01
   2.3293590e+06   5.0842285e+01
   2.3295030e+06   5.9265137e+01
   2.3295490e+06   6.2622070e+01
   2.3296370e+06   4.4738770e+01
   2.3297700e+06   3.8513184e+01
   2.3297880e+06   5.0781250e+01
   2.3302210e+06   7.5012207e+01
   2.4042410e+06   3.6376953e+01
   2.4064240e+06   1.1193848e+02
   2.4064450e+06   3.9428711e+01
   2.4064980e+06   7.7392578e+01
   2.4065190e+06   4.2602539e+01
   2.4065490e+06   5.7434082e+01
   2.4065840e+06   8.1726074e+01
   2.4066000e+06   4.7058105e+01
   2.4066730e+06   6.8359375e+01
   2.4066900e+06   3.7292480e+01
   2.4067300e+06   4.4067383e+01
   2.4067720e+06   4.2236328e+01
   2.4067940e+06   4.0954590e+01
   2.4068500e+06   4.6569824e+01
   2.4068780e+06   6.2133789e+01
   2.4068920e+06   3.5644531e+01
   2.4069340e+06   4.4860840e+01
   2.4069510e+06   4.7668457e+01
   2.4070380e+06   3.8513184e+01
   2.4070540e+06   5.7617188e+01
   2.4071020e+06   3.7170410e+01
   2.4071510e+06   5.1574707e+01
   2.4071860e+06   4.4555664e+01
   2.4072070e+06   3.7353516e+01
   2.4073540e+06   3.6010742e+01
   2.4073920e+06   3.8574219e+01
   2.4074360e+06   4.9377441e+01
   2.4075200e+06   6.1096191e+01
   2.4077010e+06   3.9672852e+01
   2.4077370e+06   6.0363770e+01
   2.4078870e+06   6.1645508e+01
   2.4164480e+06   3.9978027e+01
   2.4284890e+06   3.8940430e+01
   2.4636320e+06   3.6682129e+01
   2.4985480e+06   3.4912109e+01
   2.5058630e+06   3.5278320e+01
   2.5201430e+06   3.7536621e+01
   2.5251510e+06   3.6987305e+01
   2.5324730e+06   3.5095215e+01
   2.5524330e+06   3.5095215e+01
   2.5524560e+06   9.7412109e+01
   2.5524870e+06   5.0720215e+01
   2.5525160e+06   9.5764160e+01
   2.5525360e+06   3.6804199e+01
   2.5525620e+06   6.2927246e+01
   2.5526130e+06   4.8828125e+01
   2.5526530e+06   5.9570313e+01
   2.5527230e+06   4.4433594e+01
   2.5527480e+06   5.5480957e+01
   2.5527670e+06   3.5827637e+01
   2.5527910e+06   5.4138184e+01
   2.5528090e+06   3.6071777e+01
   2.5528190e+06   3.5888672e+01
   2.5528500e+06   4.2907715e+01
   2.5528890e+06   5.6030273e+01
   2.5529050e+06   4.1076660e+01
   2.5529230e+06   5.5603027e+01
   2.5529930e+06   3.6682129e+01
   2.5530360e+06   6.7504883e+01
   2.5531280e+06   4.3640137e+01
   2.5532190e+06   3.8024902e+01
   2.5532430e+06   3.8513184e+01
   2.5532590e+06   5.4809570e+01
   2.5533710e+06   4.4982910e+01
   2.5534200e+06   4.1625977e+01
   2.5535110e+06   3.4729004e+01
   2.5535470e+06   5.5053711e+01
   2.5536800e+06   4.5898437e+01
   2.5537060e+06   5.7373047e+01
   2.5538540e+06   5.8166504e+01
   2.5539730e+06   4.8400879e+01
   2.5542220e+06   7.0312500e+01
   2.5548610e+06   4.0832520e+01
   2.5789980e+06   3.5522461e+01
   2.6059590e+06   3.5827637e+01
   2.6151930e+06   3.5217285e+01
   2.6223710e+06   3.4912109e+01
   2.6723350e+06   3.9123535e+01
   2.6945300e+06   4.0039063e+01
   2.6945520e+06   7.9833984e+01
   2.6957240e+06   3.6132813e+01
   2.7295180e+06   3.6071777e+01
   2.7525100e+06   3.5766602e+01
   2.7525630e+06   3.5766602e+01
   2.7526150e+06   1.0351563e+02
   2.7526260e+06   3.7353516e+01
   2.7527350e+06   8.4655762e+01
   2.7527610e+06   8.1054688e+01
   2.7529150e+06   3.5705566e+01
   2.7530250e+06   1.3995361e+02
   2.7650860e+06   1.0595703e+02
   2.7651000e+06   3.5278320e+01
   2.7651340e+06   3.6315918e+01
   2.7651590e+06   8.3435059e+01
   2.7651860e+06   3.5888672e+01
   2.7652160e+06   6.0363770e+01
   2.7652270e+06   3.5522461e+01
   2.7652530e+06   6.9458008e+01
   2.7652670e+06   3.8757324e+01
   2.7652830e+06   3.6926270e+01
   2.7653240e+06   4.9682617e+01
   2.7653980e+06   4.0344238e+01
   2.7654090e+06   5.3344727e+01
   2.7655180e+06   4.9377441e+01
   2.7655340e+06   5.1452637e+01
   2.7655980e+06   7.7270508e+01
   2.7657540e+06   4.7607422e+01
   2.7658920e+06   4.9011230e+01
   2.7660900e+06   7.1655273e+01
   2.7789160e+06   3.6865234e+01
   2.7880610e+06   3.6926270e+01
   2.7907170e+06   3.7048340e+01
   2.8077000e+06   4.0100098e+01
   2.8266340e+06   5.8227539e+01
   2.8269110e+06   4.4433594e+01
   2.8278880e+06   1.0443115e+02
   2.8509050e+06   3.5034180e+01
   2.8516480e+06   1.0339355e+02
   2.8516880e+06   5.2551270e+01
   2.8517330e+06   9.0820313e+01
   2.8517590e+06   4.1870117e+01
   2.8517980e+06   3.5461426e+01
   2.8518280e+06   4.9316406e+01
   2.8518450e+06   7.8063965e+01
   2.8518790e+06   4.6875000e+01
   2.8519630e+06   7.8613281e+01
   2.8521110e+06   8.8134766e+01
   2.8521240e+06   6.0241699e+01
   2.8523580e+06   6.4941406e+01
   2.8524500e+06   4.9865723e+01
   2.8524930e+06   4.3945312e+01
   2.8530020e+06   4.8156738e+01
   2.8647710e+06   4.6875000e+01
   2.8677230e+06   3.6071777e+01
   2.8977090e+06   4.3151855e+01
   2.9158390e+06   5.5114746e+01
   2.9281680e+06   3.6315918e+01
   2.9321410e+06   3.5339355e+01
   2.9522220e+06   1.1621094e+02
   2.9522320e+06   4.7851563e+01
   2.9524190e+06   5.3405762e+01
   2.9527630e+06   4.3823242e+01
   2.9530310e+06   4.5043945e+01
   2.9549240e+06   3.5583496e+01
   2.9553690e+06   4.2419434e+01
   2.9569400e+06   3.5522461e+01
   2.9569870e+06   3.5217285e+01
   2.9570400e+06   8.0200195e+01
   2.9573280e+06   9.5336914e+01
   2.9575890e+06   9.9670410e+01
   2.9577920e+06   9.1003418e+01
   2.9593510e+06   3.5644531e+01
   2.9593860e+06   7.2998047e+01
   2.9698200e+06   4.0771484e+01
   2.9847410e+06   3.5949707e+01
   2.9945090e+06   3.8208008e+01
   2.9958630e+06   3.5461426e+01
   3.0094850e+06   1.0992432e+02
   3.0095190e+06   4.3273926e+01
   3.0095400e+06   8.9904785e+01
   3.0095550e+06   9.7351074e+01
   3.0095980e+06   6.0913086e+01
   3.0096220e+06   4.2785645e+01
   3.0096480e+06   4.0466309e+01
   3.0097070e+06   4.9316406e+01
   3.0097200e+06   4.6081543e+01
   3.0098090e+06   7.7636719e+01
   3.0098240e+06   5.1025391e+01
   3.0099140e+06   4.8339844e+01
   3.0099410e+06   3.4729004e+01
   3.0100080e+06   4.8522949e+01
   3.0100280e+06   5.0537109e+01
   3.0100600e+06   3.5034180e+01
   3.0100980e+06   3.6621094e+01
   3.0101520e+06   5.1086426e+01
   3.0103620e+06   4.4128418e+01
   3.0103760e+06   6.8786621e+01
   3.0105440e+06   6.0302734e+01
   3.0106110e+06   4.4921875e+01
   3.0107520e+06   4.6569824e+01
   3.0112450e+06   7.4462891e+01
   3.0614200e+06   3.6193848e+01
   3.0798600e+06   3.5583496e+01
   3.1006480e+06   3.5583496e+01
   3.1150410e+06   4.0283203e+01
   3.1166530e+06   3.7353516e+01
   3.1281360e+06   8.8623047e+01
   3.1281690e+06   3.6560059e+01
   3.1301630e+06   3.5217285e+01
   3.1358890e+06   3.6560059e+01
   3.1785150e+06   4.0710449e+01
   3.1869180e+06   5.7067871e+01
   3.1869510e+06   9.4604492e+01
   3.1871040e+06   8.5754395e+01
   3.1874440e+06   1.0369873e+02
   3.1874750e+06   5.3649902e+01
   3.1879210e+06   4.4311523e+01
   3.1987000e+06   3.8757324e+01
   3.2021790e+06   3.6132813e+01
   3.2161810e+06   3.6193848e+01
   3.2172800e+06   3.8085938e+01
   3.2227950e+06   9.8876953e+01
   3.2228660e+06   3.6132813e+01
   3.2228950e+06   4.1809082e+01
   3.2229710e+06   4.4616699e+01
   3.2230070e+06   5.6213379e+01
   3.2230420e+06   6.5917969e+01
   3.2230680e+06   8.1970215e+01
   3.2231630e+06   6.6284180e+01
   3.2231730e+06   7.2204590e+01
   3.2232130e+06   3.5217285e+01
   3.2232320e+06   5.1696777e+01
   3.2232650e+06   5.3161621e+01
   3.2233320e+06   4.2114258e+01
   3.2233530e+06   3.9916992e+01
   3.2234650e+06   4.9804688e+01
   3.2235650e+06   4.9682617e+01
   3.2238300e+06   4.6447754e+01
   3.2240520e+06   6.4331055e+01
   3.2396330e+06   4.0710449e+01
   3.2402050e+06   3.8391113e+01
   3.2402350e+06   3.8696289e+01
   3.2402490e+06   1.0278320e+02
   3.2402690e+06   3.7719727e+01
   3.2403020e+06   4.0405273e+01
   3.2403440e+06   4.6936035e+01
   3.2403670e+06   7.2753906e+01
   3.2403850e+06   3.4851074e+01
   3.2403990e+06   4.2114258e+01
   3.2404450e+06   4.4372559e+01
   3.2404700e+06   4.1076660e+01
   3.2404850e+06   5.6091309e+01
   3.2405120e+06   3.7963867e+01
   3.2405590e+06   4.0161133e+01
   3.2405910e+06   4.7424316e+01
   3.2406130e+06   3.6926270e+01
   3.2406530e+06   3.4912109e+01
   3.2406940e+06   3.6865234e+01
   3.2407320e+06   4.9682617e+01
   3.2407580e+06   5.3527832e+01
   3.2407780e+06   3.6071777e+01
   3.2407980e+06   3.5339355e+01
   3.2408940e+06   8.3435059e+01
   3.2411270e+06   3.7841797e+01
   3.2411390e+06   5.1574707e+01
   3.2412510e+06   3.5583496e+01
   3.2412930e+06   7.2387695e+01
   3.2414820e+06   7.5317383e+01
   3.2735340e+06   3.6132813e+01
   3.2735960e+06   3.5644531e+01
   3.2787440e+06   3.5766602e+01
   3.3040340e+06   3.5522461e+01
   3.3069730e+06   3.8635254e+01
   3.3264800e+06   3.5278320e+01
   3.3308500e+06   3.5705566e+01
   3.3377010e+06   3.5827637e+01
   3.3431710e+06   3.4912109e+01
   3.3447730e+06   9.7900391e+01
   3.3448080e+06   3.8513184e+01
   3.3448340e+06   7.8552246e+01
   3.3448830e+06   9.1186523e+01
   3.3449320e+06   4.4189453e+01
   3.3449450e+06   8.1665039e+01
   3.3449690e+06   3.5522461e+01
   3.3450140e+06   5.3344727e+01
   3.3450480e+06   4.4128418e+01
   3.3450590e+06   1.2805176e+02
   3.3450740e+06   4.1198730e+01
   3.3451720e+06   1.0540771e+02
   3.3452080e+06   3.4545898e+01
   3.3453100e+06   7.1289063e+01
   3.3453420e+06   3.4790039e+01
   3.3453570e+06   7.4584961e+01
   3.3454020e+06   3.4729004e+01
   3.3454300e+06   3.7597656e+01
   3.3455940e+06   5.0842285e+01
   3.3457030e+06   4.7241211e+01
   3.3457920e+06   6.1096191e+01
   3.3462990e+06   4.4006348e+01
   3.3463150e+06   5.8532715e+01
   3.3810890e+06   3.4851074e+01
   3.3933760e+06   4.0466309e+01
   3.3942210e+06   1.0107422e+02
   3.3943250e+06   4.8828125e+01
   3.3944600e+06   9.2041016e+01
   3.3973260e+06   3.9306641e+01
   3.3977520e+06   3.7841797e+01
   3.4037150e+06   4.4860840e+01
   3.4037670e+06   7.6110840e+01
   3.4190920e+06   1.1090088e+02
   3.4192200e+06   4.4189453e+01
   3.4192690e+06   9.6740723e+01
   3.4193790e+06   3.9794922e+01
   3.4195030e+06   6.5124512e+01
   3.4196590e+06   7.9528809e+01
   3.4198340e+06   4.1381836e+01
   3.4198970e+06   6.5795898e+01
   3.4201960e+06   8.5327148e+01
   3.4203840e+06   4.6325684e+01
   3.4285300e+06   3.6743164e+01
   3.4321710e+06   3.6926270e+01
   3.4321970e+06   1.0455322e+02
   3.4322430e+06   5.6274414e+01
   3.4322560e+06   8.7463379e+01
   3.4322860e+06   4.4677734e+01
   3.4323090e+06   3.5461426e+01
   3.4323330e+06   5.0842285e+01
   3.4323570e+06   5.1269531e+01
   3.4323800e+06   4.1564941e+01
   3.4324000e+06   4.0466309e+01
   3.4324490e+06   5.5847168e+01
   3.4324690e+06   3.5644531e+01
   3.4325080e+06   3.7353516e+01
   3.4325550e+06   5.9020996e+01
   3.4325840e+06   3.7170410e+01
   3.4326370e+06   5.5236816e+01
   3.4326480e+06   4.6264648e+01
   3.4327050e+06   3.9855957e+01
   3.4327760e+06   3.9062500e+01
   3.4328060e+06   4.2968750e+01
   3.4329330e+06   5.4504395e+01
   3.4330580e+06   3.7902832e+01
   3.4330750e+06   6.5063477e+01
   3.4332310e+06   4.7302246e+01
   3.4335100e+06   6.3415527e+01
   3.4577840e+06   9.5581055e+01
   3.4578590e+06   4.6813965e+01
   3.4579040e+06   8.4533691e+01
   3.4579470e+06   4.6142578e+01
   3.4580360e+06   3.6010742e+01
   3.4580600e+06   3.4790039e+01
   3.4580790e+06   6.1096191e+01
   3.4580940e+06   7.4768066e+01
   3.4581890e+06   3.5339355e+01
   3.4582160e+06   6.7565918e+01
   3.4582340e+06   4.5654297e+01
   3.4582610e+06   5.0354004e+01
   3.4583090e+06   4.0954590e+01
   3.4583450e+06   3.6621094e+01
   3.4583920e+06   3.6743164e+01
   3.4584360e+06   5.6884766e+01
   3.4585190e+06   3.5705566e+01
   3.4585690e+06   3.4606934e+01
   3.4587200e+06   5.6152344e+01
   3.4589710e+06   6.3415527e+01
   3.4593290e+06   6.2988281e+01
   3.4948770e+06   3.7292480e+01
   3.4963370e+06   3.5888672e+01
   3.5205590e+06   3.5583496e+01
   3.5465410e+06   3.9123535e+01
   3.5466140e+06   1.0675049e+02
   3.5474890e+06   8.9538574e+01
   3.5764340e+06   3.5095215e+01
   3.5862210e+06   9.4787598e+01
   3.5862730e+06   4.6081543e+01
   3.5862900e+06   1.5002441e+02
   3.5863010e+06   4.2053223e+01
   3.5863380e+06   6.1889648e+01
   3.5863670e+06   7.0922852e+01
   3.5863830e+06   4.8095703e+01
   3.5864420e+06   4.7485352e+01
   3.5864520e+06   6.0913086e+01
   3.5865010e+06   4.2785645e+01
   3.5865210e+06   5.7495117e+01
   3.5865350e+06   4.2846680e+01
   3.5865810e+06   5.5053711e+01
   3.5866610e+06   4.1381836e+01
   3.5866820e+06   4.8583984e+01
   3.5867110e+06   3.7231445e+01
   3.5867280e+06   5.8166504e+01
   3.5867600e+06   4.5227051e+01
   3.5867740e+06   3.4729004e+01
   3.5868430e+06   4.3701172e+01
   3.5868640e+06   4.9682617e+01
   3.5869370e+06   3.7780762e+01
   3.5869570e+06   4.7546387e+01
   3.5871430e+06   3.6804199e+01
   3.5872480e+06   3.4729004e+01
   3.5873350e+06   3.7170410e+01
   3.5874300e+06   3.4729004e+01
   3.5874430e+06   3.5766602e+01
   3.5876610e+06   3.8635254e+01
   3.5877740e+06   4.4494629e+01
   3.5878840e+06   3.8696289e+01
   3.5879780e+06   3.8208008e+01
   3.5880640e+06   3.4606934e+01
   3.5880880e+06   3.5278320e+01
   3.5884270e+06   5.8837891e+01
   3.5885960e+06   3.4667969e+01
   3.5887000e+06   3.5644531e+01
   3.5887150e+06   3.9733887e+01
   3.5888130e+06   4.5959473e+01
   3.5888270e+06   4.8400879e+01
   3.5890950e+06   4.4799805e+01
   3.5892270e+06   3.6804199e+01
   3.5894950e+06   3.5644531e+01
   3.5896050e+06   3.8024902e+01
   3.5897620e+06   3.5827637e+01
   3.5900180e+06   4.4677734e+01
   3.5904840e+06   3.4912109e+01
   3.5927890e+06   3.6499023e+01
   3.5971650e+06   3.7414551e+01
   3.5988540e+06   3.8818359e+01
   3.6874560e+06   3.5888672e+01
   3.6975510e+06   3.4729004e+01
   3.7035120e+06   3.9428711e+01
   3.7061580e+06   3.4729004e+01
   3.7091110e+06   3.9489746e+01
   3.7151130e+06   3.7109375e+01
   3.7246930e+06   3.5034180e+01
   3.7310270e+06   3.4667969e+01
   3.7350810e+06   3.6254883e+01
   3.7414810e+06   3.5705566e+01
   3.7670270e+06   3.5156250e+01
   3.7690010e+06   3.5583496e+01
   3.7792750e+06   3.5034180e+01
   3.8108810e+06   7.8430176e+01
   3.8109040e+06   8.3374023e+01
   3.8109270e+06   3.4667969e+01
   3.8109490e+06   6.2316895e+01
   3.8109590e+06   5.2734375e+01
   3.8110120e+06   4.6386719e+01
   3.8110370e+06   3.7048340e+01
   3.8110500e+06   4.1076660e+01
   3.8110610e+06   3.5583496e+01
   3.8110790e+06   4.7180176e+01
   3.8111050e+06   5.0781250e+01
   3.8111400e+06   7.3242188e+01
   3.8111660e+06   3.7902832e+01
   3.8112290e+06   5.0720215e+01
   3.8112840e+06   5.0720215e+01
   3.8112970e+06   5.1513672e+01
   3.8114080e+06   4.0893555e+01
   3.8114400e+06   3.4790039e+01
   3.8114800e+06   3.6987305e+01
   3.8115020e+06   3.7475586e+01
   3.8115210e+06   4.5898438e+01
   3.8117550e+06   3.8696289e+01
   3.8117690e+06   3.7658691e+01
   3.8118640e+06   3.9062500e+01
   3.8119270e+06   3.7414551e+01
   3.8119950e+06   3.6987305e+01
   3.8121050e+06   4.0954590e+01
   3.8121210e+06   3.8940430e+01
   3.8123190e+06   3.9489746e+01
   3.8124690e+06   3.6499023e+01
   3.8127330e+06   3.8269043e+01
   3.8127580e+06   6.1462402e+01
   3.8128800e+06   3.6376953e+01
   3.8130010e+06   3.5034180e+01
   3.8131110e+06   3.6743164e+01
   3.8135060e+06   4.0161133e+01
   3.8136730e+06   3.8574219e+01
   3.8137000e+06   4.0405273e+01
   3.8138860e+06   3.6560059e+01
   3.8140870e+06   3.7719727e+01
   3.8141040e+06   3.4790039e+01
   3.8143790e+06   4.5776367e+01
   3.8865130e+06   3.4912109e+01
   3.9070330e+06   3.6560059e+01
   3.9088100e+06   3.4606934e+01
   3.9281680e+06   4.3457031e+01
   3.9382620e+06   3.6071777e+01
   3.9411950e+06   3.6132813e+01
   3.9733980e+06   3.6193848e+01
   3.9820640e+06   3.4729004e+01
   3.9828630e+06   3.8574219e+01
   3.9993800e+06   3.6254883e+01
   3.9997450e+06   3.6010742e+01
   4.0129390e+06   3.5583496e+01
   4.0129600e+06   8.1787109e+01
   4.0129940e+06   3.6682129e+01
   4.0130770e+06   3.5156250e+01
   4.0199690e+06   8.4411621e+01
   4.0282150e+06   3.6376953e+01
   4.0418010e+06   3.5644531e+01
   4.0452500e+06   3.6010742e+01
   4.0631460e+06   3.6499023e+01
   4.0677730e+06   5.9204102e+01
   4.0681060e+06   4.2358398e+01
   4.0688870e+06   3.4729004e+01
   4.0698440e+06   3.4912109e+01
   4.0795400e+06   1.0205078e+02
   4.0795740e+06   5.4260254e+01
   4.0796000e+06   4.6142578e+01
   4.0796190e+06   9.3566895e+01
   4.0796550e+06   4.4250488e+01
   4.0796900e+06   8.8439941e+01
   4.0797700e+06   7.0800781e+01
   4.0797890e+06   3.6437988e+01
   4.0798050e+06   6.8725586e+01
   4.0798280e+06   3.4973145e+01
   4.0798550e+06   5.8959961e+01
   4.0798760e+06   3.6132813e+01
   4.0799650e+06   4.0222168e+01
   4.0800070e+06   5.0476074e+01
   4.0800310e+06   3.8818359e+01
   4.0801040e+06   5.2185059e+01
   4.0802040e+06   4.3884277e+01
   4.0802190e+06   5.1391602e+01
   4.0802760e+06   3.7231445e+01
   4.0803450e+06   3.5705566e+01
   4.0803690e+06   6.0180664e+01
   4.0804950e+06   4.3395996e+01
   4.0806350e+06   5.4443359e+01
   4.0806750e+06   5.5419922e+01
   4.0808850e+06   3.9855957e+01
   4.0973980e+06   3.7841797e+01
   4.1362470e+06   3.7353516e+01
   4.1463470e+06   3.5949707e+01
   4.1586420e+06   3.6621094e+01
   4.1676890e+06   4.3457031e+01
   4.1677460e+06   1.0162354e+02
   4.1677790e+06   6.5673828e+01
   4.1678410e+06   8.7951660e+01
   4.1678780e+06   6.9580078e+01
   4.1683310e+06   7.6232910e+01
   4.1683410e+06   8.7524414e+01
   4.1686520e+06   3.5217285e+01
   4.1689960e+06   8.7585449e+01
   4.1690200e+06   3.7658691e+01
   4.2004680e+06   3.4545898e+01
   4.2005960e+06   3.8208008e+01
   4.2006710e+06   3.5827637e+01
   4.2235920e+06   3.4851074e+01
   4.2273230e+06   3.5766602e+01
   4.2296670e+06   1.0205078e+02
   4.2297530e+06   4.3579102e+01
   4.2337550e+06   8.5266113e+01
   4.2337730e+06   3.6682129e+01
   4.2337950e+06   4.3212891e+01
   4.2338200e+06   1.0815430e+02
   4.2338580e+06   3.7902832e+01
   4.2339010e+06   6.1462402e+01
   4.2339330e+06   3.4606934e+01
   4.2339630e+06   3.5888672e+01
   4.2339810e+06   4.7607422e+01
   4.2340080e+06   5.3710938e+01
   4.2340220e+06   3.6437988e+01
   4.2340690e+06   4.3945313e+01
   4.2340860e+06   4.8156738e+01
   4.2341030e+06   3.4851074e+01
   4.2341830e+06   3.9123535e+01
   4.2342420e+06   4.7241211e+01
   4.2342760e+06   3.9489746e+01
   4.2343470e+06   4.7851563e+01
   4.2344030e+06   4.6203613e+01
   4.2344130e+06   5.4443359e+01
   4.2345120e+06   4.2480469e+01
   4.2346790e+06   5.9020996e+01
   4.2347610e+06   3.8513184e+01
   4.2349000e+06   4.0588379e+01
   4.2349820e+06   7.5927734e+01
   4.2551630e+06   9.7473145e+01
   4.2552360e+06   5.5603027e+01
   4.2553910e+06   4.5715332e+01
   4.2557530e+06   3.4851074e+01
   4.2560750e+06   8.4716797e+01
   4.2562380e+06   5.0659180e+01
   4.2563370e+06   7.5256348e+01
   4.2566130e+06   7.6538086e+01
   4.2569750e+06   4.6447754e+01
   4.2573080e+06   8.3984375e+01
   4.2581710e+06   3.4545898e+01
   4.2588540e+06   3.5217285e+01
   4.2693430e+06   3.7902832e+01
   4.2760370e+06   3.8818359e+01
   4.2874820e+06   3.5034180e+01
   4.2962700e+06   4.1320801e+01
   4.2963580e+06   8.8623047e+01
   4.2964270e+06   5.9082031e+01
   4.2964370e+06   6.1523438e+01
   4.2964810e+06   5.0964355e+01
   4.2965710e+06   5.2673340e+01
   4.2966080e+06   9.8693848e+01
   4.2966880e+06   4.4677734e+01
   4.2968400e+06   9.7412109e+01
   4.2970440e+06   6.0546875e+01
   4.2971360e+06   3.6804199e+01
   4.2975240e+06   8.8256836e+01
   4.2979780e+06   7.2326660e+01
   4.3102020e+06   3.5461426e+01
   4.3333560e+06   4.6203613e+01
   4.3335050e+06   1.0021973e+02
   4.3335450e+06   4.2114258e+01
   4.3441600e+06   4.2785645e+01
   4.3442040e+06   3.7109375e+01
   4.3442220e+06   3.9245605e+01
   4.3442610e+06   9.6130371e+01
   4.3443030e+06   6.4941406e+01
   4.3444840e+06   8.0993652e+01
   4.3446420e+06   3.6804199e+01
   4.3448590e+06   3.6621094e+01
   4.3448840e+06   4.0222168e+01
   4.3449170e+06   3.5888672e+01
   4.3450140e+06   9.6679688e+01
   4.3722160e+06   3.7048340e+01
   4.3723300e+06   1.0870361e+02
   4.3723420e+06   6.6772461e+01
   4.3723850e+06   3.7780762e+01
   4.3724550e+06   9.2102051e+01
   4.3725740e+06   4.0100098e+01
   4.3726530e+06   7.5866699e+01
   4.3727300e+06   4.6630859e+01
   4.3731630e+06   8.3618164e+01
   4.3735700e+06   4.3762207e+01
   4.3911590e+06   3.6987305e+01
   4.4068210e+06   1.0321045e+02
   4.4068320e+06   4.6264648e+01
   4.4068710e+06   8.2763672e+01
   4.4068870e+06   6.8786621e+01
   4.4069140e+06   5.2246094e+01
   4.4069540e+06   5.4016113e+01
   4.4069860e+06   3.6376953e+01
   4.4070000e+06   3.7597656e+01
   4.4070360e+06   6.3842773e+01
   4.4070510e+06   4.1503906e+01
   4.4070790e+06   3.7719727e+01
   4.4071080e+06   5.6274414e+01
   4.4071420e+06   4.4616699e+01
   4.4071810e+06   3.5888672e+01
   4.4071970e+06   4.6569824e+01
   4.4072090e+06   4.8950195e+01
   4.4072580e+06   4.0954590e+01
   4.4073140e+06   3.8146973e+01
   4.4073240e+06   5.2307129e+01
   4.4073710e+06   3.8940430e+01
   4.4074190e+06   3.6560059e+01
   4.4074310e+06   3.9123535e+01
   4.4075070e+06   3.4667969e+01
   4.4075430e+06   4.5471191e+01
   4.4077070e+06   3.6193848e+01
   4.4077380e+06   3.5583496e+01
   4.4077530e+06   4.8522949e+01
   4.4077660e+06   3.5339355e+01
   4.4078420e+06   3.4973145e+01
   4.4078650e+06   3.5156250e+01
   4.4079380e+06   3.6193848e+01
   4.4079560e+06   3.5034180e+01
   4.4080240e+06   3.7658691e+01
   4.4081370e+06   3.6193848e+01
   4.4082550e+06   3.4667969e+01
   4.4083090e+06   4.1137695e+01
   4.4084090e+06   3.8024902e+01
   4.4084460e+06   3.7658691e+01
   4.4085020e+06   3.6193848e+01
   4.4085400e+06   3.6682129e+01
   4.4086600e+06   4.1870117e+01
   4.4088530e+06   4.9011230e+01
   4.4088820e+06   3.5888672e+01
   4.4089160e+06   3.6315918e+01
   4.4089970e+06   3.4729004e+01
   4.4090410e+06   3.8024902e+01
   4.4090780e+06   5.2673340e+01
   4.4096370e+06   3.5827637e+01
   4.4100120e+06   4.2175293e+01
   4.4103460e+06   3.9794922e+01
   4.4112890e+06   4.9377441e+01
   4.4155790e+06   3.4790039e+01
   4.5571000e+06   3.4851074e+01
   4.5618190e+06   3.7841797e+01
   4.5618450e+06   7.4218750e+01
   4.5619330e+06   7.6782227e+01
   4.5623770e+06   7.8430176e+01
   4.5623890e+06   3.5034180e+01
   4.5624280e+06   3.5888672e+01
   4.5987300e+06   3.7292480e+01
   4.6356920e+06   4.5776367e+01
   4.6358990e+06   9.2163086e+01
   4.6360910e+06   4.0161133e+01
   4.6436170e+06   3.9367676e+01
   4.6799950e+06   5.2978516e+01
   4.6800060e+06   1.0687256e+02
   4.6801000e+06   8.7036133e+01
   4.6802640e+06   4.8950195e+01
   4.6805160e+06   3.9916992e+01
   4.6834670e+06   4.3823242e+01
   4.6834880e+06   8.1359863e+01
   4.6928990e+06   3.5034180e+01
   4.6929460e+06   7.7819824e+01
   4.6929660e+06   1.0205078e+02
   4.6930110e+06   4.4067383e+01
   4.6930230e+06   6.1706543e+01
   4.6966050e+06   3.5705566e+01
   4.6968670e+06   9.1308594e+01
   4.6969080e+06   3.7719727e+01
   4.6969500e+06   7.8674316e+01
   4.6969630e+06   5.7739258e+01
   4.6969800e+06   4.0283203e+01
   4.6970050e+06   4.2175293e+01
   4.6970530e+06   7.9589844e+01
   4.6970780e+06   3.6621094e+01
   4.6971060e+06   4.0405273e+01
   4.6971350e+06   3.4606934e+01
   4.6971540e+06   4.6447754e+01
   4.6971710e+06   3.4973145e+01
   4.6972080e+06   3.9733887e+01
   4.6972440e+06   4.3884277e+01
   4.6972640e+06   4.4494629e+01
   4.6972900e+06   4.4372559e+01
   4.6973070e+06   3.8940430e+01
   4.6973580e+06   3.9123535e+01
   4.6973770e+06   3.5400391e+01
   4.6973950e+06   4.1931152e+01
   4.6975060e+06   4.0466309e+01
   4.6975850e+06   3.5278320e+01
   4.6979490e+06   4.4799805e+01
   4.7236480e+06   5.1574707e+01
   4.7349690e+06   3.5217285e+01
   4.7544290e+06   3.5766602e+01
   4.7545060e+06   1.0516357e+02
   4.7545640e+06   4.1687012e+01
   4.7545780e+06   9.6191406e+01
   4.7546180e+06   3.6132813e+01
   4.7547810e+06   4.5104980e+01
   4.7549820e+06   8.5571289e+01
   4.7553390e+06   3.7475586e+01
   4.7560070e+06   3.8513184e+01
   4.7667870e+06   3.5461426e+01
   4.7700370e+06   1.0632324e+02
   4.7700700e+06   4.3395996e+01
   4.7701740e+06   3.5217285e+01
   4.7703450e+06   4.3518066e+01
   4.7705710e+06   4.6142578e+01
   4.7706370e+06   9.8327637e+01
   4.7708780e+06   4.1992188e+01
   4.7717640e+06   4.4555664e+01
   4.7876930e+06   3.4729004e+01
   4.7879700e+06   3.6376953e+01
   4.7950610e+06   3.5888672e+01
   4.7951370e+06   4.1442871e+01
   4.7951560e+06   9.7351074e+01
   4.7952010e+06   6.0791016e+01
   4.7952800e+06   4.3090820e+01
   4.7952960e+06   8.9965820e+01
   4.7953920e+06   3.7597656e+01
   4.7954720e+06   7.8918457e+01
   4.7954890e+06   4.0100098e+01
   4.7957150e+06   7.1655273e+01
   4.7957650e+06   5.0659180e+01
   4.7959760e+06   3.5705566e+01
   4.7959880e+06   3.6865234e+01
   4.7966950e+06   4.0405273e+01
   4.8149370e+06   3.8146973e+01
   4.8152390e+06   8.0871582e+01
   4.8157990e+06   9.2956543e+01
   4.8314550e+06   3.4973145e+01
   4.8479050e+06   1.2158203e+02
   4.8569280e+06   4.2480469e+01
   4.8745980e+06   5.7373047e+01
   4.8746940e+06   4.4738770e+01
   4.8748020e+06   9.4055176e+01
   4.8750020e+06   3.6499023e+01
   4.8760500e+06   8.8989258e+01
   4.8941520e+06   3.6804199e+01
   4.8963070e+06   3.4851074e+01
   4.8964650e+06   3.4667969e+01
   4.8965030e+06   1.0626221e+02
   4.8965160e+06   4.5959473e+01
   4.8967000e+06   3.6315918e+01
   4.8967620e+06   3.8024902e+01
   4.8968670e+06   8.5632324e+01
   4.8971980e+06   4.7668457e+01
   4.9005750e+06   4.1442871e+01
   4.9006140e+06   4.1687012e+01
   4.9006400e+06   4.0588379e+01
   4.9009170e+06   3.8330078e+01
   4.9009380e+06   8.1359863e+01
   4.9009570e+06   8.9782715e+01
   4.9060910e+06   3.5095215e+01
   4.9105030e+06   3.4545898e+01
   4.9771030e+06   8.9172363e+01
   4.9771160e+06   4.4494629e+01
   4.9771690e+06   8.0505371e+01
   4.9771880e+06   3.8269043e+01
   4.9772140e+06   4.9316406e+01
   4.9772420e+06   7.2387695e+01
   4.9772730e+06   4.8400879e+01
   4.9772920e+06   3.6193848e+01
   4.9773030e+06   4.7729492e+01
   4.9773320e+06   3.7719727e+01
   4.9773450e+06   5.2856445e+01
   4.9773600e+06   7.9833984e+01
   4.9774210e+06   4.2236328e+01
   4.9774510e+06   6.1096191e+01
   4.9774660e+06   3.5949707e+01
   4.9774930e+06   6.0668945e+01
   4.9775510e+06   3.9916992e+01
   4.9776380e+06   3.5400391e+01
   4.9776810e+06   3.6682129e+01
   4.9777120e+06   5.5725098e+01
   4.9778300e+06   4.8278809e+01
   4.9778450e+06   3.8208008e+01
   4.9779530e+06   7.2204590e+01
   4.9779820e+06   3.4729004e+01
   4.9780680e+06   3.6743164e+01
   4.9781110e+06   4.8400879e+01
   4.9781630e+06   4.0832520e+01
   4.9781970e+06   4.6997070e+01
   4.9782870e+06   5.0048828e+01
   4.9783740e+06   4.3823242e+01
   4.9784550e+06   5.0598145e+01
   4.9786600e+06   6.0974121e+01
   4.9795400e+06   3.4912109e+01
   4.9920150e+06   3.6499023e+01
   5.0071860e+06   3.4851074e+01
   5.0094930e+06   3.6926270e+01
   5.0187510e+06   3.7048340e+01
   5.0436420e+06   3.5156250e+01
   5.0625490e+06   3.7719727e+01
   5.0637450e+06   3.6193848e+01
   5.0702410e+06   3.9001465e+01
   5.0838090e+06   3.6193848e+01
   5.1299600e+06   1.0406494e+02
   5.1299890e+06   1.1828613e+02
   5.1300170e+06   6.4941406e+01
   5.1300320e+06   4.9987793e+01
   5.1300500e+06   3.5461426e+01
   5.1300670e+06   4.1748047e+01
   5.1300880e+06   4.2480469e+01
   5.1301250e+06   3.9550781e+01
   5.1301600e+06   3.9611816e+01
   5.1301800e+06   4.8461914e+01
   5.1301910e+06   4.5593262e+01
   5.1302140e+06   4.6325684e+01
   5.1302460e+06   4.7607422e+01
   5.1302640e+06   5.1269531e+01
   5.1302780e+06   5.8593750e+01
   5.1302970e+06   3.7658691e+01
   5.1303290e+06   5.0048828e+01
   5.1303400e+06   4.1198730e+01
   5.1303510e+06   3.7719727e+01
   5.1304370e+06   4.4555664e+01
   5.1305280e+06   3.9733887e+01
   5.1306510e+06   4.1381836e+01
   5.1306920e+06   3.4545898e+01
   5.1307110e+06   4.3945313e+01
   5.1307420e+06   3.5644531e+01
   5.1308010e+06   4.4982910e+01
   5.1309020e+06   3.6865234e+01
   5.1310070e+06   3.9123535e+01
   5.1310520e+06   3.6926270e+01
   5.1311050e+06   5.0415039e+01
   5.1312920e+06   4.2419434e+01
   5.1313150e+06   3.9001465e+01
   5.1314290e+06   4.1870117e+01
   5.1315510e+06   4.2663574e+01
   5.1316910e+06   3.4790039e+01
   5.1319970e+06   5.7739258e+01
   5.1320950e+06   3.7353516e+01
   5.1324310e+06   3.5827637e+01
   5.1325510e+06   4.8217773e+01
   5.1327230e+06   3.5522461e+01
   5.1328210e+06   3.7475586e+01
   5.1328470e+06   4.0344238e+01
   5.1329820e+06   3.8269043e+01
   5.1332290e+06   4.0893555e+01
   5.1334670e+06   5.0109863e+01
   5.1427440e+06   3.6499023e+01
   5.1431870e+06   3.6499023e+01
   5.1488970e+06   3.4667969e+01
   5.2230970e+06   3.4606934e+01
   5.2413690e+06   3.4606934e+01
   5.2435430e+06   7.5561523e+01
   5.2443030e+06   3.5156250e+01
   5.2445140e+06   6.7565918e+01
   5.2613910e+06   3.5705566e+01
   5.2677310e+06   4.5349121e+01
   5.3404460e+06   3.5705566e+01
   5.3740580e+06   3.7414551e+01
   5.3741130e+06   8.4411621e+01
   5.3741450e+06   1.1022949e+02
   5.3741970e+06   6.4575195e+01
   5.3900880e+06   1.1236572e+02
   5.3901140e+06   3.8208008e+01
   5.3901310e+06   7.3730469e+01
   5.3901510e+06   8.0566406e+01
   5.3901760e+06   5.2612305e+01
   5.3901920e+06   4.3151855e+01
   5.3902300e+06   3.8574219e+01
   5.3902500e+06   5.5541992e+01
   5.3902970e+06   4.2724609e+01
   5.3903140e+06   5.0048828e+01
   5.3903330e+06   5.7983398e+01
   5.3903460e+06   3.8818359e+01
   5.3903900e+06   3.8146973e+01
   5.3904180e+06   5.1208496e+01
   5.3904590e+06   5.7250977e+01
   5.3904880e+06   3.9428711e+01
   5.3905100e+06   3.6560059e+01
   5.3906370e+06   3.7841797e+01
   5.3906480e+06   4.6203613e+01
   5.3907250e+06   3.8879395e+01
   5.3908360e+06   4.8767090e+01
   5.3909270e+06   4.0771484e+01
   5.3909380e+06   4.4677734e+01
   5.3910320e+06   3.9123535e+01
   5.3912880e+06   4.2358398e+01
   5.3913090e+06   4.6997070e+01
   5.3915060e+06   5.5053711e+01
   5.3915270e+06   3.5766602e+01
   5.3916570e+06   4.5898438e+01
   5.3917960e+06   3.8391113e+01
   5.3918200e+06   4.2053223e+01
   5.3919380e+06   3.6315918e+01
   5.3921040e+06   3.6865234e+01
   5.3922320e+06   4.6203613e+01
   5.3924320e+06   4.2846680e+01
   5.3927740e+06   4.6386719e+01
   5.3932000e+06   3.6376953e+01
   5.4492550e+06   3.5400391e+01
   5.4597050e+06   3.6193848e+01
   5.4793070e+06   4.2663574e+01
   5.4798140e+06   3.5156250e+01
   5.4949990e+06   3.5766602e+01
   5.5011220e+06   3.6071777e+01
   5.5210920e+06   3.6926270e+01
   5.5415870e+06   3.7414551e+01
   5.5776140e+06   3.8330078e+01
   5.5863470e+06   3.6560059e+01
   5.5936130e+06   3.5705566e+01
   5.5995930e+06   3.6010742e+01
   5.6044450e+06   3.4851074e+01
   5.6121340e+06   5.5419922e+01
   5.6558730e+06   4.6325684e+01
   5.6560010e+06   9.2163086e+01
   5.6562190e+06   4.4921875e+01
   5.6566030e+06   3.5949707e+01
   5.6568080e+06   9.2041016e+01
   5.6574340e+06   3.7902832e+01
   5.6586080e+06   3.5156250e+01
   5.6825130e+06   9.6496582e+01
   5.6825320e+06   3.4545898e+01
   5.6825680e+06   3.4729004e+01
   5.6826280e+06   9.5458984e+01
   5.6826520e+06   3.5461426e+01
   5.6827640e+06   6.8725586e+01
   5.6941610e+06   4.8339844e+01
   5.7249490e+06   3.7231445e+01
   5.7252080e+06   9.7167969e+01
   5.7252520e+06   4.4372559e+01
   5.7255600e+06   8.7402344e+01
   5.7258010e+06   4.0039063e+01
   5.7262060e+06   8.2519531e+01
   5.7262750e+06   4.4433594e+01
   5.7523400e+06   8.9355469e+01
   5.7523810e+06   4.4311523e+01
   5.7523990e+06   4.9133301e+01
   5.7524370e+06   1.1724854e+02
   5.7524950e+06   4.1137695e+01
   5.7525870e+06   3.5949707e+01
   5.7527510e+06   3.5217285e+01
   5.7529000e+06   4.8095703e+01
   5.7531630e+06   3.5156250e+01
   5.7539760e+06   4.4433594e+01
   5.7655620e+06   3.6743164e+01
   5.7701260e+06   3.5339355e+01
   5.8015290e+06   5.4016113e+01
   5.8016000e+06   7.6721191e+01
   5.8016210e+06   1.1413574e+02
   5.8017150e+06   9.0026855e+01
   5.8017880e+06   7.3547363e+01
   5.8019240e+06   4.2419434e+01
   5.8021950e+06   8.6975098e+01
   5.8022060e+06   4.5776367e+01
   5.8025870e+06   4.6936035e+01
   5.8186240e+06   3.5461426e+01
   5.8293880e+06   1.0021973e+02
   5.8294440e+06   4.9194336e+01
   5.8294560e+06   9.0148926e+01
   5.8294940e+06   3.6865234e+01
   5.8295060e+06   7.6599121e+01
   5.8295410e+06   7.3486328e+01
   5.8295600e+06   3.6132813e+01
   5.8295760e+06   3.7841797e+01
   5.8295910e+06   3.6499023e+01
   5.8296160e+06   6.3537598e+01
   5.8296260e+06   6.1767578e+01
   5.8297070e+06   8.1237793e+01
   5.8297300e+06   3.6560059e+01
   5.8298050e+06   6.1889648e+01
   5.8298260e+06   4.2968750e+01
   5.8299330e+06   4.7180176e+01
   5.8299480e+06   4.3457031e+01
   5.8300750e+06   6.3049316e+01
   5.8301590e+06   3.4606934e+01
   5.8302110e+06   6.9519043e+01
   5.8302280e+06   3.6193848e+01
   5.8304220e+06   5.1452637e+01
   5.8304570e+06   3.9428711e+01
   5.8305030e+06   4.6142578e+01
   5.8306020e+06   4.7912598e+01
   5.8307660e+06   3.9001465e+01
   5.8313070e+06   4.8583984e+01
   5.8744700e+06   3.9672852e+01
   5.9172800e+06   3.8879395e+01
   5.9228100e+06   3.6132813e+01
   5.9289090e+06   7.4096680e+01
   5.9289680e+06   3.4912109e+01
   5.9294280e+06   4.2236328e+01
   5.9304730e+06   9.8632813e+01
   5.9304970e+06   3.9428711e+01
   5.9305170e+06   3.5400391e+01
   5.9305520e+06   8.5571289e+01
   5.9305630e+06   7.2570801e+01
   5.9305950e+06   4.1381836e+01
   5.9306350e+06   5.4565430e+01
   5.9306480e+06   3.7841797e+01
   5.9307210e+06   4.7180176e+01
   5.9307840e+06   4.7241211e+01
   5.9308000e+06   4.3151855e+01
   5.9308960e+06   4.3884277e+01
   5.9309210e+06   7.8308105e+01
   5.9309790e+06   3.6804199e+01
   5.9310190e+06   4.7790527e+01
   5.9310650e+06   6.1767578e+01
   5.9583220e+06   1.0156250e+02
   5.9583350e+06   3.7170410e+01
   5.9583550e+06   7.9833984e+01
   5.9583650e+06   4.5959473e+01
   5.9583920e+06   6.5979004e+01
   5.9584130e+06   3.4667969e+01
   5.9584430e+06   4.0649414e+01
   5.9584790e+06   5.5664063e+01
   5.9585070e+06   4.2724609e+01
   5.9585330e+06   4.7973633e+01
   5.9585560e+06   6.0485840e+01
   5.9585720e+06   3.8330078e+01
   5.9586290e+06   3.5156250e+01
   5.9586540e+06   3.7841797e+01
   5.9586980e+06   5.4199219e+01
   5.9587290e+06   3.8757324e+01
   5.9587390e+06   3.7963867e+01
   5.9588180e+06   5.7922363e+01
   5.9588340e+06   4.2785645e+01
   5.9588660e+06   3.7109375e+01
   5.9588780e+06   4.0222168e+01
   5.9589610e+06   3.9489746e+01
   5.9590260e+06   4.2663574e+01
   5.9590780e+06   4.0466309e+01
   5.9591300e+06   3.5461426e+01
   5.9592280e+06   5.3405762e+01
   5.9592670e+06   4.4982910e+01
   5.9594520e+06   4.3273926e+01
   5.9596200e+06   5.5480957e+01
