   5.9980000e+06   0.0000000e+00
   7.2285000e+04   3.9245605e+01
   7.2366000e+04   4.9682617e+01
   1.1653500e+05   4.2785645e+01
   1.5575700e+05   3.7414551e+01
   1.5593100e+05   3.7353516e+01
   1.7101000e+05   4.1381836e+01
   1.7103200e+05   3.8696289e+01
   1.7118800e+05   3.9611816e+01
   1.7119800e+05   4.4677734e+01
   1.7138600e+05   4.1992188e+01
   1.7178400e+05   4.8156738e+01
   1.7213100e+05   3.7536621e+01
   2.0083600e+05   5.4504395e+01
   2.4488900e+05   5.3405762e+01
   2.4504600e+05   5.7922363e+01
   2.4518600e+05   3.7902832e+01
   2.4704300e+05   3.8879395e+01
   2.4710600e+05   4.4982910e+01
   2.4717400e+05   4.3334961e+01
   2.4720800e+05   4.9926758e+01
   2.4725800e+05   5.9387207e+01
   2.4728100e+05   3.8940430e+01
   2.4732300e+05   3.6743164e+01
   2.4734900e+05   5.0476074e+01
   2.4737900e+05   4.4372559e+01
   2.4740600e+05   4.0100098e+01
   2.4741600e+05   4.0344238e+01
   2.4747300e+05   3.6743164e+01
   2.4748300e+05   3.6804199e+01
   2.4751900e+05   3.7109375e+01
   2.4764200e+05   4.0222168e+01
   2.4771600e+05   4.7973633e+01
   2.4773800e+05   3.9550781e+01
   2.4782500e+05   3.7170410e+01
   2.4793200e+05   3.8208008e+01
   2.4795900e+05   3.8940430e+01
   2.4830100e+05   3.8391113e+01
   2.8085700e+05   4.1564941e+01
   2.8377900e+05   3.8635254e+01
   2.9804000e+05   4.8217773e+01
   3.2419700e+05   4.4006348e+01
   3.2428900e+05   4.1931152e+01
   3.2440400e+05   3.8330078e+01
   3.2442100e+05   4.9377441e+01
   3.2443700e+05   4.1992188e+01
   3.2452500e+05   4.1076660e+01
   3.2454300e+05   4.2602539e+01
   3.2459200e+05   3.6437988e+01
   3.2460700e+05   4.3945313e+01
   3.2469200e+05   4.1381836e+01
   3.2477700e+05   3.7658691e+01
   3.2490600e+05   4.2968750e+01
   3.9610100e+05   3.6865234e+01
   4.3535500e+05   4.1198730e+01
   4.4225700e+05   4.7424316e+01
   4.4227700e+05   4.1992188e+01
   4.4230400e+05   4.1320801e+01
   4.4233000e+05   4.2053223e+01
   4.4237000e+05   5.2551270e+01
   4.4239700e+05   4.4250488e+01
   4.4242500e+05   3.7109375e+01
   4.4247200e+05   4.1198730e+01
   4.4250600e+05   4.2968750e+01
   4.4265400e+05   3.6437988e+01
   4.4272300e+05   3.7231445e+01
   4.4280400e+05   3.8452148e+01
   4.4283100e+05   4.0161133e+01
   4.4285100e+05   3.7597656e+01
   4.4291800e+05   3.6804199e+01
   4.4300100e+05   3.8940430e+01
   4.4311800e+05   3.7292480e+01
   4.4343400e+05   3.7414551e+01
   4.4355500e+05   5.0476074e+01
   4.4375500e+05   4.4982910e+01
   4.4385100e+05   3.7414551e+01
   4.4468300e+05   4.1198730e+01
   6.1799500e+05   4.5715332e+01
   6.1814300e+05   5.2124023e+01
   6.1822600e+05   3.7536621e+01
   6.1824100e+05   4.8217773e+01
   6.1828900e+05   3.9794922e+01
   6.1835800e+05   4.8645020e+01
   6.1838200e+05   3.7841797e+01
   6.1840300e+05   4.3823242e+01
   6.1843300e+05   3.7658691e+01
   6.1850100e+05   3.7353516e+01
   6.1851400e+05   4.1198730e+01
   6.1854900e+05   4.3579102e+01
   6.1860300e+05   3.6621094e+01
   6.1866100e+05   4.0832520e+01
   6.1869800e+05   3.8574219e+01
   6.1888000e+05   3.8818359e+01
   6.1933100e+05   3.9306641e+01
   6.2019200e+05   3.7963867e+01
   6.8172000e+05   4.9011230e+01
   6.8178700e+05   3.7292480e+01
   6.8182400e+05   4.0100098e+01
   6.8198100e+05   3.7841797e+01
   7.1018100e+05   3.7475586e+01
   7.1022800e+05   4.8583984e+01
   7.2702600e+05   3.9733887e+01
   7.2706200e+05   3.7048340e+01
   7.2792900e+05   5.1147461e+01
   7.4123600e+05   4.9621582e+01
   8.0634500e+05   4.2053223e+01
   8.0652600e+05   3.9367676e+01
   8.0654000e+05   5.2612305e+01
   8.0661400e+05   4.6447754e+01
   8.0663500e+05   3.6926270e+01
   8.0679600e+05   4.2236328e+01
   8.3615600e+05   3.8269043e+01
   8.3617600e+05   5.2490234e+01
   8.3620700e+05   4.1564941e+01
   8.3627300e+05   3.6682129e+01
   8.3628600e+05   4.7912598e+01
   8.3642300e+05   5.1025391e+01
   8.3653000e+05   3.6621094e+01
   8.3655000e+05   3.8330078e+01
   8.3657400e+05   4.9133301e+01
   8.3667300e+05   3.8452148e+01
   8.3669100e+05   3.7048340e+01
   8.3677000e+05   4.4494629e+01
   8.3692300e+05   3.6376953e+01
   8.3698200e+05   3.7475586e+01
   8.3704700e+05   4.3212891e+01
   8.3707800e+05   3.6621094e+01
   8.3718400e+05   4.3457031e+01
   8.3784800e+05   4.1320801e+01
   9.1779100e+05   3.6437988e+01
   9.2022400e+05   3.8879395e+01
   9.2024100e+05   4.6936035e+01
   9.2025500e+05   4.9438477e+01
   9.2027200e+05   3.6804199e+01
   9.2035600e+05   5.1391602e+01
   9.2037800e+05   4.7912598e+01
   9.2048100e+05   4.0954590e+01
   9.2050700e+05   4.8339844e+01
   9.2065000e+05   3.9428711e+01
   9.2081100e+05   3.7719727e+01
   9.2085700e+05   4.1137695e+01
   9.2087100e+05   4.5654297e+01
   9.2090400e+05   3.8024902e+01
   9.2097200e+05   3.6804199e+01
   9.2107300e+05   4.3762207e+01
   9.2123600e+05   4.1809082e+01
   9.2124600e+05   3.9733887e+01
   9.2137400e+05   3.8879395e+01
   9.2150400e+05   3.6804199e+01
   9.2196500e+05   3.6743164e+01
   9.2206300e+05   4.2419434e+01
   9.6168800e+05   3.7170410e+01
   1.0625090e+06   4.2419434e+01
   1.0625690e+06   5.9631348e+01
   1.0627050e+06   4.7241211e+01
   1.0627690e+06   4.0832520e+01
   1.0628130e+06   5.0292969e+01
   1.0628610e+06   4.6630859e+01
   1.0629050e+06   3.7536621e+01
   1.0629510e+06   3.9428711e+01
   1.0629670e+06   3.7475586e+01
   1.0629960e+06   3.7475586e+01
   1.0630280e+06   4.2358398e+01
   1.0630440e+06   3.7048340e+01
   1.0630720e+06   3.7414551e+01
   1.0630830e+06   5.0964355e+01
   1.0630970e+06   3.7414551e+01
   1.0631100e+06   3.6926270e+01
   1.0631530e+06   4.0466309e+01
   1.0631980e+06   3.8146973e+01
   1.0632870e+06   3.8879395e+01
   1.0633710e+06   3.6560059e+01
   1.0633880e+06   3.7475586e+01
   1.0638000e+06   4.6630859e+01
   1.1708290e+06   4.1564941e+01
   1.1708720e+06   3.9733887e+01
   1.1709710e+06   4.6325684e+01
   1.1710100e+06   3.7719727e+01
   1.1710440e+06   3.6621094e+01
   1.1710600e+06   5.6640625e+01
   1.1710870e+06   3.7292480e+01
   1.1711300e+06   6.8420410e+01
   1.1712160e+06   4.9560547e+01
   1.1712300e+06   4.8034668e+01
   1.1712490e+06   4.8339844e+01
   1.1712930e+06   3.8635254e+01
   1.1713400e+06   4.3090820e+01
   1.1714700e+06   3.7170410e+01
   1.1714960e+06   3.7658691e+01
   1.1715600e+06   3.7353516e+01
   1.1722940e+06   3.7536621e+01
   1.2583880e+06   3.9855957e+01
   1.2584120e+06   4.7790527e+01
   1.2585240e+06   5.4443359e+01
   1.2586300e+06   4.6203613e+01
   1.2591020e+06   3.6865234e+01
   1.3013120e+06   4.7546387e+01
   1.3117890e+06   4.2968750e+01
   1.3118050e+06   3.6804199e+01
   1.3118380e+06   3.8452148e+01
   1.3119050e+06   4.1503906e+01
   1.3119310e+06   4.5471191e+01
   1.3119610e+06   4.3457031e+01
   1.3119870e+06   5.0598145e+01
   1.3120110e+06   3.8574219e+01
   1.3120320e+06   3.9062500e+01
   1.3120460e+06   4.6752930e+01
   1.3120730e+06   3.7414551e+01
   1.3121050e+06   4.3395996e+01
   1.3121540e+06   3.6499023e+01
   1.3122180e+06   4.0039063e+01
   1.3122920e+06   3.9123535e+01
   1.3124510e+06   4.1748047e+01
   1.3125850e+06   3.6499023e+01
   1.3126170e+06   3.8269043e+01
   1.3130350e+06   4.1503906e+01
   1.3131300e+06   3.6987305e+01
   1.3139640e+06   3.6926270e+01
   1.3141860e+06   3.7109375e+01
   1.5057750e+06   4.2785645e+01
   1.5059460e+06   3.8269043e+01
   1.5236060e+06   3.8513184e+01
   1.5236200e+06   4.7973633e+01
   1.5375130e+06   5.0109863e+01
   1.5493590e+06   3.6437988e+01
   1.5498010e+06   3.8635254e+01
   1.5510460e+06   4.7607422e+01
   1.5510670e+06   4.6752930e+01
   1.5510880e+06   3.6560059e+01
   1.5511490e+06   4.1931152e+01
   1.5511710e+06   4.1748047e+01
   1.5511970e+06   4.1564941e+01
   1.5512300e+06   4.1809082e+01
   1.5512410e+06   5.0292969e+01
   1.5512640e+06   4.7302246e+01
   1.5512740e+06   3.9733887e+01
   1.5513310e+06   3.9306641e+01
   1.5513670e+06   3.8330078e+01
   1.5513990e+06   3.6865234e+01
   1.5514960e+06   3.9245605e+01
   1.5515240e+06   4.1809082e+01
   1.5517920e+06   3.7414551e+01
   1.5717180e+06   4.7241211e+01
   1.5746310e+06   5.0170898e+01
   1.5758730e+06   4.2236328e+01
   1.5781500e+06   4.1625977e+01
   1.5793250e+06   3.9306641e+01
   1.6189600e+06   5.5297852e+01
   1.6191430e+06   4.6203613e+01
   1.6192090e+06   4.8034668e+01
   1.6194320e+06   3.6682129e+01
   1.6547900e+06   4.4921875e+01
   1.6884510e+06   3.6804199e+01
   1.6885030e+06   4.6508789e+01
   1.7512890e+06   3.8574219e+01
   1.7514390e+06   4.6325684e+01
   1.7516020e+06   4.4433594e+01
   1.7518110e+06   4.0466309e+01
   1.7565130e+06   4.2358398e+01
   1.7565740e+06   4.0527344e+01
   1.7566000e+06   5.5297852e+01
   1.7566250e+06   3.8940430e+01
   1.7566510e+06   4.4738770e+01
   1.7566750e+06   4.1687012e+01
   1.7566940e+06   7.6416016e+01
   1.7567240e+06   3.6865234e+01
   1.7567700e+06   3.9123535e+01
   1.7567920e+06   3.6376953e+01
   1.7568110e+06   3.7170410e+01
   1.7568250e+06   5.0415039e+01
   1.7568540e+06   4.2968750e+01
   1.7568850e+06   3.8879395e+01
   1.7570130e+06   4.1931152e+01
   1.7570260e+06   4.3273926e+01
   1.7571010e+06   3.7597656e+01
   1.7571360e+06   4.0771484e+01
   1.7571860e+06   5.5969238e+01
   1.7572150e+06   4.4860840e+01
   1.7573110e+06   4.0771484e+01
   1.7575330e+06   3.7597656e+01
   1.7576250e+06   3.6865234e+01
   1.7579870e+06   4.3701172e+01
   1.8048050e+06   4.1870117e+01
   1.8478620e+06   4.6081543e+01
   1.8479990e+06   3.9001465e+01
   1.8677360e+06   4.1442871e+01
   1.8677490e+06   4.8156738e+01
   1.8883550e+06   5.1696777e+01
   1.8885200e+06   4.0954590e+01
   1.9024660e+06   3.7231445e+01
   1.9025240e+06   3.8208008e+01
   1.9025360e+06   4.3701172e+01
   1.9025820e+06   4.4311523e+01
   1.9026320e+06   4.4128418e+01
   1.9026510e+06   6.1889648e+01
   1.9026850e+06   3.6499023e+01
   1.9027430e+06   4.0100098e+01
   1.9027540e+06   3.6560059e+01
   1.9028190e+06   4.3090820e+01
   1.9028500e+06   4.7729492e+01
   1.9028610e+06   3.8574219e+01
   1.9029270e+06   3.8146973e+01
   1.9029680e+06   4.0832520e+01
   1.9030520e+06   3.9978027e+01
   1.9282120e+06   4.4677734e+01
   1.9289260e+06   4.0649414e+01
   1.9359520e+06   5.0659180e+01
   1.9569190e+06   4.4494629e+01
   1.9570390e+06   3.9794922e+01
   1.9970340e+06   4.4189453e+01
   1.9970570e+06   3.6499023e+01
   1.9970710e+06   6.1950684e+01
   1.9971110e+06   3.6376953e+01
   1.9971300e+06   4.8461914e+01
   1.9971510e+06   4.4616699e+01
   1.9971730e+06   3.7902832e+01
   1.9971870e+06   3.8513184e+01
   1.9972180e+06   5.1696777e+01
   1.9972340e+06   4.2907715e+01
   1.9972500e+06   4.3212891e+01
   1.9972730e+06   4.6386719e+01
   1.9973170e+06   3.7231445e+01
   1.9973400e+06   3.9428711e+01
   1.9973900e+06   3.9916992e+01
   1.9974910e+06   5.5419922e+01
   1.9975230e+06   3.7292480e+01
   1.9975600e+06   4.0466309e+01
   1.9976030e+06   4.1931152e+01
   1.9976510e+06   3.7475586e+01
   1.9976820e+06   4.2846680e+01
   1.9977530e+06   3.8269043e+01
   1.9978130e+06   3.6987305e+01
   1.9979610e+06   4.0893555e+01
   1.9980050e+06   4.4311523e+01
   1.9983570e+06   3.7963867e+01
   1.9985310e+06   4.1442871e+01
   1.9986870e+06   3.7414551e+01
   2.0612010e+06   4.4494629e+01
   2.1372640e+06   4.4372559e+01
   2.1705710e+06   4.0588379e+01
   2.1706950e+06   4.6630859e+01
   2.1707210e+06   3.9001465e+01
   2.1707690e+06   3.7048340e+01
   2.1708080e+06   3.8696289e+01
   2.1708410e+06   3.9062500e+01
   2.1708580e+06   4.0527344e+01
   2.1708870e+06   4.1564941e+01
   2.1709590e+06   4.5043945e+01
   2.1709740e+06   4.0161133e+01
   2.1710710e+06   4.4921875e+01
   2.1710810e+06   5.4931641e+01
   2.1711550e+06   3.6621094e+01
   2.1712790e+06   3.7475586e+01
   2.1976640e+06   3.9001465e+01
   2.1976810e+06   4.8461914e+01
   2.1976970e+06   3.8940430e+01
   2.1977330e+06   3.6621094e+01
   2.1978120e+06   3.9978027e+01
   2.1978410e+06   4.1259766e+01
   2.1978630e+06   3.8513184e+01
   2.1978910e+06   4.2907715e+01
   2.1979630e+06   3.6499023e+01
   2.1979890e+06   3.9367676e+01
   2.1980700e+06   3.7353516e+01
   2.1981690e+06   4.5410156e+01
   2.1983250e+06   4.3579102e+01
   2.1984930e+06   4.1015625e+01
   2.1985560e+06   4.3273926e+01
   2.1986050e+06   3.9672852e+01
   2.1986480e+06   4.9743652e+01
   2.1988750e+06   3.7658691e+01
   2.1993280e+06   4.0405273e+01
   2.2921530e+06   4.1503906e+01
   2.2921970e+06   6.4331055e+01
   2.2923760e+06   3.9062500e+01
   2.3285790e+06   3.8452148e+01
   2.3286630e+06   3.6987305e+01
   2.3287720e+06   4.3212891e+01
   2.3287890e+06   4.1564941e+01
   2.3288360e+06   4.6020508e+01
   2.3289210e+06   4.1015625e+01
   2.3289310e+06   3.7292480e+01
   2.3289410e+06   4.2053223e+01
   2.3289840e+06   4.9316406e+01
   2.3290390e+06   3.9367676e+01
   2.3290490e+06   4.5959473e+01
   2.3290790e+06   3.6987305e+01
   2.3292190e+06   3.9733887e+01
   2.3292900e+06   3.6987305e+01
   2.3298760e+06   3.7414551e+01
   2.3646820e+06   3.8208008e+01
   2.4063490e+06   4.0222168e+01
   2.4063640e+06   6.0119629e+01
   2.4064140e+06   4.4311523e+01
   2.4064340e+06   4.2541504e+01
   2.4064720e+06   3.7170410e+01
   2.4065090e+06   3.7780762e+01
   2.4065260e+06   3.7597656e+01
   2.4066000e+06   3.7841797e+01
   2.4066420e+06   5.2246094e+01
   2.4066660e+06   3.8940430e+01
   2.4066960e+06   6.0058594e+01
   2.4067190e+06   4.5532227e+01
   2.4067790e+06   4.1198730e+01
   2.4068210e+06   4.3823242e+01
   2.4069030e+06   4.1870117e+01
   2.4071200e+06   3.7963867e+01
   2.5318960e+06   3.9123535e+01
   2.5524350e+06   4.1809082e+01
   2.5524570e+06   3.7475586e+01
   2.5525230e+06   5.7189941e+01
   2.5525470e+06   4.9255371e+01
   2.5525640e+06   4.9133301e+01
   2.5525910e+06   4.6264648e+01
   2.5526210e+06   4.5776367e+01
   2.5526550e+06   3.9978027e+01
   2.5526680e+06   5.2856445e+01
   2.5526870e+06   3.9672852e+01
   2.5527390e+06   4.6386719e+01
   2.5527540e+06   3.8208008e+01
   2.5527730e+06   4.3823242e+01
   2.5528380e+06   4.6752930e+01
   2.5529370e+06   4.3762207e+01
   2.5530320e+06   3.9611816e+01
   2.5532760e+06   4.2541504e+01
   2.5534510e+06   4.2236328e+01
   2.5534730e+06   4.2602539e+01
   2.7102680e+06   3.6560059e+01
   2.7524390e+06   3.7597656e+01
   2.7525060e+06   3.9672852e+01
   2.7650650e+06   3.8818359e+01
   2.7650770e+06   3.9123535e+01
   2.7651410e+06   4.3090820e+01
   2.7652250e+06   3.9489746e+01
   2.7652530e+06   4.6325684e+01
   2.7652880e+06   4.7485352e+01
   2.7654440e+06   4.0527344e+01
   2.8273230e+06   4.1625977e+01
   2.8516010e+06   3.6926270e+01
   2.8516600e+06   4.1748047e+01
   2.8516710e+06   3.9489746e+01
   2.8517080e+06   3.9978027e+01
   2.8517630e+06   3.9733887e+01
   2.8518100e+06   4.9682617e+01
   2.8518610e+06   3.7353516e+01
   2.8518780e+06   3.9672852e+01
   2.8519300e+06   4.4006348e+01
   2.8519470e+06   4.4433594e+01
   2.8520410e+06   4.5654297e+01
   2.9522860e+06   5.4260254e+01
   2.9533710e+06   4.1503906e+01
   2.9569040e+06   4.0344238e+01
   2.9569940e+06   3.8696289e+01
   2.9572750e+06   3.7231445e+01
   2.9575370e+06   4.0771484e+01
   2.9577620e+06   4.3701172e+01
   3.0093880e+06   3.7780762e+01
   3.0094010e+06   4.7424316e+01
   3.0094570e+06   3.7536621e+01
   3.0096040e+06   4.2724609e+01
   3.0096330e+06   4.9377441e+01
   3.0096760e+06   4.2968750e+01
   3.0097220e+06   3.9062500e+01
   3.0097370e+06   3.9611816e+01
   3.0098090e+06   4.2297363e+01
   3.0098540e+06   3.8085938e+01
   3.0099370e+06   4.6508789e+01
   3.0100500e+06   5.0170898e+01
   3.0101270e+06   3.7841797e+01
   3.0102560e+06   4.1503906e+01
   3.2076460e+06   3.7170410e+01
   3.2077290e+06   3.8513184e+01
   3.2228350e+06   3.7414551e+01
   3.2228520e+06   5.8654785e+01
   3.2230540e+06   3.8696289e+01
   3.2230770e+06   3.8452148e+01
   3.2230890e+06   5.2734375e+01
   3.2231330e+06   3.6437988e+01
   3.2231870e+06   4.8950195e+01
   3.2232340e+06   4.6508789e+01
   3.2233630e+06   4.2175293e+01
   3.2402480e+06   3.9611816e+01
   3.2402590e+06   5.2429199e+01
   3.2403540e+06   4.7912598e+01
   3.2403760e+06   3.9184570e+01
   3.2404100e+06   4.7119141e+01
   3.2404250e+06   5.5603027e+01
   3.2405420e+06   3.7658691e+01
   3.2406090e+06   3.8330078e+01
   3.2406270e+06   4.3640137e+01
   3.2406530e+06   4.5166016e+01
   3.2406770e+06   3.6987305e+01
   3.3448630e+06   4.0100098e+01
   3.3449570e+06   5.8288574e+01
   3.3449840e+06   3.6437988e+01
   3.3450120e+06   3.8024902e+01
   3.3450480e+06   4.3579102e+01
   3.3452180e+06   4.5104980e+01
   3.3452550e+06   3.8757324e+01
   3.3453550e+06   4.8400879e+01
   3.4039830e+06   3.8757324e+01
   3.4192240e+06   4.5471191e+01
   3.4193640e+06   3.7231445e+01
   3.4320670e+06   3.9550781e+01
   3.4321140e+06   4.4494629e+01
   3.4321400e+06   3.8574219e+01
   3.4321670e+06   4.6203613e+01
   3.4322700e+06   3.7536621e+01
   3.4322820e+06   3.7414551e+01
   3.4323230e+06   5.6396484e+01
   3.4323880e+06   3.7963867e+01
   3.4324220e+06   4.1931152e+01
   3.4324630e+06   3.6804199e+01
   3.4325720e+06   3.6071777e+01
   3.4328220e+06   3.9672852e+01
   3.4579390e+06   4.9865723e+01
   3.4580110e+06   4.7546387e+01
   3.4580510e+06   4.6020508e+01
   3.4581220e+06   3.6315918e+01
   3.4582740e+06   3.8757324e+01
   3.5513220e+06   3.6376953e+01
   3.5861250e+06   4.3762207e+01
   3.5862300e+06   3.8574219e+01
   3.5862680e+06   3.6315918e+01
   3.5862900e+06   3.7902832e+01
   3.5863190e+06   4.1381836e+01
   3.5863390e+06   4.6875000e+01
   3.5863820e+06   3.8330078e+01
   3.5863970e+06   5.2124023e+01
   3.5864070e+06   4.5104980e+01
   3.5864250e+06   3.9184570e+01
   3.5864430e+06   4.5532227e+01
   3.5864710e+06   4.6875000e+01
   3.5866050e+06   4.9011230e+01
   3.5866680e+06   4.0893555e+01
   3.5867950e+06   4.1564941e+01
   3.5869060e+06   3.9001465e+01
   3.5872860e+06   3.6804199e+01
   3.5873770e+06   4.2175293e+01
   3.5874720e+06   3.9794922e+01
   3.5900250e+06   3.8879395e+01
   3.5908790e+06   3.7048340e+01
   3.8107200e+06   4.2480469e+01
   3.8107610e+06   4.1687012e+01
   3.8108710e+06   4.8034668e+01
   3.8109280e+06   3.8391113e+01
   3.8109620e+06   5.2062988e+01
   3.8109810e+06   4.0954590e+01
   3.8110160e+06   4.7485352e+01
   3.8110340e+06   4.9072266e+01
   3.8110750e+06   4.5593262e+01
   3.8111430e+06   3.6132813e+01
   3.8112380e+06   4.7668457e+01
   3.8113160e+06   3.7231445e+01
   3.8113650e+06   3.8818359e+01
   3.8114170e+06   3.7536621e+01
   3.8117110e+06   4.0283203e+01
   3.8118170e+06   3.6926270e+01
   3.8120190e+06   3.6865234e+01
   3.9824540e+06   4.2480469e+01
   4.0128360e+06   4.8339844e+01
   4.0297540e+06   4.2968750e+01
   4.0677630e+06   4.2907715e+01
   4.0682620e+06   4.5410156e+01
   4.0685730e+06   4.3701172e+01
   4.0696240e+06   4.1870117e+01
   4.0794260e+06   4.8034668e+01
   4.0794690e+06   3.7292480e+01
   4.0795130e+06   4.2724609e+01
   4.0795240e+06   3.6621094e+01
   4.0795600e+06   3.6376953e+01
   4.0796130e+06   4.1564941e+01
   4.0796490e+06   4.4250488e+01
   4.0796600e+06   4.0283203e+01
   4.0796910e+06   5.0842285e+01
   4.0797490e+06   4.8583984e+01
   4.0797670e+06   5.4077148e+01
   4.0797790e+06   4.4616699e+01
   4.0798220e+06   3.6682129e+01
   4.0798440e+06   4.6325684e+01
   4.0798660e+06   3.7841797e+01
   4.0799170e+06   3.6376953e+01
   4.0801160e+06   3.7048340e+01
   4.1677420e+06   4.5288086e+01
   4.1679100e+06   3.6132813e+01
   4.1683230e+06   4.1992188e+01
   4.1686120e+06   3.9978027e+01
   4.1942820e+06   4.4616699e+01
   4.2005670e+06   4.1687012e+01
   4.2297650e+06   3.6987305e+01
   4.2298140e+06   4.6081543e+01
   4.2336920e+06   4.8156738e+01
   4.2337020e+06   4.2602539e+01
   4.2337870e+06   3.7414551e+01
   4.2338760e+06   4.2724609e+01
   4.2339090e+06   5.2612305e+01
   4.2339370e+06   4.1625977e+01
   4.2339590e+06   4.4311523e+01
   4.2339840e+06   4.8950195e+01
   4.2340330e+06   3.7170410e+01
   4.2340990e+06   5.3039551e+01
   4.2341240e+06   3.9001465e+01
   4.2342200e+06   3.7170410e+01
   4.2342390e+06   3.7597656e+01
   4.2964010e+06   5.9692383e+01
   4.2965300e+06   4.6752930e+01
   4.2966700e+06   4.6142578e+01
   4.2968890e+06   4.3457031e+01
   4.3207400e+06   3.7658691e+01
   4.3333910e+06   3.6376953e+01
   4.3334500e+06   3.6865234e+01
   4.3441240e+06   3.7841797e+01
   4.3722920e+06   4.0527344e+01
   4.3723700e+06   4.5593262e+01
   4.3723830e+06   3.7414551e+01
   4.3724020e+06   4.0344238e+01
   4.3725480e+06   4.4982910e+01
   4.3727040e+06   3.9245605e+01
   4.3728130e+06   4.7058105e+01
   4.3729380e+06   3.6315918e+01
   4.3736930e+06   3.6621094e+01
   4.3741260e+06   4.2297363e+01
   4.4067440e+06   3.8879395e+01
   4.4068120e+06   3.7963867e+01
   4.4068610e+06   4.7058105e+01
   4.4068980e+06   4.4921875e+01
   4.4069290e+06   3.8757324e+01
   4.4069590e+06   4.9743652e+01
   4.4069910e+06   3.8574219e+01
   4.4070220e+06   4.3945313e+01
   4.4070420e+06   3.7536621e+01
   4.4070910e+06   3.8635254e+01
   4.4071900e+06   3.9184570e+01
   4.4072270e+06   3.9367676e+01
   4.4072640e+06   4.0039063e+01
   4.4072760e+06   3.6132813e+01
   4.4074570e+06   3.7841797e+01
   4.4075190e+06   3.6804199e+01
   4.4076240e+06   3.6376953e+01
   4.4084210e+06   3.8635254e+01
   4.4102190e+06   3.6315918e+01
   4.5618530e+06   3.9916992e+01
   4.6799670e+06   5.1330566e+01
   4.6802530e+06   4.6508789e+01
   4.6806140e+06   3.7597656e+01
   4.6821630e+06   4.0588379e+01
   4.6826860e+06   3.6071777e+01
   4.6832290e+06   3.7048340e+01
   4.6927960e+06   3.8574219e+01
   4.6929570e+06   3.7841797e+01
   4.6966950e+06   3.9733887e+01
   4.6967820e+06   4.0405273e+01
   4.6968570e+06   3.6193848e+01
   4.6968950e+06   4.2236328e+01
   4.6969140e+06   4.0771484e+01
   4.6969750e+06   4.0588379e+01
   4.6970200e+06   4.0100098e+01
   4.6970400e+06   3.9123535e+01
   4.6970710e+06   3.9428711e+01
   4.6971020e+06   3.7231445e+01
   4.6971550e+06   3.6499023e+01
   4.6971820e+06   5.0476074e+01
   4.6972780e+06   4.1625977e+01
   4.6973180e+06   3.9306641e+01
   4.6973890e+06   4.1503906e+01
   4.7235510e+06   4.5776367e+01
   4.7545370e+06   4.1198730e+01
   4.7545480e+06   4.0527344e+01
   4.7545800e+06   3.7597656e+01
   4.7546530e+06   4.0527344e+01
   4.7547840e+06   5.1208496e+01
   4.7951610e+06   4.6630859e+01
   4.7952070e+06   3.7902832e+01
   4.7952250e+06   3.8879395e+01
   4.7953400e+06   3.7963867e+01
   4.7955000e+06   4.5654297e+01
   4.7955660e+06   4.8400879e+01
   4.7957700e+06   4.0588379e+01
   4.8149520e+06   4.1198730e+01
   4.8150870e+06   4.3029785e+01
   4.8429160e+06   3.6071777e+01
   4.8746080e+06   3.6804199e+01
   4.8964450e+06   5.0048828e+01
   4.8966490e+06   3.8085938e+01
   4.8968950e+06   4.6752930e+01
   4.8969150e+06   4.1625977e+01
   4.9004890e+06   3.6499023e+01
   4.9005780e+06   3.8085938e+01
   4.9769340e+06   3.7292480e+01
   4.9769930e+06   3.6987305e+01
   4.9772030e+06   3.7170410e+01
   4.9772770e+06   3.8269043e+01
   4.9772930e+06   3.9062500e+01
   4.9773220e+06   5.4382324e+01
   4.9773480e+06   3.8208008e+01
   4.9773810e+06   3.8269043e+01
   4.9777290e+06   3.8391113e+01
   4.9777480e+06   3.6376953e+01
   4.9778630e+06   3.8757324e+01
   4.9780560e+06   3.9916992e+01
   5.0624110e+06   4.9865723e+01
   5.1299040e+06   4.2419434e+01
   5.1299480e+06   5.8959961e+01
   5.1299840e+06   3.6376953e+01
   5.1299990e+06   4.9194336e+01
   5.1300390e+06   4.1320801e+01
   5.1300520e+06   4.3884277e+01
   5.1300900e+06   4.6203613e+01
   5.1301080e+06   4.2968750e+01
   5.1301530e+06   4.0954590e+01
   5.1301870e+06   3.6682129e+01
   5.1302140e+06   5.0415039e+01
   5.1302680e+06   3.7841797e+01
   5.1302930e+06   5.4931641e+01
   5.1303040e+06   5.6640625e+01
   5.1303830e+06   4.3029785e+01
   5.1304000e+06   3.7658691e+01
   5.1308000e+06   3.9550781e+01
   5.1308290e+06   3.9123535e+01
   5.2434490e+06   3.7841797e+01
   5.2889120e+06   4.0893555e+01
   5.3739740e+06   3.7597656e+01
   5.3740320e+06   3.8452148e+01
   5.3741770e+06   4.1381836e+01
   5.3899810e+06   4.5410156e+01
   5.3900470e+06   3.6437988e+01
   5.3901260e+06   4.4555664e+01
   5.3901490e+06   4.0161133e+01
   5.3901640e+06   5.0476074e+01
   5.3901920e+06   4.5349121e+01
   5.3902150e+06   3.8818359e+01
   5.3902620e+06   4.3273926e+01
   5.3902960e+06   4.4616699e+01
   5.3903420e+06   3.6254883e+01
   5.3903730e+06   4.5532227e+01
   5.3903830e+06   3.9611816e+01
   5.3904510e+06   3.6621094e+01
   5.3904960e+06   4.1198730e+01
   5.3907930e+06   3.7719727e+01
   5.3908730e+06   3.7048340e+01
   5.6570280e+06   4.3151855e+01
   5.6823640e+06   4.4189453e+01
   5.7250230e+06   4.6081543e+01
   5.7253340e+06   4.3823242e+01
   5.7258700e+06   3.6499023e+01
   5.7260070e+06   3.9611816e+01
   5.7261910e+06   4.2358398e+01
   5.7523440e+06   3.7475586e+01
   5.7523680e+06   5.4931641e+01
   5.7526060e+06   4.6936035e+01
   5.7526840e+06   3.6254883e+01
   5.7529560e+06   3.6804199e+01
   5.7534410e+06   3.9062500e+01
   5.8015290e+06   4.5166016e+01
   5.8015980e+06   4.5898438e+01
   5.8019120e+06   4.1564941e+01
   5.8292700e+06   3.7353516e+01
   5.8293350e+06   3.6865234e+01
   5.8293950e+06   4.2053223e+01
   5.8294200e+06   4.2114258e+01
   5.8294870e+06   3.6987305e+01
   5.8295090e+06   4.6447754e+01
   5.8295270e+06   5.0537109e+01
   5.8295920e+06   4.1625977e+01
   5.8296650e+06   4.4677734e+01
   5.8298430e+06   4.1381836e+01
   5.8299300e+06   4.3212891e+01
   5.8299430e+06   5.4565430e+01
   5.8302670e+06   3.8208008e+01
   5.9288210e+06   4.6813965e+01
   5.9288380e+06   3.9184570e+01
   5.9289040e+06   4.1748047e+01
   5.9293010e+06   3.6010742e+01
   5.9304640e+06   3.7109375e+01
   5.9304810e+06   4.2541504e+01
   5.9305230e+06   3.9672852e+01
   5.9305490e+06   3.9978027e+01
   5.9306460e+06   3.9611816e+01
   5.9306720e+06   3.8452148e+01
   5.9306840e+06   3.8330078e+01
   5.9307170e+06   3.8879395e+01
   5.9307530e+06   5.9020996e+01
   5.9309080e+06   3.6010742e+01
   5.9582450e+06   3.6621094e+01
   5.9582550e+06   3.8635254e+01
   5.9582910e+06   3.8513184e+01
   5.9583190e+06   3.7536621e+01
   5.9583460e+06   3.9123535e+01
   5.9583830e+06   4.7851563e+01
   5.9584250e+06   4.1381836e+01
   5.9584470e+06   4.2541504e+01
   5.9584880e+06   4.1625977e+01
   5.9585370e+06   4.5898438e+01
   5.9586290e+06   3.9184570e+01
   5.9587150e+06   4.6936035e+01
   5.9587830e+06   4.4128418e+01
   5.9589140e+06   3.6376953e+01
   5.9594370e+06   3.8146973e+01
