   5.9980000e+06   0.0000000e+00
   1.0090000e+03   5.2429199e+01
   4.3124000e+04   3.8879395e+01
   4.4796000e+04   3.5644531e+01
   5.1986000e+04   4.5166016e+01
   6.7473000e+04   3.8818359e+01
   6.8680000e+04   3.5583496e+01
   7.2133000e+04   3.9978027e+01
   7.2216000e+04   7.1228027e+01
   7.2350000e+04   6.7687988e+01
   7.2455000e+04   4.7973633e+01
   7.2629000e+04   3.6682129e+01
   7.5033000e+04   4.3579102e+01
   8.6734000e+04   3.5827637e+01
   8.7674000e+04   3.8085938e+01
   9.7472000e+04   6.5612793e+01
   1.0654400e+05   3.5156250e+01
   1.0985400e+05   3.9489746e+01
   1.1663000e+05   5.4199219e+01
   1.1672400e+05   4.6142578e+01
   1.1700900e+05   3.6376953e+01
   1.1717600e+05   3.8635254e+01
   1.1997700e+05   3.5461426e+01
   1.3662600e+05   3.4973145e+01
   1.3737600e+05   3.6682129e+01
   1.3754500e+05   3.7353516e+01
   1.3805100e+05   3.7170410e+01
   1.4932000e+05   3.6560059e+01
   1.5176800e+05   3.9062500e+01
   1.5213900e+05   3.5644531e+01
   1.5576100e+05   6.3171387e+01
   1.5586100e+05   4.0649414e+01
   1.7084000e+05   6.4208984e+01
   1.7092400e+05   5.4809570e+01
   1.7105700e+05   5.4199219e+01
   1.7110400e+05   4.0283203e+01
   1.7130300e+05   3.8330078e+01
   1.7144800e+05   3.4912109e+01
   1.8678600e+05   3.5156250e+01
   1.9454300e+05   3.4851074e+01
   2.0083600e+05   5.0720215e+01
   2.0624800e+05   3.5339355e+01
   2.0730900e+05   4.9255371e+01
   2.0740900e+05   3.8208008e+01
   2.1716000e+05   3.6987305e+01
   2.2796300e+05   3.8024902e+01
   2.4470100e+05   3.6071777e+01
   2.4471300e+05   5.3649902e+01
   2.4479300e+05   4.0649414e+01
   2.4689800e+05   3.6193848e+01
   2.4709700e+05   5.3222656e+01
   2.4716500e+05   3.7536621e+01
   2.4717900e+05   5.1696777e+01
   2.4723400e+05   4.3884277e+01
   2.4725700e+05   4.2785645e+01
   2.4730500e+05   5.4626465e+01
   2.4732200e+05   4.0466309e+01
   2.4734300e+05   4.5043945e+01
   2.4736400e+05   3.8269043e+01
   2.4739100e+05   4.3273926e+01
   2.4742000e+05   4.4738770e+01
   2.4743900e+05   5.8166504e+01
   2.4748200e+05   3.5034180e+01
   2.4750300e+05   3.7719727e+01
   2.4756500e+05   4.0405273e+01
   2.4761700e+05   4.0100098e+01
   2.4764900e+05   4.0283203e+01
   2.4773100e+05   3.7780762e+01
   2.4780400e+05   3.6743164e+01
   2.4781800e+05   3.7170410e+01
   2.4784400e+05   3.5644531e+01
   2.4793200e+05   3.6132813e+01
   2.4810700e+05   4.6447754e+01
   2.9615200e+05   3.9550781e+01
   2.9625500e+05   3.6376953e+01
   2.9697800e+05   3.5095215e+01
   3.0558900e+05   3.5034180e+01
   3.0864400e+05   3.7353516e+01
   3.1079200e+05   3.6560059e+01
   3.2404100e+05   4.7241211e+01
   3.2411400e+05   3.6132813e+01
   3.2418900e+05   3.6804199e+01
   3.2441300e+05   4.1809082e+01
   3.2445000e+05   4.0588379e+01
   3.2450400e+05   5.0231934e+01
   3.2451600e+05   4.5654297e+01
   3.2457300e+05   4.3701172e+01
   3.2458500e+05   6.5368652e+01
   3.2462000e+05   5.0170898e+01
   3.2473300e+05   3.7353516e+01
   3.2476000e+05   3.8879395e+01
   3.2477000e+05   4.3212891e+01
   3.2480000e+05   3.7597656e+01
   3.2508800e+05   3.7719727e+01
   3.2565600e+05   3.4729004e+01
   3.5638400e+05   3.6071777e+01
   3.5921100e+05   3.5949707e+01
   3.6429200e+05   3.5705566e+01
   3.8488500e+05   3.5583496e+01
   3.8635400e+05   3.7170410e+01
   4.0266200e+05   3.5034180e+01
   4.0496100e+05   3.5278320e+01
   4.0905000e+05   3.6743164e+01
   4.1972800e+05   3.6865234e+01
   4.3250700e+05   3.7353516e+01
   4.3530500e+05   3.7536621e+01
   4.3533300e+05   3.5705566e+01
   4.3886900e+05   3.5278320e+01
   4.4231500e+05   5.1635742e+01
   4.4234200e+05   1.0089111e+02
   4.4235300e+05   3.9001465e+01
   4.4237800e+05   4.3884277e+01
   4.4239200e+05   4.5471191e+01
   4.4240200e+05   4.2114258e+01
   4.4245200e+05   5.6945801e+01
   4.4247100e+05   6.9335938e+01
   4.4249000e+05   3.5034180e+01
   4.4251000e+05   4.0710449e+01
   4.4253400e+05   3.7414551e+01
   4.4255400e+05   4.5471191e+01
   4.4259100e+05   4.3762207e+01
   4.4267300e+05   3.6743164e+01
   4.4269200e+05   4.4677734e+01
   4.4279400e+05   3.6071777e+01
   4.4281300e+05   3.6376953e+01
   4.4300500e+05   3.8940430e+01
   4.4349000e+05   3.6560059e+01
   4.4361600e+05   3.5034180e+01
   4.4392400e+05   3.6865234e+01
   4.4401800e+05   3.5644531e+01
   4.4470300e+05   3.8696289e+01
   4.4472000e+05   4.1076660e+01
   5.6931000e+05   3.5156250e+01
   5.8388200e+05   3.8391113e+01
   5.9810000e+05   3.8024902e+01
   6.0215400e+05   3.4973145e+01
   6.0883700e+05   4.0832520e+01
   6.1783800e+05   4.1992188e+01
   6.1795900e+05   4.0283203e+01
   6.1811200e+05   3.4851074e+01
   6.1813900e+05   4.0222168e+01
   6.1817400e+05   5.6396484e+01
   6.1819000e+05   4.2968750e+01
   6.1822000e+05   3.4729004e+01
   6.1826100e+05   4.3273926e+01
   6.1827900e+05   3.7780762e+01
   6.1830400e+05   4.1748047e+01
   6.1832600e+05   4.8583984e+01
   6.1834900e+05   5.5114746e+01
   6.1837900e+05   5.0292969e+01
   6.1841700e+05   3.5705566e+01
   6.1846400e+05   3.7414551e+01
   6.1849200e+05   3.6682129e+01
   6.1853800e+05   4.1503906e+01
   6.1861500e+05   3.8635254e+01
   6.1866700e+05   3.7780762e+01
   6.1873700e+05   3.4851074e+01
   6.1896900e+05   4.4433594e+01
   6.1910400e+05   3.5339355e+01
   6.1930800e+05   3.6376953e+01
   6.2010100e+05   4.0039063e+01
   6.4134100e+05   3.5522461e+01
   6.7898900e+05   3.6132813e+01
   6.8043200e+05   3.5644531e+01
   6.8074500e+05   4.0771484e+01
   6.8160200e+05   6.7504883e+01
   6.8165900e+05   4.6936035e+01
   6.8174600e+05   4.3823242e+01
   6.8176600e+05   4.6936035e+01
   6.8258500e+05   3.7292480e+01
   6.9845800e+05   3.6132813e+01
   7.1005700e+05   3.9733887e+01
   7.1015200e+05   5.2429199e+01
   7.1020100e+05   4.2480469e+01
   7.1026400e+05   4.0039063e+01
   7.4098700e+05   4.3273926e+01
   7.4101400e+05   3.7048340e+01
   7.4107300e+05   4.3273926e+01
   7.4109300e+05   3.6743164e+01
   7.4124200e+05   3.5949707e+01
   7.4145600e+05   3.6254883e+01
   7.9076000e+05   4.1503906e+01
   7.9195300e+05   3.7170410e+01
   7.9669200e+05   3.7597656e+01
   8.0630800e+05   4.1748047e+01
   8.0636900e+05   3.8330078e+01
   8.0644300e+05   3.5339355e+01
   8.0656900e+05   3.9611816e+01
   8.2205300e+05   3.5888672e+01
   8.3608400e+05   3.5949707e+01
   8.3613900e+05   4.9499512e+01
   8.3620800e+05   5.3222656e+01
   8.3634200e+05   5.2734375e+01
   8.3650900e+05   4.2480469e+01
   8.3653000e+05   4.9377441e+01
   8.3656300e+05   4.4250488e+01
   8.3661100e+05   4.7424316e+01
   8.3667700e+05   3.6010742e+01
   8.3668900e+05   3.7658691e+01
   8.3673700e+05   5.2795410e+01
   8.3679800e+05   3.4973145e+01
   8.3681300e+05   3.7902832e+01
   8.3708500e+05   4.8034668e+01
   8.3712000e+05   3.4973145e+01
   8.3718800e+05   4.1687012e+01
   8.6136800e+05   3.5217285e+01
   8.6269100e+05   3.5400391e+01
   8.6802800e+05   3.6682129e+01
   8.8165800e+05   3.6926270e+01
   9.2016400e+05   6.0119629e+01
   9.2018100e+05   4.1442871e+01
   9.2022000e+05   3.9672852e+01
   9.2024600e+05   3.8391113e+01
   9.2026000e+05   4.6081543e+01
   9.2028600e+05   3.7475586e+01
   9.2033300e+05   3.6132813e+01
   9.2035000e+05   3.7597656e+01
   9.2036900e+05   6.0485840e+01
   9.2038500e+05   4.3884277e+01
   9.2043300e+05   9.7045898e+01
   9.2046000e+05   3.5339355e+01
   9.2048600e+05   4.3701172e+01
   9.2053500e+05   3.6560059e+01
   9.2056400e+05   5.0537109e+01
   9.2057500e+05   3.6376953e+01
   9.2059200e+05   3.7414551e+01
   9.2063100e+05   3.6743164e+01
   9.2066500e+05   4.3212891e+01
   9.2092000e+05   4.5715332e+01
   9.2101300e+05   3.6499023e+01
   9.2123700e+05   3.6865234e+01
   9.2129800e+05   3.5888672e+01
   9.2132400e+05   3.8818359e+01
   9.2142700e+05   3.6804199e+01
   9.2167400e+05   3.5217285e+01
   9.2208100e+05   3.5949707e+01
   9.2237800e+05   5.3039551e+01
   1.0171930e+06   3.7475586e+01
   1.0207460e+06   4.6264648e+01
   1.0315100e+06   3.5034180e+01
   1.0361710e+06   3.7475586e+01
   1.0512910e+06   3.8940430e+01
   1.0623910e+06   4.6203613e+01
   1.0624080e+06   5.6335449e+01
   1.0624710e+06   3.7963867e+01
   1.0625690e+06   3.8391113e+01
   1.0627270e+06   3.7597656e+01
   1.0628010e+06   4.3212891e+01
   1.0628610e+06   3.7902832e+01
   1.0628790e+06   5.0048828e+01
   1.0628900e+06   4.4067383e+01
   1.0629230e+06   4.7119141e+01
   1.0629400e+06   3.6193848e+01
   1.0629640e+06   4.4189453e+01
   1.0630030e+06   3.9733887e+01
   1.0630640e+06   3.5400391e+01
   1.0630880e+06   3.7719727e+01
   1.0631410e+06   3.8024902e+01
   1.0631720e+06   3.6437988e+01
   1.0632180e+06   3.5522461e+01
   1.0633450e+06   3.4973145e+01
   1.0634300e+06   4.2236328e+01
   1.0636880e+06   3.7292480e+01
   1.0639200e+06   3.8696289e+01
   1.0639790e+06   4.6142578e+01
   1.1155270e+06   3.5400391e+01
   1.1330390e+06   3.4851074e+01
   1.1432710e+06   3.6010742e+01
   1.1638320e+06   4.0283203e+01
   1.1708930e+06   4.1503906e+01
   1.1709340e+06   3.5278320e+01
   1.1710660e+06   4.8950195e+01
   1.1710980e+06   3.8635254e+01
   1.1711180e+06   4.3395996e+01
   1.1711430e+06   8.2153320e+01
   1.1711630e+06   6.2255859e+01
   1.1712020e+06   4.8156738e+01
   1.1712580e+06   4.5959473e+01
   1.1713290e+06   3.5949707e+01
   1.1713780e+06   3.9367676e+01
   1.1714680e+06   3.6804199e+01
   1.1715130e+06   4.3212891e+01
   1.1715330e+06   3.4973145e+01
   1.1715990e+06   3.8940430e+01
   1.1717150e+06   4.7851563e+01
   1.1718820e+06   3.8024902e+01
   1.1718940e+06   3.6010742e+01
   1.2212440e+06   3.8879395e+01
   1.2583180e+06   4.0100098e+01
   1.2583770e+06   3.5217285e+01
   1.2584330e+06   3.7048340e+01
   1.2585840e+06   4.9438477e+01
   1.2587120e+06   3.8391113e+01
   1.2588320e+06   3.5644531e+01
   1.2588510e+06   5.7678223e+01
   1.2589270e+06   4.3334961e+01
   1.2589990e+06   3.8513184e+01
   1.2590130e+06   3.6560059e+01
   1.2754530e+06   3.4851074e+01
   1.2782960e+06   3.9245605e+01
   1.2868410e+06   3.4729004e+01
   1.2950070e+06   3.5095215e+01
   1.3018130e+06   3.5034180e+01
   1.3118460e+06   3.4729004e+01
   1.3118740e+06   4.1320801e+01
   1.3118850e+06   7.5378418e+01
   1.3119130e+06   5.2246094e+01
   1.3119360e+06   4.2907715e+01
   1.3119570e+06   5.6152344e+01
   1.3119990e+06   3.9611816e+01
   1.3120110e+06   4.4433594e+01
   1.3120630e+06   3.8574219e+01
   1.3120820e+06   3.6987305e+01
   1.3121050e+06   3.4851074e+01
   1.3121950e+06   4.0039063e+01
   1.3122470e+06   5.7739258e+01
   1.3123300e+06   3.4851074e+01
   1.3123840e+06   4.7668457e+01
   1.3124460e+06   4.0832520e+01
   1.3125450e+06   3.9367676e+01
   1.3125570e+06   4.1625977e+01
   1.3126070e+06   4.1687012e+01
   1.3129070e+06   3.7780762e+01
   1.3129890e+06   3.6743164e+01
   1.3131280e+06   3.5095215e+01
   1.3132270e+06   3.5095215e+01
   1.3134640e+06   5.1513672e+01
   1.3134860e+06   4.0222168e+01
   1.3137000e+06   3.9489746e+01
   1.4284500e+06   3.9123535e+01
   1.4319890e+06   3.6071777e+01
   1.4570760e+06   3.8513184e+01
   1.4707140e+06   3.4912109e+01
   1.4901630e+06   3.7048340e+01
   1.4978590e+06   3.6254883e+01
   1.5059200e+06   5.6884766e+01
   1.5059510e+06   3.5644531e+01
   1.5060010e+06   4.4433594e+01
   1.5061080e+06   3.4851074e+01
   1.5061340e+06   5.4077148e+01
   1.5082120e+06   3.8208008e+01
   1.5087510e+06   3.7292480e+01
   1.5211940e+06   3.5339355e+01
   1.5478560e+06   3.8635254e+01
   1.5492670e+06   4.2297363e+01
   1.5493220e+06   3.8574219e+01
   1.5494570e+06   3.9611816e+01
   1.5496220e+06   3.7902832e+01
   1.5502110e+06   3.5400391e+01
   1.5511500e+06   4.2968750e+01
   1.5511650e+06   5.1086426e+01
   1.5511880e+06   3.4912109e+01
   1.5512080e+06   3.6682129e+01
   1.5512370e+06   4.4616699e+01
   1.5512580e+06   5.7189941e+01
   1.5513180e+06   5.1574707e+01
   1.5513440e+06   3.8391113e+01
   1.5513580e+06   3.7048340e+01
   1.5514210e+06   4.0100098e+01
   1.5515530e+06   5.3344727e+01
   1.5516320e+06   4.1992188e+01
   1.5661250e+06   4.2968750e+01
   1.5714780e+06   3.5400391e+01
   1.5732550e+06   3.6560059e+01
   1.6065870e+06   3.5034180e+01
   1.6188930e+06   3.5644531e+01
   1.6189490e+06   3.7475586e+01
   1.6191290e+06   4.0710449e+01
   1.6193070e+06   3.7719727e+01
   1.6288960e+06   3.6193848e+01
   1.6547650e+06   5.7800293e+01
   1.6549280e+06   4.4738770e+01
   1.6550340e+06   3.5949707e+01
   1.6555590e+06   3.6315918e+01
   1.6797960e+06   3.7292480e+01
   1.6883040e+06   3.5705566e+01
   1.6990280e+06   3.8635254e+01
   1.7026400e+06   3.8940430e+01
   1.7103350e+06   3.5278320e+01
   1.7372690e+06   3.8146973e+01
   1.7512100e+06   5.8898926e+01
   1.7512700e+06   3.8635254e+01
   1.7565950e+06   4.0344238e+01
   1.7566490e+06   3.6926270e+01
   1.7566870e+06   5.4992676e+01
   1.7567630e+06   5.8410645e+01
   1.7567870e+06   5.4565430e+01
   1.7568070e+06   3.6682129e+01
   1.7568210e+06   3.7170410e+01
   1.7568380e+06   4.5104980e+01
   1.7568600e+06   6.3537598e+01
   1.7569190e+06   4.8828125e+01
   1.7569690e+06   3.6376953e+01
   1.7570060e+06   3.9062500e+01
   1.7570650e+06   3.7536621e+01
   1.7570860e+06   3.9184570e+01
   1.7571200e+06   4.5288086e+01
   1.7571790e+06   3.7109375e+01
   1.7573150e+06   4.0039063e+01
   1.7577980e+06   3.6132813e+01
   1.8046310e+06   5.1086426e+01
   1.8047090e+06   3.4790039e+01
   1.8047510e+06   3.7597656e+01
   1.8047630e+06   3.4912109e+01
   1.8048830e+06   4.3457031e+01
   1.8138380e+06   3.5827637e+01
   1.8380650e+06   3.9672852e+01
   1.8477260e+06   3.9489746e+01
   1.8477360e+06   4.0832520e+01
   1.8676770e+06   5.0415039e+01
   1.8835120e+06   3.7902832e+01
   1.8882260e+06   4.1381836e+01
   1.8882730e+06   3.5827637e+01
   1.8883400e+06   4.1931152e+01
   1.9003570e+06   3.8024902e+01
   1.9009750e+06   4.2114258e+01
   1.9025150e+06   3.4851074e+01
   1.9025820e+06   4.0527344e+01
   1.9026200e+06   5.4931641e+01
   1.9026400e+06   6.6406250e+01
   1.9026750e+06   4.1381836e+01
   1.9027020e+06   4.6813965e+01
   1.9027330e+06   3.5339355e+01
   1.9027540e+06   3.6621094e+01
   1.9027750e+06   4.0832520e+01
   1.9028140e+06   4.4494629e+01
   1.9028590e+06   3.4973145e+01
   1.9029870e+06   3.9062500e+01
   1.9030080e+06   4.7302246e+01
   1.9031810e+06   3.5705566e+01
   1.9032330e+06   3.6987305e+01
   1.9032920e+06   3.7170410e+01
   1.9034950e+06   3.6193848e+01
   1.9226460e+06   6.8969727e+01
   1.9482450e+06   4.0161133e+01
   1.9539450e+06   3.6560059e+01
   1.9564020e+06   4.7973633e+01
   1.9564740e+06   3.7963867e+01
   1.9565440e+06   4.4189453e+01
   1.9567290e+06   4.5349121e+01
   1.9969320e+06   5.2734375e+01
   1.9969430e+06   3.5217285e+01
   1.9969840e+06   3.7780762e+01
   1.9969950e+06   3.4790039e+01
   1.9970670e+06   4.7241211e+01
   1.9971010e+06   4.3945313e+01
   1.9971260e+06   5.2246094e+01
   1.9971490e+06   4.3273926e+01
   1.9971990e+06   5.0354004e+01
   1.9972090e+06   6.2194824e+01
   1.9972470e+06   3.7902832e+01
   1.9972690e+06   4.6508789e+01
   1.9972850e+06   3.9306641e+01
   1.9973530e+06   3.6621094e+01
   1.9973640e+06   5.0109863e+01
   1.9973850e+06   4.1442871e+01
   1.9974330e+06   3.5583496e+01
   1.9974760e+06   3.6376953e+01
   1.9976000e+06   3.6621094e+01
   1.9976880e+06   3.8635254e+01
   1.9978850e+06   4.5104980e+01
   1.9979210e+06   3.5034180e+01
   1.9982820e+06   4.0405273e+01
   1.9989270e+06   3.8330078e+01
   2.0877330e+06   3.8330078e+01
   2.1156390e+06   3.6926270e+01
   2.1212090e+06   3.5461426e+01
   2.1366600e+06   3.5461426e+01
   2.1370520e+06   7.9345703e+01
   2.1373070e+06   4.2419434e+01
   2.1653040e+06   4.4250488e+01
   2.1704480e+06   5.7128906e+01
   2.1704950e+06   4.1137695e+01
   2.1705940e+06   3.7597656e+01
   2.1706400e+06   3.7536621e+01
   2.1706950e+06   4.1564941e+01
   2.1707490e+06   4.3884277e+01
   2.1707600e+06   3.8574219e+01
   2.1708410e+06   5.1147461e+01
   2.1708900e+06   6.5063477e+01
   2.1709360e+06   3.7292480e+01
   2.1709960e+06   3.7597656e+01
   2.1710330e+06   3.7231445e+01
   2.1712240e+06   4.4921875e+01
   2.1714800e+06   3.5095215e+01
   2.1924950e+06   3.7231445e+01
   2.1977610e+06   4.8095703e+01
   2.1978100e+06   4.1503906e+01
   2.1978290e+06   6.7504883e+01
   2.1978500e+06   4.8217773e+01
   2.1978640e+06   4.3823242e+01
   2.1979100e+06   5.2673340e+01
   2.1979230e+06   5.3405762e+01
   2.1979440e+06   5.0720215e+01
   2.1979830e+06   3.5705566e+01
   2.1980220e+06   3.4790039e+01
   2.1980440e+06   3.7780762e+01
   2.1980700e+06   5.1757813e+01
   2.1981830e+06   3.7902832e+01
   2.1982300e+06   3.8024902e+01
   2.1983120e+06   3.8635254e+01
   2.1988250e+06   3.6193848e+01
   2.1988730e+06   3.5888672e+01
   2.2045350e+06   3.5034180e+01
   2.2743020e+06   3.7170410e+01
   2.2916820e+06   4.6936035e+01
   2.2917270e+06   4.1870117e+01
   2.2918070e+06   4.8217773e+01
   2.2919240e+06   4.0100098e+01
   2.2920990e+06   5.2795410e+01
   2.2921330e+06   3.6071777e+01
   2.2922110e+06   4.3395996e+01
   2.2922310e+06   8.9538574e+01
   2.2923400e+06   3.9184570e+01
   2.2923840e+06   3.5766602e+01
   2.3177980e+06   4.1748047e+01
   2.3206110e+06   3.6743164e+01
   2.3287160e+06   3.5400391e+01
   2.3287520e+06   5.1330566e+01
   2.3288240e+06   3.7658691e+01
   2.3288480e+06   4.7302246e+01
   2.3288840e+06   4.1259766e+01
   2.3289200e+06   6.3110352e+01
   2.3289540e+06   4.2785645e+01
   2.3290050e+06   3.9123535e+01
   2.3290340e+06   4.3334961e+01
   2.3290490e+06   7.5378418e+01
   2.3290960e+06   4.2358398e+01
   2.3291460e+06   3.5827637e+01
   2.3291900e+06   5.3100586e+01
   2.3292330e+06   3.5339355e+01
   2.3292990e+06   3.6437988e+01
   2.3293360e+06   4.0832520e+01
   2.3294860e+06   4.0344238e+01
   2.3295310e+06   3.9489746e+01
   2.3296480e+06   3.6437988e+01
   2.3528340e+06   3.6804199e+01
   2.3631640e+06   3.6193848e+01
   2.3646310e+06   3.6682129e+01
   2.3650280e+06   3.9916992e+01
   2.3690370e+06   3.4851074e+01
   2.3712050e+06   3.8879395e+01
   2.4037540e+06   4.3029785e+01
   2.4064100e+06   3.7109375e+01
   2.4064400e+06   7.3059082e+01
   2.4064610e+06   3.7170410e+01
   2.4065040e+06   3.9123535e+01
   2.4065150e+06   4.2358398e+01
   2.4065570e+06   5.5358887e+01
   2.4066260e+06   5.0231934e+01
   2.4066390e+06   3.8452148e+01
   2.4066720e+06   5.6335449e+01
   2.4067380e+06   3.5888672e+01
   2.4067500e+06   4.3823242e+01
   2.4067770e+06   3.6071777e+01
   2.4068010e+06   3.7231445e+01
   2.4068290e+06   4.0954590e+01
   2.4069760e+06   3.5949707e+01
   2.4070360e+06   4.4921875e+01
   2.4071660e+06   3.5461426e+01
   2.4073090e+06   4.1931152e+01
   2.4073570e+06   4.0771484e+01
   2.4076630e+06   3.6193848e+01
   2.4782770e+06   3.7963867e+01
   2.4851560e+06   4.1503906e+01
   2.4982330e+06   3.4912109e+01
   2.5076800e+06   3.6865234e+01
   2.5524090e+06   3.6437988e+01
   2.5524390e+06   4.0588379e+01
   2.5524700e+06   4.6447754e+01
   2.5524810e+06   6.1706543e+01
   2.5525540e+06   3.9245605e+01
   2.5525850e+06   5.4687500e+01
   2.5525960e+06   4.9682617e+01
   2.5526170e+06   5.4870605e+01
   2.5526500e+06   3.6865234e+01
   2.5526740e+06   4.4982910e+01
   2.5526970e+06   4.4128418e+01
   2.5527770e+06   4.1687012e+01
   2.5528410e+06   4.2724609e+01
   2.5528910e+06   3.9672852e+01
   2.5529500e+06   3.9855957e+01
   2.5531040e+06   6.0913086e+01
   2.5532580e+06   4.1137695e+01
   2.5536750e+06   3.5339355e+01
   2.5898030e+06   3.4729004e+01
   2.6326400e+06   3.8696289e+01
   2.6422890e+06   3.5766602e+01
   2.6447820e+06   3.4790039e+01
   2.6650160e+06   3.5644531e+01
   2.6757290e+06   3.6987305e+01
   2.6926390e+06   3.4973145e+01
   2.7064300e+06   3.5644531e+01
   2.7117240e+06   3.7841797e+01
   2.7404590e+06   3.6743164e+01
   2.7465100e+06   4.0222168e+01
   2.7522190e+06   3.8085938e+01
   2.7524940e+06   3.9306641e+01
   2.7527270e+06   5.4626465e+01
   2.7629930e+06   3.6132813e+01
   2.7643230e+06   3.4851074e+01
   2.7650190e+06   3.7048340e+01
   2.7650510e+06   3.5034180e+01
   2.7651000e+06   5.0415039e+01
   2.7651740e+06   3.5339355e+01
   2.7652050e+06   3.7231445e+01
   2.7652240e+06   3.9245605e+01
   2.7652520e+06   4.0344238e+01
   2.7653050e+06   3.7597656e+01
   2.7653280e+06   4.0222168e+01
   2.7653650e+06   4.1809082e+01
   2.7656460e+06   3.6743164e+01
   2.7658120e+06   3.8269043e+01
   2.7661920e+06   3.6315918e+01
   2.7855250e+06   3.5888672e+01
   2.8247610e+06   3.7048340e+01
   2.8265690e+06   4.3701172e+01
   2.8349200e+06   3.9245605e+01
   2.8398140e+06   3.8513184e+01
   2.8516360e+06   3.6682129e+01
   2.8517190e+06   3.5156250e+01
   2.8518190e+06   5.8654785e+01
   2.8518750e+06   4.0771484e+01
   2.8518910e+06   7.4707031e+01
   2.8519790e+06   3.5156250e+01
   2.8520650e+06   5.1940918e+01
   2.8639660e+06   3.4912109e+01
   2.8695210e+06   3.4851074e+01
   2.8729500e+06   3.6621094e+01
   2.8778950e+06   3.6254883e+01
   2.8899670e+06   4.4006348e+01
   2.9159150e+06   3.8208008e+01
   2.9162720e+06   3.5705566e+01
   2.9172460e+06   4.3395996e+01
   2.9478840e+06   3.4790039e+01
   2.9521150e+06   3.8818359e+01
   2.9522310e+06   3.5949707e+01
   2.9530610e+06   3.5217285e+01
   2.9569670e+06   5.1696777e+01
   2.9570640e+06   4.0161133e+01
   2.9792740e+06   3.9978027e+01
   3.0019430e+06   4.2907715e+01
   3.0094670e+06   3.8940430e+01
   3.0094990e+06   4.0222168e+01
   3.0095380e+06   4.2419434e+01
   3.0095970e+06   4.8950195e+01
   3.0096470e+06   3.6010742e+01
   3.0096720e+06   4.2968750e+01
   3.0096960e+06   4.0283203e+01
   3.0097180e+06   5.5725098e+01
   3.0097660e+06   3.5217285e+01
   3.0097960e+06   3.7292480e+01
   3.0098230e+06   4.0832520e+01
   3.0099070e+06   3.5339355e+01
   3.0099220e+06   3.4790039e+01
   3.0100060e+06   3.4790039e+01
   3.0100870e+06   4.3212891e+01
   3.0101620e+06   4.4799805e+01
   3.0105680e+06   4.5349121e+01
   3.0385190e+06   4.4128418e+01
   3.0546860e+06   3.7231445e+01
   3.0575660e+06   4.0710449e+01
   3.0827180e+06   3.8574219e+01
   3.0938830e+06   4.9316406e+01
   3.0972630e+06   3.6804199e+01
   3.1116140e+06   3.7292480e+01
   3.1281790e+06   3.5644531e+01
   3.1551190e+06   3.4973145e+01
   3.1571650e+06   3.7658691e+01
   3.1766520e+06   3.6987305e+01
   3.1773320e+06   3.6193848e+01
   3.1867400e+06   5.8166504e+01
   3.1868170e+06   4.9133301e+01
   3.1868940e+06   4.0527344e+01
   3.1869920e+06   3.8940430e+01
   3.1872460e+06   3.8879395e+01
   3.2080620e+06   3.7353516e+01
   3.2227400e+06   4.5227051e+01
   3.2227920e+06   3.9733887e+01
   3.2228500e+06   3.8269043e+01
   3.2229130e+06   4.6325684e+01
   3.2229970e+06   4.1564941e+01
   3.2230270e+06   4.3457031e+01
   3.2230560e+06   3.9184570e+01
   3.2231270e+06   3.5278320e+01
   3.2231420e+06   4.1992188e+01
   3.2231930e+06   3.7597656e+01
   3.2232430e+06   3.7780762e+01
   3.2239220e+06   3.5766602e+01
   3.2402010e+06   5.9448242e+01
   3.2402330e+06   4.2236328e+01
   3.2402630e+06   3.4851074e+01
   3.2402850e+06   4.9743652e+01
   3.2403110e+06   3.7719727e+01
   3.2403250e+06   3.7170410e+01
   3.2403460e+06   5.5603027e+01
   3.2403660e+06   4.4067383e+01
   3.2403990e+06   3.8146973e+01
   3.2404190e+06   3.8269043e+01
   3.2404400e+06   4.7119141e+01
   3.2404690e+06   3.7170410e+01
   3.2404870e+06   4.3762207e+01
   3.2405360e+06   3.6193848e+01
   3.2406090e+06   4.6447754e+01
   3.2408370e+06   3.6865234e+01
   3.3044780e+06   3.5766602e+01
   3.3448140e+06   5.6152344e+01
   3.3449260e+06   3.9794922e+01
   3.3449490e+06   3.5766602e+01
   3.3449670e+06   3.8818359e+01
   3.3450800e+06   4.2907715e+01
   3.3452070e+06   6.0729980e+01
   3.3452190e+06   3.9794922e+01
   3.3452720e+06   4.2297363e+01
   3.3453340e+06   3.8940430e+01
   3.3454450e+06   3.4790039e+01
   3.3472340e+06   3.5522461e+01
   3.3577820e+06   3.5461426e+01
   3.3906240e+06   3.5522461e+01
   3.4041190e+06   3.8330078e+01
   3.4164890e+06   3.5217285e+01
   3.4182490e+06   3.5583496e+01
   3.4190700e+06   4.3090820e+01
   3.4191130e+06   3.6010742e+01
   3.4191920e+06   4.8095703e+01
   3.4193710e+06   4.5898438e+01
   3.4196170e+06   3.7902832e+01
   3.4321110e+06   4.4555664e+01
   3.4321410e+06   3.6499023e+01
   3.4322250e+06   4.2358398e+01
   3.4322680e+06   3.7292480e+01
   3.4322940e+06   5.2856445e+01
   3.4323490e+06   4.0161133e+01
   3.4323760e+06   4.2480469e+01
   3.4324220e+06   3.6743164e+01
   3.4324380e+06   6.6040039e+01
   3.4325240e+06   3.4973145e+01
   3.4325750e+06   4.0283203e+01
   3.4325900e+06   4.8339844e+01
   3.4326500e+06   3.9489746e+01
   3.4327540e+06   5.0842285e+01
   3.4577840e+06   3.9367676e+01
   3.4577980e+06   3.5888672e+01
   3.4578460e+06   3.5705566e+01
   3.4578950e+06   3.9489746e+01
   3.4580970e+06   4.0039063e+01
   3.4581160e+06   6.6528320e+01
   3.4582540e+06   3.5522461e+01
   3.4582780e+06   4.0588379e+01
   3.4583730e+06   5.6762695e+01
   3.4584110e+06   4.1076660e+01
   3.5148970e+06   3.6743164e+01
   3.5210960e+06   3.9794922e+01
   3.5306860e+06   3.5339355e+01
   3.5312710e+06   3.4851074e+01
   3.5466450e+06   3.6132813e+01
   3.5752470e+06   3.8024902e+01
   3.5754720e+06   4.6386719e+01
   3.5862190e+06   5.5603027e+01
   3.5862520e+06   4.4555664e+01
   3.5862760e+06   4.9377441e+01
   3.5862860e+06   7.3913574e+01
   3.5863210e+06   4.1076660e+01
   3.5863320e+06   4.0161133e+01
   3.5863460e+06   3.9550781e+01
   3.5863630e+06   5.1513672e+01
   3.5863820e+06   3.5827637e+01
   3.5864050e+06   5.1391602e+01
   3.5864570e+06   3.5339355e+01
   3.5864750e+06   4.3945313e+01
   3.5865210e+06   3.7780762e+01
   3.5865390e+06   4.4067383e+01
   3.5865970e+06   3.8024902e+01
   3.5866300e+06   4.1992188e+01
   3.5867060e+06   3.6926270e+01
   3.5867410e+06   3.5339355e+01
   3.5867810e+06   3.7780762e+01
   3.5870540e+06   3.8635254e+01
   3.5871370e+06   4.0527344e+01
   3.7077840e+06   3.5339355e+01
   3.7443350e+06   3.9245605e+01
   3.7715220e+06   3.4912109e+01
   3.8044510e+06   3.6499023e+01
   3.8060560e+06   4.3212891e+01
   3.8108050e+06   3.6132813e+01
   3.8108230e+06   3.9794922e+01
   3.8109030e+06   4.0832520e+01
   3.8109250e+06   5.4016113e+01
   3.8109710e+06   3.8574219e+01
   3.8109870e+06   3.9001465e+01
   3.8110190e+06   3.4912109e+01
   3.8110640e+06   3.8024902e+01
   3.8111000e+06   3.9306641e+01
   3.8111160e+06   3.6560059e+01
   3.8111360e+06   3.5522461e+01
   3.8111630e+06   3.5583496e+01
   3.8112280e+06   4.0893555e+01
   3.8112570e+06   3.6132813e+01
   3.8113410e+06   3.8635254e+01
   3.8113750e+06   4.3334961e+01
   3.8114130e+06   3.7109375e+01
   3.8114330e+06   3.7536621e+01
   3.8114620e+06   3.6010742e+01
   3.8118410e+06   3.6132813e+01
   3.8121580e+06   3.6437988e+01
   3.8122720e+06   3.9672852e+01
   3.8127520e+06   4.2053223e+01
   3.8129010e+06   4.0771484e+01
   3.8131150e+06   3.9123535e+01
   3.9273700e+06   4.3945313e+01
   3.9389000e+06   3.7048340e+01
   3.9522140e+06   3.8940430e+01
   3.9815180e+06   3.4912109e+01
   3.9832610e+06   3.7658691e+01
   3.9961110e+06   3.7475586e+01
   4.0016240e+06   3.9001465e+01
   4.0316400e+06   3.6193848e+01
   4.0795230e+06   3.5522461e+01
   4.0795350e+06   3.6743164e+01
   4.0795720e+06   3.6865234e+01
   4.0795890e+06   3.7353516e+01
   4.0796650e+06   3.6682129e+01
   4.0796900e+06   7.1105957e+01
   4.0797020e+06   4.0771484e+01
   4.0797280e+06   4.2053223e+01
   4.0797650e+06   4.2297363e+01
   4.0797790e+06   5.6945801e+01
   4.0798060e+06   3.8757324e+01
   4.0798410e+06   3.8085938e+01
   4.0799100e+06   3.8391113e+01
   4.0799220e+06   4.0588379e+01
   4.0800070e+06   3.6621094e+01
   4.0800470e+06   3.7902832e+01
   4.0801510e+06   4.7180176e+01
   4.0802480e+06   3.5217285e+01
   4.0805100e+06   3.7353516e+01
   4.0986420e+06   4.5349121e+01
   4.1110360e+06   3.7414551e+01
   4.1149930e+06   3.6376953e+01
   4.1360320e+06   4.6691895e+01
   4.1677170e+06   4.7790527e+01
   4.1678170e+06   4.5410156e+01
   4.1935100e+06   3.6560059e+01
   4.2107260e+06   3.5522461e+01
   4.2168960e+06   3.6743164e+01
   4.2237670e+06   3.6926270e+01
   4.2294770e+06   4.2358398e+01
   4.2299150e+06   3.6132813e+01
   4.2305650e+06   3.7292480e+01
   4.2337350e+06   3.9306641e+01
   4.2338000e+06   4.4921875e+01
   4.2338440e+06   3.6132813e+01
   4.2338580e+06   3.7109375e+01
   4.2338740e+06   4.0283203e+01
   4.2338910e+06   4.3518066e+01
   4.2339380e+06   3.5888672e+01
   4.2339710e+06   4.1992188e+01
   4.2340590e+06   3.6926270e+01
   4.2340720e+06   3.6437988e+01
   4.2341390e+06   6.4147949e+01
   4.2342060e+06   3.5583496e+01
   4.2343340e+06   3.9489746e+01
   4.2343720e+06   3.7414551e+01
   4.2346490e+06   3.5217285e+01
   4.2551240e+06   5.3955078e+01
   4.2552140e+06   3.6193848e+01
   4.2554790e+06   3.5644531e+01
   4.2963020e+06   5.0903320e+01
   4.2963520e+06   3.9245605e+01
   4.2964010e+06   4.2602539e+01
   4.2964230e+06   5.1879883e+01
   4.2966130e+06   4.2053223e+01
   4.3186360e+06   3.5827637e+01
   4.3334070e+06   4.8950195e+01
   4.3335290e+06   4.4433594e+01
   4.3442140e+06   5.3283691e+01
   4.3443820e+06   3.8269043e+01
   4.3570860e+06   3.6437988e+01
   4.3722420e+06   3.7719727e+01
   4.3723110e+06   4.1931152e+01
   4.3723740e+06   4.0161133e+01
   4.3724260e+06   3.8208008e+01
   4.3724760e+06   3.9245605e+01
   4.4068240e+06   4.4799805e+01
   4.4068440e+06   4.0039063e+01
   4.4068590e+06   4.8339844e+01
   4.4068790e+06   3.8269043e+01
   4.4069130e+06   5.5603027e+01
   4.4069650e+06   3.6010742e+01
   4.4069760e+06   4.1015625e+01
   4.4070110e+06   3.8818359e+01
   4.4070330e+06   3.9001465e+01
   4.4070740e+06   3.8085938e+01
   4.4070970e+06   3.9306641e+01
   4.4072010e+06   4.0893555e+01
   4.4072550e+06   4.1748047e+01
   4.4072660e+06   3.6071777e+01
   4.4072810e+06   4.9499512e+01
   4.4073000e+06   4.2724609e+01
   4.4073200e+06   3.9550781e+01
   4.4074060e+06   4.4494629e+01
   4.4074370e+06   4.1870117e+01
   4.4075000e+06   3.5156250e+01
   4.4075480e+06   3.8208008e+01
   4.4076460e+06   4.5715332e+01
   4.4078180e+06   3.5705566e+01
   4.4078580e+06   3.5095215e+01
   4.4080690e+06   3.6926270e+01
   4.4084180e+06   4.4128418e+01
   4.4085610e+06   3.5095215e+01
   4.4089330e+06   4.4250488e+01
   4.5459140e+06   3.5705566e+01
   4.5484710e+06   4.1931152e+01
   4.5566300e+06   3.4973145e+01
   4.5618520e+06   3.5888672e+01
   4.5667000e+06   4.0161133e+01
   4.5672970e+06   4.3212891e+01
   4.5715920e+06   3.7658691e+01
   4.5901050e+06   3.6621094e+01
   4.5934430e+06   3.9794922e+01
   4.6026190e+06   3.4790039e+01
   4.6128530e+06   4.3151855e+01
   4.6358430e+06   3.7231445e+01
   4.6450430e+06   3.5888672e+01
   4.6553350e+06   3.7109375e+01
   4.6749600e+06   3.4851074e+01
   4.6879790e+06   4.0344238e+01
   4.6910380e+06   3.9245605e+01
   4.6929020e+06   4.1809082e+01
   4.6934390e+06   3.6376953e+01
   4.6946270e+06   3.5705566e+01
   4.6968880e+06   4.2846680e+01
   4.6969360e+06   4.4189453e+01
   4.6969550e+06   4.4128418e+01
   4.6970040e+06   5.4016113e+01
   4.6970360e+06   3.6132813e+01
   4.6970760e+06   4.4616699e+01
   4.6971100e+06   4.1137695e+01
   4.6971400e+06   5.6213379e+01
   4.6972280e+06   4.0161133e+01
   4.6972720e+06   3.5888672e+01
   4.6980480e+06   3.4912109e+01
   4.7224710e+06   3.5949707e+01
   4.7239840e+06   3.7170410e+01
   4.7350520e+06   3.9794922e+01
   4.7376700e+06   3.6621094e+01
   4.7544950e+06   4.2236328e+01
   4.7545130e+06   3.9184570e+01
   4.7545580e+06   3.7536621e+01
   4.7547320e+06   3.6804199e+01
   4.7556430e+06   3.5583496e+01
   4.7699890e+06   4.8339844e+01
   4.7700610e+06   3.6743164e+01
   4.7707760e+06   4.0161133e+01
   4.7830910e+06   3.4851074e+01
   4.7877300e+06   3.7292480e+01
   4.7886860e+06   3.7170410e+01
   4.7951090e+06   5.0903320e+01
   4.7951400e+06   4.0649414e+01
   4.7951740e+06   3.9794922e+01
   4.7953470e+06   4.0588379e+01
   4.7956450e+06   3.8696289e+01
   4.8148400e+06   4.5471191e+01
   4.8149040e+06   3.5522461e+01
   4.8638840e+06   4.2907715e+01
   4.8745160e+06   3.6010742e+01
   4.8963520e+06   3.9306641e+01
   4.9114080e+06   3.8757324e+01
   4.9227890e+06   3.4851074e+01
   4.9769840e+06   3.6743164e+01
   4.9771740e+06   4.3945313e+01
   4.9772310e+06   4.2175293e+01
   4.9772730e+06   4.1870117e+01
   4.9772900e+06   4.6386719e+01
   4.9773160e+06   3.6499023e+01
   4.9775050e+06   3.5461426e+01
   4.9775380e+06   4.2419434e+01
   4.9775630e+06   3.7353516e+01
   4.9776830e+06   4.6813965e+01
   4.9777420e+06   3.6254883e+01
   4.9777730e+06   3.9916992e+01
   4.9778480e+06   4.7546387e+01
   4.9778770e+06   4.9438477e+01
   4.9780120e+06   3.7170410e+01
   4.9782020e+06   3.6254883e+01
   5.0385540e+06   3.7841797e+01
   5.0472650e+06   3.8452148e+01
   5.0557970e+06   3.6010742e+01
   5.0622810e+06   3.5644531e+01
   5.1299620e+06   4.9682617e+01
   5.1299850e+06   4.6325684e+01
   5.1300040e+06   5.1818848e+01
   5.1300290e+06   4.1198730e+01
   5.1300580e+06   6.7993164e+01
   5.1300970e+06   3.8635254e+01
   5.1301280e+06   3.8635254e+01
   5.1301460e+06   3.9611816e+01
   5.1301750e+06   6.6040039e+01
   5.1301950e+06   3.9794922e+01
   5.1302380e+06   3.5949707e+01
   5.1302760e+06   3.9062500e+01
   5.1302920e+06   3.9306641e+01
   5.1303340e+06   4.3029785e+01
   5.1303540e+06   3.7170410e+01
   5.1303970e+06   4.7668457e+01
   5.1304350e+06   3.5278320e+01
   5.1307070e+06   3.6499023e+01
   5.1310790e+06   3.6437988e+01
   5.1321170e+06   3.7109375e+01
   5.2580770e+06   4.1625977e+01
   5.2908620e+06   3.5766602e+01
   5.3038290e+06   3.9794922e+01
   5.3099310e+06   3.5217285e+01
   5.3398150e+06   3.7780762e+01
   5.3415790e+06   3.6376953e+01
   5.3532520e+06   3.6071777e+01
   5.3740990e+06   4.8889160e+01
   5.3745650e+06   3.9001465e+01
   5.3785600e+06   3.5034180e+01
   5.3900840e+06   4.1320801e+01
   5.3901280e+06   4.4067383e+01
   5.3901440e+06   3.7719727e+01
   5.3901610e+06   3.8024902e+01
   5.3901830e+06   4.6386719e+01
   5.3902220e+06   4.7302246e+01
   5.3902420e+06   4.0771484e+01
   5.3902840e+06   4.1503906e+01
   5.3903070e+06   4.1442871e+01
   5.3903420e+06   3.8146973e+01
   5.3903550e+06   4.0710449e+01
   5.3903980e+06   4.3518066e+01
   5.3904140e+06   3.9855957e+01
   5.3904320e+06   4.1015625e+01
   5.3904710e+06   4.9072266e+01
   5.3905440e+06   3.7048340e+01
   5.3905680e+06   3.7109375e+01
   5.3906010e+06   3.6865234e+01
   5.3906570e+06   3.5705566e+01
   5.3907900e+06   3.8024902e+01
   5.3909620e+06   4.1687012e+01
   5.3909950e+06   3.9550781e+01
   5.3911960e+06   3.5461426e+01
   5.3913110e+06   3.6010742e+01
   5.3920020e+06   4.7485352e+01
   5.4962980e+06   3.5400391e+01
   5.5058600e+06   3.4912109e+01
   5.5328600e+06   4.0649414e+01
   5.5810570e+06   3.5400391e+01
   5.6040380e+06   3.6254883e+01
   5.6165690e+06   3.6132813e+01
   5.6314710e+06   4.4982910e+01
   5.6340440e+06   3.4912109e+01
   5.6408280e+06   4.2236328e+01
   5.6517660e+06   3.7414551e+01
   5.6563230e+06   3.8085938e+01
   5.6730090e+06   3.6193848e+01
   5.6825730e+06   3.7963867e+01
   5.6826160e+06   4.4311523e+01
   5.7002810e+06   3.7231445e+01
   5.7046890e+06   3.6254883e+01
   5.7215190e+06   3.5583496e+01
   5.7250570e+06   3.5644531e+01
   5.7256420e+06   3.5705566e+01
   5.7400590e+06   3.6315918e+01
   5.7451650e+06   3.6437988e+01
   5.7522590e+06   6.1889648e+01
   5.7523310e+06   3.6621094e+01
   5.7524160e+06   3.6132813e+01
   5.7533380e+06   3.7414551e+01
   5.8014580e+06   3.8940430e+01
   5.8015830e+06   3.8208008e+01
   5.8016970e+06   3.5705566e+01
   5.8293870e+06   3.6621094e+01
   5.8294240e+06   3.6682129e+01
   5.8294810e+06   3.9855957e+01
   5.8295120e+06   5.1635742e+01
   5.8295230e+06   4.0771484e+01
   5.8295770e+06   5.7189941e+01
   5.8296080e+06   3.5766602e+01
   5.8296670e+06   3.6499023e+01
   5.8296830e+06   3.5339355e+01
   5.8297180e+06   5.7983398e+01
   5.8297490e+06   4.2480469e+01
   5.8299400e+06   4.5166016e+01
   5.8299630e+06   4.1381836e+01
   5.8299860e+06   3.8024902e+01
   5.8301730e+06   4.7119141e+01
   5.8310080e+06   4.2602539e+01
   5.8390250e+06   3.5461426e+01
   5.8701010e+06   3.5522461e+01
   5.8884350e+06   3.6132813e+01
   5.8959040e+06   3.6743164e+01
   5.9123870e+06   3.5400391e+01
   5.9270090e+06   3.8879395e+01
   5.9287130e+06   4.1931152e+01
   5.9287600e+06   3.7292480e+01
   5.9287820e+06   5.0720215e+01
   5.9289170e+06   3.7475586e+01
   5.9290770e+06   3.6499023e+01
   5.9305200e+06   5.2917480e+01
   5.9305860e+06   4.2114258e+01
   5.9306030e+06   3.6926270e+01
   5.9306150e+06   3.4973145e+01
   5.9306370e+06   3.6437988e+01
   5.9306730e+06   4.8950195e+01
   5.9306910e+06   3.9062500e+01
   5.9307290e+06   4.0405273e+01
   5.9307440e+06   4.4677734e+01
   5.9307880e+06   3.8818359e+01
   5.9308440e+06   5.3222656e+01
   5.9562890e+06   3.8696289e+01
   5.9583160e+06   4.8706055e+01
   5.9583590e+06   1.2451172e+02
   5.9583870e+06   4.1931152e+01
   5.9584180e+06   4.6936035e+01
   5.9584390e+06   3.7963867e+01
   5.9584620e+06   3.7963867e+01
   5.9584800e+06   4.2175293e+01
   5.9585240e+06   4.8339844e+01
   5.9585810e+06   4.5959473e+01
   5.9586170e+06   3.6926270e+01
   5.9586390e+06   4.9438477e+01
   5.9587430e+06   3.6071777e+01
   5.9587600e+06   3.6560059e+01
   5.9587920e+06   3.5339355e+01
   5.9589690e+06   3.7719727e+01
   5.9595870e+06   4.2175293e+01
