   5.9980000e+06   0.0000000e+00
   2.6154000e+04   4.0832520e+01
   3.0064000e+04   4.0100098e+01
   7.2283000e+04   6.2011719e+01
   7.4798000e+04   5.5053711e+01
   7.4938000e+04   5.9326172e+01
   1.1661100e+05   9.7839355e+01
   1.1675400e+05   5.0048828e+01
   1.1691300e+05   5.2185059e+01
   1.3731800e+05   9.0087891e+01
   1.5156800e+05   5.7800293e+01
   1.5185600e+05   5.9692383e+01
   1.7077600e+05   4.2724609e+01
   1.7080000e+05   7.2570801e+01
   1.7091100e+05   6.9946289e+01
   1.7102300e+05   5.0537109e+01
   1.7126400e+05   6.4147949e+01
   1.7137500e+05   4.7973633e+01
   1.7170700e+05   4.9011230e+01
   1.7189300e+05   6.0974121e+01
   1.7229300e+05   5.1879883e+01
   2.0083600e+05   4.6569824e+01
   2.0721700e+05   7.2204590e+01
   2.0737300e+05   6.2133789e+01
   2.4467200e+05   7.0251465e+01
   2.4478700e+05   6.9641113e+01
   2.4730500e+05   3.9672852e+01
   2.4732400e+05   4.3395996e+01
   2.4738200e+05   8.3557129e+01
   2.4747100e+05   7.0373535e+01
   2.4757400e+05   4.0893555e+01
   2.4759700e+05   4.1625977e+01
   2.4762600e+05   5.2124023e+01
   2.4764800e+05   4.1748047e+01
   2.4766900e+05   3.9794922e+01
   2.5921700e+05   4.2968750e+01
   2.7612500e+05   7.9406738e+01
   2.7631400e+05   8.4594727e+01
   2.7959200e+05   3.9611816e+01
   2.9627800e+05   6.4147949e+01
   3.0218400e+05   4.1137695e+01
   3.2392200e+05   4.0222168e+01
   3.2399200e+05   4.1320801e+01
   3.2401100e+05   5.8715820e+01
   3.2412700e+05   4.0405273e+01
   3.2415200e+05   6.0729980e+01
   3.2424000e+05   5.0109863e+01
   3.2430000e+05   4.2846680e+01
   3.2434100e+05   3.9733887e+01
   3.2436700e+05   5.0903320e+01
   3.2439600e+05   4.4433594e+01
   3.2447200e+05   5.8776855e+01
   3.2454800e+05   1.0906982e+02
   3.2463600e+05   4.0954590e+01
   3.2464800e+05   5.1940918e+01
   3.2468300e+05   4.4311523e+01
   3.2471600e+05   4.1442871e+01
   3.2480700e+05   5.5297852e+01
   3.2495000e+05   5.8776855e+01
   3.2497400e+05   1.1419678e+02
   3.2501100e+05   4.1564941e+01
   3.2520900e+05   6.0241699e+01
   3.2544600e+05   6.3537598e+01
   3.2568600e+05   5.5664063e+01
   3.2592300e+05   4.7241211e+01
   3.2617400e+05   5.1757813e+01
   3.2668000e+05   5.2001953e+01
   3.7687100e+05   4.3151855e+01
   4.1350100e+05   4.2175293e+01
   4.4242700e+05   8.1665039e+01
   4.4245700e+05   4.2541504e+01
   4.4248400e+05   4.7790527e+01
   4.4252800e+05   4.0649414e+01
   4.4255500e+05   5.8166504e+01
   4.4257400e+05   4.5837402e+01
   4.4259200e+05   5.4870605e+01
   4.4262000e+05   6.0607910e+01
   4.4264300e+05   3.9794922e+01
   4.4266000e+05   5.7495117e+01
   4.4268900e+05   5.2124023e+01
   4.4270500e+05   5.2124023e+01
   4.4274400e+05   1.3348389e+02
   4.4275900e+05   4.4250488e+01
   4.4278300e+05   4.5227051e+01
   4.4282400e+05   4.6447754e+01
   4.4283500e+05   6.8725586e+01
   4.4286000e+05   3.9794922e+01
   4.4294600e+05   7.3974609e+01
   4.4297000e+05   4.7790527e+01
   4.4298800e+05   4.3579102e+01
   4.4301500e+05   6.1828613e+01
   4.4303000e+05   5.2795410e+01
   4.4306600e+05   4.6875000e+01
   4.4310500e+05   4.6997070e+01
   4.4313500e+05   4.4067383e+01
   4.4324700e+05   5.4626465e+01
   4.4331000e+05   5.4443359e+01
   4.4340700e+05   4.0466309e+01
   4.4350500e+05   4.0832520e+01
   4.4351900e+05   4.4128418e+01
   4.4357200e+05   4.2602539e+01
   4.4362300e+05   4.0161133e+01
   4.4399000e+05   4.5104980e+01
   4.4401100e+05   5.5297852e+01
   4.4424500e+05   3.9733887e+01
   4.4429500e+05   4.4372559e+01
   4.4454500e+05   4.0893555e+01
   4.4474200e+05   4.2602539e+01
   4.4479500e+05   5.1147461e+01
   4.4517900e+05   5.9570313e+01
   4.4522300e+05   4.1381836e+01
   4.4540500e+05   4.5837402e+01
   4.4719000e+05   4.0283203e+01
   4.4786600e+05   4.1137695e+01
   4.9764100e+05   4.3579102e+01
   5.4375500e+05   4.5593262e+01
   5.6850700e+05   6.2683105e+01
   6.1777000e+05   4.3395996e+01
   6.1779200e+05   8.5083008e+01
   6.1785100e+05   6.2683105e+01
   6.1791600e+05   4.6875000e+01
   6.1799400e+05   6.2561035e+01
   6.1808600e+05   4.4555664e+01
   6.1811100e+05   4.2053223e+01
   6.1813700e+05   4.2846680e+01
   6.1815300e+05   4.9072266e+01
   6.1822800e+05   4.6264648e+01
   6.1824700e+05   4.8522949e+01
   6.1828700e+05   5.8288574e+01
   6.1831000e+05   4.0893555e+01
   6.1836500e+05   4.0344238e+01
   6.1840300e+05   4.1687012e+01
   6.1841600e+05   7.7392578e+01
   6.1843700e+05   4.0222168e+01
   6.1852500e+05   4.6020508e+01
   6.1855900e+05   4.1870117e+01
   6.1858700e+05   4.0039063e+01
   6.1861400e+05   5.3588867e+01
   6.1868500e+05   1.1547852e+02
   6.1869800e+05   4.5349121e+01
   6.1877800e+05   4.9499512e+01
   6.1894000e+05   4.0588379e+01
   6.1895200e+05   9.3933105e+01
   6.1921000e+05   1.3067627e+02
   6.1940600e+05   9.2590332e+01
   6.1949600e+05   4.0649414e+01
   6.1986500e+05   5.2185059e+01
   6.2327200e+05   4.1748047e+01
   6.8150200e+05   3.9978027e+01
   6.8152000e+05   5.8654785e+01
   6.8160000e+05   7.0739746e+01
   7.0997200e+05   4.0344238e+01
   7.1002900e+05   7.4279785e+01
   7.1023200e+05   5.8898926e+01
   7.4092000e+05   6.9641113e+01
   7.4106900e+05   7.6232910e+01
   7.6551800e+05   4.0283203e+01
   8.0643500e+05   5.0537109e+01
   8.0658400e+05   7.2387695e+01
   8.3600800e+05   8.5571289e+01
   8.3606300e+05   4.9926758e+01
   8.3614700e+05   6.6650391e+01
   8.3623500e+05   5.4626465e+01
   8.3630500e+05   5.8593750e+01
   8.3635500e+05   4.1320801e+01
   8.3640500e+05   5.4870605e+01
   8.3646400e+05   4.4372559e+01
   8.3648500e+05   5.3710938e+01
   8.3656400e+05   1.4642334e+02
   8.3658400e+05   4.8645020e+01
   8.3662400e+05   3.9978027e+01
   8.3664700e+05   5.0964355e+01
   8.3668600e+05   4.2236328e+01
   8.3680300e+05   5.4260254e+01
   8.3684800e+05   1.3122559e+02
   8.3690100e+05   6.2438965e+01
   8.3706200e+05   5.0598145e+01
   8.3708100e+05   1.0528564e+02
   8.3741500e+05   5.4565430e+01
   8.3754600e+05   4.0588379e+01
   8.3786300e+05   4.1992188e+01
   8.3815100e+05   5.2368164e+01
   8.3841400e+05   4.9499512e+01
   8.4101000e+05   4.4616699e+01
   9.2002900e+05   4.5532227e+01
   9.2008600e+05   7.3547363e+01
   9.2013200e+05   3.9916992e+01
   9.2014600e+05   4.4250488e+01
   9.2021400e+05   7.6477051e+01
   9.2027500e+05   4.4494629e+01
   9.2029200e+05   7.4890137e+01
   9.2031500e+05   4.4250488e+01
   9.2036700e+05   4.0466309e+01
   9.2038300e+05   6.1523438e+01
   9.2040900e+05   5.5969238e+01
   9.2045800e+05   9.7106934e+01
   9.2050300e+05   6.2744141e+01
   9.2053400e+05   1.0919189e+02
   9.2061800e+05   4.6386719e+01
   9.2065100e+05   7.1350098e+01
   9.2066400e+05   4.2785645e+01
   9.2073200e+05   5.0476074e+01
   9.2075900e+05   4.5776367e+01
   9.2077200e+05   5.2978516e+01
   9.2078900e+05   6.7016602e+01
   9.2083800e+05   4.3518066e+01
   9.2087600e+05   4.4738770e+01
   9.2089700e+05   5.7312012e+01
   9.2098100e+05   4.4128418e+01
   9.2105200e+05   6.5979004e+01
   9.2108000e+05   4.8156738e+01
   9.2115500e+05   5.1757813e+01
   9.2121900e+05   4.8156738e+01
   9.2127900e+05   5.2673340e+01
   9.2131000e+05   4.4677734e+01
   9.2135600e+05   5.0292969e+01
   9.2137600e+05   4.1503906e+01
   9.2146200e+05   5.3039551e+01
   9.2159800e+05   4.4372559e+01
   9.2186300e+05   4.9926758e+01
   9.2198200e+05   6.1584473e+01
   9.2206300e+05   5.0659180e+01
   9.2254500e+05   7.2143555e+01
   9.2296100e+05   5.0109863e+01
   9.2309100e+05   1.0150146e+02
   9.2324600e+05   4.0954590e+01
   9.2677700e+05   4.4250488e+01
   9.2758100e+05   4.0466309e+01
   1.0202090e+06   7.6660156e+01
   1.0206190e+06   7.2570801e+01
   1.0505190e+06   4.0832520e+01
   1.0623440e+06   7.4645996e+01
   1.0623900e+06   4.6691895e+01
   1.0624130e+06   6.8847656e+01
   1.0624780e+06   5.0720215e+01
   1.0625210e+06   4.4189453e+01
   1.0625790e+06   5.5114746e+01
   1.0626340e+06   5.0842285e+01
   1.0626840e+06   4.0222168e+01
   1.0627390e+06   4.3457031e+01
   1.0627740e+06   4.5410156e+01
   1.0627990e+06   4.5104980e+01
   1.0628090e+06   6.0852051e+01
   1.0628420e+06   4.1625977e+01
   1.0628540e+06   6.1645508e+01
   1.0628940e+06   4.3090820e+01
   1.0629680e+06   4.7607422e+01
   1.0629930e+06   6.5551758e+01
   1.0630720e+06   4.5410156e+01
   1.0630850e+06   4.1625977e+01
   1.0631230e+06   3.9794922e+01
   1.0631530e+06   4.0649414e+01
   1.0633340e+06   8.7646484e+01
   1.0633780e+06   4.1870117e+01
   1.0634650e+06   6.6040039e+01
   1.0636750e+06   5.6152344e+01
   1.1510840e+06   4.4616699e+01
   1.1710290e+06   4.4799805e+01
   1.1711820e+06   7.4645996e+01
   1.1712590e+06   6.3659668e+01
   1.1713310e+06   5.7434082e+01
   1.1714290e+06   6.1462402e+01
   1.1714760e+06   3.9855957e+01
   1.1715920e+06   4.9926758e+01
   1.1716770e+06   4.8767090e+01
   1.1717180e+06   4.0405273e+01
   1.1718060e+06   1.1053467e+02
   1.1718930e+06   4.2358398e+01
   1.1719490e+06   4.2175293e+01
   1.1719940e+06   6.1340332e+01
   1.1720390e+06   4.1564941e+01
   1.1721060e+06   1.2402344e+02
   1.1721690e+06   4.0405273e+01
   1.1722170e+06   6.1584473e+01
   1.1727850e+06   6.1950684e+01
   1.2582070e+06   4.5654297e+01
   1.2583100e+06   7.8247070e+01
   1.2583870e+06   7.0434570e+01
   1.2586180e+06   5.1147461e+01
   1.2586880e+06   5.4504395e+01
   1.2587420e+06   4.3334961e+01
   1.2587800e+06   5.2124023e+01
   1.2588200e+06   4.3884277e+01
   1.2588920e+06   4.0100098e+01
   1.2589240e+06   4.8767090e+01
   1.2590160e+06   4.3395996e+01
   1.2776480e+06   7.3120117e+01
   1.2979450e+06   7.2021484e+01
   1.3119950e+06   6.5124512e+01
   1.3120200e+06   4.0161133e+01
   1.3120520e+06   7.6477051e+01
   1.3120910e+06   5.6518555e+01
   1.3121230e+06   7.7270508e+01
   1.3121960e+06   5.0964355e+01
   1.3122120e+06   4.6936035e+01
   1.3122360e+06   4.1076660e+01
   1.3122780e+06   4.2175293e+01
   1.3123420e+06   1.5338135e+02
   1.3123710e+06   4.5166016e+01
   1.3124090e+06   4.1320801e+01
   1.3124390e+06   1.0015869e+02
   1.3124510e+06   4.5959473e+01
   1.3124920e+06   5.8105469e+01
   1.3125310e+06   4.0771484e+01
   1.3125450e+06   4.2236328e+01
   1.3125650e+06   1.0388184e+02
   1.3125840e+06   4.2236328e+01
   1.3126200e+06   5.0781250e+01
   1.3126550e+06   4.4555664e+01
   1.3126810e+06   6.8481445e+01
   1.3127080e+06   4.1931152e+01
   1.3128570e+06   6.8786621e+01
   1.3129120e+06   4.2236328e+01
   1.3129630e+06   5.7189941e+01
   1.3130890e+06   7.9833984e+01
   1.3131520e+06   5.1147461e+01
   1.3131910e+06   6.1828613e+01
   1.3132420e+06   4.1076660e+01
   1.3132960e+06   4.2480469e+01
   1.3133760e+06   4.2541504e+01
   1.3134490e+06   4.1748047e+01
   1.3134780e+06   8.8806152e+01
   1.3135280e+06   4.6386719e+01
   1.3136530e+06   5.0354004e+01
   1.3136640e+06   6.3842773e+01
   1.3138070e+06   4.3273926e+01
   1.3139610e+06   6.3415527e+01
   1.3140690e+06   4.1503906e+01
   1.3141970e+06   6.2805176e+01
   1.3145090e+06   7.2448730e+01
   1.3148200e+06   4.4067383e+01
   1.3149550e+06   4.0527344e+01
   1.3156810e+06   4.4250488e+01
   1.3179290e+06   4.4067383e+01
   1.3187800e+06   4.2114258e+01
   1.3191290e+06   4.5349121e+01
   1.3197400e+06   3.9611816e+01
   1.4391610e+06   4.0466309e+01
   1.4901660e+06   4.2968750e+01
   1.4972600e+06   4.7729492e+01
   1.4972890e+06   7.3547363e+01
   1.5060420e+06   5.7617188e+01
   1.5079930e+06   7.7453613e+01
   1.5081240e+06   7.8613281e+01
   1.5082870e+06   6.0913086e+01
   1.5085520e+06   4.1259766e+01
   1.5370550e+06   8.9660645e+01
   1.5491680e+06   4.3029785e+01
   1.5491920e+06   5.1513672e+01
   1.5493080e+06   6.5856934e+01
   1.5512550e+06   6.4819336e+01
   1.5513370e+06   8.2641602e+01
   1.5514130e+06   4.6325684e+01
   1.5516980e+06   5.5480957e+01
   1.5712970e+06   6.6284180e+01
   1.6188600e+06   6.7687988e+01
   1.6190200e+06   7.1960449e+01
   1.6191870e+06   5.8532715e+01
   1.6192230e+06   4.3518066e+01
   1.6194060e+06   6.4208984e+01
   1.6287020e+06   6.5246582e+01
   1.6549470e+06   6.3964844e+01
   1.6882700e+06   5.9814453e+01
   1.6883890e+06   5.7373047e+01
   1.6885180e+06   7.3730469e+01
   1.7369770e+06   6.7504883e+01
   1.7371680e+06   6.5795898e+01
   1.7510700e+06   5.0537109e+01
   1.7512000e+06   6.5185547e+01
   1.7513920e+06   5.9448242e+01
   1.7516680e+06   6.8359375e+01
   1.7567040e+06   8.4472656e+01
   1.7567890e+06   8.3435059e+01
   1.7568430e+06   4.1198730e+01
   1.7569040e+06   5.3833008e+01
   1.7569890e+06   4.4006348e+01
   1.7580520e+06   4.1076660e+01
   1.7825630e+06   7.5805664e+01
   1.8045570e+06   7.3730469e+01
   1.8046900e+06   7.0983887e+01
   1.8047870e+06   5.0415039e+01
   1.8289210e+06   9.3200684e+01
   1.8469560e+06   4.0344238e+01
   1.8477480e+06   5.1452637e+01
   1.8479880e+06   4.6569824e+01
   1.8675540e+06   5.6823730e+01
   1.8676750e+06   5.3649902e+01
   1.8881400e+06   5.9570313e+01
   1.8882270e+06   7.4157715e+01
   1.8883290e+06   6.9396973e+01
   1.8884670e+06   6.5063477e+01
   1.9002870e+06   5.4077148e+01
   1.9027090e+06   6.9458008e+01
   1.9027720e+06   5.4626465e+01
   1.9027980e+06   5.9753418e+01
   1.9028450e+06   4.2480469e+01
   1.9028730e+06   6.5612793e+01
   1.9028980e+06   4.5837402e+01
   1.9029570e+06   1.3336182e+02
   1.9085730e+06   4.0161133e+01
   1.9224520e+06   5.9204102e+01
   1.9342180e+06   6.7749023e+01
   1.9561380e+06   4.7851563e+01
   1.9562150e+06   5.4931641e+01
   1.9563170e+06   6.9641113e+01
   1.9563460e+06   4.0283203e+01
   1.9564270e+06   5.9753418e+01
   1.9567020e+06   4.3212891e+01
   1.9568070e+06   5.4321289e+01
   1.9968800e+06   6.6040039e+01
   1.9969060e+06   5.5480957e+01
   1.9969630e+06   6.9396973e+01
   1.9969810e+06   4.3884277e+01
   1.9970340e+06   4.1320801e+01
   1.9970750e+06   7.2814941e+01
   1.9970870e+06   4.3395996e+01
   1.9971130e+06   4.0466309e+01
   1.9971820e+06   6.9335938e+01
   1.9971980e+06   1.1126709e+02
   1.9972120e+06   4.8950195e+01
   1.9972280e+06   4.0405273e+01
   1.9972780e+06   4.4677734e+01
   1.9973190e+06   9.4848633e+01
   1.9973770e+06   5.4138184e+01
   1.9974300e+06   5.1086426e+01
   1.9974490e+06   8.0688477e+01
   1.9974840e+06   4.2480469e+01
   1.9975140e+06   4.6325684e+01
   1.9975740e+06   3.9794922e+01
   1.9975840e+06   6.6650391e+01
   1.9976250e+06   4.0344238e+01
   1.9977270e+06   7.7453613e+01
   1.9978250e+06   4.1931152e+01
   1.9978980e+06   9.1979980e+01
   1.9980100e+06   4.7180176e+01
   1.9980280e+06   5.3833008e+01
   1.9980380e+06   4.8217773e+01
   1.9981080e+06   4.0710449e+01
   1.9981830e+06   8.3312988e+01
   1.9981990e+06   4.6447754e+01
   1.9984240e+06   4.5715332e+01
   1.9984450e+06   4.3701172e+01
   1.9985990e+06   5.4626465e+01
   1.9987740e+06   4.4982910e+01
   1.9989030e+06   5.5480957e+01
   1.9991840e+06   5.4443359e+01
   1.9992790e+06   7.3303223e+01
   1.9995380e+06   6.5246582e+01
   1.9998060e+06   7.3059082e+01
   2.0001980e+06   4.0710449e+01
   2.0042530e+06   4.0893555e+01
   2.0852690e+06   4.1320801e+01
   2.0984660e+06   4.0771484e+01
   2.1135430e+06   3.9916992e+01
   2.1370560e+06   6.5734863e+01
   2.1371350e+06   6.6955566e+01
   2.1372190e+06   4.4860840e+01
   2.1375420e+06   5.6762695e+01
   2.1558210e+06   5.9265137e+01
   2.1703530e+06   9.0637207e+01
   2.1704260e+06   7.2204590e+01
   2.1705160e+06   5.9143066e+01
   2.1706430e+06   5.0354004e+01
   2.1707400e+06   7.0312500e+01
   2.1707570e+06   6.1523438e+01
   2.1708510e+06   4.2541504e+01
   2.1708920e+06   6.9519043e+01
   2.1709290e+06   4.5349121e+01
   2.1709610e+06   4.0954590e+01
   2.1710930e+06   1.0949707e+02
   2.1978820e+06   6.5246582e+01
   2.1979130e+06   4.2480469e+01
   2.1979540e+06   6.1096191e+01
   2.1979770e+06   4.7973633e+01
   2.1980190e+06   4.5654297e+01
   2.1980950e+06   4.5166016e+01
   2.1981360e+06   4.2114258e+01
   2.1981930e+06   4.0344238e+01
   2.1982250e+06   3.9672852e+01
   2.1982360e+06   5.7495117e+01
   2.1982640e+06   5.4565430e+01
   2.1982820e+06   3.9611816e+01
   2.1983030e+06   4.0100098e+01
   2.1983390e+06   4.0222168e+01
   2.1983680e+06   5.4077148e+01
   2.1984430e+06   4.5410156e+01
   2.1984580e+06   4.0954590e+01
   2.1984850e+06   1.1791992e+02
   2.1985000e+06   4.2114258e+01
   2.1985230e+06   4.3457031e+01
   2.1985890e+06   4.7668457e+01
   2.1987150e+06   4.0283203e+01
   2.1987640e+06   4.4128418e+01
   2.1988360e+06   8.0688477e+01
   2.1988700e+06   5.0048828e+01
   2.1989680e+06   6.1950684e+01
   2.1991090e+06   1.0095215e+02
   2.2468800e+06   4.0710449e+01
   2.2915610e+06   4.1137695e+01
   2.2916380e+06   8.0749512e+01
   2.2918000e+06   5.8349609e+01
   2.2919030e+06   4.8522949e+01
   2.2920390e+06   7.2570801e+01
   2.2920850e+06   4.1259766e+01
   2.2921820e+06   6.4880371e+01
   2.2923100e+06   4.2480469e+01
   2.3210850e+06   3.9978027e+01
   2.3289610e+06   4.9194336e+01
   2.3290150e+06   8.8012695e+01
   2.3290770e+06   5.8837891e+01
   2.3291660e+06   8.2031250e+01
   2.3293110e+06   6.0913086e+01
   2.3293320e+06   4.5104980e+01
   2.3294140e+06   5.9204102e+01
   2.3294490e+06   4.0466309e+01
   2.3295270e+06   3.9428711e+01
   2.3295680e+06   4.1870117e+01
   2.3296800e+06   1.1376953e+02
   2.3296960e+06   5.0842285e+01
   2.4065980e+06   4.6752930e+01
   2.4066610e+06   5.9143066e+01
   2.4067510e+06   7.6721191e+01
   2.4067840e+06   4.7668457e+01
   2.4068110e+06   4.4433594e+01
   2.4068220e+06   5.0598145e+01
   2.4069360e+06   4.8950195e+01
   2.4069940e+06   4.3457031e+01
   2.4070220e+06   4.0649414e+01
   2.4070340e+06   6.9885254e+01
   2.4071130e+06   4.1625977e+01
   2.4071710e+06   5.0048828e+01
   2.4073110e+06   4.1748047e+01
   2.4074460e+06   4.3090820e+01
   2.4076640e+06   5.8837891e+01
   2.4077130e+06   3.9672852e+01
   2.4077690e+06   4.4799805e+01
   2.4090310e+06   4.2541504e+01
   2.5355490e+06   3.9855957e+01
   2.5526190e+06   8.0383301e+01
   2.5526300e+06   4.4799805e+01
   2.5527110e+06   5.7189941e+01
   2.5527230e+06   5.0109863e+01
   2.5527870e+06   5.2429199e+01
   2.5528040e+06   3.9611816e+01
   2.5528920e+06   6.5490723e+01
   2.5529080e+06   4.1259766e+01
   2.5529820e+06   3.9916992e+01
   2.5530040e+06   5.7983398e+01
   2.5531130e+06   1.2091064e+02
   2.5531400e+06   5.7556152e+01
   2.5531840e+06   4.0832520e+01
   2.5532440e+06   4.3029785e+01
   2.5533060e+06   4.4921875e+01
   2.5533760e+06   5.4687500e+01
   2.5533980e+06   9.2895508e+01
   2.5534130e+06   4.2602539e+01
   2.5535240e+06   4.5837402e+01
   2.5538150e+06   5.7495117e+01
   2.5539370e+06   5.0537109e+01
   2.5541640e+06   4.4433594e+01
   2.6274130e+06   4.4006348e+01
   2.6947410e+06   4.2175293e+01
   2.7527660e+06   6.7077637e+01
   2.7580170e+06   4.0344238e+01
   2.7652650e+06   8.9416504e+01
   2.7653230e+06   5.8105469e+01
   2.7654810e+06   8.8439941e+01
   2.7657810e+06   6.2438965e+01
   2.8264590e+06   7.9772949e+01
   2.8518620e+06   7.4584961e+01
   2.8521090e+06   6.3110352e+01
   2.8527010e+06   5.3405762e+01
   2.8662820e+06   3.9916992e+01
   2.8884180e+06   4.1625977e+01
   2.9156610e+06   6.6162109e+01
   2.9504320e+06   4.1564941e+01
   2.9520610e+06   6.4514160e+01
   2.9522500e+06   5.6335449e+01
   2.9750700e+06   4.0405273e+01
   2.9856860e+06   4.1259766e+01
   3.0096290e+06   7.5256348e+01
   3.0096560e+06   4.0893555e+01
   3.0097030e+06   4.1076660e+01
   3.0097470e+06   9.7167969e+01
   3.0098870e+06   6.0852051e+01
   3.0099520e+06   4.1992188e+01
   3.0100870e+06   6.6711426e+01
   3.0101730e+06   4.0710449e+01
   3.0101970e+06   4.2480469e+01
   3.0102610e+06   4.5593262e+01
   3.0102880e+06   1.3146973e+02
   3.0103000e+06   4.0039063e+01
   3.0107440e+06   6.6406250e+01
   3.0109290e+06   5.0720215e+01
   3.0120070e+06   6.3293457e+01
   3.0179170e+06   3.9428711e+01
   3.0928720e+06   4.0466309e+01
   3.1114690e+06   1.4898682e+02
   3.1174140e+06   4.6386719e+01
   3.1279960e+06   6.3049316e+01
   3.1283980e+06   8.4411621e+01
   3.1459150e+06   4.0954590e+01
   3.1760300e+06   4.2114258e+01
   3.1790510e+06   4.2175293e+01
   3.1867100e+06   7.8430176e+01
   3.1867950e+06   6.2805176e+01
   3.1869000e+06   6.9580078e+01
   3.2226710e+06   1.4086914e+02
   3.2226890e+06   6.6772461e+01
   3.2228270e+06   5.5725098e+01
   3.2228630e+06   4.1809082e+01
   3.2229330e+06   7.7697754e+01
   3.2229630e+06   4.3090820e+01
   3.2230210e+06   5.0354004e+01
   3.2230530e+06   4.2541504e+01
   3.2230720e+06   3.9611816e+01
   3.2230980e+06   4.6569824e+01
   3.2231130e+06   4.1076660e+01
   3.2231800e+06   5.5175781e+01
   3.2235410e+06   1.2133789e+02
   3.2238320e+06   1.3018799e+02
   3.2403660e+06   1.4215088e+02
   3.2403880e+06   4.2236328e+01
   3.2404630e+06   4.6081543e+01
   3.2406930e+06   4.0283203e+01
   3.2839350e+06   4.3701172e+01
   3.3176040e+06   4.0344238e+01
   3.3213080e+06   4.1503906e+01
   3.3446340e+06   4.6752930e+01
   3.3446440e+06   4.7363281e+01
   3.3447990e+06   7.6721191e+01
   3.3448380e+06   4.4982910e+01
   3.3448940e+06   5.7128906e+01
   3.3449730e+06   4.5959473e+01
   3.3450470e+06   4.2358398e+01
   3.3451900e+06   6.5551758e+01
   3.3452250e+06   4.1381836e+01
   3.3452740e+06   4.3823242e+01
   3.3456030e+06   5.9509277e+01
   3.3941780e+06   8.2580566e+01
   3.4055750e+06   3.9550781e+01
   3.4189840e+06   6.2377930e+01
   3.4190850e+06   6.1767578e+01
   3.4192630e+06   5.2612305e+01
   3.4194000e+06   5.7556152e+01
   3.4195360e+06   5.5541992e+01
   3.4195550e+06   3.9916992e+01
   3.4195830e+06   1.4031982e+02
   3.4196230e+06   4.2053223e+01
   3.4200100e+06   5.2307129e+01
   3.4323600e+06   9.0576172e+01
   3.4324380e+06   1.6088867e+02
   3.4324630e+06   4.6203613e+01
   3.4326320e+06   4.6203613e+01
   3.4577390e+06   6.5246582e+01
   3.4577750e+06   3.9916992e+01
   3.4578140e+06   4.0710449e+01
   3.4578370e+06   5.6823730e+01
   3.4578520e+06   4.4006348e+01
   3.4579100e+06   7.2326660e+01
   3.4579240e+06   4.9560547e+01
   3.4580170e+06   4.6508789e+01
   3.4580380e+06   4.0527344e+01
   3.4580680e+06   6.1401367e+01
   3.4581360e+06   5.9997559e+01
   3.4581740e+06   4.6569824e+01
   3.4583090e+06   4.4677734e+01
   3.4583250e+06   1.3415527e+02
   3.4584450e+06   3.9428711e+01
   3.4586200e+06   4.5227051e+01
   3.4587740e+06   1.0363770e+02
   3.4588180e+06   4.1076660e+01
   3.4589700e+06   4.5349121e+01
   3.4592060e+06   4.0527344e+01
   3.4593520e+06   1.0559082e+02
   3.4598570e+06   3.9489746e+01
   3.4600950e+06   1.2701416e+02
   3.5466620e+06   7.1289063e+01
   3.5863650e+06   4.2358398e+01
   3.5863760e+06   8.2641602e+01
   3.5864050e+06   1.2567139e+02
   3.5864340e+06   4.3151855e+01
   3.5864480e+06   8.9660645e+01
   3.5865200e+06   1.2725830e+02
   3.5865330e+06   4.4738770e+01
   3.5865840e+06   5.3100586e+01
   3.5865970e+06   6.3598633e+01
   3.5866370e+06   7.1411133e+01
   3.5866890e+06   8.1848145e+01
   3.5867000e+06   6.2927246e+01
   3.5867470e+06   4.7851563e+01
   3.5867720e+06   5.7189941e+01
   3.5867830e+06   6.9091797e+01
   3.5868060e+06   4.0222168e+01
   3.5868400e+06   4.9621582e+01
   3.5868940e+06   5.0842285e+01
   3.5869120e+06   5.5908203e+01
   3.5869610e+06   4.2724609e+01
   3.5870010e+06   4.8828125e+01
   3.5873600e+06   4.8034668e+01
   3.5875800e+06   4.5654297e+01
   3.5877000e+06   4.1320801e+01
   3.5877970e+06   4.2907715e+01
   3.5881180e+06   4.0771484e+01
   3.5882270e+06   4.8156738e+01
   3.5883310e+06   4.2663574e+01
   3.5883630e+06   4.5715332e+01
   3.5888310e+06   4.4433594e+01
   3.5897340e+06   7.0007324e+01
   3.5914670e+06   4.6020508e+01
   3.5918660e+06   4.0649414e+01
   3.5925160e+06   4.5532227e+01
   3.5970310e+06   4.5471191e+01
   3.6012530e+06   4.0649414e+01
   3.6419620e+06   4.1992188e+01
   3.6696960e+06   4.1748047e+01
   3.6817990e+06   4.4311523e+01
   3.6940420e+06   4.5593262e+01
   3.7064970e+06   4.4189453e+01
   3.8110030e+06   6.8847656e+01
   3.8110440e+06   1.3446045e+02
   3.8111000e+06   5.9082031e+01
   3.8111150e+06   4.1259766e+01
   3.8111410e+06   4.8828125e+01
   3.8112030e+06   6.1523438e+01
   3.8112870e+06   1.3055420e+02
   3.8112990e+06   6.1645508e+01
   3.8113270e+06   5.0415039e+01
   3.8113710e+06   5.2001953e+01
   3.8113830e+06   9.6130371e+01
   3.8114610e+06   4.3884277e+01
   3.8114960e+06   4.6752930e+01
   3.8115160e+06   9.3078613e+01
   3.8115550e+06   4.3395996e+01
   3.8115950e+06   3.9489746e+01
   3.8116600e+06   6.7932129e+01
   3.8116880e+06   6.0424805e+01
   3.8117140e+06   4.7241211e+01
   3.8117310e+06   3.9855957e+01
   3.8118030e+06   5.8593750e+01
   3.8118450e+06   4.2114258e+01
   3.8118930e+06   5.1452637e+01
   3.8119800e+06   6.3049316e+01
   3.8120990e+06   4.8339844e+01
   3.8121550e+06   5.0720215e+01
   3.8122510e+06   4.4799805e+01
   3.8122730e+06   6.4758301e+01
   3.8123760e+06   5.9753418e+01
   3.8123890e+06   4.8339844e+01
   3.8125410e+06   4.1137695e+01
   3.8126090e+06   5.1574707e+01
   3.8126310e+06   5.7983398e+01
   3.8128710e+06   6.1828613e+01
   3.8133890e+06   8.0017090e+01
   3.8135500e+06   4.0283203e+01
   3.9075230e+06   4.1198730e+01
   4.0744800e+06   7.6782227e+01
   4.0797130e+06   7.7148438e+01
   4.0797960e+06   4.1259766e+01
   4.0798230e+06   7.0129395e+01
   4.0798680e+06   3.9428711e+01
   4.0799310e+06   6.9274902e+01
   4.0800020e+06   1.4874268e+02
   4.0800690e+06   6.0302734e+01
   4.0804230e+06   4.6691895e+01
   4.0804500e+06   1.2475586e+02
   4.0805580e+06   4.1992188e+01
   4.0806080e+06   6.2988281e+01
   4.0809250e+06   6.1462402e+01
   4.1360710e+06   6.0668945e+01
   4.1678520e+06   7.7026367e+01
   4.1680090e+06   5.8532715e+01
   4.2294900e+06   5.4199219e+01
   4.2295610e+06   4.7607422e+01
   4.2338590e+06   7.1472168e+01
   4.2339520e+06   5.7556152e+01
   4.2340350e+06   5.4992676e+01
   4.2340650e+06   4.4128418e+01
   4.2341700e+06   5.2490234e+01
   4.2341970e+06   5.1147461e+01
   4.2342170e+06   1.4392090e+02
   4.2342560e+06   4.2297363e+01
   4.2342950e+06   5.3344727e+01
   4.2346390e+06   6.2500000e+01
   4.2550730e+06   7.2937012e+01
   4.2551640e+06   5.0598145e+01
   4.2962200e+06   8.4716797e+01
   4.2963620e+06   4.1320801e+01
   4.2963830e+06   5.0354004e+01
   4.2964890e+06   5.9265137e+01
   4.2965400e+06   3.9550781e+01
   4.2966210e+06   5.5847168e+01
   4.2966470e+06   4.5043945e+01
   4.2967820e+06   5.1513672e+01
   4.3333170e+06   7.4340820e+01
   4.3722080e+06   7.8552246e+01
   4.3723130e+06   7.2021484e+01
   4.3724620e+06   7.0373535e+01
   4.3725970e+06   7.0922852e+01
   4.4069510e+06   8.0566406e+01
   4.4069850e+06   4.1076660e+01
   4.4070100e+06   4.0832520e+01
   4.4070700e+06   1.6101074e+02
   4.4070990e+06   4.4677734e+01
   4.4071320e+06   3.9611816e+01
   4.4071510e+06   4.6752930e+01
   4.4071910e+06   1.2310791e+02
   4.4072340e+06   5.7189941e+01
   4.4072760e+06   6.0424805e+01
   4.4073060e+06   6.2133789e+01
   4.4073220e+06   4.0283203e+01
   4.4073460e+06   5.5114746e+01
   4.4073680e+06   4.7729492e+01
   4.4073900e+06   4.6752930e+01
   4.4074020e+06   6.8603516e+01
   4.4074480e+06   4.9255371e+01
   4.4074940e+06   6.6467285e+01
   4.4075870e+06   6.1218262e+01
   4.4076130e+06   3.9916992e+01
   4.4076440e+06   5.2978516e+01
   4.4076660e+06   4.9926758e+01
   4.4076870e+06   5.3405762e+01
   4.4077580e+06   4.6325684e+01
   4.4078290e+06   4.2907715e+01
   4.4078890e+06   4.2175293e+01
   4.4080040e+06   4.3090820e+01
   4.4080860e+06   5.8532715e+01
   4.4081630e+06   3.9550781e+01
   4.4082130e+06   4.5654297e+01
   4.4083160e+06   4.4860840e+01
   4.4084730e+06   4.9255371e+01
   4.4085020e+06   4.3640137e+01
   4.4085290e+06   4.4860840e+01
   4.4086400e+06   4.6081543e+01
   4.4086520e+06   4.9865723e+01
   4.4088190e+06   4.6203613e+01
   4.4090920e+06   4.1748047e+01
   4.4091740e+06   3.9672852e+01
   4.4093210e+06   4.3579102e+01
   4.4096860e+06   4.6813965e+01
   4.4102030e+06   4.0039063e+01
   4.4103190e+06   9.1674805e+01
   4.4119660e+06   4.3395996e+01
   4.4910110e+06   4.3151855e+01
   4.5620200e+06   7.6965332e+01
   4.6355790e+06   6.7687988e+01
   4.6463050e+06   3.9978027e+01
   4.6797430e+06   8.3129883e+01
   4.6798840e+06   6.1584473e+01
   4.6930640e+06   5.7434082e+01
   4.6969970e+06   3.9489746e+01
   4.6970210e+06   1.3452148e+02
   4.6970700e+06   4.2175293e+01
   4.6971240e+06   5.3955078e+01
   4.6971840e+06   4.5898438e+01
   4.6971970e+06   4.3579102e+01
   4.6973100e+06   6.6894531e+01
   4.6975910e+06   6.6040039e+01
   4.6977260e+06   4.3945313e+01
   4.6978740e+06   6.4880371e+01
   4.7234670e+06   7.0312500e+01
   4.7544130e+06   3.9428711e+01
   4.7544730e+06   4.5715332e+01
   4.7545860e+06   6.7199707e+01
   4.7546890e+06   4.6936035e+01
   4.7698090e+06   3.9550781e+01
   4.7699350e+06   7.9528809e+01
   4.7700330e+06   5.7800293e+01
   4.7702980e+06   5.5297852e+01
   4.7950250e+06   7.7453613e+01
   4.7951980e+06   6.3354492e+01
   4.7953870e+06   4.9987793e+01
   4.7957210e+06   7.0922852e+01
   4.8148230e+06   6.6955566e+01
   4.8149100e+06   5.1940918e+01
   4.8476140e+06   7.0739746e+01
   4.8746090e+06   7.4768066e+01
   4.8962650e+06   6.9274902e+01
   4.8963750e+06   5.9997559e+01
   4.8964960e+06   5.1452637e+01
   4.8967900e+06   6.5246582e+01
   4.9772680e+06   1.4318848e+02
   4.9773620e+06   6.7321777e+01
   4.9774240e+06   4.2297363e+01
   4.9774640e+06   4.6203613e+01
   4.9774850e+06   3.9550781e+01
   4.9775010e+06   4.2724609e+01
   4.9775890e+06   4.2175293e+01
   4.9776220e+06   5.5419922e+01
   4.9776480e+06   4.9804688e+01
   4.9777230e+06   4.7546387e+01
   4.9777350e+06   4.2419434e+01
   4.9777710e+06   6.2438965e+01
   4.9778090e+06   4.6203613e+01
   4.9779910e+06   7.9711914e+01
   4.9780360e+06   4.6386719e+01
   4.9782300e+06   4.0100098e+01
   4.9782480e+06   9.4055176e+01
   4.9783450e+06   5.0720215e+01
   4.9784610e+06   3.9611816e+01
   4.9785050e+06   8.7402344e+01
   4.9785150e+06   5.7067871e+01
   4.9786800e+06   7.6843262e+01
   4.9788560e+06   3.9428711e+01
   4.9791430e+06   8.4594727e+01
   4.9794800e+06   1.5338135e+02
   5.0838280e+06   4.3457031e+01
   5.1300710e+06   1.4965820e+02
   5.1300860e+06   8.0200195e+01
   5.1301620e+06   4.4067383e+01
   5.1301830e+06   4.2968750e+01
   5.1302300e+06   5.3161621e+01
   5.1302700e+06   4.3395996e+01
   5.1302990e+06   1.4703369e+02
   5.1303160e+06   4.6081543e+01
   5.1303380e+06   5.5480957e+01
   5.1303490e+06   4.6630859e+01
   5.1304150e+06   8.1787109e+01
   5.1304540e+06   8.7280273e+01
   5.1305130e+06   5.2673340e+01
   5.1305300e+06   5.1818848e+01
   5.1305400e+06   5.1818848e+01
   5.1305600e+06   5.5786133e+01
   5.1306110e+06   4.5104980e+01
   5.1306420e+06   4.9499512e+01
   5.1306600e+06   4.5471191e+01
   5.1308280e+06   5.9082031e+01
   5.1309120e+06   9.5520020e+01
   5.1310120e+06   4.5532227e+01
   5.1310280e+06   4.1076660e+01
   5.1311110e+06   4.6508789e+01
   5.1311450e+06   4.7546387e+01
   5.1311800e+06   4.1625977e+01
   5.1312120e+06   5.2978516e+01
   5.1313160e+06   4.5410156e+01
   5.1313270e+06   4.8645020e+01
   5.1316650e+06   6.0302734e+01
   5.1320600e+06   6.1523438e+01
   5.1321050e+06   4.2297363e+01
   5.1323290e+06   4.5654297e+01
   5.1324220e+06   4.9987793e+01
   5.1324410e+06   4.1748047e+01
   5.1329890e+06   7.5317383e+01
   5.2646090e+06   3.9428711e+01
   5.2838460e+06   4.1687012e+01
   5.3902160e+06   7.8552246e+01
   5.3902390e+06   1.1315918e+02
   5.3902750e+06   4.5593262e+01
   5.3903270e+06   4.8583984e+01
   5.3903420e+06   7.6477051e+01
   5.3903990e+06   4.7058105e+01
   5.3904420e+06   5.8105469e+01
   5.3904840e+06   1.5014648e+02
   5.3905300e+06   5.0292969e+01
   5.3905560e+06   4.5715332e+01
   5.3905720e+06   3.9611816e+01
   5.3906230e+06   1.0729980e+02
   5.3906530e+06   4.3151855e+01
   5.3906740e+06   4.6630859e+01
   5.3907200e+06   1.1065674e+02
   5.3907850e+06   4.9743652e+01
   5.3908050e+06   6.1340332e+01
   5.3908250e+06   4.1809082e+01
   5.3908540e+06   4.2114258e+01
   5.3909000e+06   4.1870117e+01
   5.3909380e+06   4.5654297e+01
   5.3910000e+06   5.2246094e+01
   5.3911820e+06   4.5043945e+01
   5.3912150e+06   8.2336426e+01
   5.3912960e+06   3.9550781e+01
   5.3913480e+06   5.2246094e+01
   5.3914940e+06   6.5429688e+01
   5.3916300e+06   4.3823242e+01
   5.3917510e+06   7.2509766e+01
   5.3917710e+06   4.2968750e+01
   5.3923230e+06   9.3444824e+01
   5.3928970e+06   4.1198730e+01
   5.4035010e+06   4.0466309e+01
   5.4940270e+06   3.9489746e+01
   5.6018310e+06   4.4250488e+01
   5.6472910e+06   4.1442871e+01
   5.6557290e+06   6.2805176e+01
   5.6559450e+06   5.9570313e+01
   5.7247720e+06   6.7260742e+01
   5.7249570e+06   5.2246094e+01
   5.7521300e+06   4.2236328e+01
   5.7521800e+06   7.5805664e+01
   5.7522760e+06   3.9428711e+01
   5.7523450e+06   6.7138672e+01
   5.7524350e+06   4.0710449e+01
   5.7525380e+06   6.5795898e+01
   5.8013720e+06   7.3974609e+01
   5.8015240e+06   4.1015625e+01
   5.8016210e+06   6.3781738e+01
   5.8017510e+06   6.0668945e+01
   5.8295210e+06   5.3466797e+01
   5.8295890e+06   6.0668945e+01
   5.8295990e+06   4.2114258e+01
   5.8296510e+06   6.4819336e+01
   5.8298040e+06   6.2866211e+01
   5.8299110e+06   5.6823730e+01
   5.8299500e+06   4.6325684e+01
   5.8300360e+06   1.3494873e+02
   5.8300640e+06   4.2175293e+01
   5.8301730e+06   3.9550781e+01
   5.8302830e+06   4.0710449e+01
   5.8303900e+06   4.8828125e+01
   5.9288330e+06   7.2143555e+01
   5.9290520e+06   6.2744141e+01
   5.9306150e+06   5.8959961e+01
   5.9307630e+06   5.1513672e+01
   5.9308790e+06   7.2326660e+01
   5.9584230e+06   7.7331543e+01
   5.9584890e+06   7.2448730e+01
   5.9585740e+06   4.4799805e+01
   5.9585850e+06   3.9733887e+01
   5.9586180e+06   3.9916992e+01
   5.9586390e+06   4.6142578e+01
   5.9586670e+06   5.3771973e+01
   5.9587070e+06   4.1320801e+01
   5.9587310e+06   1.5191650e+02
   5.9587720e+06   4.9987793e+01
   5.9588690e+06   4.5349121e+01
   5.9588830e+06   5.7006836e+01
   5.9588980e+06   4.5410156e+01
   5.9589300e+06   4.6142578e+01
   5.9589830e+06   8.6120605e+01
   5.9590400e+06   4.2236328e+01
   5.9590540e+06   5.8715820e+01
   5.9590660e+06   4.2114258e+01
   5.9591760e+06   4.0832520e+01
   5.9592060e+06   4.0710449e+01
   5.9592350e+06   4.4189453e+01
   5.9596760e+06   1.1779785e+02
   5.9596930e+06   4.0405273e+01
