   5.9980000e+06   0.0000000e+00
   1.2850000e+04   3.7719727e+01
   3.2585000e+04   3.4179688e+01
   4.3190000e+04   4.0405273e+01
   4.7790000e+04   4.1503906e+01
   4.7966000e+04   3.9733887e+01
   7.1147000e+04   3.7536621e+01
   7.2260000e+04   4.9682617e+01
   7.2337000e+04   5.1086426e+01
   7.2592000e+04   3.4912109e+01
   7.2608000e+04   3.4484863e+01
   7.4861000e+04   3.8635254e+01
   7.4880000e+04   4.4494629e+01
   7.5017000e+04   5.3100586e+01
   7.5113000e+04   3.4790039e+01
   7.5412000e+04   4.0649414e+01
   9.5297000e+04   3.6743164e+01
   9.5379000e+04   5.1635742e+01
   1.1660500e+05   3.5095215e+01
   1.1665700e+05   4.6997070e+01
   1.1677200e+05   4.7302246e+01
   1.1694200e+05   4.7668457e+01
   1.2837400e+05   4.7668457e+01
   1.3520300e+05   3.8818359e+01
   1.3726200e+05   4.1931152e+01
   1.3739600e+05   5.6518555e+01
   1.3751000e+05   3.4240723e+01
   1.4597400e+05   3.6926270e+01
   1.5175100e+05   3.6254883e+01
   1.5604500e+05   4.1625977e+01
   1.7082700e+05   3.8391113e+01
   1.7085100e+05   5.5541992e+01
   1.7089500e+05   3.4118652e+01
   1.7099300e+05   3.7475586e+01
   1.7106100e+05   4.8950195e+01
   1.7109700e+05   3.9916992e+01
   1.7128100e+05   3.5644531e+01
   1.7132000e+05   3.5583496e+01
   1.7133500e+05   3.5766602e+01
   1.7199700e+05   3.6193848e+01
   1.9468000e+05   3.7597656e+01
   2.0083600e+05   5.5969238e+01
   2.0730700e+05   3.9489746e+01
   2.0735600e+05   4.8095703e+01
   2.0750800e+05   5.2490234e+01
   2.1710100e+05   4.8034668e+01
   2.4279600e+05   5.1879883e+01
   2.4464300e+05   4.7180176e+01
   2.4467400e+05   4.0710449e+01
   2.4476700e+05   3.7963867e+01
   2.4484400e+05   4.1503906e+01
   2.4514000e+05   3.8879395e+01
   2.4721800e+05   3.6682129e+01
   2.4726700e+05   3.6560059e+01
   2.4727900e+05   3.9428711e+01
   2.4730700e+05   5.6884766e+01
   2.4736800e+05   3.8269043e+01
   2.4742300e+05   3.9245605e+01
   2.4743400e+05   3.4667969e+01
   2.4749600e+05   4.3640137e+01
   2.4750700e+05   5.2551270e+01
   2.4753300e+05   3.8757324e+01
   2.4755000e+05   4.0771484e+01
   2.4763500e+05   3.7780762e+01
   2.4816000e+05   3.4362793e+01
   2.7619700e+05   5.0292969e+01
   2.8722400e+05   3.5400391e+01
   2.9612600e+05   3.6499023e+01
   2.9614300e+05   4.7180176e+01
   2.9618900e+05   4.4128418e+01
   3.2406000e+05   5.0048828e+01
   3.2407300e+05   7.0373535e+01
   3.2410400e+05   3.5766602e+01
   3.2412500e+05   4.9743652e+01
   3.2415800e+05   3.7170410e+01
   3.2419400e+05   5.0231934e+01
   3.2421900e+05   3.7109375e+01
   3.2427100e+05   3.6193848e+01
   3.2432100e+05   4.8645020e+01
   3.2433500e+05   3.9855957e+01
   3.2437900e+05   3.6132813e+01
   3.2442700e+05   3.9306641e+01
   3.2445900e+05   4.3212891e+01
   3.2449300e+05   3.4118652e+01
   3.2457000e+05   3.7963867e+01
   3.2459500e+05   4.4799805e+01
   3.2466100e+05   4.3457031e+01
   3.2469300e+05   4.0100098e+01
   3.2478000e+05   3.3996582e+01
   3.2486700e+05   4.8461914e+01
   3.2510100e+05   3.6560059e+01
   3.5456600e+05   5.4870605e+01
   3.7777900e+05   5.4870605e+01
   3.8748300e+05   5.0598145e+01
   3.9814100e+05   5.2062988e+01
   4.0861700e+05   6.0302734e+01
   4.4235600e+05   3.9245605e+01
   4.4237300e+05   5.4077148e+01
   4.4238500e+05   5.4809570e+01
   4.4240300e+05   5.5480957e+01
   4.4242700e+05   4.6691895e+01
   4.4244900e+05   5.4870605e+01
   4.4247100e+05   5.4138184e+01
   4.4248700e+05   4.3701172e+01
   4.4250400e+05   4.0222168e+01
   4.4256300e+05   6.2194824e+01
   4.4259200e+05   3.6743164e+01
   4.4260500e+05   4.3273926e+01
   4.4263000e+05   3.6682129e+01
   4.4265900e+05   3.9245605e+01
   4.4268100e+05   3.7475586e+01
   4.4271400e+05   6.1218262e+01
   4.4273700e+05   3.6743164e+01
   4.4277500e+05   3.9489746e+01
   4.4280400e+05   3.5644531e+01
   4.4283300e+05   3.6437988e+01
   4.4285300e+05   4.9316406e+01
   4.4288200e+05   3.8391113e+01
   4.4297400e+05   3.5156250e+01
   4.4301800e+05   3.8208008e+01
   4.4312600e+05   3.4301758e+01
   4.4335800e+05   3.5095215e+01
   4.4339300e+05   3.4545898e+01
   4.4343100e+05   4.0161133e+01
   4.4356600e+05   3.4301758e+01
   4.4368000e+05   3.5644531e+01
   4.4376900e+05   3.6621094e+01
   4.4385000e+05   3.5888672e+01
   4.4389500e+05   4.1320801e+01
   4.4400900e+05   3.7231445e+01
   4.4413800e+05   3.4667969e+01
   4.4426900e+05   3.5949707e+01
   4.4430900e+05   3.4973145e+01
   4.5128500e+05   3.4301758e+01
   5.4359400e+05   5.3955078e+01
   5.4395200e+05   4.6691895e+01
   5.6850800e+05   3.4118652e+01
   5.6858600e+05   3.4179688e+01
   5.6862000e+05   3.7597656e+01
   5.8354700e+05   3.8208008e+01
   6.1781100e+05   3.6804199e+01
   6.1782300e+05   4.3823242e+01
   6.1786100e+05   4.0344238e+01
   6.1789000e+05   3.5888672e+01
   6.1790200e+05   3.7597656e+01
   6.1794100e+05   5.3649902e+01
   6.1795800e+05   3.8330078e+01
   6.1802900e+05   3.7475586e+01
   6.1813100e+05   4.5715332e+01
   6.1818900e+05   3.8818359e+01
   6.1821800e+05   4.6142578e+01
   6.1822800e+05   3.6437988e+01
   6.1825100e+05   3.6010742e+01
   6.1827300e+05   6.1706543e+01
   6.1829700e+05   3.4545898e+01
   6.1834200e+05   4.9194336e+01
   6.1835800e+05   5.5114746e+01
   6.1837800e+05   3.4912109e+01
   6.1840000e+05   4.5410156e+01
   6.1841900e+05   4.1076660e+01
   6.1849200e+05   5.2307129e+01
   6.1850900e+05   3.8635254e+01
   6.1853100e+05   3.6437988e+01
   6.1856000e+05   3.9428711e+01
   6.1858600e+05   3.9794922e+01
   6.1864200e+05   3.7780762e+01
   6.1865700e+05   5.1940918e+01
   6.1867800e+05   3.9733887e+01
   6.1881800e+05   3.6010742e+01
   6.1890600e+05   4.4067383e+01
   6.1906900e+05   3.6743164e+01
   6.1914000e+05   3.9978027e+01
   6.1940200e+05   3.4423828e+01
   6.5717200e+05   5.4992676e+01
   6.5948900e+05   4.7607422e+01
   6.6139500e+05   5.3894043e+01
   6.6795400e+05   5.0354004e+01
   6.7108400e+05   4.3090820e+01
   6.8157300e+05   3.7963867e+01
   6.8158900e+05   5.2429199e+01
   6.8162900e+05   4.5959473e+01
   6.8165100e+05   3.6010742e+01
   6.8172000e+05   3.5644531e+01
   6.8188600e+05   4.1015625e+01
   7.0374400e+05   3.4973145e+01
   7.1009100e+05   3.5827637e+01
   7.1015000e+05   3.4912109e+01
   7.1017300e+05   3.8391113e+01
   7.1019700e+05   4.0832520e+01
   7.1025100e+05   3.6254883e+01
   7.4097100e+05   3.7780762e+01
   7.4101300e+05   3.7658691e+01
   7.9944600e+05   4.4555664e+01
   8.0638500e+05   3.7841797e+01
   8.0639500e+05   4.0954590e+01
   8.0643500e+05   4.9133301e+01
   8.0644800e+05   4.4616699e+01
   8.0658700e+05   3.6132813e+01
   8.0672000e+05   4.6508789e+01
   8.3602300e+05   3.4912109e+01
   8.3605100e+05   5.3771973e+01
   8.3608300e+05   4.2358398e+01
   8.3612400e+05   4.2358398e+01
   8.3622100e+05   4.6142578e+01
   8.3625700e+05   3.5827637e+01
   8.3634300e+05   3.4851074e+01
   8.3638900e+05   3.9855957e+01
   8.3641100e+05   3.9733887e+01
   8.3650300e+05   4.4982910e+01
   8.3652600e+05   3.7170410e+01
   8.3654000e+05   3.6132813e+01
   8.3658200e+05   3.6621094e+01
   8.3662600e+05   4.0283203e+01
   8.3665500e+05   3.5217285e+01
   8.3671300e+05   3.8330078e+01
   8.3689500e+05   4.0466309e+01
   8.3704100e+05   3.4179688e+01
   8.3709000e+05   4.1320801e+01
   8.5071800e+05   4.7912598e+01
   9.0785800e+05   4.6020508e+01
   9.2015500e+05   3.6254883e+01
   9.2017000e+05   4.3090820e+01
   9.2020500e+05   3.4423828e+01
   9.2023000e+05   3.7170410e+01
   9.2024700e+05   3.9916992e+01
   9.2026600e+05   5.5053711e+01
   9.2029900e+05   4.1320801e+01
   9.2033100e+05   4.0954590e+01
   9.2035800e+05   3.7658691e+01
   9.2038400e+05   5.0598145e+01
   9.2041500e+05   4.3395996e+01
   9.2042800e+05   3.4606934e+01
   9.2044900e+05   3.4851074e+01
   9.2047200e+05   4.1320801e+01
   9.2048900e+05   3.9916992e+01
   9.2051700e+05   3.9123535e+01
   9.2054500e+05   3.6132813e+01
   9.2055800e+05   5.3405762e+01
   9.2062000e+05   3.9550781e+01
   9.2065700e+05   3.7536621e+01
   9.2067800e+05   4.8034668e+01
   9.2069300e+05   4.7058105e+01
   9.2072400e+05   4.6630859e+01
   9.2078000e+05   3.7231445e+01
   9.2079400e+05   4.2358398e+01
   9.2083100e+05   3.5644531e+01
   9.2085700e+05   5.2124023e+01
   9.2088100e+05   3.7536621e+01
   9.2094700e+05   3.8940430e+01
   9.2103100e+05   3.9123535e+01
   9.2104200e+05   3.4240723e+01
   9.2107000e+05   4.1687012e+01
   9.2118100e+05   3.5705566e+01
   9.2120100e+05   3.8024902e+01
   9.2125500e+05   3.7292480e+01
   9.2130700e+05   4.3151855e+01
   9.2133100e+05   3.4362793e+01
   9.2137400e+05   3.9916992e+01
   9.2141100e+05   3.6804199e+01
   9.2148600e+05   3.8818359e+01
   9.2154500e+05   3.7475586e+01
   9.2187200e+05   3.4545898e+01
   9.2204500e+05   3.7475586e+01
   9.2208100e+05   4.2297363e+01
   9.6280300e+05   4.2846680e+01
   9.9324200e+05   4.7058105e+01
   9.9590600e+05   5.1513672e+01
   1.0200130e+06   4.4860840e+01
   1.0201200e+06   3.5888672e+01
   1.0201860e+06   5.5725098e+01
   1.0206630e+06   3.8635254e+01
   1.0206880e+06   3.8208008e+01
   1.0624060e+06   4.4250488e+01
   1.0624170e+06   4.4982910e+01
   1.0624330e+06   3.4179688e+01
   1.0624710e+06   4.4982910e+01
   1.0625380e+06   4.9194336e+01
   1.0625960e+06   3.8696289e+01
   1.0626090e+06   4.2480469e+01
   1.0627130e+06   3.5095215e+01
   1.0627280e+06   3.4484863e+01
   1.0627450e+06   5.5114746e+01
   1.0627750e+06   3.4545898e+01
   1.0628260e+06   3.6743164e+01
   1.0628560e+06   3.6315918e+01
   1.0628690e+06   6.9458008e+01
   1.0629750e+06   4.5837402e+01
   1.0629960e+06   4.6569824e+01
   1.0631040e+06   3.4912109e+01
   1.0631170e+06   5.9082031e+01
   1.0631560e+06   3.4118652e+01
   1.0632160e+06   4.4555664e+01
   1.0635660e+06   4.2358398e+01
   1.0858620e+06   4.1687012e+01
   1.1135970e+06   6.2072754e+01
   1.1711040e+06   3.4545898e+01
   1.1711300e+06   5.3283691e+01
   1.1711550e+06   3.6071777e+01
   1.1711870e+06   4.8767090e+01
   1.1712350e+06   6.0791016e+01
   1.1712470e+06   4.5349121e+01
   1.1712610e+06   3.9062500e+01
   1.1712790e+06   3.6132813e+01
   1.1713480e+06   3.9184570e+01
   1.1713890e+06   5.2612305e+01
   1.1714350e+06   4.5471191e+01
   1.1715370e+06   3.4301758e+01
   1.1715630e+06   3.4301758e+01
   1.1717340e+06   4.0649414e+01
   1.1717680e+06   4.2602539e+01
   1.1717830e+06   3.4790039e+01
   1.1718410e+06   3.9978027e+01
   1.1718520e+06   4.8156738e+01
   1.1720550e+06   3.4973145e+01
   1.2089920e+06   5.5541992e+01
   1.2110600e+06   5.0354004e+01
   1.2176030e+06   4.7058105e+01
   1.2285840e+06   4.9072266e+01
   1.2364430e+06   4.7973633e+01
   1.2443070e+06   4.6203613e+01
   1.2580170e+06   4.5288086e+01
   1.2583190e+06   4.9926758e+01
   1.2584550e+06   4.6264648e+01
   1.2585810e+06   3.6132813e+01
   1.2587550e+06   4.3334961e+01
   1.2587680e+06   3.5827637e+01
   1.2588530e+06   3.9306641e+01
   1.2589380e+06   4.3151855e+01
   1.2777120e+06   3.9733887e+01
   1.2778430e+06   4.9377441e+01
   1.2778850e+06   3.4729004e+01
   1.2913750e+06   4.9499512e+01
   1.2979880e+06   7.0251465e+01
   1.3119320e+06   4.2053223e+01
   1.3119450e+06   3.7536621e+01
   1.3119700e+06   4.7790527e+01
   1.3119980e+06   4.6997070e+01
   1.3120170e+06   3.9062500e+01
   1.3120380e+06   4.9926758e+01
   1.3120660e+06   4.2053223e+01
   1.3120890e+06   3.4240723e+01
   1.3121240e+06   6.7810059e+01
   1.3121630e+06   3.4667969e+01
   1.3121870e+06   3.6865234e+01
   1.3122100e+06   3.8085938e+01
   1.3122200e+06   5.8593750e+01
   1.3122430e+06   4.1076660e+01
   1.3122720e+06   3.4973145e+01
   1.3123110e+06   3.6621094e+01
   1.3123270e+06   4.4616699e+01
   1.3123480e+06   4.7241211e+01
   1.3123940e+06   3.7475586e+01
   1.3124200e+06   5.1147461e+01
   1.3124310e+06   3.8085938e+01
   1.3124690e+06   4.3640137e+01
   1.3124930e+06   3.7780762e+01
   1.3125760e+06   3.8085938e+01
   1.3126190e+06   3.4057617e+01
   1.3127310e+06   4.2175293e+01
   1.3127620e+06   4.2602539e+01
   1.3128950e+06   3.4484863e+01
   1.3129080e+06   3.8208008e+01
   1.3129600e+06   3.8574219e+01
   1.3130820e+06   3.7536621e+01
   1.3131070e+06   3.4362793e+01
   1.3131540e+06   3.5949707e+01
   1.3131760e+06   3.8574219e+01
   1.3133140e+06   3.4729004e+01
   1.3134920e+06   4.1687012e+01
   1.3137070e+06   3.9550781e+01
   1.3138370e+06   4.8583984e+01
   1.3863840e+06   3.4790039e+01
   1.4567540e+06   3.6132813e+01
   1.4570120e+06   4.6936035e+01
   1.4570220e+06   3.6743164e+01
   1.4816270e+06   5.1940918e+01
   1.5062260e+06   5.0109863e+01
   1.5074880e+06   4.6569824e+01
   1.5082160e+06   3.8146973e+01
   1.5084870e+06   3.5217285e+01
   1.5085500e+06   4.6081543e+01
   1.5237100e+06   3.8818359e+01
   1.5237290e+06   3.5400391e+01
   1.5279870e+06   3.7170410e+01
   1.5352240e+06   4.9316406e+01
   1.5373530e+06   4.0710449e+01
   1.5492110e+06   3.6193848e+01
   1.5492370e+06   3.4606934e+01
   1.5492550e+06   3.7353516e+01
   1.5492910e+06   4.5959473e+01
   1.5493320e+06   4.0466309e+01
   1.5493810e+06   3.4423828e+01
   1.5512230e+06   4.0405273e+01
   1.5512380e+06   4.2297363e+01
   1.5512630e+06   4.3579102e+01
   1.5512730e+06   3.9306641e+01
   1.5513230e+06   4.3701172e+01
   1.5513470e+06   3.7780762e+01
   1.5513620e+06   4.5837402e+01
   1.5514680e+06   3.5827637e+01
   1.5514780e+06   3.5766602e+01
   1.5514940e+06   3.4729004e+01
   1.5515190e+06   4.1748047e+01
   1.5515490e+06   3.7231445e+01
   1.5515710e+06   4.1992188e+01
   1.5516150e+06   3.6254883e+01
   1.5516460e+06   3.5766602e+01
   1.5520900e+06   3.5095215e+01
   1.5687680e+06   5.0720215e+01
   1.5712780e+06   3.6071777e+01
   1.5716280e+06   4.6447754e+01
   1.5985580e+06   4.8950195e+01
   1.6188670e+06   4.4860840e+01
   1.6188940e+06   3.9428711e+01
   1.6189480e+06   4.9987793e+01
   1.6189800e+06   4.6630859e+01
   1.6191790e+06   5.5541992e+01
   1.6192130e+06   3.8269043e+01
   1.6196930e+06   4.6325684e+01
   1.6520570e+06   4.9987793e+01
   1.6549530e+06   4.4738770e+01
   1.6550570e+06   3.4606934e+01
   1.6551450e+06   4.0039063e+01
   1.6553580e+06   5.3344727e+01
   1.6882610e+06   4.0466309e+01
   1.6883350e+06   4.3151855e+01
   1.6884090e+06   3.7963867e+01
   1.7100960e+06   4.8706055e+01
   1.7371220e+06   3.4912109e+01
   1.7511560e+06   3.9001465e+01
   1.7512150e+06   3.5583496e+01
   1.7512600e+06   3.8269043e+01
   1.7513370e+06   5.3894043e+01
   1.7516690e+06   4.2541504e+01
   1.7566680e+06   5.0720215e+01
   1.7566920e+06   4.6997070e+01
   1.7567370e+06   4.3151855e+01
   1.7567810e+06   4.2480469e+01
   1.7568170e+06   3.8391113e+01
   1.7568630e+06   3.5339355e+01
   1.7569970e+06   3.5034180e+01
   1.7570240e+06   3.6499023e+01
   1.7570930e+06   3.5034180e+01
   1.7571870e+06   3.6682129e+01
   1.7572230e+06   3.9733887e+01
   1.7574240e+06   3.5583496e+01
   1.7672120e+06   3.8818359e+01
   1.7825600e+06   3.4790039e+01
   1.7829360e+06   3.5827637e+01
   1.7854860e+06   3.9428711e+01
   1.7928600e+06   4.2419434e+01
   1.8006060e+06   4.9072266e+01
   1.8046430e+06   3.6254883e+01
   1.8046920e+06   3.4973145e+01
   1.8047200e+06   3.9001465e+01
   1.8047760e+06   3.4179688e+01
   1.8048510e+06   4.5166016e+01
   1.8051630e+06   3.8757324e+01
   1.8136100e+06   3.5949707e+01
   1.8257050e+06   3.4545898e+01
   1.8290270e+06   4.3762207e+01
   1.8477010e+06   4.2602539e+01
   1.8477130e+06   3.9489746e+01
   1.8477390e+06   5.0964355e+01
   1.8477650e+06   4.0649414e+01
   1.8478910e+06   4.4677734e+01
   1.8482470e+06   3.8391113e+01
   1.8676950e+06   4.2968750e+01
   1.8678810e+06   3.9184570e+01
   1.8679050e+06   4.7485352e+01
   1.8881740e+06   3.6926270e+01
   1.8882170e+06   3.9550781e+01
   1.8882450e+06   4.3823242e+01
   1.8884370e+06   3.7170410e+01
   1.8884510e+06   4.0954590e+01
   1.8889950e+06   4.2602539e+01
   1.9004260e+06   3.9001465e+01
   1.9026230e+06   4.9499512e+01
   1.9026490e+06   4.3884277e+01
   1.9026670e+06   4.0649414e+01
   1.9026830e+06   4.1442871e+01
   1.9027150e+06   4.1259766e+01
   1.9027300e+06   4.1320801e+01
   1.9027660e+06   3.8208008e+01
   1.9028080e+06   3.4973145e+01
   1.9028400e+06   4.1015625e+01
   1.9028570e+06   3.7048340e+01
   1.9028890e+06   3.4790039e+01
   1.9029040e+06   3.7841797e+01
   1.9029420e+06   3.7597656e+01
   1.9029570e+06   3.4790039e+01
   1.9030060e+06   3.5339355e+01
   1.9033190e+06   4.1442871e+01
   1.9323750e+06   5.1635742e+01
   1.9341190e+06   4.0039063e+01
   1.9341500e+06   3.9245605e+01
   1.9341880e+06   3.5644531e+01
   1.9507460e+06   4.6325684e+01
   1.9563110e+06   3.5644531e+01
   1.9563240e+06   3.4667969e+01
   1.9564260e+06   4.0039063e+01
   1.9566490e+06   3.5583496e+01
   1.9567930e+06   4.3029785e+01
   1.9569730e+06   4.0039063e+01
   1.9832670e+06   4.2846680e+01
   1.9850220e+06   5.0292969e+01
   1.9955090e+06   4.1687012e+01
   1.9969360e+06   7.1838379e+01
   1.9969550e+06   3.8574219e+01
   1.9970020e+06   3.8208008e+01
   1.9970250e+06   3.6682129e+01
   1.9970430e+06   3.6743164e+01
   1.9970750e+06   4.3151855e+01
   1.9970960e+06   4.2419434e+01
   1.9971060e+06   4.1137695e+01
   1.9972060e+06   3.4973145e+01
   1.9972290e+06   4.1992188e+01
   1.9972560e+06   4.0161133e+01
   1.9973120e+06   3.6010742e+01
   1.9973440e+06   4.1137695e+01
   1.9973560e+06   3.8330078e+01
   1.9973920e+06   3.6376953e+01
   1.9974140e+06   4.5532227e+01
   1.9974490e+06   3.4606934e+01
   1.9974620e+06   4.2114258e+01
   1.9975280e+06   5.0720215e+01
   1.9975560e+06   4.2175293e+01
   1.9976000e+06   3.5888672e+01
   1.9976780e+06   3.4179688e+01
   1.9976950e+06   3.7658691e+01
   1.9977200e+06   3.7536621e+01
   1.9978540e+06   3.6987305e+01
   1.9978860e+06   3.9978027e+01
   1.9979900e+06   3.7536621e+01
   1.9982730e+06   3.9916992e+01
   1.9982960e+06   3.5339355e+01
   1.9987570e+06   4.7363281e+01
   1.9989750e+06   3.6193848e+01
   1.9999610e+06   3.4301758e+01
   2.1368320e+06   5.9814453e+01
   2.1370260e+06   5.0109863e+01
   2.1371040e+06   4.8156738e+01
   2.1372770e+06   3.5583496e+01
   2.1372990e+06   4.0161133e+01
   2.1374600e+06   3.4118652e+01
   2.1559980e+06   5.3161621e+01
   2.1704220e+06   4.0832520e+01
   2.1704530e+06   4.2968750e+01
   2.1704890e+06   3.3996582e+01
   2.1705310e+06   3.4057617e+01
   2.1705820e+06   4.3029785e+01
   2.1705920e+06   4.5043945e+01
   2.1706230e+06   4.1931152e+01
   2.1706830e+06   3.7963867e+01
   2.1707270e+06   3.8024902e+01
   2.1707740e+06   4.7363281e+01
   2.1707970e+06   3.6071777e+01
   2.1708550e+06   3.5644531e+01
   2.1709440e+06   3.8208008e+01
   2.1712090e+06   4.3212891e+01
   2.1898870e+06   5.1635742e+01
   2.1933210e+06   4.4982910e+01
   2.1958860e+06   4.5043945e+01
   2.1978040e+06   3.7048340e+01
   2.1978310e+06   3.5644531e+01
   2.1978510e+06   3.8879395e+01
   2.1978760e+06   4.6875000e+01
   2.1979120e+06   4.0710449e+01
   2.1979230e+06   4.3701172e+01
   2.1979740e+06   3.5888672e+01
   2.1979910e+06   4.6142578e+01
   2.1980160e+06   3.7109375e+01
   2.1980540e+06   3.7475586e+01
   2.1980900e+06   3.7658691e+01
   2.1981150e+06   3.8391113e+01
   2.1981890e+06   3.4545898e+01
   2.1982980e+06   8.3618164e+01
   2.1985200e+06   3.7292480e+01
   2.1988490e+06   4.5288086e+01
   2.1997810e+06   3.4240723e+01
   2.2023800e+06   3.4301758e+01
   2.2217580e+06   4.1625977e+01
   2.2256810e+06   3.9550781e+01
   2.2272890e+06   4.7180176e+01
   2.2312280e+06   3.9489746e+01
   2.2349100e+06   4.4677734e+01
   2.2398440e+06   4.6752930e+01
   2.2436950e+06   4.6447754e+01
   2.2438290e+06   3.5522461e+01
   2.2458850e+06   4.2602539e+01
   2.2485500e+06   4.1564941e+01
   2.2526630e+06   4.4860840e+01
   2.2545340e+06   3.5766602e+01
   2.2569020e+06   3.7231445e+01
   2.2643640e+06   4.2968750e+01
   2.2685820e+06   4.1015625e+01
   2.2843070e+06   4.6569824e+01
   2.2890860e+06   4.1015625e+01
   2.2908840e+06   4.1992188e+01
   2.2916250e+06   3.6376953e+01
   2.2916490e+06   4.1442871e+01
   2.2919300e+06   3.7963867e+01
   2.2920560e+06   3.4362793e+01
   2.2921500e+06   3.4484863e+01
   2.2921770e+06   4.5776367e+01
   2.2922410e+06   3.5034180e+01
   2.2922590e+06   3.9428711e+01
   2.2925270e+06   4.1076660e+01
   2.3072780e+06   3.5888672e+01
   2.3133150e+06   3.4362793e+01
   2.3223790e+06   4.6569824e+01
   2.3281280e+06   3.7780762e+01
   2.3289290e+06   4.0161133e+01
   2.3289560e+06   3.7536621e+01
   2.3289820e+06   4.7668457e+01
   2.3290250e+06   4.6752930e+01
   2.3290470e+06   5.6640625e+01
   2.3290880e+06   4.6386719e+01
   2.3291460e+06   3.5644531e+01
   2.3292110e+06   3.8635254e+01
   2.3293000e+06   4.1503906e+01
   2.3299170e+06   3.6621094e+01
   2.3479520e+06   3.9062500e+01
   2.3552390e+06   3.5461426e+01
   2.3885630e+06   4.9499512e+01
   2.4065340e+06   4.5104980e+01
   2.4065480e+06   5.0537109e+01
   2.4065600e+06   5.4321289e+01
   2.4065830e+06   3.8391113e+01
   2.4066200e+06   3.8513184e+01
   2.4066700e+06   5.3344727e+01
   2.4067010e+06   3.8269043e+01
   2.4067720e+06   3.4973145e+01
   2.4067970e+06   3.7170410e+01
   2.4068250e+06   3.5583496e+01
   2.4068550e+06   3.6132813e+01
   2.4068810e+06   3.6804199e+01
   2.4069080e+06   3.7475586e+01
   2.4069770e+06   3.7292480e+01
   2.4070180e+06   4.6508789e+01
   2.4070650e+06   4.4006348e+01
   2.4070810e+06   3.5827637e+01
   2.4071400e+06   4.6508789e+01
   2.4073680e+06   3.4973145e+01
   2.4074180e+06   3.4790039e+01
   2.4475880e+06   5.7067871e+01
   2.4502450e+06   4.7851563e+01
   2.4565450e+06   4.9987793e+01
   2.4686870e+06   4.9499512e+01
   2.4776200e+06   4.3029785e+01
   2.4922820e+06   3.9550781e+01
   2.5043090e+06   4.1015625e+01
   2.5378140e+06   4.6020508e+01
   2.5471070e+06   3.5278320e+01
   2.5524680e+06   3.6071777e+01
   2.5525330e+06   6.8176270e+01
   2.5525690e+06   4.4433594e+01
   2.5525950e+06   4.4189453e+01
   2.5526190e+06   3.7719727e+01
   2.5526500e+06   4.1015625e+01
   2.5526720e+06   4.5043945e+01
   2.5527270e+06   3.7048340e+01
   2.5527490e+06   4.0466309e+01
   2.5528330e+06   4.9804688e+01
   2.5528470e+06   3.6621094e+01
   2.5528820e+06   3.9855957e+01
   2.5529110e+06   3.5095215e+01
   2.5529420e+06   4.1198730e+01
   2.5530960e+06   4.3029785e+01
   2.5531430e+06   3.9367676e+01
   2.5532280e+06   4.5410156e+01
   2.5532920e+06   3.6987305e+01
   2.5533200e+06   3.9733887e+01
   2.5714590e+06   4.9743652e+01
   2.5797710e+06   4.3273926e+01
   2.5845260e+06   3.6132813e+01
   2.5865460e+06   4.5288086e+01
   2.5903230e+06   4.4738770e+01
   2.5958880e+06   4.6081543e+01
   2.6046300e+06   4.0710449e+01
   2.6116440e+06   4.5227051e+01
   2.6148980e+06   4.8461914e+01
   2.6253410e+06   4.8645020e+01
   2.6293820e+06   4.0039063e+01
   2.6391680e+06   3.9733887e+01
   2.6650160e+06   3.5156250e+01
   2.6786370e+06   4.5837402e+01
   2.6990850e+06   3.7780762e+01
   2.7521920e+06   5.4931641e+01
   2.7526380e+06   4.3518066e+01
   2.7651280e+06   4.5959473e+01
   2.7652060e+06   4.0771484e+01
   2.7652360e+06   4.5227051e+01
   2.7652610e+06   4.5837402e+01
   2.7652900e+06   4.5043945e+01
   2.7653360e+06   4.4555664e+01
   2.7653980e+06   3.5949707e+01
   2.7654140e+06   4.4311523e+01
   2.7655120e+06   3.6071777e+01
   2.7657460e+06   4.1381836e+01
   2.7660510e+06   3.4545898e+01
   2.7664350e+06   4.1442871e+01
   2.7778450e+06   4.9682617e+01
   2.7838900e+06   3.5705566e+01
   2.7852150e+06   5.0964355e+01
   2.7881120e+06   3.4423828e+01
   2.8009900e+06   3.5400391e+01
   2.8058850e+06   3.5705566e+01
   2.8083040e+06   3.6560059e+01
   2.8132650e+06   4.7302246e+01
   2.8214070e+06   5.0292969e+01
   2.8267300e+06   4.4616699e+01
   2.8269120e+06   3.4973145e+01
   2.8269540e+06   4.1137695e+01
   2.8274720e+06   4.4494629e+01
   2.8517440e+06   3.7048340e+01
   2.8517940e+06   4.4921875e+01
   2.8518150e+06   4.9072266e+01
   2.8518270e+06   4.4311523e+01
   2.8518810e+06   5.2978516e+01
   2.8518970e+06   3.5583496e+01
   2.8519880e+06   4.3457031e+01
   2.8520060e+06   3.7658691e+01
   2.8520630e+06   3.8696289e+01
   2.8522470e+06   3.5522461e+01
   2.8522620e+06   3.5217285e+01
   2.8739190e+06   4.3090820e+01
   2.8824530e+06   4.7790527e+01
   2.8850230e+06   4.8522949e+01
   2.8938800e+06   4.4372559e+01
   2.8962790e+06   4.4372559e+01
   2.9056070e+06   4.0649414e+01
   2.9077070e+06   3.7292480e+01
   2.9157040e+06   4.5166016e+01
   2.9163250e+06   3.7841797e+01
   2.9243860e+06   3.5949707e+01
   2.9405430e+06   4.6020508e+01
   2.9521050e+06   4.0588379e+01
   2.9521550e+06   4.5471191e+01
   2.9522820e+06   3.5339355e+01
   2.9525660e+06   4.2236328e+01
   2.9926340e+06   5.4077148e+01
   3.0067750e+06   4.3823242e+01
   3.0095760e+06   4.5593262e+01
   3.0095940e+06   4.3823242e+01
   3.0096250e+06   4.9682617e+01
   3.0096470e+06   4.1320801e+01
   3.0096680e+06   4.6325684e+01
   3.0097010e+06   4.5043945e+01
   3.0097140e+06   4.2663574e+01
   3.0097420e+06   4.4555664e+01
   3.0097690e+06   3.7719727e+01
   3.0098540e+06   3.4362793e+01
   3.0099280e+06   5.6091309e+01
   3.0100480e+06   4.7363281e+01
   3.0101540e+06   3.3386230e+01
   3.0102670e+06   3.3630371e+01
   3.0105460e+06   3.3691406e+01
   3.0105880e+06   3.4484863e+01
   3.0412620e+06   4.9316406e+01
   3.0432090e+06   4.2907715e+01
   3.0485780e+06   4.4799805e+01
   3.0560240e+06   4.6386719e+01
   3.0605870e+06   4.3884277e+01
   3.0647260e+06   4.8522949e+01
   3.0693160e+06   5.1757813e+01
   3.0709840e+06   3.9062500e+01
   3.1281010e+06   3.8208008e+01
   3.1281480e+06   5.4443359e+01
   3.1281650e+06   3.9245605e+01
   3.1283200e+06   4.5715332e+01
   3.1283770e+06   3.5766602e+01
   3.1476700e+06   4.2785645e+01
   3.1718600e+06   5.4199219e+01
   3.1867580e+06   3.6010742e+01
   3.1867720e+06   3.3813477e+01
   3.1868140e+06   4.1259766e+01
   3.1868690e+06   4.6508789e+01
   3.1869240e+06   3.4973145e+01
   3.1869640e+06   3.4729004e+01
   3.1870490e+06   3.8146973e+01
   3.1992540e+06   4.4128418e+01
   3.2105550e+06   4.8645020e+01
   3.2227620e+06   4.4677734e+01
   3.2228160e+06   3.8024902e+01
   3.2228500e+06   4.0832520e+01
   3.2228850e+06   4.6813965e+01
   3.2228970e+06   3.5095215e+01
   3.2229730e+06   3.4362793e+01
   3.2229930e+06   4.3151855e+01
   3.2231470e+06   4.6203613e+01
   3.2231580e+06   3.4606934e+01
   3.2232230e+06   3.5217285e+01
   3.2232610e+06   3.3752441e+01
   3.2233190e+06   3.3508301e+01
   3.2234630e+06   3.4057617e+01
   3.2402630e+06   3.3630371e+01
   3.2402770e+06   3.3508301e+01
   3.2403130e+06   4.5898437e+01
   3.2403350e+06   4.0405273e+01
   3.2403540e+06   4.3518066e+01
   3.2403670e+06   3.5949707e+01
   3.2404160e+06   4.6936035e+01
   3.2404460e+06   4.2846680e+01
   3.2404760e+06   3.4851074e+01
   3.2405040e+06   3.5217285e+01
   3.2405480e+06   3.5217285e+01
   3.2406900e+06   3.3691406e+01
   3.2407330e+06   3.7231445e+01
   3.2409390e+06   3.9489746e+01
   3.2412220e+06   3.4667969e+01
   3.2562740e+06   5.5786133e+01
   3.2586000e+06   3.9978027e+01
   3.2631350e+06   4.7180176e+01
   3.2653690e+06   3.9062500e+01
   3.2738440e+06   4.2968750e+01
   3.2778760e+06   4.0100098e+01
   3.2856820e+06   3.4179688e+01
   3.2887610e+06   4.3334961e+01
   3.2976300e+06   3.5827637e+01
   3.3121900e+06   3.5278320e+01
   3.3348910e+06   4.3212891e+01
   3.3359160e+06   3.5095215e+01
   3.3447310e+06   3.7475586e+01
   3.3447690e+06   4.1259766e+01
   3.3447830e+06   5.5786133e+01
   3.3448080e+06   3.4729004e+01
   3.3448560e+06   4.3029785e+01
   3.3448690e+06   3.4545898e+01
   3.3448870e+06   4.3029785e+01
   3.3449740e+06   4.8217773e+01
   3.3450200e+06   3.7353516e+01
   3.3450480e+06   3.3508301e+01
   3.3450930e+06   3.3813477e+01
   3.3451580e+06   3.4118652e+01
   3.3452860e+06   3.6926270e+01
   3.3454140e+06   4.1625977e+01
   3.3455320e+06   4.3457031e+01
   3.3591950e+06   4.9987793e+01
   3.3754170e+06   4.3518066e+01
   3.3887310e+06   3.9672852e+01
   3.3941650e+06   3.8940430e+01
   3.3942390e+06   4.5471191e+01
   3.4013630e+06   4.7302246e+01
   3.4041410e+06   4.1992188e+01
   3.4124450e+06   3.5156250e+01
   3.4190130e+06   3.3325195e+01
   3.4191010e+06   4.8645020e+01
   3.4191590e+06   3.6315918e+01
   3.4193310e+06   3.5217285e+01
   3.4193660e+06   3.5705566e+01
   3.4194220e+06   3.4240723e+01
   3.4195510e+06   3.4118652e+01
   3.4195820e+06   3.5888672e+01
   3.4197620e+06   3.6315918e+01
   3.4322630e+06   3.5766602e+01
   3.4322790e+06   4.2175293e+01
   3.4322910e+06   4.1625977e+01
   3.4323040e+06   3.5827637e+01
   3.4323340e+06   4.2968750e+01
   3.4323870e+06   4.8400879e+01
   3.4324310e+06   4.0161133e+01
   3.4324600e+06   4.0344238e+01
   3.4324970e+06   3.3813477e+01
   3.4325170e+06   3.4179688e+01
   3.4326010e+06   3.6926270e+01
   3.4329680e+06   4.5410156e+01
   3.4576910e+06   3.3874512e+01
   3.4577570e+06   3.7414551e+01
   3.4577680e+06   3.8391113e+01
   3.4578530e+06   3.9855957e+01
   3.4578630e+06   4.8156738e+01
   3.4579630e+06   4.7729492e+01
   3.4580110e+06   3.3569336e+01
   3.4581380e+06   3.6193848e+01
   3.4582260e+06   3.3203125e+01
   3.4584240e+06   3.6071777e+01
   3.4584360e+06   3.4423828e+01
   3.4835600e+06   5.0109863e+01
   3.4891250e+06   4.6386719e+01
   3.4963480e+06   3.3264160e+01
   3.5079240e+06   4.7546387e+01
   3.5614350e+06   3.4606934e+01
   3.5863180e+06   3.8818359e+01
   3.5863350e+06   3.9428711e+01
   3.5863500e+06   3.9001465e+01
   3.5863730e+06   3.6132813e+01
   3.5864010e+06   4.9316406e+01
   3.5864210e+06   3.5156250e+01
   3.5864500e+06   4.8828125e+01
   3.5864730e+06   3.8696289e+01
   3.5865020e+06   3.8940430e+01
   3.5865190e+06   4.5837402e+01
   3.5865350e+06   3.5095215e+01
   3.5865810e+06   3.4057617e+01
   3.5865980e+06   3.8818359e+01
   3.5866330e+06   5.3283691e+01
   3.5866530e+06   4.4433594e+01
   3.5866720e+06   3.3508301e+01
   3.5867090e+06   3.3813477e+01
   3.5867300e+06   3.9794922e+01
   3.5867560e+06   3.7475586e+01
   3.5867680e+06   5.2856445e+01
   3.5868180e+06   3.5339355e+01
   3.5868890e+06   3.4729004e+01
   3.5869250e+06   4.0954590e+01
   3.5869640e+06   3.4545898e+01
   3.5869900e+06   3.4606934e+01
   3.5870220e+06   4.8339844e+01
   3.5870550e+06   3.5156250e+01
   3.5870710e+06   4.1259766e+01
   3.5872380e+06   3.4912109e+01
   3.5873650e+06   3.4729004e+01
   3.5874050e+06   3.6254883e+01
   3.5875770e+06   5.2734375e+01
   3.5876700e+06   3.3691406e+01
   3.5882310e+06   3.6560059e+01
   3.5883270e+06   3.4973145e+01
   3.5883860e+06   4.5043945e+01
   3.7486010e+06   3.7292480e+01
   3.7647230e+06   3.6560059e+01
   3.7755970e+06   3.9306641e+01
   3.7811230e+06   3.7475586e+01
   3.7935710e+06   5.1818848e+01
   3.8108850e+06   3.4851074e+01
   3.8109250e+06   3.5583496e+01
   3.8109720e+06   3.9001465e+01
   3.8109980e+06   4.0283203e+01
   3.8110290e+06   4.2785645e+01
   3.8110700e+06   4.8645020e+01
   3.8111020e+06   5.0720215e+01
   3.8111120e+06   6.1645508e+01
   3.8111250e+06   5.4077148e+01
   3.8111720e+06   5.4870605e+01
   3.8112130e+06   4.5104980e+01
   3.8112480e+06   5.0781250e+01
   3.8112610e+06   3.9428711e+01
   3.8112740e+06   5.4748535e+01
   3.8112900e+06   3.3447266e+01
   3.8113220e+06   4.0649414e+01
   3.8113620e+06   4.8034668e+01
   3.8114090e+06   4.1564941e+01
   3.8114340e+06   4.1198730e+01
   3.8114470e+06   3.8269043e+01
   3.8114720e+06   4.5837402e+01
   3.8114920e+06   3.4851074e+01
   3.8115420e+06   3.9978027e+01
   3.8116280e+06   3.6315918e+01
   3.8116830e+06   3.6010742e+01
   3.8117880e+06   5.1208496e+01
   3.8118060e+06   3.3874512e+01
   3.8118880e+06   4.8217773e+01
   3.8119320e+06   3.8879395e+01
   3.8119820e+06   3.4667969e+01
   3.8120080e+06   3.8879395e+01
   3.8120580e+06   3.5400391e+01
   3.8121700e+06   3.5217285e+01
   3.8122720e+06   3.6193848e+01
   3.8124850e+06   3.6437988e+01
   3.8125170e+06   4.0344238e+01
   3.8127240e+06   3.9001465e+01
   3.8130480e+06   3.5583496e+01
   3.8137360e+06   3.4545898e+01
   3.8404750e+06   4.5593262e+01
   3.8456820e+06   4.5227051e+01
   3.8473870e+06   4.1015625e+01
   3.8499890e+06   4.5776367e+01
   3.8559660e+06   4.2175293e+01
   3.8569650e+06   4.1992188e+01
   3.8607500e+06   4.1870117e+01
   3.8652840e+06   4.8156738e+01
   3.8693950e+06   4.8583984e+01
   3.8727620e+06   3.5888672e+01
   3.8744990e+06   3.3569336e+01
   3.8764780e+06   3.3203125e+01
   3.8865690e+06   4.3090820e+01
   3.8890570e+06   3.4118652e+01
   3.8925540e+06   3.7170410e+01
   3.9034410e+06   3.7292480e+01
   3.9071400e+06   4.1198730e+01
   3.9119430e+06   4.3273926e+01
   3.9272200e+06   4.3701172e+01
   3.9280120e+06   3.6987305e+01
   3.9454440e+06   4.7363281e+01
   3.9656850e+06   3.5217285e+01
   3.9782420e+06   3.4118652e+01
   3.9783840e+06   3.4118652e+01
   3.9867900e+06   4.1259766e+01
   4.0036760e+06   5.0842285e+01
   4.0071010e+06   4.6569824e+01
   4.0362520e+06   3.4423828e+01
   4.0417670e+06   3.3691406e+01
   4.0535580e+06   4.7058105e+01
   4.0557300e+06   5.2307129e+01
   4.0674640e+06   4.9499512e+01
   4.0677020e+06   3.8635254e+01
   4.0796160e+06   3.8269043e+01
   4.0796390e+06   3.4912109e+01
   4.0796520e+06   3.3935547e+01
   4.0797050e+06   5.1818848e+01
   4.0797360e+06   4.9926758e+01
   4.0797630e+06   3.5949707e+01
   4.0797880e+06   4.1137695e+01
   4.0798430e+06   4.4189453e+01
   4.0798530e+06   4.4677734e+01
   4.0798660e+06   4.5593262e+01
   4.0798770e+06   3.6926270e+01
   4.0799140e+06   3.9611816e+01
   4.0799550e+06   3.4301758e+01
   4.0800140e+06   3.9428711e+01
   4.0800540e+06   3.4240723e+01
   4.0802790e+06   4.0222168e+01
   4.0803390e+06   3.3935547e+01
   4.0805030e+06   3.3691406e+01
   4.0809610e+06   3.3752441e+01
   4.1096680e+06   4.8156738e+01
   4.1131870e+06   5.1025391e+01
   4.1168720e+06   3.9367676e+01
   4.1202560e+06   4.2846680e+01
   4.1226440e+06   3.6560059e+01
   4.1282660e+06   3.3508301e+01
   4.1330810e+06   3.6560059e+01
   4.1359960e+06   3.3752441e+01
   4.1360240e+06   3.7292480e+01
   4.1361460e+06   3.9794922e+01
   4.1371040e+06   3.4667969e+01
   4.1427030e+06   3.7414551e+01
   4.1667600e+06   4.5776367e+01
   4.1677550e+06   3.4179688e+01
   4.1677760e+06   3.4912109e+01
   4.1678080e+06   3.4851074e+01
   4.1678190e+06   3.5583496e+01
   4.1678580e+06   3.4912109e+01
   4.1987710e+06   3.3203125e+01
   4.2073670e+06   4.1931152e+01
   4.2128050e+06   4.0161133e+01
   4.2185400e+06   4.3640137e+01
   4.2295800e+06   3.7170410e+01
   4.2296500e+06   6.3110352e+01
   4.2338080e+06   4.1503906e+01
   4.2338610e+06   4.1687012e+01
   4.2339010e+06   3.7780762e+01
   4.2339180e+06   4.8706055e+01
   4.2340000e+06   3.4484863e+01
   4.2340250e+06   3.5095215e+01
   4.2340630e+06   3.8940430e+01
   4.2341400e+06   3.7048340e+01
   4.2343830e+06   3.3203125e+01
   4.2347520e+06   3.4118652e+01
   4.2348890e+06   5.2673340e+01
   4.2551360e+06   3.8024902e+01
   4.2555370e+06   5.3039551e+01
   4.2557270e+06   3.4790039e+01
   4.2772220e+06   4.7729492e+01
   4.2821510e+06   3.7963867e+01
   4.2962580e+06   3.5888672e+01
   4.2962900e+06   3.7170410e+01
   4.2963470e+06   3.4912109e+01
   4.2964150e+06   5.9326172e+01
   4.2965460e+06   4.5410156e+01
   4.3332560e+06   3.5827637e+01
   4.3332700e+06   5.2673340e+01
   4.3333030e+06   3.4057617e+01
   4.3333620e+06   3.7597656e+01
   4.3333940e+06   4.4677734e+01
   4.3334950e+06   3.5461426e+01
   4.3443450e+06   4.0649414e+01
   4.3559870e+06   4.9804688e+01
   4.3722050e+06   3.4606934e+01
   4.3722200e+06   4.0283203e+01
   4.3722620e+06   4.7180176e+01
   4.3722910e+06   3.7414551e+01
   4.3723650e+06   3.9184570e+01
   4.3724460e+06   5.0537109e+01
   4.3724610e+06   3.4667969e+01
   4.3725720e+06   3.5766602e+01
   4.3728510e+06   3.8696289e+01
   4.4068990e+06   4.6386719e+01
   4.4069150e+06   4.0771484e+01
   4.4069250e+06   4.9438477e+01
   4.4069530e+06   4.0466309e+01
   4.4069850e+06   3.4240723e+01
   4.4070730e+06   3.9855957e+01
   4.4071050e+06   4.4006348e+01
   4.4071150e+06   4.2541504e+01
   4.4071440e+06   4.4311523e+01
   4.4071730e+06   4.0893555e+01
   4.4071830e+06   4.7363281e+01
   4.4072050e+06   3.3752441e+01
   4.4072350e+06   5.0781250e+01
   4.4072760e+06   4.4128418e+01
   4.4072950e+06   4.7729492e+01
   4.4073290e+06   5.4870605e+01
   4.4073430e+06   3.9489746e+01
   4.4073840e+06   3.4545898e+01
   4.4074040e+06   3.8330078e+01
   4.4074560e+06   4.0893555e+01
   4.4074970e+06   3.8940430e+01
   4.4075410e+06   4.9072266e+01
   4.4076030e+06   4.9072266e+01
   4.4077800e+06   4.1320801e+01
   4.4079500e+06   3.3264160e+01
   4.4079660e+06   3.9794922e+01
   4.4082120e+06   3.8024902e+01
   4.4082580e+06   3.8879395e+01
   4.4083220e+06   3.6926270e+01
   4.4085220e+06   3.3325195e+01
   4.4086360e+06   3.6499023e+01
   4.4086710e+06   3.6499023e+01
   4.4087290e+06   4.1992188e+01
   4.5202760e+06   3.3508301e+01
   4.5421770e+06   4.1931152e+01
   4.5497820e+06   3.6132813e+01
   4.5545160e+06   3.6926270e+01
   4.5595800e+06   4.9560547e+01
   4.5614980e+06   4.7424316e+01
   4.5620530e+06   4.0893555e+01
   4.5622380e+06   3.9306641e+01
   4.5763500e+06   5.4138184e+01
   4.5847430e+06   3.9184570e+01
   4.5863560e+06   4.4128418e+01
   4.6119140e+06   5.0231934e+01
   4.6242370e+06   3.3996582e+01
   4.6277690e+06   5.2307129e+01
   4.6308300e+06   3.7963867e+01
   4.6336970e+06   4.0161133e+01
   4.6357780e+06   3.4667969e+01
   4.6357910e+06   3.9245605e+01
   4.6358190e+06   3.6682129e+01
   4.6779110e+06   5.2368164e+01
   4.6797960e+06   3.8391113e+01
   4.6798460e+06   5.2734375e+01
   4.6801390e+06   3.3325195e+01
   4.6802450e+06   3.5949707e+01
   4.6803610e+06   4.1687012e+01
   4.6805500e+06   3.3447266e+01
   4.6852700e+06   3.3630371e+01
   4.6879350e+06   4.2907715e+01
   4.6969960e+06   4.0832520e+01
   4.6970140e+06   4.5898437e+01
   4.6970270e+06   3.4545898e+01
   4.6970370e+06   4.0893555e+01
   4.6970520e+06   3.4606934e+01
   4.6970980e+06   4.1748047e+01
   4.6971210e+06   4.6752930e+01
   4.6971390e+06   4.5532227e+01
   4.6971920e+06   3.3813477e+01
   4.6972070e+06   3.4240723e+01
   4.6972740e+06   6.2744141e+01
   4.6975270e+06   3.5217285e+01
   4.7115610e+06   3.4851074e+01
   4.7160540e+06   4.2236328e+01
   4.7234510e+06   3.6132813e+01
   4.7235300e+06   3.9550781e+01
   4.7235430e+06   3.9184570e+01
   4.7335450e+06   4.7241211e+01
   4.7364100e+06   4.9987793e+01
   4.7443200e+06   3.9611816e+01
   4.7475120e+06   3.5400391e+01
   4.7544070e+06   3.6865234e+01
   4.7544540e+06   4.0893555e+01
   4.7544890e+06   3.5095215e+01
   4.7545300e+06   3.6132813e+01
   4.7545510e+06   3.6560059e+01
   4.7546820e+06   3.8635254e+01
   4.7548430e+06   3.6132813e+01
   4.7554470e+06   4.4616699e+01
   4.7700340e+06   5.6213379e+01
   4.7701540e+06   3.6987305e+01
   4.7950820e+06   5.4016113e+01
   4.7951380e+06   3.9062500e+01
   4.7952280e+06   3.5888672e+01
   4.7953170e+06   5.5725098e+01
   4.7954870e+06   3.9550781e+01
   4.7957420e+06   3.7414551e+01
   4.8148070e+06   3.7231445e+01
   4.8148220e+06   4.4067383e+01
   4.8148990e+06   3.5034180e+01
   4.8151790e+06   4.3823242e+01
   4.8241800e+06   4.7729492e+01
   4.8286930e+06   4.1625977e+01
   4.8475720e+06   3.4423828e+01
   4.8478420e+06   3.4851074e+01
   4.8480050e+06   4.5227051e+01
   4.8601840e+06   4.1503906e+01
   4.8745490e+06   3.3630371e+01
   4.8745830e+06   3.8391113e+01
   4.8746800e+06   3.5034180e+01
   4.8895400e+06   3.9184570e+01
   4.8941080e+06   4.0527344e+01
   4.8962690e+06   3.6499023e+01
   4.8963030e+06   4.0344238e+01
   4.8963230e+06   3.5278320e+01
   4.8963410e+06   4.2846680e+01
   4.8964290e+06   4.1931152e+01
   4.8965400e+06   3.5034180e+01
   4.8967630e+06   3.6315918e+01
   4.8969570e+06   3.3203125e+01
   4.9695060e+06   3.4179688e+01
   4.9771990e+06   3.4240723e+01
   4.9772140e+06   5.6762695e+01
   4.9772400e+06   4.0039063e+01
   4.9772650e+06   6.5429688e+01
   4.9772930e+06   4.4189453e+01
   4.9773080e+06   3.8146973e+01
   4.9773260e+06   4.5837402e+01
   4.9773440e+06   4.6142578e+01
   4.9774020e+06   4.6752930e+01
   4.9774220e+06   4.4738770e+01
   4.9774730e+06   3.5644531e+01
   4.9774930e+06   3.5034180e+01
   4.9775490e+06   3.6804199e+01
   4.9775690e+06   4.3151855e+01
   4.9776010e+06   3.6254883e+01
   4.9776230e+06   3.4484863e+01
   4.9776700e+06   3.3447266e+01
   4.9776840e+06   4.4555664e+01
   4.9778050e+06   4.9865723e+01
   4.9778730e+06   4.0954590e+01
   4.9778900e+06   3.7719727e+01
   4.9779070e+06   3.5522461e+01
   4.9779240e+06   4.4494629e+01
   4.9780940e+06   3.3752441e+01
   4.9781250e+06   4.2663574e+01
   4.9783390e+06   3.7353516e+01
   5.0085020e+06   4.7424316e+01
   5.0125390e+06   5.6274414e+01
   5.0191970e+06   4.7241211e+01
   5.0216350e+06   3.8452148e+01
   5.0252950e+06   4.5104980e+01
   5.0276170e+06   4.2663574e+01
   5.0300000e+06   4.4555664e+01
   5.0327760e+06   5.0720215e+01
   5.0396900e+06   3.7902832e+01
   5.0443640e+06   4.1870117e+01
   5.0513560e+06   3.8208008e+01
   5.0741960e+06   4.3090820e+01
   5.1055150e+06   4.6325684e+01
   5.1103670e+06   4.4555664e+01
   5.1126440e+06   4.1809082e+01
   5.1256970e+06   4.0466309e+01
   5.1300230e+06   4.3701172e+01
   5.1300390e+06   5.0903320e+01
   5.1300710e+06   3.8635254e+01
   5.1300900e+06   3.5156250e+01
   5.1301160e+06   5.6640625e+01
   5.1301440e+06   4.1931152e+01
   5.1301570e+06   3.8940430e+01
   5.1302110e+06   4.9072266e+01
   5.1302210e+06   6.0546875e+01
   5.1303280e+06   3.7109375e+01
   5.1303500e+06   3.8879395e+01
   5.1303600e+06   4.2236328e+01
   5.1303860e+06   5.9692383e+01
   5.1304150e+06   3.6254883e+01
   5.1304330e+06   3.9306641e+01
   5.1304490e+06   4.4860840e+01
   5.1304960e+06   4.4372559e+01
   5.1305260e+06   3.4973145e+01
   5.1305560e+06   3.3264160e+01
   5.1305920e+06   3.5583496e+01
   5.1306090e+06   3.9306641e+01
   5.1307130e+06   4.1625977e+01
   5.1308090e+06   3.8024902e+01
   5.1308300e+06   3.3874512e+01
   5.1308620e+06   3.5400391e+01
   5.1309020e+06   3.9672852e+01
   5.1309450e+06   3.3996582e+01
   5.1311480e+06   3.3386230e+01
   5.1312160e+06   3.9245605e+01
   5.1313270e+06   3.5339355e+01
   5.1316470e+06   3.9916992e+01
   5.1318980e+06   3.6987305e+01
   5.1320510e+06   3.7963867e+01
   5.1323120e+06   3.6193848e+01
   5.1324610e+06   4.3518066e+01
   5.2428890e+06   4.6508789e+01
   5.2435200e+06   3.3325195e+01
   5.2439610e+06   4.3945313e+01
   5.2674300e+06   5.7250977e+01
   5.3071620e+06   5.0781250e+01
   5.3240210e+06   6.2133789e+01
   5.3263230e+06   3.3569336e+01
   5.3264260e+06   3.5095215e+01
   5.3266380e+06   3.4912109e+01
   5.3319050e+06   3.6560059e+01
   5.3333540e+06   4.1870117e+01
   5.3351870e+06   4.1564941e+01
   5.3384350e+06   3.7048340e+01
   5.3462900e+06   4.2053223e+01
   5.3619060e+06   3.8269043e+01
   5.3664030e+06   4.0405273e+01
   5.3694190e+06   3.3630371e+01
   5.3776560e+06   4.6569824e+01
   5.3901700e+06   8.2458496e+01
   5.3901860e+06   3.8208008e+01
   5.3902160e+06   5.5725098e+01
   5.3902380e+06   5.0598145e+01
   5.3902580e+06   3.8696289e+01
   5.3902950e+06   5.0659180e+01
   5.3903500e+06   4.5166016e+01
   5.3903660e+06   5.2551270e+01
   5.3903940e+06   6.3049316e+01
   5.3905130e+06   5.0781250e+01
   5.3905360e+06   3.3325195e+01
   5.3905720e+06   4.1320801e+01
   5.3906160e+06   3.7658691e+01
   5.3906600e+06   3.6621094e+01
   5.3907330e+06   3.7536621e+01
   5.3907450e+06   4.1076660e+01
   5.3907730e+06   3.4790039e+01
   5.3908270e+06   4.0954590e+01
   5.3909300e+06   4.8156738e+01
   5.3909490e+06   3.4484863e+01
   5.3909790e+06   3.6315918e+01
   5.3911980e+06   3.6987305e+01
   5.3912580e+06   3.3813477e+01
   5.3915190e+06   3.6193848e+01
   5.3917390e+06   3.9306641e+01
   5.3920040e+06   3.6254883e+01
   5.3924460e+06   3.3691406e+01
   5.4193990e+06   4.4372559e+01
   5.4204540e+06   3.8574219e+01
   5.4218010e+06   4.0527344e+01
   5.4238470e+06   4.1442871e+01
   5.4285510e+06   4.5043945e+01
   5.4316690e+06   4.8522949e+01
   5.4337910e+06   3.5339355e+01
   5.4364720e+06   3.5461426e+01
   5.4383100e+06   3.9306641e+01
   5.4455230e+06   4.5654297e+01
   5.4511910e+06   3.4057617e+01
   5.4562470e+06   3.6987305e+01
   5.4581040e+06   3.4545898e+01
   5.4668200e+06   3.8085938e+01
   5.4779060e+06   4.5471191e+01
   5.4844000e+06   3.6437988e+01
   5.4865730e+06   3.6437988e+01
   5.4915320e+06   3.7841797e+01
   5.4963670e+06   4.0466309e+01
   5.5097350e+06   3.6254883e+01
   5.5230250e+06   3.8940430e+01
   5.5277780e+06   3.6499023e+01
   5.5387440e+06   3.6743164e+01
   5.5525120e+06   4.5471191e+01
   5.5549530e+06   3.8085938e+01
   5.5720950e+06   4.6936035e+01
   5.5776090e+06   5.1452637e+01
   5.5789740e+06   4.0100098e+01
   5.5869780e+06   3.4240723e+01
   5.5944230e+06   4.2541504e+01
   5.6015610e+06   3.4301758e+01
   5.6120370e+06   3.7597656e+01
   5.6120510e+06   3.6132813e+01
   5.6120770e+06   3.6926270e+01
   5.6150520e+06   4.6264648e+01
   5.6233330e+06   4.1687012e+01
   5.6278610e+06   4.3457031e+01
   5.6320600e+06   4.1259766e+01
   5.6362130e+06   4.2541504e+01
   5.6413930e+06   4.1259766e+01
   5.6457460e+06   4.2114258e+01
   5.6529990e+06   4.7546387e+01
   5.6558940e+06   4.2724609e+01
   5.6560760e+06   4.7363281e+01
   5.6562970e+06   4.1931152e+01
   5.6567060e+06   3.8085938e+01
   5.6574200e+06   3.5156250e+01
   5.6824850e+06   5.0842285e+01
   5.6826090e+06   3.4545898e+01
   5.6928000e+06   4.4128418e+01
   5.6940570e+06   3.9794922e+01
   5.6941120e+06   3.5461426e+01
   5.7138360e+06   3.3508301e+01
   5.7247650e+06   4.4799805e+01
   5.7247950e+06   3.5278320e+01
   5.7248330e+06   3.5827637e+01
   5.7248820e+06   4.8217773e+01
   5.7251240e+06   4.3151855e+01
   5.7252110e+06   3.4301758e+01
   5.7252510e+06   3.4301758e+01
   5.7252760e+06   4.2053223e+01
   5.7254100e+06   3.6437988e+01
   5.7258300e+06   3.8391113e+01
   5.7415230e+06   3.5156250e+01
   5.7522610e+06   4.2541504e+01
   5.7523130e+06   3.6743164e+01
   5.7523330e+06   3.4362793e+01
   5.7524640e+06   3.4423828e+01
   5.7525980e+06   3.5400391e+01
   5.7531080e+06   4.9682617e+01
   5.8014370e+06   3.6437988e+01
   5.8015670e+06   4.5654297e+01
   5.8016190e+06   3.4545898e+01
   5.8017420e+06   4.2053223e+01
   5.8018130e+06   4.4311523e+01
   5.8021290e+06   4.3884277e+01
   5.8198050e+06   5.5236816e+01
   5.8294610e+06   3.3508301e+01
   5.8294790e+06   3.8146973e+01
   5.8295100e+06   4.1931152e+01
   5.8295240e+06   3.8085938e+01
   5.8295520e+06   3.3386230e+01
   5.8296160e+06   3.5522461e+01
   5.8296450e+06   4.1992188e+01
   5.8296890e+06   3.3264160e+01
   5.8297150e+06   4.5349121e+01
   5.8297350e+06   3.9367676e+01
   5.8297990e+06   3.9245605e+01
   5.8298300e+06   3.4545898e+01
   5.8298620e+06   4.1015625e+01
   5.8299680e+06   3.8818359e+01
   5.8299920e+06   3.5949707e+01
   5.8300490e+06   3.3813477e+01
   5.8303020e+06   3.3447266e+01
   5.8563500e+06   4.3090820e+01
   5.8621120e+06   4.2541504e+01
   5.8636860e+06   4.5593262e+01
   5.8660960e+06   3.7963867e+01
   5.8681120e+06   4.4555664e+01
   5.8709400e+06   4.2968750e+01
   5.8728180e+06   3.5705566e+01
   5.8757680e+06   3.6682129e+01
   5.8853290e+06   3.9184570e+01
   5.8876550e+06   3.9916992e+01
   5.8974510e+06   3.7841797e+01
   5.9085740e+06   3.4606934e+01
   5.9243900e+06   4.6447754e+01
   5.9264840e+06   4.1870117e+01
   5.9286970e+06   4.0527344e+01
   5.9287310e+06   5.0842285e+01
   5.9288180e+06   5.3405762e+01
   5.9288350e+06   4.1992188e+01
   5.9289090e+06   3.7780762e+01
   5.9289840e+06   3.3203125e+01
   5.9290710e+06   4.1320801e+01
   5.9290820e+06   3.6010742e+01
   5.9305520e+06   3.4973145e+01
   5.9305750e+06   4.0710449e+01
   5.9305980e+06   4.0344238e+01
   5.9306170e+06   4.1442871e+01
   5.9306470e+06   3.7231445e+01
   5.9306800e+06   3.6804199e+01
   5.9306950e+06   3.8024902e+01
   5.9307410e+06   3.3325195e+01
   5.9307620e+06   3.3203125e+01
   5.9308180e+06   3.4729004e+01
   5.9310350e+06   3.4545898e+01
   5.9495740e+06   4.3334961e+01
   5.9514440e+06   4.9255371e+01
   5.9568600e+06   4.2480469e+01
   5.9583620e+06   3.8818359e+01
   5.9583830e+06   4.7119141e+01
   5.9584390e+06   4.1931152e+01
   5.9584580e+06   4.5410156e+01
   5.9584900e+06   4.5837402e+01
   5.9585160e+06   3.3691406e+01
   5.9585510e+06   3.3752441e+01
   5.9585700e+06   4.1625977e+01
   5.9585900e+06   4.5227051e+01
   5.9586400e+06   4.1503906e+01
   5.9586800e+06   3.9306641e+01
   5.9587400e+06   3.6193848e+01
   5.9587540e+06   3.9611816e+01
   5.9588240e+06   3.4423828e+01
   5.9588530e+06   3.4912109e+01
   5.9589540e+06   3.4484863e+01
