   2.9990000e+06   0.0000000e+00
   1.0500000e+03   2.0090332e+03
   3.4880000e+03   5.7922363e+01
   3.7290000e+03   3.6132813e+01
   4.1290000e+03   5.2062988e+01
   4.5760000e+03   3.7353516e+01
   5.0980000e+03   5.0415039e+01
   6.4970000e+03   6.1340332e+01
   5.1066000e+04   3.9999390e+03
   5.3294000e+04   5.9814453e+01
   5.3717000e+04   5.3649902e+01
   5.3790000e+04   3.3142090e+01
   5.4149000e+04   4.6386719e+01
   5.4387000e+04   3.6010742e+01
   5.4941000e+04   5.2490234e+01
   5.5651000e+04   5.4138184e+01
   1.0107800e+05   2.0051880e+03
   1.0455700e+05   5.6640625e+01
   1.0484400e+05   6.2866211e+01
   1.0533900e+05   5.4016113e+01
   1.0601400e+05   5.4870605e+01
   1.0671900e+05   5.0476074e+01
   1.0737200e+05   4.9377441e+01
   1.5109200e+05   2.0097046e+03
   1.5365400e+05   6.3964844e+01
   1.5408100e+05   5.9204102e+01
   1.5421100e+05   3.3081055e+01
   1.5471700e+05   5.3649902e+01
   1.9056700e+05   5.1879883e+01
   1.9145100e+05   5.6335449e+01
   2.0110600e+05   2.0056763e+03
   2.5112000e+05   2.0070801e+03
   3.0113400e+05   2.0083618e+03
   3.5115000e+05   3.9999390e+03
   4.0116400e+05   3.9999390e+03
   4.5117600e+05   2.0081177e+03
   5.0119000e+05   2.0065918e+03
   5.5120400e+05   2.0068359e+03
   5.5121800e+05   3.7231445e+01
   6.0122000e+05   3.9999390e+03
   6.0123100e+05   4.8767090e+01
   6.5123400e+05   3.9999390e+03
   6.7450400e+05   7.3303223e+01
   6.7471900e+05   4.4921875e+01
   6.7528200e+05   4.4189453e+01
   6.7633300e+05   3.3447266e+01
   6.7744000e+05   4.8522949e+01
   6.7809700e+05   3.7170410e+01
   7.0124600e+05   2.0065308e+03
   7.5126200e+05   3.9999390e+03
   7.5127200e+05   3.8208008e+01
   8.0127600e+05   3.9999390e+03
   8.0128900e+05   3.3935547e+01
   8.2989500e+05   6.9335938e+01
   8.3011200e+05   4.2602539e+01
   8.3061000e+05   4.9926758e+01
   8.3124600e+05   3.7963867e+01
   8.3402700e+05   4.4555664e+01
   8.5128800e+05   2.0140991e+03
   9.0130200e+05   2.0072021e+03
   9.0318600e+05   6.7687988e+01
   9.0342300e+05   6.7504883e+01
   9.0372600e+05   5.4992676e+01
   9.0424000e+05   4.1931152e+01
   9.0465600e+05   3.7475586e+01
   9.0521800e+05   3.3752441e+01
   9.0589800e+05   4.8522949e+01
   9.0673400e+05   3.9428711e+01
   9.5131600e+05   2.0063477e+03
   1.0013300e+06   2.0065308e+03
   1.0296120e+06   6.8054199e+01
   1.0298410e+06   5.1086426e+01
   1.0303330e+06   4.3701172e+01
   1.0310550e+06   3.6071777e+01
   1.0325720e+06   4.4982910e+01
   1.0334190e+06   4.9316406e+01
   1.0513460e+06   3.9999390e+03
   1.1013580e+06   2.0098267e+03
   1.1013710e+06   3.6926270e+01
   1.1513720e+06   2.0049438e+03
   1.1656410e+06   3.3203125e+01
   1.1698200e+06   7.6538086e+01
   1.1700220e+06   5.0415039e+01
   1.1705440e+06   4.7973633e+01
   1.1705590e+06   3.8269043e+01
   1.1710880e+06   5.1330566e+01
   1.1722410e+06   3.9855957e+01
   1.1730820e+06   5.2795410e+01
   1.1893260e+06   6.4270020e+01
   1.2013860e+06   2.0101929e+03
   1.2208650e+06   6.1157227e+01
   1.2214150e+06   6.9702148e+01
   1.2223850e+06   5.8349609e+01
   1.2498620e+06   5.4992676e+01
   1.2514000e+06   2.0036011e+03
   1.2740560e+06   5.1757813e+01
   1.3014160e+06   3.9999390e+03
   1.3514300e+06   3.9999390e+03
   1.4014440e+06   3.9999390e+03
   1.4365160e+06   4.9743652e+01
   1.4514580e+06   3.9999390e+03
   1.5014700e+06   2.0045776e+03
   1.5014840e+06   3.3203125e+01
   1.5514840e+06   2.0121460e+03
   1.6015000e+06   3.9999390e+03
   1.6515120e+06   2.0104980e+03
   1.6960760e+06   6.3598633e+01
   1.6962600e+06   5.1940918e+01
   1.6966250e+06   5.8044434e+01
   1.6972310e+06   5.3161621e+01
   1.6978860e+06   4.9438477e+01
   1.7015260e+06   2.0079956e+03
   1.7015380e+06   4.1564941e+01
   1.7515420e+06   3.9999390e+03
   1.7662660e+06   6.2683105e+01
   1.7668750e+06   5.0598145e+01
   1.7677650e+06   5.2307129e+01
   1.8015560e+06   3.9999390e+03
   1.8238090e+06   5.9509277e+01
   1.8515680e+06   2.0073853e+03
   1.8721140e+06   5.7861328e+01
   1.9015820e+06   2.0108643e+03
   1.9425230e+06   5.2795410e+01
   1.9431090e+06   5.9875488e+01
   1.9438950e+06   5.0903320e+01
   1.9515980e+06   3.9999390e+03
   2.0016100e+06   2.0078735e+03
   2.0516260e+06   3.9999390e+03
   2.0516430e+06   3.3508301e+01
   2.0995560e+06   6.3720703e+01
   2.0999980e+06   5.6091309e+01
   2.1005560e+06   5.8349609e+01
   2.1013720e+06   4.0039063e+01
   2.1016380e+06   2.0084229e+03
   2.1024190e+06   5.5419922e+01
   2.1516520e+06   2.0068359e+03
   2.1712120e+06   5.4382324e+01
   2.1717690e+06   5.1574707e+01
   2.2016660e+06   2.0057373e+03
   2.2016800e+06   3.3264160e+01
   2.2516800e+06   2.0081177e+03
   2.2577750e+06   5.2673340e+01
   2.2583450e+06   5.4748535e+01
   2.2590710e+06   5.4687500e+01
   2.2598680e+06   4.5227051e+01
   2.3016960e+06   3.9999390e+03
   2.3017080e+06   3.4606934e+01
   2.3517100e+06   3.9999390e+03
   2.3829090e+06   5.0170898e+01
   2.3832480e+06   4.6508789e+01
   2.3837390e+06   5.6213379e+01
   2.3846330e+06   4.9316406e+01
   2.4017220e+06   2.0111084e+03
   2.4017350e+06   3.4118652e+01
   2.4517380e+06   3.9999390e+03
   2.4517500e+06   3.3569336e+01
   2.4973710e+06   7.0617676e+01
   2.5622410e+06   5.7189941e+01
   2.5628000e+06   5.2429199e+01
   2.5636310e+06   6.0302734e+01
   2.6110050e+06   5.5419922e+01
   2.6120790e+06   5.8715820e+01
   2.7655520e+06   5.8410645e+01
   2.7657420e+06   4.3640137e+01
   2.7662060e+06   4.5593262e+01
   2.7668050e+06   5.1696777e+01
   2.8040980e+06   6.3476563e+01
   2.9052070e+06   5.9936523e+01
   2.9056630e+06   5.9753418e+01
   2.9063930e+06   4.5043945e+01
   2.9071150e+06   5.0720215e+01
   2.9079130e+06   3.8391113e+01
   2.9917430e+06   5.8898926e+01
   2.9924510e+06   5.2551270e+01
