   2.9990000e+06   0.0000000e+00
   1.0520000e+03   3.9999390e+03
   1.0630000e+03   4.3273926e+01
   3.0230000e+03   3.6987305e+01
   3.2130000e+03   3.6621094e+01
   3.2810000e+03   3.6743164e+01
   3.3140000e+03   4.0588379e+01
   3.3240000e+03   4.1870117e+01
   3.3800000e+03   4.3151855e+01
   3.3940000e+03   4.4250488e+01
   3.4440000e+03   4.4067383e+01
   3.4700000e+03   4.1137695e+01
   3.4840000e+03   3.6926270e+01
   3.5150000e+03   3.6987305e+01
   3.5280000e+03   5.5419922e+01
   3.5650000e+03   4.2968750e+01
   3.5860000e+03   4.3090820e+01
   3.6330000e+03   3.9916992e+01
   3.6700000e+03   3.7109375e+01
   3.6870000e+03   3.8269043e+01
   3.7110000e+03   4.1564941e+01
   3.7340000e+03   3.6132813e+01
   3.7520000e+03   5.3649902e+01
   3.7800000e+03   4.1198730e+01
   3.8120000e+03   4.0405273e+01
   3.8430000e+03   5.0354004e+01
   3.8700000e+03   4.6691895e+01
   3.8930000e+03   4.2907715e+01
   3.9060000e+03   6.4697266e+01
   3.9270000e+03   4.9682617e+01
   3.9600000e+03   3.7475586e+01
   3.9980000e+03   4.6386719e+01
   4.0120000e+03   4.8278809e+01
   4.0220000e+03   3.5705566e+01
   4.0400000e+03   4.7424316e+01
   4.0890000e+03   4.3518066e+01
   4.1010000e+03   3.9306641e+01
   4.1380000e+03   4.1931152e+01
   4.1480000e+03   4.0283203e+01
   4.2170000e+03   4.3945313e+01
   4.2490000e+03   4.4738770e+01
   4.2700000e+03   5.4138184e+01
   4.3380000e+03   4.4738770e+01
   4.3990000e+03   3.7902832e+01
   4.4670000e+03   4.5654297e+01
   4.4970000e+03   4.1931152e+01
   4.5510000e+03   3.6193848e+01
   4.5830000e+03   4.3945313e+01
   4.6040000e+03   4.2724609e+01
   4.6380000e+03   4.6264648e+01
   4.6580000e+03   3.6987305e+01
   4.7250000e+03   3.8513184e+01
   4.7830000e+03   4.0527344e+01
   4.8110000e+03   3.6010742e+01
   4.8390000e+03   3.7048340e+01
   4.8620000e+03   3.6254883e+01
   4.8880000e+03   3.6071777e+01
   4.9770000e+03   4.0405273e+01
   5.0000000e+03   3.7658691e+01
   5.1060000e+03   3.6499023e+01
   5.2750000e+03   3.7719727e+01
   5.2990000e+03   4.2968750e+01
   5.4140000e+03   4.3945313e+01
   5.4610000e+03   4.2419434e+01
   5.4780000e+03   3.5583496e+01
   5.6270000e+03   3.9367676e+01
   5.7750000e+03   4.1259766e+01
   6.2170000e+03   3.8635254e+01
   6.3210000e+03   4.7180176e+01
   6.3580000e+03   3.6071777e+01
   6.9650000e+03   3.7963867e+01
   5.1066000e+04   3.9999390e+03
   5.3119000e+04   3.6437988e+01
   5.3156000e+04   4.1503906e+01
   5.3172000e+04   4.0832520e+01
   5.3203000e+04   5.4687500e+01
   5.3250000e+04   4.4250488e+01
   5.3265000e+04   4.2480469e+01
   5.3303000e+04   4.5837402e+01
   5.3331000e+04   3.8085938e+01
   5.3350000e+04   4.8828125e+01
   5.3362000e+04   4.1259766e+01
   5.3399000e+04   4.3273926e+01
   5.3413000e+04   3.8330078e+01
   5.3439000e+04   4.8034668e+01
   5.3466000e+04   7.0068359e+01
   5.3476000e+04   3.5400391e+01
   5.3503000e+04   4.1076660e+01
   5.3551000e+04   3.7109375e+01
   5.3584000e+04   4.0161133e+01
   5.3606000e+04   4.9194336e+01
   5.3633000e+04   6.6040039e+01
   5.3676000e+04   5.1025391e+01
   5.3686000e+04   6.3598633e+01
   5.3746000e+04   5.2368164e+01
   5.3780000e+04   3.5888672e+01
   5.3803000e+04   3.7658691e+01
   5.3825000e+04   4.0893555e+01
   5.3843000e+04   4.8583984e+01
   5.3870000e+04   4.5349121e+01
   5.3917000e+04   4.0649414e+01
   5.3932000e+04   3.9367676e+01
   5.3955000e+04   4.3945313e+01
   5.4031000e+04   3.5583496e+01
   5.4057000e+04   3.9306641e+01
   5.4075000e+04   3.7475586e+01
   5.4085000e+04   5.1696777e+01
   5.4150000e+04   4.7119141e+01
   5.4218000e+04   3.8085938e+01
   5.4247000e+04   3.7597656e+01
   5.4270000e+04   3.8269043e+01
   5.4294000e+04   3.7597656e+01
   5.4432000e+04   3.7597656e+01
   5.4464000e+04   4.9377441e+01
   5.4500000e+04   3.6682129e+01
   5.4568000e+04   4.0832520e+01
   5.4585000e+04   3.9733887e+01
   5.4604000e+04   4.1809082e+01
   5.4648000e+04   4.1809082e+01
   5.4681000e+04   5.5725098e+01
   5.4708000e+04   4.1198730e+01
   5.4747000e+04   3.8818359e+01
   5.4768000e+04   3.9062500e+01
   5.4805000e+04   3.7231445e+01
   5.4826000e+04   5.2429199e+01
   5.4861000e+04   3.6926270e+01
   5.4980000e+04   3.7719727e+01
   5.5082000e+04   3.6682129e+01
   5.5132000e+04   3.9306641e+01
   5.5183000e+04   3.7841797e+01
   5.5250000e+04   3.6315918e+01
   5.5425000e+04   3.5400391e+01
   5.5514000e+04   4.2785645e+01
   5.5563000e+04   3.8024902e+01
   5.5771000e+04   4.0344238e+01
   5.5890000e+04   3.8208008e+01
   5.6003000e+04   4.4433594e+01
   5.6120000e+04   3.8574219e+01
   5.7825000e+04   3.6376953e+01
   1.0108000e+05   3.9999390e+03
   1.0411000e+05   3.9062500e+01
   1.0434900e+05   4.1442871e+01
   1.0436200e+05   4.0954590e+01
   1.0447100e+05   4.4189453e+01
   1.0449000e+05   6.0607910e+01
   1.0454500e+05   4.2846680e+01
   1.0456800e+05   3.8574219e+01
   1.0459600e+05   4.5837402e+01
   1.0461900e+05   3.6743164e+01
   1.0465500e+05   6.6345215e+01
   1.0467400e+05   5.3344727e+01
   1.0469800e+05   3.8085938e+01
   1.0474900e+05   3.8452148e+01
   1.0481600e+05   5.6030273e+01
   1.0485100e+05   4.8645020e+01
   1.0487600e+05   3.9489746e+01
   1.0489900e+05   4.2297363e+01
   1.0493500e+05   3.6682129e+01
   1.0497700e+05   3.7353516e+01
   1.0500700e+05   4.4921875e+01
   1.0502800e+05   4.3823242e+01
   1.0508300e+05   4.5654297e+01
   1.0516000e+05   3.7292480e+01
   1.0522300e+05   5.2734375e+01
   1.0525200e+05   4.0161133e+01
   1.0526600e+05   4.1564941e+01
   1.0533600e+05   3.6132813e+01
   1.0537800e+05   4.1809082e+01
   1.0539900e+05   3.5949707e+01
   1.0545400e+05   3.6437988e+01
   1.0550600e+05   3.7536621e+01
   1.0553700e+05   4.0039063e+01
   1.0555000e+05   5.0170898e+01
   1.0557800e+05   3.8330078e+01
   1.0559000e+05   3.6437988e+01
   1.0562500e+05   4.1198730e+01
   1.0566600e+05   4.1198730e+01
   1.0569500e+05   4.2846680e+01
   1.0574700e+05   3.5888672e+01
   1.0577500e+05   4.1320801e+01
   1.0580900e+05   4.7973633e+01
   1.0583500e+05   4.6813965e+01
   1.0586300e+05   4.0222168e+01
   1.0592000e+05   4.0283203e+01
   1.0600900e+05   4.5349121e+01
   1.0603700e+05   4.0527344e+01
   1.0607800e+05   3.5888672e+01
   1.0624600e+05   3.8757324e+01
   1.0644200e+05   3.5888672e+01
   1.0654000e+05   3.9794922e+01
   1.0670100e+05   4.1320801e+01
   1.0677300e+05   5.0781250e+01
   1.0680800e+05   3.5766602e+01
   1.0711000e+05   3.5827637e+01
   1.0715700e+05   4.2114258e+01
   1.0740200e+05   3.9001465e+01
   1.0774700e+05   3.6315918e+01
   1.0798700e+05   3.7536621e+01
   1.3383600e+05   3.7414551e+01
   1.5109200e+05   2.0078125e+03
   1.5115800e+05   3.8635254e+01
   1.5146000e+05   3.5583496e+01
   1.5308200e+05   4.6203613e+01
   1.5330900e+05   4.1442871e+01
   1.5338700e+05   3.6682129e+01
   1.5340400e+05   4.0649414e+01
   1.5344800e+05   3.7902832e+01
   1.5348700e+05   4.9865723e+01
   1.5351600e+05   4.9926758e+01
   1.5352600e+05   4.5959473e+01
   1.5355300e+05   3.6132813e+01
   1.5357900e+05   5.6091309e+01
   1.5359000e+05   6.0302734e+01
   1.5360200e+05   4.1442871e+01
   1.5363600e+05   3.7414551e+01
   1.5366300e+05   4.4616699e+01
   1.5368300e+05   3.7536621e+01
   1.5374000e+05   4.4311523e+01
   1.5377500e+05   4.2053223e+01
   1.5379700e+05   4.0405273e+01
   1.5384100e+05   4.2297363e+01
   1.5386600e+05   4.9743652e+01
   1.5389900e+05   4.3518066e+01
   1.5391400e+05   4.2480469e+01
   1.5392600e+05   5.9204102e+01
   1.5395700e+05   4.4860840e+01
   1.5397600e+05   4.4921875e+01
   1.5399800e+05   4.3579102e+01
   1.5404700e+05   4.0527344e+01
   1.5409800e+05   3.5644531e+01
   1.5413500e+05   3.5827637e+01
   1.5416400e+05   4.0344238e+01
   1.5418700e+05   4.3945313e+01
   1.5423100e+05   5.2124023e+01
   1.5426200e+05   4.0649414e+01
   1.5429400e+05   4.4860840e+01
   1.5434500e+05   3.5644531e+01
   1.5439500e+05   4.0039063e+01
   1.5447900e+05   3.6926270e+01
   1.5451900e+05   4.1442871e+01
   1.5456100e+05   3.9245605e+01
   1.5459900e+05   4.6936035e+01
   1.5463000e+05   3.6865234e+01
   1.5473200e+05   3.9489746e+01
   1.5474400e+05   4.0283203e+01
   1.5486600e+05   3.9489746e+01
   1.5488600e+05   3.7658691e+01
   1.5508000e+05   4.2358398e+01
   1.5518400e+05   4.0710449e+01
   1.5519700e+05   4.5471191e+01
   1.5523600e+05   4.1503906e+01
   1.5534700e+05   4.2053223e+01
   1.5542600e+05   3.5766602e+01
   1.5549100e+05   3.8818359e+01
   1.5550600e+05   4.8889160e+01
   1.5553200e+05   4.6813965e+01
   1.5556000e+05   4.0710449e+01
   1.5579600e+05   3.5766602e+01
   1.5587100e+05   3.9062500e+01
   1.5596300e+05   3.7109375e+01
   1.5604200e+05   3.9611816e+01
   1.5612800e+05   3.5522461e+01
   1.5636400e+05   3.6743164e+01
   1.5642200e+05   3.9550781e+01
   1.5672200e+05   3.8452148e+01
   1.8924400e+05   3.7597656e+01
   1.8973100e+05   3.8696289e+01
   1.8978400e+05   3.9367676e+01
   1.8983600e+05   4.0466309e+01
   1.8990300e+05   3.8696289e+01
   1.9001100e+05   3.9123535e+01
   1.9002800e+05   4.0344238e+01
   1.9004400e+05   3.5766602e+01
   1.9007100e+05   4.6203613e+01
   1.9008400e+05   4.7851563e+01
   1.9012800e+05   3.9916992e+01
   1.9016000e+05   4.4189453e+01
   1.9018700e+05   3.6560059e+01
   1.9021500e+05   3.9001465e+01
   1.9029300e+05   3.9916992e+01
   1.9031300e+05   5.1757812e+01
   1.9036600e+05   3.6254883e+01
   1.9041600e+05   3.7597656e+01
   1.9046200e+05   3.9672852e+01
   1.9048900e+05   3.5827637e+01
   1.9052200e+05   3.9978027e+01
   1.9054400e+05   3.9428711e+01
   1.9060200e+05   3.7353516e+01
   1.9063600e+05   4.4738770e+01
   1.9075000e+05   4.5410156e+01
   1.9076000e+05   3.6071777e+01
   1.9082800e+05   4.1625977e+01
   1.9100500e+05   3.8635254e+01
   1.9103800e+05   4.1687012e+01
   1.9111800e+05   4.0588379e+01
   1.9118500e+05   3.6071777e+01
   1.9124100e+05   4.2846680e+01
   1.9128500e+05   4.7424316e+01
   1.9132900e+05   4.1381836e+01
   1.9141000e+05   3.7170410e+01
   1.9143300e+05   3.9978027e+01
   1.9151100e+05   3.9245605e+01
   1.9160700e+05   3.8024902e+01
   1.9171000e+05   3.8452148e+01
   1.9178400e+05   4.2663574e+01
   1.9180500e+05   3.9611816e+01
   1.9182800e+05   3.6743164e+01
   1.9191400e+05   4.4494629e+01
   1.9206700e+05   3.7292480e+01
   1.9221600e+05   4.0161133e+01
   1.9239600e+05   3.5461426e+01
   1.9287100e+05   3.7353516e+01
   1.9322300e+05   4.0588379e+01
   1.9324500e+05   3.6865234e+01
   2.0110600e+05   2.0066528e+03
   2.1661600e+05   3.8330078e+01
   2.1685700e+05   4.2724609e+01
   2.1699300e+05   3.8818359e+01
   2.1701400e+05   5.1696777e+01
   2.1703700e+05   4.8706055e+01
   2.1706800e+05   3.6621094e+01
   2.1719100e+05   4.8034668e+01
   2.1720800e+05   3.6010742e+01
   2.1722500e+05   4.9682617e+01
   2.1728700e+05   3.6621094e+01
   2.1735600e+05   4.7241211e+01
   2.1744700e+05   3.9428711e+01
   2.1745900e+05   4.0649414e+01
   2.1757700e+05   4.5349121e+01
   2.1767500e+05   3.6010742e+01
   2.1769500e+05   3.6315918e+01
   2.1773000e+05   3.7475586e+01
   2.1788100e+05   4.1137695e+01
   2.1790600e+05   3.9916992e+01
   2.1791700e+05   3.6865234e+01
   2.1799500e+05   3.9123535e+01
   2.1805500e+05   3.6560059e+01
   2.1820600e+05   3.9245605e+01
   2.1826100e+05   3.7414551e+01
   2.1832300e+05   3.8085938e+01
   2.1838100e+05   3.5766602e+01
   2.1843900e+05   3.6315918e+01
   2.1889300e+05   4.6813965e+01
   2.1911200e+05   3.5461426e+01
   2.3705900e+05   3.6560059e+01
   2.3716200e+05   4.4311523e+01
   2.3754500e+05   3.6926270e+01
   2.3757400e+05   3.7170410e+01
   2.3762200e+05   3.6560059e+01
   2.3779800e+05   4.0344238e+01
   2.3817700e+05   3.6437988e+01
   2.3845300e+05   3.7414551e+01
   2.3887900e+05   3.5949707e+01
   2.3937500e+05   3.6804199e+01
   2.5112000e+05   2.0056152e+03
   2.5113300e+05   3.8452148e+01
   2.7031500e+05   3.5766602e+01
   2.7049900e+05   3.6499023e+01
   2.7053600e+05   3.5888672e+01
   2.7062400e+05   3.6865234e+01
   2.7075400e+05   4.0527344e+01
   2.7085800e+05   3.9184570e+01
   2.7104700e+05   3.9428711e+01
   2.7111400e+05   4.1809082e+01
   2.7117900e+05   3.8635254e+01
   2.7127500e+05   3.6437988e+01
   2.7141400e+05   4.0466309e+01
   2.7158200e+05   3.6743164e+01
   2.7165700e+05   3.8391113e+01
   2.7174700e+05   3.9428711e+01
   2.7177000e+05   3.5827637e+01
   2.7245000e+05   3.6071777e+01
   2.7268200e+05   3.8452148e+01
   2.7279800e+05   3.7902832e+01
   2.8320700e+05   3.8757324e+01
   3.0001700e+05   3.5583496e+01
   3.0015300e+05   3.9733887e+01
   3.0039900e+05   3.6315918e+01
   3.0050700e+05   3.6987305e+01
   3.0055500e+05   3.6682129e+01
   3.0113400e+05   2.0082397e+03
   3.3388400e+05   3.7719727e+01
   3.3414200e+05   3.7963867e+01
   3.3428500e+05   3.6743164e+01
   3.3468000e+05   3.7292480e+01
   3.3503200e+05   3.8513184e+01
   3.3584300e+05   3.7170410e+01
   3.4751900e+05   3.6682129e+01
   3.5115000e+05   3.9999390e+03
   4.0116400e+05   3.9999390e+03
   4.0117700e+05   3.6254883e+01
   4.1713800e+05   3.8696289e+01
   4.3352100e+05   3.6254883e+01
   4.5117600e+05   2.0123291e+03
   4.7240300e+05   3.6193848e+01
   4.9518600e+05   3.6132813e+01
   5.0119000e+05   2.0124512e+03
   5.0120300e+05   3.8330078e+01
   5.2907500e+05   3.9062500e+01
   5.5120600e+05   2.0080566e+03
   5.5121800e+05   4.3395996e+01
   5.8874600e+05   3.5705566e+01
   6.0121800e+05   2.0044556e+03
   6.0123000e+05   5.3466797e+01
   6.2043000e+05   3.6865234e+01
   6.5123200e+05   2.0061035e+03
   6.5124400e+05   4.3457031e+01
   6.7366600e+05   4.2541504e+01
   6.7372500e+05   3.6193848e+01
   6.7381300e+05   3.8696289e+01
   6.7387900e+05   3.9062500e+01
   6.7396500e+05   3.7719727e+01
   6.7403500e+05   3.5522461e+01
   6.7405800e+05   4.0649414e+01
   6.7412500e+05   4.7424316e+01
   6.7424400e+05   4.9316406e+01
   6.7433200e+05   3.8085938e+01
   6.7434500e+05   3.9489746e+01
   6.7436200e+05   4.1015625e+01
   6.7439900e+05   5.1147461e+01
   6.7442200e+05   3.5583496e+01
   6.7446100e+05   4.1870117e+01
   6.7447400e+05   5.6640625e+01
   6.7450300e+05   4.1992188e+01
   6.7452500e+05   5.3344727e+01
   6.7455500e+05   4.9377441e+01
   6.7458400e+05   6.7565918e+01
   6.7460800e+05   3.9062500e+01
   6.7467600e+05   3.6682129e+01
   6.7469700e+05   3.6804199e+01
   6.7471200e+05   3.6926270e+01
   6.7473300e+05   5.0354004e+01
   6.7475000e+05   4.0039063e+01
   6.7478200e+05   4.7485352e+01
   6.7480000e+05   4.6630859e+01
   6.7485800e+05   3.6071777e+01
   6.7488400e+05   3.5583496e+01
   6.7491500e+05   3.8513184e+01
   6.7494600e+05   3.5705566e+01
   6.7495900e+05   5.8349609e+01
   6.7499300e+05   5.4382324e+01
   6.7504700e+05   3.5583496e+01
   6.7506600e+05   3.8696289e+01
   6.7510700e+05   4.2236328e+01
   6.7516800e+05   3.7475586e+01
   6.7519200e+05   3.8879395e+01
   6.7520700e+05   3.8024902e+01
   6.7523800e+05   3.7109375e+01
   6.7527900e+05   3.7231445e+01
   6.7531800e+05   3.6254883e+01
   6.7533100e+05   4.6691895e+01
   6.7539000e+05   4.8034668e+01
   6.7540600e+05   3.6865234e+01
   6.7544200e+05   4.1992188e+01
   6.7549700e+05   3.5400391e+01
   6.7553300e+05   4.7546387e+01
   6.7558800e+05   3.7048340e+01
   6.7561900e+05   3.6132813e+01
   6.7563500e+05   3.9001465e+01
   6.7570500e+05   3.8574219e+01
   6.7573400e+05   3.9367676e+01
   6.7578400e+05   3.6193848e+01
   6.7582500e+05   3.6987305e+01
   6.7585500e+05   3.7963867e+01
   6.7587100e+05   3.5583496e+01
   6.7588400e+05   4.5715332e+01
   6.7597200e+05   3.5766602e+01
   6.7598900e+05   4.3395996e+01
   6.7609000e+05   4.5410156e+01
   6.7618500e+05   4.6142578e+01
   6.7628200e+05   4.2541504e+01
   6.7630900e+05   3.8391113e+01
   6.7635000e+05   3.8208008e+01
   6.7640700e+05   3.7780762e+01
   6.7645100e+05   4.5166016e+01
   6.7646500e+05   3.6132813e+01
   6.7649600e+05   4.0954590e+01
   6.7655200e+05   4.0405273e+01
   6.7666400e+05   4.4433594e+01
   6.7669300e+05   3.8330078e+01
   6.7682200e+05   4.0527344e+01
   6.7690900e+05   5.0170898e+01
   6.7695000e+05   3.7048340e+01
   6.7699500e+05   4.1931152e+01
   6.7710200e+05   5.1879883e+01
   6.7722900e+05   3.5461426e+01
   6.7769200e+05   3.9978027e+01
   6.7778600e+05   4.0893555e+01
   7.0124600e+05   2.0088501e+03
   7.5126200e+05   3.9999390e+03
   7.6543900e+05   3.7475586e+01
   7.8093200e+05   3.7963867e+01
   8.0127600e+05   3.9999390e+03
   8.1265700e+05   3.5461426e+01
   8.2935500e+05   3.5888672e+01
   8.2963200e+05   4.2236328e+01
   8.2968600e+05   3.5461426e+01
   8.2970300e+05   4.0222168e+01
   8.2971500e+05   4.1381836e+01
   8.2975300e+05   4.8706055e+01
   8.2977500e+05   4.6081543e+01
   8.2978500e+05   3.8513184e+01
   8.2983200e+05   5.5480957e+01
   8.2986400e+05   4.4250488e+01
   8.2989100e+05   4.0649414e+01
   8.2993200e+05   5.1757813e+01
   8.2995600e+05   4.0344238e+01
   8.2999800e+05   3.6621094e+01
   8.3002600e+05   3.6682129e+01
   8.3004600e+05   4.6386719e+01
   8.3006300e+05   7.3364258e+01
   8.3010000e+05   3.6193848e+01
   8.3011100e+05   6.6223145e+01
   8.3014500e+05   4.5043945e+01
   8.3015700e+05   5.2246094e+01
   8.3018600e+05   3.8452148e+01
   8.3022400e+05   4.4189453e+01
   8.3025000e+05   4.4372559e+01
   8.3027900e+05   5.1513672e+01
   8.3028900e+05   4.0710449e+01
   8.3029900e+05   4.6447754e+01
   8.3033000e+05   3.7658691e+01
   8.3040300e+05   4.2968750e+01
   8.3041400e+05   3.8085938e+01
   8.3043400e+05   5.5725098e+01
   8.3044600e+05   4.1748047e+01
   8.3051000e+05   3.7048340e+01
   8.3055900e+05   4.4006348e+01
   8.3059500e+05   3.5644531e+01
   8.3072600e+05   3.5827637e+01
   8.3076900e+05   4.3151855e+01
   8.3078100e+05   3.5583496e+01
   8.3080700e+05   3.8085938e+01
   8.3083400e+05   4.2724609e+01
   8.3086300e+05   4.1259766e+01
   8.3089900e+05   5.2795410e+01
   8.3091400e+05   3.7353516e+01
   8.3096300e+05   4.6875000e+01
   8.3099500e+05   4.3762207e+01
   8.3113900e+05   3.8574219e+01
   8.3119200e+05   4.1015625e+01
   8.3122300e+05   3.8635254e+01
   8.3132100e+05   4.3762207e+01
   8.3140700e+05   5.8105469e+01
   8.3142400e+05   3.9672852e+01
   8.3144700e+05   3.8574219e+01
   8.3148100e+05   3.6315918e+01
   8.3152000e+05   3.7170410e+01
   8.3157200e+05   3.5522461e+01
   8.3169100e+05   3.9916992e+01
   8.3174300e+05   4.2053223e+01
   8.3177700e+05   4.1992188e+01
   8.3178700e+05   3.8024902e+01
   8.3193600e+05   3.5583496e+01
   8.3198200e+05   5.3955078e+01
   8.3202700e+05   3.9855957e+01
   8.3230300e+05   3.8879395e+01
   8.3239000e+05   3.7719727e+01
   8.3252400e+05   3.5644531e+01
   8.3257200e+05   3.9855957e+01
   8.3266500e+05   3.9489746e+01
   8.3304900e+05   3.9489746e+01
   8.3361500e+05   4.0344238e+01
   8.3382100e+05   3.6010742e+01
   8.4465100e+05   3.6132813e+01
   8.5128800e+05   2.0081787e+03
   8.5130000e+05   4.7302246e+01
   8.5638600e+05   3.6071777e+01
   8.9448100e+05   3.8146973e+01
   9.0130200e+05   2.0057983e+03
   9.0267600e+05   4.8950195e+01
   9.0277100e+05   3.8391113e+01
   9.0278200e+05   4.2663574e+01
   9.0282500e+05   3.6682129e+01
   9.0286000e+05   3.9672852e+01
   9.0294400e+05   4.1076660e+01
   9.0298100e+05   5.2185059e+01
   9.0300900e+05   3.8696289e+01
   9.0302900e+05   5.6274414e+01
   9.0305400e+05   4.6813965e+01
   9.0306900e+05   4.1564941e+01
   9.0311300e+05   4.3395996e+01
   9.0314000e+05   3.5766602e+01
   9.0316400e+05   4.3518066e+01
   9.0319500e+05   4.4555664e+01
   9.0321300e+05   4.3701172e+01
   9.0324500e+05   3.8146973e+01
   9.0327100e+05   4.1564941e+01
   9.0330900e+05   4.6630859e+01
   9.0332100e+05   4.9255371e+01
   9.0333600e+05   3.6926270e+01
   9.0335100e+05   3.7536621e+01
   9.0339200e+05   3.5766602e+01
   9.0342000e+05   3.8146973e+01
   9.0344900e+05   3.9367676e+01
   9.0346900e+05   5.2795410e+01
   9.0348600e+05   4.3212891e+01
   9.0350300e+05   5.0842285e+01
   9.0355700e+05   4.0588379e+01
   9.0361100e+05   5.2795410e+01
   9.0362200e+05   6.4636230e+01
   9.0364300e+05   4.0283203e+01
   9.0366800e+05   4.6081543e+01
   9.0370300e+05   3.9550781e+01
   9.0375900e+05   3.7231445e+01
   9.0380800e+05   4.1015625e+01
   9.0383900e+05   3.7109375e+01
   9.0387500e+05   4.0588379e+01
   9.0390400e+05   3.6865234e+01
   9.0392100e+05   3.5583496e+01
   9.0394100e+05   4.3884277e+01
   9.0396500e+05   3.8635254e+01
   9.0404100e+05   4.3395996e+01
   9.0406900e+05   4.5776367e+01
   9.0411500e+05   4.2907715e+01
   9.0417500e+05   4.2358398e+01
   9.0421100e+05   3.6437988e+01
   9.0424100e+05   4.2114258e+01
   9.0431900e+05   3.8574219e+01
   9.0434800e+05   3.6804199e+01
   9.0438700e+05   4.9316406e+01
   9.0440800e+05   3.6193848e+01
   9.0444100e+05   5.0292969e+01
   9.0448000e+05   4.0893555e+01
   9.0449700e+05   4.2114258e+01
   9.0457700e+05   4.2053223e+01
   9.0461100e+05   4.0710449e+01
   9.0470400e+05   4.6142578e+01
   9.0474100e+05   3.7963867e+01
   9.0479300e+05   3.8879395e+01
   9.0480700e+05   3.7719727e+01
   9.0485600e+05   3.8208008e+01
   9.0491400e+05   4.0832520e+01
   9.0496300e+05   3.7658691e+01
   9.0499800e+05   3.9062500e+01
   9.0501500e+05   4.3273926e+01
   9.0504800e+05   3.9733887e+01
   9.0525300e+05   3.5644531e+01
   9.0535700e+05   3.5400391e+01
   9.0542500e+05   3.6254883e+01
   9.0566200e+05   4.3945313e+01
   9.0568600e+05   3.7170410e+01
   9.0588000e+05   3.9733887e+01
   9.0622700e+05   3.6865234e+01
   9.3257600e+05   3.6437988e+01
   9.5131800e+05   3.9999390e+03
   9.8812700e+05   3.8513184e+01
   1.0013300e+06   2.0070801e+03
   1.0291300e+06   3.5888672e+01
   1.0292710e+06   4.4250488e+01
   1.0292840e+06   3.6010742e+01
   1.0293210e+06   3.7597656e+01
   1.0293660e+06   4.5227051e+01
   1.0293850e+06   5.2185059e+01
   1.0294090e+06   4.8278809e+01
   1.0294330e+06   4.1870117e+01
   1.0294450e+06   5.2124023e+01
   1.0294770e+06   4.4555664e+01
   1.0294950e+06   4.3090820e+01
   1.0295300e+06   5.6762695e+01
   1.0295610e+06   5.0781250e+01
   1.0296000e+06   5.6396484e+01
   1.0296300e+06   3.8513184e+01
   1.0296590e+06   4.6813965e+01
   1.0296830e+06   3.7536621e+01
   1.0297090e+06   4.0039063e+01
   1.0297280e+06   4.6020508e+01
   1.0297830e+06   3.8574219e+01
   1.0298510e+06   5.0048828e+01
   1.0298730e+06   3.9855957e+01
   1.0300020e+06   4.1015625e+01
   1.0300160e+06   5.1208496e+01
   1.0300790e+06   3.9733887e+01
   1.0300920e+06   3.8146973e+01
   1.0301540e+06   3.6682129e+01
   1.0302200e+06   4.0344238e+01
   1.0302600e+06   3.5400391e+01
   1.0303170e+06   3.7902832e+01
   1.0304590e+06   4.6569824e+01
   1.0305070e+06   3.5400391e+01
   1.0305480e+06   3.7353516e+01
   1.0306050e+06   3.7963867e+01
   1.0306320e+06   4.4067383e+01
   1.0306490e+06   3.9916992e+01
   1.0307750e+06   3.5705566e+01
   1.0308040e+06   4.0771484e+01
   1.0308390e+06   3.9428711e+01
   1.0308550e+06   5.9326172e+01
   1.0308880e+06   3.9611816e+01
   1.0309070e+06   4.0649414e+01
   1.0309270e+06   3.9306641e+01
   1.0309580e+06   3.5705566e+01
   1.0310000e+06   4.5654297e+01
   1.0310480e+06   3.8635254e+01
   1.0310700e+06   4.6875000e+01
   1.0310830e+06   4.0954590e+01
   1.0312000e+06   4.2053223e+01
   1.0312400e+06   4.1015625e+01
   1.0313060e+06   5.1879883e+01
   1.0313240e+06   3.8269043e+01
   1.0313430e+06   5.1879883e+01
   1.0313850e+06   3.8269043e+01
   1.0314150e+06   3.9672852e+01
   1.0315460e+06   4.2907715e+01
   1.0316860e+06   3.5766602e+01
   1.0318100e+06   4.1198730e+01
   1.0318260e+06   3.7597656e+01
   1.0320520e+06   4.0466309e+01
   1.0321670e+06   3.8757324e+01
   1.0322670e+06   3.6621094e+01
   1.0323590e+06   3.9306641e+01
   1.0326810e+06   3.7902832e+01
   1.0332020e+06   3.5888672e+01
   1.0334520e+06   3.5644531e+01
   1.0513440e+06   2.0081787e+03
   1.0513580e+06   4.6081543e+01
   1.0576040e+06   3.8085938e+01
   1.0947890e+06   3.6621094e+01
   1.0994850e+06   3.7536621e+01
   1.1013600e+06   3.9999390e+03
   1.1229300e+06   3.5461426e+01
   1.1381440e+06   3.6499023e+01
   1.1513740e+06   2.0134277e+03
   1.1691830e+06   3.8391113e+01
   1.1694220e+06   4.6752930e+01
   1.1695290e+06   4.6325684e+01
   1.1695670e+06   3.7658691e+01
   1.1695780e+06   3.6804199e+01
   1.1696270e+06   4.8034668e+01
   1.1696600e+06   3.8574219e+01
   1.1696820e+06   4.8339844e+01
   1.1697060e+06   4.2602539e+01
   1.1697480e+06   3.9550781e+01
   1.1697790e+06   4.7363281e+01
   1.1698110e+06   4.2663574e+01
   1.1698390e+06   5.2734375e+01
   1.1698590e+06   4.2602539e+01
   1.1698750e+06   4.2480469e+01
   1.1698860e+06   4.5349121e+01
   1.1699130e+06   5.5969238e+01
   1.1699400e+06   5.0781250e+01
   1.1699660e+06   5.6030273e+01
   1.1699850e+06   3.5949707e+01
   1.1700170e+06   3.6132813e+01
   1.1700450e+06   3.7597656e+01
   1.1700600e+06   5.9143066e+01
   1.1701410e+06   3.6376953e+01
   1.1701590e+06   4.8217773e+01
   1.1702040e+06   3.8818359e+01
   1.1702850e+06   4.0649414e+01
   1.1704060e+06   3.8513184e+01
   1.1704190e+06   4.4738770e+01
   1.1704530e+06   3.8940430e+01
   1.1705000e+06   4.2358398e+01
   1.1705320e+06   3.6499023e+01
   1.1705650e+06   3.9306641e+01
   1.1706130e+06   4.6997070e+01
   1.1706270e+06   5.1452637e+01
   1.1706960e+06   4.0344238e+01
   1.1707110e+06   3.8024902e+01
   1.1707790e+06   4.6325684e+01
   1.1708400e+06   3.8513184e+01
   1.1708630e+06   3.8391113e+01
   1.1709190e+06   3.6865234e+01
   1.1709780e+06   3.6254883e+01
   1.1710410e+06   3.6376953e+01
   1.1711840e+06   3.8146973e+01
   1.1712040e+06   3.7841797e+01
   1.1712220e+06   3.5766602e+01
   1.1713000e+06   4.4372559e+01
   1.1714770e+06   3.5827637e+01
   1.1715610e+06   3.5644531e+01
   1.1720960e+06   4.7058105e+01
   1.1722600e+06   4.2785645e+01
   1.1723110e+06   3.6254883e+01
   1.1726010e+06   5.0903320e+01
   1.1728540e+06   3.8940430e+01
   1.1871030e+06   3.5766602e+01
   1.1874790e+06   4.2419434e+01
   1.1875400e+06   4.0100098e+01
   1.1875510e+06   3.5827637e+01
   1.1875660e+06   4.4189453e+01
   1.1876510e+06   3.7231445e+01
   1.1878480e+06   3.9123535e+01
   1.1879730e+06   3.7963867e+01
   1.1880550e+06   3.6926270e+01
   1.1883290e+06   3.6926270e+01
   1.1883850e+06   4.1931152e+01
   1.1884730e+06   4.5349121e+01
   1.1885910e+06   3.6560059e+01
   1.1886080e+06   3.7597656e+01
   1.1886780e+06   3.6560059e+01
   1.1887270e+06   3.5583496e+01
   1.1887910e+06   4.1015625e+01
   1.1888650e+06   4.4006348e+01
   1.1889270e+06   3.6621094e+01
   1.1890780e+06   3.6804199e+01
   1.1898030e+06   3.5400391e+01
   1.1906050e+06   4.1198730e+01
   1.2013860e+06   2.0048828e+03
   1.2200960e+06   3.5522461e+01
   1.2201870e+06   4.4799805e+01
   1.2202720e+06   5.9204102e+01
   1.2203140e+06   3.9611816e+01
   1.2203520e+06   3.5766602e+01
   1.2204120e+06   4.1870117e+01
   1.2205430e+06   4.9499512e+01
   1.2206250e+06   4.1748047e+01
   1.2206480e+06   4.5593262e+01
   1.2206630e+06   4.2602539e+01
   1.2207190e+06   3.9672852e+01
   1.2207410e+06   4.1320801e+01
   1.2207900e+06   3.7231445e+01
   1.2208350e+06   3.6376953e+01
   1.2208700e+06   4.0161133e+01
   1.2209030e+06   3.7597656e+01
   1.2209380e+06   3.5705566e+01
   1.2209560e+06   3.6560059e+01
   1.2210690e+06   3.7353516e+01
   1.2210990e+06   3.5461426e+01
   1.2211290e+06   3.5705566e+01
   1.2211910e+06   3.7597656e+01
   1.2212530e+06   4.1259766e+01
   1.2212770e+06   3.5766602e+01
   1.2213010e+06   3.6865234e+01
   1.2214300e+06   4.2907715e+01
   1.2215000e+06   4.9743652e+01
   1.2215720e+06   3.8146973e+01
   1.2216460e+06   3.7414551e+01
   1.2217640e+06   3.6376953e+01
   1.2218840e+06   4.2419434e+01
   1.2219310e+06   3.7353516e+01
   1.2219790e+06   4.9926758e+01
   1.2219960e+06   4.0100098e+01
   1.2221410e+06   4.0344238e+01
   1.2221670e+06   3.6376953e+01
   1.2222000e+06   4.8645020e+01
   1.2222110e+06   3.6132813e+01
   1.2222300e+06   3.5766602e+01
   1.2226240e+06   3.5644531e+01
   1.2228740e+06   3.7292480e+01
   1.2490110e+06   3.5705566e+01
   1.2491530e+06   3.6437988e+01
   1.2491950e+06   3.8635254e+01
   1.2492200e+06   5.7373047e+01
   1.2492830e+06   4.1442871e+01
   1.2493740e+06   4.3334961e+01
   1.2494100e+06   4.2114258e+01
   1.2494200e+06   4.3273926e+01
   1.2494330e+06   3.7658691e+01
   1.2494860e+06   4.6081543e+01
   1.2495390e+06   3.7963867e+01
   1.2495850e+06   5.5297852e+01
   1.2496120e+06   4.0771484e+01
   1.2496980e+06   4.6264648e+01
   1.2497230e+06   3.6499023e+01
   1.2497480e+06   4.9560547e+01
   1.2497870e+06   4.0771484e+01
   1.2498140e+06   4.0771484e+01
   1.2498500e+06   4.5776367e+01
   1.2498700e+06   3.6743164e+01
   1.2499530e+06   4.1870117e+01
   1.2499890e+06   3.9062500e+01
   1.2500860e+06   4.0954590e+01
   1.2501450e+06   4.0283203e+01
   1.2501920e+06   3.5705566e+01
   1.2502140e+06   4.0954590e+01
   1.2502880e+06   4.5898438e+01
   1.2504560e+06   4.3701172e+01
   1.2504910e+06   3.8513184e+01
   1.2507570e+06   3.6437988e+01
   1.2507820e+06   4.0954590e+01
   1.2508990e+06   3.8146973e+01
   1.2512440e+06   3.8146973e+01
   1.2514020e+06   3.9999390e+03
   1.2514440e+06   3.7597656e+01
   1.2517630e+06   3.9306641e+01
   1.2520670e+06   3.5949707e+01
   1.2726390e+06   4.1320801e+01
   1.2727520e+06   3.8146973e+01
   1.2728510e+06   3.5705566e+01
   1.2728910e+06   3.6315918e+01
   1.2729670e+06   3.7902832e+01
   1.2730760e+06   3.6987305e+01
   1.2731800e+06   6.2744141e+01
   1.2732090e+06   3.8391113e+01
   1.2732340e+06   3.6621094e+01
   1.2733590e+06   3.6315918e+01
   1.2733780e+06   3.7536621e+01
   1.2734560e+06   4.0100098e+01
   1.2735030e+06   3.9245605e+01
   1.2735790e+06   3.8940430e+01
   1.2736400e+06   4.4433594e+01
   1.2739100e+06   3.5766602e+01
   1.2740330e+06   3.7170410e+01
   1.2741190e+06   3.9428711e+01
   1.2743650e+06   3.7048340e+01
   1.2747600e+06   4.1564941e+01
   1.2884260e+06   4.2785645e+01
   1.2890750e+06   4.6203613e+01
   1.2892350e+06   4.5166016e+01
   1.2895290e+06   3.6743164e+01
   1.2897740e+06   3.6804199e+01
   1.3014140e+06   2.0083618e+03
   1.3015780e+06   3.8085938e+01
   1.3017580e+06   3.5522461e+01
   1.3019190e+06   3.6743164e+01
   1.3039330e+06   4.1931152e+01
   1.3148890e+06   3.5400391e+01
   1.3149100e+06   4.0649414e+01
   1.3149860e+06   3.7170410e+01
   1.3152680e+06   3.6926270e+01
   1.3154260e+06   3.7902832e+01
   1.3155430e+06   4.6936035e+01
   1.3156870e+06   3.9978027e+01
   1.3160980e+06   3.6621094e+01
   1.3165320e+06   3.6132813e+01
   1.3322240e+06   4.1259766e+01
   1.3324540e+06   4.1381836e+01
   1.3327220e+06   3.5888672e+01
   1.3327870e+06   3.9733887e+01
   1.3342860e+06   3.5705566e+01
   1.3464480e+06   3.7841797e+01
   1.3514280e+06   2.0059204e+03
   1.3601790e+06   3.7475586e+01
   1.3606290e+06   3.6865234e+01
   1.3609510e+06   3.6865234e+01
   1.3617440e+06   4.4921875e+01
   1.3760410e+06   3.6437988e+01
   1.3761910e+06   3.8757324e+01
   1.4014420e+06   2.0075684e+03
   1.4214600e+06   3.7414551e+01
   1.4352760e+06   3.6315918e+01
   1.4353380e+06   3.9733887e+01
   1.4353890e+06   3.9367676e+01
   1.4354670e+06   3.8024902e+01
   1.4355360e+06   3.7353516e+01
   1.4355500e+06   4.4494629e+01
   1.4355800e+06   4.3395996e+01
   1.4356980e+06   3.6437988e+01
   1.4357490e+06   3.5583496e+01
   1.4358190e+06   3.7414551e+01
   1.4358810e+06   3.6865234e+01
   1.4359340e+06   3.5705566e+01
   1.4359550e+06   3.7841797e+01
   1.4359980e+06   3.9733887e+01
   1.4360170e+06   4.7729492e+01
   1.4362080e+06   4.8034668e+01
   1.4362560e+06   4.3029785e+01
   1.4363380e+06   4.0283203e+01
   1.4363880e+06   3.5400391e+01
   1.4365440e+06   4.2480469e+01
   1.4368050e+06   3.7536621e+01
   1.4368520e+06   3.5949707e+01
   1.4370200e+06   3.9367676e+01
   1.4372750e+06   3.7902832e+01
   1.4514580e+06   3.9999390e+03
   1.4528980e+06   3.6743164e+01
   1.4529820e+06   3.8391113e+01
   1.4961200e+06   4.0710449e+01
   1.4970480e+06   4.2480469e+01
   1.4982950e+06   3.6010742e+01
   1.5014720e+06   3.9999390e+03
   1.5014830e+06   4.4067383e+01
   1.5206930e+06   3.6987305e+01
   1.5290830e+06   3.7353516e+01
   1.5326960e+06   3.6621094e+01
   1.5514840e+06   2.0109253e+03
   1.5530790e+06   3.7353516e+01
   1.5532940e+06   4.7302246e+01
   1.5786780e+06   3.7963867e+01
   1.5794650e+06   3.5644531e+01
   1.5808520e+06   4.2053223e+01
   1.5809170e+06   3.7353516e+01
   1.6014980e+06   2.0073853e+03
   1.6515140e+06   3.9999390e+03
   1.6515260e+06   3.9672852e+01
   1.6855330e+06   3.7719727e+01
   1.6952470e+06   3.8879395e+01
   1.6954120e+06   3.5888672e+01
   1.6955990e+06   3.6254883e+01
   1.6956780e+06   4.1809082e+01
   1.6958070e+06   3.8635254e+01
   1.6958230e+06   5.0354004e+01
   1.6958780e+06   4.3029785e+01
   1.6959080e+06   4.4250488e+01
   1.6959380e+06   3.7109375e+01
   1.6959600e+06   4.5043945e+01
   1.6959820e+06   3.9978027e+01
   1.6959950e+06   3.5705566e+01
   1.6960320e+06   3.8452148e+01
   1.6960490e+06   4.3579102e+01
   1.6960850e+06   4.2907715e+01
   1.6961210e+06   4.1320801e+01
   1.6961530e+06   4.6691895e+01
   1.6961690e+06   4.5898438e+01
   1.6961910e+06   3.7841797e+01
   1.6962400e+06   3.9306641e+01
   1.6962690e+06   5.1635742e+01
   1.6963120e+06   4.2053223e+01
   1.6963340e+06   3.6865234e+01
   1.6963730e+06   3.8330078e+01
   1.6964250e+06   4.6447754e+01
   1.6964590e+06   5.2734375e+01
   1.6964950e+06   5.7312012e+01
   1.6965530e+06   3.6010742e+01
   1.6965980e+06   3.6682129e+01
   1.6966230e+06   4.3029785e+01
   1.6966500e+06   4.9926758e+01
   1.6966960e+06   4.9011230e+01
   1.6967770e+06   3.6987305e+01
   1.6968200e+06   4.5837402e+01
   1.6968610e+06   3.5400391e+01
   1.6968780e+06   5.0476074e+01
   1.6969330e+06   4.4189453e+01
   1.6969700e+06   4.0283203e+01
   1.6970010e+06   4.0161133e+01
   1.6970300e+06   4.3762207e+01
   1.6971180e+06   4.3029785e+01
   1.6971830e+06   3.8146973e+01
   1.6972300e+06   4.4982910e+01
   1.6973960e+06   3.6499023e+01
   1.6974830e+06   3.5888672e+01
   1.6976050e+06   3.8024902e+01
   1.6976420e+06   3.6682129e+01
   1.6977440e+06   3.9733887e+01
   1.6977870e+06   3.7109375e+01
   1.6978860e+06   4.1076660e+01
   1.6979330e+06   3.6987305e+01
   1.6979640e+06   3.6071777e+01
   1.6979940e+06   4.1687012e+01
   1.6980360e+06   4.3823242e+01
   1.6980680e+06   3.9855957e+01
   1.6981200e+06   3.6804199e+01
   1.6981530e+06   4.1198730e+01
   1.6983150e+06   4.5959473e+01
   1.6985600e+06   3.9489746e+01
   1.6986280e+06   4.0222168e+01
   1.6992030e+06   3.6376953e+01
   1.6992240e+06   3.6804199e+01
   1.7015260e+06   2.0056152e+03
   1.7201730e+06   4.1015625e+01
   1.7515400e+06   2.0116577e+03
   1.7643780e+06   3.6193848e+01
   1.7655860e+06   3.7109375e+01
   1.7656910e+06   4.2480469e+01
   1.7657370e+06   4.7241211e+01
   1.7657960e+06   3.5583496e+01
   1.7658340e+06   3.8391113e+01
   1.7659800e+06   4.8217773e+01
   1.7660020e+06   4.9804688e+01
   1.7660290e+06   4.2907715e+01
   1.7660990e+06   3.7841797e+01
   1.7661360e+06   4.4494629e+01
   1.7662140e+06   3.7048340e+01
   1.7662470e+06   4.6813965e+01
   1.7663000e+06   4.0954590e+01
   1.7663370e+06   3.8085938e+01
   1.7663910e+06   4.2663574e+01
   1.7664530e+06   3.5705566e+01
   1.7666420e+06   3.9428711e+01
   1.7666610e+06   3.9733887e+01
   1.7666920e+06   4.9926758e+01
   1.7667280e+06   3.6804199e+01
   1.7668690e+06   3.6682129e+01
   1.7669100e+06   3.7780762e+01
   1.7669410e+06   3.9184570e+01
   1.7669840e+06   4.1870117e+01
   1.7671310e+06   5.2185059e+01
   1.7671610e+06   3.6132813e+01
   1.7671790e+06   3.5888672e+01
   1.7672260e+06   3.6193848e+01
   1.7672820e+06   4.4799805e+01
   1.7673360e+06   3.9489746e+01
   1.7673590e+06   5.4199219e+01
   1.7674180e+06   3.6315918e+01
   1.7675820e+06   4.1931152e+01
   1.7677670e+06   3.5705566e+01
   1.7718060e+06   4.0039063e+01
   1.8015540e+06   2.0181274e+03
   1.8212480e+06   3.9916992e+01
   1.8225710e+06   3.5644531e+01
   1.8225920e+06   3.9001465e+01
   1.8226140e+06   3.7658691e+01
   1.8226350e+06   3.5461426e+01
   1.8226470e+06   3.9550781e+01
   1.8230400e+06   3.6132813e+01
   1.8230880e+06   3.5583496e+01
   1.8231160e+06   4.1992188e+01
   1.8232120e+06   3.6804199e+01
   1.8232480e+06   4.7180176e+01
   1.8232840e+06   3.8574219e+01
   1.8234310e+06   3.7414551e+01
   1.8234910e+06   3.7658691e+01
   1.8235100e+06   3.7170410e+01
   1.8235290e+06   3.5522461e+01
   1.8235880e+06   3.5461426e+01
   1.8236060e+06   3.8269043e+01
   1.8236890e+06   4.2236328e+01
   1.8237270e+06   4.1809082e+01
   1.8237500e+06   3.8940430e+01
   1.8238370e+06   3.7780762e+01
   1.8238500e+06   4.7790527e+01
   1.8239010e+06   3.6437988e+01
   1.8239630e+06   4.1137695e+01
   1.8239780e+06   3.6987305e+01
   1.8240060e+06   3.7170410e+01
   1.8241670e+06   4.8217773e+01
   1.8243290e+06   4.9438477e+01
   1.8244130e+06   3.7658691e+01
   1.8244560e+06   4.5532227e+01
   1.8247430e+06   3.7963867e+01
   1.8248990e+06   3.6376953e+01
   1.8257460e+06   4.3334961e+01
   1.8386080e+06   3.5644531e+01
   1.8389680e+06   3.6071777e+01
   1.8460490e+06   3.7536621e+01
   1.8515680e+06   2.0076294e+03
   1.8707810e+06   4.1503906e+01
   1.8709440e+06   3.6621094e+01
   1.8711690e+06   3.6865234e+01
   1.8712550e+06   4.6752930e+01
   1.8712710e+06   3.6437988e+01
   1.8712890e+06   3.9306641e+01
   1.8718950e+06   4.1320801e+01
   1.8719970e+06   4.9194336e+01
   1.8720800e+06   3.5705566e+01
   1.8727680e+06   3.6926270e+01
   1.8730060e+06   3.9794922e+01
   1.8738630e+06   3.9367676e+01
   1.9015820e+06   2.0057373e+03
   1.9015960e+06   3.6254883e+01
   1.9198280e+06   3.5766602e+01
   1.9399940e+06   3.5705566e+01
   1.9413940e+06   3.8635254e+01
   1.9414690e+06   3.7109375e+01
   1.9416180e+06   3.6804199e+01
   1.9416550e+06   4.0039063e+01
   1.9416890e+06   4.0405273e+01
   1.9417250e+06   3.6315918e+01
   1.9417720e+06   3.8879395e+01
   1.9417920e+06   3.8208008e+01
   1.9418620e+06   3.8940430e+01
   1.9419380e+06   4.1931152e+01
   1.9420350e+06   5.2917480e+01
   1.9420560e+06   3.8024902e+01
   1.9422040e+06   3.9611816e+01
   1.9422240e+06   4.2846680e+01
   1.9422720e+06   4.4494629e+01
   1.9423630e+06   3.6682129e+01
   1.9424010e+06   3.6254883e+01
   1.9426270e+06   4.1015625e+01
   1.9426890e+06   3.9062500e+01
   1.9427490e+06   4.7546387e+01
   1.9427890e+06   3.5766602e+01
   1.9428330e+06   3.6010742e+01
   1.9429210e+06   3.5461426e+01
   1.9429450e+06   6.1767578e+01
   1.9431100e+06   4.1992188e+01
   1.9432280e+06   3.6437988e+01
   1.9433540e+06   3.6132813e+01
   1.9435440e+06   4.3457031e+01
   1.9440000e+06   3.9428711e+01
   1.9440280e+06   3.5888672e+01
   1.9445920e+06   3.9245605e+01
   1.9515980e+06   3.9999390e+03
   1.9861890e+06   3.6743164e+01
   1.9902060e+06   3.8085938e+01
   1.9903270e+06   3.6743164e+01
   2.0016120e+06   3.9999390e+03
   2.0315540e+06   4.0161133e+01
   2.0443770e+06   3.5888672e+01
   2.0516240e+06   2.0047607e+03
   2.0847300e+06   3.7231445e+01
   2.0982940e+06   3.6804199e+01
   2.0984080e+06   3.8024902e+01
   2.0985300e+06   3.5522461e+01
   2.0989490e+06   4.6203613e+01
   2.0991170e+06   3.5827637e+01
   2.0991520e+06   4.9499512e+01
   2.0992080e+06   3.5644531e+01
   2.0992380e+06   4.1809082e+01
   2.0992540e+06   3.7658691e+01
   2.0992990e+06   4.1381836e+01
   2.0993440e+06   3.6193848e+01
   2.0993970e+06   4.1198730e+01
   2.0994270e+06   4.4128418e+01
   2.0994640e+06   4.9072266e+01
   2.0995210e+06   3.8513184e+01
   2.0995400e+06   3.9428711e+01
   2.0995880e+06   3.6560059e+01
   2.0996000e+06   4.3701172e+01
   2.0996220e+06   4.1015625e+01
   2.0996680e+06   3.6560059e+01
   2.0996840e+06   4.5104980e+01
   2.0997320e+06   6.5246582e+01
   2.0997690e+06   3.8696289e+01
   2.0997910e+06   4.0527344e+01
   2.0998350e+06   4.6203613e+01
   2.0999890e+06   3.5522461e+01
   2.1000030e+06   4.9438477e+01
   2.1000190e+06   4.0771484e+01
   2.1001740e+06   3.5644531e+01
   2.1002070e+06   4.7241211e+01
   2.1002470e+06   3.9367676e+01
   2.1003060e+06   3.9001465e+01
   2.1003260e+06   3.7658691e+01
   2.1003510e+06   3.6376953e+01
   2.1004080e+06   3.6193848e+01
   2.1004300e+06   3.5888672e+01
   2.1004410e+06   5.2307129e+01
   2.1004750e+06   3.9916992e+01
   2.1006250e+06   3.9184570e+01
   2.1006570e+06   3.8452148e+01
   2.1006720e+06   5.1147461e+01
   2.1007840e+06   3.6804199e+01
   2.1008140e+06   4.2297363e+01
   2.1008590e+06   4.4494629e+01
   2.1010750e+06   3.5461426e+01
   2.1011130e+06   3.5949707e+01
   2.1011850e+06   4.2785645e+01
   2.1013940e+06   3.7109375e+01
   2.1014170e+06   3.5461426e+01
   2.1014570e+06   3.5888672e+01
   2.1015430e+06   4.1076660e+01
   2.1016380e+06   2.0140381e+03
   2.1017430e+06   3.6315918e+01
   2.1018550e+06   4.0710449e+01
   2.1021490e+06   3.6743164e+01
   2.1024160e+06   3.9367676e+01
   2.1516540e+06   3.9999390e+03
   2.1598580e+06   3.8146973e+01
   2.1694810e+06   4.2297363e+01
   2.1697570e+06   4.1015625e+01
   2.1698980e+06   3.7414551e+01
   2.1700060e+06   4.5288086e+01
   2.1700460e+06   3.6804199e+01
   2.1700660e+06   3.7963867e+01
   2.1700970e+06   4.4128418e+01
   2.1701170e+06   4.0344238e+01
   2.1701440e+06   4.5715332e+01
   2.1701570e+06   4.6020508e+01
   2.1701930e+06   4.2297363e+01
   2.1702500e+06   4.0344238e+01
   2.1702820e+06   4.3823242e+01
   2.1703490e+06   3.8696289e+01
   2.1703970e+06   4.3334961e+01
   2.1704120e+06   3.6621094e+01
   2.1705070e+06   4.2907715e+01
   2.1705970e+06   5.9020996e+01
   2.1706710e+06   3.8330078e+01
   2.1707160e+06   4.3579102e+01
   2.1707960e+06   3.7292480e+01
   2.1708110e+06   3.9733887e+01
   2.1708380e+06   3.8574219e+01
   2.1708750e+06   3.7475586e+01
   2.1709140e+06   4.1809082e+01
   2.1709910e+06   4.3151855e+01
   2.1711130e+06   4.0344238e+01
   2.1711380e+06   3.9123535e+01
   2.1712220e+06   4.4372559e+01
   2.1713110e+06   3.8146973e+01
   2.1713350e+06   3.6499023e+01
   2.1713550e+06   4.8278809e+01
   2.1713710e+06   4.4128418e+01
   2.1714180e+06   4.5410156e+01
   2.1714550e+06   4.4433594e+01
   2.1714810e+06   3.6315918e+01
   2.1715750e+06   3.8024902e+01
   2.1716360e+06   4.1503906e+01
   2.1716960e+06   3.6926270e+01
   2.1717570e+06   3.6376953e+01
   2.1720580e+06   3.7902832e+01
   2.1720950e+06   4.5593262e+01
   2.1721560e+06   4.1198730e+01
   2.1721980e+06   3.8146973e+01
   2.1724850e+06   3.5583496e+01
   2.1725950e+06   4.0344238e+01
   2.1727130e+06   3.6254883e+01
   2.1728410e+06   3.6071777e+01
   2.1731620e+06   4.1259766e+01
   2.2016660e+06   2.0097656e+03
   2.2376530e+06   3.6437988e+01
   2.2516800e+06   2.0108032e+03
   2.2559490e+06   3.7170410e+01
   2.2561140e+06   3.5888672e+01
   2.2568850e+06   3.5827637e+01
   2.2569870e+06   3.6376953e+01
   2.2570110e+06   3.6804199e+01
   2.2570860e+06   3.5583496e+01
   2.2571200e+06   3.5644531e+01
   2.2571810e+06   5.6030273e+01
   2.2572300e+06   5.1879883e+01
   2.2572580e+06   6.1157227e+01
   2.2573000e+06   3.7780762e+01
   2.2573710e+06   5.0231934e+01
   2.2573840e+06   5.2001953e+01
   2.2574050e+06   4.7851563e+01
   2.2575400e+06   4.4982910e+01
   2.2576660e+06   3.6437988e+01
   2.2577010e+06   3.7048340e+01
   2.2577380e+06   3.5949707e+01
   2.2578460e+06   3.7597656e+01
   2.2578980e+06   3.8024902e+01
   2.2579130e+06   4.9255371e+01
   2.2579790e+06   4.7851563e+01
   2.2580310e+06   4.0832520e+01
   2.2580710e+06   3.9001465e+01
   2.2580890e+06   3.7414551e+01
   2.2581240e+06   4.3395996e+01
   2.2581410e+06   3.7902832e+01
   2.2582320e+06   4.9804688e+01
   2.2582880e+06   4.4616699e+01
   2.2583220e+06   3.5400391e+01
   2.2583980e+06   4.4372559e+01
   2.2586180e+06   3.6132813e+01
   2.2586370e+06   4.6325684e+01
   2.2587130e+06   4.1381836e+01
   2.2588260e+06   3.9672852e+01
   2.2589340e+06   3.5461426e+01
   2.2589730e+06   3.6743164e+01
   2.2590180e+06   4.5410156e+01
   2.2599730e+06   3.5949707e+01
   2.2601640e+06   3.5400391e+01
   2.3016940e+06   2.0091553e+03
   2.3517100e+06   3.9999390e+03
   2.3812190e+06   3.5522461e+01
   2.3818890e+06   4.2480469e+01
   2.3822950e+06   3.6010742e+01
   2.3824310e+06   4.0161133e+01
   2.3824410e+06   3.8818359e+01
   2.3824680e+06   5.4687500e+01
   2.3825380e+06   3.8757324e+01
   2.3825580e+06   3.6682129e+01
   2.3825990e+06   3.8635254e+01
   2.3826260e+06   4.9011230e+01
   2.3826940e+06   3.5888672e+01
   2.3827340e+06   3.9672852e+01
   2.3828170e+06   3.5461426e+01
   2.3828360e+06   3.6437988e+01
   2.3828780e+06   3.9184570e+01
   2.3829010e+06   3.9306641e+01
   2.3829210e+06   4.1503906e+01
   2.3829660e+06   4.2724609e+01
   2.3830270e+06   3.5705566e+01
   2.3830530e+06   3.8574219e+01
   2.3831590e+06   3.8024902e+01
   2.3831960e+06   3.6499023e+01
   2.3832260e+06   3.6743164e+01
   2.3832510e+06   4.9865723e+01
   2.3832790e+06   4.1381836e+01
   2.3833140e+06   3.6315918e+01
   2.3834270e+06   3.8024902e+01
   2.3834750e+06   5.3161621e+01
   2.3835590e+06   3.8024902e+01
   2.3836040e+06   4.8889160e+01
   2.3836440e+06   3.7292480e+01
   2.3836700e+06   3.9550781e+01
   2.3838110e+06   4.8156738e+01
   2.3838250e+06   3.8085938e+01
   2.3838940e+06   3.5888672e+01
   2.3839430e+06   3.6376953e+01
   2.3840750e+06   3.8635254e+01
   2.3841190e+06   3.5461426e+01
   2.3843730e+06   4.4494629e+01
   2.3843830e+06   3.6682129e+01
   2.3844050e+06   3.9550781e+01
   2.3845600e+06   3.9062500e+01
   2.3846310e+06   4.2541504e+01
   2.3847350e+06   3.5705566e+01
   2.3854780e+06   3.6071777e+01
   2.3866360e+06   3.6865234e+01
   2.4017220e+06   2.0122070e+03
   2.4130400e+06   3.7292480e+01
   2.4133430e+06   3.6621094e+01
   2.4134440e+06   3.9123535e+01
   2.4135190e+06   4.3395996e+01
   2.4135360e+06   3.9855957e+01
   2.4135600e+06   3.6743164e+01
   2.4138320e+06   4.1076660e+01
   2.4139520e+06   3.5949707e+01
   2.4143330e+06   3.7109375e+01
   2.4144440e+06   4.0283203e+01
   2.4146060e+06   3.6010742e+01
   2.4149230e+06   3.5888672e+01
   2.4156610e+06   3.6376953e+01
   2.4450880e+06   4.6081543e+01
   2.4452680e+06   3.7292480e+01
   2.4459940e+06   3.6926270e+01
   2.4460050e+06   3.6926270e+01
   2.4460790e+06   3.6010742e+01
   2.4462950e+06   3.7597656e+01
   2.4467980e+06   3.5583496e+01
   2.4469210e+06   3.5705566e+01
   2.4517360e+06   2.0118408e+03
   2.4956260e+06   3.7170410e+01
   2.4956690e+06   4.1809082e+01
   2.4956930e+06   3.7719727e+01
   2.4957630e+06   3.8574219e+01
   2.4958550e+06   3.8574219e+01
   2.4959880e+06   3.7780762e+01
   2.4960810e+06   4.0893555e+01
   2.4961650e+06   4.1931152e+01
   2.4961840e+06   4.3640137e+01
   2.4962240e+06   3.5827637e+01
   2.4965010e+06   3.7170410e+01
   2.4966230e+06   4.8583984e+01
   2.4966550e+06   3.6010742e+01
   2.4968730e+06   3.5461426e+01
   2.4969190e+06   3.5949707e+01
   2.4972030e+06   3.9367676e+01
   2.4972730e+06   3.7963867e+01
   2.4975510e+06   3.5400391e+01
   2.4976000e+06   3.7536621e+01
   2.4976700e+06   3.8757324e+01
   2.4979690e+06   3.8391113e+01
   2.4984060e+06   3.8818359e+01
   2.4985040e+06   3.5400391e+01
   2.4987500e+06   3.5461426e+01
   2.5606830e+06   4.0588379e+01
   2.5609480e+06   4.0832520e+01
   2.5610470e+06   3.9428711e+01
   2.5611020e+06   3.8635254e+01
   2.5611410e+06   4.4494629e+01
   2.5612400e+06   3.6926270e+01
   2.5613030e+06   3.7780762e+01
   2.5613500e+06   3.6865234e+01
   2.5614800e+06   3.6743164e+01
   2.5615320e+06   3.8208008e+01
   2.5615650e+06   3.8940430e+01
   2.5615930e+06   4.5410156e+01
   2.5616250e+06   4.7546387e+01
   2.5616570e+06   3.6682129e+01
   2.5616870e+06   4.3518066e+01
   2.5617130e+06   3.8696289e+01
   2.5618150e+06   4.4555664e+01
   2.5618340e+06   6.5856934e+01
   2.5618700e+06   4.0161133e+01
   2.5619090e+06   4.4067383e+01
   2.5619410e+06   3.7841797e+01
   2.5619650e+06   4.5898438e+01
   2.5622070e+06   3.6437988e+01
   2.5622910e+06   5.0231934e+01
   2.5623370e+06   3.6560059e+01
   2.5624050e+06   3.7902832e+01
   2.5624440e+06   4.3151855e+01
   2.5624640e+06   5.1696777e+01
   2.5625410e+06   3.8146973e+01
   2.5626210e+06   4.2907715e+01
   2.5626430e+06   3.9306641e+01
   2.5628870e+06   4.2724609e+01
   2.5629150e+06   4.6813965e+01
   2.5630050e+06   3.8146973e+01
   2.5631030e+06   3.8452148e+01
   2.5631440e+06   3.7231445e+01
   2.5632500e+06   3.5827637e+01
   2.5637780e+06   3.9855957e+01
   2.5640410e+06   4.1381836e+01
   2.6095860e+06   4.6569824e+01
   2.6097090e+06   3.5705566e+01
   2.6097450e+06   3.8696289e+01
   2.6098100e+06   3.5644531e+01
   2.6099580e+06   4.3334961e+01
   2.6101590e+06   3.7231445e+01
   2.6103740e+06   3.6987305e+01
   2.6104040e+06   4.5837402e+01
   2.6104730e+06   3.6621094e+01
   2.6105540e+06   3.9978027e+01
   2.6105860e+06   3.9672852e+01
   2.6106630e+06   3.5522461e+01
   2.6106840e+06   5.8776855e+01
   2.6107180e+06   4.7729492e+01
   2.6107280e+06   3.7353516e+01
   2.6107590e+06   3.9550781e+01
   2.6109320e+06   3.8635254e+01
   2.6110610e+06   4.0527344e+01
   2.6111860e+06   3.6804199e+01
   2.6113590e+06   4.5349121e+01
   2.6114360e+06   4.2663574e+01
   2.6116660e+06   4.2053223e+01
   2.6116890e+06   4.7912598e+01
   2.6123520e+06   3.5705566e+01
   2.6437690e+06   4.3273926e+01
   2.6441330e+06   3.8330078e+01
   2.6442070e+06   3.6010742e+01
   2.6444290e+06   3.7658691e+01
   2.6445210e+06   3.8391113e+01
   2.6446870e+06   3.7109375e+01
   2.6452090e+06   3.8024902e+01
   2.6452520e+06   3.5522461e+01
   2.6456020e+06   3.5400391e+01
   2.6456580e+06   3.7963867e+01
   2.6734080e+06   3.6621094e+01
   2.6829610e+06   3.7963867e+01
   2.6882720e+06   3.7170410e+01
   2.7477240e+06   3.6437988e+01
   2.7650970e+06   3.9245605e+01
   2.7651780e+06   5.2062988e+01
   2.7652350e+06   3.6254883e+01
   2.7652680e+06   4.5837402e+01
   2.7652910e+06   4.4189453e+01
   2.7653050e+06   3.6499023e+01
   2.7653240e+06   3.7353516e+01
   2.7653520e+06   5.0537109e+01
   2.7653880e+06   4.8706055e+01
   2.7654100e+06   3.9855957e+01
   2.7654260e+06   4.1442871e+01
   2.7654360e+06   4.2419434e+01
   2.7654550e+06   4.0161133e+01
   2.7654660e+06   5.3100586e+01
   2.7655020e+06   6.1340332e+01
   2.7655140e+06   4.2114258e+01
   2.7655540e+06   4.9926758e+01
   2.7655720e+06   3.7536621e+01
   2.7656080e+06   4.2419434e+01
   2.7656200e+06   4.4189453e+01
   2.7656600e+06   3.7963867e+01
   2.7656740e+06   4.0893555e+01
   2.7656860e+06   3.6804199e+01
   2.7657830e+06   3.5827637e+01
   2.7658020e+06   3.9245605e+01
   2.7658790e+06   3.6743164e+01
   2.7658900e+06   4.4372559e+01
   2.7659520e+06   3.5522461e+01
   2.7659670e+06   4.7180176e+01
   2.7660150e+06   3.7475586e+01
   2.7660300e+06   4.7302246e+01
   2.7660670e+06   4.3334961e+01
   2.7660830e+06   4.1564941e+01
   2.7661160e+06   3.6010742e+01
   2.7661370e+06   3.5705566e+01
   2.7661830e+06   4.4372559e+01
   2.7662270e+06   3.5583496e+01
   2.7662510e+06   3.6376953e+01
   2.7662780e+06   3.9245605e+01
   2.7663110e+06   4.0100098e+01
   2.7663280e+06   3.9184570e+01
   2.7663740e+06   3.9367676e+01
   2.7664120e+06   4.1931152e+01
   2.7664230e+06   4.0405273e+01
   2.7664520e+06   3.9855957e+01
   2.7665180e+06   3.5400391e+01
   2.7665700e+06   3.7475586e+01
   2.7666460e+06   3.8452148e+01
   2.7667380e+06   4.4433594e+01
   2.7667690e+06   4.9682617e+01
   2.7667860e+06   4.0588379e+01
   2.7668200e+06   4.0771484e+01
   2.7669760e+06   6.8176270e+01
   2.7671650e+06   3.6682129e+01
   2.7672340e+06   4.1992188e+01
   2.7672580e+06   3.6437988e+01
   2.7674220e+06   3.9794922e+01
   2.7674860e+06   5.1025391e+01
   2.7676480e+06   3.6804199e+01
   2.7682770e+06   3.5644531e+01
   2.7685780e+06   4.0344238e+01
   2.7687150e+06   3.6987305e+01
   2.8018630e+06   3.6132813e+01
   2.8020570e+06   3.8391113e+01
   2.8020850e+06   3.8085938e+01
   2.8021840e+06   4.4799805e+01
   2.8022970e+06   3.8757324e+01
   2.8023770e+06   4.5837402e+01
   2.8024470e+06   3.6132813e+01
   2.8024750e+06   3.6437988e+01
   2.8025920e+06   3.9428711e+01
   2.8026490e+06   3.8574219e+01
   2.8026720e+06   4.1015625e+01
   2.8027700e+06   3.7719727e+01
   2.8028310e+06   3.7780762e+01
   2.8028630e+06   3.9794922e+01
   2.8028860e+06   4.0527344e+01
   2.8028960e+06   3.8635254e+01
   2.8030020e+06   4.1442871e+01
   2.8030720e+06   3.8146973e+01
   2.8031050e+06   3.9978027e+01
   2.8031200e+06   4.3823242e+01
   2.8034940e+06   3.9123535e+01
   2.8035310e+06   4.1015625e+01
   2.8036760e+06   3.7353516e+01
   2.8037200e+06   3.7048340e+01
   2.8037930e+06   4.2785645e+01
   2.8039650e+06   3.9001465e+01
   2.8041440e+06   3.5705566e+01
   2.8050540e+06   3.5705566e+01
   2.8266240e+06   3.7597656e+01
   2.8301920e+06   3.7597656e+01
   2.8305380e+06   3.5461426e+01
   2.8306100e+06   3.8146973e+01
   2.8306690e+06   3.5583496e+01
   2.8306890e+06   3.6193848e+01
   2.8317290e+06   3.7475586e+01
   2.8621490e+06   3.6010742e+01
   2.9042660e+06   4.0954590e+01
   2.9043340e+06   4.3273926e+01
   2.9043640e+06   4.7912598e+01
   2.9043920e+06   4.1442871e+01
   2.9044150e+06   4.4921875e+01
   2.9045010e+06   4.0588379e+01
   2.9045360e+06   3.7536621e+01
   2.9046290e+06   6.3781738e+01
   2.9046410e+06   4.0954590e+01
   2.9046940e+06   4.0039063e+01
   2.9047150e+06   3.8879395e+01
   2.9047460e+06   3.5461426e+01
   2.9047760e+06   3.6865234e+01
   2.9048180e+06   3.8757324e+01
   2.9048530e+06   4.7241211e+01
   2.9048660e+06   4.3090820e+01
   2.9048970e+06   5.1330566e+01
   2.9049810e+06   3.6621094e+01
   2.9050130e+06   5.2185059e+01
   2.9050390e+06   4.4006348e+01
   2.9050520e+06   3.8940430e+01
   2.9051020e+06   4.1442871e+01
   2.9051160e+06   5.2185059e+01
   2.9051360e+06   3.8696289e+01
   2.9051950e+06   3.6132813e+01
   2.9052380e+06   4.1015625e+01
   2.9052490e+06   5.0292969e+01
   2.9052670e+06   4.0283203e+01
   2.9053230e+06   4.0039063e+01
   2.9053540e+06   4.0893555e+01
   2.9053800e+06   4.2541504e+01
   2.9053930e+06   4.7607422e+01
   2.9054810e+06   4.2968750e+01
   2.9055910e+06   3.7536621e+01
   2.9056450e+06   3.9001465e+01
   2.9056550e+06   3.6987305e+01
   2.9058010e+06   4.2541504e+01
   2.9058140e+06   5.5664063e+01
   2.9058690e+06   4.3701172e+01
   2.9059880e+06   3.7170410e+01
   2.9060090e+06   3.8574219e+01
   2.9060470e+06   3.5644531e+01
   2.9060800e+06   3.8208008e+01
   2.9061070e+06   3.6682129e+01
   2.9061280e+06   3.5827637e+01
   2.9062410e+06   4.2907715e+01
   2.9064290e+06   4.2724609e+01
   2.9064430e+06   3.8635254e+01
   2.9065660e+06   3.7597656e+01
   2.9066010e+06   3.5827637e+01
   2.9066350e+06   3.9978027e+01
   2.9066700e+06   3.8391113e+01
   2.9067260e+06   3.8452148e+01
   2.9068040e+06   3.6071777e+01
   2.9068230e+06   3.6865234e+01
   2.9068690e+06   3.5583496e+01
   2.9072540e+06   3.8757324e+01
   2.9075790e+06   3.8085938e+01
   2.9446990e+06   3.7414551e+01
   2.9449240e+06   4.3029785e+01
   2.9449520e+06   3.6132813e+01
   2.9450830e+06   3.9672852e+01
   2.9451320e+06   3.8757324e+01
   2.9451790e+06   3.7353516e+01
   2.9452330e+06   4.3762207e+01
   2.9452480e+06   4.1870117e+01
   2.9453260e+06   3.9489746e+01
   2.9454390e+06   3.8513184e+01
   2.9454910e+06   3.6315918e+01
   2.9455660e+06   4.1625977e+01
   2.9456920e+06   4.2663574e+01
   2.9457520e+06   3.7292480e+01
   2.9458000e+06   3.7536621e+01
   2.9458660e+06   3.9794922e+01
   2.9459000e+06   3.8330078e+01
   2.9459120e+06   4.1198730e+01
   2.9460560e+06   4.8461914e+01
   2.9462440e+06   4.1381836e+01
   2.9463010e+06   3.9916992e+01
   2.9465540e+06   3.6071777e+01
   2.9503110e+06   3.5705566e+01
   2.9850680e+06   3.8024902e+01
   2.9901390e+06   4.0039063e+01
   2.9902010e+06   3.9123535e+01
   2.9903090e+06   4.7241211e+01
   2.9904350e+06   3.8513184e+01
   2.9905600e+06   4.9377441e+01
   2.9905980e+06   3.8085938e+01
   2.9906320e+06   4.0527344e+01
   2.9906560e+06   3.6499023e+01
   2.9907330e+06   4.2663574e+01
   2.9908190e+06   3.8085938e+01
   2.9908390e+06   4.3640137e+01
   2.9908500e+06   3.9611816e+01
   2.9908950e+06   3.5644531e+01
   2.9909660e+06   3.6804199e+01
   2.9909900e+06   3.7353516e+01
   2.9910480e+06   4.1992188e+01
   2.9911040e+06   4.3823242e+01
   2.9911330e+06   3.8818359e+01
   2.9911680e+06   3.9489746e+01
   2.9912250e+06   5.8837891e+01
   2.9912840e+06   4.0283203e+01
   2.9913420e+06   3.6926270e+01
   2.9913580e+06   4.1259766e+01
   2.9914510e+06   4.3701172e+01
   2.9914710e+06   4.1503906e+01
   2.9914880e+06   3.6071777e+01
   2.9915090e+06   4.6569824e+01
   2.9915530e+06   4.1809082e+01
   2.9916100e+06   3.5705566e+01
   2.9916410e+06   3.8391113e+01
   2.9917010e+06   3.5400391e+01
   2.9917140e+06   3.9123535e+01
   2.9917390e+06   3.5827637e+01
   2.9918160e+06   3.9184570e+01
   2.9918740e+06   3.9184570e+01
   2.9919950e+06   4.1137695e+01
   2.9921160e+06   4.3640137e+01
   2.9921510e+06   3.7719727e+01
   2.9921930e+06   3.9428711e+01
   2.9923450e+06   3.7902832e+01
   2.9925030e+06   3.6193848e+01
   2.9925820e+06   4.2114258e+01
   2.9927490e+06   3.7414551e+01
   2.9927940e+06   3.6682129e+01
   2.9929680e+06   3.8879395e+01
   2.9929870e+06   4.0893555e+01
   2.9932840e+06   3.7414551e+01
   2.9933150e+06   3.8330078e+01
