   2.9990000e+06   0.0000000e+00
   1.0500000e+03   2.0064697e+03
   1.0730000e+03   1.8176270e+02
   1.1040000e+03   1.2548828e+02
   2.8540000e+03   1.2347412e+02
   3.1120000e+03   1.4538574e+02
   3.1410000e+03   9.7045898e+01
   3.1620000e+03   1.0150146e+02
   3.2290000e+03   8.6669922e+01
   3.2460000e+03   7.1166992e+01
   3.2660000e+03   3.6804199e+01
   3.3070000e+03   9.9365234e+01
   3.3400000e+03   4.7424316e+01
   3.3670000e+03   5.5786133e+01
   3.3910000e+03   3.5583496e+01
   3.4390000e+03   3.6010742e+01
   3.4560000e+03   3.5339355e+01
   3.4720000e+03   4.4189453e+01
   3.4890000e+03   3.8879395e+01
   3.5220000e+03   5.0170898e+01
   3.5460000e+03   3.4057617e+01
   3.5790000e+03   3.5034180e+01
   3.6010000e+03   4.5166016e+01
   3.6950000e+03   3.7109375e+01
   3.7820000e+03   3.4973145e+01
   3.8520000e+03   3.5461426e+01
   3.8940000e+03   4.8645020e+01
   4.1300000e+03   3.4790039e+01
   4.2150000e+03   4.0954590e+01
   4.2720000e+03   3.6804199e+01
   4.5510000e+03   3.4729004e+01
   4.5920000e+03   3.3935547e+01
   4.7110000e+03   4.1687012e+01
   5.0050000e+03   3.4301758e+01
   5.4430000e+03   3.4606934e+01
   5.5270000e+03   3.4484863e+01
   5.6020000e+03   3.7719727e+01
   5.9100000e+03   3.4301758e+01
   5.9530000e+03   6.2927246e+01
   6.0890000e+03   3.5217285e+01
   6.1540000e+03   4.5227051e+01
   6.2180000e+03   3.9367676e+01
   6.3560000e+03   3.4667969e+01
   6.4520000e+03   3.3813477e+01
   6.8810000e+03   3.4179688e+01
   7.0510000e+03   6.2316895e+01
   5.1064000e+04   2.0072021e+03
   5.1087000e+04   1.7285156e+02
   5.1117000e+04   1.3629150e+02
   5.1496000e+04   3.5034180e+01
   5.2307000e+04   1.1346436e+02
   5.2348000e+04   3.4729004e+01
   5.2407000e+04   4.9499512e+01
   5.2467000e+04   1.2823486e+02
   5.2511000e+04   1.2518311e+02
   5.2540000e+04   1.1114502e+02
   5.2571000e+04   5.7128906e+01
   5.2622000e+04   8.4533691e+01
   5.2655000e+04   3.6621094e+01
   5.2682000e+04   5.6030273e+01
   5.2717000e+04   7.1655273e+01
   5.2755000e+04   3.6437988e+01
   5.2808000e+04   4.3457031e+01
   5.2867000e+04   5.4443359e+01
   5.2900000e+04   3.8757324e+01
   5.2930000e+04   5.7250977e+01
   5.2961000e+04   3.7231445e+01
   5.2991000e+04   3.7719727e+01
   5.3002000e+04   3.3813477e+01
   5.3039000e+04   4.2785645e+01
   5.3066000e+04   3.8024902e+01
   5.3186000e+04   4.6813965e+01
   5.3210000e+04   3.6621094e+01
   5.3385000e+04   4.1809082e+01
   5.3426000e+04   4.3029785e+01
   5.3523000e+04   4.1259766e+01
   5.3553000e+04   3.6315918e+01
   5.3615000e+04   4.1809082e+01
   5.4001000e+04   3.3935547e+01
   5.4069000e+04   3.7292480e+01
   5.4330000e+04   3.5888672e+01
   5.4520000e+04   3.9672852e+01
   5.4831000e+04   3.5339355e+01
   5.4902000e+04   3.3935547e+01
   5.5081000e+04   3.4606934e+01
   5.5168000e+04   3.4362793e+01
   5.5245000e+04   3.4301758e+01
   5.5876000e+04   4.0039063e+01
   5.6299000e+04   4.3151855e+01
   1.0108000e+05   3.9999390e+03
   1.0110200e+05   2.1203613e+02
   1.0113100e+05   1.3262939e+02
   1.0329300e+05   1.2054443e+02
   1.0349100e+05   3.7902832e+01
   1.0351100e+05   3.9245605e+01
   1.0361100e+05   1.2280273e+02
   1.0364300e+05   1.1114502e+02
   1.0367400e+05   1.2536621e+02
   1.0369600e+05   3.5217285e+01
   1.0374600e+05   5.7434082e+01
   1.0377700e+05   3.6743164e+01
   1.0380600e+05   1.0510254e+02
   1.0383200e+05   9.6435547e+01
   1.0391500e+05   7.2448730e+01
   1.0395900e+05   5.8410645e+01
   1.0398100e+05   3.6621094e+01
   1.0403100e+05   3.4667969e+01
   1.0405500e+05   8.4655762e+01
   1.0409900e+05   6.4636230e+01
   1.0412600e+05   4.1076660e+01
   1.0426200e+05   3.7963867e+01
   1.0431000e+05   4.0222168e+01
   1.0433600e+05   3.7597656e+01
   1.0441000e+05   3.7841797e+01
   1.0447100e+05   3.5461426e+01
   1.0455400e+05   3.5949707e+01
   1.0459300e+05   3.6132813e+01
   1.0472800e+05   3.8269043e+01
   1.0477300e+05   4.1137695e+01
   1.0483700e+05   3.7902832e+01
   1.0491700e+05   3.6193848e+01
   1.0501900e+05   3.7231445e+01
   1.0531200e+05   4.0649414e+01
   1.0552900e+05   3.8208008e+01
   1.0609500e+05   5.2978516e+01
   1.0652000e+05   3.9428711e+01
   1.0674900e+05   3.5583496e+01
   1.0714800e+05   5.7006836e+01
   1.0731400e+05   3.4362793e+01
   1.0749800e+05   4.8828125e+01
   1.5109200e+05   2.0084229e+03
   1.5111500e+05   1.6601563e+02
   1.5114600e+05   1.3000488e+02
   1.5215200e+05   1.1096191e+02
   1.5258400e+05   1.2158203e+02
   1.5265700e+05   1.3146973e+02
   1.5269500e+05   1.2615967e+02
   1.5271600e+05   3.6315918e+01
   1.5273100e+05   3.8513184e+01
   1.5278700e+05   3.5766602e+01
   1.5281300e+05   8.8989258e+01
   1.5283900e+05   3.5583496e+01
   1.5285000e+05   3.4912109e+01
   1.5296100e+05   6.0607910e+01
   1.5299300e+05   6.3659668e+01
   1.5301200e+05   7.8674316e+01
   1.5302200e+05   3.6010742e+01
   1.5312500e+05   3.6376953e+01
   1.5319800e+05   7.8857422e+01
   1.5326400e+05   3.5522461e+01
   1.5328300e+05   3.5827637e+01
   1.5336200e+05   3.5522461e+01
   1.5339500e+05   6.5612793e+01
   1.5359300e+05   4.5715332e+01
   1.5371100e+05   3.4973145e+01
   1.5380200e+05   3.6804199e+01
   1.5422200e+05   3.5888672e+01
   1.5432100e+05   3.5278320e+01
   1.5440500e+05   5.5480957e+01
   1.5453100e+05   3.6010742e+01
   1.5460100e+05   3.5339355e+01
   1.5461300e+05   4.5410156e+01
   1.5464500e+05   4.0222168e+01
   1.5467800e+05   3.5339355e+01
   1.5490500e+05   3.4851074e+01
   1.5502000e+05   3.5339355e+01
   1.5528900e+05   3.5339355e+01
   1.5567600e+05   3.5644531e+01
   1.5600500e+05   4.3701172e+01
   1.5654200e+05   3.4851074e+01
   1.7366300e+05   3.4240723e+01
   1.7479700e+05   3.4667969e+01
   1.9035300e+05   1.2414551e+02
   1.9047800e+05   3.5278320e+01
   1.9055700e+05   3.6926270e+01
   1.9062200e+05   1.0650635e+02
   1.9067400e+05   1.1181641e+02
   1.9069000e+05   1.0821533e+02
   1.9072000e+05   4.4128418e+01
   1.9077900e+05   7.2753906e+01
   1.9079000e+05   5.0781250e+01
   1.9082200e+05   1.0290527e+02
   1.9084600e+05   4.0466309e+01
   1.9089900e+05   3.4362793e+01
   1.9091600e+05   4.8278809e+01
   1.9096400e+05   3.6437988e+01
   1.9099300e+05   7.5988770e+01
   1.9102500e+05   3.6010742e+01
   1.9107500e+05   3.6499023e+01
   1.9113600e+05   5.0109863e+01
   1.9114700e+05   4.9377441e+01
   1.9119100e+05   3.4973145e+01
   1.9120100e+05   3.6499023e+01
   1.9126500e+05   4.1259766e+01
   1.9130500e+05   4.4677734e+01
   1.9133200e+05   4.1625977e+01
   1.9150900e+05   4.2846680e+01
   1.9169500e+05   5.0354004e+01
   1.9176300e+05   3.4606934e+01
   1.9184700e+05   4.0405273e+01
   1.9197300e+05   4.0710449e+01
   1.9232800e+05   4.7668457e+01
   1.9272300e+05   6.4697266e+01
   1.9308100e+05   4.6691895e+01
   1.9309600e+05   3.4179688e+01
   1.9340700e+05   4.4433594e+01
   1.9351300e+05   5.4504395e+01
   1.9388400e+05   3.6437988e+01
   1.9394400e+05   4.7119141e+01
   1.9432400e+05   3.4057617e+01
   2.0110600e+05   2.0072632e+03
   2.0113100e+05   1.6064453e+02
   2.0116100e+05   1.2805176e+02
   2.1564400e+05   3.5217285e+01
   2.1583800e+05   1.1071777e+02
   2.1589000e+05   3.4301758e+01
   2.1609300e+05   1.1175537e+02
   2.1612100e+05   3.4606934e+01
   2.1613300e+05   1.0821533e+02
   2.1628500e+05   9.7961426e+01
   2.1633800e+05   8.6975098e+01
   2.1635400e+05   7.2937012e+01
   2.1638000e+05   4.0710449e+01
   2.1649100e+05   8.7219238e+01
   2.1653700e+05   8.7402344e+01
   2.1658300e+05   7.8613281e+01
   2.1678000e+05   6.0729980e+01
   2.1686300e+05   6.9763184e+01
   2.1711300e+05   5.9265137e+01
   2.1715700e+05   3.4057617e+01
   2.1724500e+05   8.0078125e+01
   2.1742300e+05   4.4860840e+01
   2.1763200e+05   7.1472168e+01
   2.1778000e+05   5.9631348e+01
   2.1822400e+05   6.9030762e+01
   2.1865700e+05   7.5622559e+01
   2.3745300e+05   3.8696289e+01
   2.3767500e+05   1.0369873e+02
   2.3779400e+05   3.6987305e+01
   2.3780600e+05   3.6132813e+01
   2.3794100e+05   1.1907959e+02
   2.3801200e+05   5.0964355e+01
   2.3802300e+05   1.0687256e+02
   2.3804700e+05   3.4240723e+01
   2.3817400e+05   9.3139648e+01
   2.3822500e+05   4.4494629e+01
   2.3832200e+05   8.8562012e+01
   2.3835300e+05   1.0253906e+02
   2.3848200e+05   8.7890625e+01
   2.3866500e+05   8.5571289e+01
   2.3871100e+05   5.9570313e+01
   2.3872500e+05   1.1395264e+02
   2.3898200e+05   5.8044434e+01
   2.3906500e+05   8.0139160e+01
   2.3922500e+05   4.1259766e+01
   2.3931800e+05   4.7058105e+01
   2.4012400e+05   5.8959961e+01
   2.5112000e+05   2.0098267e+03
   2.5114500e+05   1.3140869e+02
   2.5117400e+05   1.3220215e+02
   2.5202000e+05   1.1376953e+02
   2.5227300e+05   3.8879395e+01
   2.5241100e+05   9.1247559e+01
   2.5245300e+05   3.8635254e+01
   2.5251300e+05   3.4667969e+01
   2.5278700e+05   9.8083496e+01
   2.5311100e+05   3.6376953e+01
   2.5315100e+05   8.7158203e+01
   2.5383300e+05   7.8308105e+01
   2.6965000e+05   3.5888672e+01
   2.6985700e+05   3.7536621e+01
   2.6996600e+05   1.1785889e+02
   2.7024400e+05   4.1198730e+01
   2.7034200e+05   1.0559082e+02
   2.7037600e+05   3.4545898e+01
   2.7052700e+05   4.0588379e+01
   2.7070300e+05   9.7106934e+01
   2.7090400e+05   3.7902832e+01
   2.7094600e+05   1.0308838e+02
   2.7104900e+05   8.5388184e+01
   2.7135400e+05   1.0931396e+02
   2.7139500e+05   4.0771484e+01
   2.7148100e+05   7.4157715e+01
   2.8281600e+05   1.0363770e+02
   2.8380300e+05   9.6923828e+01
   2.9929600e+05   1.0662842e+02
   2.9969100e+05   1.1053467e+02
   2.9978700e+05   4.7241211e+01
   3.0047500e+05   9.3139648e+01
   3.0113600e+05   3.9999390e+03
   3.0115800e+05   1.2554932e+02
   3.0118600e+05   1.3311768e+02
   3.1388900e+05   1.0986328e+02
   3.1452400e+05   1.0998535e+02
   3.1540300e+05   3.7353516e+01
   3.3288700e+05   3.8696289e+01
   3.3310700e+05   1.1669922e+02
   3.3359000e+05   1.0992432e+02
   3.3363700e+05   3.5278320e+01
   3.3372700e+05   3.4423828e+01
   3.3396300e+05   1.0919189e+02
   3.3454300e+05   8.6669922e+01
   3.3533000e+05   8.7341309e+01
   3.3722400e+05   3.4362793e+01
   3.4732500e+05   1.1639404e+02
   3.5114800e+05   2.0107422e+03
   3.5117300e+05   1.4392090e+02
   3.5120100e+05   1.3647461e+02
   3.6031500e+05   3.5034180e+01
   3.6149100e+05   1.0577393e+02
   3.7669000e+05   3.5766602e+01
   4.0116200e+05   2.0145874e+03
   4.0118700e+05   2.0495605e+02
   4.0121600e+05   1.3757324e+02
   4.0237500e+05   1.0418701e+02
   4.0268700e+05   3.5827637e+01
   4.0287400e+05   9.8449707e+01
   4.0360700e+05   1.1718750e+02
   4.2939100e+05   1.1175537e+02
   4.2953500e+05   3.3874512e+01
   4.3069600e+05   3.6743164e+01
   4.5117800e+05   3.9999390e+03
   4.5120000e+05   1.6717529e+02
   4.5122900e+05   1.4361572e+02
   4.5163600e+05   3.5705566e+01
   4.5250700e+05   1.0894775e+02
   5.0119000e+05   2.0111084e+03
   5.0121300e+05   1.8145752e+02
   5.0124300e+05   1.3720703e+02
   5.4442600e+05   3.4790039e+01
   5.5120600e+05   3.9999390e+03
   5.5122700e+05   1.9390869e+02
   5.5125700e+05   1.3006592e+02
   6.0121800e+05   2.0058594e+03
   6.0124200e+05   1.6137695e+02
   6.0127100e+05   1.3128662e+02
   6.5123200e+05   2.0106812e+03
   6.5125500e+05   2.2607422e+02
   6.5128500e+05   1.3879395e+02
   6.7458500e+05   4.1381836e+01
   6.7469800e+05   1.3562012e+02
   6.7473900e+05   3.4362793e+01
   6.7484400e+05   3.5278320e+01
   6.7490100e+05   1.0003662e+02
   6.7493400e+05   1.2609863e+02
   6.7494400e+05   1.1444092e+02
   6.7496500e+05   4.4921875e+01
   6.7498700e+05   4.3701172e+01
   6.7500800e+05   6.5429688e+01
   6.7508600e+05   3.7963867e+01
   6.7510600e+05   8.4228516e+01
   6.7512800e+05   3.9794922e+01
   6.7516700e+05   3.3813477e+01
   6.7521500e+05   4.6813965e+01
   6.7524200e+05   4.0466309e+01
   6.7527200e+05   3.9123535e+01
   6.7529100e+05   3.7841797e+01
   6.7533200e+05   3.3935547e+01
   6.7540300e+05   3.4851074e+01
   6.7543200e+05   3.5949707e+01
   6.7547500e+05   3.4118652e+01
   6.7564700e+05   3.8085938e+01
   6.7570300e+05   3.6865234e+01
   6.7573800e+05   3.6437988e+01
   6.7576600e+05   3.4790039e+01
   6.7646800e+05   4.3945313e+01
   6.7676500e+05   3.5766602e+01
   6.7700100e+05   4.4128418e+01
   6.7703200e+05   6.2866211e+01
   6.7729400e+05   5.1452637e+01
   6.7731600e+05   3.4667969e+01
   6.7745600e+05   3.6254883e+01
   6.7801200e+05   3.6499023e+01
   6.7828200e+05   4.5654297e+01
   6.7862300e+05   7.7758789e+01
   6.7900800e+05   5.0292969e+01
   6.7933900e+05   6.1340332e+01
   6.8618000e+05   3.6254883e+01
   7.0124600e+05   2.0062256e+03
   7.0127000e+05   1.6448975e+02
   7.0130000e+05   1.2963867e+02
   7.5126000e+05   2.0111084e+03
   7.5128400e+05   1.8109131e+02
   7.5131300e+05   1.3421631e+02
   8.0127400e+05   2.0062256e+03
   8.0129700e+05   1.7315674e+02
   8.0132700e+05   1.3928223e+02
   8.2984400e+05   3.9489746e+01
   8.2991900e+05   1.3385010e+02
   8.3001500e+05   3.4118652e+01
   8.3017500e+05   1.2573242e+02
   8.3020300e+05   1.1822510e+02
   8.3025100e+05   3.7231445e+01
   8.3028900e+05   6.9824219e+01
   8.3031000e+05   7.4462891e+01
   8.3034400e+05   1.2414551e+02
   8.3036000e+05   3.5400391e+01
   8.3039100e+05   4.6875000e+01
   8.3040800e+05   4.9316406e+01
   8.3043000e+05   3.5766602e+01
   8.3044600e+05   3.5278320e+01
   8.3049000e+05   4.8828125e+01
   8.3050900e+05   3.5583496e+01
   8.3053900e+05   4.5959473e+01
   8.3059000e+05   3.7048340e+01
   8.3062200e+05   4.4738770e+01
   8.3064200e+05   4.4433594e+01
   8.3065400e+05   3.8940430e+01
   8.3076300e+05   4.3945313e+01
   8.3090600e+05   3.8452148e+01
   8.3093400e+05   3.3996582e+01
   8.3107800e+05   3.7841797e+01
   8.3109300e+05   3.4057617e+01
   8.3129200e+05   3.5522461e+01
   8.3135900e+05   3.7353516e+01
   8.3151900e+05   3.4118652e+01
   8.3158800e+05   3.4057617e+01
   8.3180400e+05   3.9855957e+01
   8.3184100e+05   5.0842285e+01
   8.3192300e+05   3.4729004e+01
   8.3207400e+05   3.6437988e+01
   8.3215900e+05   3.4606934e+01
   8.3226200e+05   3.5522461e+01
   8.3227900e+05   3.4362793e+01
   8.3243300e+05   3.4606934e+01
   8.3251300e+05   3.5095215e+01
   8.3261900e+05   3.3813477e+01
   8.3275800e+05   3.4667969e+01
   8.3317500e+05   4.1381836e+01
   8.3320500e+05   3.4973145e+01
   8.3335100e+05   4.9316406e+01
   8.3380400e+05   3.9489746e+01
   8.3381500e+05   4.5349121e+01
   8.3427500e+05   5.8898926e+01
   8.5129000e+05   3.9999390e+03
   8.5131200e+05   1.7291260e+02
   8.5134100e+05   1.2792969e+02
   9.0130200e+05   2.0144043e+03
   9.0132600e+05   1.6192627e+02
   9.0135500e+05   1.2017822e+02
   9.0294300e+05   1.1975098e+02
   9.0309200e+05   4.0283203e+01
   9.0313400e+05   4.1076660e+01
   9.0316100e+05   1.6015625e+02
   9.0322300e+05   1.1389160e+02
   9.0328500e+05   8.9477539e+01
   9.0331100e+05   4.8278809e+01
   9.0335400e+05   3.5705566e+01
   9.0337100e+05   3.5339355e+01
   9.0339200e+05   9.7717285e+01
   9.0341400e+05   4.8034668e+01
   9.0343500e+05   4.2541504e+01
   9.0350900e+05   4.1625977e+01
   9.0353900e+05   6.1645508e+01
   9.0355100e+05   3.4790039e+01
   9.0359500e+05   3.5156250e+01
   9.0363500e+05   4.1381836e+01
   9.0368500e+05   3.6804199e+01
   9.0381900e+05   3.5583496e+01
   9.0383200e+05   4.0039063e+01
   9.0385900e+05   3.4301758e+01
   9.0391500e+05   3.4667969e+01
   9.0432400e+05   4.1992188e+01
   9.0464400e+05   3.5095215e+01
   9.0475600e+05   3.4484863e+01
   9.0482800e+05   4.2175293e+01
   9.0484600e+05   3.5888672e+01
   9.0524800e+05   3.7170410e+01
   9.0590200e+05   3.5766602e+01
   9.0601000e+05   6.1218262e+01
   9.0647600e+05   5.6762695e+01
   9.0712800e+05   5.5053711e+01
   9.5131800e+05   3.9999390e+03
   9.5133900e+05   1.7388916e+02
   9.5136900e+05   1.3061523e+02
   1.0013300e+06   2.0072632e+03
   1.0013530e+06   1.5637207e+02
   1.0013840e+06   1.2982178e+02
   1.0295230e+06   1.1096191e+02
   1.0296590e+06   3.5888672e+01
   1.0297410e+06   1.2335205e+02
   1.0298090e+06   1.1981201e+02
   1.0298250e+06   3.7597656e+01
   1.0298410e+06   1.0131836e+02
   1.0298610e+06   4.4433594e+01
   1.0298800e+06   8.1054688e+01
   1.0299200e+06   6.2866211e+01
   1.0299310e+06   3.3935547e+01
   1.0299500e+06   3.9245605e+01
   1.0299750e+06   4.3395996e+01
   1.0299980e+06   6.7626953e+01
   1.0300660e+06   6.0791016e+01
   1.0300930e+06   3.9550781e+01
   1.0301130e+06   5.3588867e+01
   1.0301400e+06   5.5541992e+01
   1.0302180e+06   4.0710449e+01
   1.0303150e+06   4.3884277e+01
   1.0303830e+06   3.9611816e+01
   1.0305470e+06   4.0954590e+01
   1.0306550e+06   3.4118652e+01
   1.0307380e+06   3.8452148e+01
   1.0309000e+06   3.8757324e+01
   1.0311230e+06   4.1137695e+01
   1.0316200e+06   4.0954590e+01
   1.0322080e+06   4.4311523e+01
   1.0322570e+06   3.6926270e+01
   1.0327380e+06   4.3823242e+01
   1.0328520e+06   3.6865234e+01
   1.0329940e+06   3.5339355e+01
   1.0334550e+06   4.4555664e+01
   1.0335590e+06   4.8217773e+01
   1.0513440e+06   2.0056152e+03
   1.0513680e+06   1.7413330e+02
   1.0513970e+06   1.2585449e+02
   1.1013580e+06   2.0038452e+03
   1.1013810e+06   1.8164063e+02
   1.1014110e+06   1.2976074e+02
   1.1513740e+06   3.9999390e+03
   1.1513950e+06   1.5289307e+02
   1.1514250e+06   1.3415527e+02
   1.1517020e+06   3.5339355e+01
   1.1699020e+06   1.5386963e+02
   1.1700210e+06   1.2579346e+02
   1.1700710e+06   1.2561035e+02
   1.1701000e+06   4.1687012e+01
   1.1701240e+06   1.2066650e+02
   1.1701560e+06   6.5734863e+01
   1.1701810e+06   3.5278320e+01
   1.1702310e+06   5.3283691e+01
   1.1702550e+06   6.1218262e+01
   1.1702750e+06   3.6987305e+01
   1.1703130e+06   3.4790039e+01
   1.1703390e+06   4.2846680e+01
   1.1703760e+06   3.9855957e+01
   1.1704450e+06   5.0476074e+01
   1.1704640e+06   3.8940430e+01
   1.1705430e+06   3.9916992e+01
   1.1705650e+06   4.1320801e+01
   1.1706050e+06   3.7475586e+01
   1.1706330e+06   4.1320801e+01
   1.1706690e+06   3.4423828e+01
   1.1707260e+06   3.8024902e+01
   1.1709730e+06   3.4240723e+01
   1.1710000e+06   3.5827637e+01
   1.1710990e+06   3.6254883e+01
   1.1720060e+06   4.0588379e+01
   1.1721260e+06   3.3935547e+01
   1.1722670e+06   3.5461426e+01
   1.1726650e+06   3.5278320e+01
   1.1728190e+06   4.0588379e+01
   1.1731140e+06   3.4057617e+01
   1.1731470e+06   7.1960449e+01
   1.1733390e+06   3.8757324e+01
   1.1737140e+06   3.8208008e+01
   1.1738820e+06   7.6354980e+01
   1.1877630e+06   1.0241699e+02
   1.1879680e+06   3.4973145e+01
   1.1882140e+06   1.0278320e+02
   1.1883080e+06   1.1932373e+02
   1.1883250e+06   3.8330078e+01
   1.1883830e+06   3.4362793e+01
   1.1884900e+06   1.5423584e+02
   1.1885090e+06   1.0369873e+02
   1.1885670e+06   3.7780762e+01
   1.1886370e+06   4.0710449e+01
   1.1886780e+06   6.3903809e+01
   1.1887060e+06   7.1533203e+01
   1.1887290e+06   8.2336426e+01
   1.1888270e+06   3.8696289e+01
   1.1888960e+06   5.9326172e+01
   1.1889060e+06   4.9377441e+01
   1.1889280e+06   3.4606934e+01
   1.1890200e+06   7.8247070e+01
   1.1890790e+06   3.8635254e+01
   1.1891380e+06   5.3039551e+01
   1.1891680e+06   3.4667969e+01
   1.1892270e+06   6.7443848e+01
   1.1892880e+06   5.3405762e+01
   1.1894450e+06   3.4423828e+01
   1.1894640e+06   6.2438965e+01
   1.1895840e+06   4.4311523e+01
   1.1896200e+06   3.6804199e+01
   1.1897560e+06   6.4514160e+01
   1.1898420e+06   4.0893555e+01
   1.1904880e+06   3.8513184e+01
   1.1907370e+06   3.5766602e+01
   1.1908300e+06   4.6875000e+01
   1.1910480e+06   4.8217773e+01
   1.1913150e+06   6.1279297e+01
   1.1916160e+06   5.3161621e+01
   1.2013880e+06   3.9999390e+03
   1.2014110e+06   1.6143799e+02
   1.2014400e+06   1.2341309e+02
   1.2202430e+06   1.1517334e+02
   1.2202950e+06   4.5288086e+01
   1.2205210e+06   1.1999512e+02
   1.2205370e+06   9.6252441e+01
   1.2205570e+06   1.1999512e+02
   1.2205800e+06   3.3935547e+01
   1.2206120e+06   3.7597656e+01
   1.2206730e+06   8.2031250e+01
   1.2207310e+06   8.6914063e+01
   1.2207660e+06   4.0161133e+01
   1.2208480e+06   6.3171387e+01
   1.2208760e+06   6.1218262e+01
   1.2209010e+06   3.5766602e+01
   1.2209510e+06   8.3496094e+01
   1.2210540e+06   5.1574707e+01
   1.2211030e+06   4.6569824e+01
   1.2211150e+06   3.6743164e+01
   1.2211730e+06   3.6621094e+01
   1.2212870e+06   3.7170410e+01
   1.2213200e+06   4.0649414e+01
   1.2214970e+06   4.3151855e+01
   1.2216880e+06   3.8024902e+01
   1.2218770e+06   3.6804199e+01
   1.2219340e+06   3.7048340e+01
   1.2220150e+06   3.9062500e+01
   1.2221260e+06   3.9123535e+01
   1.2221610e+06   3.4301758e+01
   1.2222560e+06   5.4565430e+01
   1.2226860e+06   6.5368652e+01
   1.2227480e+06   3.6926270e+01
   1.2227600e+06   3.6376953e+01
   1.2235140e+06   4.4250488e+01
   1.2236320e+06   4.3762207e+01
   1.2489870e+06   1.2225342e+02
   1.2490240e+06   3.4362793e+01
   1.2491280e+06   3.4423828e+01
   1.2491530e+06   1.4172363e+02
   1.2492230e+06   1.0198975e+02
   1.2492670e+06   3.4057617e+01
   1.2493140e+06   1.2030029e+02
   1.2493310e+06   4.4067383e+01
   1.2493430e+06   3.6926270e+01
   1.2493870e+06   8.3618164e+01
   1.2494180e+06   3.5949707e+01
   1.2494450e+06   1.0632324e+02
   1.2494630e+06   6.8420410e+01
   1.2495780e+06   7.7636719e+01
   1.2496350e+06   5.2795410e+01
   1.2496750e+06   3.5827637e+01
   1.2497470e+06   9.2346191e+01
   1.2497610e+06   4.8156738e+01
   1.2498360e+06   3.7536621e+01
   1.2498680e+06   3.6315918e+01
   1.2499650e+06   3.8146973e+01
   1.2500030e+06   3.8879395e+01
   1.2500690e+06   7.0007324e+01
   1.2502780e+06   5.6762695e+01
   1.2503280e+06   3.5339355e+01
   1.2503730e+06   3.5156250e+01
   1.2504010e+06   3.8696289e+01
   1.2504840e+06   3.9306641e+01
   1.2507760e+06   5.5969238e+01
   1.2510970e+06   6.1218262e+01
   1.2512350e+06   3.4362793e+01
   1.2513920e+06   4.0161133e+01
   1.2514020e+06   3.9999390e+03
   1.2514170e+06   4.3212891e+01
   1.2514560e+06   8.0871582e+01
   1.2526530e+06   5.3283691e+01
   1.2724670e+06   1.2036133e+02
   1.2727060e+06   1.2097168e+02
   1.2727550e+06   1.0595703e+02
   1.2728660e+06   3.9245605e+01
   1.2728970e+06   1.0766602e+02
   1.2729660e+06   9.0026855e+01
   1.2729770e+06   1.0162354e+02
   1.2730340e+06   4.0954590e+01
   1.2731640e+06   4.5227051e+01
   1.2731890e+06   3.5034180e+01
   1.2731990e+06   8.3984375e+01
   1.2732830e+06   7.8002930e+01
   1.2733710e+06   4.2297363e+01
   1.2736070e+06   9.0332031e+01
   1.2736360e+06   4.0283203e+01
   1.2737260e+06   3.4362793e+01
   1.2738520e+06   3.8879395e+01
   1.2738760e+06   9.1735840e+01
   1.2741310e+06   3.3996582e+01
   1.2742180e+06   6.7260742e+01
   1.2744580e+06   3.4301758e+01
   1.2745200e+06   6.0607910e+01
   1.2745970e+06   3.5827637e+01
   1.2747050e+06   3.4973145e+01
   1.2751650e+06   6.2133789e+01
   1.2756610e+06   7.0007324e+01
   1.2883020e+06   3.5644531e+01
   1.2889480e+06   1.0943604e+02
   1.2892600e+06   9.8449707e+01
   1.2892980e+06   4.4433594e+01
   1.2894250e+06   3.5217285e+01
   1.2894440e+06   1.1682129e+02
   1.2895130e+06   4.3640137e+01
   1.2895340e+06   3.7902832e+01
   1.2895630e+06   8.8867187e+01
   1.2896650e+06   3.7353516e+01
   1.2898100e+06   8.9294434e+01
   1.2898810e+06   8.2214355e+01
   1.2901630e+06   3.5400391e+01
   1.2902030e+06   7.8308105e+01
   1.2902460e+06   8.4472656e+01
   1.2904320e+06   3.9916992e+01
   1.2905820e+06   5.8105469e+01
   1.2906490e+06   3.4912109e+01
   1.2907660e+06   3.5949707e+01
   1.2910740e+06   7.3913574e+01
   1.3014140e+06   2.0105591e+03
   1.3014400e+06   1.6271973e+02
   1.3014690e+06   1.3006592e+02
   1.3019330e+06   1.0601807e+02
   1.3019500e+06   3.8452148e+01
   1.3022990e+06   4.9377441e+01
   1.3023250e+06   4.3457031e+01
   1.3024190e+06   3.4301758e+01
   1.3026750e+06   9.1979980e+01
   1.3030730e+06   7.1350098e+01
   1.3036950e+06   7.4218750e+01
   1.3157010e+06   1.0162354e+02
   1.3159910e+06   3.6926270e+01
   1.3160930e+06   1.0406494e+02
   1.3164480e+06   8.5205078e+01
   1.3168610e+06   7.7209473e+01
   1.3173600e+06   8.0017090e+01
   1.3315900e+06   1.1120605e+02
   1.3316140e+06   3.4484863e+01
   1.3319700e+06   1.1688232e+02
   1.3321840e+06   4.2236328e+01
   1.3323320e+06   1.0211182e+02
   1.3326970e+06   3.5766602e+01
   1.3327350e+06   9.1369629e+01
   1.3331510e+06   7.9956055e+01
   1.3336630e+06   8.8562012e+01
   1.3434730e+06   3.3813477e+01
   1.3439300e+06   1.1761475e+02
   1.3450570e+06   9.2102051e+01
   1.3514300e+06   2.0043335e+03
   1.3514530e+06   1.4190674e+02
   1.3514820e+06   1.3067627e+02
   1.3609800e+06   1.1016846e+02
   1.3613610e+06   1.0717773e+02
   1.3616350e+06   4.1442871e+01
   1.3616900e+06   9.6191406e+01
   1.3620310e+06   9.2041016e+01
   1.3627370e+06   8.8012695e+01
   1.3629940e+06   3.5217285e+01
   1.3762160e+06   3.4057617e+01
   1.3767710e+06   1.0021973e+02
   1.3772240e+06   9.8266602e+01
   1.3774300e+06   3.4423828e+01
   1.3778070e+06   9.0637207e+01
   1.3786130e+06   8.9294434e+01
   1.3920100e+06   9.7778320e+01
   1.3925070e+06   9.7106934e+01
   1.3930600e+06   9.0332031e+01
   1.4014440e+06   3.9999390e+03
   1.4014660e+06   1.8609619e+02
   1.4014960e+06   1.4453125e+02
   1.4359910e+06   1.1004639e+02
   1.4363680e+06   4.0344238e+01
   1.4364470e+06   1.0791016e+02
   1.4365220e+06   4.4006348e+01
   1.4368420e+06   1.0784912e+02
   1.4371350e+06   9.9243164e+01
   1.4371750e+06   9.3444824e+01
   1.4375900e+06   9.2041016e+01
   1.4376160e+06   4.0344238e+01
   1.4382700e+06   8.6730957e+01
   1.4514580e+06   3.9999390e+03
   1.4514800e+06   1.8237305e+02
   1.4515100e+06   1.3275146e+02
   1.4527560e+06   1.0644531e+02
   1.4968900e+06   1.1187744e+02
   1.4972810e+06   1.0900879e+02
   1.4973270e+06   4.3701172e+01
   1.4973490e+06   3.5156250e+01
   1.4976030e+06   3.7536621e+01
   1.4976180e+06   9.6862793e+01
   1.4979140e+06   1.0418701e+02
   1.4979800e+06   1.3726807e+02
   1.4981720e+06   3.9184570e+01
   1.4982750e+06   8.2336426e+01
   1.4984120e+06   3.4423828e+01
   1.4987760e+06   8.0444336e+01
   1.4997080e+06   3.5888672e+01
   1.5014720e+06   3.9999390e+03
   1.5014950e+06   1.6729736e+02
   1.5015230e+06   1.3787842e+02
   1.5214250e+06   1.1328125e+02
   1.5220610e+06   1.1083984e+02
   1.5514840e+06   2.0092163e+03
   1.5515090e+06   1.6839600e+02
   1.5515370e+06   1.3049316e+02
   1.5804650e+06   1.2768555e+02
   1.5805790e+06   3.4790039e+01
   1.5808990e+06   4.4067383e+01
   1.5809730e+06   1.3427734e+02
   1.5813960e+06   9.5214844e+01
   1.5817250e+06   3.9245605e+01
   1.5818030e+06   8.3190918e+01
   1.5824450e+06   8.2824707e+01
   1.6014980e+06   2.0117188e+03
   1.6015230e+06   1.6143799e+02
   1.6015510e+06   1.3470459e+02
   1.6515120e+06   2.0078735e+03
   1.6515360e+06   2.0446777e+02
   1.6515650e+06   1.3909912e+02
   1.6961220e+06   4.4250488e+01
   1.6962080e+06   1.2896729e+02
   1.6963150e+06   4.2785645e+01
   1.6963830e+06   1.0809326e+02
   1.6964010e+06   3.6804199e+01
   1.6964350e+06   3.7536621e+01
   1.6964600e+06   1.2377930e+02
   1.6964950e+06   1.1376953e+02
   1.6965180e+06   4.1809082e+01
   1.6965480e+06   6.6589355e+01
   1.6965590e+06   1.1090088e+02
   1.6966270e+06   3.3935547e+01
   1.6966610e+06   4.6020508e+01
   1.6966710e+06   4.6630859e+01
   1.6967070e+06   1.0205078e+02
   1.6967430e+06   4.0039063e+01
   1.6967640e+06   3.8391113e+01
   1.6967980e+06   4.6630859e+01
   1.6968210e+06   3.8635254e+01
   1.6968460e+06   4.1015625e+01
   1.6968850e+06   4.5654297e+01
   1.6969210e+06   4.3823242e+01
   1.6969380e+06   3.4362793e+01
   1.6970120e+06   3.3935547e+01
   1.6972070e+06   4.1992188e+01
   1.6973020e+06   3.9611816e+01
   1.6980120e+06   4.1748047e+01
   1.6984200e+06   3.4362793e+01
   1.6986400e+06   4.3762207e+01
   1.6990420e+06   4.3518066e+01
   1.6991070e+06   3.7414551e+01
   1.6994290e+06   3.6132813e+01
   1.6996870e+06   4.0405273e+01
   1.6999100e+06   3.9916992e+01
   1.7000020e+06   4.3334961e+01
   1.7015260e+06   2.0117188e+03
   1.7015550e+06   1.0827637e+02
   1.7015790e+06   1.2670898e+02
   1.7515400e+06   2.0083008e+03
   1.7515640e+06   1.5838623e+02
   1.7515930e+06   1.2792969e+02
   1.7652740e+06   3.4057617e+01
   1.7657990e+06   4.2724609e+01
   1.7660120e+06   1.1602783e+02
   1.7661330e+06   3.6193848e+01
   1.7664120e+06   3.4484863e+01
   1.7664260e+06   1.1834717e+02
   1.7664660e+06   3.6926270e+01
   1.7665540e+06   4.1992188e+01
   1.7665700e+06   1.2304687e+02
   1.7665890e+06   1.2945557e+02
   1.7666390e+06   1.0015869e+02
   1.7666690e+06   3.3996582e+01
   1.7666940e+06   1.0632324e+02
   1.7667160e+06   3.6376953e+01
   1.7667370e+06   3.9733887e+01
   1.7668060e+06   7.7270508e+01
   1.7668270e+06   4.6203613e+01
   1.7668570e+06   4.3212891e+01
   1.7669880e+06   3.6071777e+01
   1.7671820e+06   4.2846680e+01
   1.7672950e+06   3.4790039e+01
   1.7678240e+06   3.8940430e+01
   1.7680350e+06   3.6682129e+01
   1.7685180e+06   3.4729004e+01
   1.7689040e+06   3.5583496e+01
   1.7694810e+06   5.0109863e+01
   1.7694960e+06   3.5705566e+01
   1.7697680e+06   4.5654297e+01
   1.7700410e+06   7.4523926e+01
   1.8015540e+06   2.0094604e+03
   1.8015780e+06   1.6748047e+02
   1.8016080e+06   1.3696289e+02
   1.8229560e+06   1.1132813e+02
   1.8229840e+06   3.7658691e+01
   1.8232340e+06   4.7119141e+01
   1.8232980e+06   9.9975586e+01
   1.8233690e+06   1.2725830e+02
   1.8234060e+06   5.3588867e+01
   1.8234680e+06   1.0705566e+02
   1.8234830e+06   3.3874512e+01
   1.8235130e+06   1.0693359e+02
   1.8235510e+06   3.8818359e+01
   1.8236050e+06   5.8532715e+01
   1.8236300e+06   3.7109375e+01
   1.8236850e+06   6.3354492e+01
   1.8236970e+06   4.7302246e+01
   1.8237350e+06   3.7475586e+01
   1.8238550e+06   3.7231445e+01
   1.8238820e+06   3.4118652e+01
   1.8238930e+06   5.7922363e+01
   1.8239190e+06   4.7058105e+01
   1.8239910e+06   3.5156250e+01
   1.8241190e+06   3.5827637e+01
   1.8242060e+06   3.5522461e+01
   1.8243930e+06   3.6804199e+01
   1.8248320e+06   3.7536621e+01
   1.8252370e+06   3.8208008e+01
   1.8263520e+06   4.1076660e+01
   1.8264350e+06   4.1625977e+01
   1.8271730e+06   4.7119141e+01
   1.8515700e+06   3.9999390e+03
   1.8515920e+06   1.5802002e+02
   1.8516220e+06   1.2921143e+02
   1.8709990e+06   4.0649414e+01
   1.8710300e+06   1.2396240e+02
   1.8710660e+06   4.0954590e+01
   1.8711340e+06   3.5644531e+01
   1.8711640e+06   3.8208008e+01
   1.8712530e+06   4.2785645e+01
   1.8713340e+06   1.1230469e+02
   1.8713930e+06   3.8635254e+01
   1.8714690e+06   3.7597656e+01
   1.8714820e+06   9.9792480e+01
   1.8714980e+06   8.8439941e+01
   1.8715280e+06   3.5766602e+01
   1.8715540e+06   8.3679199e+01
   1.8715990e+06   5.8471680e+01
   1.8716720e+06   6.5856934e+01
   1.8717420e+06   8.3923340e+01
   1.8718590e+06   7.2570801e+01
   1.8718960e+06   3.8085938e+01
   1.8719230e+06   3.9306641e+01
   1.8719780e+06   3.4362793e+01
   1.8720190e+06   4.0954590e+01
   1.8721290e+06   4.1198730e+01
   1.8721430e+06   3.9428711e+01
   1.8721920e+06   3.6621094e+01
   1.8722050e+06   3.9978027e+01
   1.8722970e+06   4.0344238e+01
   1.8724780e+06   3.9550781e+01
   1.8727240e+06   3.4790039e+01
   1.8727370e+06   3.3996582e+01
   1.8729400e+06   4.0344238e+01
   1.8732870e+06   3.5522461e+01
   1.8742570e+06   4.0893555e+01
   1.9015840e+06   3.9999390e+03
   1.9016070e+06   1.8365479e+02
   1.9016360e+06   1.3299561e+02
   1.9418680e+06   1.1157227e+02
   1.9419290e+06   4.3823242e+01
   1.9420880e+06   3.3813477e+01
   1.9421060e+06   3.4606934e+01
   1.9421880e+06   3.9916992e+01
   1.9422620e+06   1.1785889e+02
   1.9424030e+06   1.3610840e+02
   1.9425070e+06   1.1352539e+02
   1.9425350e+06   1.1462402e+02
   1.9425620e+06   3.9733887e+01
   1.9425950e+06   4.3334961e+01
   1.9426480e+06   7.4707031e+01
   1.9426770e+06   4.5166016e+01
   1.9427150e+06   8.0871582e+01
   1.9427380e+06   4.9133301e+01
   1.9428070e+06   3.9733887e+01
   1.9428460e+06   3.6437988e+01
   1.9428740e+06   3.4912109e+01
   1.9428990e+06   3.5827637e+01
   1.9432590e+06   3.8146973e+01
   1.9433460e+06   3.6865234e+01
   1.9433660e+06   4.4372559e+01
   1.9434850e+06   3.4179688e+01
   1.9436370e+06   3.5888672e+01
   1.9437660e+06   4.4433594e+01
   1.9441490e+06   3.8024902e+01
   1.9448340e+06   6.1828613e+01
   1.9456280e+06   5.3894043e+01
   1.9462920e+06   5.7250977e+01
   1.9515960e+06   2.0068970e+03
   1.9516200e+06   1.4666748e+02
   1.9516510e+06   1.1853027e+02
   1.9901810e+06   3.6132813e+01
   1.9902760e+06   1.2091064e+02
   1.9904340e+06   4.0283203e+01
   1.9904830e+06   3.4790039e+01
   1.9905690e+06   3.5217285e+01
   1.9906130e+06   1.0931396e+02
   1.9906420e+06   3.7902832e+01
   1.9906810e+06   1.1004639e+02
   1.9907130e+06   4.1687012e+01
   1.9907490e+06   1.2237549e+02
   1.9907810e+06   3.7597656e+01
   1.9908370e+06   9.4299316e+01
   1.9908490e+06   8.7158203e+01
   1.9909040e+06   8.2458496e+01
   1.9909680e+06   4.5043945e+01
   1.9909790e+06   3.8879395e+01
   1.9909970e+06   4.3518066e+01
   1.9910330e+06   6.0729980e+01
   1.9911160e+06   3.6743164e+01
   1.9911370e+06   8.7890625e+01
   1.9911730e+06   3.5705566e+01
   1.9911980e+06   4.3151855e+01
   1.9912790e+06   5.2856445e+01
   1.9912890e+06   4.0344238e+01
   1.9914200e+06   3.4179688e+01
   1.9914430e+06   3.8024902e+01
   1.9914900e+06   4.5715332e+01
   1.9915810e+06   3.4912109e+01
   1.9916650e+06   3.6315918e+01
   1.9917510e+06   3.7170410e+01
   1.9919630e+06   8.7524414e+01
   1.9921200e+06   4.0039063e+01
   1.9926710e+06   3.6071777e+01
   1.9927070e+06   6.8908691e+01
   1.9937370e+06   4.6997070e+01
   1.9937900e+06   5.3588867e+01
   2.0016100e+06   2.0056152e+03
   2.0016340e+06   1.4794922e+02
   2.0016640e+06   1.2115479e+02
   2.0516240e+06   2.0086060e+03
   2.0516480e+06   1.6046143e+02
   2.0516780e+06   1.3140869e+02
   2.0995300e+06   1.1767578e+02
   2.0996460e+06   3.7902832e+01
   2.0997200e+06   1.2628174e+02
   2.0998060e+06   1.1627197e+02
   2.0998980e+06   1.1395264e+02
   2.0999370e+06   1.1846924e+02
   2.1000430e+06   1.3128662e+02
   2.1000630e+06   6.8298340e+01
   2.1000830e+06   3.4667969e+01
   2.1001090e+06   3.4423828e+01
   2.1001500e+06   3.6865234e+01
   2.1001660e+06   3.6804199e+01
   2.1002020e+06   3.5705566e+01
   2.1002190e+06   4.4494629e+01
   2.1003110e+06   3.7658691e+01
   2.1003500e+06   3.4484863e+01
   2.1003840e+06   4.3762207e+01
   2.1004160e+06   3.5522461e+01
   2.1004840e+06   3.5400391e+01
   2.1005430e+06   3.8146973e+01
   2.1005670e+06   4.0161133e+01
   2.1006280e+06   3.6071777e+01
   2.1006540e+06   3.5034180e+01
   2.1007130e+06   3.7963867e+01
   2.1007260e+06   3.4851074e+01
   2.1012380e+06   3.6987305e+01
   2.1012850e+06   3.4484863e+01
   2.1013470e+06   3.8085938e+01
   2.1015370e+06   3.6193848e+01
   2.1016380e+06   2.0103760e+03
   2.1016540e+06   4.8889160e+01
   2.1017640e+06   4.1320801e+01
   2.1019370e+06   3.5766602e+01
   2.1028820e+06   3.8574219e+01
   2.1031210e+06   3.6865234e+01
   2.1037740e+06   4.2907715e+01
   2.1040650e+06   5.0415039e+01
   2.1516520e+06   2.0076904e+03
   2.1516750e+06   1.5435791e+02
   2.1517060e+06   1.2982178e+02
   2.1703420e+06   1.1584473e+02
   2.1706510e+06   4.5593262e+01
   2.1708340e+06   1.1962891e+02
   2.1709100e+06   4.0039063e+01
   2.1710660e+06   3.4667969e+01
   2.1710880e+06   1.0870361e+02
   2.1711250e+06   1.1572266e+02
   2.1711820e+06   9.9426270e+01
   2.1712010e+06   6.6101074e+01
   2.1712680e+06   6.5063477e+01
   2.1713140e+06   4.5471191e+01
   2.1713350e+06   8.0505371e+01
   2.1713750e+06   5.5358887e+01
   2.1714000e+06   5.8166504e+01
   2.1714200e+06   4.0710449e+01
   2.1714450e+06   3.6315918e+01
   2.1714870e+06   3.5583496e+01
   2.1715310e+06   3.7963867e+01
   2.1715670e+06   4.0344238e+01
   2.1715900e+06   7.7270508e+01
   2.1716500e+06   3.5949707e+01
   2.1716850e+06   3.5156250e+01
   2.1717460e+06   4.0161133e+01
   2.1718160e+06   3.5461426e+01
   2.1720190e+06   3.4545898e+01
   2.1720290e+06   4.0649414e+01
   2.1722140e+06   3.8940430e+01
   2.1723650e+06   4.1015625e+01
   2.1726940e+06   3.6071777e+01
   2.1730590e+06   4.0466309e+01
   2.1732440e+06   4.0405273e+01
   2.1733870e+06   3.4729004e+01
   2.1736750e+06   7.2143555e+01
   2.1736880e+06   4.0954590e+01
   2.1740110e+06   3.3874512e+01
   2.1741830e+06   4.4799805e+01
   2.1748900e+06   6.8054199e+01
   2.1870120e+06   3.4362793e+01
   2.2016660e+06   2.0114136e+03
   2.2016910e+06   2.0080566e+02
   2.2017200e+06   1.2670898e+02
   2.2516800e+06   2.0122681e+03
   2.2517030e+06   1.5478516e+02
   2.2517340e+06   1.2854004e+02
   2.2574190e+06   4.0649414e+01
   2.2574600e+06   1.0418701e+02
   2.2578360e+06   3.5156250e+01
   2.2578770e+06   1.2542725e+02
   2.2580220e+06   3.3935547e+01
   2.2581390e+06   1.2756348e+02
   2.2581750e+06   1.1437988e+02
   2.2582360e+06   1.1029053e+02
   2.2583060e+06   8.7768555e+01
   2.2583350e+06   6.7810059e+01
   2.2583700e+06   7.6354980e+01
   2.2583920e+06   3.4301758e+01
   2.2584370e+06   5.9265137e+01
   2.2584780e+06   4.4982910e+01
   2.2585290e+06   3.9611816e+01
   2.2585460e+06   3.7231445e+01
   2.2585910e+06   3.5522461e+01
   2.2586690e+06   3.7109375e+01
   2.2587010e+06   4.2236328e+01
   2.2588020e+06   3.7719727e+01
   2.2590390e+06   3.7658691e+01
   2.2590600e+06   3.4423828e+01
   2.2591650e+06   3.5766602e+01
   2.2592820e+06   4.1076660e+01
   2.2593570e+06   4.2358398e+01
   2.2595660e+06   3.9489746e+01
   2.2597060e+06   3.4484863e+01
   2.2602380e+06   4.4738770e+01
   2.2609070e+06   3.6743164e+01
   2.2614330e+06   4.5654297e+01
   2.2614450e+06   4.1137695e+01
   2.3016940e+06   2.0145264e+03
   2.3017180e+06   1.4825439e+02
   2.3017480e+06   1.2414551e+02
   2.3517080e+06   2.0064697e+03
   2.3517320e+06   1.7126465e+02
   2.3517610e+06   1.5338135e+02
   2.3826930e+06   3.8208008e+01
   2.3827220e+06   1.2597656e+02
   2.3827520e+06   3.7658691e+01
   2.3830080e+06   3.5705566e+01
   2.3831100e+06   8.4533691e+01
   2.3831650e+06   1.1022949e+02
   2.3832160e+06   4.1137695e+01
   2.3832810e+06   9.4543457e+01
   2.3833090e+06   7.7514648e+01
   2.3833210e+06   1.0101318e+02
   2.3833570e+06   4.5166016e+01
   2.3833920e+06   5.2856445e+01
   2.3834260e+06   4.2297363e+01
   2.3834680e+06   4.4311523e+01
   2.3835170e+06   4.6020508e+01
   2.3835720e+06   3.8208008e+01
   2.3836410e+06   3.7780762e+01
   2.3836670e+06   3.6193848e+01
   2.3836890e+06   3.6010742e+01
   2.3837300e+06   3.7719727e+01
   2.3837930e+06   4.0161133e+01
   2.3838890e+06   3.3935547e+01
   2.3839160e+06   3.4606934e+01
   2.3841150e+06   5.2490234e+01
   2.3841430e+06   3.6315918e+01
   2.3845180e+06   5.1818848e+01
   2.3846730e+06   3.4729004e+01
   2.3854010e+06   7.2387695e+01
   2.3854440e+06   3.4240723e+01
   2.3857110e+06   3.4606934e+01
   2.3857260e+06   7.3242188e+01
   2.3866250e+06   5.3161621e+01
   2.3866520e+06   5.2978516e+01
   2.3873340e+06   6.4025879e+01
   2.4017240e+06   3.9999390e+03
   2.4017500e+06   1.6070557e+02
   2.4017760e+06   1.2603760e+02
   2.4137810e+06   1.1077881e+02
   2.4143970e+06   3.4912109e+01
   2.4144440e+06   1.0278320e+02
   2.4147390e+06   3.4362793e+01
   2.4148040e+06   1.0101318e+02
   2.4149760e+06   1.2347412e+02
   2.4150130e+06   3.5888672e+01
   2.4150620e+06   8.6730957e+01
   2.4151320e+06   1.0681152e+02
   2.4151440e+06   7.4462891e+01
   2.4151740e+06   3.6743164e+01
   2.4152400e+06   5.8532715e+01
   2.4152860e+06   6.1828613e+01
   2.4153490e+06   6.3110352e+01
   2.4153690e+06   9.0698242e+01
   2.4154500e+06   3.5644531e+01
   2.4154780e+06   4.8583984e+01
   2.4156310e+06   8.3129883e+01
   2.4156560e+06   3.4423828e+01
   2.4157310e+06   4.7363281e+01
   2.4160750e+06   8.5571289e+01
   2.4162190e+06   4.4250488e+01
   2.4163900e+06   6.2683105e+01
   2.4165130e+06   3.6193848e+01
   2.4165600e+06   3.4423828e+01
   2.4168470e+06   3.5156250e+01
   2.4171680e+06   4.5898438e+01
   2.4173580e+06   4.2663574e+01
   2.4177250e+06   6.6040039e+01
   2.4179240e+06   4.6081543e+01
   2.4455800e+06   1.1895752e+02
   2.4460600e+06   3.5217285e+01
   2.4461080e+06   9.0087891e+01
   2.4461240e+06   3.7353516e+01
   2.4462900e+06   1.2640381e+02
   2.4463660e+06   3.7902832e+01
   2.4464200e+06   1.1181641e+02
   2.4464710e+06   1.2060547e+02
   2.4465450e+06   8.9538574e+01
   2.4466550e+06   7.8979492e+01
   2.4467770e+06   8.9782715e+01
   2.4468620e+06   4.9621582e+01
   2.4469320e+06   8.5021973e+01
   2.4470290e+06   5.8593750e+01
   2.4470790e+06   4.9011230e+01
   2.4472390e+06   8.2275391e+01
   2.4472870e+06   7.7087402e+01
   2.4476540e+06   3.9978027e+01
   2.4477580e+06   5.0048828e+01
   2.4479100e+06   3.4240723e+01
   2.4480370e+06   5.0842285e+01
   2.4483180e+06   4.9926758e+01
   2.4488250e+06   6.2194824e+01
   2.4517360e+06   2.0079346e+03
   2.4517620e+06   1.3690186e+02
   2.4517900e+06   1.2835693e+02
   2.4960160e+06   1.0937500e+02
   2.4961860e+06   3.5156250e+01
   2.4964120e+06   1.1749268e+02
   2.4964450e+06   1.2316895e+02
   2.4964960e+06   3.5522461e+01
   2.4966020e+06   1.0766602e+02
   2.4966340e+06   3.7963867e+01
   2.4966440e+06   1.0040283e+02
   2.4966690e+06   9.6374512e+01
   2.4967240e+06   3.8085938e+01
   2.4967720e+06   3.4667969e+01
   2.4968110e+06   4.1076660e+01
   2.4968250e+06   9.6618652e+01
   2.4968440e+06   7.1594238e+01
   2.4969660e+06   5.7250977e+01
   2.4970010e+06   4.2114258e+01
   2.4970380e+06   3.3996582e+01
   2.4970640e+06   4.1687012e+01
   2.4971410e+06   3.4057617e+01
   2.4972190e+06   4.0649414e+01
   2.4973790e+06   4.1076660e+01
   2.4974140e+06   4.6203613e+01
   2.4974350e+06   4.4860840e+01
   2.4975710e+06   3.3874512e+01
   2.4979210e+06   3.5400391e+01
   2.4979660e+06   4.7058105e+01
   2.4981450e+06   3.4790039e+01
   2.4982460e+06   3.6682129e+01
   2.4984170e+06   3.9794922e+01
   2.4988000e+06   3.3813477e+01
   2.4989600e+06   3.4057617e+01
   2.4992230e+06   3.5095215e+01
   2.4992790e+06   3.6437988e+01
   2.4995860e+06   4.4128418e+01
   2.4996860e+06   5.0903320e+01
   2.4999940e+06   3.5949707e+01
   2.5613610e+06   3.7536621e+01
   2.5615420e+06   1.1395264e+02
   2.5617910e+06   3.5095215e+01
   2.5618690e+06   1.1187744e+02
   2.5619380e+06   1.2719727e+02
   2.5619960e+06   1.1627197e+02
   2.5620450e+06   7.0068359e+01
   2.5620760e+06   4.1198730e+01
   2.5620930e+06   8.3190918e+01
   2.5621180e+06   7.7209473e+01
   2.5621500e+06   4.3457031e+01
   2.5621900e+06   4.1320801e+01
   2.5622170e+06   7.2631836e+01
   2.5622630e+06   4.5532227e+01
   2.5623040e+06   3.8452148e+01
   2.5623300e+06   3.5522461e+01
   2.5623740e+06   3.6132813e+01
   2.5624240e+06   3.8269043e+01
   2.5625290e+06   3.3935547e+01
   2.5626020e+06   3.3874512e+01
   2.5626290e+06   4.3273926e+01
   2.5626420e+06   4.0649414e+01
   2.5627120e+06   4.2785645e+01
   2.5628050e+06   3.5461426e+01
   2.5629590e+06   3.4606934e+01
   2.5631650e+06   3.4057617e+01
   2.5632420e+06   3.5034180e+01
   2.5634740e+06   3.6071777e+01
   2.5637490e+06   4.0832520e+01
   2.5649620e+06   3.6437988e+01
   2.5650340e+06   6.2561035e+01
   2.5654320e+06   4.4860840e+01
   2.6100370e+06   1.1444092e+02
   2.6101810e+06   4.6752930e+01
   2.6104070e+06   1.0845947e+02
   2.6104430e+06   4.1137695e+01
   2.6104690e+06   1.0009766e+02
   2.6104890e+06   3.6254883e+01
   2.6105710e+06   1.0308838e+02
   2.6106230e+06   1.0156250e+02
   2.6106360e+06   1.0003662e+02
   2.6106970e+06   3.4484863e+01
   2.6107220e+06   3.8513184e+01
   2.6107480e+06   8.2397461e+01
   2.6107770e+06   5.7617188e+01
   2.6108480e+06   8.0200195e+01
   2.6109070e+06   6.4392090e+01
   2.6109290e+06   4.1931152e+01
   2.6109810e+06   3.3996582e+01
   2.6110210e+06   3.9916992e+01
   2.6110390e+06   5.4382324e+01
   2.6111640e+06   4.3273926e+01
   2.6112550e+06   5.9020996e+01
   2.6112700e+06   5.5847168e+01
   2.6113360e+06   3.4545898e+01
   2.6113570e+06   3.4790039e+01
   2.6113950e+06   3.6987305e+01
   2.6114420e+06   3.8818359e+01
   2.6117080e+06   3.7841797e+01
   2.6119010e+06   5.4626465e+01
   2.6121210e+06   5.2673340e+01
   2.6123160e+06   3.6743164e+01
   2.6124770e+06   3.5705566e+01
   2.6127700e+06   6.3476563e+01
   2.6129480e+06   4.2236328e+01
   2.6130450e+06   3.9367676e+01
   2.6132670e+06   4.7424316e+01
   2.6135720e+06   4.2663574e+01
   2.6136550e+06   3.7719727e+01
   2.6445250e+06   9.9975586e+01
   2.6446620e+06   3.4301758e+01
   2.6448860e+06   1.0821533e+02
   2.6449670e+06   4.0100098e+01
   2.6450320e+06   3.5156250e+01
   2.6450590e+06   1.1541748e+02
   2.6451530e+06   9.6435547e+01
   2.6451660e+06   8.8806152e+01
   2.6452040e+06   3.4851074e+01
   2.6452910e+06   8.0200195e+01
   2.6453200e+06   3.4667969e+01
   2.6453900e+06   6.0363770e+01
   2.6455040e+06   3.5156250e+01
   2.6455540e+06   3.7048340e+01
   2.6456040e+06   6.1218262e+01
   2.6456700e+06   8.6364746e+01
   2.6457330e+06   4.9682617e+01
   2.6458650e+06   3.7231445e+01
   2.6460240e+06   8.3984375e+01
   2.6460370e+06   3.5583496e+01
   2.6461550e+06   3.4973145e+01
   2.6461670e+06   4.0161133e+01
   2.6462550e+06   4.8950195e+01
   2.6463180e+06   7.6660156e+01
   2.6464190e+06   3.5400391e+01
   2.6467620e+06   6.4086914e+01
   2.6468260e+06   3.5034180e+01
   2.6470130e+06   3.7353516e+01
   2.6473150e+06   4.8095703e+01
   2.6474190e+06   6.1767578e+01
   2.6481250e+06   6.7382813e+01
   2.6734460e+06   1.1065674e+02
   2.6736370e+06   3.4179688e+01
   2.6737770e+06   4.1992188e+01
   2.6738330e+06   4.7729492e+01
   2.6738490e+06   1.0345459e+02
   2.6739420e+06   1.1041260e+02
   2.6739720e+06   3.7109375e+01
   2.6741040e+06   4.2053223e+01
   2.6741230e+06   8.0078125e+01
   2.6742570e+06   1.0638428e+02
   2.6743030e+06   9.8999023e+01
   2.6743150e+06   4.0161133e+01
   2.6744050e+06   8.6791992e+01
   2.6744420e+06   3.6804199e+01
   2.6745560e+06   9.5031738e+01
   2.6747080e+06   7.9895020e+01
   2.6748660e+06   4.5288086e+01
   2.6749500e+06   5.5297852e+01
   2.6751040e+06   8.2031250e+01
   2.6752770e+06   7.3425293e+01
   2.6757410e+06   9.6008301e+01
   2.6757510e+06   3.3874512e+01
   2.6766780e+06   3.3996582e+01
   2.7643600e+06   1.1676025e+02
   2.7647580e+06   4.9011230e+01
   2.7647790e+06   1.1218262e+02
   2.7649360e+06   1.1090088e+02
   2.7649620e+06   3.6376953e+01
   2.7650200e+06   3.5949707e+01
   2.7650470e+06   1.1572266e+02
   2.7650740e+06   3.6376953e+01
   2.7651070e+06   1.1798096e+02
   2.7652440e+06   7.3303223e+01
   2.7652770e+06   5.5480957e+01
   2.7654020e+06   3.4240723e+01
   2.7654310e+06   5.5236816e+01
   2.7654480e+06   7.4890137e+01
   2.7654770e+06   3.7658691e+01
   2.7654900e+06   3.8940430e+01
   2.7655940e+06   4.3090820e+01
   2.7656420e+06   3.8574219e+01
   2.7656750e+06   3.7292480e+01
   2.7657620e+06   3.5034180e+01
   2.7658350e+06   3.5888672e+01
   2.7658530e+06   4.1137695e+01
   2.7658820e+06   3.8757324e+01
   2.7658960e+06   3.5217285e+01
   2.7659160e+06   3.4118652e+01
   2.7659470e+06   3.6071777e+01
   2.7662020e+06   3.5461426e+01
   2.7662600e+06   3.8024902e+01
   2.7664180e+06   3.6010742e+01
   2.7671940e+06   3.4301758e+01
   2.7673950e+06   3.5522461e+01
   2.7676490e+06   3.3935547e+01
   2.7684610e+06   5.7067871e+01
   2.7689730e+06   5.1086426e+01
   2.7691650e+06   7.1716309e+01
   2.8024030e+06   1.0882568e+02
   2.8028510e+06   3.5583496e+01
   2.8028820e+06   1.0827637e+02
   2.8032060e+06   9.2285156e+01
   2.8032390e+06   4.3029785e+01
   2.8032850e+06   1.1785889e+02
   2.8033950e+06   4.0954590e+01
   2.8034260e+06   3.6010742e+01
   2.8034720e+06   8.7341309e+01
   2.8035560e+06   9.3444824e+01
   2.8036440e+06   5.0659180e+01
   2.8036990e+06   7.5927734e+01
   2.8037830e+06   7.3669434e+01
   2.8038120e+06   4.2236328e+01
   2.8038380e+06   4.3884277e+01
   2.8038500e+06   9.2468262e+01
   2.8039400e+06   4.3945313e+01
   2.8040060e+06   4.0100098e+01
   2.8041810e+06   4.3884277e+01
   2.8041970e+06   9.2102051e+01
   2.8042680e+06   5.3161621e+01
   2.8044540e+06   3.7292480e+01
   2.8045640e+06   4.6630859e+01
   2.8048100e+06   4.9682617e+01
   2.8050010e+06   8.1604004e+01
   2.8052340e+06   5.9570313e+01
   2.8054470e+06   5.8837891e+01
   2.8059580e+06   6.0424805e+01
   2.8308310e+06   9.9792480e+01
   2.8313810e+06   1.1413574e+02
   2.8316350e+06   3.6193848e+01
   2.8318160e+06   9.3750000e+01
   2.8319420e+06   3.4423828e+01
   2.8321010e+06   3.8635254e+01
   2.8321970e+06   9.0209961e+01
   2.8322600e+06   1.0229492e+02
   2.8323520e+06   3.8085938e+01
   2.8326120e+06   9.0332031e+01
   2.8330770e+06   8.4777832e+01
   2.8335360e+06   7.8613281e+01
   2.9047460e+06   1.2493896e+02
   2.9050460e+06   3.8024902e+01
   2.9051210e+06   1.2829590e+02
   2.9051900e+06   3.4912109e+01
   2.9054300e+06   1.0723877e+02
   2.9055050e+06   1.3677979e+02
   2.9055960e+06   3.3935547e+01
   2.9056370e+06   7.0312500e+01
   2.9056550e+06   1.3287354e+02
   2.9056850e+06   3.4545898e+01
   2.9057350e+06   3.6254883e+01
   2.9057640e+06   3.9978027e+01
   2.9058550e+06   6.3293457e+01
   2.9058770e+06   3.4606934e+01
   2.9059950e+06   4.0039063e+01
   2.9060630e+06   3.8574219e+01
   2.9061090e+06   3.4667969e+01
   2.9061780e+06   3.8452148e+01
   2.9062660e+06   4.3395996e+01
   2.9064610e+06   3.6804199e+01
   2.9066040e+06   3.7597656e+01
   2.9067090e+06   3.7719727e+01
   2.9067290e+06   3.6499023e+01
   2.9069470e+06   3.6132813e+01
   2.9071620e+06   3.4790039e+01
   2.9079270e+06   4.1687012e+01
   2.9088820e+06   3.6437988e+01
   2.9092670e+06   4.2175293e+01
   2.9452140e+06   1.0437012e+02
   2.9456670e+06   1.0693359e+02
   2.9459770e+06   4.9499512e+01
   2.9460330e+06   1.1004639e+02
   2.9462100e+06   5.0842285e+01
   2.9463470e+06   1.0644531e+02
   2.9464800e+06   3.8391113e+01
   2.9464910e+06   3.9672852e+01
   2.9465180e+06   9.0515137e+01
   2.9465650e+06   3.3813477e+01
   2.9465980e+06   8.4533691e+01
   2.9466730e+06   3.6743164e+01
   2.9467040e+06   3.4240723e+01
   2.9467650e+06   8.8867188e+01
   2.9468550e+06   4.9133301e+01
   2.9469130e+06   9.8571777e+01
   2.9469290e+06   3.9733887e+01
   2.9471320e+06   5.5541992e+01
   2.9472660e+06   5.8715820e+01
   2.9472770e+06   9.1003418e+01
   2.9473940e+06   3.7231445e+01
   2.9475530e+06   5.7678223e+01
   2.9477340e+06   9.7717285e+01
   2.9477630e+06   4.1015625e+01
   2.9478030e+06   3.4729004e+01
   2.9480360e+06   4.0649414e+01
   2.9481440e+06   6.0302734e+01
   2.9483820e+06   6.8908691e+01
   2.9486570e+06   6.1950684e+01
   2.9907190e+06   7.9345703e+01
   2.9910970e+06   4.9194336e+01
   2.9911730e+06   4.7363281e+01
   2.9913370e+06   3.6376953e+01
   2.9914840e+06   1.0559082e+02
   2.9915090e+06   4.0710449e+01
   2.9915610e+06   1.2561035e+02
   2.9916630e+06   4.1625977e+01
   2.9917070e+06   7.5805664e+01
   2.9917330e+06   7.9711914e+01
   2.9917770e+06   8.9294434e+01
   2.9918380e+06   4.1015625e+01
   2.9918930e+06   3.5400391e+01
   2.9919390e+06   8.5937500e+01
   2.9919570e+06   4.4555664e+01
   2.9920190e+06   3.6499023e+01
   2.9920510e+06   3.3813477e+01
   2.9920700e+06   9.7778320e+01
   2.9921530e+06   3.6254883e+01
   2.9921750e+06   5.6762695e+01
   2.9922050e+06   3.4057617e+01
   2.9923390e+06   4.0100098e+01
   2.9924370e+06   7.1228027e+01
   2.9926030e+06   5.1147461e+01
   2.9928430e+06   3.7292480e+01
   2.9930720e+06   3.6865234e+01
   2.9932470e+06   3.4790039e+01
   2.9941190e+06   3.5156250e+01
   2.9942440e+06   6.1279297e+01
