   2.9990000e+06   0.0000000e+00
   1.0500000e+03   2.0072021e+03
   1.1640000e+03   3.4240723e+01
   1.4330000e+03   3.6926270e+01
   3.1710000e+03   3.5522461e+01
   3.3320000e+03   5.0537109e+01
   3.3480000e+03   3.7719727e+01
   3.3790000e+03   4.0344238e+01
   3.4230000e+03   3.4301758e+01
   3.5960000e+03   3.3752441e+01
   3.6550000e+03   3.6865234e+01
   3.7020000e+03   3.5339355e+01
   3.7240000e+03   3.8513184e+01
   3.7450000e+03   4.1015625e+01
   3.7970000e+03   3.5827637e+01
   3.8480000e+03   3.6376953e+01
   3.9230000e+03   3.7597656e+01
   4.0650000e+03   3.3752441e+01
   4.1310000e+03   3.4667969e+01
   4.1540000e+03   4.3029785e+01
   4.2070000e+03   3.9001465e+01
   4.4620000e+03   3.7902832e+01
   4.4800000e+03   3.9184570e+01
   4.5380000e+03   4.2968750e+01
   4.5890000e+03   3.3813477e+01
   4.6280000e+03   3.5217285e+01
   4.6900000e+03   3.4179688e+01
   4.7240000e+03   4.3823242e+01
   4.7570000e+03   3.8208008e+01
   4.7830000e+03   3.4057617e+01
   4.8440000e+03   3.8024902e+01
   4.9640000e+03   3.6682129e+01
   4.9750000e+03   3.3874512e+01
   5.0190000e+03   3.9001465e+01
   5.0470000e+03   3.5888672e+01
   5.1020000e+03   3.6804199e+01
   5.1320000e+03   3.7109375e+01
   5.1510000e+03   3.8635254e+01
   5.2200000e+03   5.0720215e+01
   5.2380000e+03   3.7536621e+01
   5.4350000e+03   3.8146973e+01
   5.6940000e+03   3.3935547e+01
   5.7770000e+03   3.7170410e+01
   5.9610000e+03   4.5532227e+01
   6.0550000e+03   3.4240723e+01
   6.2930000e+03   3.5278320e+01
   6.3690000e+03   3.7658691e+01
   6.7100000e+03   4.9377441e+01
   7.4710000e+03   3.4606934e+01
   8.2380000e+03   4.2968750e+01
   1.8198000e+04   3.3996582e+01
   1.9898000e+04   3.6682129e+01
   2.5831000e+04   3.3874512e+01
   2.6254000e+04   3.4729004e+01
   2.8115000e+04   3.3630371e+01
   3.3535000e+04   3.3996582e+01
   5.1064000e+04   2.0087891e+03
   5.1205000e+04   3.4912109e+01
   5.2546000e+04   3.3752441e+01
   5.2649000e+04   3.9733887e+01
   5.2697000e+04   3.7963867e+01
   5.2866000e+04   3.6437988e+01
   5.2907000e+04   3.5766602e+01
   5.3008000e+04   4.1381836e+01
   5.3069000e+04   3.6071777e+01
   5.3126000e+04   3.3935547e+01
   5.3235000e+04   4.3212891e+01
   5.3291000e+04   3.8818359e+01
   5.3423000e+04   3.7048340e+01
   5.3482000e+04   3.9733887e+01
   5.3530000e+04   3.6254883e+01
   5.3592000e+04   3.6132813e+01
   5.3661000e+04   3.6804199e+01
   5.3749000e+04   3.7170410e+01
   5.3785000e+04   4.0832520e+01
   5.3864000e+04   3.4240723e+01
   5.3919000e+04   3.4729004e+01
   5.4003000e+04   4.1015625e+01
   5.4053000e+04   3.4729004e+01
   5.4131000e+04   4.3945313e+01
   5.4161000e+04   4.2358398e+01
   5.4230000e+04   3.5766602e+01
   5.4285000e+04   3.4423828e+01
   5.4365000e+04   3.4973145e+01
   5.4488000e+04   4.0039063e+01
   5.4615000e+04   3.7475586e+01
   5.4711000e+04   3.5949707e+01
   5.4802000e+04   3.9978027e+01
   5.4863000e+04   3.7597656e+01
   5.4888000e+04   4.2114258e+01
   5.5094000e+04   3.5583496e+01
   5.5159000e+04   3.5156250e+01
   5.5292000e+04   4.0893555e+01
   5.5417000e+04   3.6926270e+01
   5.5763000e+04   3.4545898e+01
   5.5809000e+04   3.7963867e+01
   5.5955000e+04   4.6569824e+01
   5.6927000e+04   3.4667969e+01
   5.7013000e+04   3.5522461e+01
   5.9674000e+04   3.4057617e+01
   6.1772000e+04   3.3996582e+01
   9.0906000e+04   3.3874512e+01
   1.0107800e+05   2.0111084e+03
   1.0338400e+05   3.3874512e+01
   1.0374100e+05   3.4179688e+01
   1.0377600e+05   3.7109375e+01
   1.0382000e+05   3.3691406e+01
   1.0408700e+05   3.4729004e+01
   1.0417300e+05   4.4067383e+01
   1.0431100e+05   3.7475586e+01
   1.0433300e+05   3.5278320e+01
   1.0437000e+05   3.4912109e+01
   1.0442400e+05   3.6987305e+01
   1.0455200e+05   4.1320801e+01
   1.0463200e+05   3.4484863e+01
   1.0473100e+05   3.5156250e+01
   1.0483400e+05   3.6865234e+01
   1.0488800e+05   3.4484863e+01
   1.0499600e+05   3.3752441e+01
   1.0503000e+05   3.8085938e+01
   1.0508800e+05   3.6437988e+01
   1.0518400e+05   4.5349121e+01
   1.0529400e+05   3.6804199e+01
   1.0534100e+05   3.5827637e+01
   1.0543000e+05   3.6865234e+01
   1.0546100e+05   3.9367676e+01
   1.0553000e+05   3.4423828e+01
   1.0575800e+05   4.2724609e+01
   1.0584200e+05   3.6560059e+01
   1.0592900e+05   3.5705566e+01
   1.0599800e+05   3.4301758e+01
   1.0604500e+05   3.9306641e+01
   1.0629400e+05   3.4851074e+01
   1.0636000e+05   3.4545898e+01
   1.0644100e+05   3.8391113e+01
   1.0653500e+05   4.1564941e+01
   1.0674900e+05   3.6315918e+01
   1.0703900e+05   3.5461426e+01
   1.0710600e+05   4.1198730e+01
   1.0711700e+05   3.5461426e+01
   1.0720900e+05   3.4118652e+01
   1.0793100e+05   3.5644531e+01
   1.0827300e+05   3.3996582e+01
   1.1086300e+05   3.6437988e+01
   1.2902900e+05   3.4912109e+01
   1.4115700e+05   3.4362793e+01
   1.5109200e+05   2.0021973e+03
   1.5271400e+05   3.4729004e+01
   1.5297300e+05   3.5217285e+01
   1.5304600e+05   4.6264648e+01
   1.5319900e+05   3.6437988e+01
   1.5331000e+05   3.5095215e+01
   1.5340700e+05   4.1809082e+01
   1.5354500e+05   3.4790039e+01
   1.5368100e+05   3.8208008e+01
   1.5371800e+05   3.6926270e+01
   1.5374700e+05   3.4606934e+01
   1.5380000e+05   3.5583496e+01
   1.5383500e+05   3.7536621e+01
   1.5395100e+05   3.4423828e+01
   1.5422000e+05   4.1809082e+01
   1.5424300e+05   3.6376953e+01
   1.5433400e+05   3.4790039e+01
   1.5449700e+05   3.5644531e+01
   1.5451500e+05   3.5400391e+01
   1.5467800e+05   3.3630371e+01
   1.5489800e+05   4.0466309e+01
   1.5493900e+05   3.7109375e+01
   1.5496200e+05   4.4677734e+01
   1.5502900e+05   3.3691406e+01
   1.5516200e+05   3.6315918e+01
   1.5524400e+05   3.5095215e+01
   1.5533700e+05   3.8085938e+01
   1.5606200e+05   3.6437988e+01
   1.5613400e+05   3.4179688e+01
   1.9013300e+05   3.3874512e+01
   1.9035300e+05   3.6682129e+01
   1.9079700e+05   3.3935547e+01
   1.9086300e+05   3.3752441e+01
   1.9092900e+05   3.8146973e+01
   1.9096100e+05   3.5827637e+01
   1.9104000e+05   3.4118652e+01
   1.9122900e+05   4.0161133e+01
   1.9141600e+05   3.9367676e+01
   1.9143900e+05   4.2175293e+01
   1.9146500e+05   3.9306641e+01
   1.9159000e+05   3.6865234e+01
   1.9165700e+05   3.6560059e+01
   1.9170400e+05   3.9123535e+01
   1.9176500e+05   3.7719727e+01
   1.9178200e+05   6.3049316e+01
   1.9190300e+05   3.4973145e+01
   1.9197400e+05   3.9123535e+01
   1.9201100e+05   3.4729004e+01
   1.9208700e+05   3.9489746e+01
   1.9219300e+05   3.9489746e+01
   1.9224800e+05   3.5095215e+01
   1.9226700e+05   4.0466309e+01
   1.9233600e+05   3.4667969e+01
   1.9251900e+05   3.6193848e+01
   1.9255000e+05   3.7780762e+01
   1.9333300e+05   4.1870117e+01
   2.0005300e+05   3.4606934e+01
   2.0110600e+05   2.0077515e+03
   2.0487600e+05   3.5461426e+01
   2.1529300e+05   3.5217285e+01
   2.1623800e+05   3.4545898e+01
   2.1648700e+05   3.7414551e+01
   2.1670800e+05   3.8208008e+01
   2.1694700e+05   4.2602539e+01
   2.1704200e+05   3.6071777e+01
   2.1714400e+05   3.9184570e+01
   2.1850000e+05   4.1015625e+01
   2.1867700e+05   3.3996582e+01
   2.1876900e+05   3.5278320e+01
   2.1891200e+05   3.6560059e+01
   2.3758100e+05   3.3630371e+01
   2.3772700e+05   3.5583496e+01
   2.3798300e+05   4.0100098e+01
   2.3816600e+05   3.3874512e+01
   2.3846200e+05   4.3151855e+01
   2.3980500e+05   3.4179688e+01
   2.3991500e+05   4.1015625e+01
   2.4030400e+05   3.4240723e+01
   2.5112000e+05   2.0092163e+03
   2.5113200e+05   5.6335449e+01
   2.5172800e+05   3.6682129e+01
   2.5258200e+05   3.7841797e+01
   2.5317200e+05   3.8696289e+01
   2.6527200e+05   3.5461426e+01
   2.7231700e+05   3.6499023e+01
   2.7286900e+05   3.5278320e+01
   2.9944600e+05   3.4179688e+01
   3.0089500e+05   3.3691406e+01
   3.0113400e+05   2.0245972e+03
   3.0117300e+05   3.6376953e+01
   3.1575800e+05   3.4362793e+01
   3.3347500e+05   3.5949707e+01
   3.3418100e+05   3.3813477e+01
   3.3435400e+05   3.6987305e+01
   3.4780300e+05   3.7841797e+01
   3.5114800e+05   2.0082397e+03
   3.7307900e+05   3.4973145e+01
   3.7563300e+05   3.8940430e+01
   3.7637200e+05   3.3874512e+01
   4.0116200e+05   2.0086060e+03
   4.0342800e+05   3.4057617e+01
   4.0353900e+05   3.7353516e+01
   4.0387100e+05   3.3752441e+01
   4.0595500e+05   3.6804199e+01
   4.5117600e+05   2.0068970e+03
   4.5650600e+05   4.0527344e+01
   5.0119000e+05   2.0084229e+03
   5.4470500e+05   3.6743164e+01
   5.5120400e+05   2.0039063e+03
   6.0010900e+05   3.6743164e+01
   6.0122000e+05   3.9999390e+03
   6.0123000e+05   4.5837402e+01
   6.0133500e+05   3.6315918e+01
   6.5123200e+05   2.0049438e+03
   6.5764900e+05   3.3813477e+01
   6.7186300e+05   3.3691406e+01
   6.7459800e+05   3.4118652e+01
   6.7464100e+05   3.9489746e+01
   6.7481100e+05   3.9794922e+01
   6.7482300e+05   3.4912109e+01
   6.7486900e+05   3.5644531e+01
   6.7492300e+05   3.5522461e+01
   6.7496400e+05   3.6804199e+01
   6.7500000e+05   3.6254883e+01
   6.7502900e+05   5.2368164e+01
   6.7506900e+05   3.4240723e+01
   6.7510600e+05   3.9306641e+01
   6.7515300e+05   4.7424316e+01
   6.7518400e+05   3.4301758e+01
   6.7521200e+05   3.9245605e+01
   6.7524000e+05   3.9184570e+01
   6.7530700e+05   3.5888672e+01
   6.7534100e+05   3.4423828e+01
   6.7536300e+05   5.5725098e+01
   6.7538100e+05   6.8542480e+01
   6.7540400e+05   3.4973145e+01
   6.7544300e+05   3.7902832e+01
   6.7550300e+05   3.8635254e+01
   6.7558800e+05   4.8034668e+01
   6.7560400e+05   4.1503906e+01
   6.7563400e+05   3.7231445e+01
   6.7567100e+05   5.3833008e+01
   6.7573700e+05   3.5827637e+01
   6.7574900e+05   4.5776367e+01
   6.7579800e+05   4.4982910e+01
   6.7582100e+05   3.8208008e+01
   6.7585700e+05   3.9672852e+01
   6.7590900e+05   3.7231445e+01
   6.7598600e+05   4.3334961e+01
   6.7602400e+05   3.8391113e+01
   6.7603900e+05   4.5654297e+01
   6.7609000e+05   3.8391113e+01
   6.7612900e+05   3.6437988e+01
   6.7615300e+05   3.3691406e+01
   6.7620400e+05   3.7414551e+01
   6.7621700e+05   4.3334961e+01
   6.7625200e+05   4.4982910e+01
   6.7626200e+05   4.1015625e+01
   6.7628500e+05   4.0405273e+01
   6.7631900e+05   3.6376953e+01
   6.7638000e+05   4.2480469e+01
   6.7640800e+05   3.4729004e+01
   6.7643400e+05   3.9062500e+01
   6.7650600e+05   4.3212891e+01
   6.7659200e+05   4.6325684e+01
   6.7660200e+05   3.4667969e+01
   6.7674500e+05   4.1931152e+01
   6.7676300e+05   3.5156250e+01
   6.7682900e+05   3.6865234e+01
   6.7688500e+05   3.8879395e+01
   6.7697600e+05   3.4851074e+01
   6.7699200e+05   4.1748047e+01
   6.7723400e+05   3.3874512e+01
   6.7729000e+05   3.4301758e+01
   6.7732400e+05   3.5461426e+01
   6.7750400e+05   3.3935547e+01
   6.7753600e+05   3.3996582e+01
   6.7756700e+05   4.1564941e+01
   6.7770900e+05   4.4677734e+01
   6.7772400e+05   3.5095215e+01
   6.7786600e+05   3.7353516e+01
   6.7793500e+05   3.5644531e+01
   6.7799400e+05   3.3752441e+01
   6.7813000e+05   3.8757324e+01
   6.7815800e+05   4.5166016e+01
   6.7820800e+05   3.6193848e+01
   6.7823200e+05   3.5705566e+01
   6.7870500e+05   4.1748047e+01
   6.7880500e+05   3.6376953e+01
   6.7929100e+05   4.0832520e+01
   6.7954500e+05   3.8208008e+01
   6.7999200e+05   3.3935547e+01
   6.8429300e+05   3.3874512e+01
   6.8786300e+05   4.1320801e+01
   6.8894600e+05   3.6926270e+01
   7.0124800e+05   3.9999390e+03
   7.0149100e+05   3.8879395e+01
   7.3633300e+05   3.5522461e+01
   7.5126200e+05   2.0125732e+03
   7.5127200e+05   4.5776367e+01
   7.7994500e+05   4.0344238e+01
   8.0127600e+05   3.9999390e+03
   8.0140100e+05   3.8879395e+01
   8.2986600e+05   3.7292480e+01
   8.2997700e+05   3.7109375e+01
   8.3007300e+05   3.9672852e+01
   8.3033100e+05   4.1625977e+01
   8.3042300e+05   3.8513184e+01
   8.3045400e+05   4.4128418e+01
   8.3047400e+05   4.9377441e+01
   8.3051600e+05   3.6437988e+01
   8.3058500e+05   3.6804199e+01
   8.3061700e+05   5.6701660e+01
   8.3063700e+05   4.3151855e+01
   8.3067800e+05   4.0466309e+01
   8.3072500e+05   3.8757324e+01
   8.3077400e+05   3.5888672e+01
   8.3079700e+05   4.6691895e+01
   8.3086600e+05   4.3579102e+01
   8.3088900e+05   3.4179688e+01
   8.3094700e+05   4.0222168e+01
   8.3096200e+05   6.0791016e+01
   8.3099300e+05   3.5400391e+01
   8.3104000e+05   4.1259766e+01
   8.3106300e+05   4.9499512e+01
   8.3111400e+05   3.9611816e+01
   8.3113100e+05   4.0039063e+01
   8.3115300e+05   4.5898438e+01
   8.3125500e+05   4.9804688e+01
   8.3128600e+05   4.1992188e+01
   8.3132000e+05   4.6752930e+01
   8.3136200e+05   3.9916992e+01
   8.3138400e+05   3.7048340e+01
   8.3141300e+05   3.3874512e+01
   8.3142600e+05   3.8818359e+01
   8.3146900e+05   3.5095215e+01
   8.3152000e+05   3.6010742e+01
   8.3155100e+05   3.4545898e+01
   8.3164100e+05   3.9978027e+01
   8.3175100e+05   4.3579102e+01
   8.3181200e+05   4.1809082e+01
   8.3192800e+05   3.8940430e+01
   8.3200900e+05   3.4606934e+01
   8.3214000e+05   3.5339355e+01
   8.3220800e+05   3.4729004e+01
   8.3229000e+05   4.2236328e+01
   8.3230900e+05   3.4179688e+01
   8.3235000e+05   3.9611816e+01
   8.3239500e+05   3.8208008e+01
   8.3246500e+05   3.3874512e+01
   8.3248100e+05   4.0832520e+01
   8.3250800e+05   3.9001465e+01
   8.3255900e+05   3.7841797e+01
   8.3258400e+05   4.0161133e+01
   8.3273000e+05   3.6621094e+01
   8.3281800e+05   4.8217773e+01
   8.3286700e+05   4.4006348e+01
   8.3298900e+05   3.4790039e+01
   8.3331300e+05   3.4057617e+01
   8.3336100e+05   3.3935547e+01
   8.3345700e+05   3.8513184e+01
   8.3349400e+05   3.6987305e+01
   8.3382400e+05   4.1564941e+01
   8.3423400e+05   3.3630371e+01
   8.3437500e+05   3.3874512e+01
   8.3449300e+05   4.5837402e+01
   8.3471200e+05   3.9611816e+01
   8.3541700e+05   4.0466309e+01
   8.3554300e+05   4.4555664e+01
   8.5094100e+05   3.4057617e+01
   8.5129000e+05   3.9999390e+03
   8.5138000e+05   3.4851074e+01
   8.6068200e+05   3.5461426e+01
   8.8830800e+05   3.5644531e+01
   9.0130200e+05   2.0095215e+03
   9.0220800e+05   3.7292480e+01
   9.0329900e+05   3.5156250e+01
   9.0342300e+05   3.8818359e+01
   9.0350200e+05   3.6621094e+01
   9.0351800e+05   3.7109375e+01
   9.0353200e+05   4.8217773e+01
   9.0355400e+05   5.0903320e+01
   9.0357100e+05   3.7109375e+01
   9.0362500e+05   3.5400391e+01
   9.0369600e+05   3.8574219e+01
   9.0374100e+05   3.5766602e+01
   9.0376300e+05   3.4057617e+01
   9.0378000e+05   4.2663574e+01
   9.0381300e+05   3.4973145e+01
   9.0384000e+05   3.7536621e+01
   9.0386700e+05   3.6193848e+01
   9.0392000e+05   3.7536621e+01
   9.0396600e+05   4.4006348e+01
   9.0397900e+05   4.1503906e+01
   9.0405500e+05   3.4973145e+01
   9.0411200e+05   3.4240723e+01
   9.0413700e+05   3.8757324e+01
   9.0418300e+05   3.4851074e+01
   9.0425600e+05   3.3691406e+01
   9.0432200e+05   4.5471191e+01
   9.0435900e+05   3.5217285e+01
   9.0439200e+05   3.6437988e+01
   9.0440700e+05   4.8217773e+01
   9.0443200e+05   3.5583496e+01
   9.0450500e+05   3.4973145e+01
   9.0460200e+05   3.4118652e+01
   9.0463500e+05   3.9367676e+01
   9.0466000e+05   3.7231445e+01
   9.0467500e+05   3.7231445e+01
   9.0473700e+05   3.5217285e+01
   9.0476400e+05   3.7353516e+01
   9.0486800e+05   3.8879395e+01
   9.0491700e+05   3.6682129e+01
   9.0500800e+05   3.5034180e+01
   9.0502400e+05   4.2846680e+01
   9.0511300e+05   4.0832520e+01
   9.0519200e+05   3.6132813e+01
   9.0520700e+05   4.0954590e+01
   9.0522600e+05   3.6865234e+01
   9.0525200e+05   3.5095215e+01
   9.0527800e+05   3.4912109e+01
   9.0536900e+05   3.6926270e+01
   9.0546800e+05   3.6621094e+01
   9.0550800e+05   3.4606934e+01
   9.0561200e+05   3.9062500e+01
   9.0562800e+05   3.7841797e+01
   9.0597900e+05   3.4301758e+01
   9.0616500e+05   4.0466309e+01
   9.0672200e+05   3.5339355e+01
   9.0721200e+05   4.0954590e+01
   9.0730400e+05   3.5705566e+01
   9.2563200e+05   3.3813477e+01
   9.3511100e+05   3.3996582e+01
   9.3848600e+05   3.8940430e+01
   9.5131600e+05   2.0051880e+03
   9.6650900e+05   3.6987305e+01
   1.0013300e+06   2.0112305e+03
   1.0125600e+06   3.8879395e+01
   1.0295190e+06   3.8818359e+01
   1.0296880e+06   3.4912109e+01
   1.0297830e+06   3.6926270e+01
   1.0298570e+06   3.5217285e+01
   1.0299030e+06   3.5034180e+01
   1.0299260e+06   4.7058105e+01
   1.0300230e+06   3.6682129e+01
   1.0300810e+06   4.1870117e+01
   1.0300910e+06   3.6315918e+01
   1.0301290e+06   3.3996582e+01
   1.0301730e+06   4.3823242e+01
   1.0301970e+06   3.5522461e+01
   1.0302160e+06   3.4484863e+01
   1.0302450e+06   4.0649414e+01
   1.0302730e+06   5.0354004e+01
   1.0303120e+06   5.8776855e+01
   1.0303290e+06   4.1198730e+01
   1.0303450e+06   3.6987305e+01
   1.0303790e+06   3.8757324e+01
   1.0304010e+06   4.4067383e+01
   1.0304420e+06   3.9245605e+01
   1.0304950e+06   3.7597656e+01
   1.0305380e+06   4.3029785e+01
   1.0305610e+06   4.1259766e+01
   1.0305930e+06   3.4973145e+01
   1.0306080e+06   4.4738770e+01
   1.0306680e+06   3.4729004e+01
   1.0306910e+06   4.1564941e+01
   1.0307080e+06   4.4799805e+01
   1.0308340e+06   3.4423828e+01
   1.0309150e+06   4.2541504e+01
   1.0309280e+06   4.3823242e+01
   1.0309780e+06   3.8024902e+01
   1.0310010e+06   4.4616699e+01
   1.0310180e+06   3.9245605e+01
   1.0310370e+06   3.3630371e+01
   1.0310820e+06   3.4851074e+01
   1.0311250e+06   4.3029785e+01
   1.0311640e+06   3.5339355e+01
   1.0312700e+06   3.8696289e+01
   1.0312990e+06   4.2480469e+01
   1.0313150e+06   4.1809082e+01
   1.0313540e+06   3.8391113e+01
   1.0313930e+06   3.3691406e+01
   1.0314600e+06   4.9438477e+01
   1.0315070e+06   3.3935547e+01
   1.0315570e+06   5.3283691e+01
   1.0315740e+06   3.5095215e+01
   1.0315950e+06   3.6437988e+01
   1.0316960e+06   3.6621094e+01
   1.0317240e+06   3.4667969e+01
   1.0317780e+06   3.5522461e+01
   1.0318370e+06   4.4738770e+01
   1.0319160e+06   3.5217285e+01
   1.0320180e+06   3.9306641e+01
   1.0320540e+06   3.9001465e+01
   1.0321610e+06   3.6804199e+01
   1.0322610e+06   4.6020508e+01
   1.0323310e+06   3.8452148e+01
   1.0325270e+06   3.4729004e+01
   1.0325450e+06   4.9316406e+01
   1.0325930e+06   3.6193848e+01
   1.0326640e+06   3.3996582e+01
   1.0326930e+06   4.0832520e+01
   1.0331210e+06   3.6376953e+01
   1.0331990e+06   3.4606934e+01
   1.0332090e+06   3.8208008e+01
   1.0332690e+06   3.6560059e+01
   1.0334650e+06   3.5888672e+01
   1.0334830e+06   3.8391113e+01
   1.0335550e+06   3.4179688e+01
   1.0340270e+06   3.6926270e+01
   1.0343670e+06   3.5766602e+01
   1.0350960e+06   3.3996582e+01
   1.0355460e+06   3.4667969e+01
   1.0410190e+06   3.4545898e+01
   1.0476910e+06   3.4667969e+01
   1.0513440e+06   2.0103760e+03
   1.0513610e+06   3.6193848e+01
   1.0519330e+06   3.4545898e+01
   1.0549420e+06   3.4484863e+01
   1.0634590e+06   3.7719727e+01
   1.0813980e+06   3.6621094e+01
   1.0835190e+06   3.4912109e+01
   1.0936040e+06   3.6010742e+01
   1.1013600e+06   3.9999390e+03
   1.1099150e+06   3.6132813e+01
   1.1215570e+06   3.4484863e+01
   1.1329480e+06   3.5095215e+01
   1.1513740e+06   3.9999390e+03
   1.1514860e+06   3.4790039e+01
   1.1700890e+06   3.3630371e+01
   1.1701530e+06   4.1137695e+01
   1.1702010e+06   3.4851074e+01
   1.1702600e+06   3.4362793e+01
   1.1703010e+06   4.5471191e+01
   1.1703170e+06   3.8452148e+01
   1.1703480e+06   4.5898438e+01
   1.1703710e+06   3.6437988e+01
   1.1703930e+06   5.6335449e+01
   1.1704120e+06   6.0974121e+01
   1.1704350e+06   3.5827637e+01
   1.1704530e+06   4.8095703e+01
   1.1705750e+06   4.0527344e+01
   1.1706520e+06   3.8940430e+01
   1.1706850e+06   3.9916992e+01
   1.1707560e+06   4.4433594e+01
   1.1707770e+06   4.6325684e+01
   1.1708570e+06   3.4606934e+01
   1.1710470e+06   3.7170410e+01
   1.1710600e+06   3.3874512e+01
   1.1710910e+06   3.3874512e+01
   1.1711900e+06   3.3813477e+01
   1.1712790e+06   3.4118652e+01
   1.1713110e+06   4.0039063e+01
   1.1713590e+06   3.4729004e+01
   1.1713810e+06   3.5827637e+01
   1.1714050e+06   3.3813477e+01
   1.1714450e+06   3.8696289e+01
   1.1715820e+06   3.8818359e+01
   1.1717090e+06   3.3691406e+01
   1.1717240e+06   3.4851074e+01
   1.1718120e+06   4.4311523e+01
   1.1718740e+06   3.6437988e+01
   1.1718930e+06   3.5217285e+01
   1.1719690e+06   3.6499023e+01
   1.1719810e+06   3.5339355e+01
   1.1720230e+06   3.4606934e+01
   1.1721830e+06   3.6193848e+01
   1.1723000e+06   3.4362793e+01
   1.1723230e+06   3.7292480e+01
   1.1724170e+06   3.3874512e+01
   1.1725740e+06   3.5400391e+01
   1.1725980e+06   3.6071777e+01
   1.1727370e+06   4.3701172e+01
   1.1729300e+06   3.3630371e+01
   1.1731470e+06   3.3935547e+01
   1.1735240e+06   3.5095215e+01
   1.1736700e+06   3.6315918e+01
   1.1740240e+06   4.6569824e+01
   1.1748930e+06   3.3630371e+01
   1.1752960e+06   3.4729004e+01
   1.1764330e+06   3.4179688e+01
   1.1820660e+06   3.7109375e+01
   1.1883790e+06   3.7048340e+01
   1.1887710e+06   3.5339355e+01
   1.1888920e+06   4.1748047e+01
   1.1889880e+06   3.4667969e+01
   1.1890880e+06   3.4667969e+01
   1.1891630e+06   3.3630371e+01
   1.1891960e+06   3.7536621e+01
   1.1892450e+06   3.6071777e+01
   1.1893910e+06   3.8330078e+01
   1.1894320e+06   3.9062500e+01
   1.1895150e+06   3.8024902e+01
   1.1895420e+06   3.7902832e+01
   1.1896260e+06   4.2358398e+01
   1.1896610e+06   3.4606934e+01
   1.1896950e+06   3.4851074e+01
   1.1897630e+06   3.6254883e+01
   1.1901090e+06   3.3630371e+01
   1.1909060e+06   3.7353516e+01
   1.1912410e+06   3.5705566e+01
   1.2013860e+06   2.0077515e+03
   1.2025850e+06   3.6010742e+01
   1.2132460e+06   3.6743164e+01
   1.2191590e+06   3.7170410e+01
   1.2195700e+06   3.4057617e+01
   1.2196970e+06   3.7109375e+01
   1.2208160e+06   3.3996582e+01
   1.2209160e+06   4.0710449e+01
   1.2210470e+06   3.3691406e+01
   1.2211100e+06   3.5034180e+01
   1.2212520e+06   3.6621094e+01
   1.2212620e+06   3.3874512e+01
   1.2214250e+06   3.4912109e+01
   1.2214390e+06   3.9489746e+01
   1.2214720e+06   3.6376953e+01
   1.2215180e+06   3.8269043e+01
   1.2217090e+06   3.8085938e+01
   1.2217510e+06   4.0832520e+01
   1.2219490e+06   3.6193848e+01
   1.2220460e+06   3.6499023e+01
   1.2222200e+06   3.4057617e+01
   1.2223090e+06   3.5949707e+01
   1.2223690e+06   3.3691406e+01
   1.2224900e+06   3.9733887e+01
   1.2225960e+06   3.7170410e+01
   1.2226530e+06   3.4729004e+01
   1.2226760e+06   3.4484863e+01
   1.2228770e+06   3.5766602e+01
   1.2230310e+06   4.1503906e+01
   1.2232250e+06   3.4179688e+01
   1.2237120e+06   3.4790039e+01
   1.2243680e+06   3.5156250e+01
   1.2245490e+06   3.8635254e+01
   1.2426470e+06   3.5156250e+01
   1.2485130e+06   3.4973145e+01
   1.2495890e+06   3.7414551e+01
   1.2497890e+06   4.8950195e+01
   1.2499130e+06   4.5776367e+01
   1.2499440e+06   3.3630371e+01
   1.2499810e+06   3.3813477e+01
   1.2501580e+06   3.5095215e+01
   1.2503770e+06   3.5949707e+01
   1.2504490e+06   3.5156250e+01
   1.2508680e+06   3.4851074e+01
   1.2511860e+06   3.6560059e+01
   1.2514000e+06   2.0193481e+03
   1.2514150e+06   3.6743164e+01
   1.2520060e+06   3.7963867e+01
   1.2644000e+06   3.8085938e+01
   1.2661960e+06   3.7841797e+01
   1.2735240e+06   3.7170410e+01
   1.2738470e+06   4.3151855e+01
   1.2748650e+06   3.3813477e+01
   1.2749510e+06   3.3874512e+01
   1.2757300e+06   3.4912109e+01
   1.2757660e+06   3.5400391e+01
   1.2759200e+06   4.2236328e+01
   1.2792780e+06   3.8513184e+01
   1.2813450e+06   3.5034180e+01
   1.2891540e+06   3.6193848e+01
   1.2894700e+06   4.5471191e+01
   1.2901860e+06   3.4423828e+01
   1.2904220e+06   3.4667969e+01
   1.2907420e+06   3.4423828e+01
   1.2918330e+06   3.4301758e+01
   1.2919680e+06   3.5949707e+01
   1.3014160e+06   3.9999390e+03
   1.3024380e+06   3.5583496e+01
   1.3047970e+06   3.6376953e+01
   1.3058660e+06   3.5583496e+01
   1.3158100e+06   3.6376953e+01
   1.3159960e+06   3.7414551e+01
   1.3164600e+06   3.4667969e+01
   1.3173750e+06   3.5461426e+01
   1.3330770e+06   3.6560059e+01
   1.3331970e+06   3.4667969e+01
   1.3447720e+06   3.6437988e+01
   1.3461160e+06   3.5522461e+01
   1.3469720e+06   4.5959473e+01
   1.3514300e+06   3.9999390e+03
   1.3515380e+06   4.2358398e+01
   1.3544440e+06   3.6071777e+01
   1.3601930e+06   3.5644531e+01
   1.3607490e+06   3.5888672e+01
   1.3619490e+06   3.4057617e+01
   1.3747450e+06   3.5644531e+01
   1.3771350e+06   3.6010742e+01
   1.3782420e+06   3.4301758e+01
   1.3917940e+06   3.5400391e+01
   1.3930340e+06   3.4667969e+01
   1.4014420e+06   2.0053101e+03
   1.4015390e+06   3.4240723e+01
   1.4087080e+06   3.5400391e+01
   1.4318870e+06   3.4973145e+01
   1.4367900e+06   3.3935547e+01
   1.4371050e+06   3.4912109e+01
   1.4371350e+06   3.8085938e+01
   1.4372050e+06   3.4301758e+01
   1.4372930e+06   3.7780762e+01
   1.4373910e+06   3.4423828e+01
   1.4376450e+06   3.8330078e+01
   1.4378750e+06   3.9550781e+01
   1.4380540e+06   4.1015625e+01
   1.4381480e+06   3.5095215e+01
   1.4393550e+06   3.3691406e+01
   1.4400250e+06   3.5095215e+01
   1.4478460e+06   3.7170410e+01
   1.4514580e+06   3.9999390e+03
   1.4533470e+06   4.0283203e+01
   1.4537200e+06   3.8269043e+01
   1.4579610e+06   3.3813477e+01
   1.4811910e+06   3.4301758e+01
   1.4939280e+06   3.3630371e+01
   1.4978340e+06   3.4179688e+01
   1.4980760e+06   4.1748047e+01
   1.4983840e+06   4.1259766e+01
   1.4985320e+06   3.4729004e+01
   1.4993970e+06   3.7597656e+01
   1.5014700e+06   2.0046997e+03
   1.5100010e+06   3.4545898e+01
   1.5187300e+06   3.3813477e+01
   1.5195690e+06   3.4973145e+01
   1.5317060e+06   3.7109375e+01
   1.5514840e+06   2.0061035e+03
   1.5764190e+06   3.6376953e+01
   1.5813000e+06   3.8879395e+01
   1.5814460e+06   4.1198730e+01
   1.5814760e+06   3.5583496e+01
   1.5817500e+06   3.4790039e+01
   1.5821470e+06   3.9611816e+01
   1.5822380e+06   3.3630371e+01
   1.5826350e+06   3.7841797e+01
   1.5827210e+06   3.6865234e+01
   1.5828790e+06   3.6804199e+01
   1.6014980e+06   2.0086670e+03
   1.6015110e+06   4.5593262e+01
   1.6176640e+06   3.4118652e+01
   1.6498620e+06   3.4301758e+01
   1.6512800e+06   3.3996582e+01
   1.6515140e+06   3.9999390e+03
   1.6565090e+06   3.5339355e+01
   1.6960400e+06   3.8085938e+01
   1.6963560e+06   3.9428711e+01
   1.6964640e+06   3.7353516e+01
   1.6965080e+06   3.7475586e+01
   1.6965320e+06   4.8339844e+01
   1.6966170e+06   3.5949707e+01
   1.6966460e+06   3.6804199e+01
   1.6966770e+06   3.3752441e+01
   1.6966940e+06   3.6071777e+01
   1.6967580e+06   4.3701172e+01
   1.6967840e+06   4.0771484e+01
   1.6967950e+06   4.0893555e+01
   1.6968390e+06   5.6579590e+01
   1.6968740e+06   3.5705566e+01
   1.6969260e+06   4.2419434e+01
   1.6969690e+06   4.3701172e+01
   1.6970000e+06   4.3273926e+01
   1.6970550e+06   4.3334961e+01
   1.6970910e+06   3.8452148e+01
   1.6971240e+06   3.4545898e+01
   1.6971770e+06   4.3212891e+01
   1.6972470e+06   3.5827637e+01
   1.6972680e+06   4.0527344e+01
   1.6972870e+06   4.3701172e+01
   1.6973600e+06   4.4738770e+01
   1.6973720e+06   3.5156250e+01
   1.6974280e+06   4.0039063e+01
   1.6975070e+06   3.4545898e+01
   1.6975170e+06   4.4006348e+01
   1.6975530e+06   3.3874512e+01
   1.6976510e+06   3.3813477e+01
   1.6976880e+06   3.6376953e+01
   1.6977280e+06   4.1198730e+01
   1.6977410e+06   4.1381836e+01
   1.6977670e+06   3.5583496e+01
   1.6978290e+06   3.6743164e+01
   1.6979400e+06   4.4433594e+01
   1.6979600e+06   4.3273926e+01
   1.6981040e+06   4.2480469e+01
   1.6981380e+06   3.6560059e+01
   1.6983070e+06   3.3935547e+01
   1.6983830e+06   4.0100098e+01
   1.6984260e+06   3.4790039e+01
   1.6987460e+06   3.3996582e+01
   1.6990930e+06   3.4667969e+01
   1.6994730e+06   3.8757324e+01
   1.7010140e+06   3.4362793e+01
   1.7015260e+06   2.0123901e+03
   1.7015760e+06   3.4057617e+01
   1.7059510e+06   3.4729004e+01
   1.7484760e+06   3.4729004e+01
   1.7515400e+06   2.0067139e+03
   1.7515520e+06   5.1574707e+01
   1.7515770e+06   3.6010742e+01
   1.7666400e+06   6.1950684e+01
   1.7667890e+06   3.4973145e+01
   1.7668470e+06   3.5217285e+01
   1.7669450e+06   3.6926270e+01
   1.7670220e+06   3.4057617e+01
   1.7670480e+06   3.7719727e+01
   1.7671200e+06   3.9001465e+01
   1.7671440e+06   6.4147949e+01
   1.7671810e+06   4.0771484e+01
   1.7672670e+06   3.5583496e+01
   1.7673440e+06   3.9062500e+01
   1.7673700e+06   3.5095215e+01
   1.7674000e+06   3.4301758e+01
   1.7675320e+06   3.5034180e+01
   1.7675610e+06   3.6499023e+01
   1.7676050e+06   4.2419434e+01
   1.7676320e+06   3.4118652e+01
   1.7677670e+06   4.0527344e+01
   1.7678550e+06   3.7353516e+01
   1.7678850e+06   3.6315918e+01
   1.7679520e+06   3.6804199e+01
   1.7679840e+06   3.4667969e+01
   1.7680260e+06   5.3833008e+01
   1.7682450e+06   4.1137695e+01
   1.7684080e+06   3.4606934e+01
   1.7685420e+06   4.0527344e+01
   1.7685830e+06   4.0405273e+01
   1.7686100e+06   4.0222168e+01
   1.7686360e+06   3.4362793e+01
   1.7686840e+06   3.3813477e+01
   1.7689160e+06   3.5217285e+01
   1.7692910e+06   3.3874512e+01
   1.7695170e+06   3.3935547e+01
   1.7696890e+06   3.9489746e+01
   1.7704970e+06   3.9184570e+01
   1.7749350e+06   3.4423828e+01
   1.8005790e+06   3.5461426e+01
   1.8015540e+06   2.0054321e+03
   1.8024510e+06   3.3691406e+01
   1.8230390e+06   3.5949707e+01
   1.8231110e+06   3.6010742e+01
   1.8233870e+06   4.3823242e+01
   1.8234770e+06   4.0893555e+01
   1.8237340e+06   5.8532715e+01
   1.8238000e+06   3.9123535e+01
   1.8238340e+06   4.1198730e+01
   1.8239990e+06   3.5278320e+01
   1.8240110e+06   3.4362793e+01
   1.8240690e+06   4.0588379e+01
   1.8241300e+06   3.8940430e+01
   1.8241660e+06   3.5400391e+01
   1.8242610e+06   4.0039063e+01
   1.8243960e+06   3.6743164e+01
   1.8244320e+06   3.3813477e+01
   1.8244610e+06   4.0283203e+01
   1.8244920e+06   4.4677734e+01
   1.8247390e+06   3.4851074e+01
   1.8251660e+06   3.3813477e+01
   1.8252100e+06   3.3813477e+01
   1.8254490e+06   3.5156250e+01
   1.8255370e+06   3.7475586e+01
   1.8257370e+06   3.9428711e+01
   1.8258510e+06   3.5461426e+01
   1.8515700e+06   3.9999390e+03
   1.8531820e+06   3.4240723e+01
   1.8634610e+06   3.5705566e+01
   1.8702080e+06   3.6376953e+01
   1.8710720e+06   3.5034180e+01
   1.8714670e+06   5.8898926e+01
   1.8715850e+06   3.5278320e+01
   1.8718790e+06   3.5034180e+01
   1.8718900e+06   4.4982910e+01
   1.8720530e+06   3.5156250e+01
   1.8722070e+06   4.8034668e+01
   1.8722240e+06   3.4179688e+01
   1.8724310e+06   3.7048340e+01
   1.8725730e+06   3.4423828e+01
   1.8726060e+06   3.6254883e+01
   1.8726410e+06   3.6193848e+01
   1.8729210e+06   4.0832520e+01
   1.8730580e+06   3.3935547e+01
   1.8731780e+06   3.9306641e+01
   1.8743090e+06   3.4667969e+01
   1.8746580e+06   3.4118652e+01
   1.8759590e+06   3.5766602e+01
   1.9015840e+06   3.9999390e+03
   1.9278720e+06   3.3691406e+01
   1.9423110e+06   3.4118652e+01
   1.9423800e+06   4.4311523e+01
   1.9426480e+06   3.5400391e+01
   1.9427740e+06   3.4362793e+01
   1.9428550e+06   3.4912109e+01
   1.9429100e+06   4.7729492e+01
   1.9429540e+06   3.6499023e+01
   1.9429770e+06   4.6691895e+01
   1.9429960e+06   3.8024902e+01
   1.9430860e+06   3.6926270e+01
   1.9431670e+06   3.4667969e+01
   1.9433180e+06   4.1809082e+01
   1.9434340e+06   3.8513184e+01
   1.9435420e+06   3.3874512e+01
   1.9435690e+06   4.1809082e+01
   1.9436070e+06   3.7414551e+01
   1.9437310e+06   3.7597656e+01
   1.9437430e+06   3.5339355e+01
   1.9438970e+06   3.6437988e+01
   1.9439890e+06   3.8757324e+01
   1.9444660e+06   3.7292480e+01
   1.9449070e+06   3.3813477e+01
   1.9451730e+06   4.4921875e+01
   1.9451840e+06   3.3935547e+01
   1.9460620e+06   3.4851074e+01
   1.9515980e+06   3.9999390e+03
   1.9516820e+06   3.4790039e+01
   1.9900820e+06   3.4057617e+01
   1.9903930e+06   3.5644531e+01
   1.9905750e+06   3.7414551e+01
   1.9906990e+06   3.4912109e+01
   1.9908150e+06   3.8330078e+01
   1.9910640e+06   3.4484863e+01
   1.9911560e+06   3.5278320e+01
   1.9913570e+06   4.0222168e+01
   1.9916390e+06   3.8574219e+01
   1.9917490e+06   3.3874512e+01
   1.9918420e+06   3.6499023e+01
   1.9919440e+06   3.9245605e+01
   1.9919770e+06   3.6071777e+01
   1.9920480e+06   3.6804199e+01
   1.9921430e+06   3.5217285e+01
   1.9926490e+06   4.7851563e+01
   1.9927990e+06   4.4616699e+01
   1.9985630e+06   3.9916992e+01
   2.0016120e+06   3.9999390e+03
   2.0099730e+06   3.6804199e+01
   2.0123680e+06   3.4790039e+01
   2.0125210e+06   3.6621094e+01
   2.0191430e+06   3.7109375e+01
   2.0327060e+06   3.3752441e+01
   2.0406520e+06   3.4851074e+01
   2.0507290e+06   3.4301758e+01
   2.0516240e+06   2.0077515e+03
   2.0574880e+06   3.5827637e+01
   2.0994630e+06   3.4301758e+01
   2.0999230e+06   3.6621094e+01
   2.0999910e+06   4.7424316e+01
   2.1000780e+06   3.7658691e+01
   2.1001000e+06   3.5095215e+01
   2.1001740e+06   4.4311523e+01
   2.1001990e+06   3.9733887e+01
   2.1002500e+06   3.3996582e+01
   2.1003700e+06   3.5583496e+01
   2.1003840e+06   3.4790039e+01
   2.1004140e+06   3.4606934e+01
   2.1004700e+06   3.4301758e+01
   2.1005690e+06   5.1635742e+01
   2.1006070e+06   4.6325684e+01
   2.1006550e+06   4.3090820e+01
   2.1006850e+06   3.3752441e+01
   2.1007860e+06   3.8024902e+01
   2.1008180e+06   3.5156250e+01
   2.1008390e+06   4.0527344e+01
   2.1008860e+06   3.5705566e+01
   2.1009050e+06   3.5583496e+01
   2.1009240e+06   3.7414551e+01
   2.1009520e+06   4.2846680e+01
   2.1010040e+06   3.5583496e+01
   2.1010930e+06   3.4118652e+01
   2.1011660e+06   3.4606934e+01
   2.1011870e+06   4.1687012e+01
   2.1013330e+06   4.4738770e+01
   2.1014160e+06   3.8696289e+01
   2.1014600e+06   3.3691406e+01
   2.1016380e+06   2.0150757e+03
   2.1016680e+06   4.2480469e+01
   2.1017160e+06   4.5837402e+01
   2.1019430e+06   4.9621582e+01
   2.1020480e+06   3.7231445e+01
   2.1024430e+06   3.6621094e+01
   2.1027400e+06   3.5461426e+01
   2.1034400e+06   4.2053223e+01
   2.1037460e+06   3.3752441e+01
   2.1121190e+06   3.3935547e+01
   2.1369770e+06   3.4729004e+01
   2.1516540e+06   3.9999390e+03
   2.1704890e+06   3.3630371e+01
   2.1710820e+06   3.3874512e+01
   2.1711280e+06   4.1137695e+01
   2.1714000e+06   3.9245605e+01
   2.1714330e+06   3.4118652e+01
   2.1714910e+06   3.6926270e+01
   2.1715300e+06   3.5644531e+01
   2.1715640e+06   4.1992188e+01
   2.1716980e+06   3.6682129e+01
   2.1717580e+06   3.5339355e+01
   2.1718070e+06   3.7170410e+01
   2.1718310e+06   3.4912109e+01
   2.1719190e+06   4.4067383e+01
   2.1721380e+06   3.3630371e+01
   2.1721580e+06   3.6071777e+01
   2.1722390e+06   3.5888672e+01
   2.1722530e+06   3.7170410e+01
   2.1722850e+06   3.6560059e+01
   2.1724050e+06   3.4301758e+01
   2.1724630e+06   3.4179688e+01
   2.1725290e+06   4.8095703e+01
   2.1726460e+06   3.8024902e+01
   2.1727770e+06   3.5339355e+01
   2.1730230e+06   3.9001465e+01
   2.1737290e+06   3.6987305e+01
   2.1738090e+06   3.4362793e+01
   2.2016680e+06   3.9999390e+03
   2.2171730e+06   3.5278320e+01
   2.2203880e+06   3.6315918e+01
   2.2516800e+06   2.0085449e+03
   2.2572070e+06   3.5949707e+01
   2.2582400e+06   3.3630371e+01
   2.2583790e+06   3.5095215e+01
   2.2583910e+06   5.0415039e+01
   2.2585130e+06   3.5705566e+01
   2.2586080e+06   3.8452148e+01
   2.2587300e+06   3.4362793e+01
   2.2587920e+06   3.4423828e+01
   2.2588090e+06   3.6071777e+01
   2.2588420e+06   3.7841797e+01
   2.2589460e+06   3.6987305e+01
   2.2589920e+06   3.6926270e+01
   2.2592100e+06   4.4006348e+01
   2.2592370e+06   3.9001465e+01
   2.2592630e+06   3.5644531e+01
   2.2593370e+06   3.5095215e+01
   2.2593890e+06   3.7536621e+01
   2.2594700e+06   3.6254883e+01
   2.2596170e+06   3.5461426e+01
   2.2597470e+06   3.9123535e+01
   2.2598870e+06   4.1625977e+01
   2.2599880e+06   3.5583496e+01
   2.2600950e+06   3.4912109e+01
   2.2602330e+06   3.4179688e+01
   2.2604540e+06   4.5959473e+01
   2.2604930e+06   4.4006348e+01
   2.2607020e+06   3.4606934e+01
   2.2611610e+06   3.7536621e+01
   2.2620620e+06   3.4301758e+01
   2.2750350e+06   3.4057617e+01
   2.2846300e+06   3.6560059e+01
   2.2948900e+06   3.9550781e+01
   2.3016940e+06   2.0046997e+03
   2.3234610e+06   3.4484863e+01
   2.3299000e+06   3.3996582e+01
   2.3439980e+06   3.7109375e+01
   2.3517100e+06   3.9999390e+03
   2.3517240e+06   3.5522461e+01
   2.3834470e+06   4.2968750e+01
   2.3836150e+06   3.6315918e+01
   2.3836420e+06   7.0312500e+01
   2.3836800e+06   3.3752441e+01
   2.3837290e+06   3.7414551e+01
   2.3838420e+06   3.5888672e+01
   2.3838640e+06   3.7414551e+01
   2.3839770e+06   4.1503906e+01
   2.3840360e+06   3.9550781e+01
   2.3840900e+06   5.5664063e+01
   2.3841240e+06   4.3823242e+01
   2.3842780e+06   3.8146973e+01
   2.3843070e+06   3.6315918e+01
   2.3843830e+06   3.4606934e+01
   2.3844160e+06   3.3630371e+01
   2.3845210e+06   4.3518066e+01
   2.3845340e+06   3.4179688e+01
   2.3845970e+06   4.2053223e+01
   2.3846960e+06   3.8574219e+01
   2.3847120e+06   4.0283203e+01
   2.3847750e+06   3.5827637e+01
   2.3848450e+06   3.4362793e+01
   2.3848680e+06   3.7536621e+01
   2.3849680e+06   3.5095215e+01
   2.3850060e+06   3.6376953e+01
   2.3852290e+06   3.9001465e+01
   2.3854730e+06   3.6682129e+01
   2.4017240e+06   3.9999390e+03
   2.4017350e+06   3.7902832e+01
   2.4153330e+06   3.5888672e+01
   2.4154970e+06   3.9672852e+01
   2.4155700e+06   4.2175293e+01
   2.4157180e+06   3.6682129e+01
   2.4159290e+06   3.6499023e+01
   2.4159780e+06   3.3874512e+01
   2.4163230e+06   3.4423828e+01
   2.4163770e+06   3.4973145e+01
   2.4173160e+06   3.7048340e+01
   2.4342570e+06   4.0771484e+01
   2.4460660e+06   3.5522461e+01
   2.4464170e+06   3.3813477e+01
   2.4464950e+06   3.5339355e+01
   2.4467070e+06   4.2114258e+01
   2.4467290e+06   3.3935547e+01
   2.4467600e+06   3.4973145e+01
   2.4472140e+06   3.4423828e+01
   2.4473130e+06   3.6804199e+01
   2.4475120e+06   3.6682129e+01
   2.4476410e+06   3.6865234e+01
   2.4480590e+06   3.6315918e+01
   2.4485110e+06   3.6376953e+01
   2.4485460e+06   3.7353516e+01
   2.4511460e+06   3.4912109e+01
   2.4517360e+06   2.0122070e+03
   2.4576650e+06   3.3752441e+01
   2.4642290e+06   3.4729004e+01
   2.4807740e+06   3.5522461e+01
   2.4832540e+06   3.4973145e+01
   2.4964760e+06   3.5156250e+01
   2.4966570e+06   3.4973145e+01
   2.4966810e+06   3.4118652e+01
   2.4968000e+06   4.0466309e+01
   2.4969070e+06   3.5949707e+01
   2.4969880e+06   4.0344238e+01
   2.4970620e+06   3.4790039e+01
   2.4972260e+06   3.6682129e+01
   2.4974660e+06   3.3874512e+01
   2.4975300e+06   3.7414551e+01
   2.4975910e+06   3.6621094e+01
   2.4976690e+06   3.3813477e+01
   2.4977060e+06   4.3212891e+01
   2.4977950e+06   3.4423828e+01
   2.4980940e+06   3.3691406e+01
   2.4982040e+06   3.3813477e+01
   2.4982830e+06   5.8166504e+01
   2.4986300e+06   4.0161133e+01
   2.4988510e+06   3.6743164e+01
   2.4989290e+06   3.3935547e+01
   2.4990800e+06   4.5776367e+01
   2.5286020e+06   3.4362793e+01
   2.5348020e+06   3.6254883e+01
   2.5538880e+06   3.3813477e+01
   2.5554090e+06   3.5705566e+01
   2.5614480e+06   4.2297363e+01
   2.5618690e+06   4.4372559e+01
   2.5620030e+06   3.9489746e+01
   2.5620770e+06   3.6376953e+01
   2.5621210e+06   3.4851074e+01
   2.5622210e+06   3.4729004e+01
   2.5623310e+06   5.0903320e+01
   2.5624810e+06   4.2785645e+01
   2.5626360e+06   3.8085938e+01
   2.5627320e+06   3.9855957e+01
   2.5628090e+06   3.4790039e+01
   2.5628850e+06   3.5339355e+01
   2.5629140e+06   3.8024902e+01
   2.5630360e+06   3.9367676e+01
   2.5630680e+06   3.6315918e+01
   2.5631800e+06   3.4912109e+01
   2.5632180e+06   3.9611816e+01
   2.5633490e+06   3.8146973e+01
   2.5634130e+06   4.8767090e+01
   2.5634300e+06   4.4006348e+01
   2.5635390e+06   3.7048340e+01
   2.5667990e+06   4.0161133e+01
   2.6101550e+06   3.5705566e+01
   2.6102370e+06   3.8940430e+01
   2.6106160e+06   3.4240723e+01
   2.6107520e+06   3.7841797e+01
   2.6108280e+06   3.6987305e+01
   2.6110690e+06   3.8024902e+01
   2.6111090e+06   3.9184570e+01
   2.6111930e+06   3.6254883e+01
   2.6112620e+06   3.5766602e+01
   2.6113480e+06   3.7780762e+01
   2.6116910e+06   3.8085938e+01
   2.6117630e+06   4.2358398e+01
   2.6121800e+06   4.0466309e+01
   2.6122080e+06   4.2236328e+01
   2.6124530e+06   3.4423828e+01
   2.6126140e+06   3.7170410e+01
   2.6126450e+06   4.7119141e+01
   2.6127870e+06   3.5339355e+01
   2.6128760e+06   4.3212891e+01
   2.6436550e+06   3.3813477e+01
   2.6453740e+06   3.7170410e+01
   2.6454780e+06   3.5095215e+01
   2.6457520e+06   4.1503906e+01
   2.6458380e+06   3.4667969e+01
   2.6462330e+06   3.4179688e+01
   2.6464020e+06   3.4484863e+01
   2.6466590e+06   3.6804199e+01
   2.6471320e+06   3.9550781e+01
   2.6473230e+06   3.4423828e+01
   2.6474400e+06   4.1259766e+01
   2.6729770e+06   3.7475586e+01
   2.6730510e+06   3.6315918e+01
   2.6735150e+06   3.4729004e+01
   2.6736720e+06   3.5766602e+01
   2.6737630e+06   3.4912109e+01
   2.6740850e+06   3.4057617e+01
   2.6743080e+06   3.3935547e+01
   2.6749680e+06   3.8574219e+01
   2.6751530e+06   3.8146973e+01
   2.6753160e+06   3.6865234e+01
   2.6867010e+06   3.4301758e+01
   2.7332970e+06   3.3996582e+01
   2.7513150e+06   3.4545898e+01
   2.7647560e+06   3.4057617e+01
   2.7652480e+06   4.2785645e+01
   2.7655530e+06   3.8330078e+01
   2.7656550e+06   4.6997070e+01
   2.7657420e+06   3.8208008e+01
   2.7659450e+06   3.7109375e+01
   2.7660260e+06   3.7902832e+01
   2.7662190e+06   3.5461426e+01
   2.7662300e+06   3.3691406e+01
   2.7663390e+06   3.4973145e+01
   2.7664350e+06   4.0649414e+01
   2.7664950e+06   4.2724609e+01
   2.7665360e+06   3.5583496e+01
   2.7665790e+06   4.1381836e+01
   2.7668590e+06   3.6621094e+01
   2.7669560e+06   3.9001465e+01
   2.7670140e+06   3.5827637e+01
   2.7671180e+06   3.6315918e+01
   2.7672270e+06   3.7780762e+01
   2.7677090e+06   3.4484863e+01
   2.7678790e+06   3.4973145e+01
   2.7681810e+06   3.5888672e+01
   2.7684170e+06   3.4423828e+01
   2.7684420e+06   3.7780762e+01
   2.7687360e+06   3.8513184e+01
   2.8035730e+06   4.5043945e+01
   2.8037480e+06   3.3996582e+01
   2.8039680e+06   3.5827637e+01
   2.8044610e+06   4.4860840e+01
   2.8048550e+06   3.5217285e+01
   2.8057030e+06   3.5217285e+01
   2.8121760e+06   3.4973145e+01
   2.8169250e+06   3.3691406e+01
   2.8307730e+06   3.7170410e+01
   2.8318540e+06   3.4301758e+01
   2.8321440e+06   3.7170410e+01
   2.8447150e+06   3.5034180e+01
   2.8927900e+06   3.5522461e+01
   2.9021340e+06   3.6071777e+01
   2.9030580e+06   4.1625977e+01
   2.9038150e+06   3.5644531e+01
   2.9044040e+06   3.5461426e+01
   2.9052550e+06   3.8757324e+01
   2.9055990e+06   3.6499023e+01
   2.9056710e+06   3.5522461e+01
   2.9058190e+06   3.5949707e+01
   2.9059020e+06   3.4790039e+01
   2.9059390e+06   3.6621094e+01
   2.9059970e+06   3.5034180e+01
   2.9060340e+06   3.4912109e+01
   2.9060600e+06   6.1523438e+01
   2.9060760e+06   3.5888672e+01
   2.9060940e+06   3.5705566e+01
   2.9061400e+06   3.6376953e+01
   2.9061660e+06   4.3151855e+01
   2.9062680e+06   3.6743164e+01
   2.9063130e+06   3.5583496e+01
   2.9063490e+06   3.6071777e+01
   2.9064410e+06   4.5166016e+01
   2.9064570e+06   3.6865234e+01
   2.9065010e+06   3.5156250e+01
   2.9065430e+06   3.4851074e+01
   2.9065920e+06   3.8330078e+01
   2.9066220e+06   3.6254883e+01
   2.9066570e+06   3.7292480e+01
   2.9067470e+06   3.8269043e+01
   2.9069200e+06   3.5583496e+01
   2.9071450e+06   3.4240723e+01
   2.9072070e+06   3.4851074e+01
   2.9072320e+06   3.4790039e+01
   2.9073840e+06   3.8391113e+01
   2.9074190e+06   4.6203613e+01
   2.9075010e+06   3.4606934e+01
   2.9075490e+06   3.4851074e+01
   2.9077490e+06   3.6437988e+01
   2.9080030e+06   4.4189453e+01
   2.9082570e+06   3.5217285e+01
   2.9086540e+06   3.7109375e+01
   2.9322700e+06   3.4973145e+01
   2.9458430e+06   3.5522461e+01
   2.9459830e+06   4.3457031e+01
   2.9463260e+06   3.6437988e+01
   2.9464870e+06   3.4118652e+01
   2.9468980e+06   3.7048340e+01
   2.9470620e+06   3.3691406e+01
   2.9472360e+06   3.5888672e+01
   2.9472500e+06   4.9987793e+01
   2.9473350e+06   3.7475586e+01
   2.9915480e+06   3.9245605e+01
   2.9917060e+06   3.9855957e+01
   2.9917440e+06   3.7719727e+01
   2.9922130e+06   3.3935547e+01
   2.9924230e+06   4.3212891e+01
   2.9924500e+06   3.4790039e+01
   2.9925160e+06   4.5532227e+01
   2.9925430e+06   3.7841797e+01
   2.9925860e+06   3.4912109e+01
   2.9927160e+06   4.3334961e+01
   2.9929300e+06   3.7597656e+01
   2.9931990e+06   4.4006348e+01
   2.9932700e+06   3.7231445e+01
   2.9933060e+06   3.5705566e+01
   2.9934270e+06   3.5461426e+01
   2.9936820e+06   3.7048340e+01
   2.9944030e+06   4.1137695e+01
