   2.9990000e+06   0.0000000e+00
   3.5264000e+04   6.2500000e+01
   3.5315000e+04   4.4494629e+01
   3.5335000e+04   5.6518555e+01
   3.5366000e+04   5.1940918e+01
   3.5390000e+04   4.0466309e+01
   3.5489000e+04   5.7617188e+01
   3.5536000e+04   4.8339844e+01
   3.5549000e+04   6.4147949e+01
   3.5594000e+04   4.1259766e+01
   3.5616000e+04   4.1870117e+01
   3.5644000e+04   8.9721680e+01
   3.5664000e+04   6.0668945e+01
   3.5681000e+04   4.8767090e+01
   3.5700000e+04   5.0048828e+01
   3.5739000e+04   5.3161621e+01
   3.5763000e+04   5.1391602e+01
   3.5794000e+04   4.4799805e+01
   3.5869000e+04   5.4260254e+01
   1.0695400e+05   4.2053223e+01
   1.2062100e+05   4.4372559e+01
   1.2067900e+05   5.3161621e+01
   1.2069400e+05   4.0771484e+01
   1.2074400e+05   5.3588867e+01
   1.2079000e+05   4.1076660e+01
   1.2083700e+05   6.3903809e+01
   1.2086000e+05   4.8339844e+01
   1.2087700e+05   3.9733887e+01
   1.2091300e+05   4.5837402e+01
   1.2093200e+05   4.9438477e+01
   1.2095900e+05   7.4218750e+01
   1.2097800e+05   5.5786133e+01
   1.2099100e+05   5.3283691e+01
   1.2102400e+05   6.7443848e+01
   1.2106700e+05   4.6447754e+01
   1.2108800e+05   7.3974609e+01
   1.2111900e+05   3.9794922e+01
   1.2113200e+05   4.6691895e+01
   1.2118700e+05   5.8410645e+01
   1.2131700e+05   4.0466309e+01
   1.2209700e+05   3.9978027e+01
   1.5162000e+05   5.6091309e+01
   1.5164400e+05   4.1809082e+01
   1.5167300e+05   7.2814941e+01
   1.5168800e+05   4.9194336e+01
   1.5173300e+05   4.2968750e+01
   1.5177600e+05   4.4372559e+01
   1.5180200e+05   6.7932129e+01
   1.5181300e+05   4.4128418e+01
   1.5184600e+05   8.5510254e+01
   1.5190000e+05   5.0964355e+01
   1.5191500e+05   6.3110352e+01
   1.5195500e+05   4.8645020e+01
   1.5197300e+05   6.0119629e+01
   1.5205400e+05   6.9946289e+01
   1.5235800e+05   4.0222168e+01
   1.7523500e+05   3.9550781e+01
   1.7525300e+05   4.1564941e+01
   1.7528600e+05   5.0415039e+01
   1.7531400e+05   4.0283203e+01
   1.7537600e+05   6.3537598e+01
   1.7541200e+05   5.1208496e+01
   1.7543600e+05   5.2062988e+01
   1.7545400e+05   5.8654785e+01
   1.7548300e+05   4.6203613e+01
   1.7553100e+05   4.0527344e+01
   1.7555000e+05   4.6569824e+01
   1.7558000e+05   4.5898438e+01
   1.7562400e+05   4.8400879e+01
   1.7566500e+05   4.1076660e+01
   1.7568800e+05   4.0893555e+01
   1.7587600e+05   4.1015625e+01
   1.7593800e+05   4.1259766e+01
   1.7603000e+05   3.9733887e+01
   1.9739600e+05   6.5246582e+01
   1.9743300e+05   4.6325684e+01
   1.9747500e+05   5.0231934e+01
   1.9750200e+05   6.5856934e+01
   1.9755000e+05   4.3701172e+01
   1.9757300e+05   4.1137695e+01
   1.9758400e+05   5.3100586e+01
   1.9762200e+05   4.9194336e+01
   1.9764400e+05   5.5419922e+01
   1.9765900e+05   4.5288086e+01
   1.9768700e+05   4.3273926e+01
   1.9772000e+05   4.5654297e+01
   1.9774700e+05   4.6020508e+01
   1.9777900e+05   4.0771484e+01
   1.9779300e+05   4.5776367e+01
   1.9782500e+05   5.7434082e+01
   1.9789000e+05   4.1748047e+01
   1.9841100e+05   4.1137695e+01
   1.9919000e+05   4.1076660e+01
   2.1616900e+05   4.6386719e+01
   2.1618600e+05   4.5837402e+01
   2.1623800e+05   6.3720703e+01
   2.1624800e+05   5.9020996e+01
   2.1631900e+05   7.6049805e+01
   2.1633600e+05   6.4819336e+01
   2.1636500e+05   4.1870117e+01
   2.1640900e+05   6.3903809e+01
   2.1642700e+05   4.3884277e+01
   2.1646100e+05   4.2114258e+01
   2.1649200e+05   4.1503906e+01
   2.1655500e+05   4.3273926e+01
   2.1657000e+05   4.9621582e+01
   2.1661500e+05   4.0771484e+01
   2.1669200e+05   4.2846680e+01
   2.1676100e+05   4.1381836e+01
   2.1690300e+05   4.1015625e+01
   2.1799900e+05   4.1992188e+01
   2.1822800e+05   4.0649414e+01
   2.2894600e+05   5.0415039e+01
   2.2905400e+05   5.8044434e+01
   2.2907500e+05   4.9011230e+01
   2.2908900e+05   4.6081543e+01
   2.2911600e+05   4.0771484e+01
   2.2914400e+05   5.9753418e+01
   2.2916100e+05   5.9631348e+01
   2.2920400e+05   4.0283203e+01
   2.2921900e+05   6.9702148e+01
   2.2924900e+05   4.3334961e+01
   2.2929100e+05   4.3029785e+01
   2.2932200e+05   5.7983398e+01
   2.2937900e+05   4.6691895e+01
   2.2940600e+05   4.2968750e+01
   2.2959000e+05   4.1076660e+01
   2.3028400e+05   4.0893555e+01
   2.3065400e+05   4.6936035e+01
   2.3100000e+05   4.0100098e+01
   2.4490700e+05   5.0476074e+01
   2.4498100e+05   4.5837402e+01
   2.4500900e+05   4.0832520e+01
   2.4505200e+05   4.0527344e+01
   2.4508100e+05   4.7668457e+01
   2.4511100e+05   4.4433594e+01
   2.4514100e+05   4.1564941e+01
   2.4517600e+05   4.7668457e+01
   2.4519600e+05   4.7180176e+01
   2.4525600e+05   5.1635742e+01
   2.4533900e+05   5.1452637e+01
   2.4536200e+05   4.0771484e+01
   2.4550500e+05   4.7241211e+01
   2.4598000e+05   4.2602539e+01
   2.4659300e+05   4.0771484e+01
   2.4673800e+05   4.1442871e+01
   2.5750200e+05   4.1076660e+01
   2.5758500e+05   5.7556152e+01
   2.5764800e+05   4.6142578e+01
   2.5768200e+05   6.7260742e+01
   2.5770600e+05   4.5471191e+01
   2.5771700e+05   4.1259766e+01
   2.5775400e+05   4.5715332e+01
   2.5779600e+05   5.2490234e+01
   2.5788700e+05   5.3405762e+01
   2.5796300e+05   5.0231934e+01
   2.5806100e+05   5.5358887e+01
   2.5808200e+05   5.4260254e+01
   2.5811200e+05   4.0344238e+01
   2.5820400e+05   4.0588379e+01
   2.5943100e+05   4.1015625e+01
   2.6050000e+05   4.1381836e+01
   2.7236600e+05   3.9428711e+01
   2.7238000e+05   5.8227539e+01
   2.7243700e+05   4.2480469e+01
   2.7247800e+05   4.0588379e+01
   2.7249800e+05   8.4655762e+01
   2.7252500e+05   5.3588867e+01
   2.7256200e+05   3.9978027e+01
   2.7260200e+05   5.1574707e+01
   2.7265900e+05   4.2358398e+01
   2.7268300e+05   6.0119629e+01
   2.7275800e+05   5.4809570e+01
   2.7283700e+05   4.1259766e+01
   2.7287400e+05   5.5297852e+01
   2.7298100e+05   5.4382324e+01
   2.7371700e+05   4.0405273e+01
   2.7455800e+05   5.2856445e+01
   2.8496000e+05   4.4250488e+01
   2.8502400e+05   5.4748535e+01
   2.8508500e+05   5.6152344e+01
   2.8512600e+05   6.4147949e+01
   2.8514400e+05   4.3090820e+01
   2.8516700e+05   4.0954590e+01
   2.8522400e+05   6.2377930e+01
   2.8525500e+05   6.4331055e+01
   2.8530800e+05   4.9255371e+01
   2.8532900e+05   4.7180176e+01
   2.8536100e+05   7.0800781e+01
   2.8547400e+05   4.8339844e+01
   2.8552600e+05   4.7241211e+01
   2.8563600e+05   4.2968750e+01
   2.8607500e+05   4.3029785e+01
   2.8651900e+05   4.0466309e+01
   2.8665500e+05   3.9916992e+01
   2.8735200e+05   4.6081543e+01
   2.9692900e+05   4.6630859e+01
   2.9694000e+05   5.2612305e+01
   2.9698200e+05   4.6752930e+01
   2.9699600e+05   8.3435059e+01
   2.9703900e+05   6.4453125e+01
   2.9704900e+05   4.8950195e+01
   2.9710400e+05   4.2602539e+01
   2.9721200e+05   4.9743652e+01
   2.9723200e+05   4.2480469e+01
   2.9726000e+05   4.4006348e+01
   2.9737700e+05   4.5837402e+01
   2.9758000e+05   3.9672852e+01
   2.9775300e+05   4.2236328e+01
   2.9819200e+05   4.6936035e+01
   2.9949300e+05   4.0893555e+01
   3.0919600e+05   4.2419434e+01
   3.0924500e+05   4.7119141e+01
   3.0929700e+05   5.3222656e+01
   3.0933300e+05   4.0649414e+01
   3.0935300e+05   8.1787109e+01
   3.0938200e+05   4.1442871e+01
   3.0943200e+05   4.0405273e+01
   3.0944300e+05   6.1828613e+01
   3.0951300e+05   4.5104980e+01
   3.0955400e+05   6.1462402e+01
   3.0960100e+05   4.0588379e+01
   3.0964100e+05   4.3151855e+01
   3.0967000e+05   4.9133301e+01
   3.0983500e+05   4.4311523e+01
   3.1032200e+05   4.6813965e+01
   3.1065400e+05   4.0893555e+01
   3.1153700e+05   4.1320801e+01
   3.1993900e+05   4.8889160e+01
   3.1999200e+05   4.6752930e+01
   3.2006900e+05   7.3913574e+01
   3.2014900e+05   4.4677734e+01
   3.2021100e+05   5.8044434e+01
   3.2022500e+05   4.0039063e+01
   3.2028500e+05   4.0527344e+01
   3.2032700e+05   5.6274414e+01
   3.2046700e+05   5.6884766e+01
   3.2063000e+05   5.3222656e+01
   3.2167000e+05   3.9855957e+01
   3.2182800e+05   3.9489746e+01
   3.2262800e+05   4.2236328e+01
   3.3365900e+05   4.7790527e+01
   3.3369700e+05   4.7546387e+01
   3.3373100e+05   4.1076660e+01
   3.3376200e+05   4.8095703e+01
   3.3379200e+05   7.1411133e+01
   3.3383400e+05   4.1687012e+01
   3.3386100e+05   5.0109863e+01
   3.3388700e+05   4.1931152e+01
   3.3394000e+05   6.0180664e+01
   3.3408900e+05   5.6457520e+01
   3.3431700e+05   4.8645020e+01
   3.3437600e+05   4.0527344e+01
   3.3512500e+05   4.1687012e+01
   3.3573500e+05   4.0649414e+01
   3.4372100e+05   5.2368164e+01
   3.4377600e+05   4.8400879e+01
   3.4382800e+05   6.3598633e+01
   3.4384000e+05   4.4250488e+01
   3.4389600e+05   3.9672852e+01
   3.4392600e+05   5.2124023e+01
   3.4400400e+05   4.3518066e+01
   3.4401800e+05   4.8828125e+01
   3.4411300e+05   5.4443359e+01
   3.4429700e+05   4.9560547e+01
   3.4499800e+05   4.3273926e+01
   3.4523600e+05   3.9428711e+01
   3.4664900e+05   4.0039063e+01
   3.4675400e+05   5.0170898e+01
   3.4976200e+05   6.5002441e+01
   3.4978000e+05   4.9987793e+01
   3.4980000e+05   3.9672852e+01
   3.4997000e+05   4.2297363e+01
   3.5001700e+05   4.0893555e+01
   3.5033700e+05   4.0649414e+01
   3.5104400e+05   3.9611816e+01
   3.5136000e+05   4.1198730e+01
   3.5798000e+05   4.6936035e+01
   3.5800100e+05   4.5959473e+01
   3.5803700e+05   4.1931152e+01
   3.5808800e+05   5.5236816e+01
   3.5813700e+05   3.9550781e+01
   3.5817800e+05   4.5837402e+01
   3.5819800e+05   4.7607422e+01
   3.5821900e+05   4.1076660e+01
   3.5830000e+05   6.7504883e+01
   3.5840600e+05   5.5969238e+01
   3.5850000e+05   4.2114258e+01
   3.5930000e+05   4.3518066e+01
   3.6528500e+05   4.6081543e+01
   3.6529600e+05   3.9733887e+01
   3.6531200e+05   4.4433594e+01
   3.6532400e+05   5.2124023e+01
   3.6534700e+05   4.4982910e+01
   3.6554200e+05   6.0546875e+01
   3.6571000e+05   5.7189941e+01
   3.6587700e+05   4.0039063e+01
   3.6670200e+05   4.2968750e+01
   3.6744400e+05   4.5715332e+01
   3.7707100e+05   5.3222656e+01
   3.7710200e+05   4.6508789e+01
   3.7714900e+05   4.3029785e+01
   3.7718100e+05   5.6396484e+01
   3.7721300e+05   4.2175293e+01
   3.7729100e+05   5.5969238e+01
   3.7740800e+05   4.0222168e+01
   3.7743000e+05   6.6406250e+01
   3.7757600e+05   5.8288574e+01
   3.8953900e+05   5.0842285e+01
   3.8957700e+05   4.1870117e+01
   3.8959200e+05   4.3640137e+01
   3.8966200e+05   4.3884277e+01
   3.8972300e+05   4.1137695e+01
   3.8975400e+05   5.7067871e+01
   3.8988000e+05   5.7556152e+01
   3.9002800e+05   6.4697266e+01
   3.9092100e+05   4.4433594e+01
   3.9126600e+05   3.9978027e+01
   4.0240300e+05   4.4067383e+01
   4.0245500e+05   4.1320801e+01
   4.0253200e+05   4.3640137e+01
   4.0257400e+05   5.4443359e+01
   4.0259900e+05   4.2846680e+01
   4.0262800e+05   7.0983887e+01
   4.0276600e+05   7.7270508e+01
   4.0294900e+05   7.3120117e+01
   4.0314500e+05   3.9428711e+01
   4.1746400e+05   7.0556641e+01
   4.1749500e+05   5.3527832e+01
   4.1757800e+05   4.2480469e+01
   4.1766700e+05   4.4067383e+01
   4.1768600e+05   6.3659668e+01
   4.1778700e+05   4.2846680e+01
   4.1781900e+05   6.0729980e+01
   4.1789900e+05   4.4372559e+01
   4.1801200e+05   4.9194336e+01
   4.1836700e+05   3.9550781e+01
   4.1901200e+05   3.9916992e+01
   4.1931000e+05   4.0344238e+01
   4.1949900e+05   4.2480469e+01
   4.3884600e+05   4.1748047e+01
   4.3889900e+05   5.1025391e+01
   4.3896300e+05   4.6813965e+01
   4.3898700e+05   4.2175293e+01
   4.3900600e+05   3.9489746e+01
   4.3911300e+05   5.1574707e+01
   4.3922800e+05   6.0546875e+01
   4.3930300e+05   4.5104980e+01
   4.3935000e+05   5.1513672e+01
   4.4071500e+05   4.2053223e+01
   6.0504300e+05   2.0072021e+03
   6.0602300e+05   3.9978027e+01
   6.0609900e+05   4.7729492e+01
   6.0616300e+05   4.7302246e+01
   6.0621600e+05   4.2419434e+01
   6.0624300e+05   4.1381836e+01
   6.0629400e+05   4.0100098e+01
   6.0633100e+05   4.1931152e+01
   6.0635000e+05   4.8217773e+01
   6.0638800e+05   4.9621582e+01
   6.0643200e+05   4.1198730e+01
   6.0644700e+05   6.4819336e+01
   6.0646400e+05   4.1870117e+01
   6.0648700e+05   4.0466309e+01
   6.0654900e+05   6.6406250e+01
   6.0660000e+05   4.6569824e+01
   6.0669700e+05   7.2143555e+01
   6.0705700e+05   6.2133789e+01
   6.5505700e+05   2.0092163e+03
   6.5622800e+05   4.0283203e+01
   6.5636500e+05   4.7363281e+01
   6.5649500e+05   5.3344727e+01
   6.5651200e+05   4.0222168e+01
   6.5658800e+05   4.4311523e+01
   6.5660700e+05   5.2307129e+01
   6.5665300e+05   4.6447754e+01
   6.5668800e+05   5.0109863e+01
   6.5671100e+05   4.4189453e+01
   6.5677900e+05   4.2358398e+01
   6.5687200e+05   9.2163086e+01
   6.5688500e+05   4.1809082e+01
   6.5699300e+05   7.2082520e+01
   6.5711300e+05   4.0588379e+01
   6.5720500e+05   4.1748047e+01
   6.5745700e+05   4.7302246e+01
   7.0507100e+05   2.0090332e+03
   7.0508300e+05   4.2114258e+01
   7.5508500e+05   2.0052490e+03
   8.0509900e+05   2.0094604e+03
   8.0791400e+05   5.9326172e+01
   8.0948100e+05   3.9855957e+01
   8.5511500e+05   3.9999390e+03
   8.7911500e+05   3.9855957e+01
   9.0512900e+05   3.9999390e+03
   9.1479700e+05   5.3161621e+01
   9.1749300e+05   5.4321289e+01
   9.1754200e+05   3.9916992e+01
   9.2894300e+05   5.7128906e+01
   9.5514100e+05   2.0071411e+03
   9.5515200e+05   4.3640137e+01
   9.6148900e+05   5.3588867e+01
   1.0051570e+06   3.9999390e+03
   1.0551690e+06   2.0123901e+03
   1.0551800e+06   4.3579102e+01
   1.0600670e+06   5.9326172e+01
   1.0604410e+06   4.7546387e+01
   1.0924360e+06   3.9550781e+01
   1.0926150e+06   4.0466309e+01
   1.0982570e+06   5.1269531e+01
   1.1051830e+06   2.0092773e+03
   1.1061870e+06   4.2785645e+01
   1.1085910e+06   5.3100586e+01
   1.1161270e+06   3.9672852e+01
   1.1551990e+06   3.9999390e+03
   1.1607930e+06   5.2612305e+01
   1.1630840e+06   5.0659180e+01
   1.1642310e+06   4.8095703e+01
   1.2052110e+06   2.0123901e+03
   1.2097400e+06   4.7180176e+01
   1.2496480e+06   6.0180664e+01
   1.2496980e+06   4.9133301e+01
   1.2497360e+06   4.7363281e+01
   1.2498140e+06   5.3405762e+01
   1.2498370e+06   4.0466309e+01
   1.2498900e+06   4.0954590e+01
   1.2499240e+06   3.9611816e+01
   1.2499880e+06   5.5297852e+01
   1.2500120e+06   5.2978516e+01
   1.2500380e+06   4.4860840e+01
   1.2501180e+06   6.0546875e+01
   1.2501680e+06   4.6936035e+01
   1.2502380e+06   4.1625977e+01
   1.2503220e+06   4.0954590e+01
   1.2503870e+06   4.3029785e+01
   1.2504030e+06   4.6020508e+01
   1.2504330e+06   5.0231934e+01
   1.2504700e+06   3.9733887e+01
   1.2506760e+06   4.7180176e+01
   1.2506950e+06   4.0039063e+01
   1.2552270e+06   3.9999390e+03
   1.3052390e+06   2.0076294e+03
   1.3057850e+06   3.9978027e+01
   1.3058530e+06   4.1137695e+01
   1.3058860e+06   4.0588379e+01
   1.3059290e+06   4.2358398e+01
   1.3059460e+06   3.9733887e+01
   1.3059830e+06   6.6040039e+01
   1.3059940e+06   4.2785645e+01
   1.3060160e+06   5.4504395e+01
   1.3060430e+06   7.1166992e+01
   1.3060650e+06   6.0119629e+01
   1.3060990e+06   7.3486328e+01
   1.3061600e+06   3.9611816e+01
   1.3061830e+06   4.3884277e+01
   1.3062230e+06   4.6264648e+01
   1.3065480e+06   4.8583984e+01
   1.3066020e+06   4.5654297e+01
   1.3552530e+06   2.0103149e+03
   1.3556420e+06   4.4067383e+01
   1.3557080e+06   3.9794922e+01
   1.3557250e+06   6.6589355e+01
   1.3557750e+06   4.3945313e+01
   1.3558160e+06   5.1147461e+01
   1.3558370e+06   5.2917480e+01
   1.3558660e+06   4.7973633e+01
   1.3558800e+06   4.6020508e+01
   1.3559030e+06   6.1035156e+01
   1.3559230e+06   4.4555664e+01
   1.3559350e+06   4.7668457e+01
   1.3559510e+06   5.6884766e+01
   1.3560020e+06   5.7006836e+01
   1.3560520e+06   4.0954590e+01
   1.3561130e+06   4.0039063e+01
   1.3561600e+06   4.1564941e+01
   1.3570490e+06   4.0954590e+01
   1.3854810e+06   4.0039063e+01
   1.4052690e+06   3.9999390e+03
   1.4054340e+06   3.9978027e+01
   1.4056400e+06   7.2631836e+01
   1.4056620e+06   4.7546387e+01
   1.4056800e+06   6.1340332e+01
   1.4056980e+06   4.4067383e+01
   1.4057220e+06   6.6345215e+01
   1.4057520e+06   8.4716797e+01
   1.4057890e+06   5.1574707e+01
   1.4058150e+06   5.3100586e+01
   1.4058370e+06   4.5043945e+01
   1.4058490e+06   8.9416504e+01
   1.4058890e+06   4.3151855e+01
   1.4059120e+06   6.5673828e+01
   1.4059970e+06   4.1992188e+01
   1.4061570e+06   4.7424316e+01
   1.4070810e+06   3.9672852e+01
   1.4272980e+06   5.1269531e+01
   1.4273100e+06   4.0344238e+01
   1.4273450e+06   4.9194336e+01
   1.4274080e+06   6.4514160e+01
   1.4274540e+06   5.0170898e+01
   1.4274960e+06   6.6406250e+01
   1.4275060e+06   4.8767090e+01
   1.4275350e+06   5.3833008e+01
   1.4275850e+06   7.6416016e+01
   1.4276440e+06   5.3283691e+01
   1.4277060e+06   4.8034668e+01
   1.4277720e+06   4.0405273e+01
   1.4278190e+06   4.7668457e+01
   1.4278430e+06   4.0405273e+01
   1.4278810e+06   3.9550781e+01
   1.4290610e+06   3.9550781e+01
   1.4472880e+06   6.3293457e+01
   1.4473170e+06   4.2480469e+01
   1.4473380e+06   4.0893555e+01
   1.4473880e+06   4.1076660e+01
   1.4474310e+06   5.3161621e+01
   1.4474560e+06   7.3852539e+01
   1.4474760e+06   4.8095703e+01
   1.4474930e+06   4.7485352e+01
   1.4475340e+06   4.0954590e+01
   1.4475450e+06   5.6213379e+01
   1.4475720e+06   5.2307129e+01
   1.4476090e+06   4.2968750e+01
   1.4476330e+06   4.5776367e+01
   1.4476590e+06   5.6396484e+01
   1.4477150e+06   4.2175293e+01
   1.4477540e+06   4.3884277e+01
   1.4478220e+06   4.9743652e+01
   1.4479980e+06   4.0344238e+01
   1.4483200e+06   4.4921875e+01
   1.4493660e+06   4.3579102e+01
   1.4495570e+06   4.4250488e+01
   1.4552830e+06   3.9999390e+03
   1.4558480e+06   4.2175293e+01
   1.4559060e+06   4.6447754e+01
   1.4559350e+06   5.2185059e+01
   1.4559750e+06   6.3476563e+01
   1.4559960e+06   4.1320801e+01
   1.4560130e+06   4.8767090e+01
   1.4560450e+06   4.4738770e+01
   1.4560570e+06   4.5471191e+01
   1.4560720e+06   5.7983398e+01
   1.4561500e+06   4.1137695e+01
   1.4561630e+06   4.6752930e+01
   1.4561880e+06   4.1809082e+01
   1.4562310e+06   4.7241211e+01
   1.4562560e+06   4.6936035e+01
   1.4563230e+06   4.1992188e+01
   1.4564050e+06   4.3029785e+01
   1.4566820e+06   4.0588379e+01
   1.4577740e+06   4.3640137e+01
   1.4795380e+06   4.5776367e+01
   1.4795770e+06   4.9316406e+01
   1.4796090e+06   5.2856445e+01
   1.4796350e+06   5.7617188e+01
   1.4796610e+06   6.1096191e+01
   1.4796870e+06   4.5288086e+01
   1.4797490e+06   7.2387695e+01
   1.4797670e+06   4.6447754e+01
   1.4798100e+06   6.0058594e+01
   1.4798850e+06   4.4799805e+01
   1.4799140e+06   4.1320801e+01
   1.4799670e+06   4.5104980e+01
   1.4800830e+06   4.5166016e+01
   1.4801040e+06   3.9550781e+01
   1.4801270e+06   3.9428711e+01
   1.4801970e+06   4.1809082e+01
   1.4812860e+06   3.9550781e+01
   1.4819560e+06   4.3762207e+01
   1.4997330e+06   7.8918457e+01
   1.4997540e+06   4.3395996e+01
   1.4997710e+06   4.5227051e+01
   1.4997840e+06   5.3100586e+01
   1.4998450e+06   4.2236328e+01
   1.4998580e+06   6.7443848e+01
   1.4998800e+06   3.9550781e+01
   1.4999040e+06   4.8645020e+01
   1.4999570e+06   7.0617676e+01
   1.4999810e+06   4.8034668e+01
   1.5000240e+06   4.7729492e+01
   1.5000430e+06   5.3283691e+01
   1.5000590e+06   4.3090820e+01
   1.5000920e+06   4.1137695e+01
   1.5001040e+06   4.6752930e+01
   1.5001340e+06   4.8583984e+01
   1.5002380e+06   4.1503906e+01
   1.5003500e+06   4.8278809e+01
   1.5010760e+06   4.2724609e+01
   1.5013280e+06   3.9611816e+01
   1.5018760e+06   4.0527344e+01
   1.5020750e+06   4.3945313e+01
   1.5023230e+06   4.2663574e+01
   1.5052950e+06   2.0140381e+03
   1.5074730e+06   4.6020508e+01
   1.5074830e+06   5.6396484e+01
   1.5075410e+06   4.0161133e+01
   1.5075710e+06   6.1340332e+01
   1.5076440e+06   9.2651367e+01
   1.5076600e+06   4.1564941e+01
   1.5076860e+06   4.9865723e+01
   1.5077570e+06   5.7983398e+01
   1.5078870e+06   5.3222656e+01
   1.5080520e+06   5.3222656e+01
   1.5081320e+06   4.1442871e+01
   1.5081870e+06   6.3049316e+01
   1.5099550e+06   4.9499512e+01
   1.5230420e+06   5.6823730e+01
   1.5230720e+06   4.8950195e+01
   1.5230880e+06   5.9875488e+01
   1.5231200e+06   3.9978027e+01
   1.5231470e+06   6.9763184e+01
   1.5231690e+06   3.9916992e+01
   1.5231900e+06   4.0710449e+01
   1.5232130e+06   4.6691895e+01
   1.5232530e+06   7.8369141e+01
   1.5232650e+06   5.0537109e+01
   1.5233390e+06   4.2236328e+01
   1.5233700e+06   6.3049316e+01
   1.5234030e+06   4.7485352e+01
   1.5234400e+06   4.7119141e+01
   1.5235240e+06   5.7739258e+01
   1.5236700e+06   5.3894043e+01
   1.5250950e+06   4.3395996e+01
   1.5553110e+06   3.9999390e+03
   1.5555220e+06   5.1513672e+01
   1.5555410e+06   4.2053223e+01
   1.5555750e+06   4.2114258e+01
   1.5555960e+06   4.0161133e+01
   1.5556240e+06   5.2062988e+01
   1.5556650e+06   7.9956055e+01
   1.5557620e+06   5.3527832e+01
   1.5558390e+06   5.3710938e+01
   1.5559070e+06   4.5532227e+01
   1.5559400e+06   4.4250488e+01
   1.5560280e+06   4.4311523e+01
   1.5560620e+06   4.1381836e+01
   1.5579190e+06   4.0771484e+01
   1.6053230e+06   2.0074463e+03
   1.6056010e+06   4.9255371e+01
   1.6056200e+06   5.6213379e+01
   1.6056430e+06   5.4077148e+01
   1.6056770e+06   4.5532227e+01
   1.6057000e+06   6.2683105e+01
   1.6057410e+06   4.5776367e+01
   1.6057520e+06   3.9916992e+01
   1.6057720e+06   6.2988281e+01
   1.6058000e+06   4.2968750e+01
   1.6058300e+06   5.4687500e+01
   1.6059040e+06   6.0241699e+01
   1.6059680e+06   4.5654297e+01
   1.6060300e+06   5.0476074e+01
   1.6063450e+06   4.5898438e+01
   1.6066220e+06   4.3701172e+01
   1.6090020e+06   4.1503906e+01
   1.6092630e+06   4.2114258e+01
   1.6553370e+06   2.0119019e+03
   1.6556220e+06   4.2785645e+01
   1.6556320e+06   6.1157227e+01
   1.6556910e+06   4.3395996e+01
   1.6557160e+06   4.0100098e+01
   1.6557450e+06   5.7922363e+01
   1.6557740e+06   4.7729492e+01
   1.6558010e+06   4.1015625e+01
   1.6558130e+06   6.2622070e+01
   1.6558300e+06   4.4738770e+01
   1.6558820e+06   5.3222656e+01
   1.6558980e+06   6.1706543e+01
   1.6559540e+06   4.9560547e+01
   1.6560030e+06   4.1687012e+01
   1.6560330e+06   4.7790527e+01
   1.6560760e+06   5.4138184e+01
   1.6560900e+06   4.5837402e+01
   1.6561770e+06   4.2053223e+01
   1.6562890e+06   4.4067383e+01
   1.6563830e+06   4.0893555e+01
   1.6565840e+06   4.7729492e+01
   1.6566160e+06   4.0161133e+01
   1.6569280e+06   4.0222168e+01
   1.6575960e+06   4.4067383e+01
   1.6590350e+06   3.9611816e+01
   1.7053510e+06   2.0079346e+03
   1.7056690e+06   6.5734863e+01
   1.7057150e+06   5.0781250e+01
   1.7057430e+06   4.1381836e+01
   1.7057680e+06   5.5725098e+01
   1.7057880e+06   4.3334961e+01
   1.7058170e+06   4.1442871e+01
   1.7058580e+06   4.2968750e+01
   1.7058870e+06   5.0964355e+01
   1.7059040e+06   4.6569824e+01
   1.7059300e+06   4.5776367e+01
   1.7059730e+06   6.3598633e+01
   1.7060390e+06   4.7119141e+01
   1.7060790e+06   3.9794922e+01
   1.7061280e+06   4.2968750e+01
   1.7061890e+06   5.1635742e+01
   1.7062550e+06   4.2236328e+01
   1.7062760e+06   4.2907715e+01
   1.7063510e+06   4.1076660e+01
   1.7065460e+06   4.6813965e+01
   1.7066510e+06   4.0588379e+01
   1.7073890e+06   4.0710449e+01
   1.7078390e+06   5.2551270e+01
   1.7080320e+06   4.2541504e+01
   1.7085830e+06   3.9978027e+01
   1.7090040e+06   4.6875000e+01
   1.7446630e+06   4.3334961e+01
   1.7446780e+06   4.3395996e+01
   1.7447240e+06   4.2236328e+01
   1.7447460e+06   4.1198730e+01
   1.7447870e+06   4.7790527e+01
   1.7448040e+06   4.0527344e+01
   1.7448150e+06   6.3842773e+01
   1.7448340e+06   4.2297363e+01
   1.7448530e+06   6.1584473e+01
   1.7448820e+06   4.8645020e+01
   1.7449010e+06   4.6569824e+01
   1.7449390e+06   5.1818848e+01
   1.7449580e+06   4.9011230e+01
   1.7449960e+06   5.9753418e+01
   1.7450160e+06   4.6020508e+01
   1.7450550e+06   4.3457031e+01
   1.7450710e+06   4.0283203e+01
   1.7451260e+06   4.1015625e+01
   1.7451910e+06   4.2358398e+01
   1.7453140e+06   3.9794922e+01
   1.7454770e+06   4.8828125e+01
   1.7455870e+06   4.9377441e+01
   1.7471750e+06   3.9672852e+01
   1.7553650e+06   2.0070190e+03
   1.7554590e+06   4.0771484e+01
   1.7556630e+06   4.4494629e+01
   1.7557280e+06   7.5988770e+01
   1.7557910e+06   4.3579102e+01
   1.7558020e+06   6.5490723e+01
   1.7558840e+06   4.4860840e+01
   1.7559070e+06   6.3171387e+01
   1.7559570e+06   4.4372559e+01
   1.7559890e+06   6.2072754e+01
   1.7561640e+06   3.9428711e+01
   1.7562040e+06   4.1992188e+01
   1.7563690e+06   4.1259766e+01
   1.7564910e+06   3.9978027e+01
   1.7570230e+06   4.1625977e+01
   1.7570870e+06   3.9611816e+01
   1.7573680e+06   4.0161133e+01
   1.7578010e+06   4.2480469e+01
   1.7582720e+06   4.2724609e+01
   1.7991110e+06   5.7189941e+01
   1.7991350e+06   4.3762207e+01
   1.7991680e+06   6.4819336e+01
   1.7991790e+06   5.3100586e+01
   1.7992120e+06   3.9672852e+01
   1.7992340e+06   6.9885254e+01
   1.7992720e+06   4.4189453e+01
   1.7993230e+06   4.2907715e+01
   1.7993360e+06   6.8481445e+01
   1.7993900e+06   4.1931152e+01
   1.7994320e+06   6.7199707e+01
   1.7994920e+06   4.4921875e+01
   1.7995040e+06   4.9926758e+01
   1.7995880e+06   3.9489746e+01
   1.7997370e+06   4.0466309e+01
   1.8001150e+06   4.5349121e+01
   1.8010250e+06   4.6630859e+01
   1.8013090e+06   4.1015625e+01
   1.8013520e+06   3.9978027e+01
   1.8017800e+06   4.4616699e+01
   1.8053810e+06   2.0112915e+03
   1.8061350e+06   4.2358398e+01
   1.8061460e+06   5.0842285e+01
   1.8061890e+06   3.9611816e+01
   1.8062230e+06   4.4982910e+01
   1.8062990e+06   4.5471191e+01
   1.8063500e+06   3.9672852e+01
   1.8063870e+06   4.1015625e+01
   1.8064780e+06   5.0048828e+01
   1.8065550e+06   5.7678223e+01
   1.8066060e+06   6.2438965e+01
   1.8066550e+06   4.0954590e+01
   1.8067970e+06   3.9428711e+01
   1.8075520e+06   4.0466309e+01
   1.8080190e+06   4.0710449e+01
   1.8081840e+06   4.2358398e+01
   1.8083890e+06   4.3945313e+01
   1.8089280e+06   4.3579102e+01
   1.8553950e+06   3.9999390e+03
   1.8556130e+06   4.7363281e+01
   1.8556890e+06   4.6691895e+01
   1.8557500e+06   5.3222656e+01
   1.8558650e+06   4.0771484e+01
   1.8558980e+06   4.9987793e+01
   1.8559450e+06   3.9611816e+01
   1.8559760e+06   6.1950684e+01
   1.8560220e+06   4.2785645e+01
   1.8560690e+06   6.3903809e+01
   1.8560970e+06   4.0649414e+01
   1.8561810e+06   5.2246094e+01
   1.8562260e+06   3.9611816e+01
   1.8563870e+06   4.9072266e+01
   1.8567020e+06   4.4738770e+01
   1.8577420e+06   4.1687012e+01
   1.8578900e+06   4.2602539e+01
   1.9054090e+06   3.9999390e+03
   1.9057660e+06   4.9194336e+01
   1.9058160e+06   4.0954590e+01
   1.9058570e+06   4.9499512e+01
   1.9059230e+06   4.6997070e+01
   1.9059470e+06   4.0588379e+01
   1.9059620e+06   4.9499512e+01
   1.9059960e+06   7.1655273e+01
   1.9060170e+06   4.2785645e+01
   1.9060920e+06   4.5654297e+01
   1.9061640e+06   4.7912598e+01
   1.9062540e+06   4.0222168e+01
   1.9062840e+06   6.1462402e+01
   1.9065200e+06   6.0668945e+01
   1.9066030e+06   4.2968750e+01
   1.9066650e+06   4.4128418e+01
   1.9072700e+06   4.0832520e+01
   1.9554230e+06   3.9999390e+03
   1.9559530e+06   6.1157227e+01
   1.9559830e+06   5.0476074e+01
   1.9560180e+06   5.1818848e+01
   1.9560310e+06   4.5898438e+01
   1.9560950e+06   6.3171387e+01
   1.9561170e+06   4.6081543e+01
   1.9561830e+06   5.8532715e+01
   1.9562000e+06   4.4250488e+01
   1.9562450e+06   4.5166016e+01
   1.9562720e+06   4.4189453e+01
   1.9563080e+06   7.3303223e+01
   1.9563590e+06   5.1025391e+01
   1.9563770e+06   4.1076660e+01
   1.9563930e+06   4.3579102e+01
   1.9564190e+06   4.1992188e+01
   1.9564380e+06   5.7312012e+01
   1.9564810e+06   4.4250488e+01
   1.9566400e+06   4.4189453e+01
   1.9570350e+06   4.0283203e+01
   1.9570840e+06   3.9672852e+01
   1.9575160e+06   3.9855957e+01
   2.0054350e+06   2.0116577e+03
   2.0058930e+06   5.5541992e+01
   2.0059930e+06   7.2387695e+01
   2.0060160e+06   4.1992188e+01
   2.0060360e+06   4.6203613e+01
   2.0060640e+06   4.0710449e+01
   2.0060950e+06   4.4067383e+01
   2.0061140e+06   6.0913086e+01
   2.0061510e+06   4.2541504e+01
   2.0062080e+06   7.1899414e+01
   2.0062420e+06   3.9855957e+01
   2.0062920e+06   4.7363281e+01
   2.0063710e+06   6.4392090e+01
   2.0064040e+06   4.4555664e+01
   2.0064280e+06   4.0222168e+01
   2.0064730e+06   4.0710449e+01
   2.0065970e+06   4.8583984e+01
   2.0066380e+06   4.1259766e+01
   2.0554510e+06   3.9999390e+03
   2.0559060e+06   4.0344238e+01
   2.0559420e+06   4.1564941e+01
   2.0559620e+06   6.6833496e+01
   2.0560430e+06   3.9733887e+01
   2.0561350e+06   5.5358887e+01
   2.0561520e+06   6.7871094e+01
   2.0562030e+06   4.9011230e+01
   2.0562430e+06   4.1748047e+01
   2.0562580e+06   7.6110840e+01
   2.0563470e+06   6.0058594e+01
   2.0563950e+06   4.0710449e+01
   2.0564530e+06   5.1025391e+01
   2.0564940e+06   7.2570801e+01
   2.0567570e+06   4.0100098e+01
   2.1050950e+06   4.1503906e+01
   2.1054650e+06   3.9999390e+03
   2.1059690e+06   5.9692383e+01
   2.1060510e+06   4.0893555e+01
   2.1061120e+06   5.9326172e+01
   2.1061910e+06   8.7219238e+01
   2.1062690e+06   5.0781250e+01
   2.1063010e+06   4.3579102e+01
   2.1063750e+06   4.6691895e+01
   2.1064000e+06   5.4992676e+01
   2.1064250e+06   4.7973633e+01
   2.1064570e+06   4.2785645e+01
   2.1064850e+06   4.3212891e+01
   2.1065770e+06   4.4616699e+01
   2.1068420e+06   4.4006348e+01
   2.1071920e+06   4.1137695e+01
   2.1554790e+06   3.9999390e+03
   2.1560660e+06   4.8645020e+01
   2.1560800e+06   4.4189453e+01
   2.1560950e+06   4.6325684e+01
   2.1562560e+06   3.9733887e+01
   2.1563550e+06   6.8969727e+01
   2.1563760e+06   4.1259766e+01
   2.1564250e+06   4.9194336e+01
   2.1564850e+06   5.0231934e+01
   2.1565390e+06   4.1503906e+01
   2.1566450e+06   5.0720215e+01
   2.1568060e+06   4.9194336e+01
   2.1568410e+06   4.3640137e+01
   2.1568750e+06   3.9611816e+01
   2.1574070e+06   4.0344238e+01
   2.2038990e+06   4.9804688e+01
   2.2040140e+06   5.0170898e+01
   2.2041080e+06   4.5288086e+01
   2.2041260e+06   4.0344238e+01
   2.2041560e+06   3.9550781e+01
   2.2042000e+06   4.1198730e+01
   2.2042430e+06   5.2001953e+01
   2.2042530e+06   8.7829590e+01
   2.2043310e+06   5.6579590e+01
   2.2043620e+06   4.5104980e+01
   2.2044030e+06   4.7912598e+01
   2.2044350e+06   4.1870117e+01
   2.2044960e+06   4.0283203e+01
   2.2045610e+06   4.0649414e+01
   2.2045990e+06   4.6508789e+01
   2.2054910e+06   2.0161133e+03
   2.2555050e+06   2.0120239e+03
   2.2561270e+06   3.9550781e+01
   2.2561910e+06   4.1137695e+01
   2.2562210e+06   4.0954590e+01
   2.2562550e+06   5.0109863e+01
   2.2563640e+06   4.1564941e+01
   2.2564220e+06   6.5612793e+01
   2.2564440e+06   4.7790527e+01
   2.2564560e+06   4.5349121e+01
   2.2565030e+06   4.0832520e+01
   2.2565620e+06   4.0832520e+01
   2.2565850e+06   6.4819336e+01
   2.2566930e+06   5.5358887e+01
   2.2567800e+06   4.1687012e+01
   2.2568230e+06   5.0903320e+01
   2.2569660e+06   4.0893555e+01
   2.2570050e+06   3.9672852e+01
   2.3055210e+06   3.9999390e+03
   2.3060760e+06   4.0466309e+01
   2.3062660e+06   3.9489746e+01
   2.3062870e+06   4.3151855e+01
   2.3063360e+06   4.1320801e+01
   2.3063800e+06   1.0583496e+02
   2.3064500e+06   5.3710938e+01
   2.3064900e+06   5.8288574e+01
   2.3065080e+06   5.0476074e+01
   2.3065390e+06   3.9978027e+01
   2.3065790e+06   4.6691895e+01
   2.3067070e+06   4.9926758e+01
   2.3068190e+06   5.8959961e+01
   2.3070180e+06   4.5288086e+01
   2.3072230e+06   4.4433594e+01
   2.3504890e+06   4.0832520e+01
   2.3505470e+06   4.1870117e+01
   2.3505810e+06   4.6020508e+01
   2.3506240e+06   4.5532227e+01
   2.3507480e+06   6.7749023e+01
   2.3508570e+06   4.1137695e+01
   2.3509370e+06   4.2480469e+01
   2.3510070e+06   7.5744629e+01
   2.3510300e+06   4.2297363e+01
   2.3511250e+06   4.3640137e+01
   2.3513540e+06   4.6630859e+01
   2.3513780e+06   3.9428711e+01
   2.3514840e+06   4.8217773e+01
   2.3555330e+06   2.0099487e+03
   2.4124260e+06   4.9072266e+01
   2.4126430e+06   4.2236328e+01
   2.4127880e+06   5.2734375e+01
   2.4128580e+06   4.0466309e+01
   2.4129110e+06   4.2785645e+01
   2.4129370e+06   4.1503906e+01
   2.4129960e+06   4.2663574e+01
   2.4133190e+06   3.9550781e+01
   2.4481770e+06   4.7912598e+01
   2.4483130e+06   4.3640137e+01
   2.4484440e+06   3.9916992e+01
   2.4485530e+06   4.4006348e+01
   2.4487240e+06   4.0405273e+01
   2.4487780e+06   4.4189453e+01
   2.4490170e+06   4.2175293e+01
   2.5113930e+06   4.2724609e+01
   2.5115270e+06   4.8889160e+01
   2.5115430e+06   5.0903320e+01
   2.5116840e+06   3.9916992e+01
   2.5116970e+06   4.4433594e+01
   2.5117360e+06   4.0100098e+01
   2.5117670e+06   5.3283691e+01
   2.5119400e+06   3.9672852e+01
   2.6411920e+06   4.1503906e+01
   2.7482490e+06   6.7260742e+01
   2.7482620e+06   4.1137695e+01
   2.7483260e+06   4.6936035e+01
   2.7483900e+06   3.9611816e+01
   2.7485400e+06   4.3884277e+01
   2.7487250e+06   4.1870117e+01
   2.7488270e+06   4.7851563e+01
   2.7490100e+06   4.4372559e+01
   2.8192820e+06   7.4645996e+01
   2.8193340e+06   5.6030273e+01
   2.8193910e+06   4.3151855e+01
   2.8194620e+06   4.6875000e+01
   2.8197130e+06   4.2053223e+01
   2.8197850e+06   3.9916992e+01
   2.8199500e+06   4.0405273e+01
   2.8202160e+06   4.2175293e+01
   2.8943610e+06   4.4616699e+01
   2.8945290e+06   4.4982910e+01
   2.8945870e+06   3.9978027e+01
   2.8946200e+06   4.0283203e+01
   2.8946390e+06   4.7424316e+01
   2.8946660e+06   4.7424316e+01
   2.8946910e+06   4.2846680e+01
   2.8947270e+06   5.7189941e+01
   2.8947490e+06   4.0832520e+01
   2.8947710e+06   3.9855957e+01
   2.8947940e+06   5.4565430e+01
   2.8948170e+06   6.8054199e+01
   2.8948490e+06   4.3518066e+01
   2.8948590e+06   4.8706055e+01
   2.8949150e+06   6.4453125e+01
   2.8949680e+06   4.6936035e+01
   2.8950770e+06   4.4799805e+01
   2.8951110e+06   4.1503906e+01
   2.8952270e+06   4.0039063e+01
   2.8952760e+06   4.2724609e+01
   2.8954980e+06   4.2114258e+01
   2.9147710e+06   4.5593262e+01
   2.9147870e+06   4.0039063e+01
   2.9148580e+06   4.0710449e+01
   2.9149140e+06   4.0039063e+01
   2.9149440e+06   4.7058105e+01
   2.9149690e+06   4.2053223e+01
   2.9149790e+06   8.4350586e+01
   2.9150130e+06   4.2236328e+01
   2.9150790e+06   4.0771484e+01
   2.9151230e+06   4.4433594e+01
   2.9151550e+06   5.1269531e+01
   2.9151840e+06   4.8156738e+01
   2.9152400e+06   6.0058594e+01
   2.9152970e+06   7.8308105e+01
   2.9161210e+06   4.3640137e+01
   2.9723920e+06   3.9550781e+01
   2.9724140e+06   4.0832520e+01
   2.9724410e+06   5.0964355e+01
   2.9724950e+06   4.1442871e+01
   2.9725190e+06   5.1940918e+01
   2.9725420e+06   4.9499512e+01
   2.9725530e+06   4.6569824e+01
   2.9725820e+06   6.9458008e+01
   2.9725930e+06   4.3884277e+01
   2.9726590e+06   8.3496094e+01
   2.9726740e+06   5.6091309e+01
   2.9727470e+06   6.7687988e+01
   2.9727770e+06   4.9560547e+01
   2.9728840e+06   4.4189453e+01
   2.9729990e+06   4.2236328e+01
   2.9730550e+06   4.0832520e+01
   2.9733660e+06   4.3701172e+01
   2.9737140e+06   4.0283203e+01
   2.9741200e+06   3.9672852e+01
   2.9975410e+06   4.7912598e+01
   2.9975940e+06   5.1696777e+01
   2.9976590e+06   4.6936035e+01
   2.9976850e+06   8.6791992e+01
   2.9977060e+06   4.2358398e+01
   2.9977250e+06   4.4494629e+01
   2.9977740e+06   6.5917969e+01
   2.9977980e+06   4.5410156e+01
   2.9978200e+06   4.7424316e+01
   2.9978350e+06   5.2673340e+01
   2.9978550e+06   4.8278809e+01
   2.9978780e+06   4.7729492e+01
   2.9979330e+06   6.4575195e+01
   2.9980930e+06   4.0283203e+01
   2.9981700e+06   4.8339844e+01
   2.9982760e+06   4.9926758e+01
   2.9985080e+06   4.4067383e+01
