   2.9990000e+06   0.0000000e+00
   3.5369000e+04   3.7658691e+01
   3.5441000e+04   3.8940430e+01
   3.5564000e+04   3.5522461e+01
   3.5591000e+04   5.4321289e+01
   3.5609000e+04   4.1015625e+01
   3.5624000e+04   4.9560547e+01
   3.5644000e+04   1.2579346e+02
   3.5664000e+04   4.4128418e+01
   3.5676000e+04   5.3100586e+01
   3.5697000e+04   4.4128418e+01
   3.5722000e+04   4.4799805e+01
   3.5735000e+04   3.8940430e+01
   3.5745000e+04   5.1574707e+01
   3.5790000e+04   4.4982910e+01
   3.5804000e+04   3.9062500e+01
   3.5819000e+04   5.8776855e+01
   3.5852000e+04   5.2490234e+01
   3.5878000e+04   4.5715332e+01
   3.5895000e+04   4.2968750e+01
   3.5924000e+04   4.5532227e+01
   3.5939000e+04   3.6560059e+01
   3.5973000e+04   3.7902832e+01
   3.6054000e+04   9.0270996e+01
   3.6270000e+04   3.7780762e+01
   3.6287000e+04   3.5705566e+01
   3.6347000e+04   3.8574219e+01
   3.6417000e+04   3.5034180e+01
   3.6483000e+04   3.6865234e+01
   3.6654000e+04   3.9855957e+01
   3.6760000e+04   3.6926270e+01
   3.7166000e+04   4.9194336e+01
   1.2054000e+05   3.5827637e+01
   1.2062300e+05   1.1145020e+02
   1.2068100e+05   3.4790039e+01
   1.2070300e+05   3.5217285e+01
   1.2074500e+05   4.8156738e+01
   1.2076600e+05   3.8635254e+01
   1.2079600e+05   3.6315918e+01
   1.2085400e+05   4.4250488e+01
   1.2087900e+05   8.5815430e+01
   1.2092100e+05   4.8461914e+01
   1.2094100e+05   4.6508789e+01
   1.2096200e+05   4.7912598e+01
   1.2098800e+05   4.1870117e+01
   1.2100200e+05   5.6945801e+01
   1.2102100e+05   5.0048828e+01
   1.2105900e+05   3.7048340e+01
   1.2108100e+05   3.6804199e+01
   1.2110100e+05   3.6254883e+01
   1.2111100e+05   4.4677734e+01
   1.2113000e+05   3.5705566e+01
   1.2117500e+05   4.0161133e+01
   1.2123000e+05   3.6926270e+01
   1.2130900e+05   3.9123535e+01
   1.2134200e+05   3.6376953e+01
   1.2138300e+05   3.8574219e+01
   1.2163800e+05   4.1870117e+01
   1.2169300e+05   3.6499023e+01
   1.5171000e+05   4.7546387e+01
   1.5172600e+05   3.5827637e+01
   1.5177600e+05   4.5715332e+01
   1.5179200e+05   4.7119141e+01
   1.5183000e+05   1.3043213e+02
   1.5188500e+05   6.2866211e+01
   1.5191700e+05   6.1096191e+01
   1.5193700e+05   3.5583496e+01
   1.5196200e+05   3.8452148e+01
   1.5198600e+05   4.8339844e+01
   1.5204900e+05   4.1503906e+01
   1.5208200e+05   3.5888672e+01
   1.5211500e+05   4.8950195e+01
   1.5216100e+05   4.2358398e+01
   1.5220500e+05   1.0601807e+02
   1.5231900e+05   1.0064697e+02
   1.5251800e+05   8.6914062e+01
   1.5276800e+05   9.7900391e+01
   1.5311000e+05   3.5278320e+01
   1.5324700e+05   4.2114258e+01
   1.5626300e+05   2.1990967e+02
   1.7525200e+05   4.4921875e+01
   1.7526200e+05   1.9543457e+02
   1.7529700e+05   3.9672852e+01
   1.7532900e+05   4.1625977e+01
   1.7535800e+05   1.3323975e+02
   1.7538800e+05   4.2297363e+01
   1.7539800e+05   4.3395996e+01
   1.7542200e+05   3.7963867e+01
   1.7545700e+05   4.9499512e+01
   1.7548100e+05   3.7597656e+01
   1.7549500e+05   5.1452637e+01
   1.7557100e+05   3.5522461e+01
   1.7558900e+05   3.7963867e+01
   1.7563100e+05   1.0992432e+02
   1.7565500e+05   4.6936035e+01
   1.7573100e+05   8.7341309e+01
   1.7582200e+05   6.6101074e+01
   1.7584400e+05   3.4790039e+01
   1.7587600e+05   3.5583496e+01
   1.7589700e+05   3.4790039e+01
   1.7591900e+05   8.1115723e+01
   1.7597400e+05   4.0893555e+01
   1.7602400e+05   3.7414551e+01
   1.7603700e+05   5.8288574e+01
   1.7618000e+05   7.2448730e+01
   1.7619400e+05   3.6621094e+01
   1.7643600e+05   8.5693359e+01
   1.7698200e+05   3.5705566e+01
   1.8169700e+05   3.5522461e+01
   1.9736400e+05   4.5593262e+01
   1.9741300e+05   3.5034180e+01
   1.9743600e+05   2.2039795e+02
   1.9746700e+05   3.5827637e+01
   1.9749900e+05   4.4067383e+01
   1.9752100e+05   1.3269043e+02
   1.9754800e+05   5.9326172e+01
   1.9757400e+05   3.6376953e+01
   1.9759000e+05   5.1635742e+01
   1.9761900e+05   4.0771484e+01
   1.9763100e+05   3.6376953e+01
   1.9764500e+05   5.1025391e+01
   1.9769900e+05   4.4738770e+01
   1.9773600e+05   4.9377441e+01
   1.9774800e+05   1.1102295e+02
   1.9779900e+05   5.1452637e+01
   1.9783300e+05   6.1462402e+01
   1.9784800e+05   4.4677734e+01
   1.9789400e+05   3.5766602e+01
   1.9792000e+05   5.7312012e+01
   1.9793900e+05   3.6437988e+01
   1.9797400e+05   4.5043945e+01
   1.9799000e+05   4.2114258e+01
   1.9806900e+05   4.7241211e+01
   1.9815400e+05   4.7729492e+01
   1.9825100e+05   7.4951172e+01
   1.9829900e+05   3.9672852e+01
   1.9832900e+05   3.6437988e+01
   1.9836200e+05   5.4077148e+01
   1.9846000e+05   5.5847168e+01
   1.9862100e+05   5.7556152e+01
   1.9875800e+05   4.0649414e+01
   1.9883600e+05   6.9030762e+01
   1.9932800e+05   6.3415527e+01
   1.9936000e+05   4.1320801e+01
   2.1615600e+05   3.9855957e+01
   2.1624200e+05   1.8304443e+02
   2.1627600e+05   3.8024902e+01
   2.1630800e+05   6.0119629e+01
   2.1632500e+05   1.3507080e+02
   2.1635700e+05   4.4006348e+01
   2.1637600e+05   3.6071777e+01
   2.1640500e+05   7.7819824e+01
   2.1642900e+05   4.6203613e+01
   2.1645000e+05   1.1608887e+02
   2.1647700e+05   4.6752930e+01
   2.1649900e+05   4.3762207e+01
   2.1651800e+05   8.8195801e+01
   2.1653600e+05   3.6560059e+01
   2.1656400e+05   5.2795410e+01
   2.1661700e+05   4.2724609e+01
   2.1666800e+05   3.8085938e+01
   2.1673100e+05   3.7658691e+01
   2.1685000e+05   4.1564941e+01
   2.1690500e+05   4.6142578e+01
   2.1698500e+05   5.6701660e+01
   2.1699600e+05   3.5766602e+01
   2.1709700e+05   4.2053223e+01
   2.1722400e+05   3.8940430e+01
   2.1734000e+05   3.9550781e+01
   2.1744600e+05   5.0170898e+01
   2.1747800e+05   5.4809570e+01
   2.1759200e+05   4.0893555e+01
   2.1771100e+05   3.5827637e+01
   2.1778500e+05   5.5236816e+01
   2.1800500e+05   6.7199707e+01
   2.1820400e+05   6.6589355e+01
   2.1863000e+05   8.0749512e+01
   2.2898800e+05   3.8513184e+01
   2.2900900e+05   4.1076660e+01
   2.2904700e+05   3.5095215e+01
   2.2906100e+05   3.9367676e+01
   2.2908700e+05   2.0489502e+02
   2.2910400e+05   4.1809082e+01
   2.2912900e+05   4.3518066e+01
   2.2915100e+05   3.5705566e+01
   2.2918000e+05   1.1480713e+02
   2.2920300e+05   1.1279297e+02
   2.2922200e+05   4.1809082e+01
   2.2926500e+05   7.4829102e+01
   2.2928600e+05   9.3139648e+01
   2.2931200e+05   4.0588379e+01
   2.2935600e+05   4.0283203e+01
   2.2937500e+05   4.4616699e+01
   2.2938600e+05   3.8757324e+01
   2.2941400e+05   3.8452148e+01
   2.2950400e+05   3.6254883e+01
   2.2953600e+05   3.7719727e+01
   2.2967700e+05   3.6804199e+01
   2.2975200e+05   3.7048340e+01
   2.2982700e+05   3.6071777e+01
   2.2993600e+05   3.6376953e+01
   2.3000600e+05   3.8696289e+01
   2.3008000e+05   3.9245605e+01
   2.3029600e+05   3.5522461e+01
   2.3043400e+05   4.6691895e+01
   2.3066100e+05   5.1452637e+01
   2.3094900e+05   5.7067871e+01
   2.3124700e+05   6.6406250e+01
   2.3171800e+05   4.0649414e+01
   2.4492900e+05   4.0344238e+01
   2.4496400e+05   8.5998535e+01
   2.4498300e+05   3.8452148e+01
   2.4500000e+05   3.7780762e+01
   2.4502000e+05   2.0343018e+02
   2.4503800e+05   7.3242187e+01
   2.4506100e+05   4.6569824e+01
   2.4510700e+05   1.0968018e+02
   2.4512700e+05   6.2988281e+01
   2.4515800e+05   4.0954590e+01
   2.4516800e+05   8.5144043e+01
   2.4521400e+05   6.5124512e+01
   2.4526200e+05   5.9387207e+01
   2.4529500e+05   3.4912109e+01
   2.4530800e+05   4.9316406e+01
   2.4533600e+05   3.7597656e+01
   2.4536600e+05   4.0466309e+01
   2.4543300e+05   4.0588379e+01
   2.4545300e+05   4.0283203e+01
   2.4558200e+05   4.0283203e+01
   2.4573400e+05   4.0710449e+01
   2.4597700e+05   3.6193848e+01
   2.4616100e+05   3.5705566e+01
   2.4638800e+05   4.3884277e+01
   2.4660700e+05   4.6936035e+01
   2.4678200e+05   4.8034668e+01
   2.4698700e+05   4.9011230e+01
   2.4713600e+05   4.9743652e+01
   2.5765100e+05   4.0649414e+01
   2.5770000e+05   3.9184570e+01
   2.5771600e+05   8.1237793e+01
   2.5775500e+05   4.1076660e+01
   2.5778400e+05   4.0344238e+01
   2.5780200e+05   5.0598145e+01
   2.5782200e+05   6.8725586e+01
   2.5785100e+05   1.2957764e+02
   2.5788600e+05   3.5217285e+01
   2.5792100e+05   6.1950684e+01
   2.5794100e+05   8.0139160e+01
   2.5799700e+05   4.2602539e+01
   2.5802600e+05   5.5297852e+01
   2.5806600e+05   4.2541504e+01
   2.5818300e+05   3.6010742e+01
   2.5822100e+05   4.1076660e+01
   2.5826800e+05   3.9123535e+01
   2.5880500e+05   3.8574219e+01
   2.5881500e+05   4.5776367e+01
   2.5894100e+05   3.6071777e+01
   2.5904500e+05   8.5754395e+01
   2.5925900e+05   9.8205566e+01
   2.5938100e+05   3.6010742e+01
   2.5941000e+05   3.9672852e+01
   2.5956500e+05   4.4250488e+01
   2.6071700e+05   6.6223145e+01
   2.7242400e+05   3.7963867e+01
   2.7247600e+05   9.1308594e+01
   2.7249700e+05   3.6437988e+01
   2.7253300e+05   3.8269043e+01
   2.7256100e+05   1.9036865e+02
   2.7257200e+05   1.0406494e+02
   2.7259000e+05   3.8574219e+01
   2.7261800e+05   4.9682617e+01
   2.7263500e+05   4.0527344e+01
   2.7265200e+05   1.0937500e+02
   2.7268800e+05   8.1359863e+01
   2.7270900e+05   3.7231445e+01
   2.7274700e+05   7.2021484e+01
   2.7277000e+05   5.4626465e+01
   2.7279200e+05   5.7189941e+01
   2.7283600e+05   3.7048340e+01
   2.7284600e+05   3.8635254e+01
   2.7296400e+05   4.4250488e+01
   2.7316000e+05   4.0222168e+01
   2.7319800e+05   3.4790039e+01
   2.7323800e+05   3.4790039e+01
   2.7339300e+05   3.7475586e+01
   2.7354000e+05   3.6437988e+01
   2.7396600e+05   4.2785645e+01
   2.7409400e+05   4.6325684e+01
   2.7423700e+05   4.0222168e+01
   2.7449200e+05   3.6193848e+01
   2.7454800e+05   4.3029785e+01
   2.7486900e+05   5.4809570e+01
   2.7616800e+05   8.0444336e+01
   2.8511900e+05   1.0510254e+02
   2.8513100e+05   4.2724609e+01
   2.8519400e+05   3.9794922e+01
   2.8520800e+05   2.3437500e+02
   2.8523700e+05   3.8024902e+01
   2.8527600e+05   4.3151855e+01
   2.8529900e+05   1.1096191e+02
   2.8532700e+05   5.7495117e+01
   2.8537100e+05   4.1076660e+01
   2.8539300e+05   3.5522461e+01
   2.8540600e+05   5.8532715e+01
   2.8546000e+05   5.0964355e+01
   2.8550700e+05   4.8461914e+01
   2.8552300e+05   3.8574219e+01
   2.8555300e+05   3.5278320e+01
   2.8569000e+05   3.5827637e+01
   2.8575200e+05   3.5949707e+01
   2.8579500e+05   3.8879395e+01
   2.8590300e+05   3.7841797e+01
   2.8599700e+05   3.6071777e+01
   2.8605900e+05   3.5705566e+01
   2.8617800e+05   9.0393066e+01
   2.8621100e+05   3.5156250e+01
   2.8632500e+05   3.9306641e+01
   2.8658600e+05   4.0283203e+01
   2.8678000e+05   4.2236328e+01
   2.8699800e+05   4.9682617e+01
   2.8725000e+05   3.8940430e+01
   2.8754800e+05   6.6528320e+01
   2.8776600e+05   6.7382813e+01
   2.9670300e+05   3.9672852e+01
   2.9677300e+05   8.8745117e+01
   2.9679600e+05   4.3029785e+01
   2.9683400e+05   3.5339355e+01
   2.9685500e+05   9.5031738e+01
   2.9690500e+05   3.9123535e+01
   2.9691600e+05   1.8255615e+02
   2.9694200e+05   3.4973145e+01
   2.9696000e+05   3.7414551e+01
   2.9697600e+05   3.5644531e+01
   2.9701400e+05   1.7932129e+02
   2.9712300e+05   9.0881348e+01
   2.9714700e+05   3.6376953e+01
   2.9720300e+05   3.5888672e+01
   2.9723200e+05   6.3842773e+01
   2.9724600e+05   3.9672852e+01
   2.9727000e+05   3.6193848e+01
   2.9729300e+05   3.6010742e+01
   2.9735900e+05   5.2490234e+01
   2.9750000e+05   3.8146973e+01
   2.9753700e+05   3.5034180e+01
   2.9759300e+05   3.9001465e+01
   2.9764700e+05   4.9377441e+01
   2.9774500e+05   4.2724609e+01
   2.9782000e+05   5.4565430e+01
   2.9801500e+05   9.3933105e+01
   2.9808000e+05   4.1259766e+01
   2.9827800e+05   3.8085938e+01
   2.9861600e+05   3.9550781e+01
   2.9869200e+05   3.4790039e+01
   2.9916200e+05   5.6091309e+01
   3.0795300e+05   3.4912109e+01
   3.0899100e+05   9.5214844e+01
   3.0912500e+05   7.7758789e+01
   3.0922700e+05   1.8109131e+02
   3.0925100e+05   3.7780762e+01
   3.0926800e+05   4.0344238e+01
   3.0929100e+05   3.6437988e+01
   3.0932600e+05   3.4912109e+01
   3.0933900e+05   1.2927246e+02
   3.0942100e+05   4.7668457e+01
   3.0945300e+05   9.1979980e+01
   3.0954700e+05   4.4616699e+01
   3.0956900e+05   6.3354492e+01
   3.0961500e+05   3.5339355e+01
   3.0971800e+05   3.7231445e+01
   3.0980300e+05   3.5278320e+01
   3.0996400e+05   3.9978027e+01
   3.1004400e+05   4.1320801e+01
   3.1008800e+05   6.7687988e+01
   3.1057500e+05   3.7780762e+01
   3.1062400e+05   3.6621094e+01
   3.1077200e+05   3.9550781e+01
   3.1093000e+05   4.9987793e+01
   3.1139100e+05   6.7138672e+01
   3.1290000e+05   6.7321777e+01
   3.1365000e+05   3.5461426e+01
   3.2010700e+05   9.5642090e+01
   3.2011700e+05   3.5705566e+01
   3.2013100e+05   3.6621094e+01
   3.2018600e+05   7.7148438e+01
   3.2021700e+05   1.8176270e+02
   3.2022900e+05   3.6499023e+01
   3.2033100e+05   1.4947510e+02
   3.2034400e+05   3.8085938e+01
   3.2035400e+05   3.9001465e+01
   3.2039500e+05   4.1137695e+01
   3.2042400e+05   4.5959473e+01
   3.2043800e+05   9.1125488e+01
   3.2046400e+05   3.7231445e+01
   3.2049000e+05   6.1523438e+01
   3.2051400e+05   3.7719727e+01
   3.2055500e+05   4.5043945e+01
   3.2060000e+05   3.8085938e+01
   3.2062500e+05   4.1381836e+01
   3.2081500e+05   3.5583496e+01
   3.2086700e+05   5.0354004e+01
   3.2107800e+05   7.1350098e+01
   3.2126000e+05   4.0710449e+01
   3.2129800e+05   1.0162354e+02
   3.2142600e+05   3.9184570e+01
   3.2174300e+05   4.0283203e+01
   3.2196300e+05   4.2724609e+01
   3.2225400e+05   5.0903320e+01
   3.3370800e+05   9.8510742e+01
   3.3374200e+05   3.9916992e+01
   3.3377700e+05   4.0283203e+01
   3.3379000e+05   5.2062988e+01
   3.3382700e+05   3.5522461e+01
   3.3384700e+05   1.5264893e+02
   3.3387400e+05   6.0607910e+01
   3.3389400e+05   4.7790527e+01
   3.3392100e+05   3.6132813e+01
   3.3394300e+05   1.1468506e+02
   3.3395900e+05   3.9978027e+01
   3.3403500e+05   4.2785645e+01
   3.3406100e+05   4.2846680e+01
   3.3408800e+05   3.9428711e+01
   3.3415400e+05   4.5776367e+01
   3.3419700e+05   3.4790039e+01
   3.3430300e+05   3.5827637e+01
   3.3452400e+05   4.0893555e+01
   3.3459600e+05   3.5583496e+01
   3.3471000e+05   8.1298828e+01
   3.3499600e+05   3.8879395e+01
   3.3512600e+05   3.9855957e+01
   3.3519800e+05   3.5095215e+01
   3.3535700e+05   4.2297363e+01
   3.3551000e+05   3.9733887e+01
   3.3595500e+05   4.8278809e+01
   3.3669500e+05   5.5114746e+01
   3.3676000e+05   3.5949707e+01
   3.4203900e+05   3.7841797e+01
   3.4352100e+05   1.0198975e+02
   3.4356500e+05   3.6315918e+01
   3.4358800e+05   4.8156738e+01
   3.4366400e+05   7.1044922e+01
   3.4367800e+05   3.6071777e+01
   3.4369100e+05   1.7633057e+02
   3.4370500e+05   3.7475586e+01
   3.4372100e+05   3.5095215e+01
   3.4380100e+05   4.5410156e+01
   3.4382600e+05   3.9733887e+01
   3.4384700e+05   1.2872314e+02
   3.4393600e+05   3.7597656e+01
   3.4396600e+05   3.9489746e+01
   3.4398100e+05   9.5397949e+01
   3.4400000e+05   3.5339355e+01
   3.4411600e+05   9.6923828e+01
   3.4412700e+05   4.1625977e+01
   3.4427600e+05   8.3435059e+01
   3.4449100e+05   8.6914062e+01
   3.4463200e+05   3.7170410e+01
   3.4483500e+05   4.1198730e+01
   3.4504600e+05   3.6926270e+01
   3.4529700e+05   4.3701172e+01
   3.4542400e+05   3.9306641e+01
   3.4565000e+05   5.3039551e+01
   3.4584000e+05   4.2053223e+01
   3.4649200e+05   6.2927246e+01
   3.4958300e+05   3.4912109e+01
   3.4961600e+05   8.3557129e+01
   3.5003600e+05   3.7292480e+01
   3.5016600e+05   3.5461426e+01
   3.5019700e+05   5.7983398e+01
   3.5041600e+05   5.2062988e+01
   3.5070000e+05   4.4189453e+01
   3.5088200e+05   5.4260254e+01
   3.5110800e+05   4.7241211e+01
   3.5133600e+05   4.5288086e+01
   3.5777200e+05   9.6435547e+01
   3.5784400e+05   4.4067383e+01
   3.5796000e+05   1.9335938e+02
   3.5798400e+05   4.2724609e+01
   3.5800700e+05   6.0974121e+01
   3.5807900e+05   4.4921875e+01
   3.5811400e+05   1.5698242e+02
   3.5825600e+05   1.2377930e+02
   3.5831800e+05   3.7658691e+01
   3.5842800e+05   1.0321045e+02
   3.5859300e+05   3.6499023e+01
   3.5861500e+05   1.0296631e+02
   3.5908400e+05   4.1015625e+01
   3.5937900e+05   4.9072266e+01
   3.6498300e+05   8.4960938e+01
   3.6517800e+05   7.5683594e+01
   3.6533200e+05   1.5191650e+02
   3.6534600e+05   4.5227051e+01
   3.6538900e+05   7.7880859e+01
   3.6547700e+05   3.7902832e+01
   3.6549300e+05   1.3220215e+02
   3.6552200e+05   3.7658691e+01
   3.6554500e+05   4.6264648e+01
   3.6564500e+05   4.6508789e+01
   3.6567600e+05   1.3385010e+02
   3.6573300e+05   3.6254883e+01
   3.6586500e+05   4.1931152e+01
   3.6590500e+05   1.2048340e+02
   3.6593100e+05   3.7475586e+01
   3.6615800e+05   3.5705566e+01
   3.6634100e+05   4.0771484e+01
   3.6653300e+05   4.7851563e+01
   3.7683000e+05   8.7768555e+01
   3.7689700e+05   3.8208008e+01
   3.7693800e+05   6.6772461e+01
   3.7696900e+05   4.1259766e+01
   3.7698300e+05   4.0466309e+01
   3.7704200e+05   6.9091797e+01
   3.7705700e+05   2.0672607e+02
   3.7710800e+05   3.7536621e+01
   3.7711800e+05   3.7658691e+01
   3.7714200e+05   4.0527344e+01
   3.7719900e+05   1.4733887e+02
   3.7725200e+05   3.9428711e+01
   3.7731800e+05   9.5703125e+01
   3.7735800e+05   4.1015625e+01
   3.7742500e+05   3.5461426e+01
   3.7747800e+05   9.7106934e+01
   3.7749700e+05   3.5217285e+01
   3.7762300e+05   3.8574219e+01
   3.7763300e+05   3.5583496e+01
   3.7765700e+05   7.0495605e+01
   3.7796700e+05   3.5888672e+01
   3.7800800e+05   3.7841797e+01
   3.7819700e+05   4.0283203e+01
   3.7835400e+05   4.2785645e+01
   3.7858000e+05   3.9123535e+01
   3.7900800e+05   5.2001953e+01
   3.8894600e+05   3.5827637e+01
   3.8931300e+05   8.3312988e+01
   3.8942100e+05   7.8186035e+01
   3.8955500e+05   2.1032715e+02
   3.8956900e+05   5.8837891e+01
   3.8960000e+05   3.5766602e+01
   3.8962400e+05   4.1320801e+01
   3.8967500e+05   6.0791016e+01
   3.8975400e+05   4.1687012e+01
   3.8978700e+05   4.2907715e+01
   3.8982600e+05   1.3891602e+02
   3.8987600e+05   3.7536621e+01
   3.8995000e+05   4.4616699e+01
   3.8996100e+05   8.8073730e+01
   3.9000900e+05   3.8757324e+01
   3.9013300e+05   9.3017578e+01
   3.9035900e+05   1.3397217e+02
   3.9063800e+05   3.6865234e+01
   3.9076900e+05   4.0283203e+01
   3.9094700e+05   3.7841797e+01
   3.9141300e+05   4.7363281e+01
   3.9160700e+05   4.3823242e+01
   3.9220900e+05   6.5368652e+01
   3.9409000e+05   4.1564941e+01
   4.0219600e+05   8.1176758e+01
   4.0224800e+05   3.7536621e+01
   4.0228400e+05   4.2541504e+01
   4.0231100e+05   8.3923340e+01
   4.0233600e+05   3.9306641e+01
   4.0236500e+05   3.7658691e+01
   4.0239900e+05   1.9476318e+02
   4.0242000e+05   4.4616699e+01
   4.0243700e+05   4.2663574e+01
   4.0245900e+05   4.4433594e+01
   4.0248600e+05   4.2785645e+01
   4.0249900e+05   3.5644531e+01
   4.0252900e+05   4.9865723e+01
   4.0254000e+05   1.5197754e+02
   4.0259600e+05   3.5583496e+01
   4.0264200e+05   3.5461426e+01
   4.0267900e+05   1.5631104e+02
   4.0278200e+05   3.5278320e+01
   4.0284000e+05   9.9304199e+01
   4.0293600e+05   3.8513184e+01
   4.0302500e+05   9.6130371e+01
   4.0311800e+05   3.5949707e+01
   4.0326900e+05   3.4973145e+01
   4.0339300e+05   3.5461426e+01
   4.0355000e+05   3.6010742e+01
   4.0383900e+05   3.6376953e+01
   4.0399700e+05   5.0720215e+01
   4.0426400e+05   4.4372559e+01
   4.0456000e+05   4.5898438e+01
   4.1722500e+05   9.5397949e+01
   4.1730100e+05   7.2448730e+01
   4.1738200e+05   6.1706543e+01
   4.1746300e+05   1.8267822e+02
   4.1748500e+05   7.3303223e+01
   4.1751700e+05   3.9916992e+01
   4.1757900e+05   5.1086426e+01
   4.1759700e+05   1.4770508e+02
   4.1766700e+05   3.4912109e+01
   4.1770700e+05   3.7719727e+01
   4.1773500e+05   1.2780762e+02
   4.1778700e+05   4.3151855e+01
   4.1790700e+05   1.1718750e+02
   4.1810800e+05   1.0833740e+02
   4.1819600e+05   4.1381836e+01
   4.1835900e+05   3.7719727e+01
   4.1905300e+05   3.7658691e+01
   4.1936500e+05   4.7912598e+01
   4.1959000e+05   4.4250488e+01
   4.1984200e+05   5.0842285e+01
   4.2049800e+05   4.5104980e+01
   4.2086800e+05   6.1645508e+01
   4.3859400e+05   4.2419434e+01
   4.3864000e+05   9.6130371e+01
   4.3868300e+05   4.7668457e+01
   4.3872000e+05   6.1279297e+01
   4.3873000e+05   4.3457031e+01
   4.3878000e+05   3.4912109e+01
   4.3881300e+05   7.1044922e+01
   4.3883300e+05   1.8420410e+02
   4.3889900e+05   5.6579590e+01
   4.3896100e+05   1.4068604e+02
   4.3898600e+05   5.0964355e+01
   4.3902800e+05   3.8085938e+01
   4.3904700e+05   3.5217285e+01
   4.3907200e+05   9.6252441e+01
   4.3919400e+05   7.2692871e+01
   4.3926900e+05   3.5278320e+01
   4.3930000e+05   3.6621094e+01
   4.3933400e+05   6.4025879e+01
   4.3937400e+05   3.5461426e+01
   4.3947600e+05   3.6254883e+01
   4.3951500e+05   1.0046387e+02
   4.3966200e+05   3.5949707e+01
   4.3969300e+05   3.9245605e+01
   4.3974300e+05   1.1907959e+02
   4.3980500e+05   3.8146973e+01
   4.4003400e+05   3.5461426e+01
   4.4019800e+05   3.9550781e+01
   4.4048200e+05   3.8818359e+01
   4.4087100e+05   3.6010742e+01
   4.4102100e+05   4.5532227e+01
   4.4121900e+05   3.9916992e+01
   4.4153900e+05   4.6325684e+01
   6.0504300e+05   2.0061646e+03
   6.0506100e+05   5.2978516e+01
   6.0507400e+05   4.4738770e+01
   6.0516800e+05   3.5949707e+01
   6.0546900e+05   3.8085938e+01
   6.0555600e+05   3.6682129e+01
   6.0559600e+05   4.1870117e+01
   6.0566900e+05   1.7431641e+02
   6.0576600e+05   3.5461426e+01
   6.0579300e+05   4.7058105e+01
   6.0582800e+05   1.7425537e+02
   6.0589200e+05   3.5888672e+01
   6.0592000e+05   4.0039063e+01
   6.0595600e+05   1.4154053e+02
   6.0604600e+05   3.9184570e+01
   6.0605600e+05   6.3903809e+01
   6.0608400e+05   4.8400879e+01
   6.0613100e+05   3.6987305e+01
   6.0617100e+05   3.7170410e+01
   6.0625100e+05   3.4790039e+01
   6.0626900e+05   4.1381836e+01
   6.0629900e+05   3.9367676e+01
   6.0639000e+05   4.1687012e+01
   6.0642100e+05   4.1992188e+01
   6.0647700e+05   3.7902832e+01
   6.0651100e+05   3.7963867e+01
   6.0678300e+05   3.9062500e+01
   6.0699800e+05   3.7475586e+01
   6.0790700e+05   5.2307129e+01
   6.0821100e+05   1.0083008e+02
   6.5505900e+05   3.9999390e+03
   6.5507500e+05   4.0649414e+01
   6.5547400e+05   4.1503906e+01
   6.5549900e+05   3.5217285e+01
   6.5554900e+05   3.6193848e+01
   6.5562400e+05   3.5095215e+01
   6.5570100e+05   4.0527344e+01
   6.5572200e+05   1.8200684e+02
   6.5590300e+05   3.9672852e+01
   6.5593200e+05   1.7749023e+02
   6.5597000e+05   3.5461426e+01
   6.5600400e+05   3.8269043e+01
   6.5604800e+05   3.5888672e+01
   6.5608100e+05   3.5095215e+01
   6.5610300e+05   1.6735840e+02
   6.5620600e+05   4.4189453e+01
   6.5626800e+05   1.4001465e+02
   6.5628600e+05   3.8024902e+01
   6.5636800e+05   4.3823242e+01
   6.5640300e+05   1.0125732e+02
   6.5655600e+05   1.0064697e+02
   6.5659200e+05   3.4973145e+01
   6.5666800e+05   5.4626465e+01
   6.5668900e+05   3.8940430e+01
   6.5670900e+05   3.9123535e+01
   6.5675500e+05   3.6071777e+01
   6.5683200e+05   3.8024902e+01
   6.5686000e+05   4.7180176e+01
   6.5693800e+05   4.1381836e+01
   6.5697300e+05   3.7536621e+01
   6.5701400e+05   3.4790039e+01
   6.5704000e+05   3.5888672e+01
   6.5706300e+05   3.9184570e+01
   6.5712800e+05   3.5766602e+01
   6.5762500e+05   4.4616699e+01
   6.5786600e+05   9.7290039e+01
   7.0507300e+05   3.9999390e+03
   7.0508900e+05   4.4860840e+01
   7.0510700e+05   3.7841797e+01
   7.5508700e+05   3.9999390e+03
   7.5510600e+05   3.8085938e+01
   7.5511600e+05   5.3527832e+01
   7.5515300e+05   4.0344238e+01
   7.5524800e+05   1.9488525e+02
   7.5559600e+05   4.1870117e+01
   7.5600500e+05   3.6010742e+01
   7.5885300e+05   9.6313477e+01
   7.5889400e+05   3.5827637e+01
   7.5893100e+05   3.7597656e+01
   8.0510100e+05   3.9999390e+03
   8.0511600e+05   5.2612305e+01
   8.0521200e+05   3.7902832e+01
   8.0532200e+05   1.8572998e+02
   8.0544900e+05   3.4912109e+01
   8.0553000e+05   4.3212891e+01
   8.0555800e+05   5.1757813e+01
   8.0611900e+05   3.5034180e+01
   8.0671700e+05   4.2175293e+01
   8.0784700e+05   9.8876953e+01
   8.0923600e+05   1.1273193e+02
   8.0930700e+05   7.5744629e+01
   8.0931900e+05   3.5705566e+01
   8.0937300e+05   6.5185547e+01
   8.0940100e+05   3.5156250e+01
   8.0956100e+05   4.7180176e+01
   8.0979100e+05   3.9306641e+01
   8.1033700e+05   3.5278320e+01
   8.4867200e+05   3.5156250e+01
   8.4869200e+05   8.8012695e+01
   8.4881600e+05   3.7414551e+01
   8.4890600e+05   3.9855957e+01
   8.4908100e+05   3.8146973e+01
   8.4912200e+05   3.8269043e+01
   8.4921000e+05   3.6743164e+01
   8.4923100e+05   4.1259766e+01
   8.4925000e+05   4.3212891e+01
   8.4933400e+05   1.8511963e+02
   8.4945700e+05   3.4790039e+01
   8.4950600e+05   1.7462158e+02
   8.4967400e+05   4.3762207e+01
   8.4975400e+05   3.4973145e+01
   8.4983300e+05   1.8023682e+02
   8.4985600e+05   3.4851074e+01
   8.5001100e+05   3.5583496e+01
   8.5511300e+05   2.0086060e+03
   8.5512500e+05   5.5358887e+01
   8.5513800e+05   1.2017822e+02
   8.5533100e+05   1.6912842e+02
   8.6759700e+05   3.7109375e+01
   8.6817400e+05   1.0723877e+02
   8.6819400e+05   3.4851074e+01
   8.6824800e+05   3.6621094e+01
   8.6825800e+05   3.6437988e+01
   8.6840600e+05   1.8750000e+02
   8.6857700e+05   4.1076660e+01
   8.6862100e+05   1.1126709e+02
   8.6869200e+05   4.4799805e+01
   8.6905800e+05   1.0510254e+02
   8.6918200e+05   3.9123535e+01
   8.6950900e+05   9.9914551e+01
   8.7088200e+05   8.7829590e+01
   8.7110800e+05   3.8024902e+01
   8.7113600e+05   1.0699463e+02
   8.7149600e+05   7.8918457e+01
   8.7150900e+05   3.7292480e+01
   8.7185600e+05   3.6621094e+01
   8.7392700e+05   9.1125488e+01
   8.7438400e+05   9.4238281e+01
   8.7472200e+05   7.9467773e+01
   8.7481000e+05   3.5583496e+01
   8.7519000e+05   1.0406494e+02
   8.7523900e+05   3.4790039e+01
   8.7526200e+05   3.9978027e+01
   8.7528100e+05   8.0993652e+01
   8.7585300e+05   9.8388672e+01
   8.7586600e+05   4.4555664e+01
   8.7664600e+05   8.6486816e+01
   8.7717300e+05   7.6232910e+01
   8.7927300e+05   8.7463379e+01
   8.7958500e+05   3.8696289e+01
   9.0512700e+05   2.0081177e+03
   9.0513900e+05   4.9072266e+01
   9.0515200e+05   1.1309814e+02
   9.0519100e+05   4.2175293e+01
   9.0558000e+05   4.3457031e+01
   9.0568200e+05   1.6265869e+02
   9.0640900e+05   3.7475586e+01
   9.0696600e+05   1.0894775e+02
   9.0700700e+05   3.8696289e+01
   9.0707400e+05   3.6071777e+01
   9.0708800e+05   4.2419434e+01
   9.0726500e+05   3.5278320e+01
   9.0728600e+05   1.0388184e+02
   9.0734000e+05   4.0954590e+01
   9.0757600e+05   3.5949707e+01
   9.0771500e+05   3.5827637e+01
   9.0787600e+05   9.2041016e+01
   9.0814900e+05   3.7414551e+01
   9.0831400e+05   9.2651367e+01
   9.0839500e+05   6.3415527e+01
   9.0849200e+05   4.0893555e+01
   9.0882800e+05   8.1298828e+01
   9.0887900e+05   3.5705566e+01
   9.0898100e+05   3.5095215e+01
   9.0907500e+05   3.5339355e+01
   9.0936200e+05   9.1247559e+01
   9.0960100e+05   7.4890137e+01
   9.0970600e+05   3.6804199e+01
   9.0980400e+05   3.5461426e+01
   9.0998900e+05   6.5490723e+01
   9.1015200e+05   7.2814941e+01
   9.1016500e+05   3.9306641e+01
   9.1091300e+05   7.5012207e+01
   9.1427400e+05   9.2041016e+01
   9.1453500e+05   8.9294434e+01
   9.1461200e+05   3.9001465e+01
   9.1466500e+05   8.0139160e+01
   9.1469400e+05   3.6071777e+01
   9.1481000e+05   4.0466309e+01
   9.1516400e+05   3.6743164e+01
   9.1629000e+05   8.8378906e+01
   9.1664400e+05   7.2448730e+01
   9.1738800e+05   8.0871582e+01
   9.1747400e+05   6.0119629e+01
   9.1820200e+05   8.3374023e+01
   9.1861100e+05   3.6560059e+01
   9.2768700e+05   3.6254883e+01
   9.2839100e+05   3.5278320e+01
   9.2872500e+05   1.1022949e+02
   9.2876200e+05   3.6499023e+01
   9.2880500e+05   1.0791016e+02
   9.2887300e+05   3.8574219e+01
   9.2888700e+05   4.3273926e+01
   9.2896100e+05   8.5998535e+01
   9.2928700e+05   4.0405273e+01
   9.2940300e+05   9.5031738e+01
   9.2960600e+05   8.5266113e+01
   9.3012700e+05   6.8420410e+01
   9.3029400e+05   8.2885742e+01
   9.3097800e+05   9.2102051e+01
   9.3111100e+05   7.5195313e+01
   9.3127000e+05   3.5156250e+01
   9.3146700e+05   8.1542969e+01
   9.3164400e+05   3.6071777e+01
   9.3169100e+05   7.3486328e+01
   9.3188700e+05   6.7810059e+01
   9.3219200e+05   6.3842773e+01
   9.3253600e+05   7.2814941e+01
   9.3256900e+05   3.6682129e+01
   9.3267900e+05   3.5034180e+01
   9.5514100e+05   2.0111084e+03
   9.5515900e+05   5.7739258e+01
   9.5521400e+05   4.0527344e+01
   9.5523300e+05   3.6376953e+01
   9.5537100e+05   3.5217285e+01
   9.5565700e+05   4.0588379e+01
   9.5585000e+05   3.9001465e+01
   9.5586900e+05   3.9062500e+01
   9.5626000e+05   3.7109375e+01
   9.5649600e+05   3.6193848e+01
   9.5661700e+05   3.7597656e+01
   9.5665300e+05   3.6132813e+01
   9.5686000e+05   1.0083008e+02
   9.5692200e+05   3.7353516e+01
   9.5697800e+05   9.1491699e+01
   9.5751300e+05   9.6862793e+01
   9.5759200e+05   3.5888672e+01
   9.5760200e+05   6.4880371e+01
   9.5763600e+05   3.6560059e+01
   9.5807800e+05   8.2641602e+01
   9.5810800e+05   3.8757324e+01
   9.5829800e+05   3.5339355e+01
   9.5837800e+05   8.2397461e+01
   9.5919200e+05   8.4960938e+01
   9.5953700e+05   3.6560059e+01
   9.5956700e+05   7.2509766e+01
   9.5973400e+05   6.1645508e+01
   9.5993800e+05   3.5827637e+01
   9.6018700e+05   8.8256836e+01
   9.6044300e+05   6.8664551e+01
   9.6068100e+05   8.3801270e+01
   9.6100100e+05   8.2946777e+01
   9.6125200e+05   8.4838867e+01
   9.9746700e+05   4.0161133e+01
   9.9752400e+05   1.0284424e+02
   9.9763000e+05   9.8999023e+01
   9.9777300e+05   3.9123535e+01
   9.9779100e+05   8.8989258e+01
   9.9808600e+05   3.7658691e+01
   9.9813500e+05   4.0893555e+01
   9.9816800e+05   1.9085693e+02
   9.9819500e+05   3.5095215e+01
   9.9821600e+05   3.8452148e+01
   9.9836900e+05   1.1553955e+02
   9.9867300e+05   3.6071777e+01
   9.9890600e+05   8.7829590e+01
   9.9943800e+05   9.7290039e+01
   9.9957800e+05   8.6486816e+01
   9.9978700e+05   3.8208008e+01
   9.9981400e+05   9.6008301e+01
   1.0000430e+06   7.6049805e+01
   1.0001640e+06   3.5888672e+01
   1.0002960e+06   7.7270508e+01
   1.0005870e+06   7.0373535e+01
   1.0008970e+06   8.8562012e+01
   1.0010120e+06   5.2734375e+01
   1.0010300e+06   3.6193848e+01
   1.0011470e+06   7.0251465e+01
   1.0014170e+06   7.5744629e+01
   1.0016570e+06   3.5949707e+01
   1.0019230e+06   7.1716309e+01
   1.0022590e+06   7.7880859e+01
   1.0026810e+06   6.3964844e+01
   1.0029480e+06   3.6132813e+01
   1.0029610e+06   6.4819336e+01
   1.0032680e+06   6.7932129e+01
   1.0034750e+06   6.9091797e+01
   1.0037760e+06   7.2326660e+01
   1.0042010e+06   5.2551270e+01
   1.0051570e+06   3.9999390e+03
   1.0051720e+06   4.3518066e+01
   1.0052670e+06   3.5034180e+01
   1.0056990e+06   8.3007813e+01
   1.0058300e+06   7.9223633e+01
   1.0060040e+06   3.6437988e+01
   1.0551710e+06   3.9999390e+03
   1.0551810e+06   5.5480957e+01
   1.0551940e+06   1.0760498e+02
   1.0552050e+06   3.8574219e+01
   1.0552240e+06   3.6560059e+01
   1.0554990e+06   1.7407227e+02
   1.0557650e+06   3.8330078e+01
   1.0559740e+06   3.7292480e+01
   1.0560490e+06   1.7047119e+02
   1.0568420e+06   1.1779785e+02
   1.0569280e+06   3.7353516e+01
   1.0569650e+06   7.9162598e+01
   1.0570200e+06   3.7597656e+01
   1.0572060e+06   8.9599609e+01
   1.0572870e+06   3.9123535e+01
   1.0575250e+06   7.4096680e+01
   1.0579080e+06   8.9965820e+01
   1.0582890e+06   8.2519531e+01
   1.0583290e+06   3.6682129e+01
   1.0586980e+06   7.6965332e+01
   1.0588800e+06   3.8574219e+01
   1.0591400e+06   7.6965332e+01
   1.0595950e+06   3.7109375e+01
   1.0596260e+06   7.5195312e+01
   1.0598460e+06   7.5439453e+01
   1.0600490e+06   5.9570313e+01
   1.0603470e+06   7.0922852e+01
   1.0604130e+06   3.7109375e+01
   1.0925660e+06   9.3078613e+01
   1.0926540e+06   4.6081543e+01
   1.0927830e+06   4.4250488e+01
   1.0928510e+06   1.1181641e+02
   1.0928680e+06   3.5278320e+01
   1.0929590e+06   3.5949707e+01
   1.0931380e+06   4.5471191e+01
   1.0933160e+06   3.5156250e+01
   1.0936360e+06   1.1126709e+02
   1.0938000e+06   9.7229004e+01
   1.0939830e+06   9.6679687e+01
   1.0940200e+06   4.3518066e+01
   1.0941740e+06   9.4543457e+01
   1.0943240e+06   6.6345215e+01
   1.0944020e+06   4.2663574e+01
   1.0944270e+06   3.7658691e+01
   1.0945320e+06   3.8940430e+01
   1.0946150e+06   3.6560059e+01
   1.0947430e+06   8.0139160e+01
   1.0950820e+06   7.2509766e+01
   1.0952040e+06   6.0058594e+01
   1.0953640e+06   3.5827637e+01
   1.0955820e+06   8.4533691e+01
   1.0956130e+06   3.4851074e+01
   1.0957880e+06   6.6528320e+01
   1.0966890e+06   8.2336426e+01
   1.0969000e+06   6.9885254e+01
   1.0971520e+06   6.4025879e+01
   1.0973750e+06   4.0405273e+01
   1.0974140e+06   5.7739258e+01
   1.0975720e+06   6.5612793e+01
   1.0978620e+06   3.5522461e+01
   1.0979020e+06   3.9123535e+01
   1.0983450e+06   7.5073242e+01
   1.0987060e+06   3.7597656e+01
   1.0987540e+06   8.0627441e+01
   1.0990430e+06   6.3171387e+01
   1.1051850e+06   3.9999390e+03
   1.1052000e+06   5.7495117e+01
   1.1055390e+06   9.9304199e+01
   1.1056750e+06   3.5400391e+01
   1.1058160e+06   7.3303223e+01
   1.1062470e+06   1.0070801e+02
   1.1062880e+06   3.7109375e+01
   1.1064020e+06   5.3466797e+01
   1.1064540e+06   6.3476563e+01
   1.1064890e+06   3.5827637e+01
   1.1066650e+06   4.2602539e+01
   1.1066910e+06   7.8735352e+01
   1.1068140e+06   7.1960449e+01
   1.1070690e+06   8.5388184e+01
   1.1071180e+06   3.8940430e+01
   1.1072100e+06   6.7932129e+01
   1.1074020e+06   6.3720703e+01
   1.1077560e+06   8.5998535e+01
   1.1078800e+06   3.8208008e+01
   1.1079680e+06   7.5805664e+01
   1.1081190e+06   4.6020508e+01
   1.1081700e+06   3.7658691e+01
   1.1084980e+06   6.7565918e+01
   1.1551990e+06   3.9999390e+03
   1.1552150e+06   5.5053711e+01
   1.1552320e+06   3.8146973e+01
   1.1553340e+06   2.1301270e+02
   1.1555650e+06   3.4790039e+01
   1.1556330e+06   3.7963867e+01
   1.1556440e+06   3.7963867e+01
   1.1558170e+06   5.0720215e+01
   1.1559040e+06   1.0583496e+02
   1.1559480e+06   4.2419434e+01
   1.1560200e+06   3.8330078e+01
   1.1561350e+06   9.4360352e+01
   1.1561660e+06   3.5400391e+01
   1.1564790e+06   9.7778320e+01
   1.1567540e+06   8.1481934e+01
   1.1568630e+06   3.5400391e+01
   1.1569950e+06   4.7607422e+01
   1.1572060e+06   3.8452148e+01
   1.1573520e+06   8.0749512e+01
   1.1575110e+06   8.4655762e+01
   1.1575480e+06   3.6926270e+01
   1.1577280e+06   8.0322266e+01
   1.1577660e+06   4.0344238e+01
   1.1581820e+06   7.6171875e+01
   1.1583530e+06   7.4707031e+01
   1.1585340e+06   3.9001465e+01
   1.1585830e+06   7.3303223e+01
   1.1589360e+06   8.3068848e+01
   1.1589790e+06   3.6376953e+01
   1.1591590e+06   6.8725586e+01
   1.1594200e+06   6.8847656e+01
   1.1598650e+06   7.0495605e+01
   1.1604020e+06   8.7646484e+01
   1.1606200e+06   6.9274902e+01
   1.1607680e+06   6.1096191e+01
   1.1608610e+06   3.5949707e+01
   1.1609940e+06   9.0942383e+01
   1.1614570e+06   5.9875488e+01
   1.1617990e+06   7.0251465e+01
   1.1619240e+06   3.5522461e+01
   1.1620230e+06   3.8513184e+01
   1.1624780e+06   7.1105957e+01
   1.1628140e+06   4.0771484e+01
   1.1628430e+06   7.2875977e+01
   1.1629420e+06   3.8391113e+01
   1.1631160e+06   5.8959961e+01
   1.1641800e+06   7.1899414e+01
   1.2052110e+06   2.0075073e+03
   1.2052280e+06   5.2185059e+01
   1.2053830e+06   3.4851074e+01
   1.2055140e+06   3.5522461e+01
   1.2057530e+06   4.1687012e+01
   1.2065890e+06   9.8876953e+01
   1.2066370e+06   5.0231934e+01
   1.2066910e+06   4.6081543e+01
   1.2071380e+06   4.4250488e+01
   1.2071630e+06   9.7167969e+01
   1.2073670e+06   4.1137695e+01
   1.2074240e+06   3.5522461e+01
   1.2074740e+06   1.0064697e+02
   1.2079360e+06   9.7656250e+01
   1.2079960e+06   3.9428711e+01
   1.2081810e+06   8.4350586e+01
   1.2085320e+06   8.4167480e+01
   1.2085500e+06   4.3701172e+01
   1.2087070e+06   6.9396973e+01
   1.2090150e+06   8.0932617e+01
   1.2091270e+06   3.8574219e+01
   1.2092970e+06   7.8674316e+01
   1.2094810e+06   8.5937500e+01
   1.2096200e+06   3.7170410e+01
   1.2099390e+06   7.6416016e+01
   1.2101180e+06   3.6987305e+01
   1.2101660e+06   7.5500488e+01
   1.2103290e+06   3.7963867e+01
   1.2106700e+06   8.4838867e+01
   1.2108490e+06   6.5612793e+01
   1.2113420e+06   5.9814453e+01
   1.2116160e+06   8.5083008e+01
   1.2498150e+06   4.1809082e+01
   1.2500200e+06   1.7938232e+02
   1.2500520e+06   5.2185059e+01
   1.2500710e+06   3.5461426e+01
   1.2500970e+06   1.1047363e+02
   1.2501140e+06   4.2663574e+01
   1.2501360e+06   4.9499512e+01
   1.2501550e+06   3.5827637e+01
   1.2501820e+06   6.8115234e+01
   1.2501930e+06   5.2612305e+01
   1.2502360e+06   4.0161133e+01
   1.2502600e+06   3.7536621e+01
   1.2502730e+06   4.2846680e+01
   1.2503000e+06   4.2846680e+01
   1.2503120e+06   4.3273926e+01
   1.2503340e+06   4.0100098e+01
   1.2503510e+06   3.8696289e+01
   1.2503950e+06   1.0638428e+02
   1.2504180e+06   3.8818359e+01
   1.2504330e+06   3.5339355e+01
   1.2504660e+06   5.7373047e+01
   1.2505220e+06   8.1665039e+01
   1.2506950e+06   3.8574219e+01
   1.2507800e+06   3.7231445e+01
   1.2552270e+06   3.9999390e+03
   1.2552490e+06   1.0662842e+02
   1.3052390e+06   2.0075684e+03
   1.3052580e+06   5.0292969e+01
   1.3053430e+06   3.6071777e+01
   1.3053780e+06   3.6804199e+01
   1.3054880e+06   2.0825195e+02
   1.3055780e+06   3.6499023e+01
   1.3056430e+06   5.2978516e+01
   1.3057090e+06   3.8879395e+01
   1.3057390e+06   3.7475586e+01
   1.3057820e+06   4.3518066e+01
   1.3058030e+06   4.6447754e+01
   1.3058270e+06   4.0222168e+01
   1.3058460e+06   3.8513184e+01
   1.3058610e+06   4.9499512e+01
   1.3058950e+06   4.9133301e+01
   1.3059170e+06   4.6020508e+01
   1.3059350e+06   3.7048340e+01
   1.3059920e+06   3.5156250e+01
   1.3060180e+06   3.8208008e+01
   1.3060510e+06   3.9733887e+01
   1.3060640e+06   3.8635254e+01
   1.3061270e+06   4.5349121e+01
   1.3061470e+06   3.5949707e+01
   1.3061690e+06   3.4851074e+01
   1.3062220e+06   3.9916992e+01
   1.3062740e+06   3.7719727e+01
   1.3065590e+06   3.9184570e+01
   1.3071950e+06   3.8024902e+01
   1.3552550e+06   3.9999390e+03
   1.3552650e+06   5.2734375e+01
   1.3552780e+06   1.1413574e+02
   1.3554240e+06   1.6625977e+02
   1.3555430e+06   4.4128418e+01
   1.3555600e+06   4.4067383e+01
   1.3555800e+06   1.8457031e+02
   1.3556130e+06   3.8757324e+01
   1.3556640e+06   9.4787598e+01
   1.3556780e+06   4.1503906e+01
   1.3557340e+06   5.0659180e+01
   1.3557620e+06   4.0588379e+01
   1.3557920e+06   4.2968750e+01
   1.3558110e+06   4.7119141e+01
   1.3558590e+06   4.1137695e+01
   1.3558800e+06   4.5898438e+01
   1.3559000e+06   4.1809082e+01
   1.3559340e+06   5.1757813e+01
   1.3559800e+06   3.5095215e+01
   1.3560300e+06   3.9245605e+01
   1.3560800e+06   4.4372559e+01
   1.3561480e+06   9.1552734e+01
   1.3561680e+06   3.8330078e+01
   1.3562940e+06   3.6621094e+01
   1.3563480e+06   8.7951660e+01
   1.3565490e+06   3.7353516e+01
   1.3569940e+06   3.5949707e+01
   1.3572810e+06   3.6560059e+01
   1.4052670e+06   2.0063477e+03
   1.4052790e+06   7.5988770e+01
   1.4052920e+06   1.1315918e+02
   1.4053510e+06   4.3334961e+01
   1.4053840e+06   1.7163086e+02
   1.4055130e+06   4.2968750e+01
   1.4055340e+06   1.9586182e+02
   1.4055540e+06   4.6875000e+01
   1.4055800e+06   3.9428711e+01
   1.4055970e+06   4.3884277e+01
   1.4056200e+06   9.2163086e+01
   1.4056550e+06   4.1442871e+01
   1.4056650e+06   3.8513184e+01
   1.4056910e+06   3.5339355e+01
   1.4057130e+06   4.2968750e+01
   1.4057260e+06   4.1809082e+01
   1.4057380e+06   6.0974121e+01
   1.4057650e+06   4.3579102e+01
   1.4057890e+06   4.3518066e+01
   1.4058370e+06   3.6132812e+01
   1.4058930e+06   4.8583984e+01
   1.4059660e+06   1.0266113e+02
   1.4060050e+06   3.7780762e+01
   1.4061010e+06   3.7475586e+01
   1.4061350e+06   3.5766602e+01
   1.4063490e+06   1.0321045e+02
   1.4069130e+06   4.1015625e+01
   1.4070170e+06   3.6437988e+01
   1.4275350e+06   3.5705566e+01
   1.4275580e+06   1.9494629e+02
   1.4275810e+06   5.0598145e+01
   1.4275980e+06   3.9672852e+01
   1.4276150e+06   4.0954590e+01
   1.4276300e+06   1.0693359e+02
   1.4276520e+06   4.5776367e+01
   1.4276700e+06   4.1198730e+01
   1.4277020e+06   5.0781250e+01
   1.4277220e+06   4.1442871e+01
   1.4277540e+06   4.2785645e+01
   1.4277820e+06   3.6743164e+01
   1.4277960e+06   3.5339355e+01
   1.4278310e+06   4.3579102e+01
   1.4279270e+06   4.7119141e+01
   1.4279530e+06   1.2530518e+02
   1.4280310e+06   9.4726563e+01
   1.4280550e+06   4.0527344e+01
   1.4280910e+06   3.8146973e+01
   1.4281190e+06   4.4433594e+01
   1.4281630e+06   8.5937500e+01
   1.4282840e+06   7.1044922e+01
   1.4283290e+06   3.5888672e+01
   1.4285730e+06   8.3007813e+01
   1.4292700e+06   9.3322754e+01
   1.4475180e+06   3.7231445e+01
   1.4475320e+06   1.8310547e+02
   1.4475660e+06   3.9428711e+01
   1.4475850e+06   4.9316406e+01
   1.4476060e+06   1.1602783e+02
   1.4476320e+06   5.3405762e+01
   1.4476560e+06   3.9123535e+01
   1.4476840e+06   7.5622559e+01
   1.4476990e+06   3.7231445e+01
   1.4477310e+06   4.0039063e+01
   1.4477440e+06   3.5156250e+01
   1.4477780e+06   4.1381836e+01
   1.4477970e+06   3.6743164e+01
   1.4478160e+06   1.3934326e+02
   1.4478270e+06   3.9184570e+01
   1.4478450e+06   3.7902832e+01
   1.4478860e+06   8.7524414e+01
   1.4479010e+06   3.8696289e+01
   1.4479720e+06   6.9580078e+01
   1.4479890e+06   3.8085938e+01
   1.4480640e+06   7.6354980e+01
   1.4481560e+06   6.5734863e+01
   1.4482670e+06   4.0405273e+01
   1.4483070e+06   3.6071777e+01
   1.4483480e+06   4.3029785e+01
   1.4483790e+06   6.2744141e+01
   1.4484340e+06   3.6621094e+01
   1.4485000e+06   6.4086914e+01
   1.4487120e+06   4.0344238e+01
   1.4488350e+06   3.7536621e+01
   1.4489580e+06   3.4851074e+01
   1.4489680e+06   8.3312988e+01
   1.4494430e+06   8.4960938e+01
   1.4552830e+06   3.9999390e+03
   1.4552930e+06   4.5959473e+01
   1.4553060e+06   1.0205078e+02
   1.4553400e+06   3.7780762e+01
   1.4556110e+06   1.7913818e+02
   1.4556770e+06   4.3823242e+01
   1.4556880e+06   4.2785645e+01
   1.4557390e+06   3.9062500e+01
   1.4557900e+06   1.5991211e+02
   1.4558100e+06   3.6437988e+01
   1.4558320e+06   4.2663574e+01
   1.4558760e+06   3.8146973e+01
   1.4559170e+06   1.2585449e+02
   1.4559380e+06   4.1442871e+01
   1.4559610e+06   3.6376953e+01
   1.4559810e+06   4.3457031e+01
   1.4560280e+06   6.9519043e+01
   1.4560410e+06   4.2175293e+01
   1.4560520e+06   3.6499023e+01
   1.4560770e+06   8.6547852e+01
   1.4560900e+06   4.2785645e+01
   1.4561260e+06   3.8208008e+01
   1.4561530e+06   3.5034180e+01
   1.4561690e+06   3.5095215e+01
   1.4561850e+06   4.4738770e+01
   1.4562130e+06   9.4604492e+01
   1.4562450e+06   4.0405273e+01
   1.4563340e+06   5.5175781e+01
   1.4563460e+06   3.5217285e+01
   1.4564490e+06   4.9804688e+01
   1.4565510e+06   5.2734375e+01
   1.4567090e+06   3.7780762e+01
   1.4568690e+06   5.8410645e+01
   1.4570670e+06   4.7363281e+01
   1.4571640e+06   5.9143066e+01
   1.4572900e+06   6.4331055e+01
   1.4573590e+06   7.4645996e+01
   1.4576330e+06   7.6660156e+01
   1.4577010e+06   6.2805176e+01
   1.4796880e+06   3.7536621e+01
   1.4797260e+06   5.1696777e+01
   1.4797570e+06   2.0544434e+02
   1.4797740e+06   5.0354004e+01
   1.4798000e+06   4.6020508e+01
   1.4798370e+06   1.2969971e+02
   1.4798680e+06   7.5561523e+01
   1.4798840e+06   4.0710449e+01
   1.4799130e+06   4.1198730e+01
   1.4799490e+06   5.0781250e+01
   1.4799770e+06   4.3151855e+01
   1.4799970e+06   5.0476074e+01
   1.4800200e+06   4.5410156e+01
   1.4800450e+06   5.1879883e+01
   1.4800650e+06   4.3701172e+01
   1.4801750e+06   4.0039063e+01
   1.4802190e+06   5.4077148e+01
   1.4802540e+06   3.5461426e+01
   1.4803690e+06   3.7536621e+01
   1.4804670e+06   5.7434082e+01
   1.4805240e+06   3.5949707e+01
   1.4805850e+06   3.8269043e+01
   1.4807070e+06   3.5644531e+01
   1.4807590e+06   3.6743164e+01
   1.4808660e+06   4.8034668e+01
   1.4808900e+06   4.9621582e+01
   1.4809030e+06   3.6987305e+01
   1.4810110e+06   5.6457520e+01
   1.4811480e+06   4.5776367e+01
   1.4814530e+06   6.4758301e+01
   1.4817740e+06   3.4912109e+01
   1.4999150e+06   5.5053711e+01
   1.4999420e+06   3.7292480e+01
   1.4999540e+06   2.0471191e+02
   1.4999780e+06   3.5766602e+01
   1.5000000e+06   5.1330566e+01
   1.5000440e+06   1.1962891e+02
   1.5000580e+06   4.4555664e+01
   1.5000810e+06   4.5288086e+01
   1.5001210e+06   5.3955078e+01
   1.5001410e+06   3.7292480e+01
   1.5001630e+06   3.7414551e+01
   1.5001740e+06   5.7739258e+01
   1.5002050e+06   6.1767578e+01
   1.5002330e+06   4.3579102e+01
   1.5002830e+06   3.8146973e+01
   1.5002980e+06   4.2480469e+01
   1.5003370e+06   3.6743164e+01
   1.5005590e+06   3.7048340e+01
   1.5006870e+06   3.6865234e+01
   1.5007660e+06   3.9001465e+01
   1.5010820e+06   3.5278320e+01
   1.5011810e+06   4.0954590e+01
   1.5013960e+06   4.1870117e+01
   1.5015510e+06   4.6325684e+01
   1.5018370e+06   4.7424316e+01
   1.5024640e+06   7.0739746e+01
   1.5052950e+06   2.0101929e+03
   1.5053070e+06   5.1513672e+01
   1.5053190e+06   9.1369629e+01
   1.5062380e+06   3.7414551e+01
   1.5075350e+06   1.7346191e+02
   1.5076350e+06   4.3518066e+01
   1.5076890e+06   3.7780762e+01
   1.5077340e+06   1.6522217e+02
   1.5077770e+06   8.0017090e+01
   1.5078900e+06   1.3195801e+02
   1.5080170e+06   5.7739258e+01
   1.5080510e+06   1.2939453e+02
   1.5081760e+06   5.3771973e+01
   1.5082340e+06   1.2860107e+02
   1.5083440e+06   4.4738770e+01
   1.5084330e+06   1.2207031e+02
   1.5087040e+06   4.6997070e+01
   1.5089240e+06   5.4504395e+01
   1.5095430e+06   6.5185547e+01
   1.5232190e+06   3.5156250e+01
   1.5232540e+06   1.0955811e+02
   1.5232770e+06   1.8695068e+02
   1.5232980e+06   8.6914063e+01
   1.5233570e+06   7.9956055e+01
   1.5233960e+06   3.9550781e+01
   1.5234290e+06   4.0771484e+01
   1.5234470e+06   8.5998535e+01
   1.5234810e+06   9.7229004e+01
   1.5235010e+06   4.3457031e+01
   1.5235320e+06   4.5288086e+01
   1.5235850e+06   4.2236328e+01
   1.5236260e+06   3.6621094e+01
   1.5238180e+06   3.6376953e+01
   1.5238600e+06   3.5156250e+01
   1.5243550e+06   3.6437988e+01
   1.5244950e+06   8.1298828e+01
   1.5246440e+06   4.1076660e+01
   1.5247670e+06   4.1381836e+01
   1.5248070e+06   4.6875000e+01
   1.5251040e+06   5.5969238e+01
   1.5252660e+06   3.4851074e+01
   1.5553090e+06   2.0059814e+03
   1.5553210e+06   5.8044434e+01
   1.5553340e+06   1.2030029e+02
   1.5553840e+06   5.3955078e+01
   1.5554130e+06   8.7219238e+01
   1.5554240e+06   4.7851563e+01
   1.5554570e+06   3.7231445e+01
   1.5554800e+06   2.0074463e+02
   1.5555550e+06   4.4799805e+01
   1.5555830e+06   1.5087891e+02
   1.5556000e+06   4.3151855e+01
   1.5556250e+06   3.5644531e+01
   1.5556640e+06   1.1254883e+02
   1.5556950e+06   5.2307129e+01
   1.5557170e+06   4.1564941e+01
   1.5557550e+06   7.5988770e+01
   1.5558160e+06   4.4067383e+01
   1.5558280e+06   4.6325684e+01
   1.5558840e+06   3.7475586e+01
   1.5560710e+06   3.6193848e+01
   1.5562410e+06   3.5278320e+01
   1.5563740e+06   3.7780762e+01
   1.5564720e+06   3.5949707e+01
   1.5565930e+06   3.6804199e+01
   1.5567080e+06   3.5583496e+01
   1.5567900e+06   4.7302246e+01
   1.5568040e+06   4.4982910e+01
   1.5569810e+06   3.8391113e+01
   1.5571530e+06   3.4790039e+01
   1.5571930e+06   3.5217285e+01
   1.5572390e+06   4.7180176e+01
   1.5575300e+06   6.0424805e+01
   1.5577710e+06   3.4973145e+01
   1.5578670e+06   5.3771973e+01
   1.5596830e+06   3.8146973e+01
   1.6053230e+06   2.0068970e+03
   1.6053430e+06   4.6203613e+01
   1.6055130e+06   1.0040283e+02
   1.6055280e+06   1.9470215e+02
   1.6055430e+06   3.8452148e+01
   1.6055670e+06   5.1025391e+01
   1.6056110e+06   4.6569824e+01
   1.6056320e+06   1.4099121e+02
   1.6056550e+06   4.5654297e+01
   1.6056730e+06   4.0283203e+01
   1.6056990e+06   1.4776611e+02
   1.6057210e+06   3.7109375e+01
   1.6057440e+06   7.3730469e+01
   1.6057570e+06   4.5898438e+01
   1.6057880e+06   6.6467285e+01
   1.6058170e+06   4.3273926e+01
   1.6058450e+06   3.5705566e+01
   1.6058740e+06   6.0729980e+01
   1.6058860e+06   3.6987305e+01
   1.6059270e+06   3.7353516e+01
   1.6059480e+06   3.7841797e+01
   1.6061010e+06   3.7658691e+01
   1.6061610e+06   3.6132813e+01
   1.6061740e+06   3.5644531e+01
   1.6062680e+06   4.5104980e+01
   1.6063200e+06   3.6499023e+01
   1.6064340e+06   3.4790039e+01
   1.6068640e+06   4.0405273e+01
   1.6069610e+06   3.5827637e+01
   1.6071380e+06   4.4494629e+01
   1.6071590e+06   4.4860840e+01
   1.6072940e+06   4.1564941e+01
   1.6073380e+06   9.7778320e+01
   1.6074570e+06   6.1950684e+01
   1.6074920e+06   3.6804199e+01
   1.6076380e+06   3.9855957e+01
   1.6093050e+06   3.6926270e+01
   1.6553390e+06   3.9999390e+03
   1.6553490e+06   5.2490234e+01
   1.6553620e+06   1.2091064e+02
   1.6555010e+06   1.8640137e+02
   1.6555250e+06   4.1259766e+01
   1.6555360e+06   3.8513184e+01
   1.6555960e+06   3.5827637e+01
   1.6556150e+06   3.8513184e+01
   1.6556290e+06   3.7170410e+01
   1.6556400e+06   5.5603027e+01
   1.6556810e+06   3.6437988e+01
   1.6556950e+06   3.4851074e+01
   1.6557150e+06   6.7993164e+01
   1.6557420e+06   5.0415039e+01
   1.6557640e+06   4.9987793e+01
   1.6557800e+06   1.1340332e+02
   1.6557980e+06   4.3518066e+01
   1.6558370e+06   5.1696777e+01
   1.6558520e+06   6.4392090e+01
   1.6558740e+06   4.2602539e+01
   1.6558970e+06   4.2968750e+01
   1.6559310e+06   4.9682617e+01
   1.6560470e+06   3.9001465e+01
   1.6560780e+06   3.5827637e+01
   1.6560950e+06   3.6682129e+01
   1.6561400e+06   4.2236328e+01
   1.6563720e+06   3.5705566e+01
   1.6565790e+06   3.7414551e+01
   1.6568450e+06   3.6499023e+01
   1.6569840e+06   3.7841797e+01
   1.6570980e+06   4.0283203e+01
   1.6571630e+06   3.7719727e+01
   1.6572830e+06   5.1330566e+01
   1.6573030e+06   4.1381836e+01
   1.6573730e+06   3.8879395e+01
   1.6574230e+06   4.4372559e+01
   1.6574940e+06   8.2092285e+01
   1.6576930e+06   5.5419922e+01
   1.6582940e+06   6.7016602e+01
   1.6585350e+06   6.3720703e+01
   1.6589810e+06   3.5766602e+01
   1.6591290e+06   6.9824219e+01
   1.6597110e+06   3.5217285e+01
   1.6648280e+06   3.5522461e+01
   1.7053510e+06   2.0095825e+03
   1.7053640e+06   4.0283203e+01
   1.7053760e+06   1.1358643e+02
   1.7054230e+06   5.3039551e+01
   1.7054620e+06   4.2602539e+01
   1.7055510e+06   3.8757324e+01
   1.7055740e+06   1.7602539e+02
   1.7055870e+06   3.9123535e+01
   1.7056000e+06   3.7658691e+01
   1.7056780e+06   4.2236328e+01
   1.7057060e+06   4.7790527e+01
   1.7057190e+06   4.3029785e+01
   1.7057480e+06   4.5837402e+01
   1.7057610e+06   5.2307129e+01
   1.7057890e+06   8.5144043e+01
   1.7058050e+06   4.1503906e+01
   1.7058660e+06   6.1401367e+01
   1.7059400e+06   7.0068359e+01
   1.7059530e+06   4.4311523e+01
   1.7060000e+06   3.7292480e+01
   1.7060310e+06   4.4555664e+01
   1.7060520e+06   3.6315918e+01
   1.7060890e+06   3.7780762e+01
   1.7061480e+06   4.1809082e+01
   1.7061960e+06   3.7109375e+01
   1.7062240e+06   3.8146973e+01
   1.7062520e+06   3.5400391e+01
   1.7063410e+06   4.0100098e+01
   1.7063990e+06   4.1320801e+01
   1.7070520e+06   4.4860840e+01
   1.7072960e+06   4.0283203e+01
   1.7073760e+06   6.7321777e+01
   1.7074970e+06   3.9611816e+01
   1.7076550e+06   8.7951660e+01
   1.7076830e+06   3.6682129e+01
   1.7078830e+06   4.8400879e+01
   1.7079080e+06   3.6437988e+01
   1.7081750e+06   6.2805176e+01
   1.7083280e+06   5.6762695e+01
   1.7090250e+06   6.8786621e+01
   1.7444750e+06   4.1137695e+01
   1.7444900e+06   1.1486816e+02
   1.7445110e+06   4.0832520e+01
   1.7445240e+06   4.0466309e+01
   1.7445660e+06   3.7780762e+01
   1.7445980e+06   1.8994141e+02
   1.7446080e+06   3.8818359e+01
   1.7446340e+06   3.5461426e+01
   1.7446530e+06   1.2524414e+02
   1.7446780e+06   4.4128418e+01
   1.7446890e+06   1.4184570e+02
   1.7447230e+06   4.2114258e+01
   1.7447380e+06   3.8024902e+01
   1.7447660e+06   6.8115234e+01
   1.7448160e+06   7.0434570e+01
   1.7448450e+06   3.5461426e+01
   1.7448830e+06   4.0283203e+01
   1.7449360e+06   4.3395996e+01
   1.7449640e+06   4.1870117e+01
   1.7451570e+06   3.5034180e+01
   1.7453950e+06   3.6437988e+01
   1.7455000e+06   3.5400391e+01
   1.7456890e+06   3.5888672e+01
   1.7461020e+06   4.6508789e+01
   1.7461530e+06   3.7353516e+01
   1.7462270e+06   3.5888672e+01
   1.7463120e+06   4.9011230e+01
   1.7464220e+06   8.4106445e+01
   1.7464810e+06   3.8330078e+01
   1.7466130e+06   6.2194824e+01
   1.7466460e+06   3.7414551e+01
   1.7468630e+06   4.5349121e+01
   1.7471530e+06   7.1899414e+01
   1.7475000e+06   6.6101074e+01
   1.7478870e+06   7.4951172e+01
   1.7480580e+06   3.5461426e+01
   1.7553650e+06   2.0069580e+03
   1.7553780e+06   5.1330566e+01
   1.7553910e+06   1.1126709e+02
   1.7554580e+06   7.7514648e+01
   1.7555120e+06   3.5156250e+01
   1.7556350e+06   1.7889404e+02
   1.7556760e+06   9.7106934e+01
   1.7556930e+06   3.7048340e+01
   1.7557180e+06   3.9794922e+01
   1.7557610e+06   1.3299561e+02
   1.7557870e+06   3.8269043e+01
   1.7558140e+06   6.4208984e+01
   1.7558240e+06   3.7780762e+01
   1.7558670e+06   9.3322754e+01
   1.7558870e+06   4.7729492e+01
   1.7559140e+06   5.2978516e+01
   1.7559350e+06   4.2175293e+01
   1.7559650e+06   4.2541504e+01
   1.7559850e+06   3.9489746e+01
   1.7560450e+06   4.5410156e+01
   1.7561940e+06   3.8513184e+01
   1.7562640e+06   3.5705566e+01
   1.7563770e+06   3.5217285e+01
   1.7565110e+06   3.5339355e+01
   1.7566290e+06   3.6682129e+01
   1.7570670e+06   3.9062500e+01
   1.7570950e+06   3.6010742e+01
   1.7572680e+06   4.0710449e+01
   1.7573040e+06   6.3110352e+01
   1.7574130e+06   3.9245605e+01
   1.7575660e+06   8.2092285e+01
   1.7577780e+06   4.0527344e+01
   1.7579650e+06   3.9794922e+01
   1.7582820e+06   4.9804688e+01
   1.7585750e+06   5.3649902e+01
   1.7989020e+06   3.7719727e+01
   1.7989340e+06   1.2408447e+02
   1.7989730e+06   4.3823242e+01
   1.7990350e+06   1.8865967e+02
   1.7990520e+06   6.9580078e+01
   1.7990840e+06   4.3029785e+01
   1.7991160e+06   7.4340820e+01
   1.7991270e+06   1.5844727e+02
   1.7991600e+06   4.2358398e+01
   1.7991890e+06   4.4372559e+01
   1.7992090e+06   7.0312500e+01
   1.7992230e+06   4.1198730e+01
   1.7992450e+06   3.7353516e+01
   1.7992740e+06   5.5908203e+01
   1.7992930e+06   4.9743652e+01
   1.7993170e+06   4.1076660e+01
   1.7993380e+06   5.1208496e+01
   1.7993810e+06   3.5644531e+01
   1.7994750e+06   3.7353516e+01
   1.7996950e+06   3.8208008e+01
   1.7997320e+06   3.9611816e+01
   1.7998380e+06   3.5705566e+01
   1.7998990e+06   4.2602539e+01
   1.8000760e+06   3.6560059e+01
   1.8003900e+06   3.6010742e+01
   1.8004290e+06   3.6865234e+01
   1.8005710e+06   3.5400391e+01
   1.8007500e+06   7.2509766e+01
   1.8009450e+06   3.5339355e+01
   1.8009940e+06   1.0327148e+02
   1.8010620e+06   4.4860840e+01
   1.8012390e+06   4.9499512e+01
   1.8014740e+06   4.4250488e+01
   1.8017380e+06   6.2866211e+01
   1.8019280e+06   6.1645508e+01
   1.8021800e+06   5.3161621e+01
   1.8026380e+06   6.2255859e+01
   1.8026510e+06   3.5156250e+01
   1.8053810e+06   3.9999390e+03
   1.8054040e+06   9.1308594e+01
   1.8057660e+06   3.4912109e+01
   1.8057980e+06   6.5307617e+01
   1.8058470e+06   3.7353516e+01
   1.8058640e+06   4.3151855e+01
   1.8059700e+06   6.2988281e+01
   1.8059980e+06   4.1381836e+01
   1.8060430e+06   2.0141602e+02
   1.8061110e+06   3.5400391e+01
   1.8061290e+06   3.7414551e+01
   1.8061700e+06   3.7902832e+01
   1.8062100e+06   4.6997070e+01
   1.8062230e+06   1.7041016e+02
   1.8063340e+06   5.1147461e+01
   1.8063650e+06   5.6152344e+01
   1.8063820e+06   1.5435791e+02
   1.8064420e+06   3.9367676e+01
   1.8065330e+06   1.0217285e+02
   1.8065940e+06   3.8757324e+01
   1.8066800e+06   5.5236816e+01
   1.8067030e+06   8.7402344e+01
   1.8067190e+06   3.5644531e+01
   1.8068170e+06   3.6987305e+01
   1.8068590e+06   7.7575684e+01
   1.8069620e+06   3.5522461e+01
   1.8070620e+06   9.1979980e+01
   1.8071450e+06   3.6865234e+01
   1.8072640e+06   1.0260010e+02
   1.8074380e+06   3.9001465e+01
   1.8076030e+06   1.0937500e+02
   1.8079690e+06   3.5705566e+01
   1.8082140e+06   3.4851074e+01
   1.8085570e+06   3.7963867e+01
   1.8089070e+06   5.7189941e+01
   1.8091970e+06   5.6762695e+01
   1.8095920e+06   3.9489746e+01
   1.8101200e+06   3.9550781e+01
   1.8553950e+06   2.0070801e+03
   1.8554190e+06   1.3360596e+02
   1.8554720e+06   3.6621094e+01
   1.8555260e+06   3.9916992e+01
   1.8555690e+06   9.3505859e+01
   1.8555810e+06   1.9281006e+02
   1.8556640e+06   4.7729492e+01
   1.8556770e+06   3.6376953e+01
   1.8557060e+06   2.1209717e+02
   1.8557250e+06   4.7729492e+01
   1.8557460e+06   4.1687012e+01
   1.8557580e+06   4.3701172e+01
   1.8557760e+06   5.9875488e+01
   1.8557900e+06   8.4167480e+01
   1.8558280e+06   6.3964844e+01
   1.8558490e+06   4.4433594e+01
   1.8558700e+06   4.6264648e+01
   1.8558890e+06   4.9621582e+01
   1.8559020e+06   3.4851074e+01
   1.8559210e+06   3.6071777e+01
   1.8559450e+06   4.4982910e+01
   1.8559560e+06   3.4912109e+01
   1.8559750e+06   4.8217773e+01
   1.8560030e+06   3.7475586e+01
   1.8561120e+06   4.0893555e+01
   1.8561420e+06   3.4973145e+01
   1.8565010e+06   3.7719727e+01
   1.8569630e+06   3.5827637e+01
   1.8571080e+06   3.4790039e+01
   1.8571890e+06   5.7861328e+01
   1.8574220e+06   3.9001465e+01
   1.8574920e+06   8.7524414e+01
   1.8576760e+06   5.1452637e+01
   1.8578270e+06   5.1635742e+01
   1.8581480e+06   3.6437988e+01
   1.8584600e+06   5.8471680e+01
   1.8587330e+06   7.2631836e+01
   1.9054090e+06   3.9999390e+03
   1.9054330e+06   1.1059570e+02
   1.9055890e+06   4.1442871e+01
   1.9056540e+06   1.7724609e+02
   1.9057270e+06   3.4912109e+01
   1.9057430e+06   4.0100098e+01
   1.9057630e+06   3.6376953e+01
   1.9057730e+06   1.4996338e+02
   1.9058160e+06   3.9306641e+01
   1.9058400e+06   4.2663574e+01
   1.9058620e+06   1.2548828e+02
   1.9058790e+06   3.5339355e+01
   1.9059050e+06   3.7231445e+01
   1.9059410e+06   8.4045410e+01
   1.9059660e+06   4.9743652e+01
   1.9059860e+06   5.7006836e+01
   1.9060390e+06   6.7626953e+01
   1.9060520e+06   3.8452148e+01
   1.9060830e+06   4.1076660e+01
   1.9061210e+06   5.7861328e+01
   1.9061320e+06   3.9978027e+01
   1.9062150e+06   4.7302246e+01
   1.9063180e+06   4.0405273e+01
   1.9063950e+06   3.7719727e+01
   1.9064450e+06   3.9001465e+01
   1.9066600e+06   3.5705566e+01
   1.9068120e+06   4.4372559e+01
   1.9068830e+06   3.6315918e+01
   1.9069090e+06   3.7597656e+01
   1.9070450e+06   4.2541504e+01
   1.9072020e+06   3.7109375e+01
   1.9073130e+06   4.7485352e+01
   1.9073240e+06   3.5095215e+01
   1.9074710e+06   4.5349121e+01
   1.9075200e+06   7.5805664e+01
   1.9076440e+06   4.3457031e+01
   1.9077530e+06   1.0797119e+02
   1.9078270e+06   5.4992676e+01
   1.9554230e+06   2.0061035e+03
   1.9554390e+06   3.8452148e+01
   1.9556250e+06   1.6491699e+02
   1.9556400e+06   4.1564941e+01
   1.9556940e+06   3.9978027e+01
   1.9557330e+06   3.9733887e+01
   1.9557600e+06   4.3945313e+01
   1.9557880e+06   1.4532471e+02
   1.9558250e+06   3.6865234e+01
   1.9558380e+06   3.4973145e+01
   1.9558920e+06   1.1431885e+02
   1.9559210e+06   3.8757324e+01
   1.9559400e+06   3.9550781e+01
   1.9559640e+06   4.8645020e+01
   1.9559820e+06   5.3955078e+01
   1.9560080e+06   1.0382080e+02
   1.9560440e+06   4.2114258e+01
   1.9560610e+06   4.0222168e+01
   1.9560770e+06   3.7658691e+01
   1.9561110e+06   3.6987305e+01
   1.9561260e+06   3.9306641e+01
   1.9561780e+06   3.6376953e+01
   1.9561960e+06   4.0954590e+01
   1.9562110e+06   5.8532715e+01
   1.9562480e+06   3.9062500e+01
   1.9563180e+06   7.1228027e+01
   1.9563550e+06   3.9428711e+01
   1.9563810e+06   4.0344238e+01
   1.9564010e+06   6.0607910e+01
   1.9565200e+06   4.7912598e+01
   1.9566320e+06   4.8583984e+01
   1.9569010e+06   4.6020508e+01
   1.9570940e+06   4.6203613e+01
   1.9571170e+06   3.5156250e+01
   1.9572950e+06   6.7626953e+01
   1.9575250e+06   6.2316895e+01
   1.9577300e+06   6.0668945e+01
   1.9580310e+06   1.0314941e+02
   2.0054350e+06   2.0084839e+03
   2.0054470e+06   5.9020996e+01
   2.0054600e+06   8.0017090e+01
   2.0056690e+06   1.7047119e+02
   2.0056920e+06   4.6203613e+01
   2.0057650e+06   3.4790039e+01
   2.0057920e+06   3.5522461e+01
   2.0058200e+06   5.0720215e+01
   2.0058540e+06   4.4982910e+01
   2.0058750e+06   3.9367676e+01
   2.0059180e+06   1.0290527e+02
   2.0059360e+06   3.5339355e+01
   2.0059740e+06   3.4851074e+01
   2.0060120e+06   5.4748535e+01
   2.0060310e+06   3.7353516e+01
   2.0060450e+06   3.7048340e+01
   2.0060580e+06   3.5339355e+01
   2.0060940e+06   1.0095215e+02
   2.0061180e+06   4.0771484e+01
   2.0061330e+06   4.0954590e+01
   2.0061460e+06   3.8757324e+01
   2.0061750e+06   4.1687012e+01
   2.0061930e+06   3.6376953e+01
   2.0062360e+06   8.4960938e+01
   2.0063370e+06   7.7209473e+01
   2.0063980e+06   3.9306641e+01
   2.0064660e+06   3.6193848e+01
   2.0065120e+06   7.4218750e+01
   2.0066510e+06   5.9265137e+01
   2.0066610e+06   4.2602539e+01
   2.0069010e+06   7.9040527e+01
   2.0072570e+06   7.8186035e+01
   2.0554490e+06   2.0119629e+03
   2.0554610e+06   5.6640625e+01
   2.0554740e+06   9.4482422e+01
   2.0555270e+06   3.6071777e+01
   2.0555560e+06   3.6376953e+01
   2.0556450e+06   1.9262695e+02
   2.0557920e+06   3.5644531e+01
   2.0558120e+06   5.0964355e+01
   2.0558350e+06   1.8450928e+02
   2.0558560e+06   4.6813965e+01
   2.0558960e+06   3.8085938e+01
   2.0559110e+06   3.5644531e+01
   2.0559410e+06   4.8461914e+01
   2.0559670e+06   4.4006348e+01
   2.0559830e+06   3.5644531e+01
   2.0560080e+06   3.7170410e+01
   2.0560420e+06   5.8105469e+01
   2.0560640e+06   4.4128418e+01
   2.0560860e+06   3.6865234e+01
   2.0561590e+06   3.9245605e+01
   2.0561880e+06   3.8269043e+01
   2.0562960e+06   3.7780762e+01
   2.0563260e+06   3.8818359e+01
   2.0563530e+06   9.5703125e+01
   2.0563740e+06   3.8696289e+01
   2.0565020e+06   3.7109375e+01
   2.0565160e+06   3.5095215e+01
   2.0566520e+06   8.2824707e+01
   2.0567570e+06   3.7780762e+01
   2.0568660e+06   3.5217285e+01
   2.0570600e+06   3.6071777e+01
   2.0578260e+06   8.0078125e+01
   2.1054630e+06   2.0105591e+03
   2.1054810e+06   4.4738770e+01
   2.1056100e+06   3.6926270e+01
   2.1057240e+06   3.5339355e+01
   2.1057610e+06   1.7517090e+02
   2.1057850e+06   4.3823242e+01
   2.1058030e+06   3.6926270e+01
   2.1058220e+06   4.6081543e+01
   2.1058880e+06   1.5008545e+02
   2.1059670e+06   3.5217285e+01
   2.1059970e+06   1.1718750e+02
   2.1060410e+06   3.8024902e+01
   2.1060620e+06   4.5410156e+01
   2.1060880e+06   4.5593262e+01
   2.1061090e+06   3.5339355e+01
   2.1061410e+06   3.7536621e+01
   2.1061890e+06   3.5522461e+01
   2.1062140e+06   3.8452148e+01
   2.1062590e+06   4.2907715e+01
   2.1062850e+06   3.8757324e+01
   2.1063010e+06   3.5644531e+01
   2.1063440e+06   3.6254883e+01
   2.1063930e+06   3.7170410e+01
   2.1064260e+06   3.7475586e+01
   2.1064620e+06   3.8085938e+01
   2.1064960e+06   3.7719727e+01
   2.1065480e+06   4.0039063e+01
   2.1065630e+06   4.1625977e+01
   2.1066140e+06   3.7414551e+01
   2.1066840e+06   3.8696289e+01
   2.1067710e+06   3.7719727e+01
   2.1068370e+06   3.8940430e+01
   2.1068540e+06   3.7109375e+01
   2.1076000e+06   3.5156250e+01
   2.1076570e+06   3.8024902e+01
   2.1078880e+06   8.2519531e+01
   2.1554770e+06   2.0062256e+03
   2.1554920e+06   3.8452148e+01
   2.1555020e+06   1.1968994e+02
   2.1555790e+06   4.3151855e+01
   2.1556860e+06   1.7669678e+02
   2.1557710e+06   5.0354004e+01
   2.1558820e+06   1.6625977e+02
   2.1559040e+06   3.9062500e+01
   2.1559310e+06   4.8034668e+01
   2.1559620e+06   5.8105469e+01
   2.1559800e+06   1.1090088e+02
   2.1560120e+06   4.4128418e+01
   2.1560540e+06   4.4555664e+01
   2.1560800e+06   4.6569824e+01
   2.1561040e+06   3.4851074e+01
   2.1561410e+06   3.5034180e+01
   2.1561880e+06   4.4128418e+01
   2.1562100e+06   3.7353516e+01
   2.1562330e+06   3.5949707e+01
   2.1563240e+06   3.6682129e+01
   2.1563750e+06   4.2419434e+01
   2.1563870e+06   3.8024902e+01
   2.1565900e+06   3.4912109e+01
   2.1571960e+06   3.8146973e+01
   2.1573610e+06   3.5217285e+01
   2.1576160e+06   4.7729492e+01
   2.1578210e+06   6.1218262e+01
   2.1580560e+06   9.9853516e+01
   2.2036300e+06   3.6560059e+01
   2.2036490e+06   3.6193848e+01
   2.2036750e+06   1.8859863e+02
   2.2037190e+06   3.6804199e+01
   2.2037700e+06   5.0781250e+01
   2.2037850e+06   3.4973145e+01
   2.2038070e+06   1.4453125e+02
   2.2038300e+06   3.9123535e+01
   2.2038500e+06   4.1381836e+01
   2.2038790e+06   4.9499512e+01
   2.2038910e+06   3.7109375e+01
   2.2039050e+06   8.6120605e+01
   2.2039690e+06   6.4208984e+01
   2.2039990e+06   3.7780762e+01
   2.2040690e+06   5.0354004e+01
   2.2040870e+06   3.8208008e+01
   2.2041200e+06   3.9306641e+01
   2.2041420e+06   4.0954590e+01
   2.2041660e+06   4.1198730e+01
   2.2042110e+06   3.5888672e+01
   2.2042580e+06   3.7658691e+01
   2.2043030e+06   3.8146973e+01
   2.2043200e+06   3.8146973e+01
   2.2043530e+06   4.5349121e+01
   2.2043930e+06   3.7841797e+01
   2.2046060e+06   3.5339355e+01
   2.2048120e+06   3.9245605e+01
   2.2049050e+06   3.6193848e+01
   2.2054910e+06   2.0115356e+03
   2.2055100e+06   5.7861328e+01
   2.2055850e+06   3.7414551e+01
   2.2057750e+06   6.9763184e+01
   2.2555070e+06   3.9999390e+03
   2.2555170e+06   4.8095703e+01
   2.2555290e+06   1.1541748e+02
   2.2555490e+06   4.1625977e+01
   2.2555800e+06   4.0039063e+01
   2.2557760e+06   4.2663574e+01
   2.2557970e+06   1.6845703e+02
   2.2559360e+06   3.5583496e+01
   2.2559470e+06   1.4630127e+02
   2.2559720e+06   3.7841797e+01
   2.2560510e+06   1.0162354e+02
   2.2560750e+06   4.6752930e+01
   2.2561100e+06   4.4677734e+01
   2.2561540e+06   5.4626465e+01
   2.2561880e+06   4.1625977e+01
   2.2562050e+06   3.7475586e+01
   2.2562260e+06   5.0720215e+01
   2.2562520e+06   3.9245605e+01
   2.2562800e+06   4.8522949e+01
   2.2563020e+06   3.6193848e+01
   2.2563460e+06   3.8635254e+01
   2.2563780e+06   3.6743164e+01
   2.2564140e+06   4.1198730e+01
   2.2564310e+06   4.2419434e+01
   2.2564580e+06   4.0161133e+01
   2.2565080e+06   4.4799805e+01
   2.2565210e+06   3.8208008e+01
   2.2566120e+06   5.1513672e+01
   2.2567480e+06   4.1259766e+01
   2.2571700e+06   3.8146973e+01
   2.2573370e+06   3.5217285e+01
   2.2576790e+06   3.7658691e+01
   2.2578790e+06   3.6865234e+01
   2.2582050e+06   8.7707520e+01
   2.3055210e+06   2.0128784e+03
   2.3055370e+06   4.3945313e+01
   2.3055470e+06   4.0405273e+01
   2.3056100e+06   3.7292480e+01
   2.3056530e+06   1.8865967e+02
   2.3057590e+06   3.4912109e+01
   2.3058000e+06   3.7414551e+01
   2.3058860e+06   1.6455078e+02
   2.3059390e+06   3.7963867e+01
   2.3059810e+06   3.5644531e+01
   2.3060160e+06   1.4373779e+02
   2.3060340e+06   5.6091309e+01
   2.3060510e+06   3.5583496e+01
   2.3060750e+06   3.6010742e+01
   2.3061330e+06   9.2346191e+01
   2.3061470e+06   3.5034180e+01
   2.3061830e+06   4.4067383e+01
   2.3061950e+06   3.6071777e+01
   2.3062080e+06   3.9733887e+01
   2.3062400e+06   4.6508789e+01
   2.3062800e+06   4.3701172e+01
   2.3063180e+06   3.8940430e+01
   2.3063850e+06   3.5827637e+01
   2.3064370e+06   5.2551270e+01
   2.3064870e+06   4.2114258e+01
   2.3065200e+06   3.5156250e+01
   2.3066370e+06   3.8208008e+01
   2.3066500e+06   3.7292480e+01
   2.3066900e+06   3.6010742e+01
   2.3067100e+06   3.9855957e+01
   2.3068480e+06   3.7292480e+01
   2.3069440e+06   3.7841797e+01
   2.3071880e+06   3.5278320e+01
   2.3078580e+06   5.2001953e+01
   2.3080920e+06   8.7524414e+01
   2.3353110e+06   2.2979736e+02
   2.3360430e+06   2.1508789e+02
   2.3414100e+06   1.9567871e+02
   2.3498540e+06   3.5156250e+01
   2.3502010e+06   2.0544434e+02
   2.3502480e+06   3.7231445e+01
   2.3502980e+06   4.5288086e+01
   2.3503230e+06   4.8950195e+01
   2.3503410e+06   1.4703369e+02
   2.3503750e+06   3.8696289e+01
   2.3504120e+06   3.8085938e+01
   2.3504460e+06   1.0552979e+02
   2.3504770e+06   4.3212891e+01
   2.3505580e+06   6.9519043e+01
   2.3505790e+06   4.2053223e+01
   2.3506090e+06   3.4790039e+01
   2.3506350e+06   3.9428711e+01
   2.3506620e+06   3.9978027e+01
   2.3507070e+06   3.5034180e+01
   2.3507590e+06   4.3518066e+01
   2.3508110e+06   4.7363281e+01
   2.3509050e+06   4.2114258e+01
   2.3509240e+06   3.8635254e+01
   2.3509710e+06   3.7536621e+01
   2.3509910e+06   3.8879395e+01
   2.3510880e+06   3.6987305e+01
   2.3511470e+06   3.5034180e+01
   2.3512140e+06   3.8146973e+01
   2.3513550e+06   3.8146973e+01
   2.3516500e+06   3.5888672e+01
   2.3518810e+06   3.5583496e+01
   2.3522140e+06   4.0771484e+01
   2.3525080e+06   8.8928223e+01
   2.3555350e+06   2.0136108e+03
   2.3555570e+06   1.4074707e+02
   2.4118540e+06   3.5705566e+01
   2.4119330e+06   4.1259766e+01
   2.4119660e+06   3.5705566e+01
   2.4120560e+06   1.9415283e+02
   2.4120900e+06   3.7902832e+01
   2.4121790e+06   3.7536621e+01
   2.4121950e+06   1.5454102e+02
   2.4122270e+06   3.8696289e+01
   2.4123090e+06   1.1236572e+02
   2.4123510e+06   3.5705566e+01
   2.4123790e+06   3.5766602e+01
   2.4124220e+06   5.6213379e+01
   2.4124660e+06   4.3640137e+01
   2.4125080e+06   5.3955078e+01
   2.4125500e+06   3.8818359e+01
   2.4126080e+06   4.6142578e+01
   2.4126350e+06   3.9611816e+01
   2.4126750e+06   3.9489746e+01
   2.4127570e+06   3.6621094e+01
   2.4127890e+06   3.5949707e+01
   2.4128050e+06   3.8879395e+01
   2.4128640e+06   4.2236328e+01
   2.4141520e+06   5.6396484e+01
   2.4144230e+06   9.9914551e+01
   2.4471380e+06   3.6193848e+01
   2.4474240e+06   3.9733887e+01
   2.4474630e+06   9.7961426e+01
   2.4475990e+06   4.3212891e+01
   2.4477080e+06   1.9604492e+02
   2.4478950e+06   3.6865234e+01
   2.4479200e+06   1.5618896e+02
   2.4479800e+06   4.1198730e+01
   2.4479980e+06   4.0771484e+01
   2.4480360e+06   3.9245605e+01
   2.4480830e+06   3.6499023e+01
   2.4480990e+06   3.9428711e+01
   2.4481220e+06   5.0659180e+01
   2.4481480e+06   4.6936035e+01
   2.4481590e+06   9.4238281e+01
   2.4482610e+06   4.9987793e+01
   2.4482860e+06   3.8635254e+01
   2.4483280e+06   4.7607422e+01
   2.4483510e+06   3.7536621e+01
   2.4484100e+06   3.7170410e+01
   2.4484370e+06   4.3395996e+01
   2.4486280e+06   3.6865234e+01
   2.4487450e+06   4.0222168e+01
   2.4491260e+06   3.6254883e+01
   2.4492680e+06   3.5705566e+01
   2.4494850e+06   3.6560059e+01
   2.4496900e+06   6.3171387e+01
   2.4499980e+06   1.2268066e+02
   2.5104140e+06   4.1381836e+01
   2.5105280e+06   4.0893555e+01
   2.5106520e+06   4.0588379e+01
   2.5107210e+06   3.5461426e+01
   2.5107660e+06   4.7912598e+01
   2.5107810e+06   1.7004395e+02
   2.5108670e+06   3.7231445e+01
   2.5109300e+06   1.4935303e+02
   2.5110340e+06   3.5034180e+01
   2.5110600e+06   1.3922119e+02
   2.5110780e+06   4.1259766e+01
   2.5111150e+06   3.5400391e+01
   2.5111580e+06   3.9123535e+01
   2.5111680e+06   8.6975098e+01
   2.5112700e+06   3.7536621e+01
   2.5112810e+06   6.3415527e+01
   2.5113040e+06   3.6010742e+01
   2.5113900e+06   4.1870117e+01
   2.5115410e+06   3.4790039e+01
   2.5116020e+06   4.3823242e+01
   2.5116440e+06   3.9367676e+01
   2.5117900e+06   4.2053223e+01
   2.5119520e+06   3.6682129e+01
   2.5120070e+06   3.5156250e+01
   2.5120620e+06   3.7658691e+01
   2.5121740e+06   3.6132813e+01
   2.5128830e+06   5.3710938e+01
   2.5131310e+06   1.0986328e+02
   2.5560780e+06   1.2731934e+02
   2.5564120e+06   1.8511963e+02
   2.5564790e+06   4.5715332e+01
   2.5565320e+06   3.5583496e+01
   2.5565730e+06   1.7742920e+02
   2.5566850e+06   4.0710449e+01
   2.5567260e+06   1.2445068e+02
   2.5567630e+06   3.9733887e+01
   2.5568580e+06   1.0229492e+02
   2.5568690e+06   5.0720215e+01
   2.5569060e+06   4.1442871e+01
   2.5569480e+06   4.3334961e+01
   2.5569750e+06   9.9975586e+01
   2.5570240e+06   4.2358398e+01
   2.5570380e+06   4.0527344e+01
   2.5571170e+06   3.5095215e+01
   2.5571380e+06   3.5217285e+01
   2.5571560e+06   3.7170410e+01
   2.5571830e+06   3.6437988e+01
   2.5572360e+06   3.7963867e+01
   2.5572710e+06   3.9367676e+01
   2.5576270e+06   3.5278320e+01
   2.5578660e+06   3.7536621e+01
   2.5582010e+06   3.7719727e+01
   2.5584380e+06   7.5256348e+01
   2.5588270e+06   4.2297363e+01
   2.6397930e+06   3.7353516e+01
   2.6398030e+06   3.9916992e+01
   2.6398900e+06   3.7292480e+01
   2.6399210e+06   3.7780762e+01
   2.6401230e+06   1.7913818e+02
   2.6403110e+06   1.6546631e+02
   2.6404520e+06   4.0710449e+01
   2.6405080e+06   1.4202881e+02
   2.6405590e+06   4.0954590e+01
   2.6406840e+06   1.5100098e+02
   2.6408530e+06   1.2701416e+02
   2.6408830e+06   3.5156250e+01
   2.6409060e+06   3.6682129e+01
   2.6410090e+06   1.2194824e+02
   2.6411870e+06   9.3078613e+01
   2.6412180e+06   3.5827637e+01
   2.6412550e+06   3.9306641e+01
   2.6413600e+06   1.0748291e+02
   2.6414730e+06   4.0405273e+01
   2.6415820e+06   1.0406494e+02
   2.6418590e+06   1.2969971e+02
   2.6425300e+06   3.7475586e+01
   2.7084300e+06   4.3334961e+01
   2.7086710e+06   4.0039063e+01
   2.7088390e+06   4.0283203e+01
   2.7088770e+06   1.8518066e+02
   2.7090100e+06   3.5766602e+01
   2.7091170e+06   1.8029785e+02
   2.7093160e+06   3.5766602e+01
   2.7094910e+06   1.5625000e+02
   2.7099510e+06   4.1870117e+01
   2.7113170e+06   3.8208008e+01
   2.7114600e+06   3.6621094e+01
   2.7115970e+06   3.5766602e+01
   2.7116990e+06   3.5949707e+01
   2.7117200e+06   1.1560059e+02
   2.7118100e+06   9.4238281e+01
   2.7122450e+06   3.7597656e+01
   2.7128270e+06   9.6801758e+01
   2.7129270e+06   3.5583496e+01
   2.7129520e+06   3.6743164e+01
   2.7130980e+06   9.3994141e+01
   2.7131380e+06   3.5583496e+01
   2.7132820e+06   8.8806152e+01
   2.7136430e+06   1.0107422e+02
   2.7138790e+06   6.9641113e+01
   2.7140110e+06   3.6437988e+01
   2.7143550e+06   3.6254883e+01
   2.7144710e+06   1.0034180e+02
   2.7144820e+06   3.9916992e+01
   2.7147640e+06   3.8269043e+01
   2.7156550e+06   3.4851074e+01
   2.7482530e+06   1.2390137e+02
   2.7482740e+06   3.6926270e+01
   2.7482980e+06   3.7658691e+01
   2.7483690e+06   3.4851074e+01
   2.7483800e+06   3.7231445e+01
   2.7484620e+06   4.3212891e+01
   2.7484870e+06   4.1259766e+01
   2.7485270e+06   1.9024658e+02
   2.7485670e+06   3.8513184e+01
   2.7486210e+06   5.0170898e+01
   2.7486530e+06   3.7414551e+01
   2.7486830e+06   1.5423584e+02
   2.7487130e+06   3.4912109e+01
   2.7487280e+06   3.4973145e+01
   2.7487710e+06   4.2053223e+01
   2.7487960e+06   1.1254883e+02
   2.7488420e+06   4.2663574e+01
   2.7489000e+06   8.0932617e+01
   2.7489230e+06   3.7963867e+01
   2.7489850e+06   3.7719727e+01
   2.7489980e+06   3.7780762e+01
   2.7490240e+06   4.0466309e+01
   2.7490590e+06   3.4790039e+01
   2.7490700e+06   4.6386719e+01
   2.7491220e+06   4.3518066e+01
   2.7491940e+06   3.7475586e+01
   2.7492700e+06   4.5104980e+01
   2.7493590e+06   3.5339355e+01
   2.7494530e+06   3.8757324e+01
   2.7503430e+06   3.5522461e+01
   2.7505710e+06   9.3322754e+01
   2.8194470e+06   4.2297363e+01
   2.8194570e+06   1.1737061e+02
   2.8196730e+06   1.8524170e+02
   2.8197800e+06   5.3466797e+01
   2.8198000e+06   1.5582275e+02
   2.8198380e+06   4.6081543e+01
   2.8198800e+06   5.3771973e+01
   2.8199060e+06   1.0968018e+02
   2.8199870e+06   3.6254883e+01
   2.8200130e+06   5.5053711e+01
   2.8200340e+06   4.4311523e+01
   2.8200860e+06   3.6621094e+01
   2.8201520e+06   4.9438477e+01
   2.8201790e+06   5.7495117e+01
   2.8202400e+06   4.3701172e+01
   2.8202660e+06   4.2358398e+01
   2.8203040e+06   4.0222168e+01
   2.8203260e+06   3.9306641e+01
   2.8203440e+06   3.5217285e+01
   2.8203980e+06   3.9367676e+01
   2.8204630e+06   4.2236328e+01
   2.8204800e+06   3.6499023e+01
   2.8206830e+06   3.5705566e+01
   2.8208650e+06   4.5837402e+01
   2.8214130e+06   3.9733887e+01
   2.8216520e+06   7.6782227e+01
   2.8937980e+06   3.5766602e+01
   2.8939390e+06   4.1259766e+01
   2.8940520e+06   1.7138672e+02
   2.8940710e+06   4.4128418e+01
   2.8941370e+06   3.8879395e+01
   2.8941730e+06   1.5728760e+02
   2.8942040e+06   4.4982910e+01
   2.8942170e+06   3.5583496e+01
   2.8942530e+06   3.5034180e+01
   2.8942730e+06   1.0638428e+02
   2.8943030e+06   3.9123535e+01
   2.8943210e+06   3.7719727e+01
   2.8943390e+06   4.5593262e+01
   2.8943600e+06   5.2612305e+01
   2.8943960e+06   3.5644531e+01
   2.8944190e+06   3.7841797e+01
   2.8944290e+06   4.8278809e+01
   2.8944670e+06   3.7353516e+01
   2.8945410e+06   3.5217285e+01
   2.8945520e+06   4.4555664e+01
   2.8945840e+06   4.8461914e+01
   2.8945980e+06   3.5766602e+01
   2.8946260e+06   3.4851074e+01
   2.8946640e+06   4.1198730e+01
   2.8947100e+06   4.0649414e+01
   2.8947640e+06   3.7048340e+01
   2.8947740e+06   5.3405762e+01
   2.8949320e+06   3.5766602e+01
   2.8949630e+06   3.7658691e+01
   2.8950190e+06   4.0283203e+01
   2.8952030e+06   3.4912109e+01
   2.8958950e+06   3.6071777e+01
   2.8960970e+06   7.6477051e+01
   2.9139310e+06   1.1224365e+02
   2.9139860e+06   3.9001465e+01
   2.9140370e+06   9.8571777e+01
   2.9140730e+06   3.6926270e+01
   2.9141000e+06   8.5632324e+01
   2.9141250e+06   3.6621094e+01
   2.9141910e+06   4.8278809e+01
   2.9142280e+06   1.8542480e+02
   2.9142630e+06   4.1687012e+01
   2.9143040e+06   3.5644531e+01
   2.9143290e+06   3.5095215e+01
   2.9144180e+06   5.4992676e+01
   2.9144400e+06   1.9244385e+02
   2.9145410e+06   3.9611816e+01
   2.9145750e+06   1.4758301e+02
   2.9145990e+06   4.1381836e+01
   2.9146880e+06   7.5317383e+01
   2.9147180e+06   3.5766602e+01
   2.9147860e+06   4.4067383e+01
   2.9147960e+06   4.9804688e+01
   2.9148350e+06   3.7414551e+01
   2.9149210e+06   3.5888672e+01
   2.9149980e+06   3.5095215e+01
   2.9151280e+06   3.7780762e+01
   2.9152310e+06   3.6132813e+01
   2.9153780e+06   3.6865234e+01
   2.9154310e+06   3.9306641e+01
   2.9159800e+06   3.8757324e+01
   2.9162710e+06   5.4748535e+01
   2.9378570e+06   3.6804199e+01
   2.9720890e+06   5.6640625e+01
   2.9721030e+06   3.6499023e+01
   2.9721330e+06   3.7475586e+01
   2.9721550e+06   2.0672607e+02
   2.9721960e+06   3.4790039e+01
   2.9722620e+06   1.4263916e+02
   2.9722760e+06   4.3640137e+01
   2.9723070e+06   4.2236328e+01
   2.9723480e+06   9.5214844e+01
   2.9723670e+06   4.7790527e+01
   2.9723770e+06   4.0039063e+01
   2.9724010e+06   3.9489746e+01
   2.9724330e+06   4.7485352e+01
   2.9724580e+06   5.4138184e+01
   2.9724750e+06   4.9987793e+01
   2.9724930e+06   3.7719727e+01
   2.9726490e+06   5.0659180e+01
   2.9727200e+06   1.1108398e+02
   2.9727340e+06   3.9611816e+01
   2.9727950e+06   3.5583496e+01
   2.9730160e+06   1.0150146e+02
   2.9730560e+06   3.8330078e+01
   2.9730920e+06   4.1137695e+01
   2.9733020e+06   4.8950195e+01
   2.9733610e+06   3.5034180e+01
   2.9738260e+06   4.2724609e+01
   2.9740240e+06   7.1838379e+01
   2.9744150e+06   3.6132813e+01
   2.9971850e+06   1.1572266e+02
   2.9973030e+06   3.6376953e+01
   2.9973260e+06   3.9184570e+01
   2.9973620e+06   1.8572998e+02
   2.9973810e+06   3.5278320e+01
   2.9973940e+06   5.0720215e+01
   2.9974140e+06   3.9611816e+01
   2.9974450e+06   4.4006348e+01
   2.9974700e+06   1.5106201e+02
   2.9974970e+06   4.2541504e+01
   2.9975540e+06   5.2978516e+01
   2.9976090e+06   3.5095215e+01
   2.9976330e+06   5.8288574e+01
   2.9977000e+06   3.5827637e+01
   2.9977430e+06   3.7536621e+01
   2.9977760e+06   4.0222168e+01
   2.9977910e+06   3.9062500e+01
   2.9978370e+06   4.8950195e+01
   2.9978490e+06   9.3750000e+01
   2.9978770e+06   4.2602539e+01
   2.9978950e+06   3.8330078e+01
   2.9979280e+06   3.6315918e+01
   2.9979640e+06   3.8146973e+01
   2.9979820e+06   9.0087891e+01
   2.9980770e+06   5.0048828e+01
   2.9981320e+06   3.7780762e+01
   2.9983300e+06   7.4035645e+01
   2.9983830e+06   3.5766602e+01
   2.9984420e+06   7.6965332e+01
   2.9986520e+06   8.6791992e+01
   2.9988070e+06   3.8696289e+01
