   2.9990000e+06   0.0000000e+00
   4.6884000e+04   1.1767578e+02
   4.6951000e+04   1.0662842e+02
   4.7190000e+04   1.1956787e+02
   4.7228000e+04   1.0595703e+02
   4.7409000e+04   1.0229492e+02
   4.7674000e+04   1.0821533e+02
   6.0506000e+04   1.0449219e+02
   1.0484500e+05   1.0076904e+02
   1.0497600e+05   9.8693848e+01
   1.0504800e+05   1.1669922e+02
   1.0516100e+05   1.2774658e+02
   1.0533600e+05   1.0223389e+02
   1.0540100e+05   1.1090088e+02
   1.6372800e+05   1.0803223e+02
   1.6377800e+05   1.1834717e+02
   1.6394300e+05   9.8876953e+01
   1.6401700e+05   1.1236572e+02
   1.6407900e+05   9.7961426e+01
   1.6414100e+05   1.0363770e+02
   1.6420600e+05   9.7167969e+01
   2.1995200e+05   9.9487305e+01
   2.2014500e+05   1.4868164e+02
   2.2020500e+05   1.0009766e+02
   2.2029600e+05   9.6679688e+01
   2.2064500e+05   9.7534180e+01
   2.2077900e+05   1.0296631e+02
   2.7177600e+05   9.8449707e+01
   2.7183300e+05   9.6984863e+01
   2.7191300e+05   1.0229492e+02
   2.7203300e+05   1.0498047e+02
   2.7254400e+05   9.8449707e+01
   3.0470900e+05   1.1712646e+02
   3.0476900e+05   1.0876465e+02
   3.0494400e+05   1.0595703e+02
   3.0514300e+05   1.0778809e+02
   3.1873900e+05   1.0137939e+02
   3.2105300e+05   1.0656738e+02
   3.2111300e+05   1.0644531e+02
   3.2118800e+05   9.8815918e+01
   3.2123700e+05   9.7045898e+01
   3.2145200e+05   9.7961426e+01
   3.2146200e+05   1.0595703e+02
   3.2155400e+05   1.0058594e+02
   3.3106300e+05   9.7045898e+01
   3.3123000e+05   1.0229492e+02
   3.3139200e+05   1.0577393e+02
   3.3150600e+05   9.6679688e+01
   3.3154100e+05   9.9182129e+01
   3.3167800e+05   1.0791016e+02
   3.3708400e+05   1.0180664e+02
   3.4947400e+05   1.0003662e+02
   3.6060500e+05   1.0241699e+02
   3.7993500e+05   1.1090088e+02
   3.8031100e+05   1.0870361e+02
   3.8042800e+05   1.0552979e+02
   4.0725200e+05   1.1505127e+02
   4.0746100e+05   1.0607910e+02
   4.3188200e+05   1.0803223e+02
   4.4958500e+05   1.0491943e+02
   4.5878500e+05   9.7778320e+01
   4.6687100e+05   1.0076904e+02
   5.0062300e+05   9.8266602e+01
   5.0092500e+05   1.0253906e+02
   5.1982700e+05   1.0449219e+02
   5.2016500e+05   1.0748291e+02
   5.2029100e+05   1.0766602e+02
   6.0504000e+05   2.0179443e+03
   6.5505400e+05   2.0352173e+03
   7.0506800e+05   2.0181885e+03
   7.5508400e+05   3.9999390e+03
   8.0509600e+05   2.0228882e+03
   8.5511200e+05   3.9999390e+03
   9.0512400e+05   2.0254517e+03
   9.5513800e+05   2.0166626e+03
   1.0051540e+06   3.9999390e+03
   1.0059850e+06   9.7412109e+01
   1.0062930e+06   9.9609375e+01
   1.0063870e+06   1.0961914e+02
   1.0064620e+06   1.0711670e+02
   1.0067310e+06   1.0021973e+02
   1.0551680e+06   3.9999390e+03
   1.0562960e+06   1.0473633e+02
   1.0563740e+06   1.0394287e+02
   1.0565240e+06   1.1560059e+02
   1.0565450e+06   1.0272217e+02
   1.0565830e+06   1.2054443e+02
   1.0967000e+06   1.0302734e+02
   1.0968080e+06   1.0571289e+02
   1.0971790e+06   1.0729980e+02
   1.1051820e+06   3.9999390e+03
   1.1421510e+06   1.0345459e+02
   1.1423280e+06   9.6801758e+01
   1.1426890e+06   1.0357666e+02
   1.1551960e+06   3.9999390e+03
   1.1845230e+06   9.7106934e+01
   1.1847420e+06   1.0894775e+02
   1.1848040e+06   9.7351074e+01
   1.1849160e+06   1.0406494e+02
   1.1850330e+06   9.8266602e+01
   1.2052080e+06   2.0223389e+03
   1.2058030e+06   1.0333252e+02
   1.2061000e+06   1.0449219e+02
   1.2062870e+06   1.1346436e+02
   1.2065080e+06   1.0339355e+02
   1.2454220e+06   1.0174561e+02
   1.2454580e+06   1.1437988e+02
   1.2455620e+06   1.1651611e+02
   1.2456330e+06   9.6862793e+01
   1.2456830e+06   1.3146973e+02
   1.2458170e+06   9.7412109e+01
   1.2475020e+06   1.0150146e+02
   1.2552240e+06   3.9999390e+03
   1.3052360e+06   2.0206909e+03
   1.3055900e+06   9.8937988e+01
   1.3056330e+06   1.1914063e+02
   1.3057800e+06   9.6740723e+01
   1.3058620e+06   1.0241699e+02
   1.3059090e+06   1.1639404e+02
   1.3060490e+06   9.8999023e+01
   1.3061330e+06   9.9182129e+01
   1.3068330e+06   1.1627197e+02
   1.3552500e+06   2.0183105e+03
   1.3558090e+06   9.9914551e+01
   1.3558190e+06   1.0058594e+02
   1.3559060e+06   9.7656250e+01
   1.3559600e+06   1.0559082e+02
   1.3560360e+06   1.0711670e+02
   1.4052640e+06   2.0342407e+03
   1.4059180e+06   1.0797119e+02
   1.4059410e+06   9.7839355e+01
   1.4552780e+06   2.0172729e+03
   1.4557310e+06   1.1975098e+02
   1.4557990e+06   9.9731445e+01
   1.4559350e+06   9.7900391e+01
   1.5052920e+06   2.0238647e+03
   1.5058630e+06   1.0858154e+02
   1.5059590e+06   1.0070801e+02
   1.5060170e+06   1.1602783e+02
   1.5062490e+06   1.2933350e+02
   1.5553080e+06   3.9999390e+03
   1.5558110e+06   1.1602783e+02
   1.5559810e+06   1.2353516e+02
   1.5561100e+06   1.0186768e+02
   1.5561520e+06   1.0504150e+02
   1.5562100e+06   1.0217285e+02
   1.5572760e+06   1.0601807e+02
   1.6053200e+06   2.0180054e+03
   1.6059000e+06   1.0058594e+02
   1.6059270e+06   9.8022461e+01
   1.6059690e+06   1.1242676e+02
   1.6060580e+06   9.7351074e+01
   1.6061100e+06   1.1096191e+02
   1.6553360e+06   2.0320435e+03
   1.6559960e+06   9.8266602e+01
   1.6560210e+06   1.1047363e+02
   1.6561920e+06   1.0583496e+02
   1.6562300e+06   1.0858154e+02
   1.6564580e+06   1.0406494e+02
   1.7053500e+06   3.9999390e+03
   1.7059630e+06   9.7595215e+01
   1.7062910e+06   1.0278320e+02
   1.7553640e+06   2.0225220e+03
   1.7554370e+06   1.0168457e+02
   1.7562700e+06   1.0723877e+02
   1.7565820e+06   1.2609863e+02
   1.7566480e+06   1.0009766e+02
   1.7572460e+06   9.8083496e+01
   1.8053760e+06   2.0353394e+03
   1.8062710e+06   1.0180664e+02
   1.8065060e+06   1.2658691e+02
   1.8553900e+06   2.0244751e+03
   1.8565510e+06   1.0296631e+02
   1.8568570e+06   1.0552979e+02
   1.9054040e+06   2.0182495e+03
   1.9063320e+06   9.8571777e+01
   1.9064020e+06   1.1236572e+02
   1.9065500e+06   9.9975586e+01
   1.9070910e+06   9.9243164e+01
   1.9075510e+06   1.0321045e+02
   1.9554180e+06   2.0279541e+03
   1.9560610e+06   9.9609375e+01
   1.9564300e+06   9.7717285e+01
   1.9565470e+06   1.0577393e+02
   1.9566480e+06   1.0052490e+02
   1.9566920e+06   1.0571289e+02
   1.9567160e+06   1.1083984e+02
   1.9568570e+06   1.0363770e+02
   1.9569540e+06   1.0034180e+02
   1.9597860e+06   1.0345459e+02
   2.0054320e+06   2.0333862e+03
   2.0068250e+06   1.0009766e+02
   2.0068900e+06   9.8510742e+01
   2.0069590e+06   1.1614990e+02
   2.0070410e+06   1.0693359e+02
   2.0071120e+06   1.0144043e+02
   2.0072280e+06   9.7839355e+01
   2.0073210e+06   1.1212158e+02
   2.0073700e+06   1.0357666e+02
   2.0554460e+06   2.0269165e+03
   2.1054600e+06   2.0238037e+03
   2.1069000e+06   1.1029053e+02
   2.1074950e+06   1.2335205e+02
   2.1081800e+06   1.0607910e+02
   2.1086220e+06   9.7534180e+01
   2.1554760e+06   3.9999390e+03
   2.2054880e+06   2.0280762e+03
   2.2077620e+06   9.9487305e+01
   2.2078930e+06   1.0302734e+02
   2.2079370e+06   1.1187744e+02
   2.2081740e+06   9.8754883e+01
   2.2082440e+06   1.3250732e+02
   2.2083080e+06   1.1627197e+02
   2.2555040e+06   3.9999390e+03
   2.3055180e+06   3.9999390e+03
   2.3285730e+06   1.0705566e+02
   2.3287290e+06   1.2384033e+02
   2.3287730e+06   1.0467529e+02
   2.3288300e+06   1.0864258e+02
   2.3290590e+06   1.0382080e+02
   2.3290830e+06   9.9609375e+01
   2.3555300e+06   2.0263672e+03
   2.4130970e+06   1.0382080e+02
   2.4131620e+06   1.2658691e+02
   2.4135210e+06   1.0125732e+02
   2.4136770e+06   1.0467529e+02
   2.4141820e+06   1.0211182e+02
   2.5077890e+06   1.0314941e+02
   2.5078550e+06   1.1193848e+02
   2.5081500e+06   1.0095215e+02
   2.5082020e+06   1.1846924e+02
   2.5082740e+06   1.4703369e+02
   2.5083180e+06   1.0260010e+02
   2.5083680e+06   1.0485840e+02
   2.5084020e+06   9.7656250e+01
   2.5084290e+06   1.0040283e+02
   2.5831310e+06   1.0668945e+02
   2.5831950e+06   1.0864258e+02
   2.5833300e+06   9.7656250e+01
   2.5833740e+06   9.9243164e+01
   2.5835590e+06   1.0363770e+02
   2.6460840e+06   9.7595215e+01
   2.6461540e+06   1.1389160e+02
   2.6462870e+06   9.9182129e+01
   2.7038530e+06   1.0351563e+02
   2.7039520e+06   9.8449707e+01
   2.7041020e+06   1.2628174e+02
   2.7041430e+06   1.0345459e+02
   2.7043530e+06   9.9304199e+01
   2.7051210e+06   1.2628174e+02
   2.7601550e+06   1.1505127e+02
   2.7602810e+06   1.0064697e+02
   2.7603460e+06   1.0589600e+02
   2.8263070e+06   1.0021973e+02
   2.8270100e+06   1.0565186e+02
   2.8742610e+06   1.0546875e+02
   2.8743640e+06   1.0723877e+02
   2.8743790e+06   1.0192871e+02
   2.8744380e+06   9.6801758e+01
   2.8744520e+06   1.0021973e+02
   2.8744890e+06   1.0363770e+02
   2.8745740e+06   1.1840820e+02
   2.9470330e+06   1.0290527e+02
   2.9471120e+06   1.1706543e+02
