   5.9980000e+06   0.0000000e+00
   1.3671000e+04   6.0058594e+01
   1.8098000e+04   6.4270020e+01
   1.9417000e+04   3.5339355e+01
   1.9861000e+04   3.9855957e+01
   2.0116000e+04   3.8024902e+01
   2.0559000e+04   3.3813477e+01
   2.0859000e+04   6.1401367e+01
   2.0901000e+04   4.5288086e+01
   2.1113000e+04   3.3813477e+01
   2.1801000e+04   3.4118652e+01
   2.1818000e+04   4.4311523e+01
   2.2366000e+04   3.3264160e+01
   2.3184000e+04   5.5480957e+01
   2.3331000e+04   3.2958984e+01
   2.4196000e+04   4.0832520e+01
   4.2022000e+04   6.1828613e+01
   4.4510000e+04   5.3466797e+01
   5.2846000e+04   4.7607422e+01
   5.6906000e+04   3.5156250e+01
   5.7881000e+04   3.7658691e+01
   5.8745000e+04   5.5175781e+01
   5.9999000e+04   6.3232422e+01
   6.0436000e+04   3.7231445e+01
   6.1403000e+04   5.5175781e+01
   6.2173000e+04   3.8452148e+01
   6.2640000e+04   5.8471680e+01
   6.2863000e+04   3.3020020e+01
   6.3878000e+04   4.1381836e+01
   6.4543000e+04   3.2836914e+01
   6.5578000e+04   5.8166504e+01
   6.5730000e+04   3.8818359e+01
   6.6261000e+04   4.1992188e+01
   8.8329000e+04   3.2836914e+01
   8.9364000e+04   3.8818359e+01
   9.0005000e+04   5.2612305e+01
   9.0145000e+04   3.3935547e+01
   9.0976000e+04   6.7810059e+01
   9.2757000e+04   5.3527832e+01
   1.0860800e+05   6.2011719e+01
   1.1199700e+05   5.4504395e+01
   1.1726600e+05   5.5908203e+01
   1.1925000e+05   5.9387207e+01
   1.3572500e+05   5.9143066e+01
   1.3904100e+05   4.8950195e+01
   1.4167400e+05   5.7189941e+01
   1.4384000e+05   5.6152344e+01
   1.6050600e+05   6.0791016e+01
   1.6459100e+05   5.5053711e+01
   1.6738700e+05   6.1584473e+01
   1.8600500e+05   5.1940918e+01
   1.9110000e+05   5.4626465e+01
   1.9613900e+05   6.1096191e+01
   1.9842100e+05   6.3537598e+01
   2.0080100e+05   5.3955078e+01
   2.1742600e+05   4.5532227e+01
   2.1773500e+05   3.3935547e+01
   2.1780500e+05   4.6142578e+01
   2.1800700e+05   3.4362793e+01
   2.1803500e+05   3.3508301e+01
   2.1811400e+05   5.6396484e+01
   2.1822600e+05   3.8452148e+01
   2.1833100e+05   3.3203125e+01
   2.1846100e+05   6.5307617e+01
   2.1876000e+05   3.9123535e+01
   2.1905400e+05   3.6865234e+01
   2.1958300e+05   4.8095703e+01
   2.2005900e+05   4.5593262e+01
   2.2007900e+05   3.3203125e+01
   2.2032300e+05   3.4301758e+01
   2.2072400e+05   5.0048828e+01
   2.2141000e+05   3.7597656e+01
   2.2212300e+05   4.3579102e+01
   2.4926400e+05   6.1157227e+01
   2.4934500e+05   4.2358398e+01
   2.4966400e+05   4.0466309e+01
   2.4998600e+05   6.9946289e+01
   2.5005100e+05   3.3142090e+01
   2.5053100e+05   3.4118652e+01
   2.5071900e+05   5.7861328e+01
   2.5120300e+05   5.1513672e+01
   2.5136400e+05   3.8696289e+01
   2.5197300e+05   3.2775879e+01
   2.5206000e+05   5.3894043e+01
   2.5315900e+05   4.9072266e+01
   2.5341800e+05   3.2836914e+01
   2.6849100e+05   6.1767578e+01
   2.7041200e+05   5.4870605e+01
   2.7204500e+05   6.3110352e+01
   2.7384700e+05   5.7434082e+01
   2.7695000e+05   5.7922363e+01
   2.7761300e+05   3.5766602e+01
   2.7809300e+05   4.1503906e+01
   2.7854700e+05   4.1809082e+01
   2.7860000e+05   4.7424316e+01
   2.7954100e+05   4.9743652e+01
   2.7966300e+05   3.3569336e+01
   2.8030900e+05   4.0100098e+01
   2.8087000e+05   3.5888672e+01
   2.8096500e+05   6.0302734e+01
   2.8175700e+05   3.6010742e+01
   2.8359400e+05   6.2500000e+01
   2.9907800e+05   6.4453125e+01
   3.0046200e+05   6.2011719e+01
   3.0248100e+05   5.8044434e+01
   3.0377400e+05   5.6274414e+01
   3.0530100e+05   5.3039551e+01
   3.0714200e+05   5.4138184e+01
   3.1015500e+05   5.2734375e+01
   3.1265600e+05   5.0048828e+01
   3.2189900e+05   5.9509277e+01
   3.2363000e+05   6.1950684e+01
   3.2521800e+05   6.8481445e+01
   3.2758700e+05   5.0109863e+01
   3.2944800e+05   5.8105469e+01
   3.3538100e+05   6.3171387e+01
   3.3675700e+05   5.4626465e+01
   3.3843000e+05   5.4016113e+01
   3.3991900e+05   5.3344727e+01
   3.4531400e+05   6.2011719e+01
   3.8446300e+05   6.2805176e+01
   3.8702500e+05   6.3415527e+01
   3.9724200e+05   3.4484863e+01
   3.9763300e+05   3.6987305e+01
   3.9776000e+05   3.6376953e+01
   3.9791200e+05   4.0832520e+01
   3.9798000e+05   3.9306641e+01
   3.9800000e+05   3.6254883e+01
   3.9820200e+05   6.9824219e+01
   3.9858100e+05   6.2683105e+01
   3.9877000e+05   3.6010742e+01
   3.9881100e+05   4.6569824e+01
   3.9914700e+05   5.3100586e+01
   3.9923200e+05   3.5278320e+01
   3.9957700e+05   4.6325684e+01
   4.0014200e+05   4.7058105e+01
   4.0141200e+05   6.1279297e+01
   4.0173500e+05   3.4729004e+01
   4.0236300e+05   3.9306641e+01
   4.0322200e+05   3.5522461e+01
   4.3011300e+05   6.0363770e+01
   4.3446400e+05   6.0852051e+01
   4.3763500e+05   5.6579590e+01
   4.4502400e+05   3.6499023e+01
   4.4514900e+05   3.9672852e+01
   4.4551100e+05   3.6682129e+01
   4.4556100e+05   3.6499023e+01
   4.4581000e+05   4.1748047e+01
   4.4585100e+05   5.8166504e+01
   4.4593100e+05   3.6376953e+01
   4.4639900e+05   3.3020020e+01
   4.4648000e+05   5.8654785e+01
   4.4669600e+05   3.3935547e+01
   4.4703000e+05   6.0791016e+01
   4.4714600e+05   3.6621094e+01
   4.4755200e+05   3.4729004e+01
   4.4783600e+05   5.0048828e+01
   4.4823500e+05   3.7536621e+01
   4.4957000e+05   5.3344727e+01
   4.4969800e+05   3.4606934e+01
   4.8810300e+05   7.1166992e+01
   4.8960200e+05   5.5908203e+01
   5.0328400e+05   5.1757813e+01
   5.0433200e+05   6.1706543e+01
   5.0578500e+05   6.0485840e+01
   5.0742600e+05   5.9265137e+01
   5.2002900e+05   6.0668945e+01
   5.2167900e+05   5.5541992e+01
   5.2359800e+05   4.8339844e+01
   5.3623000e+05   6.3293457e+01
   5.3974000e+05   6.2561035e+01
   5.4166300e+05   5.8959961e+01
   5.5604100e+05   6.2927246e+01
   5.5806600e+05   5.7800293e+01
   5.6097400e+05   5.4626465e+01
   5.6119400e+05   4.4250488e+01
   5.6128200e+05   4.0283203e+01
   5.6153500e+05   6.8481445e+01
   5.6155300e+05   3.5217285e+01
   5.6175700e+05   4.4067383e+01
   5.6197500e+05   3.3508301e+01
   5.6208200e+05   5.5969238e+01
   5.6218100e+05   3.6682129e+01
   5.6238300e+05   3.3325195e+01
   5.6253300e+05   6.0852051e+01
   5.6285600e+05   3.9550781e+01
   5.6350300e+05   4.7302246e+01
   5.6401600e+05   4.7363281e+01
   5.6406400e+05   3.3691406e+01
   5.6482500e+05   3.5095215e+01
   5.6539300e+05   3.3874512e+01
   5.8652500e+05   6.2133789e+01
   5.9012600e+05   4.8278809e+01
   5.9495400e+05   3.3447266e+01
   5.9552000e+05   3.5339355e+01
   5.9596200e+05   3.4484863e+01
   5.9630800e+05   3.5217285e+01
   5.9717900e+05   6.6040039e+01
   5.9837200e+05   3.5888672e+01
   5.9884900e+05   5.5175781e+01
   5.9948700e+05   3.3020020e+01
   6.1905200e+05   5.2673340e+01
   6.2255700e+05   5.7678223e+01
   6.2445600e+05   4.8522949e+01
   6.2759000e+05   5.4809570e+01
   6.4543500e+05   5.5297852e+01
   6.6261900e+05   3.5766602e+01
   6.6271100e+05   5.1269531e+01
   6.6302900e+05   5.1757813e+01
   6.6326000e+05   3.3325195e+01
   6.6329000e+05   6.1584473e+01
   6.6336200e+05   3.4973145e+01
   6.6368100e+05   5.0476074e+01
   6.6374100e+05   3.2897949e+01
   6.6410600e+05   5.6701660e+01
   6.6423300e+05   3.9733887e+01
   6.6436400e+05   3.6315918e+01
   6.6458900e+05   3.4729004e+01
   6.6461000e+05   5.9509277e+01
   6.6543900e+05   3.7048340e+01
   6.6545700e+05   5.6152344e+01
   6.6584000e+05   3.3508301e+01
   6.6699100e+05   3.7841797e+01
   6.9049200e+05   3.2958984e+01
   6.9124200e+05   3.4606934e+01
   6.9150600e+05   6.7199707e+01
   6.9177300e+05   3.5888672e+01
   6.9288200e+05   3.7109375e+01
   6.9324000e+05   5.4016113e+01
   7.1436000e+05   5.9326172e+01
   7.1842600e+05   5.9692383e+01
   7.2853800e+05   6.2072754e+01
   7.3125200e+05   5.3039551e+01
   7.3283000e+05   6.0119629e+01
   7.4578400e+05   7.0068359e+01
   7.4749200e+05   4.7119141e+01
   7.4912900e+05   5.1513672e+01
   7.5194000e+05   6.3720703e+01
   7.6661300e+05   6.1035156e+01
   7.7044900e+05   6.0913086e+01
   7.7082800e+05   6.4208984e+01
   7.7131300e+05   4.6142578e+01
   7.7193500e+05   6.4941406e+01
   7.7233200e+05   5.2551270e+01
   7.7281800e+05   4.6142578e+01
   7.7326100e+05   4.0039063e+01
   7.7372700e+05   4.3640137e+01
   7.7428000e+05   4.1809082e+01
   7.7476700e+05   4.7729492e+01
   7.7550400e+05   4.9743652e+01
   7.7670000e+05   5.8227539e+01
   8.0034800e+05   5.8593750e+01
   8.0506300e+05   6.5307617e+01
   8.1198600e+05   4.6752930e+01
   8.1208100e+05   3.6254883e+01
   8.1240200e+05   6.4208984e+01
   8.1242800e+05   3.8452148e+01
   8.1268900e+05   3.5705566e+01
   8.1283500e+05   6.2011719e+01
   8.1306100e+05   3.2775879e+01
   8.1321000e+05   4.9621582e+01
   8.1354700e+05   4.0954590e+01
   8.1403200e+05   5.2001953e+01
   8.1441500e+05   5.2917480e+01
   8.1484600e+05   4.5043945e+01
   8.1546900e+05   4.7668457e+01
   8.1550100e+05   3.3264160e+01
   8.1575800e+05   3.3203125e+01
   8.1741900e+05   3.3508301e+01
   8.4250200e+05   5.9020996e+01
   8.4416300e+05   6.2316895e+01
   8.5541500e+05   5.6640625e+01
   8.5769800e+05   3.7170410e+01
   8.5832300e+05   4.4677734e+01
   8.5845400e+05   5.7617188e+01
   8.5968300e+05   6.0485840e+01
   8.6006800e+05   3.3020020e+01
   8.6115400e+05   3.6132813e+01
   8.6118300e+05   5.1330566e+01
   8.7804300e+05   5.4626465e+01
   8.8037900e+05   5.4992676e+01
   8.8163400e+05   5.7556152e+01
   8.8723400e+05   5.8776855e+01
   8.8843900e+05   6.0058594e+01
   8.9398600e+05   5.3344727e+01
   8.9672500e+05   6.7138672e+01
   9.0919900e+05   4.9316406e+01
   9.1791100e+05   6.1401367e+01
   9.1924300e+05   4.8522949e+01
   9.2066000e+05   4.9804688e+01
   9.2225900e+05   5.2917480e+01
   9.2369200e+05   5.2795410e+01
   9.2681100e+05   6.0485840e+01
   9.4802400e+05   5.4931641e+01
   9.5055300e+05   5.6396484e+01
   9.7053500e+05   5.0598145e+01
   9.7302900e+05   6.7443848e+01
   9.9170100e+05   5.3771973e+01
   9.9633300e+05   6.0852051e+01
   9.9801700e+05   7.1105957e+01
   1.0084980e+06   6.1584473e+01
   1.0091410e+06   4.6936035e+01
   1.0091780e+06   4.5349121e+01
   1.0093610e+06   5.9143066e+01
   1.0095340e+06   3.6071777e+01
   1.0095900e+06   3.4179688e+01
   1.0097200e+06   6.1706543e+01
   1.0097430e+06   3.9489746e+01
   1.0098930e+06   3.4912109e+01
   1.0099250e+06   3.9978027e+01
   1.0101280e+06   4.2602539e+01
   1.0105390e+06   5.6274414e+01
   1.0108590e+06   3.4973145e+01
   1.0109200e+06   5.2612305e+01
   1.0112630e+06   3.9367676e+01
   1.0118050e+06   5.0659180e+01
   1.0124990e+06   4.5776367e+01
   1.0130840e+06   3.3020020e+01
   1.0341730e+06   6.1340332e+01
   1.0362910e+06   5.0781250e+01
   1.0386520e+06   5.0292969e+01
   1.0408570e+06   3.6682129e+01
   1.0428950e+06   3.6682129e+01
   1.0455780e+06   3.3874512e+01
   1.0639270e+06   5.9875488e+01
   1.0657590e+06   5.9265137e+01
   1.0673210e+06   5.5725098e+01
   1.0805440e+06   6.1584473e+01
   1.0856450e+06   3.4240723e+01
   1.1014480e+06   6.1035156e+01
   1.1114280e+06   5.1574707e+01
   1.1127260e+06   6.0119629e+01
   1.1146880e+06   5.6945801e+01
   1.1176220e+06   5.7312012e+01
   1.1205240e+06   3.8513184e+01
   1.1219480e+06   3.4973145e+01
   1.1460380e+06   5.8227539e+01
   1.1518400e+06   5.6091309e+01
   1.1533130e+06   4.9926758e+01
   1.1560040e+06   5.6213379e+01
   1.1729530e+06   6.7382813e+01
   1.1736390e+06   5.5786133e+01
   1.1749050e+06   5.0170898e+01
   1.1930100e+06   6.4392090e+01
   1.2145990e+06   5.8105469e+01
   1.2203100e+06   5.0903320e+01
   1.2240750e+06   6.1950684e+01
   1.2330540e+06   5.9753418e+01
   1.2383370e+06   3.3813477e+01
   1.2418710e+06   5.5480957e+01
   1.2518410e+06   5.4870605e+01
   1.2578880e+06   5.1879883e+01
   1.2735550e+06   5.7128906e+01
   1.2769540e+06   5.7922363e+01
   1.2853610e+06   5.6579590e+01
   1.2869670e+06   5.7617188e+01
   1.2890290e+06   5.7800293e+01
   1.3039450e+06   5.8654785e+01
   1.3097120e+06   7.2753906e+01
   1.3123750e+06   5.7189941e+01
   1.3138070e+06   6.3049316e+01
   1.3263640e+06   3.7536621e+01
   1.3272100e+06   6.1706543e+01
   1.3316980e+06   5.1940918e+01
   1.3347080e+06   5.5297852e+01
   1.3478760e+06   6.3598633e+01
   1.3512700e+06   4.9743652e+01
   1.3598920e+06   5.9692383e+01
   1.3644790e+06   4.2907715e+01
   1.3658030e+06   6.1706543e+01
   1.3686760e+06   5.5603027e+01
   1.3727860e+06   6.2988281e+01
   1.3739220e+06   5.6457520e+01
   1.3750710e+06   5.4260254e+01
   1.3854090e+06   5.0659180e+01
   1.3864940e+06   6.0791016e+01
   1.3890090e+06   4.5959473e+01
   1.3915820e+06   4.9438477e+01
   1.3943500e+06   4.7668457e+01
   1.3957940e+06   5.4626465e+01
   1.3968270e+06   5.3344727e+01
   1.4216210e+06   5.1330566e+01
   1.4233140e+06   5.6091309e+01
   1.4342320e+06   6.0974121e+01
   1.4386800e+06   6.2133789e+01
   1.4400650e+06   6.3354492e+01
   1.4420750e+06   6.5124512e+01
   1.4573640e+06   6.3049316e+01
   1.4584150e+06   5.5114746e+01
   1.4609790e+06   5.9631348e+01
   1.4644460e+06   5.1391602e+01
   1.4664530e+06   5.4260254e+01
   1.4759030e+06   5.5358887e+01
   1.4768990e+06   5.3955078e+01
   1.4781200e+06   5.1208496e+01
   1.4799240e+06   4.8767090e+01
   1.4814150e+06   6.8176270e+01
   1.4826210e+06   5.1452637e+01
   1.4850970e+06   5.4809570e+01
   1.4875640e+06   3.2958984e+01
   1.4995730e+06   5.3039551e+01
   1.5012910e+06   5.5541992e+01
   1.5034130e+06   5.6091309e+01
   1.5092010e+06   3.4545898e+01
   1.5181290e+06   5.2612305e+01
   1.5196630e+06   6.2377930e+01
   1.5220510e+06   5.8349609e+01
   1.5235380e+06   5.7983398e+01
   1.5268020e+06   6.0546875e+01
   1.5282550e+06   5.3588867e+01
   1.5296500e+06   5.0964355e+01
   1.5311680e+06   4.4616699e+01
   1.5447190e+06   6.6284180e+01
   1.5466860e+06   5.6030273e+01
   1.5483070e+06   5.2978516e+01
   1.5509190e+06   5.4321289e+01
   1.5653270e+06   5.1147461e+01
   1.5669530e+06   6.3354492e+01
   1.5682240e+06   5.1574707e+01
   1.5705260e+06   5.5114746e+01
   1.5730890e+06   6.3293457e+01
   1.5748270e+06   5.7312012e+01
   1.5765150e+06   4.8767090e+01
   1.5899550e+06   5.3283691e+01
   1.5909330e+06   5.1269531e+01
   1.5921500e+06   5.5847168e+01
   1.5933720e+06   5.3955078e+01
   1.5947720e+06   5.7434082e+01
   1.6029970e+06   3.9672852e+01
   1.6059480e+06   3.2897949e+01
   1.6131680e+06   6.3720703e+01
   1.6142840e+06   6.4270020e+01
   1.6192080e+06   6.1645508e+01
   1.6210990e+06   5.3527832e+01
   1.6231220e+06   6.7077637e+01
   1.6278560e+06   4.0527344e+01
   1.6296150e+06   3.8085938e+01
   1.6315300e+06   4.2358398e+01
   1.6393140e+06   4.6630859e+01
   1.6404370e+06   5.6091309e+01
   1.6418220e+06   6.1157227e+01
   1.6452520e+06   6.1096191e+01
   1.6563870e+06   5.1513672e+01
   1.6578210e+06   5.4565430e+01
   1.6595070e+06   6.2500000e+01
   1.6610870e+06   3.3508301e+01
   1.6615740e+06   3.5888672e+01
   1.6622390e+06   4.5593262e+01
   1.6623710e+06   3.4790039e+01
   1.6624730e+06   3.5278320e+01
   1.6628970e+06   3.3874512e+01
   1.6634550e+06   3.3020020e+01
   1.6637750e+06   5.4199219e+01
   1.6643530e+06   4.8583984e+01
   1.6649960e+06   4.7119141e+01
   1.6659390e+06   5.0659180e+01
   1.6670280e+06   3.8940430e+01
   1.6682630e+06   5.4382324e+01
   1.6685060e+06   3.6132813e+01
   1.6691300e+06   3.5644531e+01
   1.6711940e+06   6.1706543e+01
   1.6724380e+06   4.7424316e+01
   1.6924170e+06   5.9631348e+01
   1.6945500e+06   4.7973633e+01
   1.6964720e+06   5.2001953e+01
   1.6980630e+06   5.3039551e+01
   1.7144270e+06   5.5358887e+01
   1.7159880e+06   5.6335449e+01
   1.7185590e+06   6.2683105e+01
   1.7197050e+06   5.3894043e+01
   1.7214140e+06   5.3771973e+01
   1.7243240e+06   4.5104980e+01
   1.7252520e+06   3.6743164e+01
   1.7280750e+06   5.1879883e+01
   1.7283660e+06   3.5461426e+01
   1.7291800e+06   5.4199219e+01
   1.7300810e+06   5.9204102e+01
   1.7301320e+06   3.9611816e+01
   1.7308120e+06   3.7475586e+01
   1.7308520e+06   5.9631348e+01
   1.7313210e+06   3.4301758e+01
   1.7323090e+06   4.9865723e+01
   1.7325440e+06   3.5461426e+01
   1.7331500e+06   5.3283691e+01
   1.7343070e+06   5.4748535e+01
   1.7343510e+06   3.9794922e+01
   1.7506560e+06   5.7373047e+01
   1.7518100e+06   5.1635742e+01
   1.7536100e+06   4.9621582e+01
   1.7599250e+06   6.4270020e+01
   1.7617980e+06   5.5541992e+01
   1.7787630e+06   6.0852051e+01
   1.7800740e+06   5.7434082e+01
   1.7811810e+06   3.6499023e+01
   1.7813560e+06   4.3884277e+01
   1.7814890e+06   5.2307129e+01
   1.7815130e+06   3.8635254e+01
   1.7816100e+06   3.3325195e+01
   1.7817800e+06   4.8645020e+01
   1.7819530e+06   5.0598145e+01
   1.7820110e+06   3.3325195e+01
   1.7821100e+06   3.3752441e+01
   1.7822360e+06   4.6630859e+01
   1.7824970e+06   3.3447266e+01
   1.7826610e+06   3.4484863e+01
   1.7828920e+06   3.3508301e+01
   1.7829220e+06   5.3039551e+01
   1.7837670e+06   5.2490234e+01
   1.7842840e+06   3.7414551e+01
   1.7843960e+06   6.0729980e+01
   1.7862470e+06   4.1381836e+01
   1.7868700e+06   3.4667969e+01
   1.8133210e+06   4.9133301e+01
   1.8169230e+06   5.9326172e+01
   1.8171530e+06   3.4057617e+01
   1.8191640e+06   3.2958984e+01
   1.8312270e+06   5.7006836e+01
   1.8392970e+06   6.5490723e+01
   1.8407760e+06   4.5959473e+01
   1.8423770e+06   5.9875488e+01
   1.8460530e+06   6.1157227e+01
   1.8555140e+06   5.6213379e+01
   1.8621260e+06   6.7321777e+01
   1.8752870e+06   5.8776855e+01
   1.8766910e+06   5.6213379e+01
   1.8872980e+06   6.0058594e+01
   1.8891210e+06   6.2194824e+01
   1.8909410e+06   5.0415039e+01
   1.8963880e+06   3.6682129e+01
   1.8965170e+06   3.7658691e+01
   1.8968810e+06   3.4057617e+01
   1.8970330e+06   3.6315918e+01
   1.8971120e+06   8.0139160e+01
   1.8975000e+06   5.5419922e+01
   1.8976420e+06   3.4973145e+01
   1.8976520e+06   3.6499023e+01
   1.8978350e+06   5.1635742e+01
   1.8982420e+06   4.4067383e+01
   1.8985700e+06   3.4179688e+01
   1.8988050e+06   4.6142578e+01
   1.8993900e+06   5.2612305e+01
   1.8996450e+06   3.4362793e+01
   1.9002940e+06   5.2917480e+01
   1.9020570e+06   3.4667969e+01
   1.9213980e+06   4.9072266e+01
   1.9233250e+06   5.4443359e+01
   1.9364300e+06   3.6743164e+01
   1.9368650e+06   3.5583496e+01
   1.9373540e+06   4.1992188e+01
   1.9382320e+06   5.2856445e+01
   1.9396190e+06   3.5217285e+01
   1.9404260e+06   5.2368164e+01
   1.9409000e+06   3.5888672e+01
   1.9590210e+06   6.1645508e+01
   1.9621080e+06   5.9143066e+01
   1.9635870e+06   5.3771973e+01
   1.9650930e+06   3.6315918e+01
   1.9660050e+06   3.6804199e+01
   1.9679220e+06   3.3203125e+01
   1.9801760e+06   4.8522949e+01
   1.9821530e+06   6.0241699e+01
   1.9975770e+06   6.0302734e+01
   1.9998070e+06   5.3588867e+01
   2.0012560e+06   5.4138184e+01
   2.0135340e+06   5.6640625e+01
   2.0162160e+06   6.0180664e+01
   2.0179050e+06   5.7861328e+01
   2.0333730e+06   5.6640625e+01
   2.0350200e+06   3.8574219e+01
   2.0351090e+06   5.0903320e+01
   2.0353990e+06   3.6132813e+01
   2.0354170e+06   4.6264648e+01
   2.0354790e+06   6.2072754e+01
   2.0357680e+06   4.8217773e+01
   2.0360850e+06   5.3588867e+01
   2.0361460e+06   3.6804199e+01
   2.0363980e+06   4.2663574e+01
   2.0367470e+06   3.6682129e+01
   2.0370730e+06   4.2968750e+01
   2.0376210e+06   4.4006348e+01
   2.0377190e+06   3.3813477e+01
   2.0381770e+06   3.8757324e+01
   2.0388410e+06   5.2307129e+01
   2.0402930e+06   3.2775879e+01
   2.0576230e+06   5.9509277e+01
   2.0598240e+06   5.6701660e+01
   2.0625560e+06   5.3222656e+01
   2.0771850e+06   4.8767090e+01
   2.0786990e+06   5.1208496e+01
   2.0844390e+06   5.4260254e+01
   2.0871310e+06   5.6274414e+01
   2.0892160e+06   5.6335449e+01
   2.0923040e+06   6.2866211e+01
   2.1025620e+06   5.1635742e+01
   2.1039750e+06   5.2185059e+01
   2.1055750e+06   5.4260254e+01
   2.1083330e+06   4.1076660e+01
   2.1088010e+06   4.7302246e+01
   2.1089990e+06   3.7963867e+01
   2.1092980e+06   6.8969727e+01
   2.1096180e+06   3.9001465e+01
   2.1096410e+06   3.6132813e+01
   2.1100740e+06   5.2673340e+01
   2.1105090e+06   3.4545898e+01
   2.1106130e+06   5.6518555e+01
   2.1110170e+06   4.3701172e+01
   2.1115860e+06   4.7302246e+01
   2.1122750e+06   5.2856445e+01
   2.1125230e+06   3.6682129e+01
   2.1139470e+06   4.4189453e+01
   2.1279540e+06   5.8471680e+01
   2.1292080e+06   6.3964844e+01
   2.1413000e+06   5.6762695e+01
   2.1428500e+06   5.6396484e+01
   2.1445690e+06   6.0791016e+01
   2.1600860e+06   5.6274414e+01
   2.1619480e+06   5.8410645e+01
   2.1640870e+06   5.4321289e+01
   2.1691440e+06   5.1330566e+01
   2.1785550e+06   5.7861328e+01
   2.1806580e+06   5.5541992e+01
   2.1820690e+06   5.2673340e+01
   2.1844330e+06   5.1513672e+01
   2.1990250e+06   6.3964844e+01
   2.1990990e+06   3.4423828e+01
   2.1998390e+06   3.7231445e+01
   2.1998890e+06   5.5297852e+01
   2.2002400e+06   3.4118652e+01
   2.2003930e+06   6.5551758e+01
   2.2005400e+06   3.5156250e+01
   2.2008190e+06   4.5959473e+01
   2.2008420e+06   3.2836914e+01
   2.2011810e+06   3.7109375e+01
   2.2013140e+06   4.8461914e+01
   2.2013890e+06   3.3752441e+01
   2.2015800e+06   3.4973145e+01
   2.2016440e+06   3.2958984e+01
   2.2018160e+06   3.4729004e+01
   2.2023550e+06   3.9306641e+01
   2.2028450e+06   4.1259766e+01
   2.2032830e+06   3.4484863e+01
   2.2036760e+06   5.3649902e+01
   2.2038710e+06   3.4179688e+01
   2.2042700e+06   3.4484863e+01
   2.2050330e+06   3.3386230e+01
   2.2075360e+06   3.4362793e+01
   2.2252820e+06   5.8044434e+01
   2.2312440e+06   7.3425293e+01
   2.2405140e+06   5.6945801e+01
   2.2424660e+06   4.9804688e+01
   2.2519510e+06   6.1706543e+01
   2.2557260e+06   6.0302734e+01
   2.2582000e+06   5.2307129e+01
   2.2732030e+06   3.4484863e+01
   2.2733090e+06   3.3386230e+01
   2.2736740e+06   4.2541504e+01
   2.2737160e+06   3.9855957e+01
   2.2738160e+06   4.1381836e+01
   2.2739060e+06   3.3630371e+01
   2.2741380e+06   5.6762695e+01
   2.2741480e+06   4.1259766e+01
   2.2741910e+06   3.4851074e+01
   2.2744520e+06   3.4606934e+01
   2.2744740e+06   4.7302246e+01
   2.2747720e+06   3.5095215e+01
   2.2749120e+06   5.2917480e+01
   2.2753460e+06   3.2897949e+01
   2.2753580e+06   4.8583984e+01
   2.2755430e+06   3.3203125e+01
   2.2759260e+06   5.6579590e+01
   2.2765090e+06   3.9062500e+01
   2.2766400e+06   4.2236328e+01
   2.2986880e+06   5.2490234e+01
   2.3006470e+06   6.1645508e+01
   2.3077460e+06   5.1696777e+01
   2.3103930e+06   5.1574707e+01
   2.3122630e+06   5.5419922e+01
   2.3140180e+06   5.9020996e+01
   2.3154440e+06   6.3232422e+01
   2.3274910e+06   5.1208496e+01
   2.3290180e+06   4.8950195e+01
   2.3309600e+06   5.4260254e+01
   2.3327120e+06   4.8522949e+01
   2.3329190e+06   3.8269043e+01
   2.3333050e+06   3.5522461e+01
   2.3334750e+06   5.4809570e+01
   2.3336140e+06   3.6010742e+01
   2.3339450e+06   3.4851074e+01
   2.3343900e+06   4.9255371e+01
   2.3350640e+06   4.5471191e+01
   2.3351030e+06   3.8635254e+01
   2.3354760e+06   3.3447266e+01
   2.3356770e+06   4.9072266e+01
   2.3363310e+06   4.7180176e+01
   2.3367450e+06   3.6071777e+01
   2.3374870e+06   3.3203125e+01
   2.3537360e+06   6.0302734e+01
   2.3550560e+06   5.3222656e+01
   2.3565730e+06   4.5532227e+01
   2.3577790e+06   5.0842285e+01
   2.3738610e+06   5.5358887e+01
   2.3756580e+06   5.6213379e+01
   2.3779440e+06   5.0903320e+01
   2.3794830e+06   4.7973633e+01
   2.3811270e+06   5.2551270e+01
   2.3909410e+06   6.3964844e+01
   2.3921200e+06   6.4880371e+01
   2.3947710e+06   5.2124023e+01
   2.4018530e+06   5.8410645e+01
   2.4025870e+06   3.2836914e+01
   2.4028470e+06   5.5236816e+01
   2.4036040e+06   3.8818359e+01
   2.4039070e+06   4.1625977e+01
   2.4041560e+06   5.8898926e+01
   2.4042260e+06   3.8391113e+01
   2.4046800e+06   5.4565430e+01
   2.4048350e+06   4.2175293e+01
   2.4048500e+06   3.7170410e+01
   2.4049130e+06   3.7048340e+01
   2.4051990e+06   5.4504395e+01
   2.4056600e+06   4.2541504e+01
   2.4060420e+06   4.8522949e+01
   2.4066830e+06   4.7058105e+01
   2.4071560e+06   3.4729004e+01
   2.4075220e+06   4.2419434e+01
   2.4079720e+06   3.3386230e+01
   2.4086180e+06   5.6701660e+01
   2.4260390e+06   5.5175781e+01
   2.4272310e+06   5.8654785e+01
   2.4381130e+06   5.6091309e+01
   2.4396820e+06   5.4443359e+01
   2.4461800e+06   5.5236816e+01
   2.4481610e+06   5.0292969e+01
   2.4496980e+06   5.9082031e+01
   2.4593750e+06   6.2133789e+01
   2.4607880e+06   5.7128906e+01
   2.4620190e+06   4.7424316e+01
   2.4728350e+06   5.4077148e+01
   2.4746920e+06   6.2255859e+01
   2.4762440e+06   5.5480957e+01
   2.4779060e+06   5.9448242e+01
   2.4995910e+06   5.6823730e+01
   2.5010250e+06   4.7546387e+01
   2.5026010e+06   4.7973633e+01
   2.5028800e+06   3.4729004e+01
   2.5034460e+06   3.8879395e+01
   2.5038930e+06   4.9377441e+01
   2.5041100e+06   3.4606934e+01
   2.5044180e+06   3.6499023e+01
   2.5044800e+06   5.3283691e+01
   2.5046080e+06   5.4565430e+01
   2.5049520e+06   4.7851563e+01
   2.5051190e+06   3.3508301e+01
   2.5053800e+06   3.6254883e+01
   2.5059200e+06   5.4077148e+01
   2.5063650e+06   3.3630371e+01
   2.5064980e+06   5.2429199e+01
   2.5074700e+06   3.6010742e+01
   2.5076580e+06   4.7546387e+01
   2.5081140e+06   3.2775879e+01
   2.5262750e+06   5.6518555e+01
   2.5285770e+06   5.9509277e+01
   2.5302170e+06   4.7607422e+01
   2.5348020e+06   5.4870605e+01
   2.5364130e+06   4.7546387e+01
   2.5457340e+06   5.4870605e+01
   2.5459710e+06   4.0771484e+01
   2.5469130e+06   5.5236816e+01
   2.5475400e+06   3.7292480e+01
   2.5476590e+06   5.2673340e+01
   2.5479540e+06   3.7719727e+01
   2.5482130e+06   5.0354004e+01
   2.5485610e+06   4.2053223e+01
   2.5486020e+06   4.3884277e+01
   2.5490790e+06   4.7485352e+01
   2.5497100e+06   4.1442871e+01
   2.5498630e+06   3.6865234e+01
   2.5504000e+06   5.8837891e+01
   2.5512220e+06   3.4729004e+01
   2.5716240e+06   6.2683105e+01
   2.5730120e+06   6.0424805e+01
   2.5747720e+06   3.6804199e+01
   2.5755790e+06   4.9316406e+01
   2.5766190e+06   5.8837891e+01
   2.5782310e+06   4.7607422e+01
   2.5995900e+06   3.8330078e+01
   2.6007940e+06   3.3630371e+01
   2.6012800e+06   3.3020020e+01
   2.6015830e+06   3.3813477e+01
   2.6020010e+06   5.8898926e+01
   2.6020110e+06   3.9123535e+01
   2.6022250e+06   3.5278320e+01
   2.6023840e+06   7.1533203e+01
   2.6027490e+06   3.4362793e+01
   2.6027890e+06   5.3100586e+01
   2.6031330e+06   3.3752441e+01
   2.6032510e+06   4.6081543e+01
   2.6036720e+06   3.2958984e+01
   2.6038270e+06   5.7495117e+01
   2.6041910e+06   3.7780762e+01
   2.6047390e+06   3.7353516e+01
   2.6054110e+06   4.9987793e+01
   2.6059250e+06   3.3264160e+01
   2.6315540e+06   6.0668945e+01
   2.6331670e+06   5.5847168e+01
   2.6349490e+06   4.9926758e+01
   2.6360650e+06   4.6386719e+01
   2.6548290e+06   5.9204102e+01
   2.6561990e+06   5.6945801e+01
   2.6583290e+06   5.6640625e+01
   2.6614730e+06   5.4565430e+01
   2.6711150e+06   5.3466797e+01
   2.6724120e+06   5.9326172e+01
   2.6735910e+06   5.8349609e+01
   2.6900460e+06   5.5175781e+01
   2.6916890e+06   5.2734375e+01
   2.6931780e+06   5.5603027e+01
   2.7096430e+06   5.5358887e+01
   2.7141950e+06   5.0415039e+01
   2.7163770e+06   5.2673340e+01
   2.7178140e+06   4.9865723e+01
   2.7233780e+06   3.9794922e+01
   2.7241170e+06   3.4484863e+01
   2.7245490e+06   3.2836914e+01
   2.7245660e+06   6.1401367e+01
   2.7245760e+06   3.2897949e+01
   2.7246540e+06   4.2602539e+01
   2.7248230e+06   3.3813477e+01
   2.7249240e+06   5.6457520e+01
   2.7249470e+06   3.3020020e+01
   2.7251150e+06   3.4667969e+01
   2.7252450e+06   4.6997070e+01
   2.7253160e+06   5.4199219e+01
   2.7253460e+06   3.4240723e+01
   2.7256380e+06   4.0893555e+01
   2.7260570e+06   4.6508789e+01
   2.7265160e+06   3.6499023e+01
   2.7265380e+06   3.5644531e+01
   2.7269280e+06   5.6518555e+01
   2.7274660e+06   4.5471191e+01
   2.7285290e+06   4.8889160e+01
   2.7297290e+06   3.3996582e+01
   2.7469280e+06   4.9804688e+01
   2.7505900e+06   5.0537109e+01
   2.7518570e+06   4.9560547e+01
   2.7567210e+06   4.5898438e+01
   2.7570630e+06   5.8288574e+01
   2.7575210e+06   3.4973145e+01
   2.7583630e+06   3.9245605e+01
   2.7590130e+06   4.8767090e+01
   2.7727020e+06   5.9326172e+01
   2.7736560e+06   5.2246094e+01
   2.7752080e+06   5.4870605e+01
   2.7799540e+06   6.9213867e+01
   2.7812590e+06   5.7678223e+01
   2.7826240e+06   4.8522949e+01
   2.7943240e+06   3.3508301e+01
   2.7949050e+06   5.0659180e+01
   2.7952920e+06   3.6193848e+01
   2.7957910e+06   5.0292969e+01
   2.7959070e+06   4.1015625e+01
   2.7964220e+06   3.3447266e+01
   2.7968130e+06   5.4260254e+01
   2.7970560e+06   3.2836914e+01
   2.7976730e+06   3.5400391e+01
   2.7997370e+06   4.0832520e+01
   2.8143350e+06   5.2856445e+01
   2.8154340e+06   5.5419922e+01
   2.8186360e+06   5.5175781e+01
   2.8200720e+06   5.2429199e+01
   2.8212810e+06   4.9011230e+01
   2.8236210e+06   5.5114746e+01
   2.8268780e+06   3.5217285e+01
   2.8441840e+06   5.7495117e+01
   2.8447550e+06   4.1442871e+01
   2.8463180e+06   5.3649902e+01
   2.8478400e+06   3.3447266e+01
   2.8604840e+06   5.5114746e+01
   2.8619290e+06   3.4729004e+01
   2.8773600e+06   5.4748535e+01
   2.8805570e+06   5.8410645e+01
   2.8822600e+06   5.4992676e+01
   2.8835550e+06   5.3161621e+01
   2.8907190e+06   5.3527832e+01
   2.8926010e+06   5.5603027e+01
   2.8964280e+06   3.4606934e+01
   2.8970260e+06   3.9062500e+01
   2.8971120e+06   3.4912109e+01
   2.8972830e+06   3.4545898e+01
   2.8973640e+06   3.3020020e+01
   2.8974290e+06   3.5156250e+01
   2.8977500e+06   4.0100098e+01
   2.8978390e+06   5.4870605e+01
   2.8979950e+06   3.6010742e+01
   2.8983590e+06   4.1748047e+01
   2.8986910e+06   5.2978516e+01
   2.8987740e+06   3.4667969e+01
   2.8996410e+06   3.4606934e+01
   2.9004030e+06   3.6132813e+01
   2.9188790e+06   5.3222656e+01
   2.9221310e+06   5.3222656e+01
   2.9241690e+06   5.8593750e+01
   2.9259990e+06   5.4992676e+01
   2.9270670e+06   5.2734375e+01
   2.9379470e+06   4.8767090e+01
   2.9390750e+06   4.9011230e+01
   2.9403250e+06   5.5725098e+01
   2.9426900e+06   5.2062988e+01
   2.9449260e+06   4.7790527e+01
   2.9484110e+06   5.5664063e+01
   2.9510610e+06   3.8818359e+01
   2.9517300e+06   4.0039063e+01
   2.9522440e+06   3.7231445e+01
   2.9525570e+06   3.4240723e+01
   2.9531980e+06   3.3081055e+01
   2.9536070e+06   4.7119141e+01
   2.9541650e+06   3.5888672e+01
   2.9546380e+06   4.5166016e+01
   2.9556430e+06   3.3813477e+01
   2.9722820e+06   6.2561035e+01
   2.9774250e+06   5.9082031e+01
   2.9791110e+06   6.2316895e+01
   2.9913830e+06   5.3344727e+01
   2.9938100e+06   5.6701660e+01
   3.0003740e+06   3.5461426e+01
   3.0044380e+06   5.8898926e+01
   3.0057710e+06   5.1635742e+01
   3.0177670e+06   3.5827637e+01
   3.0260320e+06   5.4077148e+01
   3.0280260e+06   5.4138184e+01
   3.0292310e+06   4.6203613e+01
   3.0310410e+06   5.0170898e+01
   3.0332260e+06   4.9377441e+01
   3.0342410e+06   4.5349121e+01
   3.0579330e+06   5.0354004e+01
   3.0595890e+06   5.6213379e+01
   3.0726370e+06   5.0659180e+01
   3.0740880e+06   4.7607422e+01
   3.0755740e+06   5.4809570e+01
   3.0796450e+06   4.5104980e+01
   3.0806460e+06   3.4973145e+01
   3.0810990e+06   3.2897949e+01
   3.0820320e+06   3.3569336e+01
   3.0973160e+06   5.4992676e+01
   3.0989300e+06   5.4870605e+01
   3.1009330e+06   5.1757813e+01
   3.1121150e+06   6.2377930e+01
   3.1135680e+06   4.8034668e+01
   3.1162630e+06   4.7668457e+01
   3.1193960e+06   5.1025391e+01
   3.1207830e+06   3.3203125e+01
   3.1238820e+06   3.4118652e+01
   3.1243590e+06   3.5522461e+01
   3.1251260e+06   3.3386230e+01
   3.1354040e+06   6.2438965e+01
   3.1369530e+06   5.3955078e+01
   3.1398830e+06   4.9377441e+01
   3.1418680e+06   5.5236816e+01
   3.1431960e+06   5.8166504e+01
   3.1454850e+06   5.1391602e+01
   3.1592650e+06   5.0109863e+01
   3.1604990e+06   5.6213379e+01
   3.1636170e+06   6.1584473e+01
   3.1650580e+06   5.5725098e+01
   3.1672140e+06   5.6884766e+01
   3.1684100e+06   4.9377441e+01
   3.1803290e+06   4.9743652e+01
   3.1815710e+06   6.3537598e+01
   3.1884590e+06   6.0424805e+01
   3.1888220e+06   4.1137695e+01
   3.1893300e+06   3.7048340e+01
   3.1898300e+06   3.5949707e+01
   3.1901280e+06   5.2246094e+01
   3.1902150e+06   3.8391113e+01
   3.1909280e+06   3.5949707e+01
   3.1919200e+06   3.6865234e+01
   3.2063640e+06   5.8288574e+01
   3.2074630e+06   5.5175781e+01
   3.2085710e+06   4.8461914e+01
   3.2209720e+06   5.8654785e+01
   3.2223410e+06   5.2124023e+01
   3.2236550e+06   5.7128906e+01
   3.2264300e+06   4.9438477e+01
   3.2280010e+06   5.2795410e+01
   3.2307190e+06   5.3527832e+01
   3.2340790e+06   4.9072266e+01
   3.2482670e+06   5.1147461e+01
   3.2499540e+06   4.8339844e+01
   3.2511870e+06   5.2062988e+01
   3.2536160e+06   4.9255371e+01
   3.2565090e+06   6.0852051e+01
   3.2619440e+06   4.8461914e+01
   3.2651680e+06   5.2490234e+01
   3.2696610e+06   3.8757324e+01
   3.2700980e+06   5.1940918e+01
   3.2708980e+06   3.3996582e+01
   3.2713970e+06   4.2663574e+01
   3.2717550e+06   5.2490234e+01
   3.2717820e+06   3.6682129e+01
   3.2718820e+06   5.9387207e+01
   3.2720110e+06   3.6621094e+01
   3.2720660e+06   3.8269043e+01
   3.2721540e+06   3.4667969e+01
   3.2721990e+06   4.6691895e+01
   3.2723100e+06   3.5339355e+01
   3.2724980e+06   3.3508301e+01
   3.2725460e+06   3.4423828e+01
   3.2730110e+06   5.3222656e+01
   3.2734580e+06   4.1564941e+01
   3.2738700e+06   4.2907715e+01
   3.2741020e+06   3.8085938e+01
   3.2743210e+06   3.9428711e+01
   3.2744940e+06   4.0100098e+01
   3.2752350e+06   5.0720215e+01
   3.2983230e+06   6.0974121e+01
   3.2999630e+06   5.3405762e+01
   3.3071030e+06   3.5705566e+01
   3.3077060e+06   5.0964355e+01
   3.3081880e+06   3.6865234e+01
   3.3088020e+06   3.8879395e+01
   3.3184620e+06   6.3842773e+01
   3.3198650e+06   5.3100586e+01
   3.3209990e+06   5.2490234e+01
   3.3272920e+06   5.1635742e+01
   3.3280740e+06   6.0974121e+01
   3.3287890e+06   5.9265137e+01
   3.3297360e+06   4.5776367e+01
   3.3315630e+06   5.3833008e+01
   3.3330100e+06   3.4912109e+01
   3.3340060e+06   3.4484863e+01
   3.3486740e+06   5.5603027e+01
   3.3497540e+06   5.0048828e+01
   3.3528310e+06   5.4382324e+01
   3.3596190e+06   3.4179688e+01
   3.3611700e+06   3.3996582e+01
   3.3628500e+06   5.3039551e+01
   3.3649960e+06   3.5827637e+01
   3.3667830e+06   5.0231934e+01
   3.3802560e+06   4.8034668e+01
   3.3810840e+06   5.8593750e+01
   3.3821090e+06   4.7180176e+01
   3.3958220e+06   5.6945801e+01
   3.3976030e+06   5.0231934e+01
   3.4071520e+06   5.6945801e+01
   3.4092430e+06   4.4128418e+01
   3.4111180e+06   4.1625977e+01
   3.4120930e+06   3.4851074e+01
   3.4243280e+06   5.1147461e+01
   3.4262030e+06   5.8715820e+01
   3.4275810e+06   5.8166504e+01
   3.4294670e+06   5.8959961e+01
   3.4312710e+06   5.0292969e+01
   3.4457230e+06   5.9082031e+01
   3.4472890e+06   5.3466797e+01
   3.4488310e+06   5.4809570e+01
   3.4593030e+06   5.9387207e+01
   3.4616360e+06   5.3344727e+01
   3.4630060e+06   5.8288574e+01
   3.4649110e+06   5.2734375e+01
   3.4670250e+06   4.5898438e+01
   3.4768090e+06   5.7678223e+01
   3.4783020e+06   5.9204102e+01
   3.4805460e+06   5.3283691e+01
   3.4825700e+06   4.5532227e+01
   3.5003220e+06   5.9997559e+01
   3.5020490e+06   5.3283691e+01
   3.5029940e+06   5.3344727e+01
   3.5034430e+06   3.3142090e+01
   3.5037120e+06   4.6081543e+01
   3.5038460e+06   4.5104980e+01
   3.5039440e+06   3.2958984e+01
   3.5040050e+06   4.5349121e+01
   3.5040320e+06   4.1381836e+01
   3.5040890e+06   3.4118652e+01
   3.5041560e+06   6.6406250e+01
   3.5042730e+06   3.3447266e+01
   3.5045070e+06   4.3395996e+01
   3.5046190e+06   3.3020020e+01
   3.5048020e+06   4.6386719e+01
   3.5048340e+06   3.4912109e+01
   3.5051830e+06   3.4606934e+01
   3.5052720e+06   3.4484863e+01
   3.5056110e+06   4.1931152e+01
   3.5062980e+06   5.6091309e+01
   3.5064560e+06   3.5827637e+01
   3.5068870e+06   5.1574707e+01
   3.5278940e+06   5.7495117e+01
   3.5289810e+06   4.7790527e+01
   3.5315840e+06   5.4321289e+01
   3.5344270e+06   4.9438477e+01
   3.5358520e+06   5.7495117e+01
   3.5419060e+06   3.4545898e+01
   3.5540420e+06   5.5297852e+01
   3.5555700e+06   6.0852051e+01
   3.5575430e+06   5.0659180e+01
   3.5730140e+06   5.4382324e+01
   3.5761380e+06   6.0974121e+01
   3.5780190e+06   6.0668945e+01
   3.5902280e+06   5.0415039e+01
   3.6010010e+06   5.6945801e+01
   3.6027450e+06   5.1818848e+01
   3.6051160e+06   5.6213379e+01
   3.6091420e+06   5.7617188e+01
   3.6104270e+06   5.4931641e+01
   3.6125570e+06   5.7434082e+01
   3.6159770e+06   3.4057617e+01
   3.6175410e+06   4.9438477e+01
   3.6306030e+06   5.6213379e+01
   3.6324400e+06   5.2368164e+01
   3.6350010e+06   5.7312012e+01
   3.6371900e+06   4.5898438e+01
   3.6389580e+06   5.0842285e+01
   3.6565710e+06   6.2866211e+01
   3.6568370e+06   3.6560059e+01
   3.6570140e+06   5.8532715e+01
   3.6571970e+06   3.5705566e+01
   3.6573580e+06   4.5715332e+01
   3.6574700e+06   3.3752441e+01
   3.6577410e+06   4.6569824e+01
   3.6577850e+06   3.5705566e+01
   3.6583330e+06   4.0222168e+01
   3.6587540e+06   3.3020020e+01
   3.6588610e+06   4.3395996e+01
   3.6593520e+06   3.4790039e+01
   3.6593850e+06   5.0537109e+01
   3.6598670e+06   4.5776367e+01
   3.6601220e+06   3.5217285e+01
   3.6607710e+06   4.9011230e+01
   3.6621190e+06   3.6010742e+01
   3.6638040e+06   3.2836914e+01
   3.6769430e+06   3.9184570e+01
   3.6844110e+06   6.7504883e+01
   3.6850070e+06   6.0913086e+01
   3.6854020e+06   5.1696777e+01
   3.6858790e+06   5.6701660e+01
   3.6863400e+06   3.4484863e+01
   3.6863530e+06   5.0903320e+01
   3.6868810e+06   4.9377441e+01
   3.6873550e+06   3.7231445e+01
   3.6879440e+06   4.2785645e+01
   3.6886240e+06   4.3273926e+01
   3.6894260e+06   4.7119141e+01
   3.6903000e+06   4.0710449e+01
   3.6910720e+06   4.7241211e+01
   3.6919600e+06   3.9367676e+01
   3.6928150e+06   5.2795410e+01
   3.6936940e+06   5.2795410e+01
   3.6948400e+06   4.5898438e+01
   3.6956930e+06   4.5104980e+01
   3.6966330e+06   4.9621582e+01
   3.6974990e+06   4.9926758e+01
   3.6983840e+06   4.4677734e+01
   3.6999270e+06   5.3222656e+01
   3.7009080e+06   4.3762207e+01
   3.7018940e+06   4.5104980e+01
   3.7030310e+06   4.8522949e+01
   3.7040390e+06   5.5236816e+01
   3.7052780e+06   4.4555664e+01
   3.7062420e+06   4.2602539e+01
   3.7083790e+06   4.8278809e+01
   3.7097730e+06   4.4799805e+01
   3.7118240e+06   5.0903320e+01
   3.7131770e+06   5.1635742e+01
   3.7152030e+06   3.8269043e+01
   3.7164920e+06   5.9020996e+01
   3.7185900e+06   4.3457031e+01
   3.7203370e+06   5.5969238e+01
   3.7216330e+06   5.0537109e+01
   3.7229820e+06   5.1818848e+01
   3.7256900e+06   4.7912598e+01
   3.7304660e+06   3.5583496e+01
   3.7308230e+06   3.9611816e+01
   3.7310720e+06   4.2358398e+01
   3.7311420e+06   3.4729004e+01
   3.7312140e+06   5.5419922e+01
   3.7315150e+06   5.3466797e+01
   3.7318470e+06   4.7424316e+01
   3.7319460e+06   3.6376953e+01
   3.7322360e+06   3.2836914e+01
   3.7322940e+06   3.7292480e+01
   3.7328910e+06   4.2480469e+01
   3.7331240e+06   5.9692383e+01
   3.7336150e+06   5.7067871e+01
   3.7338910e+06   3.2775879e+01
   3.7345710e+06   3.3325195e+01
   3.7347490e+06   4.6203613e+01
   3.7354520e+06   3.4606934e+01
   3.7695210e+06   5.9082031e+01
   3.7809580e+06   5.7312012e+01
   3.7824230e+06   4.8950195e+01
   3.7840540e+06   4.7485352e+01
   3.7851200e+06   4.4616699e+01
   3.7867880e+06   5.2429199e+01
   3.8065480e+06   5.1269531e+01
   3.8078970e+06   5.0598145e+01
   3.8096290e+06   4.7912598e+01
   3.8187670e+06   5.2551270e+01
   3.8198350e+06   6.1950684e+01
   3.8203060e+06   4.4128418e+01
   3.8205730e+06   3.8757324e+01
   3.8206380e+06   3.4301758e+01
   3.8207020e+06   5.5786133e+01
   3.8208860e+06   3.3020020e+01
   3.8209270e+06   4.6752930e+01
   3.8209780e+06   3.4301758e+01
   3.8211720e+06   5.9875488e+01
   3.8212860e+06   4.2114258e+01
   3.8213930e+06   3.4118652e+01
   3.8216170e+06   4.3395996e+01
   3.8216410e+06   6.4208984e+01
   3.8216520e+06   3.2836914e+01
   3.8219920e+06   4.7973633e+01
   3.8224450e+06   3.7536621e+01
   3.8229930e+06   4.2785645e+01
   3.8234680e+06   4.3579102e+01
   3.8250260e+06   3.4057617e+01
   3.8472780e+06   3.2897949e+01
   3.8491470e+06   5.2978516e+01
   3.8514390e+06   5.4260254e+01
   3.8533770e+06   5.1635742e+01
   3.8552100e+06   3.9184570e+01
   3.8561980e+06   3.5705566e+01
   3.8570890e+06   3.7536621e+01
   3.8573950e+06   4.7546387e+01
   3.8579460e+06   4.3334961e+01
   3.8590930e+06   4.0039063e+01
   3.8595170e+06   4.7729492e+01
   3.8605840e+06   3.3142090e+01
   3.8791100e+06   5.2551270e+01
   3.8807530e+06   5.6701660e+01
   3.8824460e+06   5.4321289e+01
   3.8875280e+06   3.4912109e+01
   3.8881290e+06   3.4667969e+01
   3.8888520e+06   3.4790039e+01
   3.8892150e+06   3.3142090e+01
   3.8892800e+06   6.0363770e+01
   3.8896570e+06   3.3325195e+01
   3.8897970e+06   5.5358887e+01
   3.8904280e+06   3.7170410e+01
   3.8907220e+06   4.5349121e+01
   3.8921910e+06   5.3405762e+01
   3.9161890e+06   6.2622070e+01
   3.9171830e+06   4.7119141e+01
   3.9192100e+06   4.9865723e+01
   3.9208970e+06   3.3996582e+01
   3.9216600e+06   5.5541992e+01
   3.9218580e+06   3.3264160e+01
   3.9225580e+06   3.9184570e+01
   3.9232990e+06   3.5400391e+01
   3.9235320e+06   5.5358887e+01
   3.9240510e+06   3.4301758e+01
   3.9241530e+06   4.3273926e+01
   3.9268160e+06   3.9489746e+01
   3.9431220e+06   6.5979004e+01
   3.9445790e+06   5.4565430e+01
   3.9567670e+06   4.0283203e+01
   3.9575370e+06   5.2917480e+01
   3.9575770e+06   3.7353516e+01
   3.9579630e+06   3.6865234e+01
   3.9584420e+06   4.0832520e+01
   3.9587440e+06   4.1564941e+01
   3.9590860e+06   3.2958984e+01
   3.9597470e+06   3.9550781e+01
   3.9601420e+06   3.3081055e+01
   3.9605600e+06   4.7973633e+01
   3.9608010e+06   3.9001465e+01
   3.9622490e+06   5.3222656e+01
   3.9796160e+06   6.3049316e+01
   3.9823250e+06   5.4199219e+01
   3.9862880e+06   5.4748535e+01
   3.9877280e+06   4.7607422e+01
   3.9890820e+06   5.8776855e+01
   3.9915000e+06   5.1147461e+01
   3.9945980e+06   3.3691406e+01
   4.0050420e+06   6.1523438e+01
   4.0071170e+06   3.8330078e+01
   4.0084030e+06   5.5175781e+01
   4.0099100e+06   4.8583984e+01
   4.0128180e+06   4.6447754e+01
   4.0278530e+06   5.2612305e+01
   4.0306340e+06   4.9743652e+01
   4.0320490e+06   3.7414551e+01
   4.0335240e+06   5.6396484e+01
   4.0436180e+06   3.5461426e+01
   4.0439900e+06   3.3935547e+01
   4.0441170e+06   3.6376953e+01
   4.0442250e+06   7.0617676e+01
   4.0443290e+06   3.3264160e+01
   4.0446870e+06   4.5104980e+01
   4.0447110e+06   3.4545898e+01
   4.0449250e+06   3.4606934e+01
   4.0449410e+06   4.7546387e+01
   4.0453490e+06   4.8828125e+01
   4.0453940e+06   3.5095215e+01
   4.0457030e+06   4.0527344e+01
   4.0461730e+06   4.2480469e+01
   4.0467080e+06   4.7363281e+01
   4.0471750e+06   3.4057617e+01
   4.0472300e+06   3.7597656e+01
   4.0496820e+06   3.2775879e+01
   4.0677730e+06   5.9387207e+01
   4.0687690e+06   5.3039551e+01
   4.0745980e+06   5.6884766e+01
   4.0757880e+06   3.4362793e+01
   4.0761300e+06   4.8278809e+01
   4.0777220e+06   4.1320801e+01
   4.0792310e+06   3.2958984e+01
   4.0803340e+06   3.9794922e+01
   4.0825010e+06   3.6315918e+01
   4.1034220e+06   4.5227051e+01
   4.1047970e+06   5.8593750e+01
   4.1070820e+06   5.9448242e+01
   4.1143720e+06   4.2419434e+01
   4.1152080e+06   3.5461426e+01
   4.1160300e+06   5.8471680e+01
   4.1166850e+06   3.2775879e+01
   4.1172580e+06   5.0537109e+01
   4.1323800e+06   5.5725098e+01
   4.1336950e+06   5.7128906e+01
   4.1350380e+06   4.9987793e+01
   4.1365810e+06   4.5776367e+01
   4.1396900e+06   4.2114258e+01
   4.1403640e+06   3.7841797e+01
   4.1409150e+06   3.6010742e+01
   4.1411450e+06   3.8757324e+01
   4.1414980e+06   3.5949707e+01
   4.1419600e+06   3.5217285e+01
   4.1436430e+06   3.4301758e+01
   4.1437100e+06   5.4016113e+01
   4.1683270e+06   5.9936523e+01
   4.1693350e+06   4.9011230e+01
   4.1711140e+06   5.0720215e+01
   4.1794490e+06   3.9306641e+01
   4.1798990e+06   3.4667969e+01
   4.1802450e+06   3.3691406e+01
   4.1810110e+06   5.6274414e+01
   4.1817500e+06   5.6884766e+01
   4.1975840e+06   6.1096191e+01
   4.1992680e+06   5.3466797e+01
   4.2007380e+06   4.9926758e+01
   4.2139780e+06   3.4240723e+01
   4.2151620e+06   3.5339355e+01
   4.2151820e+06   6.1462402e+01
   4.2162480e+06   5.5297852e+01
   4.2177310e+06   5.2124023e+01
   4.2318080e+06   5.3894043e+01
   4.2332620e+06   4.6447754e+01
   4.2347220e+06   4.9865723e+01
   4.2409320e+06   5.6884766e+01
   4.2434940e+06   4.7729492e+01
   4.2449540e+06   5.0048828e+01
   4.2524030e+06   3.4606934e+01
   4.2528020e+06   3.7597656e+01
   4.2532370e+06   3.9123535e+01
   4.2535820e+06   6.5429688e+01
   4.2540720e+06   5.1757813e+01
   4.2546050e+06   4.4006348e+01
   4.2554460e+06   4.8339844e+01
   4.2562330e+06   3.3386230e+01
   4.2572370e+06   3.5400391e+01
   4.2717720e+06   5.1147461e+01
   4.2747060e+06   5.9692383e+01
   4.2767920e+06   3.9611816e+01
   4.2787940e+06   4.5837402e+01
   4.2801540e+06   3.9733887e+01
   4.2841790e+06   3.3142090e+01
   4.2846470e+06   4.5288086e+01
   4.2851390e+06   3.6071777e+01
   4.2864500e+06   3.4301758e+01
   4.2871130e+06   3.8513184e+01
   4.2879400e+06   3.7902832e+01
   4.3001250e+06   6.0974121e+01
   4.3030920e+06   5.3588867e+01
   4.3044280e+06   5.0109863e+01
   4.3081510e+06   3.5156250e+01
   4.3093290e+06   3.6132813e+01
   4.3112460e+06   3.4912109e+01
   4.3200200e+06   5.3894043e+01
   4.3243010e+06   5.9753418e+01
   4.3270390e+06   5.0781250e+01
   4.3282140e+06   6.2194824e+01
   4.3307790e+06   5.3405762e+01
   4.3445790e+06   5.5480957e+01
   4.3459290e+06   5.6274414e+01
   4.3471140e+06   3.4851074e+01
   4.3476770e+06   3.4790039e+01
   4.3479990e+06   3.3386230e+01
   4.3483440e+06   5.3771973e+01
   4.3485440e+06   3.3020020e+01
   4.3488730e+06   4.4982910e+01
   4.3494430e+06   3.4851074e+01
   4.3503360e+06   4.1992188e+01
   4.3504340e+06   6.4453125e+01
   4.3508580e+06   3.3020020e+01
   4.3517430e+06   3.3996582e+01
   4.3519310e+06   4.9438477e+01
   4.3684150e+06   4.9987793e+01
   4.3692420e+06   5.0292969e+01
   4.3702690e+06   4.7668457e+01
   4.3720300e+06   4.6813965e+01
   4.3743080e+06   5.1757813e+01
   4.3764600e+06   3.4851074e+01
   4.3772000e+06   3.5888672e+01
   4.3779620e+06   3.4240723e+01
   4.3958730e+06   5.2001953e+01
   4.3970280e+06   5.3222656e+01
   4.3986240e+06   5.7983398e+01
   4.4008020e+06   5.3771973e+01
   4.4011990e+06   4.0039063e+01
   4.4021430e+06   5.6091309e+01
   4.4041660e+06   3.8635254e+01
   4.4168820e+06   5.4016113e+01
   4.4175600e+06   5.0842285e+01
   4.4183000e+06   5.5847168e+01
   4.4194610e+06   5.3527832e+01
   4.4220930e+06   6.1340332e+01
   4.4233360e+06   4.0954590e+01
   4.4271230e+06   4.6203613e+01
   4.4276970e+06   3.3752441e+01
   4.4279460e+06   3.5217285e+01
   4.4287540e+06   5.4748535e+01
   4.4293780e+06   5.2185059e+01
   4.4298200e+06   4.4006348e+01
   4.4305970e+06   4.8461914e+01
   4.4315620e+06   3.8635254e+01
   4.4327500e+06   3.4179688e+01
   4.4487810e+06   6.1584473e+01
   4.4501220e+06   5.5236816e+01
   4.4514280e+06   4.6142578e+01
   4.4603100e+06   3.5217285e+01
   4.4615850e+06   5.2490234e+01
   4.4627390e+06   4.5288086e+01
   4.4635550e+06   3.5217285e+01
   4.4654560e+06   5.1147461e+01
   4.4828910e+06   5.8044434e+01
   4.4841520e+06   4.5898438e+01
   4.4851360e+06   4.6386719e+01
   4.4905880e+06   3.5888672e+01
   4.4913610e+06   5.9509277e+01
   4.4918310e+06   3.2958984e+01
   4.4926730e+06   3.5034180e+01
   4.4928420e+06   4.1076660e+01
   4.4936260e+06   3.4423828e+01
   4.5072850e+06   5.7983398e+01
   4.5085250e+06   4.7119141e+01
   4.5094730e+06   5.0720215e+01
   4.5107130e+06   5.2307129e+01
   4.5120730e+06   4.7363281e+01
   4.5145540e+06   5.3344727e+01
   4.5163530e+06   5.8410645e+01
   4.5177380e+06   3.2836914e+01
   4.5187700e+06   3.3935547e+01
   4.5318080e+06   5.0476074e+01
   4.5327490e+06   6.0302734e+01
   4.5338250e+06   5.1818848e+01
   4.5368200e+06   5.6884766e+01
   4.5379830e+06   5.2062988e+01
   4.5397880e+06   4.6691895e+01
   4.5411470e+06   4.6447754e+01
   4.5438200e+06   4.9987793e+01
   4.5477980e+06   3.8391113e+01
   4.5485080e+06   3.3386230e+01
   4.5491090e+06   3.6193848e+01
   4.5495570e+06   3.8269043e+01
   4.5499320e+06   3.3386230e+01
   4.5516210e+06   4.5898438e+01
   4.5519560e+06   3.5766602e+01
   4.5536200e+06   5.5603027e+01
   4.5713330e+06   5.0231934e+01
   4.5731030e+06   4.7973633e+01
   4.5744970e+06   5.2185059e+01
   4.5758990e+06   5.7739258e+01
   4.5773120e+06   4.7119141e+01
   4.5806240e+06   5.1635742e+01
   4.5821180e+06   3.6132813e+01
   4.5837430e+06   3.7902832e+01
   4.5842840e+06   4.3395996e+01
   4.5848360e+06   3.3996582e+01
   4.5852900e+06   3.3447266e+01
   4.6019200e+06   4.9316406e+01
   4.6039430e+06   5.2307129e+01
   4.6048970e+06   4.9438477e+01
   4.6059230e+06   4.7058105e+01
   4.6084770e+06   5.2734375e+01
   4.6186140e+06   5.8532715e+01
   4.6187030e+06   3.8146973e+01
   4.6197310e+06   4.1320801e+01
   4.6216300e+06   3.3874512e+01
   4.6323670e+06   5.8532715e+01
   4.6331720e+06   5.6457520e+01
   4.6341490e+06   5.2795410e+01
   4.6349600e+06   4.7851563e+01
   4.6358510e+06   4.7912598e+01
   4.6376370e+06   5.6884766e+01
   4.6503290e+06   5.2368164e+01
   4.6512560e+06   4.4372559e+01
   4.6523220e+06   4.9743652e+01
   4.6538660e+06   4.8339844e+01
   4.6557800e+06   5.0292969e+01
   4.6574840e+06   5.9265137e+01
   4.6607420e+06   5.5419922e+01
   4.6625160e+06   4.6691895e+01
   4.6635310e+06   6.1645508e+01
   4.6711430e+06   4.6447754e+01
   4.6718550e+06   5.0476074e+01
   4.6729340e+06   4.7607422e+01
   4.6738730e+06   3.9733887e+01
   4.6749380e+06   4.9865723e+01
   4.6795520e+06   3.5888672e+01
   4.6797790e+06   3.3630371e+01
   4.6798950e+06   3.3691406e+01
   4.6799500e+06   3.4545898e+01
   4.6801000e+06   4.4128418e+01
   4.6801360e+06   3.8513184e+01
   4.6801920e+06   5.7128906e+01
   4.6803610e+06   4.0832520e+01
   4.6803830e+06   3.6376953e+01
   4.6804850e+06   5.1940918e+01
   4.6807100e+06   3.5766602e+01
   4.6808820e+06   3.7597656e+01
   4.6812240e+06   3.9550781e+01
   4.6814910e+06   3.3264160e+01
   4.6817070e+06   4.7363281e+01
   4.6823190e+06   3.3874512e+01
   4.6826440e+06   4.6508789e+01
   4.6834620e+06   4.8095703e+01
   4.6990900e+06   5.5114746e+01
   4.7003000e+06   4.9133301e+01
   4.7114600e+06   4.7546387e+01
   4.7123350e+06   5.4016113e+01
   4.7140610e+06   4.7668457e+01
   4.7154050e+06   5.2001953e+01
   4.7166620e+06   4.7790527e+01
   4.7268960e+06   3.3630371e+01
   4.7281920e+06   5.1208496e+01
   4.7292120e+06   5.4138184e+01
   4.7373760e+06   5.7983398e+01
   4.7384780e+06   5.0842285e+01
   4.7394420e+06   5.4626465e+01
   4.7410990e+06   5.6274414e+01
   4.7427780e+06   5.2307129e+01
   4.7441760e+06   5.1269531e+01
   4.7559390e+06   5.5908203e+01
   4.7571050e+06   5.3527832e+01
   4.7592360e+06   5.2673340e+01
   4.7611430e+06   4.9255371e+01
   4.7632040e+06   5.5603027e+01
   4.7761160e+06   4.6691895e+01
   4.7770450e+06   5.4260254e+01
   4.7781860e+06   5.4626465e+01
   4.7790170e+06   4.5898438e+01
   4.7904040e+06   3.4423828e+01
   4.7909680e+06   3.6010742e+01
   4.7909930e+06   3.4057617e+01
   4.7912230e+06   5.6945801e+01
   4.7912460e+06   3.7475586e+01
   4.7912830e+06   3.4179688e+01
   4.7917070e+06   4.5288086e+01
   4.7919100e+06   3.6437988e+01
   4.7921210e+06   4.6325684e+01
   4.7922340e+06   3.3020020e+01
   4.7924540e+06   4.1137695e+01
   4.7929230e+06   5.0415039e+01
   4.7930160e+06   3.4179688e+01
   4.7932690e+06   3.6010742e+01
   4.7936170e+06   4.5104980e+01
   4.7946560e+06   3.5217285e+01
   4.8109670e+06   5.5175781e+01
   4.8119860e+06   5.7434082e+01
   4.8131060e+06   4.5166016e+01
   4.8249000e+06   5.8349609e+01
   4.8263490e+06   4.8461914e+01
   4.8281040e+06   4.0954590e+01
   4.8293510e+06   5.2429199e+01
   4.8393550e+06   5.6640625e+01
   4.8401990e+06   5.9387207e+01
   4.8413720e+06   5.4565430e+01
   4.8472670e+06   5.3222656e+01
   4.8484460e+06   6.1035156e+01
   4.8502370e+06   4.4555664e+01
   4.8513070e+06   4.9743652e+01
   4.8652630e+06   3.3142090e+01
   4.8659030e+06   5.5053711e+01
   4.8663420e+06   3.5827637e+01
   4.8668130e+06   3.3874512e+01
   4.8669150e+06   3.7292480e+01
   4.8670640e+06   3.4545898e+01
   4.8672450e+06   5.7373047e+01
   4.8675300e+06   3.6682129e+01
   4.8675580e+06   3.7658691e+01
   4.8676540e+06   3.6376953e+01
   4.8677140e+06   5.3894043e+01
   4.8678480e+06   3.9306641e+01
   4.8684120e+06   5.5541992e+01
   4.8692300e+06   5.5175781e+01
   4.8696130e+06   3.4057617e+01
   4.8700060e+06   4.2358398e+01
   4.8703200e+06   3.3447266e+01
   4.8882320e+06   5.8471680e+01
   4.8898480e+06   4.8645020e+01
   4.8911390e+06   4.5654297e+01
   4.9034540e+06   4.6447754e+01
   4.9044110e+06   5.5480957e+01
   4.9047380e+06   3.3508301e+01
   4.9066010e+06   4.9255371e+01
   4.9115180e+06   5.2429199e+01
   4.9125120e+06   4.8034668e+01
   4.9172120e+06   5.4077148e+01
   4.9183950e+06   4.3212891e+01
   4.9197670e+06   4.5776367e+01
   4.9224670e+06   4.9621582e+01
   4.9324260e+06   4.9377441e+01
   4.9339550e+06   5.3466797e+01
   4.9354250e+06   4.8828125e+01
   4.9363690e+06   4.2602539e+01
   4.9435590e+06   3.7780762e+01
   4.9448060e+06   3.5217285e+01
   4.9451170e+06   3.5705566e+01
   4.9452250e+06   3.3813477e+01
   4.9452530e+06   3.4912109e+01
   4.9455200e+06   4.8461914e+01
   4.9459580e+06   4.1137695e+01
   4.9464400e+06   4.7058105e+01
   4.9464550e+06   3.2775879e+01
   4.9466710e+06   3.5949707e+01
   4.9469930e+06   3.8391113e+01
   4.9475650e+06   3.4667969e+01
   4.9477120e+06   4.6813965e+01
   4.9479080e+06   3.3813477e+01
   4.9485660e+06   3.2958984e+01
   4.9508410e+06   3.3996582e+01
   4.9659340e+06   5.4077148e+01
   4.9677760e+06   4.9438477e+01
   4.9704320e+06   4.4250488e+01
   4.9722650e+06   5.3771973e+01
   4.9753820e+06   5.1208496e+01
   4.9773240e+06   4.8095703e+01
   4.9784580e+06   5.2368164e+01
   4.9796910e+06   3.3142090e+01
   4.9814110e+06   5.0415039e+01
   4.9821120e+06   3.7719727e+01
   4.9822690e+06   6.2805176e+01
   4.9845750e+06   3.4729004e+01
   5.0004570e+06   4.5471191e+01
   5.0015480e+06   5.6701660e+01
   5.0026060e+06   4.9804688e+01
   5.0039020e+06   5.6152344e+01
   5.0054040e+06   5.4748535e+01
   5.0161090e+06   5.3222656e+01
   5.0170410e+06   5.5786133e+01
   5.0177560e+06   3.3081055e+01
   5.0180540e+06   5.4504395e+01
   5.0307810e+06   5.2673340e+01
   5.0317520e+06   5.4565430e+01
   5.0328340e+06   5.3527832e+01
   5.0339550e+06   5.3405762e+01
   5.0453410e+06   5.5236816e+01
   5.0464640e+06   4.4128418e+01
   5.0479350e+06   5.1025391e+01
   5.0504520e+06   5.7067871e+01
   5.0521420e+06   5.3833008e+01
   5.0536710e+06   5.7556152e+01
   5.0557320e+06   5.0598145e+01
   5.0579940e+06   4.6997070e+01
   5.0601590e+06   5.2856445e+01
   5.0650620e+06   4.1198730e+01
   5.0666040e+06   3.6254883e+01
   5.0669380e+06   3.7902832e+01
   5.0670680e+06   3.8269043e+01
   5.0674600e+06   5.2185059e+01
   5.0675510e+06   4.1015625e+01
   5.0676290e+06   3.6621094e+01
   5.0678030e+06   3.8330078e+01
   5.0678440e+06   3.3203125e+01
   5.0680350e+06   3.5095215e+01
   5.0681500e+06   4.6813965e+01
   5.0688160e+06   4.5104980e+01
   5.0693420e+06   3.8452148e+01
   5.0700820e+06   6.0852051e+01
   5.0705440e+06   3.2775879e+01
   5.0713990e+06   3.2775879e+01
   5.0876900e+06   6.4147949e+01
   5.0888120e+06   4.8583984e+01
   5.0994710e+06   5.4687500e+01
   5.1006040e+06   5.4138184e+01
   5.1021020e+06   5.4321289e+01
   5.1051470e+06   4.9743652e+01
   5.1182300e+06   5.9326172e+01
   5.1201260e+06   4.9194336e+01
   5.1209560e+06   4.5959473e+01
   5.1229420e+06   5.1452637e+01
   5.1368140e+06   5.5175781e+01
   5.1383420e+06   5.9326172e+01
   5.1396990e+06   5.3466797e+01
   5.1424350e+06   4.2968750e+01
   5.1439930e+06   5.2246094e+01
   5.1524110e+06   3.4606934e+01
   5.1525640e+06   4.3640137e+01
   5.1528870e+06   4.2053223e+01
   5.1529080e+06   3.5827637e+01
   5.1530080e+06   5.1635742e+01
   5.1531140e+06   3.7963867e+01
   5.1532240e+06   3.8269043e+01
   5.1533890e+06   4.0100098e+01
   5.1534120e+06   4.9804688e+01
   5.1538970e+06   4.0405273e+01
   5.1539980e+06   3.3081055e+01
   5.1541710e+06   3.3081055e+01
   5.1542920e+06   4.0100098e+01
   5.1546970e+06   3.5705566e+01
   5.1548950e+06   5.3283691e+01
   5.1551410e+06   3.3142090e+01
   5.1553380e+06   4.3762207e+01
   5.1567520e+06   3.5949707e+01
   5.1677020e+06   3.4912109e+01
   5.1711050e+06   4.0527344e+01
   5.1736510e+06   5.2185059e+01
   5.1751010e+06   4.8400879e+01
   5.1825920e+06   5.0415039e+01
   5.1840990e+06   4.8583984e+01
   5.1876200e+06   3.6621094e+01
   5.1981500e+06   4.8706055e+01
   5.1991180e+06   4.8583984e+01
   5.2002600e+06   5.7434082e+01
   5.2011920e+06   4.9438477e+01
   5.2079800e+06   5.6762695e+01
   5.2088590e+06   4.6203613e+01
   5.2101900e+06   4.8522949e+01
   5.2248650e+06   4.6813965e+01
   5.2262180e+06   5.6701660e+01
   5.2273940e+06   5.9692383e+01
   5.2285130e+06   4.7241211e+01
   5.2300710e+06   5.1940918e+01
   5.2342390e+06   3.4057617e+01
   5.2361580e+06   3.6499023e+01
   5.2386830e+06   4.2480469e+01
   5.2476470e+06   5.5969238e+01
   5.2493480e+06   5.5725098e+01
   5.2504250e+06   5.1635742e+01
   5.2656600e+06   5.4870605e+01
   5.2668040e+06   4.5776367e+01
   5.2684390e+06   4.6569824e+01
   5.2700050e+06   5.3649902e+01
   5.2828130e+06   4.9743652e+01
   5.2843200e+06   6.0424805e+01
   5.2853590e+06   5.1452637e+01
   5.2864080e+06   3.8879395e+01
   5.2995410e+06   4.9316406e+01
   5.2997580e+06   3.5827637e+01
   5.3009310e+06   3.8757324e+01
   5.3015140e+06   3.3691406e+01
   5.3033980e+06   4.2297363e+01
   5.3037550e+06   5.6945801e+01
   5.3164520e+06   5.8837891e+01
   5.3272180e+06   3.2836914e+01
   5.3327020e+06   5.6579590e+01
   5.3340660e+06   4.9682617e+01
   5.3352690e+06   5.9204102e+01
   5.3367590e+06   4.3640137e+01
   5.3376460e+06   4.1442871e+01
   5.3492530e+06   5.2001953e+01
   5.3504500e+06   4.8461914e+01
   5.3516610e+06   4.7241211e+01
   5.3532600e+06   4.2419434e+01
   5.3554120e+06   3.8696289e+01
   5.3556150e+06   3.6254883e+01
   5.3557370e+06   3.6010742e+01
   5.3560510e+06   4.4616699e+01
   5.3562540e+06   5.4504395e+01
   5.3562670e+06   3.6132813e+01
   5.3565600e+06   3.8146973e+01
   5.3566490e+06   4.4433594e+01
   5.3568090e+06   3.3630371e+01
   5.3571170e+06   4.9682617e+01
   5.3575010e+06   4.2968750e+01
   5.3580390e+06   4.0039063e+01
   5.3594700e+06   3.4484863e+01
   5.3760950e+06   3.3142090e+01
   5.3840890e+06   5.3161621e+01
   5.3856150e+06   5.1147461e+01
   5.4005390e+06   5.1391602e+01
   5.4019100e+06   5.3344727e+01
   5.4115720e+06   5.3039551e+01
   5.4144850e+06   4.7546387e+01
   5.4163420e+06   4.5349121e+01
   5.4292940e+06   3.5827637e+01
   5.4297400e+06   5.7373047e+01
   5.4302480e+06   3.3691406e+01
   5.4308530e+06   3.4790039e+01
   5.4321540e+06   3.4179688e+01
   5.4333810e+06   4.7973633e+01
   5.4471810e+06   4.7241211e+01
   5.4491430e+06   5.1330566e+01
   5.4511410e+06   3.8146973e+01
   5.4533600e+06   3.7414551e+01
   5.4635930e+06   5.7922363e+01
   5.4647430e+06   5.2307129e+01
   5.4653800e+06   3.9062500e+01
   5.4710920e+06   3.6071777e+01
   5.4737390e+06   3.3935547e+01
   5.4785280e+06   4.9926758e+01
   5.4814040e+06   5.1025391e+01
   5.4825960e+06   4.6447754e+01
   5.4836000e+06   5.1574707e+01
   5.4879440e+06   4.8461914e+01
   5.4889360e+06   4.2419434e+01
   5.4901820e+06   5.4382324e+01
   5.4917610e+06   3.5583496e+01
   5.4990770e+06   3.4179688e+01
   5.5042590e+06   5.3771973e+01
   5.5054720e+06   5.1208496e+01
   5.5070540e+06   5.0964355e+01
   5.5090680e+06   4.8767090e+01
   5.5107690e+06   4.9011230e+01
   5.5136730e+06   4.9743652e+01
   5.5164360e+06   4.4921875e+01
   5.5177930e+06   4.2358398e+01
   5.5187150e+06   3.4057617e+01
   5.5203620e+06   3.7963867e+01
   5.5256540e+06   3.9733887e+01
   5.5351180e+06   5.0048828e+01
   5.5362690e+06   4.5349121e+01
   5.5374780e+06   4.8767090e+01
   5.5498870e+06   3.5827637e+01
   5.5522370e+06   5.9570313e+01
   5.5534950e+06   5.1208496e+01
   5.5543920e+06   6.0913086e+01
   5.5580720e+06   5.0354004e+01
   5.5624670e+06   3.3325195e+01
   5.5707650e+06   5.4321289e+01
   5.5718280e+06   5.8654785e+01
   5.5727470e+06   5.0964355e+01
   5.5747420e+06   5.3771973e+01
   5.5762370e+06   4.8522949e+01
   5.5777470e+06   5.6457520e+01
   5.5789080e+06   4.4189453e+01
   5.5825240e+06   4.6020508e+01
   5.5861460e+06   3.8146973e+01
   5.5880880e+06   3.3142090e+01
   5.5902440e+06   3.3813477e+01
   5.5946830e+06   5.6518555e+01
   5.5969020e+06   4.9987793e+01
   5.5985600e+06   4.8889160e+01
   5.6012410e+06   3.8085938e+01
   5.6071000e+06   4.1320801e+01
   5.6082590e+06   5.1330566e+01
   5.6095790e+06   5.7617188e+01
   5.6115320e+06   4.4738770e+01
   5.6137790e+06   4.8889160e+01
   5.6189830e+06   3.5583496e+01
   5.6274570e+06   5.3710938e+01
   5.6287780e+06   4.9316406e+01
   5.6311650e+06   5.1757813e+01
   5.6329770e+06   5.7556152e+01
   5.6341440e+06   4.7973633e+01
   5.6374440e+06   3.4667969e+01
   5.6481280e+06   5.0048828e+01
   5.6488360e+06   3.4301758e+01
   5.6488670e+06   3.3081055e+01
   5.6500580e+06   4.5837402e+01
   5.6511790e+06   4.7485352e+01
   5.6518580e+06   5.1696777e+01
   5.6522710e+06   3.5888672e+01
   5.6523170e+06   4.7119141e+01
   5.6525770e+06   3.3508301e+01
   5.6528160e+06   4.3640137e+01
   5.6528910e+06   3.9672852e+01
   5.6533220e+06   4.6813965e+01
   5.6534730e+06   3.5766602e+01
   5.6538710e+06   5.2917480e+01
   5.6545310e+06   4.7851563e+01
   5.6551640e+06   3.7414551e+01
   5.6553810e+06   4.1320801e+01
   5.6558360e+06   3.4057617e+01
   5.6559650e+06   3.8879395e+01
   5.6569800e+06   4.5593262e+01
   5.6758200e+06   5.1513672e+01
   5.6771270e+06   5.4321289e+01
   5.6782810e+06   5.3039551e+01
   5.6798310e+06   4.5593262e+01
   5.6808060e+06   4.0344238e+01
   5.6820860e+06   4.2419434e+01
   5.6838160e+06   3.3935547e+01
   5.6853120e+06   3.7048340e+01
   5.7004710e+06   3.4851074e+01
   5.7061920e+06   5.0781250e+01
   5.7132780e+06   5.6579590e+01
   5.7138940e+06   5.5603027e+01
   5.7153250e+06   4.5349121e+01
   5.7167540e+06   4.9865723e+01
   5.7178050e+06   4.6691895e+01
   5.7209210e+06   5.1025391e+01
   5.7218880e+06   3.9123535e+01
   5.7246250e+06   3.5034180e+01
   5.7246520e+06   4.8217773e+01
   5.7255930e+06   5.5053711e+01
   5.7275170e+06   3.5034180e+01
   5.7281820e+06   3.4057617e+01
   5.7286470e+06   3.6254883e+01
   5.7286770e+06   3.2897949e+01
   5.7291200e+06   3.2958984e+01
   5.7296780e+06   5.2917480e+01
   5.7301310e+06   6.0119629e+01
   5.7306280e+06   3.9916992e+01
   5.7310540e+06   3.4790039e+01
   5.7311380e+06   4.9072266e+01
   5.7317340e+06   3.5705566e+01
   5.7317800e+06   4.1748047e+01
   5.7325440e+06   3.6010742e+01
   5.7331930e+06   3.3203125e+01
   5.7334420e+06   4.0527344e+01
   5.7493440e+06   5.1818848e+01
   5.7502840e+06   5.2062988e+01
   5.7512430e+06   4.0771484e+01
   5.7523880e+06   4.7668457e+01
   5.7531290e+06   4.8278809e+01
   5.7545240e+06   4.8950195e+01
   5.7571610e+06   3.3203125e+01
   5.7589140e+06   3.5461426e+01
   5.7591090e+06   5.4077148e+01
   5.7594830e+06   3.5095215e+01
   5.7596290e+06   3.9916992e+01
   5.7601920e+06   4.5349121e+01
   5.7607640e+06   4.1870117e+01
   5.7610540e+06   3.3264160e+01
   5.7615430e+06   4.4860840e+01
   5.7622830e+06   4.3395996e+01
   5.7629940e+06   3.2836914e+01
   5.7640180e+06   5.1696777e+01
   5.7767010e+06   4.7729492e+01
   5.7782400e+06   5.7861328e+01
   5.7787210e+06   3.3996582e+01
   5.7795960e+06   5.0903320e+01
   5.7811050e+06   5.0781250e+01
   5.7819810e+06   4.3273926e+01
   5.7906090e+06   5.5297852e+01
   5.7919550e+06   3.9611816e+01
   5.7928840e+06   4.9255371e+01
   5.7975190e+06   4.8522949e+01
   5.7988300e+06   5.0964355e+01
   5.8001320e+06   5.8715820e+01
   5.8111520e+06   6.3781738e+01
   5.8112870e+06   3.3508301e+01
   5.8121760e+06   3.4057617e+01
   5.8127020e+06   4.4372559e+01
   5.8129280e+06   3.3874512e+01
   5.8134160e+06   4.1809082e+01
   5.8140090e+06   4.3823242e+01
   5.8146310e+06   3.4667969e+01
   5.8147770e+06   5.1818848e+01
   5.8153570e+06   3.4362793e+01
   5.8155850e+06   4.2724609e+01
   5.8163700e+06   4.4494629e+01
   5.8195720e+06   3.3264160e+01
   5.8292960e+06   5.6579590e+01
   5.8305520e+06   5.1208496e+01
   5.8316110e+06   4.7180176e+01
   5.8330420e+06   4.4494629e+01
   5.8343180e+06   4.3518066e+01
   5.8363290e+06   4.7058105e+01
   5.8446400e+06   4.4433594e+01
   5.8458660e+06   4.4677734e+01
   5.8470200e+06   5.1147461e+01
   5.8479640e+06   4.0283203e+01
   5.8490540e+06   4.3823242e+01
   5.8508370e+06   4.1320801e+01
   5.8517420e+06   3.6682129e+01
   5.8529360e+06   4.7790527e+01
   5.8545430e+06   5.6884766e+01
   5.8553260e+06   5.4260254e+01
   5.8562020e+06   3.5217285e+01
   5.8570060e+06   3.9916992e+01
   5.8577980e+06   3.7109375e+01
   5.8656700e+06   3.7353516e+01
   5.8662930e+06   3.6010742e+01
   5.8667330e+06   3.7414551e+01
   5.8671200e+06   5.6152344e+01
   5.8674570e+06   3.5095215e+01
   5.8675980e+06   4.4860840e+01
   5.8677830e+06   3.3752441e+01
   5.8681590e+06   4.9865723e+01
   5.8686370e+06   3.3935547e+01
   5.8687740e+06   5.5297852e+01
   5.8694920e+06   4.3884277e+01
   5.8696250e+06   3.3569336e+01
   5.8702840e+06   4.0710449e+01
   5.8702980e+06   5.0842285e+01
   5.8714520e+06   3.4118652e+01
   5.8847690e+06   5.6274414e+01
   5.8860170e+06   5.6640625e+01
   5.8871720e+06   5.3161621e+01
   5.8926220e+06   5.9692383e+01
   5.8946700e+06   5.1086426e+01
   5.9034270e+06   5.2368164e+01
   5.9042910e+06   4.3518066e+01
   5.9057380e+06   4.7729492e+01
   5.9076970e+06   4.8156738e+01
   5.9109520e+06   4.5166016e+01
   5.9119750e+06   5.2307129e+01
   5.9157120e+06   4.4799805e+01
   5.9164360e+06   5.8105469e+01
   5.9169560e+06   4.3884277e+01
   5.9171400e+06   3.3935547e+01
   5.9176540e+06   4.4860840e+01
   5.9180840e+06   5.1086426e+01
   5.9184060e+06   3.4362793e+01
   5.9186690e+06   4.4738770e+01
   5.9192820e+06   4.7912598e+01
   5.9205830e+06   4.3762207e+01
   5.9392330e+06   4.5227051e+01
   5.9406330e+06   3.9550781e+01
   5.9420670e+06   5.4504395e+01
   5.9513630e+06   3.4973145e+01
   5.9518830e+06   4.8034668e+01
   5.9519940e+06   3.4912109e+01
   5.9523150e+06   5.7922363e+01
   5.9523850e+06   3.7658691e+01
   5.9529180e+06   3.5400391e+01
   5.9536990e+06   4.6203613e+01
   5.9543370e+06   3.5217285e+01
   5.9545300e+06   5.0415039e+01
   5.9557600e+06   5.3283691e+01
   5.9827920e+06   6.0363770e+01
   5.9839750e+06   4.8522949e+01
   5.9853640e+06   5.2551270e+01
   5.9871440e+06   5.3527832e+01
   5.9881710e+06   4.1687012e+01
   5.9892690e+06   4.2602539e+01
   5.9895500e+06   3.3569336e+01
   5.9897480e+06   4.8645020e+01
   5.9901960e+06   5.8532715e+01
   5.9908320e+06   4.6020508e+01
   5.9916670e+06   5.1513672e+01
   5.9927640e+06   4.2785645e+01
