   5.9980000e+06   0.0000000e+00
   9.0274000e+04   4.8645020e+01
   2.1768100e+05   4.6569824e+01
   2.1784400e+05   4.2053223e+01
   2.1790100e+05   4.2053223e+01
   2.1842000e+05   4.2480469e+01
   4.4540800e+05   4.3395996e+01
   5.6173000e+05   5.2917480e+01
   1.0099840e+06   4.3579102e+01
   1.5597360e+06   4.4372559e+01
   1.7819940e+06   4.3640137e+01
   1.8338390e+06   4.4006348e+01
   1.8968560e+06   4.3151855e+01
   1.9640700e+06   5.2734375e+01
   2.0354310e+06   5.3649902e+01
   2.1102810e+06   4.4128418e+01
   2.2746510e+06   4.2358398e+01
   2.2751810e+06   4.4311523e+01
   2.4039720e+06   5.1879883e+01
   2.4041900e+06   4.2419434e+01
   2.4067500e+06   4.4982910e+01
   2.5042030e+06   4.4921875e+01
   2.5482410e+06   4.3090820e+01
   2.7246540e+06   4.2297363e+01
   2.7258610e+06   4.2358398e+01
   2.7572130e+06   4.4189453e+01
   2.9508870e+06   4.5837402e+01
   3.2717540e+06   4.3884277e+01
   3.5024170e+06   4.9743652e+01
   3.5057210e+06   4.2114258e+01
   3.8202190e+06   4.4616699e+01
   3.8204420e+06   5.1574707e+01
   3.9562970e+06   4.1992188e+01
   4.0437330e+06   4.2358398e+01
   4.0445650e+06   4.8217773e+01
   4.1133530e+06   4.3884277e+01
   4.7905690e+06   4.3029785e+01
   4.7914130e+06   4.9255371e+01
   4.7915950e+06   4.3945313e+01
   4.7920470e+06   4.2602539e+01
   4.7926560e+06   4.2480469e+01
   4.8655820e+06   4.4982910e+01
   4.8662870e+06   4.4616699e+01
   4.8670760e+06   4.2358398e+01
   4.9442450e+06   4.1931152e+01
   5.0676020e+06   4.3090820e+01
   5.0680390e+06   4.3762207e+01
   5.3559720e+06   4.4067383e+01
   5.5832670e+06   4.3273926e+01
   5.6522540e+06   4.6997070e+01
   5.7563480e+06   4.4067383e+01
   5.8132710e+06   4.2480469e+01
   5.9527020e+06   4.5410156e+01
