   5.9980000e+06   0.0000000e+00
   2.0337000e+04   3.3203125e+01
   2.1743400e+05   3.4423828e+01
   2.1797000e+05   4.0832520e+01
   2.1798900e+05   3.4423828e+01
   2.1801900e+05   3.4851074e+01
   2.1803200e+05   3.6682129e+01
   2.1819500e+05   4.1198730e+01
   2.1855000e+05   3.4240723e+01
   2.1862300e+05   4.1870117e+01
   2.1865600e+05   3.4851074e+01
   2.1877400e+05   4.4616699e+01
   2.1881400e+05   3.4851074e+01
   2.1885200e+05   4.5715332e+01
   2.1890000e+05   5.1452637e+01
   2.1891900e+05   4.4128418e+01
   2.1928500e+05   3.7536621e+01
   2.1941600e+05   1.2432861e+02
   2.1943400e+05   4.3395996e+01
   2.1955600e+05   3.3996582e+01
   2.1958300e+05   3.7292480e+01
   2.1965200e+05   4.3823242e+01
   2.1976900e+05   3.9245605e+01
   2.1984700e+05   3.9489746e+01
   2.2005000e+05   3.7658691e+01
   2.2056900e+05   3.6437988e+01
   2.5078100e+05   3.8513184e+01
   2.5194100e+05   3.3569336e+01
   2.7653600e+05   3.3874512e+01
   3.9817900e+05   3.5705566e+01
   3.9822400e+05   4.3273926e+01
   3.9829000e+05   3.4301758e+01
   3.9843300e+05   3.4484863e+01
   3.9851600e+05   4.7363281e+01
   3.9854300e+05   4.8950195e+01
   3.9859100e+05   3.5888672e+01
   3.9911700e+05   1.3110352e+02
   3.9926100e+05   3.9001465e+01
   3.9929200e+05   3.7963867e+01
   3.9952300e+05   4.3395996e+01
   4.4475800e+05   3.4912109e+01
   5.4994900e+05   3.3020020e+01
   5.6043100e+05   3.3264160e+01
   5.6188900e+05   3.8574219e+01
   5.6202400e+05   3.7658691e+01
   5.6205800e+05   4.9804688e+01
   5.6216000e+05   4.7851563e+01
   5.6229900e+05   4.4311523e+01
   5.6243100e+05   4.9560547e+01
   5.6286100e+05   4.2236328e+01
   5.6300400e+05   3.4301758e+01
   5.6309000e+05   3.5522461e+01
   5.6323500e+05   3.5400391e+01
   5.6337300e+05   3.8208008e+01
   5.6360800e+05   3.4912109e+01
   5.9621100e+05   3.3325195e+01
   6.6172300e+05   3.3691406e+01
   6.6280700e+05   3.6132813e+01
   6.6348700e+05   3.6499023e+01
   6.8897300e+05   3.4606934e+01
   6.8979900e+05   3.4301758e+01
   6.9201200e+05   3.4667969e+01
   8.1174700e+05   3.4423828e+01
   8.1223100e+05   3.4790039e+01
   8.1252200e+05   3.4790039e+01
   8.1254000e+05   3.4423828e+01
   8.1256100e+05   3.4240723e+01
   8.1272800e+05   4.1625977e+01
   8.1276500e+05   3.5278320e+01
   8.1301900e+05   3.5034180e+01
   8.1305100e+05   4.1809082e+01
   8.1330800e+05   3.7231445e+01
   8.1332100e+05   1.4147949e+02
   8.1352300e+05   4.3273926e+01
   8.1367700e+05   4.0954590e+01
   8.1386000e+05   4.0283203e+01
   8.1410500e+05   3.3752441e+01
   8.1430800e+05   4.0832520e+01
   8.1462200e+05   3.6865234e+01
   8.1478500e+05   3.4118652e+01
   8.1901500e+05   3.3508301e+01
   8.5854700e+05   3.5217285e+01
   1.0094930e+06   3.6010742e+01
   1.0095170e+06   3.4790039e+01
   1.0095640e+06   3.6621094e+01
   1.0102490e+06   4.2297363e+01
   1.0102620e+06   3.8574219e+01
   1.0102900e+06   3.3081055e+01
   1.0104150e+06   3.3203125e+01
   1.0105380e+06   3.7414551e+01
   1.0106670e+06   3.6621094e+01
   1.0107090e+06   3.3325195e+01
   1.0108900e+06   4.6203613e+01
   1.0109120e+06   4.2358398e+01
   1.0115000e+06   1.3372803e+02
   1.0115480e+06   3.4118652e+01
   1.0116280e+06   3.3752441e+01
   1.0404370e+06   3.4912109e+01
   1.0407980e+06   3.3630371e+01
   1.1177060e+06   3.3264160e+01
   1.3770410e+06   3.3996582e+01
   1.6028810e+06   3.3508301e+01
   1.6615360e+06   3.4118652e+01
   1.6685380e+06   3.5034180e+01
   1.7000900e+06   3.3508301e+01
   1.7814290e+06   3.3630371e+01
   1.7817070e+06   4.6142578e+01
   1.7818290e+06   3.4545898e+01
   1.7821300e+06   3.5522461e+01
   1.7821740e+06   3.9672852e+01
   1.7822110e+06   4.2846680e+01
   1.7824480e+06   4.5593262e+01
   1.7825160e+06   4.1503906e+01
   1.7827210e+06   3.8085938e+01
   1.7828800e+06   3.4790039e+01
   1.7830770e+06   3.4973145e+01
   1.7831270e+06   3.3081055e+01
   1.7855280e+06   3.3081055e+01
   1.8339460e+06   4.2175293e+01
   1.8956850e+06   3.5339355e+01
   1.8964840e+06   3.7719727e+01
   1.8970700e+06   3.6132813e+01
   1.8972550e+06   5.0720215e+01
   1.8973590e+06   3.4240723e+01
   1.8975190e+06   5.4748535e+01
   1.8977240e+06   3.6926270e+01
   1.8978430e+06   3.9245605e+01
   1.8984130e+06   4.1015625e+01
   1.8990030e+06   3.4790039e+01
   1.8994100e+06   3.3386230e+01
   1.9003250e+06   3.3630371e+01
   1.9364560e+06   3.5095215e+01
   1.9366100e+06   3.6865234e+01
   1.9374150e+06   3.3691406e+01
   1.9637380e+06   3.3569336e+01
   2.0355040e+06   3.4973145e+01
   2.0355580e+06   3.3386230e+01
   2.0360350e+06   4.0466309e+01
   2.0361870e+06   3.3264160e+01
   2.0364260e+06   4.2358398e+01
   2.0365790e+06   3.4851074e+01
   2.0372330e+06   3.6926270e+01
   2.0382620e+06   3.3752441e+01
   2.1087040e+06   4.5471191e+01
   2.1088500e+06   3.5034180e+01
   2.1096040e+06   3.4545898e+01
   2.1106060e+06   3.5217285e+01
   2.2009490e+06   3.5827637e+01
   2.2009980e+06   3.8940430e+01
   2.2013430e+06   3.6376953e+01
   2.2014940e+06   3.4362793e+01
   2.2017440e+06   3.5888672e+01
   2.2017970e+06   3.4179688e+01
   2.2025420e+06   3.4057617e+01
   2.2046130e+06   3.3813477e+01
   2.2732420e+06   3.9184570e+01
   2.2733690e+06   3.3142090e+01
   2.2735620e+06   3.4240723e+01
   2.2742160e+06   3.3020020e+01
   2.2742940e+06   3.3447266e+01
   2.2754790e+06   3.3020020e+01
   2.2774580e+06   3.4301758e+01
   2.3326660e+06   3.4484863e+01
   2.3332840e+06   3.3813477e+01
   2.3345210e+06   3.8818359e+01
   2.3367210e+06   3.5339355e+01
   2.4048480e+06   3.5095215e+01
   2.4052320e+06   4.1687012e+01
   2.4086340e+06   3.3142090e+01
   2.5042080e+06   3.6682129e+01
   2.5043830e+06   3.4179688e+01
   2.5050600e+06   3.3203125e+01
   2.5051510e+06   3.5278320e+01
   2.5074260e+06   3.3264160e+01
   2.5489530e+06   3.5095215e+01
   2.6015260e+06   3.5644531e+01
   2.6020340e+06   3.5522461e+01
   2.6022460e+06   4.4067383e+01
   2.6024110e+06   3.5461426e+01
   2.6026380e+06   4.0771484e+01
   2.7247940e+06   3.3996582e+01
   2.7248330e+06   3.4301758e+01
   2.7249060e+06   3.6132813e+01
   2.7249460e+06   3.7536621e+01
   2.7251480e+06   1.3830566e+02
   2.7251790e+06   3.6254883e+01
   2.7255580e+06   3.4545898e+01
   2.7255820e+06   4.3273926e+01
   2.7256900e+06   4.6997070e+01
   2.7257350e+06   3.5034180e+01
   2.7260160e+06   3.4606934e+01
   2.7261520e+06   4.3457031e+01
   2.7263880e+06   1.1633301e+02
   2.7264840e+06   4.0710449e+01
   2.7265670e+06   3.7597656e+01
   2.7266220e+06   4.1076660e+01
   2.7269150e+06   4.1381836e+01
   2.7271950e+06   1.2109375e+02
   2.7272140e+06   3.4973145e+01
   2.7542740e+06   3.4057617e+01
   2.7948650e+06   3.3386230e+01
   2.7953330e+06   3.3874512e+01
   2.8274360e+06   3.3203125e+01
   2.8984370e+06   3.6987305e+01
   2.9696000e+06   3.4301758e+01
   3.0301070e+06   3.3508301e+01
   3.0789410e+06   3.3813477e+01
   3.0793920e+06   3.4545898e+01
   3.0969180e+06   3.7780762e+01
   3.2719140e+06   4.8889160e+01
   3.2720380e+06   3.3325195e+01
   3.2720780e+06   4.8034668e+01
   3.2721060e+06   3.3264160e+01
   3.2722770e+06   5.1757813e+01
   3.2723400e+06   4.3518066e+01
   3.2723740e+06   1.3317871e+02
   3.2723890e+06   3.8574219e+01
   3.2724100e+06   3.7170410e+01
   3.2725940e+06   3.4790039e+01
   3.2726660e+06   3.8696289e+01
   3.2727960e+06   5.1940918e+01
   3.2728060e+06   1.2377930e+02
   3.2728640e+06   3.3569336e+01
   3.2729410e+06   3.4729004e+01
   3.2729510e+06   4.1198730e+01
   3.2730880e+06   1.1486816e+02
   3.2735240e+06   3.5278320e+01
   3.2741410e+06   1.1242676e+02
   3.2742570e+06   3.5522461e+01
   3.2745890e+06   3.5156250e+01
   3.3596340e+06   3.3081055e+01
   3.4458680e+06   3.7353516e+01
   3.4575910e+06   4.0771484e+01
   3.5041050e+06   1.3079834e+02
   3.5041230e+06   3.4973145e+01
   3.5042000e+06   6.2377930e+01
   3.5043530e+06   3.3874512e+01
   3.5043890e+06   4.5288086e+01
   3.5044900e+06   5.1574707e+01
   3.5045190e+06   1.2036133e+02
   3.5045420e+06   3.5949707e+01
   3.5046100e+06   3.6743164e+01
   3.5046600e+06   3.8940430e+01
   3.5046990e+06   3.5278320e+01
   3.5047780e+06   3.9916992e+01
   3.5048260e+06   4.0588379e+01
   3.5049200e+06   3.9978027e+01
   3.5049330e+06   1.2200928e+02
   3.5050050e+06   3.5217285e+01
   3.5050320e+06   3.9367676e+01
   3.5051350e+06   4.4067383e+01
   3.5052990e+06   4.3151855e+01
   3.5055050e+06   3.7963867e+01
   3.5057560e+06   3.3813477e+01
   3.5058070e+06   3.4301758e+01
   3.5059930e+06   3.4423828e+01
   3.5060210e+06   9.9182129e+01
   3.5061700e+06   4.8767090e+01
   3.5066750e+06   3.6315918e+01
   3.5076840e+06   3.3142090e+01
   3.5082020e+06   4.0161133e+01
   3.7313570e+06   3.9062500e+01
   3.7356410e+06   4.6752930e+01
   3.7733680e+06   3.4484863e+01
   3.8207630e+06   3.3569336e+01
   3.8209720e+06   3.4423828e+01
   3.8211110e+06   3.3874512e+01
   3.8211360e+06   3.5339355e+01
   3.8213600e+06   3.9428711e+01
   3.8214400e+06   3.3569336e+01
   3.8217440e+06   3.6987305e+01
   3.8217550e+06   3.6376953e+01
   3.8219570e+06   3.3020020e+01
   3.8219860e+06   3.3081055e+01
   3.8220110e+06   3.6987305e+01
   3.8223000e+06   3.3264160e+01
   3.8224100e+06   3.4362793e+01
   3.8237830e+06   3.7841797e+01
   3.8895550e+06   3.3386230e+01
   3.9573360e+06   3.4301758e+01
   4.0441550e+06   3.7048340e+01
   4.0443460e+06   3.5217285e+01
   4.0448300e+06   3.9184570e+01
   4.0448880e+06   3.8208008e+01
   4.0449550e+06   3.5278320e+01
   4.0449960e+06   3.9611816e+01
   4.0450330e+06   3.3264160e+01
   4.0450520e+06   3.6743164e+01
   4.0459810e+06   3.3264160e+01
   4.0461640e+06   3.4484863e+01
   4.0761150e+06   3.3142090e+01
   4.1589160e+06   3.3203125e+01
   4.1804860e+06   3.4240723e+01
   4.2587070e+06   3.3691406e+01
   4.2862590e+06   3.4912109e+01
   4.3482310e+06   3.3874512e+01
   4.3491680e+06   3.4423828e+01
   4.4273110e+06   3.3386230e+01
   4.4286270e+06   3.3020020e+01
   4.4898710e+06   3.6987305e+01
   4.5173350e+06   3.4790039e+01
   4.5488350e+06   3.7109375e+01
   4.6140380e+06   3.5217285e+01
   4.6169650e+06   3.3874512e+01
   4.6178740e+06   3.3447266e+01
   4.6791300e+06   3.3264160e+01
   4.6794770e+06   3.5827637e+01
   4.6796470e+06   3.9550781e+01
   4.6799920e+06   4.2480469e+01
   4.6800870e+06   4.5959473e+01
   4.6801110e+06   4.7180176e+01
   4.6802410e+06   1.2365723e+02
   4.6803510e+06   3.6804199e+01
   4.6804040e+06   3.5522461e+01
   4.6804750e+06   3.9367676e+01
   4.6807050e+06   3.6254883e+01
   4.6807230e+06   3.5156250e+01
   4.6807450e+06   3.7597656e+01
   4.6809240e+06   1.0992432e+02
   4.6809930e+06   3.9367676e+01
   4.6810420e+06   3.8146973e+01
   4.6811150e+06   3.3874512e+01
   4.6813080e+06   4.2541504e+01
   4.6813240e+06   3.3203125e+01
   4.6814390e+06   3.9123535e+01
   4.6815370e+06   1.1639404e+02
   4.6817270e+06   3.3264160e+01
   4.6818480e+06   3.6071777e+01
   4.6820530e+06   1.0815430e+02
   4.6822110e+06   4.3090820e+01
   4.6823040e+06   3.3264160e+01
   4.6828840e+06   3.4667969e+01
   4.7318570e+06   3.6132813e+01
   4.7912640e+06   3.4851074e+01
   4.7914240e+06   3.3874512e+01
   4.7915300e+06   4.1198730e+01
   4.7915570e+06   3.5583496e+01
   4.7916270e+06   3.9306641e+01
   4.7916630e+06   3.3813477e+01
   4.7917440e+06   1.2774658e+02
   4.7917670e+06   3.4301758e+01
   4.7918310e+06   3.8818359e+01
   4.7919060e+06   4.2236328e+01
   4.7919360e+06   3.4240723e+01
   4.7920370e+06   3.9794922e+01
   4.7920860e+06   1.1138916e+02
   4.7923280e+06   3.4484863e+01
   4.7923850e+06   3.9245605e+01
   4.7925230e+06   3.5644531e+01
   4.7927460e+06   3.5034180e+01
   4.7927930e+06   4.2175293e+01
   4.7928570e+06   3.3813477e+01
   4.7932990e+06   3.8940430e+01
   4.7933870e+06   1.2530518e+02
   4.7934760e+06   3.4851074e+01
   4.7939330e+06   3.6437988e+01
   4.7940050e+06   3.3020020e+01
   4.7941520e+06   3.7719727e+01
   4.8670710e+06   3.8757324e+01
   4.8674840e+06   3.7719727e+01
   4.8676480e+06   1.3256836e+02
   4.8679210e+06   3.4179688e+01
   4.8680850e+06   3.6254883e+01
   4.8681350e+06   3.5339355e+01
   4.8684160e+06   3.3508301e+01
   4.8687320e+06   1.2689209e+02
   4.8687640e+06   3.7841797e+01
   4.8705120e+06   3.4301758e+01
   4.9013670e+06   3.5888672e+01
   4.9454850e+06   3.3996582e+01
   4.9456750e+06   3.3569336e+01
   4.9457780e+06   3.3386230e+01
   4.9459700e+06   3.5583496e+01
   4.9460270e+06   3.7048340e+01
   4.9818950e+06   3.5156250e+01
   4.9833970e+06   3.3264160e+01
   5.0670050e+06   3.6132813e+01
   5.0673770e+06   3.5095215e+01
   5.0673940e+06   3.8269043e+01
   5.0674990e+06   4.3212891e+01
   5.0675380e+06   3.8330078e+01
   5.0676220e+06   4.2297363e+01
   5.0678260e+06   4.1870117e+01
   5.0679330e+06   1.3299561e+02
   5.0680390e+06   3.4973145e+01
   5.0681780e+06   3.4729004e+01
   5.0683470e+06   4.8156738e+01
   5.0686640e+06   3.8391113e+01
   5.0700230e+06   3.7414551e+01
   5.0701180e+06   3.8696289e+01
   5.1514870e+06   3.3630371e+01
   5.1523800e+06   3.5034180e+01
   5.1528280e+06   3.6682129e+01
   5.1529080e+06   4.8645020e+01
   5.1530000e+06   3.3935547e+01
   5.1531730e+06   3.3630371e+01
   5.1532570e+06   3.3630371e+01
   5.1533790e+06   1.0919189e+02
   5.1534630e+06   3.3020020e+01
   5.1537690e+06   3.4118652e+01
   5.1538340e+06   1.1999512e+02
   5.1538670e+06   3.3386230e+01
   5.1539110e+06   3.3264160e+01
   5.1543920e+06   3.6987305e+01
   5.1546380e+06   3.4912109e+01
   5.1553470e+06   3.3569336e+01
   5.1558370e+06   3.8085938e+01
   5.1778550e+06   3.3874512e+01
   5.3556250e+06   3.5583496e+01
   5.3563350e+06   3.7536621e+01
   5.3563610e+06   4.3273926e+01
   5.3567660e+06   3.5034180e+01
   5.3568100e+06   3.3264160e+01
   5.3568570e+06   4.7973633e+01
   5.3570930e+06   3.3081055e+01
   5.3572620e+06   3.4973145e+01
   5.4501130e+06   3.3813477e+01
   5.4504200e+06   3.6254883e+01
   5.6708170e+06   3.5949707e+01
   5.8321190e+06   3.4912109e+01
   5.9518710e+06   3.3447266e+01
   5.9916570e+06   3.4118652e+01
   5.9972340e+06   3.3874512e+01
