   5.9980000e+06   0.0000000e+00
   1.7480000e+04   4.4006348e+01
   1.8009000e+04   4.6142578e+01
   1.8543000e+04   3.6987305e+01
   1.8899000e+04   3.4790039e+01
   1.9175000e+04   3.6376953e+01
   1.9407000e+04   3.9978027e+01
   1.9733000e+04   4.7607422e+01
   1.9819000e+04   5.0842285e+01
   2.0006000e+04   5.5480957e+01
   2.0260000e+04   3.4240723e+01
   2.0443000e+04   3.4912109e+01
   2.0784000e+04   6.2988281e+01
   2.1059000e+04   3.5339355e+01
   2.6068000e+04   4.0405273e+01
   4.9214000e+04   3.6621094e+01
   5.0166000e+04   3.6193848e+01
   5.3051000e+04   3.5705566e+01
   5.5392000e+04   3.4057617e+01
   5.6041000e+04   3.5339355e+01
   5.6519000e+04   4.1198730e+01
   5.6958000e+04   3.9611816e+01
   5.7364000e+04   3.6560059e+01
   8.6929000e+04   4.6569824e+01
   8.8264000e+04   3.4790039e+01
   2.1746200e+05   4.9926758e+01
   2.1774700e+05   3.4362793e+01
   2.1777000e+05   3.3508301e+01
   2.1780600e+05   4.0405273e+01
   2.1781900e+05   6.0241699e+01
   2.1785400e+05   3.3874512e+01
   2.1794300e+05   3.5766602e+01
   2.1799700e+05   6.1584473e+01
   2.1807000e+05   3.3935547e+01
   2.1810000e+05   5.1269531e+01
   2.1816900e+05   3.9001465e+01
   2.1825100e+05   4.3334961e+01
   2.1827200e+05   3.4790039e+01
   2.1829300e+05   6.8908691e+01
   2.1831900e+05   3.8574219e+01
   2.1834100e+05   4.3334961e+01
   2.1837000e+05   5.5847168e+01
   2.1842400e+05   4.9621582e+01
   2.1855100e+05   5.3222656e+01
   2.1856400e+05   7.1228027e+01
   2.1869400e+05   3.8940430e+01
   2.1875100e+05   3.7841797e+01
   2.1885800e+05   4.0405273e+01
   2.1895600e+05   3.3569336e+01
   2.1916400e+05   3.4240723e+01
   2.1929000e+05   3.7048340e+01
   2.1940500e+05   5.3222656e+01
   2.1957900e+05   3.5156250e+01
   2.1959700e+05   4.3395996e+01
   2.1982700e+05   5.3588867e+01
   2.2004600e+05   3.5034180e+01
   2.2017100e+05   4.4921875e+01
   2.2038900e+05   3.4667969e+01
   2.2047800e+05   3.6437988e+01
   2.2065300e+05   3.5034180e+01
   2.2080300e+05   3.9123535e+01
   2.2128400e+05   4.4616699e+01
   2.2132800e+05   4.8034668e+01
   2.2159100e+05   3.7292480e+01
   2.2160300e+05   3.6621094e+01
   2.2252200e+05   3.7536621e+01
   2.4741900e+05   3.6987305e+01
   2.4806700e+05   3.6987305e+01
   2.4853800e+05   4.3640137e+01
   2.4890000e+05   4.0527344e+01
   2.4915300e+05   3.3569336e+01
   2.4925500e+05   3.8269043e+01
   2.4934500e+05   6.7260742e+01
   2.4960800e+05   5.8044434e+01
   2.4979900e+05   3.3752441e+01
   2.4989500e+05   5.0720215e+01
   2.5058200e+05   4.4555664e+01
   2.5118000e+05   3.7475586e+01
   2.7665200e+05   4.2114258e+01
   2.7708400e+05   3.6315918e+01
   2.7745800e+05   3.4240723e+01
   2.7788500e+05   4.6813965e+01
   3.9742700e+05   6.0729980e+01
   3.9774500e+05   4.4677734e+01
   3.9783700e+05   6.0058594e+01
   3.9802200e+05   4.6508789e+01
   3.9810200e+05   4.1259766e+01
   3.9814100e+05   3.5278320e+01
   3.9817800e+05   5.1025391e+01
   3.9820300e+05   6.6894531e+01
   3.9822800e+05   3.4423828e+01
   3.9825200e+05   4.2236328e+01
   3.9826800e+05   3.9184570e+01
   3.9838500e+05   4.6813965e+01
   3.9844200e+05   3.6926270e+01
   3.9846500e+05   5.5725098e+01
   3.9849100e+05   4.7119141e+01
   3.9856700e+05   3.3264160e+01
   3.9858500e+05   4.2968750e+01
   3.9869000e+05   5.0048828e+01
   3.9872900e+05   5.8898926e+01
   3.9875200e+05   3.5217285e+01
   3.9888400e+05   3.3752441e+01
   3.9891000e+05   4.3212891e+01
   3.9894200e+05   4.3518066e+01
   3.9907400e+05   3.8391113e+01
   3.9918000e+05   3.7536621e+01
   3.9921000e+05   3.4179688e+01
   3.9923100e+05   3.6926270e+01
   3.9956500e+05   3.5888672e+01
   3.9967900e+05   3.6071777e+01
   3.9971400e+05   3.5034180e+01
   3.9984300e+05   3.4240723e+01
   4.0000900e+05   4.1442871e+01
   4.0021600e+05   3.5827637e+01
   4.0046900e+05   4.0527344e+01
   4.0050400e+05   3.3996582e+01
   4.0056600e+05   3.8818359e+01
   4.0066500e+05   3.9855957e+01
   4.0086800e+05   3.9428711e+01
   4.0156600e+05   6.0241699e+01
   4.0184400e+05   3.7658691e+01
   4.0186000e+05   3.7292480e+01
   4.4422600e+05   4.6447754e+01
   4.4473200e+05   3.9245605e+01
   4.4503100e+05   3.3386230e+01
   4.4513700e+05   5.2307129e+01
   4.4526500e+05   4.3212891e+01
   4.4542000e+05   3.5705566e+01
   4.4550400e+05   5.2124023e+01
   4.4558600e+05   4.3273926e+01
   4.4568900e+05   4.1381836e+01
   4.4578100e+05   6.2683105e+01
   4.4581800e+05   3.7170410e+01
   4.4591300e+05   3.8330078e+01
   4.4599000e+05   3.4790039e+01
   4.4616000e+05   5.7312012e+01
   4.4628700e+05   3.3386230e+01
   4.4630900e+05   4.0527344e+01
   4.4640100e+05   4.7180176e+01
   4.4642300e+05   3.3325195e+01
   4.4653600e+05   3.4973145e+01
   4.4656900e+05   4.3762207e+01
   4.4699900e+05   5.2612305e+01
   4.4746500e+05   4.6752930e+01
   4.4806600e+05   3.8940430e+01
   5.6019700e+05   5.1513672e+01
   5.6067400e+05   4.9560547e+01
   5.6107800e+05   3.3630371e+01
   5.6140600e+05   3.3874512e+01
   5.6153800e+05   5.6152344e+01
   5.6169800e+05   3.3874512e+01
   5.6174600e+05   4.4250488e+01
   5.6175600e+05   5.9020996e+01
   5.6180200e+05   4.6142578e+01
   5.6185700e+05   4.4738770e+01
   5.6189700e+05   4.0466309e+01
   5.6191300e+05   3.8452148e+01
   5.6203900e+05   3.3752441e+01
   5.6207000e+05   7.0678711e+01
   5.6208200e+05   4.0954590e+01
   5.6210700e+05   3.3630371e+01
   5.6222800e+05   6.6223145e+01
   5.6230600e+05   4.4067383e+01
   5.6237400e+05   3.5095215e+01
   5.6248300e+05   3.7902832e+01
   5.6253200e+05   3.6682129e+01
   5.6258200e+05   3.9489746e+01
   5.6273900e+05   6.9274902e+01
   5.6294600e+05   4.1748047e+01
   5.6300800e+05   3.9062500e+01
   5.6317500e+05   3.7719727e+01
   5.6321200e+05   5.6274414e+01
   5.6348000e+05   3.3752441e+01
   5.6350700e+05   3.5766602e+01
   5.6356800e+05   3.3569336e+01
   5.6375800e+05   4.1564941e+01
   5.6389000e+05   3.5522461e+01
   5.6416700e+05   3.5827637e+01
   5.6437400e+05   3.3935547e+01
   5.6440100e+05   3.3447266e+01
   5.6483800e+05   3.6315918e+01
   5.6499400e+05   3.3691406e+01
   5.6532200e+05   3.4484863e+01
   5.6595500e+05   3.5522461e+01
   5.9421300e+05   4.8706055e+01
   5.9474300e+05   3.4851074e+01
   5.9511400e+05   4.5654297e+01
   5.9549800e+05   3.7780762e+01
   5.9582400e+05   3.4057617e+01
   5.9608000e+05   3.4729004e+01
   5.9624100e+05   4.6020508e+01
   5.9626900e+05   5.9814453e+01
   5.9642600e+05   3.6193848e+01
   5.9647100e+05   3.5461426e+01
   5.9671700e+05   3.3325195e+01
   5.9687200e+05   6.3354492e+01
   5.9699800e+05   3.5583496e+01
   5.9764200e+05   3.8330078e+01
   5.9806000e+05   4.4738770e+01
   6.6131500e+05   3.7353516e+01
   6.6186800e+05   4.4433594e+01
   6.6231800e+05   3.9123535e+01
   6.6264300e+05   3.6560059e+01
   6.6287900e+05   4.0710449e+01
   6.6300800e+05   3.5888672e+01
   6.6306800e+05   6.3903809e+01
   6.6322600e+05   3.6499023e+01
   6.6330000e+05   3.8269043e+01
   6.6342000e+05   4.6691895e+01
   6.6348700e+05   3.4240723e+01
   6.6363000e+05   3.4545898e+01
   6.6368400e+05   4.5104980e+01
   6.6372200e+05   5.6945801e+01
   6.6376300e+05   3.4240723e+01
   6.6387100e+05   3.4545898e+01
   6.6400800e+05   3.5949707e+01
   6.6402800e+05   3.3508301e+01
   6.6412000e+05   4.5715332e+01
   6.6443800e+05   4.4189453e+01
   6.6456600e+05   3.7292480e+01
   6.6480400e+05   4.5959473e+01
   6.6513300e+05   3.3264160e+01
   6.6521300e+05   4.3701172e+01
   6.6571400e+05   3.4301758e+01
   6.8890500e+05   4.5288086e+01
   6.8947700e+05   3.6132813e+01
   6.8992000e+05   4.6569824e+01
   6.9031800e+05   3.6499023e+01
   6.9053700e+05   3.9123535e+01
   6.9056600e+05   3.3996582e+01
   6.9076400e+05   4.4250488e+01
   6.9241000e+05   4.7058105e+01
   8.1176800e+05   6.5429687e+01
   8.1200400e+05   3.3996582e+01
   8.1202300e+05   3.7353516e+01
   8.1206100e+05   3.6437988e+01
   8.1207900e+05   4.1870117e+01
   8.1224700e+05   4.5593262e+01
   8.1230200e+05   7.5134277e+01
   8.1236100e+05   3.5339355e+01
   8.1239000e+05   5.2246094e+01
   8.1248400e+05   4.2297363e+01
   8.1251900e+05   3.3874512e+01
   8.1254000e+05   4.6875000e+01
   8.1255300e+05   4.8339844e+01
   8.1257000e+05   4.7668457e+01
   8.1258700e+05   3.5888672e+01
   8.1266800e+05   4.8400879e+01
   8.1271700e+05   4.9743652e+01
   8.1276600e+05   4.8278809e+01
   8.1278300e+05   4.5166016e+01
   8.1281400e+05   4.2602539e+01
   8.1290400e+05   3.4606934e+01
   8.1293700e+05   3.4240723e+01
   8.1298300e+05   3.7902832e+01
   8.1299800e+05   4.0405273e+01
   8.1322300e+05   6.1035156e+01
   8.1332000e+05   3.4423828e+01
   8.1336600e+05   4.3151855e+01
   8.1346800e+05   3.5827637e+01
   8.1352800e+05   3.7231445e+01
   8.1366000e+05   3.5888672e+01
   8.1371400e+05   3.4545898e+01
   8.1385400e+05   3.7780762e+01
   8.1389800e+05   3.3996582e+01
   8.1392100e+05   3.4973145e+01
   8.1395700e+05   3.4667969e+01
   8.1401500e+05   3.5705566e+01
   8.1406500e+05   3.4057617e+01
   8.1413800e+05   3.9367676e+01
   8.1424700e+05   4.1748047e+01
   8.1490200e+05   4.2968750e+01
   8.1556100e+05   4.0771484e+01
   8.1573600e+05   3.4973145e+01
   8.1597500e+05   4.2541504e+01
   8.1615800e+05   3.5278320e+01
   8.1628600e+05   3.9855957e+01
   8.1672900e+05   3.8024902e+01
   8.1691800e+05   3.4790039e+01
   8.1731100e+05   4.6264648e+01
   8.1742800e+05   3.4973145e+01
   8.5727500e+05   3.7841797e+01
   8.5770900e+05   3.7170410e+01
   8.5804700e+05   4.8950195e+01
   8.5825400e+05   3.6010742e+01
   8.5831300e+05   6.4331055e+01
   8.5846600e+05   4.6264648e+01
   8.5863700e+05   3.6499023e+01
   8.5865600e+05   5.8044434e+01
   8.5874800e+05   3.5034180e+01
   8.5897400e+05   4.1076660e+01
   8.5901700e+05   6.0241699e+01
   8.5904800e+05   5.4504395e+01
   8.5936700e+05   3.4118652e+01
   8.5939400e+05   3.3508301e+01
   8.5953300e+05   5.0231934e+01
   8.6045200e+05   3.7292480e+01
   8.6063800e+05   3.4790039e+01
   1.0090340e+06   4.4311523e+01
   1.0093240e+06   4.2480469e+01
   1.0093470e+06   6.4208984e+01
   1.0094110e+06   5.3833008e+01
   1.0094600e+06   3.5217285e+01
   1.0094810e+06   5.3833008e+01
   1.0095310e+06   3.3386230e+01
   1.0095440e+06   4.4250488e+01
   1.0095680e+06   3.3874512e+01
   1.0095920e+06   4.3273926e+01
   1.0096930e+06   4.1015625e+01
   1.0097040e+06   6.0119629e+01
   1.0097680e+06   3.6132813e+01
   1.0098120e+06   3.9306641e+01
   1.0098470e+06   4.3945313e+01
   1.0098870e+06   3.9489746e+01
   1.0099920e+06   3.3325195e+01
   1.0100520e+06   3.3996582e+01
   1.0100650e+06   3.8452148e+01
   1.0100820e+06   4.0832520e+01
   1.0102290e+06   3.6682129e+01
   1.0102560e+06   4.2663574e+01
   1.0102780e+06   3.7841797e+01
   1.0103220e+06   3.9611816e+01
   1.0103580e+06   3.6437988e+01
   1.0104320e+06   4.9316406e+01
   1.0105780e+06   3.3935547e+01
   1.0106020e+06   3.3264160e+01
   1.0106200e+06   4.4006348e+01
   1.0106420e+06   6.8176270e+01
   1.0107110e+06   3.3935547e+01
   1.0108190e+06   3.7475586e+01
   1.0108450e+06   3.8208008e+01
   1.0108730e+06   6.9274902e+01
   1.0108920e+06   3.3264160e+01
   1.0112420e+06   3.9550781e+01
   1.0112930e+06   3.7048340e+01
   1.0114000e+06   4.2785645e+01
   1.0115850e+06   3.5827637e+01
   1.0116990e+06   3.9062500e+01
   1.0119910e+06   3.6437988e+01
   1.0122660e+06   3.5217285e+01
   1.0124660e+06   3.5949707e+01
   1.0128440e+06   4.1503906e+01
   1.0132440e+06   3.4240723e+01
   1.0133750e+06   3.3386230e+01
   1.0135090e+06   3.7475586e+01
   1.0140590e+06   3.7170410e+01
   1.0399990e+06   4.1870117e+01
   1.0404980e+06   3.4118652e+01
   1.0406570e+06   4.6325684e+01
   1.0408730e+06   3.9855957e+01
   1.0409000e+06   4.1259766e+01
   1.0409390e+06   4.9072266e+01
   1.0412150e+06   3.5400391e+01
   1.0412320e+06   3.9184570e+01
   1.0413230e+06   3.4423828e+01
   1.0415400e+06   3.7170410e+01
   1.0418310e+06   4.6752930e+01
   1.0419080e+06   3.7170410e+01
   1.0443700e+06   3.6254883e+01
   1.0707310e+06   4.1809082e+01
   1.0718640e+06   4.1076660e+01
   1.0725850e+06   4.0710449e+01
   1.0840030e+06   3.9001465e+01
   1.0844800e+06   4.8339844e+01
   1.0851160e+06   3.9062500e+01
   1.0886070e+06   3.8330078e+01
   1.0989200e+06   4.5776367e+01
   1.0993690e+06   4.3640137e+01
   1.0997730e+06   3.7170410e+01
   1.1002370e+06   3.7292480e+01
   1.1020690e+06   3.5095215e+01
   1.1176860e+06   4.4006348e+01
   1.1181290e+06   3.6987305e+01
   1.1186100e+06   3.3874512e+01
   1.1191050e+06   3.6376953e+01
   1.1204860e+06   3.4118652e+01
   1.1223930e+06   3.4606934e+01
   1.1301670e+06   3.9978027e+01
   1.1308640e+06   3.5766602e+01
   1.1315880e+06   3.3996582e+01
   1.1337640e+06   3.4301758e+01
   1.1536120e+06   3.5339355e+01
   1.1542550e+06   4.0100098e+01
   1.1547620e+06   3.5278320e+01
   1.1555300e+06   3.5766602e+01
   1.1651420e+06   3.7963867e+01
   1.1677640e+06   3.9367676e+01
   1.1807470e+06   3.3447266e+01
   1.1942050e+06   4.0832520e+01
   1.1949470e+06   3.8024902e+01
   1.1954450e+06   3.6254883e+01
   1.1970870e+06   3.3325195e+01
   1.2178290e+06   4.0893555e+01
   1.2333610e+06   4.0039063e+01
   1.2340770e+06   3.9550781e+01
   1.2347020e+06   4.7119141e+01
   1.2385010e+06   3.9245605e+01
   1.2531500e+06   3.8879395e+01
   1.2541670e+06   3.4423828e+01
   1.2550100e+06   3.4118652e+01
   1.2904410e+06   4.1320801e+01
   1.2911860e+06   3.9001465e+01
   1.2926190e+06   3.4057617e+01
   1.2934310e+06   3.5278320e+01
   1.3065670e+06   3.9367676e+01
   1.3248010e+06   4.1564941e+01
   1.3264980e+06   4.3579102e+01
   1.3403930e+06   3.9978027e+01
   1.3617330e+06   3.6804199e+01
   1.3622690e+06   3.6376953e+01
   1.3629010e+06   4.1625977e+01
   1.3644910e+06   3.3325195e+01
   1.3973550e+06   3.7597656e+01
   1.3984860e+06   3.5400391e+01
   1.3990900e+06   3.3996582e+01
   1.3999490e+06   3.4790039e+01
   1.4006950e+06   4.0832520e+01
   1.4126560e+06   4.0100098e+01
   1.4305710e+06   3.4973145e+01
   1.4311990e+06   4.2663574e+01
   1.4318820e+06   3.9245605e+01
   1.4607770e+06   3.7414551e+01
   1.4617580e+06   3.5461426e+01
   1.4849560e+06   4.3518066e+01
   1.4855230e+06   3.9428711e+01
   1.4865360e+06   4.1137695e+01
   1.5054190e+06   4.0283203e+01
   1.5063330e+06   4.1503906e+01
   1.5336270e+06   3.6743164e+01
   1.5342760e+06   4.2968750e+01
   1.5349730e+06   4.4128418e+01
   1.5364710e+06   3.4362793e+01
   1.5585700e+06   3.8330078e+01
   1.5594040e+06   4.2114258e+01
   1.5603940e+06   3.7048340e+01
   1.5786900e+06   3.7780762e+01
   1.5787020e+06   4.2541504e+01
   1.5793550e+06   4.3579102e+01
   1.5803470e+06   3.7658691e+01
   1.6002770e+06   3.3935547e+01
   1.6003870e+06   4.1137695e+01
   1.6009970e+06   3.7536621e+01
   1.6026470e+06   3.3264160e+01
   1.6034710e+06   3.3813477e+01
   1.6266540e+06   4.0039063e+01
   1.6272430e+06   3.9062500e+01
   1.6277540e+06   5.0170898e+01
   1.6283750e+06   3.4790039e+01
   1.6292160e+06   3.4179688e+01
   1.6599380e+06   4.9743652e+01
   1.6604460e+06   3.7048340e+01
   1.6608750e+06   3.8024902e+01
   1.6612350e+06   4.7729492e+01
   1.6613980e+06   5.4138184e+01
   1.6825010e+06   3.7780762e+01
   1.6992380e+06   4.9804688e+01
   1.6996960e+06   4.2358398e+01
   1.7002510e+06   4.1381836e+01
   1.7007340e+06   3.8024902e+01
   1.7014960e+06   3.4729004e+01
   1.7229440e+06   5.4565430e+01
   1.7233910e+06   4.1320801e+01
   1.7240110e+06   4.0100098e+01
   1.7258330e+06   4.5104980e+01
   1.7266130e+06   3.4851074e+01
   1.7276610e+06   3.8330078e+01
   1.7281780e+06   3.3630371e+01
   1.7291480e+06   3.3874512e+01
   1.7796410e+06   4.4372559e+01
   1.7802460e+06   4.6325684e+01
   1.7807090e+06   4.6020508e+01
   1.7811200e+06   4.5959473e+01
   1.7814630e+06   3.6071777e+01
   1.7815580e+06   3.3630371e+01
   1.7818430e+06   4.2602539e+01
   1.7818650e+06   6.0852051e+01
   1.7818880e+06   4.4006348e+01
   1.7819400e+06   3.4240723e+01
   1.7820440e+06   3.5034180e+01
   1.7820960e+06   4.9499512e+01
   1.7821480e+06   4.7607422e+01
   1.7821860e+06   4.2663574e+01
   1.7822340e+06   4.2175293e+01
   1.7822590e+06   4.0832520e+01
   1.7823080e+06   4.9255371e+01
   1.7824000e+06   4.1015625e+01
   1.7824480e+06   4.2419434e+01
   1.7824650e+06   4.0466309e+01
   1.7826550e+06   3.9978027e+01
   1.7826760e+06   3.7780762e+01
   1.7827080e+06   5.1818848e+01
   1.7828120e+06   3.5461426e+01
   1.7829510e+06   3.7048340e+01
   1.7830490e+06   5.6518555e+01
   1.7830890e+06   4.8767090e+01
   1.7832330e+06   4.0344238e+01
   1.7835380e+06   5.6823730e+01
   1.7837830e+06   3.9062500e+01
   1.7839330e+06   3.6987305e+01
   1.7842340e+06   3.4912109e+01
   1.7844010e+06   3.7170410e+01
   1.7848120e+06   3.5339355e+01
   1.7887070e+06   3.6315918e+01
   1.8144750e+06   3.8513184e+01
   1.8149340e+06   3.5522461e+01
   1.8158380e+06   3.3447266e+01
   1.8163090e+06   3.4057617e+01
   1.8332530e+06   4.3579102e+01
   1.8338900e+06   3.5949707e+01
   1.8345160e+06   3.6315918e+01
   1.8352200e+06   4.0344238e+01
   1.8556780e+06   4.3457031e+01
   1.8561940e+06   3.8574219e+01
   1.8567980e+06   3.7597656e+01
   1.8578750e+06   3.6743164e+01
   1.8586800e+06   3.5461426e+01
   1.8957370e+06   4.4555664e+01
   1.8961240e+06   3.9489746e+01
   1.8964940e+06   3.6315918e+01
   1.8967920e+06   5.9753418e+01
   1.8968200e+06   4.5776367e+01
   1.8969520e+06   5.7861328e+01
   1.8970900e+06   3.5583496e+01
   1.8971760e+06   5.3771973e+01
   1.8972080e+06   5.3955078e+01
   1.8973150e+06   4.0039063e+01
   1.8973850e+06   5.4809570e+01
   1.8974000e+06   5.0537109e+01
   1.8974510e+06   3.7231445e+01
   1.8975720e+06   4.1931152e+01
   1.8976990e+06   3.4729004e+01
   1.8977110e+06   4.0527344e+01
   1.8977390e+06   3.4912109e+01
   1.8977530e+06   4.1381836e+01
   1.8977930e+06   5.0842285e+01
   1.8978240e+06   3.7353516e+01
   1.8979530e+06   3.7353516e+01
   1.8980070e+06   5.1208496e+01
   1.8980820e+06   3.6010742e+01
   1.8982950e+06   3.7231445e+01
   1.8983170e+06   3.9672852e+01
   1.8983560e+06   3.5644531e+01
   1.8983790e+06   3.8757324e+01
   1.8985730e+06   3.8696289e+01
   1.8986840e+06   3.6010742e+01
   1.8987280e+06   3.6987305e+01
   1.8989030e+06   4.1503906e+01
   1.8989440e+06   4.0771484e+01
   1.8989810e+06   4.6752930e+01
   1.8993600e+06   3.9428711e+01
   1.8996560e+06   3.5827637e+01
   1.9354500e+06   3.5888672e+01
   1.9359650e+06   3.7597656e+01
   1.9364000e+06   3.8879395e+01
   1.9367490e+06   3.6254883e+01
   1.9636330e+06   4.4006348e+01
   1.9640780e+06   4.2541504e+01
   1.9645090e+06   3.9489746e+01
   1.9656780e+06   3.8146973e+01
   1.9682080e+06   3.8208008e+01
   2.0344950e+06   5.2490234e+01
   2.0349560e+06   4.3457031e+01
   2.0352790e+06   3.6682129e+01
   2.0353580e+06   3.6682129e+01
   2.0353830e+06   4.8217773e+01
   2.0354070e+06   5.3222656e+01
   2.0354310e+06   3.5095215e+01
   2.0354980e+06   3.4484863e+01
   2.0355410e+06   4.0344238e+01
   2.0356830e+06   3.8635254e+01
   2.0357130e+06   4.8706055e+01
   2.0357470e+06   6.1340332e+01
   2.0357750e+06   4.9133301e+01
   2.0358100e+06   3.6010742e+01
   2.0358840e+06   4.9682617e+01
   2.0359030e+06   3.5644531e+01
   2.0359630e+06   3.8513184e+01
   2.0360370e+06   3.9550781e+01
   2.0360570e+06   3.4851074e+01
   2.0360770e+06   3.5583496e+01
   2.0361930e+06   4.4616699e+01
   2.0362340e+06   3.7597656e+01
   2.0362440e+06   5.7800293e+01
   2.0363870e+06   3.8208008e+01
   2.0364610e+06   3.6071777e+01
   2.0365260e+06   5.4321289e+01
   2.0365880e+06   3.4240723e+01
   2.0366150e+06   4.1259766e+01
   2.0366710e+06   4.5227051e+01
   2.0366950e+06   4.0039063e+01
   2.0369220e+06   3.7414551e+01
   2.0372070e+06   5.0292969e+01
   2.0372720e+06   3.4851074e+01
   2.0374040e+06   4.2968750e+01
   2.0375140e+06   4.5227051e+01
   2.0378390e+06   3.8024902e+01
   2.0382170e+06   4.3334961e+01
   2.0383250e+06   3.3508301e+01
   2.0385920e+06   3.3630371e+01
   2.0387010e+06   3.5339355e+01
   2.0390360e+06   3.8452148e+01
   2.1077880e+06   3.5461426e+01
   2.1082510e+06   3.4667969e+01
   2.1086670e+06   3.3264160e+01
   2.1089580e+06   4.7485352e+01
   2.1090120e+06   4.1320801e+01
   2.1091630e+06   3.8940430e+01
   2.1092330e+06   4.0771484e+01
   2.1092460e+06   3.9123535e+01
   2.1092670e+06   5.5419922e+01
   2.1092940e+06   3.5034180e+01
   2.1093400e+06   5.0354004e+01
   2.1093860e+06   3.4423828e+01
   2.1094900e+06   4.1442871e+01
   2.1095000e+06   3.4851074e+01
   2.1095620e+06   5.3588867e+01
   2.1096380e+06   4.5837402e+01
   2.1097020e+06   4.3273926e+01
   2.1098020e+06   6.0241699e+01
   2.1098340e+06   3.3935547e+01
   2.1098740e+06   4.7668457e+01
   2.1100460e+06   3.6743164e+01
   2.1101490e+06   4.9987793e+01
   2.1102780e+06   4.2053223e+01
   2.1102990e+06   4.5593262e+01
   2.1104220e+06   4.8217773e+01
   2.1106500e+06   3.9062500e+01
   2.1110350e+06   3.8574219e+01
   2.1112410e+06   3.8085938e+01
   2.1112960e+06   3.4912109e+01
   2.1115830e+06   3.7231445e+01
   2.1119140e+06   3.6437988e+01
   2.1119720e+06   4.1198730e+01
   2.1121460e+06   3.5522461e+01
   2.1990850e+06   3.9916992e+01
   2.1996970e+06   3.4057617e+01
   2.2000930e+06   4.4738770e+01
   2.2003890e+06   3.4606934e+01
   2.2008900e+06   3.4790039e+01
   2.2011660e+06   5.4199219e+01
   2.2013680e+06   5.1757813e+01
   2.2013810e+06   5.0292969e+01
   2.2014180e+06   5.0170898e+01
   2.2015360e+06   4.4921875e+01
   2.2016650e+06   4.2175293e+01
   2.2016980e+06   3.6743164e+01
   2.2017520e+06   4.8522949e+01
   2.2018040e+06   4.1320801e+01
   2.2018500e+06   4.2480469e+01
   2.2019740e+06   5.6884766e+01
   2.2020560e+06   3.3691406e+01
   2.2021440e+06   4.3273926e+01
   2.2021550e+06   5.1269531e+01
   2.2022090e+06   4.0100098e+01
   2.2022520e+06   3.8635254e+01
   2.2023470e+06   3.4545898e+01
   2.2025140e+06   4.4616699e+01
   2.2025440e+06   3.4729004e+01
   2.2025740e+06   7.9711914e+01
   2.2028660e+06   3.6499023e+01
   2.2029520e+06   3.3386230e+01
   2.2030400e+06   4.3884277e+01
   2.2030820e+06   4.6875000e+01
   2.2032620e+06   3.8940430e+01
   2.2035330e+06   3.5278320e+01
   2.2037790e+06   3.6682129e+01
   2.2041540e+06   3.3386230e+01
   2.2044720e+06   3.5400391e+01
   2.2728660e+06   4.6447754e+01
   2.2732420e+06   3.6621094e+01
   2.2734620e+06   5.5358887e+01
   2.2735160e+06   4.3334961e+01
   2.2735520e+06   4.5227051e+01
   2.2735620e+06   3.9611816e+01
   2.2737440e+06   4.6325684e+01
   2.2737910e+06   3.7048340e+01
   2.2738630e+06   3.5339355e+01
   2.2738890e+06   5.1330566e+01
   2.2740350e+06   3.9794922e+01
   2.2740600e+06   5.1208496e+01
   2.2741360e+06   3.7780762e+01
   2.2741460e+06   4.0161133e+01
   2.2742390e+06   4.2297363e+01
   2.2742780e+06   3.3264160e+01
   2.2743430e+06   3.4240723e+01
   2.2743880e+06   3.5522461e+01
   2.2744440e+06   4.4006348e+01
   2.2744840e+06   3.6804199e+01
   2.2746690e+06   3.5095215e+01
   2.2746870e+06   3.8696289e+01
   2.2747510e+06   4.0344238e+01
   2.2749300e+06   5.2917480e+01
   2.2751400e+06   3.3508301e+01
   2.2752350e+06   3.3752441e+01
   2.2752920e+06   3.7048340e+01
   2.2753630e+06   4.6691895e+01
   2.2754400e+06   3.5583496e+01
   2.2755930e+06   3.3264160e+01
   2.2758360e+06   5.9387207e+01
   2.2759080e+06   3.9489746e+01
   2.2763560e+06   4.5043945e+01
   2.2769000e+06   3.8574219e+01
   2.2770170e+06   3.6193848e+01
   2.2776360e+06   3.3691406e+01
   2.3316820e+06   4.1381836e+01
   2.3324410e+06   4.2846680e+01
   2.3328370e+06   4.5043945e+01
   2.3331150e+06   3.5522461e+01
   2.3334400e+06   3.4667969e+01
   2.3339760e+06   9.0820313e+01
   2.3340550e+06   4.8828125e+01
   2.3341890e+06   3.5888672e+01
   2.3342660e+06   5.3771973e+01
   2.3344090e+06   4.8156738e+01
   2.3344710e+06   3.7475586e+01
   2.3346320e+06   5.1696777e+01
   2.3347160e+06   4.3579102e+01
   2.3348870e+06   3.5461426e+01
   2.3349230e+06   3.8330078e+01
   2.3349380e+06   4.2175293e+01
   2.3349600e+06   4.9743652e+01
   2.3351300e+06   3.9978027e+01
   2.3353480e+06   3.4179688e+01
   2.3354420e+06   3.3447266e+01
   2.3355840e+06   3.6254883e+01
   2.3357900e+06   3.3386230e+01
   2.3362040e+06   5.2795410e+01
   2.3365010e+06   3.8818359e+01
   2.3368820e+06   3.9489746e+01
   2.4031350e+06   3.3325195e+01
   2.4035890e+06   3.8574219e+01
   2.4039100e+06   3.8208008e+01
   2.4047740e+06   3.3569336e+01
   2.4048100e+06   4.6936035e+01
   2.4049430e+06   5.4809570e+01
   2.4050180e+06   3.5766602e+01
   2.4052580e+06   5.8227539e+01
   2.4054050e+06   4.4799805e+01
   2.4054740e+06   3.9794922e+01
   2.4055320e+06   4.9316406e+01
   2.4055680e+06   4.9133301e+01
   2.4056890e+06   3.4851074e+01
   2.4057090e+06   4.1198730e+01
   2.4059410e+06   5.6091309e+01
   2.4059880e+06   3.8757324e+01
   2.4060190e+06   4.0771484e+01
   2.4064720e+06   3.3569336e+01
   2.4073050e+06   3.5400391e+01
   2.4074100e+06   3.4484863e+01
   2.4075520e+06   4.1870117e+01
   2.4084600e+06   3.6926270e+01
   2.5028150e+06   4.1076660e+01
   2.5032760e+06   3.3569336e+01
   2.5037070e+06   3.9733887e+01
   2.5040280e+06   4.1992188e+01
   2.5047290e+06   6.1096191e+01
   2.5047830e+06   4.3090820e+01
   2.5048890e+06   3.7536621e+01
   2.5049070e+06   4.2297363e+01
   2.5049840e+06   5.3710937e+01
   2.5050420e+06   3.5278320e+01
   2.5051830e+06   3.8085938e+01
   2.5052910e+06   4.5898438e+01
   2.5053570e+06   4.5227051e+01
   2.5053690e+06   3.8146973e+01
   2.5055960e+06   3.3752441e+01
   2.5057920e+06   3.3691406e+01
   2.5059130e+06   3.5705566e+01
   2.5059330e+06   4.4555664e+01
   2.5062000e+06   3.4790039e+01
   2.5063240e+06   6.9213867e+01
   2.5065620e+06   3.9855957e+01
   2.5068220e+06   3.8879395e+01
   2.5070950e+06   3.4118652e+01
   2.5463640e+06   3.7597656e+01
   2.5469110e+06   3.8757324e+01
   2.5473270e+06   4.1198730e+01
   2.5475970e+06   3.7780762e+01
   2.5480830e+06   3.9550781e+01
   2.5481680e+06   3.6560059e+01
   2.5482870e+06   3.5156250e+01
   2.5485180e+06   4.2297363e+01
   2.5485600e+06   6.7504883e+01
   2.5487920e+06   3.6682129e+01
   2.5488750e+06   3.9611816e+01
   2.5491510e+06   4.0039063e+01
   2.5492120e+06   5.0476074e+01
   2.5493980e+06   3.9367676e+01
   2.5494260e+06   4.4372559e+01
   2.5496300e+06   5.5175781e+01
   2.5501320e+06   3.5095215e+01
   2.5508550e+06   4.2480469e+01
   2.5515130e+06   3.3691406e+01
   2.5998820e+06   4.2785645e+01
   2.6009390e+06   4.7851563e+01
   2.6013040e+06   4.1687012e+01
   2.6015790e+06   3.5217285e+01
   2.6018340e+06   3.9611816e+01
   2.6018510e+06   3.9062500e+01
   2.6021060e+06   4.7363281e+01
   2.6021170e+06   4.5104980e+01
   2.6022950e+06   3.7536621e+01
   2.6023500e+06   4.8461914e+01
   2.6023690e+06   5.4138184e+01
   2.6024800e+06   3.8208008e+01
   2.6029100e+06   4.0161133e+01
   2.6030320e+06   3.9428711e+01
   2.6031490e+06   3.9733887e+01
   2.6032020e+06   5.0415039e+01
   2.6032730e+06   3.4057617e+01
   2.6033850e+06   3.3508301e+01
   2.6038430e+06   5.0415039e+01
   2.6040580e+06   3.8635254e+01
   2.7236290e+06   4.5532227e+01
   2.7242210e+06   3.8330078e+01
   2.7245290e+06   4.2724609e+01
   2.7245780e+06   3.5827637e+01
   2.7247410e+06   4.0161133e+01
   2.7247620e+06   4.4311523e+01
   2.7248610e+06   3.7719727e+01
   2.7248770e+06   3.4057617e+01
   2.7248930e+06   3.5522461e+01
   2.7250060e+06   5.5297852e+01
   2.7250260e+06   4.2541504e+01
   2.7250560e+06   5.1818848e+01
   2.7251290e+06   3.9794922e+01
   2.7251720e+06   3.7353516e+01
   2.7252120e+06   4.9072266e+01
   2.7252260e+06   3.8696289e+01
   2.7252500e+06   3.9428711e+01
   2.7253640e+06   4.4738770e+01
   2.7254470e+06   5.5603027e+01
   2.7254740e+06   3.8085938e+01
   2.7255270e+06   3.3691406e+01
   2.7255940e+06   4.0527344e+01
   2.7256960e+06   4.9926758e+01
   2.7258080e+06   3.8391113e+01
   2.7258480e+06   3.9245605e+01
   2.7258820e+06   3.3630371e+01
   2.7259900e+06   3.8024902e+01
   2.7260690e+06   3.5278320e+01
   2.7261580e+06   5.4931641e+01
   2.7262320e+06   4.7424316e+01
   2.7263650e+06   4.5898438e+01
   2.7264570e+06   4.8156738e+01
   2.7266520e+06   4.8034668e+01
   2.7267690e+06   4.0283203e+01
   2.7269130e+06   3.8391113e+01
   2.7271910e+06   3.9123535e+01
   2.7274250e+06   3.8879395e+01
   2.7275780e+06   3.4057617e+01
   2.7276980e+06   3.3935547e+01
   2.7279270e+06   4.1320801e+01
   2.7280190e+06   3.8391113e+01
   2.7285300e+06   4.2907715e+01
   2.7287750e+06   3.5156250e+01
   2.7290100e+06   3.7231445e+01
   2.7316240e+06   3.6132813e+01
   2.7544860e+06   3.4179688e+01
   2.7551330e+06   3.5339355e+01
   2.7561310e+06   3.3813477e+01
   2.7568080e+06   3.8940430e+01
   2.7570800e+06   4.0710449e+01
   2.7576210e+06   3.8513184e+01
   2.7578290e+06   3.5339355e+01
   2.7945400e+06   4.3090820e+01
   2.7954520e+06   3.6071777e+01
   2.7954750e+06   3.6193848e+01
   2.7955390e+06   3.6132813e+01
   2.7959230e+06   3.9794922e+01
   2.7960820e+06   3.3447266e+01
   2.7962960e+06   4.5104980e+01
   2.7963630e+06   4.4738770e+01
   2.7967280e+06   4.6203613e+01
   2.7967830e+06   4.9621582e+01
   2.7968320e+06   3.5461426e+01
   2.7970270e+06   4.2785645e+01
   2.7974480e+06   3.5400391e+01
   2.8077250e+06   5.1879883e+01
   2.8082540e+06   3.8452148e+01
   2.8088200e+06   4.3090820e+01
   2.8095100e+06   4.0832520e+01
   2.8117260e+06   3.5888672e+01
   2.8259050e+06   4.3029785e+01
   2.8262970e+06   3.8574219e+01
   2.8267460e+06   3.6376953e+01
   2.8267650e+06   4.0039063e+01
   2.8268720e+06   4.3945313e+01
   2.8276220e+06   3.6743164e+01
   2.8285860e+06   3.4301758e+01
   2.8305740e+06   3.5644531e+01
   2.8438410e+06   3.7048340e+01
   2.8443000e+06   4.2663574e+01
   2.8444520e+06   4.8706055e+01
   2.8447490e+06   3.4057617e+01
   2.8451260e+06   3.4484863e+01
   2.8454090e+06   4.6020508e+01
   2.8460100e+06   3.4790039e+01
   2.8472120e+06   3.5339355e+01
   2.8590300e+06   4.1687012e+01
   2.8596590e+06   3.4790039e+01
   2.8601040e+06   3.6193848e+01
   2.8606110e+06   3.7963867e+01
   2.8611750e+06   3.3325195e+01
   2.8617900e+06   3.4118652e+01
   2.8627540e+06   3.3569336e+01
   2.8954320e+06   3.5583496e+01
   2.8965550e+06   3.6865234e+01
   2.8971530e+06   3.7109375e+01
   2.8972560e+06   4.2419434e+01
   2.8975430e+06   4.9316406e+01
   2.8978530e+06   3.4545898e+01
   2.8978700e+06   4.0222168e+01
   2.8979630e+06   3.6621094e+01
   2.8980800e+06   4.5288086e+01
   2.8982700e+06   4.0222168e+01
   2.8983960e+06   3.8940430e+01
   2.8984150e+06   3.6987305e+01
   2.8986230e+06   3.4912109e+01
   2.8990820e+06   3.4423828e+01
   2.9501230e+06   4.2846680e+01
   2.9505460e+06   3.4240723e+01
   2.9509540e+06   3.6132813e+01
   2.9513070e+06   3.9001465e+01
   2.9513580e+06   4.7729492e+01
   2.9519790e+06   3.5827637e+01
   2.9526490e+06   4.4372559e+01
   2.9528270e+06   6.0791016e+01
   2.9532140e+06   3.5827637e+01
   2.9686720e+06   4.0161133e+01
   2.9708990e+06   4.0588379e+01
   2.9734200e+06   3.4729004e+01
   2.9825340e+06   3.6560059e+01
   2.9990380e+06   4.4128418e+01
   2.9995470e+06   3.8818359e+01
   3.0120110e+06   3.3935547e+01
   3.0146100e+06   3.4973145e+01
   3.0304510e+06   3.5766602e+01
   3.0619280e+06   5.3100586e+01
   3.0628190e+06   3.4240723e+01
   3.0766960e+06   4.1442871e+01
   3.0774280e+06   3.3325195e+01
   3.0783650e+06   3.5156250e+01
   3.0953620e+06   4.3640137e+01
   3.0961410e+06   3.3386230e+01
   3.0974470e+06   4.1748047e+01
   3.1188710e+06   3.7963867e+01
   3.1194460e+06   4.9438477e+01
   3.1205280e+06   4.1748047e+01
   3.1210930e+06   3.7841797e+01
   3.1506200e+06   4.5654297e+01
   3.1514100e+06   4.1381836e+01
   3.1521520e+06   3.5034180e+01
   3.1527460e+06   3.3386230e+01
   3.1543130e+06   3.4973145e+01
   3.1862650e+06   3.5827637e+01
   3.1868930e+06   4.3762207e+01
   3.1878200e+06   3.5888672e+01
   3.1896080e+06   3.3447266e+01
   3.1899690e+06   4.4494629e+01
   3.1902140e+06   3.4729004e+01
   3.1907940e+06   3.5766602e+01
   3.2706510e+06   4.6630859e+01
   3.2710570e+06   3.6621094e+01
   3.2714320e+06   3.6193848e+01
   3.2714830e+06   3.7658691e+01
   3.2717340e+06   3.6804199e+01
   3.2719180e+06   3.8940430e+01
   3.2719870e+06   6.7443848e+01
   3.2720010e+06   3.5827637e+01
   3.2720370e+06   3.3447266e+01
   3.2721180e+06   3.3874512e+01
   3.2721390e+06   7.2387695e+01
   3.2722470e+06   3.4790039e+01
   3.2723040e+06   5.1757813e+01
   3.2723350e+06   5.2856445e+01
   3.2723490e+06   3.6254883e+01
   3.2723830e+06   3.5034180e+01
   3.2723990e+06   6.5917969e+01
   3.2724890e+06   4.8339844e+01
   3.2725030e+06   6.6955566e+01
   3.2725290e+06   4.0649414e+01
   3.2726190e+06   3.3752441e+01
   3.2726440e+06   3.7292480e+01
   3.2727010e+06   4.1198730e+01
   3.2728180e+06   3.4667969e+01
   3.2728880e+06   3.4667969e+01
   3.2729130e+06   4.4677734e+01
   3.2730080e+06   3.4851074e+01
   3.2731150e+06   3.4057617e+01
   3.2731500e+06   3.7780762e+01
   3.2731730e+06   4.8950195e+01
   3.2733340e+06   3.9245605e+01
   3.2733770e+06   3.4240723e+01
   3.2733890e+06   3.4667969e+01
   3.2736020e+06   6.7382813e+01
   3.2738450e+06   5.7067871e+01
   3.2740780e+06   5.6030273e+01
   3.2743190e+06   3.7475586e+01
   3.2744620e+06   3.7231445e+01
   3.2745150e+06   3.7902832e+01
   3.2745290e+06   3.6193848e+01
   3.2747510e+06   4.3334961e+01
   3.2750280e+06   3.9001465e+01
   3.2753560e+06   3.3264160e+01
   3.2755590e+06   3.6560059e+01
   3.2772940e+06   3.3691406e+01
   3.3046650e+06   3.9428711e+01
   3.3052830e+06   4.0161133e+01
   3.3060020e+06   3.4240723e+01
   3.3065530e+06   4.2663574e+01
   3.3071310e+06   3.5339355e+01
   3.3087110e+06   3.3264160e+01
   3.3308050e+06   4.0161133e+01
   3.3317080e+06   4.6936035e+01
   3.3322090e+06   3.3386230e+01
   3.3326640e+06   3.6560059e+01
   3.3582060e+06   3.7719727e+01
   3.3582970e+06   4.0771484e+01
   3.3592380e+06   4.1564941e+01
   3.3841240e+06   3.3264160e+01
   3.3844680e+06   3.7719727e+01
   3.3871280e+06   4.0710449e+01
   3.4081900e+06   3.9489746e+01
   3.4091250e+06   3.3935547e+01
   3.4098660e+06   3.3935547e+01
   3.4114300e+06   3.7597656e+01
   3.4138910e+06   3.6621094e+01
   3.4295460e+06   4.0466309e+01
   3.4609980e+06   3.3264160e+01
   3.4618280e+06   4.0466309e+01
   3.4629790e+06   3.4667969e+01
   3.4637780e+06   3.7780762e+01
   3.4789530e+06   3.7414551e+01
   3.5023290e+06   4.7180176e+01
   3.5030240e+06   4.8339844e+01
   3.5035690e+06   4.0954590e+01
   3.5038660e+06   4.2053223e+01
   3.5039280e+06   4.6936035e+01
   3.5039510e+06   4.1625977e+01
   3.5041510e+06   5.4626465e+01
   3.5042070e+06   5.5236816e+01
   3.5042210e+06   3.9245605e+01
   3.5042690e+06   5.2734375e+01
   3.5043640e+06   5.5908203e+01
   3.5044080e+06   3.6743164e+01
   3.5044290e+06   4.5410156e+01
   3.5044870e+06   4.0954590e+01
   3.5045320e+06   3.5034180e+01
   3.5045710e+06   3.8574219e+01
   3.5046230e+06   3.9428711e+01
   3.5046660e+06   4.5776367e+01
   3.5046930e+06   3.8208008e+01
   3.5047200e+06   3.8635254e+01
   3.5047380e+06   3.3935547e+01
   3.5047580e+06   3.6621094e+01
   3.5047760e+06   4.1809082e+01
   3.5048360e+06   4.8339844e+01
   3.5049950e+06   3.7536621e+01
   3.5050250e+06   3.9062500e+01
   3.5050500e+06   4.5776367e+01
   3.5051390e+06   3.4057617e+01
   3.5051500e+06   3.9062500e+01
   3.5052530e+06   3.5522461e+01
   3.5052850e+06   3.7292480e+01
   3.5053350e+06   3.5034180e+01
   3.5053790e+06   3.8818359e+01
   3.5055440e+06   3.6621094e+01
   3.5056160e+06   3.9001465e+01
   3.5057070e+06   4.1625977e+01
   3.5059550e+06   4.1625977e+01
   3.5059950e+06   4.2480469e+01
   3.5061680e+06   3.6499023e+01
   3.5062510e+06   3.9550781e+01
   3.5063690e+06   3.3386230e+01
   3.5066610e+06   3.5034180e+01
   3.5071190e+06   3.4606934e+01
   3.5074500e+06   3.4484863e+01
   3.5075850e+06   3.8024902e+01
   3.5079540e+06   4.0100098e+01
   3.5084220e+06   3.5583496e+01
   3.5389110e+06   4.5715332e+01
   3.5394230e+06   4.5166016e+01
   3.5404220e+06   4.0344238e+01
   3.5585710e+06   4.4067383e+01
   3.5598980e+06   3.8696289e+01
   3.5838000e+06   4.3823242e+01
   3.5847590e+06   3.7292480e+01
   3.6134730e+06   4.3273926e+01
   3.6142670e+06   3.9062500e+01
   3.6152770e+06   4.7851563e+01
   3.6160390e+06   3.4851074e+01
   3.6200400e+06   3.3569336e+01
   3.6408140e+06   4.2114258e+01
   3.6417030e+06   5.1025391e+01
   3.6426970e+06   3.7109375e+01
   3.6558910e+06   3.8757324e+01
   3.6563360e+06   3.6315918e+01
   3.6566430e+06   3.3508301e+01
   3.6566610e+06   3.6071777e+01
   3.6580830e+06   4.9865723e+01
   3.6748900e+06   4.0039063e+01
   3.7035780e+06   4.1931152e+01
   3.7046350e+06   3.8330078e+01
   3.7279770e+06   4.3457031e+01
   3.7288030e+06   3.9916992e+01
   3.7295570e+06   3.7231445e+01
   3.7300580e+06   3.5034180e+01
   3.7304960e+06   4.0893555e+01
   3.7308140e+06   4.5715332e+01
   3.7312870e+06   4.0588379e+01
   3.7313530e+06   4.4677734e+01
   3.7313700e+06   3.4484863e+01
   3.7315180e+06   3.8940430e+01
   3.7316110e+06   3.3630371e+01
   3.7316270e+06   6.1828613e+01
   3.7317330e+06   3.3691406e+01
   3.7317450e+06   4.4738770e+01
   3.7319890e+06   4.5166016e+01
   3.7320090e+06   4.4799805e+01
   3.7320600e+06   3.7048340e+01
   3.7323420e+06   3.3508301e+01
   3.7325670e+06   3.5644531e+01
   3.7329360e+06   4.0527344e+01
   3.7331030e+06   4.6569824e+01
   3.7732880e+06   4.2236328e+01
   3.7741700e+06   3.8269043e+01
   3.7751000e+06   3.7231445e+01
   3.7954700e+06   3.9550781e+01
   3.7965930e+06   3.5705566e+01
   3.8174850e+06   3.8452148e+01
   3.8188980e+06   5.1147461e+01
   3.8197080e+06   4.0039063e+01
   3.8201600e+06   4.2297363e+01
   3.8205050e+06   3.9001465e+01
   3.8206860e+06   3.3386230e+01
   3.8207370e+06   3.7902832e+01
   3.8208210e+06   3.6315918e+01
   3.8210220e+06   4.0710449e+01
   3.8210670e+06   3.8879395e+01
   3.8212840e+06   4.4311523e+01
   3.8213160e+06   5.3894043e+01
   3.8213640e+06   3.8085938e+01
   3.8213840e+06   4.3701172e+01
   3.8215400e+06   5.4748535e+01
   3.8215910e+06   4.0405273e+01
   3.8216360e+06   6.9091797e+01
   3.8217620e+06   5.2246094e+01
   3.8218300e+06   4.2175293e+01
   3.8218440e+06   3.5644531e+01
   3.8218540e+06   3.6682129e+01
   3.8219250e+06   4.9926758e+01
   3.8219990e+06   3.4362793e+01
   3.8220480e+06   4.5898438e+01
   3.8220760e+06   4.6203613e+01
   3.8221860e+06   3.8330078e+01
   3.8222450e+06   5.0231934e+01
   3.8222770e+06   3.4606934e+01
   3.8222870e+06   3.4057617e+01
   3.8225550e+06   3.3264160e+01
   3.8226510e+06   3.4606934e+01
   3.8227450e+06   3.3813477e+01
   3.8227640e+06   3.5827637e+01
   3.8231460e+06   4.2114258e+01
   3.8233640e+06   4.6447754e+01
   3.8234760e+06   3.5034180e+01
   3.8235350e+06   3.7597656e+01
   3.8236950e+06   4.1320801e+01
   3.8244330e+06   3.9855957e+01
   3.8245460e+06   3.6499023e+01
   3.8245690e+06   3.4667969e+01
   3.8246010e+06   3.7536621e+01
   3.8543670e+06   3.8391113e+01
   3.8550080e+06   4.2724609e+01
   3.8553980e+06   5.5358887e+01
   3.8557310e+06   3.9672852e+01
   3.8557620e+06   3.5888672e+01
   3.8560950e+06   3.4240723e+01
   3.8564990e+06   3.8269043e+01
   3.8572200e+06   3.3752441e+01
   3.8577010e+06   4.2602539e+01
   3.8583510e+06   3.7048340e+01
   3.8854900e+06   3.4729004e+01
   3.8862870e+06   4.1625977e+01
   3.8868560e+06   4.5959473e+01
   3.8877810e+06   3.6987305e+01
   3.8883100e+06   3.5461426e+01
   3.8889980e+06   5.2612305e+01
   3.8894910e+06   3.3630371e+01
   3.8939680e+06   3.3813477e+01
   3.9185660e+06   4.5654297e+01
   3.9205250e+06   4.1503906e+01
   3.9551760e+06   4.4372559e+01
   3.9558170e+06   3.6621094e+01
   3.9563060e+06   4.4860840e+01
   3.9569920e+06   3.3630371e+01
   3.9872770e+06   4.4128418e+01
   3.9878900e+06   4.2846680e+01
   3.9886890e+06   3.4118652e+01
   4.0418020e+06   4.7851563e+01
   4.0423410e+06   3.8146973e+01
   4.0433900e+06   4.6813965e+01
   4.0437030e+06   3.6560059e+01
   4.0439690e+06   3.5034180e+01
   4.0441490e+06   5.3344727e+01
   4.0442400e+06   4.4860840e+01
   4.0443130e+06   4.4982910e+01
   4.0443930e+06   4.2114258e+01
   4.0445260e+06   3.6315918e+01
   4.0445640e+06   3.4179688e+01
   4.0446250e+06   4.0222168e+01
   4.0446760e+06   3.7353516e+01
   4.0447230e+06   4.4616699e+01
   4.0447930e+06   5.6213379e+01
   4.0449350e+06   3.9978027e+01
   4.0449620e+06   5.0048828e+01
   4.0450380e+06   3.3447266e+01
   4.0450950e+06   3.3325195e+01
   4.0451070e+06   4.7912598e+01
   4.0451480e+06   3.5034180e+01
   4.0452170e+06   3.4790039e+01
   4.0453130e+06   3.9611816e+01
   4.0453610e+06   3.6926270e+01
   4.0453930e+06   3.6132813e+01
   4.0454220e+06   3.3691406e+01
   4.0454640e+06   3.7780762e+01
   4.0455300e+06   3.3508301e+01
   4.0455810e+06   3.3569336e+01
   4.0456020e+06   3.3630371e+01
   4.0456950e+06   3.6743164e+01
   4.0458140e+06   3.6926270e+01
   4.0458410e+06   3.6987305e+01
   4.0459650e+06   3.4851074e+01
   4.0460320e+06   4.2968750e+01
   4.0461080e+06   4.3090820e+01
   4.0464110e+06   4.1992188e+01
   4.0467250e+06   4.7363281e+01
   4.0468330e+06   3.4057617e+01
   4.0470690e+06   3.5888672e+01
   4.0473620e+06   4.2419434e+01
   4.0473900e+06   3.5583496e+01
   4.0485420e+06   3.6804199e+01
   4.0730720e+06   3.9978027e+01
   4.0733200e+06   4.0649414e+01
   4.0740430e+06   3.7048340e+01
   4.0749950e+06   3.8818359e+01
   4.0761380e+06   3.6010742e+01
   4.0774400e+06   3.3386230e+01
   4.0798280e+06   3.7231445e+01
   4.0802330e+06   3.6315918e+01
   4.1052690e+06   4.1442871e+01
   4.1058270e+06   4.1259766e+01
   4.1064850e+06   3.5705566e+01
   4.1132370e+06   4.3395996e+01
   4.1138000e+06   3.8085938e+01
   4.1147240e+06   4.0954590e+01
   4.1381480e+06   4.8156738e+01
   4.1391630e+06   3.5278320e+01
   4.1591430e+06   3.9062500e+01
   4.1604320e+06   4.3212891e+01
   4.1779160e+06   4.4799805e+01
   4.1785790e+06   3.6987305e+01
   4.1790410e+06   3.3874512e+01
   4.1794560e+06   3.6682129e+01
   4.1799690e+06   3.9611816e+01
   4.1818580e+06   4.1992188e+01
   4.2130560e+06   3.9245605e+01
   4.2137810e+06   3.6804199e+01
   4.2503500e+06   4.5471191e+01
   4.2517710e+06   4.3945313e+01
   4.2522120e+06   3.9428711e+01
   4.2525810e+06   3.5461426e+01
   4.2527970e+06   5.0231934e+01
   4.2825400e+06   3.6071777e+01
   4.2835160e+06   4.0466309e+01
   4.2839650e+06   4.1809082e+01
   4.2850410e+06   3.5888672e+01
   4.3062680e+06   4.1381836e+01
   4.3073000e+06   3.6560059e+01
   4.3085510e+06   3.5034180e+01
   4.3457470e+06   4.0588379e+01
   4.3463020e+06   3.9184570e+01
   4.3467960e+06   3.5949707e+01
   4.3471570e+06   3.9794922e+01
   4.3474780e+06   3.3569336e+01
   4.3483780e+06   4.4616699e+01
   4.3485710e+06   4.9865723e+01
   4.3751880e+06   3.7597656e+01
   4.3757680e+06   3.4057617e+01
   4.3761490e+06   4.3090820e+01
   4.3765420e+06   3.6804199e+01
   4.3967440e+06   3.4301758e+01
   4.4259690e+06   5.0476074e+01
   4.4264620e+06   3.7536621e+01
   4.4269440e+06   3.5461426e+01
   4.4273230e+06   3.5339355e+01
   4.4276630e+06   3.7658691e+01
   4.4279820e+06   3.7231445e+01
   4.4282540e+06   4.2114258e+01
   4.4284360e+06   3.7597656e+01
   4.4290230e+06   4.3518066e+01
   4.4296250e+06   4.0161133e+01
   4.4302870e+06   3.6437988e+01
   4.4333530e+06   3.3386230e+01
   4.4587920e+06   3.9611816e+01
   4.4596740e+06   5.8837891e+01
   4.4601080e+06   4.1076660e+01
   4.4605960e+06   3.3264160e+01
   4.4897800e+06   4.3212891e+01
   4.4914750e+06   3.8940430e+01
   4.4920780e+06   3.9123535e+01
   4.4926640e+06   3.6193848e+01
   4.4932760e+06   3.4301758e+01
   4.4978220e+06   3.7414551e+01
   4.5168410e+06   3.5766602e+01
   4.5173430e+06   3.6071777e+01
   4.5178050e+06   3.3630371e+01
   4.5182370e+06   3.5522461e+01
   4.5465630e+06   4.2541504e+01
   4.5472650e+06   3.5766602e+01
   4.5486640e+06   3.6376953e+01
   4.5518900e+06   3.5705566e+01
   4.5824090e+06   3.9855957e+01
   4.5833780e+06   3.8452148e+01
   4.5838290e+06   3.4057617e+01
   4.5886570e+06   3.5827637e+01
   4.6168050e+06   3.6865234e+01
   4.6173450e+06   3.8940430e+01
   4.6177660e+06   3.5278320e+01
   4.6182040e+06   4.2541504e+01
   4.6190990e+06   3.3813477e+01
   4.6777940e+06   3.6987305e+01
   4.6792420e+06   5.0903320e+01
   4.6793760e+06   5.0170898e+01
   4.6794540e+06   3.5400391e+01
   4.6795880e+06   4.0588379e+01
   4.6796170e+06   4.8278809e+01
   4.6798190e+06   5.3894043e+01
   4.6798930e+06   5.2062988e+01
   4.6799210e+06   4.2053223e+01
   4.6799530e+06   6.6772461e+01
   4.6799860e+06   4.7607422e+01
   4.6800480e+06   4.1564941e+01
   4.6800750e+06   3.9916992e+01
   4.6801170e+06   3.8452148e+01
   4.6801410e+06   7.0739746e+01
   4.6801930e+06   3.4179688e+01
   4.6802170e+06   3.8513184e+01
   4.6802320e+06   4.2846680e+01
   4.6802960e+06   5.9997559e+01
   4.6803160e+06   4.4250488e+01
   4.6803830e+06   4.4738770e+01
   4.6804160e+06   4.1076660e+01
   4.6804450e+06   3.9367676e+01
   4.6804830e+06   3.8513184e+01
   4.6805630e+06   4.7851563e+01
   4.6806140e+06   4.2846680e+01
   4.6806740e+06   4.9621582e+01
   4.6807190e+06   5.0964355e+01
   4.6807500e+06   3.8757324e+01
   4.6808880e+06   4.3823242e+01
   4.6809340e+06   3.8085938e+01
   4.6809990e+06   3.7170410e+01
   4.6810260e+06   3.3569336e+01
   4.6810920e+06   3.3447266e+01
   4.6812150e+06   4.7180176e+01
   4.6812520e+06   3.9672852e+01
   4.6814190e+06   3.8879395e+01
   4.6814740e+06   3.6437988e+01
   4.6817760e+06   3.8879395e+01
   4.6819570e+06   3.6071777e+01
   4.6819990e+06   3.8085938e+01
   4.6821400e+06   3.5339355e+01
   4.6823580e+06   3.5766602e+01
   4.6825060e+06   3.7475586e+01
   4.6825450e+06   3.7109375e+01
   4.6827410e+06   3.5339355e+01
   4.6827760e+06   3.5827637e+01
   4.6829640e+06   3.6804199e+01
   4.6830920e+06   4.6020508e+01
   4.6831540e+06   3.5766602e+01
   4.6833290e+06   3.3935547e+01
   4.6833480e+06   3.4545898e+01
   4.6835700e+06   3.3630371e+01
   4.6836040e+06   3.5522461e+01
   4.6838180e+06   4.7607422e+01
   4.6843730e+06   3.4851074e+01
   4.7252530e+06   3.7414551e+01
   4.7262480e+06   4.1015625e+01
   4.7277680e+06   3.3264160e+01
   4.7284800e+06   4.7485352e+01
   4.7521950e+06   3.9001465e+01
   4.7895870e+06   4.2419434e+01
   4.7902900e+06   3.5461426e+01
   4.7906560e+06   5.3771973e+01
   4.7908190e+06   4.1320801e+01
   4.7909430e+06   5.9448242e+01
   4.7909910e+06   5.2001953e+01
   4.7911040e+06   3.7353516e+01
   4.7911160e+06   5.9936523e+01
   4.7911500e+06   4.0100098e+01
   4.7911760e+06   3.7292480e+01
   4.7912170e+06   3.4545898e+01
   4.7912660e+06   5.2734375e+01
   4.7913150e+06   6.4880371e+01
   4.7914240e+06   5.1879883e+01
   4.7914380e+06   3.5461426e+01
   4.7915160e+06   4.7363281e+01
   4.7915530e+06   4.7973633e+01
   4.7916680e+06   3.4912109e+01
   4.7916830e+06   3.6315918e+01
   4.7917060e+06   3.9978027e+01
   4.7917500e+06   3.6926270e+01
   4.7918110e+06   3.3691406e+01
   4.7918910e+06   3.9062500e+01
   4.7919440e+06   3.3996582e+01
   4.7920800e+06   4.4189453e+01
   4.7921580e+06   4.0100098e+01
   4.7921740e+06   5.1757813e+01
   4.7922590e+06   3.4118652e+01
   4.7922760e+06   3.9855957e+01
   4.7924470e+06   3.8452148e+01
   4.7924710e+06   3.6132813e+01
   4.7926070e+06   4.0527344e+01
   4.7927920e+06   4.4494629e+01
   4.7932190e+06   3.5217285e+01
   4.7934460e+06   6.0302734e+01
   4.7934640e+06   3.9062500e+01
   4.7935700e+06   3.3569336e+01
   4.7937130e+06   3.5888672e+01
   4.7939950e+06   4.6142578e+01
   4.7943310e+06   4.0344238e+01
   4.7943990e+06   3.6132813e+01
   4.7945820e+06   3.6193848e+01
   4.7947470e+06   3.5888672e+01
   4.7949940e+06   4.2419434e+01
   4.7956440e+06   3.5095215e+01
   4.7961230e+06   3.4240723e+01
   4.7963250e+06   3.6621094e+01
   4.8177930e+06   4.0466309e+01
   4.8598050e+06   4.0283203e+01
   4.8661390e+06   3.5644531e+01
   4.8665450e+06   4.7790527e+01
   4.8668030e+06   3.3386230e+01
   4.8668900e+06   4.0100098e+01
   4.8669650e+06   6.3232422e+01
   4.8670590e+06   3.6926270e+01
   4.8671890e+06   3.8818359e+01
   4.8672010e+06   5.3039551e+01
   4.8672670e+06   3.3447266e+01
   4.8672990e+06   3.4362793e+01
   4.8673410e+06   5.4077148e+01
   4.8673790e+06   5.2062988e+01
   4.8673890e+06   6.3781738e+01
   4.8675240e+06   5.2917480e+01
   4.8675580e+06   4.8889160e+01
   4.8676530e+06   3.6437988e+01
   4.8676750e+06   3.7597656e+01
   4.8677100e+06   3.5095215e+01
   4.8677340e+06   3.4912109e+01
   4.8677810e+06   3.7048340e+01
   4.8678480e+06   3.8208008e+01
   4.8679010e+06   3.4851074e+01
   4.8679680e+06   3.7719727e+01
   4.8680180e+06   4.5227051e+01
   4.8681420e+06   4.6997070e+01
   4.8681810e+06   4.4799805e+01
   4.8683130e+06   4.1381836e+01
   4.8684510e+06   3.8208008e+01
   4.8686090e+06   3.5339355e+01
   4.8686470e+06   4.3640137e+01
   4.8687380e+06   3.5705566e+01
   4.8689540e+06   4.5837402e+01
   4.8692140e+06   3.7109375e+01
   4.8693470e+06   3.6804199e+01
   4.8694910e+06   3.8696289e+01
   4.8695910e+06   3.4423828e+01
   4.8700680e+06   3.5461426e+01
   4.8708080e+06   3.9855957e+01
   4.8716230e+06   3.9001465e+01
   4.9153060e+06   3.7170410e+01
   4.9153680e+06   3.5339355e+01
   4.9434880e+06   4.1625977e+01
   4.9440000e+06   4.4555664e+01
   4.9445350e+06   3.6865234e+01
   4.9449000e+06   4.3395996e+01
   4.9450270e+06   3.5583496e+01
   4.9450570e+06   3.3264160e+01
   4.9451500e+06   6.5124512e+01
   4.9452340e+06   4.6752930e+01
   4.9452810e+06   3.4301758e+01
   4.9453480e+06   3.4790039e+01
   4.9453750e+06   3.9672852e+01
   4.9454250e+06   3.4179688e+01
   4.9455380e+06   4.9987793e+01
   4.9455750e+06   3.6865234e+01
   4.9456390e+06   3.4118652e+01
   4.9456590e+06   3.4667969e+01
   4.9457100e+06   3.6499023e+01
   4.9457260e+06   4.1503906e+01
   4.9459020e+06   4.4738770e+01
   4.9459170e+06   3.5644531e+01
   4.9459850e+06   3.5888672e+01
   4.9461470e+06   4.7302246e+01
   4.9461690e+06   4.7851563e+01
   4.9462800e+06   3.8024902e+01
   4.9463570e+06   3.8940430e+01
   4.9463770e+06   3.4423828e+01
   4.9464110e+06   4.3945313e+01
   4.9465100e+06   3.6743164e+01
   4.9466450e+06   3.5949707e+01
   4.9466710e+06   4.0161133e+01
   4.9467220e+06   3.7719727e+01
   4.9469000e+06   3.8574219e+01
   4.9469200e+06   3.6621094e+01
   4.9471600e+06   3.4912109e+01
   4.9472180e+06   3.6071777e+01
   4.9474430e+06   4.4860840e+01
   4.9474670e+06   3.4423828e+01
   4.9478020e+06   3.4484863e+01
   4.9478570e+06   5.2185059e+01
   4.9480930e+06   3.5705566e+01
   4.9481790e+06   3.4240723e+01
   4.9482790e+06   4.3823242e+01
   4.9485710e+06   4.2053223e+01
   4.9490430e+06   4.4738770e+01
   4.9800550e+06   4.0954590e+01
   4.9808570e+06   3.5095215e+01
   4.9815200e+06   3.6315918e+01
   4.9818290e+06   3.5949707e+01
   4.9818460e+06   4.1625977e+01
   4.9820470e+06   3.3691406e+01
   4.9821740e+06   4.8950195e+01
   4.9822440e+06   3.4240723e+01
   4.9822600e+06   3.9978027e+01
   4.9825400e+06   5.4748535e+01
   4.9825670e+06   4.7241211e+01
   4.9826550e+06   3.5095215e+01
   4.9827210e+06   3.7109375e+01
   4.9827830e+06   3.5034180e+01
   4.9828640e+06   5.2062988e+01
   4.9829490e+06   3.3447266e+01
   4.9829960e+06   3.8208008e+01
   4.9831340e+06   5.3161621e+01
   4.9837290e+06   3.5217285e+01
   4.9838390e+06   3.8574219e+01
   4.9842160e+06   3.5949707e+01
   5.0156560e+06   3.7353516e+01
   5.0159700e+06   3.3691406e+01
   5.0164100e+06   3.5278320e+01
   5.0169680e+06   4.4311523e+01
   5.0172100e+06   3.3569336e+01
   5.0655510e+06   4.0283203e+01
   5.0662390e+06   3.6682129e+01
   5.0664940e+06   4.4311523e+01
   5.0667510e+06   3.9489746e+01
   5.0669180e+06   6.3415527e+01
   5.0669910e+06   4.2480469e+01
   5.0670420e+06   4.5837402e+01
   5.0670900e+06   4.9804688e+01
   5.0671300e+06   6.8847656e+01
   5.0672450e+06   4.4067383e+01
   5.0672570e+06   3.7353516e+01
   5.0673330e+06   5.8776855e+01
   5.0673860e+06   4.9194336e+01
   5.0674140e+06   4.2236328e+01
   5.0674860e+06   4.7729492e+01
   5.0676000e+06   3.8085938e+01
   5.0676300e+06   3.5522461e+01
   5.0676840e+06   3.5339355e+01
   5.0677300e+06   3.9611816e+01
   5.0677630e+06   5.2124023e+01
   5.0678470e+06   3.5339355e+01
   5.0680070e+06   3.7963867e+01
   5.0680470e+06   3.9978027e+01
   5.0680990e+06   3.3813477e+01
   5.0681650e+06   3.9123535e+01
   5.0681930e+06   4.8828125e+01
   5.0682110e+06   3.5461426e+01
   5.0683240e+06   4.4006348e+01
   5.0684510e+06   4.0161133e+01
   5.0685520e+06   3.5156250e+01
   5.0686440e+06   3.4790039e+01
   5.0687740e+06   4.2480469e+01
   5.0688230e+06   4.8645020e+01
   5.0690390e+06   3.9245605e+01
   5.0691220e+06   3.6560059e+01
   5.0692790e+06   3.9001465e+01
   5.0694040e+06   3.4362793e+01
   5.0696250e+06   3.3813477e+01
   5.0697250e+06   5.2734375e+01
   5.0701550e+06   4.1381836e+01
   5.0705570e+06   3.9611816e+01
   5.0708830e+06   3.4729004e+01
   5.1514250e+06   3.7597656e+01
   5.1520820e+06   3.5766602e+01
   5.1524220e+06   5.1452637e+01
   5.1524450e+06   4.6813965e+01
   5.1524950e+06   4.2785645e+01
   5.1525360e+06   3.4179688e+01
   5.1526540e+06   3.9489746e+01
   5.1527250e+06   4.4494629e+01
   5.1527600e+06   4.2114258e+01
   5.1528770e+06   4.4006348e+01
   5.1529050e+06   5.4199219e+01
   5.1529560e+06   3.4423828e+01
   5.1529670e+06   4.8156738e+01
   5.1530790e+06   3.4667969e+01
   5.1531140e+06   5.3771973e+01
   5.1531450e+06   4.4128418e+01
   5.1531630e+06   3.6437988e+01
   5.1532960e+06   3.9245605e+01
   5.1533230e+06   3.3630371e+01
   5.1534570e+06   3.5339355e+01
   5.1534860e+06   4.3945313e+01
   5.1535340e+06   4.0527344e+01
   5.1536640e+06   4.3029785e+01
   5.1536960e+06   4.5166016e+01
   5.1537080e+06   4.0893555e+01
   5.1538640e+06   6.1706543e+01
   5.1538770e+06   3.7109375e+01
   5.1540590e+06   3.8024902e+01
   5.1541030e+06   3.3996582e+01
   5.1543120e+06   3.3691406e+01
   5.1544710e+06   3.5217285e+01
   5.1545660e+06   3.6132813e+01
   5.1546670e+06   5.5969238e+01
   5.1548910e+06   3.5583496e+01
   5.1550970e+06   3.7963867e+01
   5.1551590e+06   3.4118652e+01
   5.1552870e+06   3.6621094e+01
   5.1553390e+06   3.5949707e+01
   5.1555690e+06   3.5827637e+01
   5.1556060e+06   4.1931152e+01
   5.1557110e+06   3.3996582e+01
   5.1559560e+06   3.4118652e+01
   5.1561860e+06   3.8574219e+01
   5.1562910e+06   3.5461426e+01
   5.1564560e+06   3.4606934e+01
   5.1566760e+06   3.8818359e+01
   5.1572890e+06   3.3569336e+01
   5.1574770e+06   3.3874512e+01
   5.1576290e+06   3.4790039e+01
   5.1668470e+06   4.6997070e+01
   5.1671160e+06   3.6499023e+01
   5.1676380e+06   3.7231445e+01
   5.1680690e+06   4.3884277e+01
   5.1689140e+06   3.9855957e+01
   5.1849950e+06   4.0954590e+01
   5.1853490e+06   4.8400879e+01
   5.1853590e+06   3.8146973e+01
   5.1855490e+06   4.5532227e+01
   5.1857780e+06   3.5888672e+01
   5.1861640e+06   3.6621094e+01
   5.1861920e+06   3.4118652e+01
   5.1869660e+06   3.4606934e+01
   5.2347630e+06   3.3996582e+01
   5.2354160e+06   3.8391113e+01
   5.2360040e+06   3.6621094e+01
   5.2364180e+06   3.4851074e+01
   5.2369460e+06   3.7292480e+01
   5.2386190e+06   3.6254883e+01
   5.2586970e+06   4.4921875e+01
   5.2595910e+06   3.4240723e+01
   5.2597430e+06   3.4301758e+01
   5.2606320e+06   3.4118652e+01
   5.2819260e+06   3.3752441e+01
   5.3001220e+06   4.7729492e+01
   5.3003370e+06   4.1564941e+01
   5.3005850e+06   3.5034180e+01
   5.3007820e+06   3.9916992e+01
   5.3009620e+06   4.2602539e+01
   5.3012910e+06   4.5959473e+01
   5.3013270e+06   3.8513184e+01
   5.3014090e+06   3.6987305e+01
   5.3017950e+06   3.6071777e+01
   5.3020300e+06   3.7841797e+01
   5.3020630e+06   3.5400391e+01
   5.3023320e+06   3.3325195e+01
   5.3045820e+06   3.4606934e+01
   5.3185820e+06   3.5583496e+01
   5.3205900e+06   3.5827637e+01
   5.3546020e+06   5.6091309e+01
   5.3550710e+06   3.3996582e+01
   5.3551190e+06   3.9184570e+01
   5.3552540e+06   4.3457031e+01
   5.3554390e+06   4.0710449e+01
   5.3555380e+06   3.3813477e+01
   5.3555550e+06   3.7109375e+01
   5.3556050e+06   5.0720215e+01
   5.3557360e+06   3.7414551e+01
   5.3557790e+06   4.4494629e+01
   5.3557960e+06   4.0161133e+01
   5.3558160e+06   5.7861328e+01
   5.3558990e+06   3.3752441e+01
   5.3559360e+06   3.3935547e+01
   5.3559810e+06   3.4973145e+01
   5.3560090e+06   3.9367676e+01
   5.3560300e+06   4.6508789e+01
   5.3560670e+06   4.0344238e+01
   5.3561510e+06   3.6437988e+01
   5.3561830e+06   3.6743164e+01
   5.3562360e+06   6.6467285e+01
   5.3562540e+06   3.8757324e+01
   5.3563330e+06   3.5827637e+01
   5.3563560e+06   3.3508301e+01
   5.3564030e+06   4.4982910e+01
   5.3564530e+06   4.1687012e+01
   5.3564830e+06   3.5949707e+01
   5.3566090e+06   4.0161133e+01
   5.3566590e+06   3.8574219e+01
   5.3568210e+06   3.7414551e+01
   5.3568510e+06   4.8034668e+01
   5.3568740e+06   4.1625977e+01
   5.3570200e+06   3.5400391e+01
   5.3570350e+06   3.7658691e+01
   5.3571450e+06   3.8024902e+01
   5.3572380e+06   4.2968750e+01
   5.3573400e+06   4.9621582e+01
   5.3573590e+06   3.7353516e+01
   5.3574650e+06   3.4729004e+01
   5.3575020e+06   3.4484863e+01
   5.3577840e+06   3.3874512e+01
   5.3580150e+06   3.3691406e+01
   5.3581300e+06   3.8085938e+01
   5.3583680e+06   3.9245605e+01
   5.3584280e+06   3.6132813e+01
   5.3586510e+06   4.4738770e+01
   5.3586780e+06   3.5522461e+01
   5.3588240e+06   4.7973633e+01
   5.3592750e+06   3.4790039e+01
   5.3594640e+06   3.8513184e+01
   5.3596760e+06   3.3386230e+01
   5.3744920e+06   3.3569336e+01
   5.3752380e+06   3.4057617e+01
   5.3755610e+06   3.8085938e+01
   5.3770210e+06   3.7414551e+01
   5.3980510e+06   4.1259766e+01
   5.3982240e+06   4.2602539e+01
   5.3983150e+06   3.5705566e+01
   5.3987560e+06   3.4545898e+01
   5.4000810e+06   3.6437988e+01
   5.4277230e+06   4.2907715e+01
   5.4282610e+06   4.1137695e+01
   5.4296410e+06   3.5034180e+01
   5.4304360e+06   3.3935547e+01
   5.4327220e+06   3.4606934e+01
   5.4501730e+06   4.0039063e+01
   5.4506580e+06   3.4118652e+01
   5.4508160e+06   4.1442871e+01
   5.4513490e+06   3.4851074e+01
   5.4517770e+06   3.4790039e+01
   5.4522310e+06   3.8757324e+01
   5.4703770e+06   3.8818359e+01
   5.4711420e+06   4.0405273e+01
   5.4716840e+06   3.4851074e+01
   5.4722940e+06   3.3264160e+01
   5.4729480e+06   3.4118652e+01
   5.4914030e+06   3.6926270e+01
   5.4919220e+06   3.8146973e+01
   5.4926850e+06   3.8696289e+01
   5.4939540e+06   3.6621094e+01
   5.4949870e+06   3.3569336e+01
   5.5150520e+06   4.6203613e+01
   5.5157260e+06   4.5104980e+01
   5.5157440e+06   3.9550781e+01
   5.5161100e+06   3.8391113e+01
   5.5161800e+06   4.4128418e+01
   5.5166110e+06   4.2114258e+01
   5.5170620e+06   3.5461426e+01
   5.5185150e+06   3.5278320e+01
   5.5212680e+06   3.3874512e+01
   5.5387810e+06   4.0039063e+01
   5.5398350e+06   4.0893555e+01
   5.5405500e+06   3.5949707e+01
   5.5589800e+06   3.8940430e+01
   5.5595080e+06   3.9428711e+01
   5.5599880e+06   3.3447266e+01
   5.5605970e+06   3.4606934e+01
   5.5611500e+06   3.5217285e+01
   5.5835030e+06   3.5766602e+01
   5.5840660e+06   3.5888672e+01
   5.5845870e+06   3.4179688e+01
   5.5879560e+06   3.7292480e+01
   5.6148790e+06   4.1931152e+01
   5.6150460e+06   4.6325684e+01
   5.6160010e+06   3.8513184e+01
   5.6165260e+06   3.4484863e+01
   5.6341840e+06   5.2062988e+01
   5.6350620e+06   4.1748047e+01
   5.6356100e+06   3.4362793e+01
   5.6380860e+06   3.9245605e+01
   5.6518710e+06   3.3325195e+01
   5.6522040e+06   3.3264160e+01
   5.6541080e+06   4.4921875e+01
   5.6705990e+06   3.6499023e+01
   5.6714540e+06   3.5095215e+01
   5.6824550e+06   3.4729004e+01
   5.6831250e+06   3.9123535e+01
   5.6836800e+06   3.4423828e+01
   5.6842280e+06   3.7414551e+01
   5.6990700e+06   3.4179688e+01
   5.6996770e+06   3.8208008e+01
   5.7003800e+06   3.4667969e+01
   5.7009780e+06   3.7170410e+01
   5.7018410e+06   3.3386230e+01
   5.7262660e+06   4.5959473e+01
   5.7277780e+06   4.0466309e+01
   5.7283520e+06   3.3996582e+01
   5.7287840e+06   3.4790039e+01
   5.7551270e+06   4.0588379e+01
   5.7557660e+06   3.8269043e+01
   5.7569890e+06   3.7597656e+01
   5.7758790e+06   3.9855957e+01
   5.7765020e+06   3.3874512e+01
   5.7910530e+06   3.3935547e+01
   5.7928850e+06   3.3996582e+01
   5.7944050e+06   4.1259766e+01
   5.7953060e+06   3.4545898e+01
   5.8088040e+06   3.3935547e+01
   5.8109030e+06   3.6132813e+01
   5.8121430e+06   3.5705566e+01
   5.8362070e+06   3.5827637e+01
   5.8372500e+06   3.6743164e+01
   5.8644750e+06   3.8330078e+01
   5.8652890e+06   3.3630371e+01
   5.8658460e+06   4.3640137e+01
   5.8663540e+06   3.5095215e+01
   5.8808240e+06   3.8940430e+01
   5.8816460e+06   3.3813477e+01
   5.9131110e+06   3.4484863e+01
   5.9142390e+06   3.8513184e+01
   5.9149390e+06   3.9062500e+01
   5.9154670e+06   3.3325195e+01
   5.9157820e+06   4.1442871e+01
   5.9369090e+06   3.4301758e+01
   5.9496630e+06   3.8574219e+01
   5.9503540e+06   3.5400391e+01
   5.9508950e+06   3.8391113e+01
   5.9512940e+06   3.6987305e+01
   5.9865490e+06   3.7231445e+01
   5.9876350e+06   3.6987305e+01
   5.9881860e+06   3.4912109e+01
