   5.9980000e+06   0.0000000e+00
   1.9394000e+04   3.5522461e+01
   2.0395000e+04   3.5095215e+01
   2.0424000e+04   3.5827637e+01
   2.0496000e+04   3.6621094e+01
   2.0869000e+04   4.6630859e+01
   2.1766500e+05   4.0527344e+01
   2.1778900e+05   3.5461426e+01
   2.1780400e+05   3.8879395e+01
   2.1787700e+05   3.5949707e+01
   2.1796900e+05   5.8227539e+01
   2.1806000e+05   3.5705566e+01
   2.1812500e+05   4.0527344e+01
   2.1818500e+05   3.9611816e+01
   2.1824600e+05   3.8696289e+01
   2.1833200e+05   3.7109375e+01
   2.1839300e+05   4.3762207e+01
   2.1840900e+05   5.0842285e+01
   2.1861100e+05   3.5400391e+01
   2.1862700e+05   4.4677734e+01
   2.1897000e+05   3.6926270e+01
   2.2027000e+05   3.8513184e+01
   2.2029700e+05   3.5461426e+01
   2.2133000e+05   3.6499023e+01
   2.2170400e+05   3.8085937e+01
   2.4935300e+05   4.0954590e+01
   2.4964800e+05   3.8269043e+01
   3.9752300e+05   3.8330078e+01
   3.9768700e+05   3.8024902e+01
   3.9788600e+05   3.5156250e+01
   3.9799400e+05   3.4973145e+01
   3.9807600e+05   3.7170410e+01
   3.9818000e+05   3.8757324e+01
   3.9827000e+05   3.6865234e+01
   3.9829500e+05   3.8635254e+01
   3.9850500e+05   3.6315918e+01
   3.9858400e+05   3.6376953e+01
   3.9866700e+05   4.1320801e+01
   3.9886600e+05   3.5278320e+01
   3.9902700e+05   3.5827637e+01
   3.9915900e+05   3.4973145e+01
   3.9975500e+05   3.5583496e+01
   4.0052500e+05   3.6804199e+01
   4.0112900e+05   3.5278320e+01
   4.4548500e+05   3.5705566e+01
   4.4577700e+05   3.7963867e+01
   4.4711100e+05   3.5156250e+01
   5.6112400e+05   3.5034180e+01
   5.6124400e+05   3.6254883e+01
   5.6145000e+05   4.7424316e+01
   5.6163900e+05   3.9855957e+01
   5.6167300e+05   3.7963867e+01
   5.6185700e+05   3.6315918e+01
   5.6191000e+05   3.6804199e+01
   5.6224100e+05   3.6621094e+01
   5.6324400e+05   3.5705566e+01
   5.6389400e+05   3.8757324e+01
   5.9533500e+05   3.6743164e+01
   5.9565300e+05   3.9367676e+01
   5.9572000e+05   3.9672852e+01
   5.9593300e+05   4.1076660e+01
   5.9598200e+05   3.6499023e+01
   5.9617600e+05   3.7414551e+01
   5.9626300e+05   3.6987305e+01
   6.6237300e+05   3.7902832e+01
   6.6278100e+05   3.8330078e+01
   6.6282000e+05   4.1015625e+01
   6.6303000e+05   3.5461426e+01
   6.6325000e+05   3.8635254e+01
   6.6347200e+05   3.6865234e+01
   6.6348900e+05   3.6804199e+01
   6.6373700e+05   3.5095215e+01
   6.6381000e+05   3.7353516e+01
   6.9107300e+05   3.5827637e+01
   8.1189500e+05   3.6682129e+01
   8.1193400e+05   3.5522461e+01
   8.1197500e+05   3.5156250e+01
   8.1206900e+05   3.7902832e+01
   8.1231000e+05   3.5217285e+01
   8.1236800e+05   4.0344238e+01
   8.1252800e+05   3.6560059e+01
   8.1257800e+05   3.5705566e+01
   8.1269100e+05   3.7719727e+01
   8.1277100e+05   3.6499023e+01
   8.1298600e+05   3.5583496e+01
   8.1301400e+05   3.8940430e+01
   8.1356200e+05   3.5461426e+01
   8.1361600e+05   3.6254883e+01
   8.1391000e+05   3.5461426e+01
   8.1528700e+05   3.5400391e+01
   8.1608300e+05   3.6621094e+01
   8.5832600e+05   4.1809082e+01
   1.0090010e+06   3.5644531e+01
   1.0090330e+06   3.5156250e+01
   1.0090640e+06   3.6987305e+01
   1.0092440e+06   3.5339355e+01
   1.0094290e+06   4.8400879e+01
   1.0096330e+06   4.4799805e+01
   1.0096540e+06   3.7353516e+01
   1.0097330e+06   3.6132813e+01
   1.0097630e+06   3.6437988e+01
   1.0098630e+06   4.0161133e+01
   1.0098760e+06   3.8391113e+01
   1.0100010e+06   4.3701172e+01
   1.0101540e+06   4.2785645e+01
   1.0102100e+06   4.3334961e+01
   1.0102650e+06   4.1748047e+01
   1.0106380e+06   3.6010742e+01
   1.0109290e+06   3.6193848e+01
   1.0114440e+06   3.7353516e+01
   1.0114540e+06   4.1259766e+01
   1.1188460e+06   3.5400391e+01
   1.7812640e+06   3.5461426e+01
   1.7813350e+06   3.6621094e+01
   1.7814690e+06   3.6376953e+01
   1.7815030e+06   3.8452148e+01
   1.7815430e+06   3.9733887e+01
   1.7816790e+06   3.7536621e+01
   1.7818770e+06   3.6743164e+01
   1.7820850e+06   3.9306641e+01
   1.7821950e+06   3.7475586e+01
   1.7823380e+06   3.5095215e+01
   1.7827630e+06   3.7719727e+01
   1.8146700e+06   3.6499023e+01
   1.8964540e+06   4.0649414e+01
   1.8966970e+06   3.5888672e+01
   1.8968820e+06   4.1381836e+01
   1.8969300e+06   3.6071777e+01
   1.8970540e+06   4.0161133e+01
   1.8971640e+06   4.6386719e+01
   1.8975110e+06   3.9245605e+01
   1.8978470e+06   4.3090820e+01
   1.9644380e+06   3.6254883e+01
   2.0348030e+06   3.6621094e+01
   2.0348960e+06   3.5888672e+01
   2.0354220e+06   4.0283203e+01
   2.0355550e+06   3.7414551e+01
   2.0356740e+06   3.9184570e+01
   2.0358110e+06   3.5278320e+01
   2.0362760e+06   4.3212891e+01
   2.0369370e+06   3.5217285e+01
   2.1086960e+06   3.7048340e+01
   2.1090770e+06   4.3334961e+01
   2.1091510e+06   3.5156250e+01
   2.1094970e+06   3.8757324e+01
   2.1098090e+06   3.4973145e+01
   2.2006100e+06   3.6071777e+01
   2.2007960e+06   5.1635742e+01
   2.2010680e+06   3.9672852e+01
   2.2011860e+06   3.5522461e+01
   2.2012340e+06   3.8452148e+01
   2.2014460e+06   3.7536621e+01
   2.2016020e+06   3.5827637e+01
   2.2017170e+06   3.7719727e+01
   2.2026650e+06   4.4555664e+01
   2.2029270e+06   3.4973145e+01
   2.2732360e+06   4.3945313e+01
   2.2733720e+06   3.7536621e+01
   2.2734290e+06   3.9855957e+01
   2.2734490e+06   3.9672852e+01
   2.2736870e+06   4.9011230e+01
   2.2742980e+06   4.0344238e+01
   2.2748330e+06   4.7485352e+01
   2.2757710e+06   4.1198730e+01
   2.3336540e+06   3.7353516e+01
   2.3339880e+06   4.1198730e+01
   2.3345090e+06   4.0344238e+01
   2.4042390e+06   4.5104980e+01
   2.4042670e+06   3.6682129e+01
   2.4045210e+06   4.0649414e+01
   2.4045730e+06   3.9367676e+01
   2.4048500e+06   3.6499023e+01
   2.4051190e+06   3.6376953e+01
   2.5041540e+06   3.5888672e+01
   2.5042000e+06   3.9428711e+01
   2.5042990e+06   4.0527344e+01
   2.5045010e+06   4.2053223e+01
   2.5045260e+06   3.5827637e+01
   2.5047380e+06   3.9306641e+01
   2.5048990e+06   3.7292480e+01
   2.5056750e+06   4.0954590e+01
   2.5478380e+06   3.5095215e+01
   2.5481860e+06   4.1931152e+01
   2.5481990e+06   3.7353516e+01
   2.6018130e+06   3.5949707e+01
   2.6018830e+06   3.7536621e+01
   2.6021890e+06   3.6315918e+01
   2.6024020e+06   3.8208008e+01
   2.7244100e+06   3.6804199e+01
   2.7246310e+06   4.2541504e+01
   2.7246930e+06   3.5461426e+01
   2.7249350e+06   3.7536621e+01
   2.7249720e+06   3.4973145e+01
   2.7249920e+06   3.4973145e+01
   2.7250780e+06   3.7841797e+01
   2.7255450e+06   3.5339355e+01
   2.7257400e+06   3.6376953e+01
   2.7259900e+06   4.1198730e+01
   2.7264320e+06   3.5156250e+01
   2.7266200e+06   3.7536621e+01
   2.7569960e+06   3.6987305e+01
   2.7958860e+06   3.8330078e+01
   2.8968810e+06   3.5949707e+01
   2.8971880e+06   3.7292480e+01
   2.8973380e+06   4.4555664e+01
   2.8977220e+06   3.7048340e+01
   2.8983850e+06   4.0283203e+01
   2.8987260e+06   3.5644531e+01
   2.9513930e+06   3.6437988e+01
   2.9514480e+06   3.8513184e+01
   2.9520990e+06   4.2541504e+01
   3.0796880e+06   4.9377441e+01
   3.1195420e+06   4.4006348e+01
   3.1894360e+06   4.6630859e+01
   3.2715210e+06   4.0649414e+01
   3.2715420e+06   4.3273926e+01
   3.2716520e+06   5.4382324e+01
   3.2717980e+06   5.1574707e+01
   3.2718640e+06   3.8574219e+01
   3.2719030e+06   3.7475586e+01
   3.2719420e+06   3.8391113e+01
   3.2722580e+06   3.8818359e+01
   3.2724530e+06   3.7841797e+01
   3.2725360e+06   3.6926270e+01
   3.2725710e+06   3.5278320e+01
   3.2726050e+06   4.2846680e+01
   3.2729360e+06   4.0649414e+01
   3.2734990e+06   3.8146973e+01
   3.2740720e+06   3.6560059e+01
   3.2751770e+06   3.7231445e+01
   3.5035960e+06   3.9978027e+01
   3.5037540e+06   3.5888672e+01
   3.5038790e+06   4.0222168e+01
   3.5040420e+06   4.3640137e+01
   3.5040790e+06   3.7902832e+01
   3.5040940e+06   3.7231445e+01
   3.5043580e+06   4.0344238e+01
   3.5046470e+06   3.5705566e+01
   3.5047770e+06   3.4973145e+01
   3.5048100e+06   3.5766602e+01
   3.5052170e+06   3.9611816e+01
   3.5053480e+06   3.7414551e+01
   3.5054600e+06   3.5827637e+01
   3.5074010e+06   3.8696289e+01
   3.6568250e+06   4.1198730e+01
   3.7306980e+06   4.0039063e+01
   3.7307260e+06   3.6865234e+01
   3.7307660e+06   3.5156250e+01
   3.7309290e+06   4.0344238e+01
   3.7310470e+06   3.6315918e+01
   3.7310850e+06   4.0710449e+01
   3.7313980e+06   3.6437988e+01
   3.7317820e+06   3.7841797e+01
   3.7321750e+06   3.5705566e+01
   3.7335120e+06   3.7292480e+01
   3.8199560e+06   3.5217285e+01
   3.8200860e+06   3.5339355e+01
   3.8201650e+06   3.5644531e+01
   3.8202290e+06   4.0832520e+01
   3.8203560e+06   3.7963867e+01
   3.8203880e+06   3.4973145e+01
   3.8205200e+06   3.6315918e+01
   3.8205400e+06   3.7841797e+01
   3.8207370e+06   4.4982910e+01
   3.8207700e+06   3.7536621e+01
   3.8209970e+06   3.5583496e+01
   3.8211900e+06   3.6071777e+01
   3.8214440e+06   3.9672852e+01
   3.8214750e+06   3.5461426e+01
   3.8219620e+06   3.6865234e+01
   3.9574960e+06   3.4973145e+01
   4.0437950e+06   3.7902832e+01
   4.0438300e+06   3.9184570e+01
   4.0441880e+06   3.6254883e+01
   4.0442130e+06   3.8696289e+01
   4.0443050e+06   3.5705566e+01
   4.0444710e+06   3.6437988e+01
   4.0444980e+06   4.1809082e+01
   4.0447630e+06   4.2480469e+01
   4.0451810e+06   3.5095215e+01
   4.1793560e+06   3.6254883e+01
   4.1802040e+06   3.6071777e+01
   4.3478110e+06   3.9855957e+01
   4.4279820e+06   3.6071777e+01
   4.4608900e+06   3.5156250e+01
   4.5181850e+06   3.6804199e+01
   4.6793020e+06   4.5715332e+01
   4.6794150e+06   3.6437988e+01
   4.6794720e+06   4.4494629e+01
   4.6796390e+06   3.6804199e+01
   4.6796650e+06   3.7841797e+01
   4.6799470e+06   4.1992188e+01
   4.6799690e+06   3.5522461e+01
   4.6800230e+06   3.6987305e+01
   4.6802360e+06   3.6376953e+01
   4.6805640e+06   3.5217285e+01
   4.6806320e+06   3.7658691e+01
   4.6807450e+06   3.8330078e+01
   4.6809620e+06   3.5766602e+01
   4.7911750e+06   3.6560059e+01
   4.7913740e+06   4.5471191e+01
   4.7914730e+06   3.7048340e+01
   4.7914960e+06   3.7597656e+01
   4.7915460e+06   3.5400391e+01
   4.7915960e+06   4.3762207e+01
   4.7916880e+06   3.7353516e+01
   4.7921380e+06   3.6865234e+01
   4.7929060e+06   3.6621094e+01
   4.7935730e+06   3.5888672e+01
   4.8664620e+06   3.9306641e+01
   4.8667100e+06   3.8146973e+01
   4.8667210e+06   4.3518066e+01
   4.8668570e+06   3.7353516e+01
   4.8669180e+06   3.8513184e+01
   4.8671390e+06   3.8757324e+01
   4.8671500e+06   3.8146973e+01
   4.8674000e+06   3.9794922e+01
   4.8674900e+06   3.9916992e+01
   4.8675540e+06   3.5522461e+01
   4.8676660e+06   3.6071777e+01
   4.8678710e+06   3.5949707e+01
   4.8679010e+06   3.9062500e+01
   4.8680590e+06   3.6499023e+01
   4.8691670e+06   3.6437988e+01
   4.8693800e+06   3.5156250e+01
   4.8697260e+06   3.6865234e+01
   4.9450310e+06   4.4555664e+01
   4.9452040e+06   3.6926270e+01
   4.9452620e+06   3.5095215e+01
   4.9453460e+06   4.4250488e+01
   4.9453710e+06   3.7109375e+01
   4.9454690e+06   3.8146973e+01
   4.9458720e+06   3.6193848e+01
   4.9463170e+06   3.6132813e+01
   4.9465870e+06   3.5705566e+01
   4.9473700e+06   3.5949707e+01
   4.9818890e+06   4.5471191e+01
   4.9820290e+06   3.7231445e+01
   4.9823560e+06   3.8940430e+01
   4.9829690e+06   3.8269043e+01
   5.0667220e+06   3.4973145e+01
   5.0669680e+06   3.8940430e+01
   5.0670120e+06   4.6386719e+01
   5.0670520e+06   3.9123535e+01
   5.0673210e+06   4.3395996e+01
   5.0673330e+06   4.0344238e+01
   5.0676400e+06   3.5888672e+01
   5.0677010e+06   3.9916992e+01
   5.0680260e+06   4.3334961e+01
   5.0681700e+06   3.9123535e+01
   5.0683280e+06   3.6132813e+01
   5.0686430e+06   3.5278320e+01
   5.1526600e+06   3.8146973e+01
   5.1529430e+06   3.6193848e+01
   5.1529940e+06   3.8574219e+01
   5.1533750e+06   3.9184570e+01
   5.1533980e+06   4.4189453e+01
   5.1541150e+06   3.6804199e+01
   5.1543590e+06   4.2663574e+01
   5.1548950e+06   3.7170410e+01
   5.1550930e+06   3.4973145e+01
   5.1553870e+06   3.6560059e+01
   5.1557210e+06   3.9794922e+01
   5.2631590e+06   3.8513184e+01
   5.3554370e+06   3.5949707e+01
   5.3562520e+06   3.5156250e+01
   5.3562980e+06   3.7475586e+01
   5.3564000e+06   4.3823242e+01
   5.8139260e+06   3.7231445e+01
   5.9158190e+06   3.9794922e+01
