   2.9990000e+06   0.0000000e+00
   1.0400000e+03   3.9999390e+03
   1.0910000e+03   4.2175293e+01
   1.1340000e+03   4.7424316e+01
   1.1670000e+03   6.7016602e+01
   1.2820000e+03   3.5156250e+01
   2.1286000e+04   3.5339355e+01
   5.1052000e+04   2.0097046e+03
   5.1085000e+04   3.4851074e+01
   5.1113000e+04   4.3457031e+01
   5.1136000e+04   6.4147949e+01
   5.1161000e+04   4.5959473e+01
   5.1191000e+04   3.2714844e+01
   5.1302000e+04   5.2185059e+01
   5.1371000e+04   3.3142090e+01
   5.1428000e+04   4.8645020e+01
   6.9628000e+04   3.2897949e+01
   8.8442000e+04   3.4362793e+01
   9.0139000e+04   3.4484863e+01
   9.2824000e+04   3.9367676e+01
   9.2861000e+04   3.5766602e+01
   9.3011000e+04   3.9916992e+01
   9.3127000e+04   3.3142090e+01
   1.0106600e+05   2.0086060e+03
   1.0107800e+05   3.8513184e+01
   1.0111900e+05   4.4067383e+01
   1.0114900e+05   4.1259766e+01
   1.0116500e+05   4.5776367e+01
   1.0118400e+05   3.4240723e+01
   1.0121800e+05   3.9245605e+01
   1.0125000e+05   4.0710449e+01
   1.0131000e+05   3.4179688e+01
   1.0139200e+05   5.4199219e+01
   1.0140400e+05   3.3447266e+01
   1.2009200e+05   3.4790039e+01
   1.5108200e+05   3.9999390e+03
   1.5109600e+05   3.6560059e+01
   1.5113300e+05   3.7109375e+01
   1.5116100e+05   4.3090820e+01
   1.5118400e+05   4.3518066e+01
   1.5121200e+05   5.9997559e+01
   1.5123500e+05   5.0537109e+01
   1.5124500e+05   3.5278320e+01
   1.5127200e+05   3.7414551e+01
   1.5130000e+05   3.3996582e+01
   1.5133800e+05   4.7180176e+01
   1.5139000e+05   4.4616699e+01
   1.5142300e+05   3.3325195e+01
   1.5145800e+05   3.7170410e+01
   1.5147500e+05   6.3598633e+01
   1.5149100e+05   4.2114258e+01
   1.5153800e+05   4.4677734e+01
   1.5154800e+05   3.4057617e+01
   1.5158300e+05   3.5644531e+01
   1.5162800e+05   3.9428711e+01
   1.5167600e+05   4.1809082e+01
   1.5169100e+05   4.2968750e+01
   1.5172100e+05   3.2836914e+01
   1.5178700e+05   3.8391113e+01
   1.5180600e+05   3.5705566e+01
   1.5185400e+05   3.5949707e+01
   1.5212700e+05   3.6926270e+01
   1.5515100e+05   3.3081055e+01
   1.5627700e+05   3.3691406e+01
   1.5670900e+05   3.6560059e+01
   1.9423800e+05   3.8269043e+01
   2.0109600e+05   3.9999390e+03
   2.0114700e+05   4.1931152e+01
   2.0119000e+05   4.3151855e+01
   2.0122200e+05   3.5949707e+01
   2.0127100e+05   3.8879395e+01
   2.0132000e+05   3.5888672e+01
   2.0133600e+05   3.3691406e+01
   2.0143300e+05   4.2846680e+01
   2.0146200e+05   3.3081055e+01
   2.0150100e+05   3.4240723e+01
   2.0152800e+05   3.3081055e+01
   2.0155100e+05   6.0546875e+01
   2.0168500e+05   3.6010742e+01
   2.2212400e+05   3.7963867e+01
   2.2214700e+05   4.8156738e+01
   2.2215700e+05   3.2653809e+01
   2.2217700e+05   4.0527344e+01
   2.2221900e+05   3.3081055e+01
   2.2225900e+05   3.7048340e+01
   2.2227600e+05   4.1320801e+01
   2.2229900e+05   4.0283203e+01
   2.2232000e+05   3.5278320e+01
   2.2236900e+05   3.8635254e+01
   2.2240100e+05   3.7658691e+01
   2.2241100e+05   3.3935547e+01
   2.2243200e+05   3.7048340e+01
   2.2245100e+05   3.8452148e+01
   2.2251000e+05   3.9978027e+01
   2.2254300e+05   3.5339355e+01
   2.2256400e+05   5.3771973e+01
   2.2259200e+05   3.8085938e+01
   2.2269300e+05   3.5156250e+01
   2.5110800e+05   2.0061646e+03
   2.5112500e+05   3.3508301e+01
   2.5117800e+05   3.5461426e+01
   2.5119800e+05   3.6743164e+01
   2.5122700e+05   4.4738770e+01
   2.5124000e+05   3.3508301e+01
   2.5126200e+05   3.3569336e+01
   2.5127900e+05   5.2551270e+01
   2.5131000e+05   3.7231445e+01
   2.5136400e+05   4.5837402e+01
   2.5141600e+05   3.8940430e+01
   2.5144700e+05   3.8391113e+01
   2.5149000e+05   3.3996582e+01
   2.5153200e+05   3.3630371e+01
   2.5154700e+05   4.0649414e+01
   2.5159300e+05   3.3325195e+01
   2.5160900e+05   4.2236328e+01
   2.5163300e+05   3.3630371e+01
   2.8270500e+05   4.9743652e+01
   2.8272400e+05   3.3325195e+01
   2.8282200e+05   3.5156250e+01
   2.8292400e+05   5.1452637e+01
   2.8293800e+05   3.8757324e+01
   2.8304600e+05   3.2897949e+01
   2.8369000e+05   3.6010742e+01
   2.8637800e+05   3.4606934e+01
   2.9452000e+05   3.4301758e+01
   3.0112400e+05   3.9999390e+03
   3.0114300e+05   3.3996582e+01
   3.0119000e+05   4.1748047e+01
   3.0121500e+05   4.5593262e+01
   3.0123500e+05   4.1320801e+01
   3.0127000e+05   3.7353516e+01
   3.0128400e+05   5.1940918e+01
   3.0134300e+05   3.9855957e+01
   3.0138000e+05   3.6743164e+01
   3.0147200e+05   3.6376953e+01
   3.0157600e+05   3.4423828e+01
   3.3192300e+05   3.3752441e+01
   3.3676600e+05   4.1259766e+01
   3.3679500e+05   3.4851074e+01
   3.3685400e+05   4.9438477e+01
   3.3723600e+05   3.3508301e+01
   3.3750900e+05   3.5522461e+01
   3.5113600e+05   2.0111694e+03
   3.5123500e+05   4.1442871e+01
   3.5126800e+05   4.3945313e+01
   3.5130200e+05   7.8735352e+01
   3.5132100e+05   3.8696289e+01
   3.5134300e+05   3.7292480e+01
   3.5141400e+05   3.7536621e+01
   3.5157400e+05   3.5583496e+01
   3.5159400e+05   4.5959473e+01
   3.5163300e+05   3.4301758e+01
   3.5166700e+05   3.5705566e+01
   3.5171000e+05   3.7231445e+01
   4.0115000e+05   2.0073853e+03
   4.0116200e+05   3.8635254e+01
   4.0124700e+05   3.3508301e+01
   4.0126100e+05   4.1687012e+01
   4.0127300e+05   3.5583496e+01
   4.0130900e+05   6.4331055e+01
   4.0134700e+05   3.4606934e+01
   4.0136500e+05   3.4362793e+01
   4.0138900e+05   3.6560059e+01
   4.0141900e+05   3.7719727e+01
   4.0150600e+05   3.5583496e+01
   4.0153700e+05   3.9245605e+01
   4.0160000e+05   3.7475586e+01
   4.2555300e+05   4.0832520e+01
   4.2558600e+05   3.8085938e+01
   4.2559900e+05   4.6020508e+01
   4.2562800e+05   3.4118652e+01
   4.2566200e+05   3.5949707e+01
   4.2569100e+05   3.7353516e+01
   4.2571000e+05   4.1320801e+01
   4.2574000e+05   3.4851074e+01
   4.2578100e+05   3.3386230e+01
   4.2579200e+05   3.2958984e+01
   4.2582900e+05   4.5837402e+01
   4.2584600e+05   4.4311523e+01
   4.2586400e+05   3.9916992e+01
   4.2589000e+05   6.9946289e+01
   4.2592600e+05   4.4494629e+01
   4.2600500e+05   4.0283203e+01
   4.2606900e+05   3.9123535e+01
   4.2625300e+05   3.7109375e+01
   4.5116400e+05   2.0077515e+03
   4.5121800e+05   4.2297363e+01
   4.5123400e+05   3.4606934e+01
   4.5128200e+05   4.0283203e+01
   4.5138500e+05   3.6804199e+01
   4.5152300e+05   3.3752441e+01
   4.7012300e+05   3.3630371e+01
   4.9858500e+05   5.8166504e+01
   5.0117800e+05   2.0066528e+03
   5.0122700e+05   3.4851074e+01
   5.0124800e+05   3.9184570e+01
   5.0128600e+05   3.3325195e+01
   5.0162300e+05   3.4240723e+01
   5.3454000e+05   3.2897949e+01
   5.5119200e+05   2.0119629e+03
   5.5123700e+05   3.7536621e+01
   5.5125200e+05   3.4790039e+01
   5.5128200e+05   5.0476074e+01
   5.5131400e+05   3.6682129e+01
   5.5134300e+05   4.4189453e+01
   5.5146300e+05   3.9794922e+01
   5.5157000e+05   3.3569336e+01
   5.9047600e+05   3.3386230e+01
   6.0120600e+05   2.0072021e+03
   6.0121900e+05   3.5400391e+01
   6.0126000e+05   3.3813477e+01
   6.0127400e+05   3.5400391e+01
   6.0129200e+05   3.3508301e+01
   6.0132900e+05   3.6193848e+01
   6.0133900e+05   5.7189941e+01
   6.0138000e+05   3.4362793e+01
   6.0149800e+05   4.9804688e+01
   6.0157700e+05   3.7048340e+01
   6.0201100e+05   3.8146973e+01
   6.0217000e+05   3.8940430e+01
   6.0282000e+05   3.2714844e+01
   6.1534300e+05   3.3386230e+01
   6.2252800e+05   3.3508301e+01
   6.4137700e+05   3.3752441e+01
   6.5122000e+05   2.0079346e+03
   6.5127300e+05   3.3142090e+01
   6.5130100e+05   3.3935547e+01
   6.5133800e+05   4.3395996e+01
   6.5136900e+05   3.6071777e+01
   6.5140100e+05   3.7963867e+01
   6.5145200e+05   3.8879395e+01
   6.5151700e+05   3.6376953e+01
   6.5169000e+05   3.4851074e+01
   6.5195600e+05   4.1503906e+01
   6.5197400e+05   5.2978516e+01
   6.6653800e+05   3.6132813e+01
   6.8192200e+05   3.3447266e+01
   6.8736400e+05   3.7292480e+01
   6.9614600e+05   3.4912109e+01
   7.0123600e+05   3.9999390e+03
   7.0124700e+05   3.5827637e+01
   7.0129500e+05   3.2653809e+01
   7.0131600e+05   4.0283203e+01
   7.0134100e+05   6.0607910e+01
   7.0138100e+05   3.8146973e+01
   7.0146200e+05   3.5705566e+01
   7.0154500e+05   3.4362793e+01
   7.0259500e+05   3.6865234e+01
   7.2861300e+05   3.3691406e+01
   7.5125000e+05   3.9999390e+03
   7.5133100e+05   4.6325684e+01
   7.5135100e+05   4.3945313e+01
   7.5138900e+05   3.2897949e+01
   7.5142400e+05   5.0781250e+01
   7.5150300e+05   3.8024902e+01
   7.5154300e+05   3.6437988e+01
   7.5210500e+05   3.2958984e+01
   8.0126400e+05   3.9999390e+03
   8.0127500e+05   4.0344238e+01
   8.0133400e+05   4.7302246e+01
   8.0137700e+05   3.4729004e+01
   8.0139000e+05   4.0405273e+01
   8.0145500e+05   3.6560059e+01
   8.0148200e+05   3.5522461e+01
   8.0168200e+05   3.3203125e+01
   8.3800700e+05   3.6621094e+01
   8.5127800e+05   3.9999390e+03
   8.5133000e+05   3.3996582e+01
   8.5134700e+05   3.3508301e+01
   8.5138300e+05   4.4372559e+01
   8.5140200e+05   3.9367676e+01
   8.5144000e+05   4.7180176e+01
   8.5145000e+05   3.7353516e+01
   8.5165500e+05   4.8217773e+01
   8.5202100e+05   3.6926270e+01
   9.0129000e+05   2.0058594e+03
   9.0134400e+05   4.4067383e+01
   9.0137500e+05   3.3264160e+01
   9.0140700e+05   4.4189453e+01
   9.0204300e+05   3.9794922e+01
   9.0208800e+05   3.6315918e+01
   9.5130400e+05   2.0061646e+03
   9.5131800e+05   3.7841797e+01
   9.5137000e+05   3.4057617e+01
   9.5139400e+05   3.3569336e+01
   9.5144900e+05   3.8696289e+01
   9.5150700e+05   3.2836914e+01
   9.5194500e+05   3.5278320e+01
   9.6164600e+05   3.2653809e+01
   9.8882000e+05   3.7780762e+01
   1.0013180e+06   2.0117188e+03
   1.0013590e+06   3.5644531e+01
   1.0014060e+06   3.4606934e+01
   1.0014530e+06   3.5949707e+01
   1.0014920e+06   4.1748047e+01
   1.0513340e+06   3.9999390e+03
   1.0514010e+06   3.3081055e+01
   1.0514650e+06   3.7780762e+01
   1.0514920e+06   3.6987305e+01
   1.0517510e+06   4.0222168e+01
   1.0575700e+06   3.2958984e+01
   1.0764960e+06   4.0344238e+01
   1.0765410e+06   3.3020020e+01
   1.0766410e+06   3.5522461e+01
   1.0766520e+06   4.0710449e+01
   1.0766740e+06   3.5461426e+01
   1.0767050e+06   3.2836914e+01
   1.0767430e+06   3.3569336e+01
   1.0767640e+06   4.6752930e+01
   1.0768150e+06   3.4606934e+01
   1.0768690e+06   4.7546387e+01
   1.0768990e+06   3.4606934e+01
   1.0769160e+06   3.8879395e+01
   1.0769770e+06   4.2297363e+01
   1.0770070e+06   3.4851074e+01
   1.0770210e+06   3.4240723e+01
   1.0772110e+06   3.6254883e+01
   1.0772400e+06   3.6621094e+01
   1.1013460e+06   2.0105591e+03
   1.1014050e+06   3.4118652e+01
   1.1014690e+06   3.3996582e+01
   1.1015520e+06   3.4729004e+01
   1.1017210e+06   3.4423828e+01
   1.1349010e+06   3.2775879e+01
   1.1513600e+06   2.0090942e+03
   1.1513870e+06   3.3935547e+01
   1.1514140e+06   3.4729004e+01
   1.1514450e+06   3.2897949e+01
   1.1514670e+06   4.0222168e+01
   1.1514870e+06   6.0546875e+01
   1.1514980e+06   3.7292480e+01
   1.1521520e+06   3.3996582e+01
   1.2013740e+06   2.0140991e+03
   1.2013860e+06   3.3081055e+01
   1.2014380e+06   3.2775879e+01
   1.2014980e+06   5.6579590e+01
   1.2015360e+06   3.4729004e+01
   1.2016040e+06   3.3691406e+01
   1.2016880e+06   3.2653809e+01
   1.2017350e+06   3.7963867e+01
   1.2272190e+06   3.3081055e+01
   1.2456230e+06   3.4240723e+01
   1.2513900e+06   2.0092163e+03
   1.2514420e+06   3.5095215e+01
   1.2515010e+06   5.3771973e+01
   1.2515870e+06   3.7780762e+01
   1.2516300e+06   4.8583984e+01
   1.2516520e+06   5.9265137e+01
   1.2517390e+06   3.7597656e+01
   1.2521140e+06   3.8696289e+01
   1.2524060e+06   3.2653809e+01
   1.2982340e+06   3.9428711e+01
   1.2982540e+06   3.3874512e+01
   1.2982720e+06   3.4240723e+01
   1.2983050e+06   4.3945313e+01
   1.2983160e+06   3.6743164e+01
   1.2983450e+06   3.4301758e+01
   1.2983720e+06   3.8330078e+01
   1.2984000e+06   3.2836914e+01
   1.2984350e+06   5.3222656e+01
   1.2984700e+06   4.2297363e+01
   1.2985510e+06   3.2775879e+01
   1.2985610e+06   3.4729004e+01
   1.2985860e+06   4.8950195e+01
   1.2986060e+06   4.0222168e+01
   1.2987130e+06   3.4484863e+01
   1.2987240e+06   5.2490234e+01
   1.2988420e+06   3.9672852e+01
   1.2988600e+06   3.4912109e+01
   1.2988940e+06   3.5095215e+01
   1.2989040e+06   5.4138184e+01
   1.2989250e+06   3.8146973e+01
   1.2990110e+06   4.9621582e+01
   1.2991670e+06   3.8085938e+01
   1.2995600e+06   3.2714844e+01
   1.2998580e+06   3.3020020e+01
   1.3004080e+06   3.3813477e+01
   1.3014020e+06   2.0064087e+03
   1.3018490e+06   3.4545898e+01
   1.3136000e+06   3.3081055e+01
   1.3514160e+06   2.0126343e+03
   1.3514700e+06   3.7170410e+01
   1.3515040e+06   4.6569824e+01
   1.3515170e+06   4.2846680e+01
   1.3515470e+06   3.3142090e+01
   1.3515890e+06   3.4790039e+01
   1.4014320e+06   3.9999390e+03
   1.4014900e+06   3.3630371e+01
   1.4015600e+06   5.6762695e+01
   1.4016020e+06   3.6193848e+01
   1.4016280e+06   5.5175781e+01
   1.4017920e+06   4.1503906e+01
   1.4022910e+06   3.3508301e+01
   1.4369380e+06   3.8940430e+01
   1.4514460e+06   2.0058594e+03
   1.4514870e+06   3.2714844e+01
   1.4515360e+06   4.4433594e+01
   1.4516180e+06   4.1320801e+01
   1.4517040e+06   3.5278320e+01
   1.4518680e+06   3.9672852e+01
   1.4520820e+06   3.7658691e+01
   1.4526400e+06   3.4912109e+01
   1.4650300e+06   3.3935547e+01
   1.4675370e+06   3.3874512e+01
   1.4677470e+06   3.6071777e+01
   1.4679730e+06   3.9184570e+01
   1.4890350e+06   3.3508301e+01
   1.5014580e+06   2.0097046e+03
   1.5014740e+06   3.4973145e+01
   1.5015000e+06   4.0771484e+01
   1.5015360e+06   3.9855957e+01
   1.5015790e+06   3.7658691e+01
   1.5016320e+06   3.3264160e+01
   1.5016420e+06   3.8635254e+01
   1.5019820e+06   3.5217285e+01
   1.5022380e+06   4.8706055e+01
   1.5213760e+06   3.5827637e+01
   1.5414860e+06   3.4362793e+01
   1.5514720e+06   2.0068970e+03
   1.5514850e+06   3.6987305e+01
   1.5515260e+06   3.9733887e+01
   1.5515560e+06   3.6132813e+01
   1.5515670e+06   3.8330078e+01
   1.5516490e+06   3.6743164e+01
   1.5517140e+06   3.7841797e+01
   1.5520020e+06   3.2958984e+01
   1.5536420e+06   3.3203125e+01
   1.5537600e+06   3.4484863e+01
   1.5940180e+06   3.6987305e+01
   1.5941300e+06   3.7658691e+01
   1.5941530e+06   4.4921875e+01
   1.5942510e+06   3.4423828e+01
   1.5943050e+06   3.2714844e+01
   1.5943670e+06   5.7617188e+01
   1.5944410e+06   3.5644531e+01
   1.5969370e+06   3.8146973e+01
   1.5976840e+06   3.2958984e+01
   1.5989940e+06   3.3264160e+01
   1.6014860e+06   2.0042114e+03
   1.6015400e+06   4.2419434e+01
   1.6015590e+06   4.3701172e+01
   1.6015900e+06   3.4606934e+01
   1.6016110e+06   3.4362793e+01
   1.6182180e+06   3.5461426e+01
   1.6184950e+06   3.6804199e+01
   1.6185360e+06   3.5400391e+01
   1.6186290e+06   3.5278320e+01
   1.6186690e+06   4.3518066e+01
   1.6186800e+06   6.0546875e+01
   1.6187750e+06   4.1992188e+01
   1.6188020e+06   3.3874512e+01
   1.6188150e+06   4.1687012e+01
   1.6189170e+06   3.3508301e+01
   1.6189880e+06   3.8940430e+01
   1.6190290e+06   3.3691406e+01
   1.6191040e+06   4.4006348e+01
   1.6430700e+06   3.6560059e+01
   1.6515000e+06   2.0084229e+03
   1.6515540e+06   3.7902832e+01
   1.6516040e+06   3.5095215e+01
   1.6516180e+06   3.8574219e+01
   1.6516320e+06   3.9367676e+01
   1.6516610e+06   3.4545898e+01
   1.6519500e+06   3.2836914e+01
   1.6522020e+06   3.5034180e+01
   1.7015140e+06   2.0086060e+03
   1.7015500e+06   3.4606934e+01
   1.7015970e+06   3.4973145e+01
   1.7016260e+06   3.5034180e+01
   1.7016570e+06   4.6020508e+01
   1.7017080e+06   4.2968750e+01
   1.7018200e+06   4.7363281e+01
   1.7021000e+06   4.0466309e+01
   1.7022510e+06   4.0283203e+01
   1.7022630e+06   3.8452148e+01
   1.7023320e+06   4.3823242e+01
   1.7024110e+06   3.2958984e+01
   1.7025470e+06   3.3813477e+01
   1.7256290e+06   3.3386230e+01
   1.7256570e+06   4.4006348e+01
   1.7256750e+06   3.2836914e+01
   1.7257510e+06   3.3447266e+01
   1.7257800e+06   4.4921875e+01
   1.7257990e+06   4.3701172e+01
   1.7258750e+06   4.1687012e+01
   1.7403750e+06   3.6499023e+01
   1.7515280e+06   2.0064697e+03
   1.7516040e+06   4.6447754e+01
   1.7520440e+06   3.9184570e+01
   1.7521100e+06   3.4301758e+01
   1.7521510e+06   3.3081055e+01
   1.7521620e+06   4.7729492e+01
   1.7522070e+06   3.8696289e+01
   1.7523220e+06   3.5461426e+01
   1.7523360e+06   4.0161133e+01
   1.7524280e+06   3.2714844e+01
   1.8015420e+06   2.0100708e+03
   1.8016240e+06   3.6376953e+01
   1.8017840e+06   4.1809082e+01
   1.8019570e+06   3.3630371e+01
   1.8019960e+06   3.2897949e+01
   1.8020310e+06   3.2775879e+01
   1.8053930e+06   3.3508301e+01
   1.8515580e+06   2.0079346e+03
   1.8515970e+06   3.3874512e+01
   1.8516100e+06   4.0588379e+01
   1.8516630e+06   5.3039551e+01
   1.8518220e+06   3.4729004e+01
   1.8518770e+06   3.7841797e+01
   1.8518940e+06   3.8452148e+01
   1.8521770e+06   3.9489746e+01
   1.8522400e+06   3.3630371e+01
   1.8522750e+06   3.4851074e+01
   1.8523410e+06   3.4790039e+01
   1.8524190e+06   3.7292480e+01
   1.9015720e+06   3.9999390e+03
   1.9015830e+06   3.3447266e+01
   1.9016240e+06   3.4667969e+01
   1.9017170e+06   4.2053223e+01
   1.9017630e+06   3.9123535e+01
   1.9019870e+06   3.3203125e+01
   1.9515840e+06   2.0052490e+03
   1.9516370e+06   3.2653809e+01
   1.9516800e+06   3.4362793e+01
   1.9517000e+06   4.7546387e+01
   1.9518430e+06   4.4982910e+01
   2.0015980e+06   2.0106201e+03
   2.0016110e+06   3.3447266e+01
   2.0016520e+06   4.0466309e+01
   2.0016990e+06   3.7963867e+01
   2.0017560e+06   3.6560059e+01
   2.0017740e+06   3.3874512e+01
   2.0017860e+06   5.9814453e+01
   2.0018770e+06   3.5766602e+01
   2.0019320e+06   3.8452148e+01
   2.0239720e+06   3.3996582e+01
   2.0386570e+06   3.5217285e+01
   2.0387060e+06   4.7851563e+01
   2.0387480e+06   3.5644531e+01
   2.0387830e+06   4.0710449e+01
   2.0388240e+06   3.3874512e+01
   2.0388570e+06   3.4545898e+01
   2.0388820e+06   3.6682129e+01
   2.0389390e+06   3.7414551e+01
   2.0389770e+06   3.3630371e+01
   2.0389960e+06   5.6884766e+01
   2.0390180e+06   4.0039063e+01
   2.0390450e+06   3.4790039e+01
   2.0390870e+06   3.4606934e+01
   2.0390970e+06   3.7231445e+01
   2.0391170e+06   3.3630371e+01
   2.0391280e+06   6.2500000e+01
   2.0391850e+06   4.1931152e+01
   2.0392270e+06   4.3029785e+01
   2.0392530e+06   4.1870117e+01
   2.0392630e+06   3.7109375e+01
   2.0392820e+06   3.7475586e+01
   2.0393640e+06   3.4729004e+01
   2.0394670e+06   3.8574219e+01
   2.0395080e+06   3.3264160e+01
   2.0396740e+06   3.6865234e+01
   2.0397130e+06   3.7719727e+01
   2.0400300e+06   4.9743652e+01
   2.0403200e+06   3.5644531e+01
   2.0404510e+06   3.9367676e+01
   2.0516140e+06   3.9999390e+03
   2.0517260e+06   4.5837402e+01
   2.1016280e+06   3.9999390e+03
   2.1016800e+06   3.8635254e+01
   2.1018040e+06   4.5166016e+01
   2.1516420e+06   3.9999390e+03
   2.1517330e+06   3.3752441e+01
   2.1517860e+06   3.9794922e+01
   2.2016540e+06   2.0060425e+03
   2.2016650e+06   4.2968750e+01
   2.2016960e+06   3.6743164e+01
   2.2017100e+06   3.4118652e+01
   2.2017360e+06   5.3039551e+01
   2.2018240e+06   3.2775879e+01
   2.2018920e+06   4.0832520e+01
   2.2019040e+06   4.0771484e+01
   2.2021080e+06   3.5461426e+01
   2.2516700e+06   3.9999390e+03
   2.2517220e+06   3.3569336e+01
   2.2517420e+06   3.3569336e+01
   2.2517630e+06   3.4667969e+01
   2.2518970e+06   3.3996582e+01
   2.2519180e+06   3.3203125e+01
   2.2523370e+06   3.5095215e+01
   2.2868280e+06   3.2958984e+01
   2.3016820e+06   2.0101929e+03
   2.3017360e+06   3.6193848e+01
   2.3017690e+06   4.2602539e+01
   2.3018060e+06   3.5034180e+01
   2.3020270e+06   4.1809082e+01
   2.3022960e+06   4.1137695e+01
   2.3029970e+06   3.3691406e+01
   2.3273100e+06   3.6254883e+01
   2.3474290e+06   3.4790039e+01
   2.3516980e+06   3.9999390e+03
   2.3517090e+06   3.4545898e+01
   2.3517410e+06   3.6010742e+01
   2.3517970e+06   4.1748047e+01
   2.3518620e+06   3.2714844e+01
   2.3518930e+06   3.3569336e+01
   2.3735990e+06   3.3996582e+01
   2.4017100e+06   2.0118408e+03
   2.4017510e+06   3.3691406e+01
   2.4017640e+06   3.5217285e+01
   2.4018460e+06   3.5156250e+01
   2.4018930e+06   4.1931152e+01
   2.4019390e+06   3.2714844e+01
   2.4019830e+06   3.2714844e+01
   2.4020390e+06   3.4118652e+01
   2.4515630e+06   3.4545898e+01
   2.4517260e+06   3.9999390e+03
   2.4519250e+06   3.4057617e+01
   2.4524470e+06   4.0222168e+01
   2.4527320e+06   3.5522461e+01
   2.4531860e+06   3.5644531e+01
   2.4764140e+06   4.0893555e+01
   2.4764340e+06   4.1320801e+01
   2.4764690e+06   4.0100098e+01
   2.4765020e+06   3.5461426e+01
   2.4765750e+06   3.8513184e+01
   2.4765850e+06   4.3212891e+01
   2.4766330e+06   5.3344727e+01
   2.4766600e+06   4.1320801e+01
   2.4767260e+06   3.8940430e+01
   2.4767460e+06   5.4870605e+01
   2.4767630e+06   3.3569336e+01
   2.4768130e+06   3.3020020e+01
   2.4768460e+06   4.9682617e+01
   2.4768730e+06   3.7109375e+01
   2.4768940e+06   3.4973145e+01
   2.4769110e+06   6.2316895e+01
   2.4770420e+06   3.4484863e+01
   2.4770700e+06   3.3081055e+01
   2.4771040e+06   3.3935547e+01
   2.4771690e+06   3.5095215e+01
   2.5277510e+06   3.6682129e+01
   2.5591180e+06   3.3325195e+01
   2.5980750e+06   4.1992188e+01
   2.6272720e+06   3.3874512e+01
   2.6273830e+06   3.7597656e+01
   2.6445040e+06   3.3691406e+01
   2.6629150e+06   3.5522461e+01
   2.7264650e+06   4.9560547e+01
   2.7264960e+06   3.6010742e+01
   2.7265260e+06   3.5705566e+01
   2.7265370e+06   4.2358398e+01
   2.7265880e+06   4.0161133e+01
   2.7266260e+06   8.8500977e+01
   2.7266380e+06   3.4179688e+01
   2.7266820e+06   3.5705566e+01
   2.7267070e+06   3.3996582e+01
   2.7267580e+06   3.6376953e+01
   2.7267800e+06   3.7597656e+01
   2.7268200e+06   3.5644531e+01
   2.7268430e+06   3.5705566e+01
   2.7268790e+06   3.4484863e+01
   2.7268940e+06   6.9946289e+01
   2.7269290e+06   4.0039063e+01
   2.7269780e+06   4.6508789e+01
   2.7269920e+06   4.6997070e+01
   2.7270570e+06   3.9184570e+01
   2.7270780e+06   3.3630371e+01
   2.7270920e+06   3.5766602e+01
   2.7271030e+06   3.8696289e+01
   2.7271850e+06   4.2968750e+01
   2.7272270e+06   3.4851074e+01
   2.7273580e+06   4.7546387e+01
   2.7274070e+06   3.3874512e+01
   2.7275520e+06   3.6193848e+01
   2.7275830e+06   3.9428711e+01
   2.7276210e+06   4.0832520e+01
   2.7277620e+06   3.5583496e+01
   2.7292910e+06   3.3508301e+01
   2.7310700e+06   3.4545898e+01
   2.8317230e+06   3.5156250e+01
   2.8782180e+06   3.9001465e+01
   2.8857080e+06   3.3203125e+01
   2.8862390e+06   3.3813477e+01
   2.9169150e+06   3.3264160e+01
   2.9716850e+06   3.4790039e+01
