   2.9990000e+06   0.0000000e+00
   1.0400000e+03   3.9999390e+03
   1.0790000e+03   3.6132813e+01
   1.1270000e+03   5.0659180e+01
   1.1520000e+03   1.9744873e+02
   1.1830000e+03   3.7945557e+02
   1.2100000e+03   4.5349121e+01
   1.3274000e+04   4.3273926e+01
   2.0584000e+04   3.7048340e+01
   2.2542000e+04   3.9550781e+01
   2.3712000e+04   3.6987305e+01
   2.4775000e+04   3.9123535e+01
   3.2388000e+04   3.9489746e+01
   3.9315000e+04   3.5888672e+01
   4.9177000e+04   3.9245605e+01
   4.9210000e+04   4.2419434e+01
   4.9244000e+04   1.8151855e+02
   4.9265000e+04   4.9499512e+01
   4.9275000e+04   4.3395996e+01
   4.9307000e+04   1.7279053e+02
   4.9324000e+04   1.7138672e+02
   4.9334000e+04   6.5185547e+01
   4.9356000e+04   3.2330322e+02
   4.9432000e+04   6.8481445e+01
   4.9493000e+04   1.3916016e+02
   4.9506000e+04   5.9875488e+01
   5.1052000e+04   2.0049438e+03
   5.1141000e+04   3.8696289e+01
   5.1157000e+04   2.2796631e+02
   5.1172000e+04   7.9589844e+01
   5.1197000e+04   3.7963867e+01
   5.1215000e+04   3.0035400e+02
   5.1228000e+04   8.6425781e+01
   5.1246000e+04   1.3128662e+02
   5.1292000e+04   4.8461914e+01
   5.1339000e+04   8.6486816e+01
   5.1417000e+04   2.5732422e+02
   5.8409000e+04   3.5705566e+01
   6.9375000e+04   3.8818359e+01
   7.2142000e+04   3.6376953e+01
   7.2237000e+04   4.8950195e+01
   7.5187000e+04   3.6499023e+01
   7.8791000e+04   4.1748047e+01
   8.5188000e+04   4.2114258e+01
   9.2399000e+04   5.3283691e+01
   9.2471000e+04   3.6315918e+01
   9.2515000e+04   3.7231445e+01
   9.2547000e+04   5.0537109e+01
   9.2580000e+04   2.0385742e+02
   9.2590000e+04   1.9860840e+02
   9.2616000e+04   7.5195313e+01
   9.2636000e+04   3.0572510e+02
   9.2649000e+04   1.7346191e+02
   9.2696000e+04   1.9464111e+02
   9.2708000e+04   1.3653564e+02
   9.2749000e+04   1.1730957e+02
   9.2772000e+04   2.8741455e+02
   9.2796000e+04   5.0842285e+01
   9.2844000e+04   1.2451172e+02
   9.2857000e+04   5.2917480e+01
   9.2875000e+04   3.7048340e+01
   9.2948000e+04   6.1401367e+01
   9.2959000e+04   1.8859863e+02
   9.2981000e+04   3.5949707e+01
   9.3039000e+04   3.6499023e+01
   9.3051000e+04   4.3701172e+01
   9.3188000e+04   3.8513184e+01
   9.3203000e+04   6.0852051e+01
   9.3219000e+04   4.2297363e+01
   9.3351000e+04   5.0476074e+01
   1.0106600e+05   2.0107422e+03
   1.0112600e+05   3.6621094e+01
   1.0113800e+05   5.0354004e+01
   1.0116900e+05   1.9702148e+02
   1.0118400e+05   5.7495117e+01
   1.0121600e+05   3.2885742e+02
   1.0122700e+05   1.7065430e+02
   1.0125300e+05   1.6522217e+02
   1.0126500e+05   3.6010742e+01
   1.0131900e+05   5.4748535e+01
   1.0135400e+05   3.7292480e+01
   1.0137200e+05   5.7067871e+01
   1.0142200e+05   3.5827637e+01
   1.0156900e+05   3.6010742e+01
   1.0167000e+05   3.7963867e+01
   1.1481500e+05   3.5888672e+01
   1.1591900e+05   3.5705566e+01
   1.2376400e+05   3.7414551e+01
   1.3723700e+05   3.6987305e+01
   1.3937700e+05   3.6010742e+01
   1.4126800e+05   4.6142578e+01
   1.4508000e+05   3.7109375e+01
   1.4728000e+05   4.5532227e+01
   1.4976400e+05   3.6804199e+01
   1.5108200e+05   3.9999390e+03
   1.5116500e+05   3.8513184e+01
   1.5118200e+05   7.1838379e+01
   1.5119700e+05   6.0974121e+01
   1.5121600e+05   2.8527832e+02
   1.5124700e+05   2.1459961e+02
   1.5126800e+05   1.0968018e+02
   1.5129200e+05   1.6607666e+02
   1.5132100e+05   8.1359863e+01
   1.5135000e+05   2.0690918e+02
   1.5137500e+05   1.0876465e+02
   1.5140000e+05   4.2053223e+01
   1.5143400e+05   1.5686035e+02
   1.5145200e+05   3.5766602e+01
   1.5149600e+05   3.6987305e+01
   1.5152500e+05   1.3989258e+02
   1.5155600e+05   2.5598145e+02
   1.5157800e+05   1.2365723e+02
   1.5159600e+05   3.9855957e+01
   1.5162900e+05   1.1889648e+02
   1.5165400e+05   1.3043213e+02
   1.5168600e+05   2.1044922e+02
   1.5172100e+05   6.7016602e+01
   1.5173100e+05   1.5576172e+02
   1.5180200e+05   3.5827637e+01
   1.5182200e+05   2.4731445e+02
   1.5185200e+05   4.8950195e+01
   1.5187900e+05   4.2419434e+01
   1.5189200e+05   3.6926270e+01
   1.5191400e+05   5.0842285e+01
   1.5194100e+05   9.1552734e+01
   1.5197500e+05   1.1267090e+02
   1.5203600e+05   4.9926758e+01
   1.5205500e+05   5.9326172e+01
   1.5207900e+05   1.7706299e+02
   1.5213200e+05   4.4799805e+01
   1.5217000e+05   1.0888672e+02
   1.5221100e+05   3.6499023e+01
   1.5233300e+05   7.2204590e+01
   1.5238800e+05   4.0466309e+01
   1.5271300e+05   4.4860840e+01
   1.5859300e+05   4.0405273e+01
   1.5975600e+05   3.7414551e+01
   1.6033800e+05   3.7536621e+01
   1.6183800e+05   3.6376953e+01
   1.6397200e+05   3.6010742e+01
   1.6548600e+05   4.3640137e+01
   1.6624500e+05   3.8024902e+01
   1.6752300e+05   3.6743164e+01
   1.6838300e+05   4.1381836e+01
   1.6950100e+05   3.9672852e+01
   1.7491100e+05   3.6743164e+01
   1.8678200e+05   3.5827637e+01
   1.8736400e+05   3.6804199e+01
   1.8850100e+05   3.7231445e+01
   1.9145900e+05   4.3457031e+01
   1.9958100e+05   4.1564941e+01
   2.0027400e+05   4.2419434e+01
   2.0109400e+05   2.0108032e+03
   2.0114800e+05   3.8085938e+01
   2.0116500e+05   4.7607422e+01
   2.0119600e+05   2.3095703e+02
   2.0122100e+05   4.7058105e+01
   2.0123700e+05   2.6470947e+02
   2.0128500e+05   2.0025635e+02
   2.0131600e+05   1.0742188e+02
   2.0133700e+05   5.8349609e+01
   2.0138000e+05   3.2940674e+02
   2.0140000e+05   6.5917969e+01
   2.0141000e+05   4.1015625e+01
   2.0143600e+05   1.4013672e+02
   2.0145200e+05   4.4982910e+01
   2.0149500e+05   3.6865234e+01
   2.0151200e+05   1.2530518e+02
   2.0153400e+05   3.9428711e+01
   2.0155700e+05   3.6865234e+01
   2.0157700e+05   2.4633789e+02
   2.0159200e+05   1.7321777e+02
   2.0161600e+05   8.1054688e+01
   2.0168900e+05   1.4691162e+02
   2.0170500e+05   5.0476074e+01
   2.0174600e+05   2.4603271e+02
   2.0177200e+05   4.1259766e+01
   2.0180700e+05   1.5869141e+02
   2.0197200e+05   4.2724609e+01
   2.2221100e+05   6.4758301e+01
   2.2227900e+05   1.5026855e+02
   2.2230400e+05   3.1573486e+02
   2.2233100e+05   3.3837891e+02
   2.2234500e+05   4.5837402e+01
   2.2237700e+05   1.9635010e+02
   2.2239700e+05   5.1818848e+01
   2.2241000e+05   5.9143066e+01
   2.2245300e+05   1.4129639e+02
   2.2248400e+05   2.0947266e+02
   2.2249900e+05   1.2207031e+02
   2.2253500e+05   1.9250488e+02
   2.2255000e+05   4.9133301e+01
   2.2256300e+05   3.7475586e+01
   2.2261000e+05   1.7620850e+02
   2.2263400e+05   4.2114258e+01
   2.2265000e+05   4.9804688e+01
   2.2268700e+05   1.1883545e+02
   2.2270800e+05   4.9072266e+01
   2.2279000e+05   3.7902832e+01
   2.2282800e+05   4.5654297e+01
   2.2283800e+05   3.3386230e+02
   2.2289800e+05   1.4758301e+02
   2.2292200e+05   4.7912598e+01
   2.2307900e+05   3.8513184e+01
   2.2309800e+05   1.2628174e+02
   2.2349800e+05   4.4067383e+01
   2.3729800e+05   3.8757324e+01
   2.4092400e+05   3.6010742e+01
   2.4371900e+05   3.7719727e+01
   2.4839500e+05   3.8330078e+01
   2.5111000e+05   3.9999390e+03
   2.5118100e+05   3.6437988e+01
   2.5119600e+05   6.5307617e+01
   2.5121300e+05   6.4636230e+01
   2.5124200e+05   2.8997803e+02
   2.5126300e+05   7.9040527e+01
   2.5127300e+05   3.6437988e+01
   2.5131400e+05   2.7056885e+02
   2.5135900e+05   1.4733887e+02
   2.5137100e+05   3.9794922e+01
   2.5140900e+05   2.0867920e+02
   2.5143000e+05   2.2320557e+02
   2.5145700e+05   6.5124512e+01
   2.5151100e+05   1.3226318e+02
   2.5165400e+05   4.3212891e+01
   2.5167000e+05   7.4401855e+01
   2.5169900e+05   5.1574707e+01
   2.5175900e+05   1.3861084e+02
   2.5184100e+05   7.1411133e+01
   2.5186100e+05   1.5759277e+02
   2.5188400e+05   3.9978027e+01
   2.5190200e+05   6.1035156e+01
   2.5199200e+05   1.4202881e+02
   2.5217600e+05   6.6528320e+01
   2.6171700e+05   3.6132813e+01
   2.6474300e+05   3.7292480e+01
   2.6883300e+05   3.6193848e+01
   2.7210200e+05   3.6621094e+01
   2.7853300e+05   3.7780762e+01
   2.7915000e+05   4.6997070e+01
   2.8253400e+05   3.6743164e+01
   2.8256900e+05   4.2785645e+01
   2.8258300e+05   3.0627441e+02
   2.8260400e+05   1.9403076e+02
   2.8262700e+05   3.9001465e+01
   2.8263800e+05   4.1198730e+01
   2.8266900e+05   3.5772705e+02
   2.8268600e+05   8.8317871e+01
   2.8270900e+05   5.0720215e+01
   2.8273000e+05   5.6640625e+01
   2.8276800e+05   1.2957764e+02
   2.8280300e+05   2.3760986e+02
   2.8282900e+05   5.8593750e+01
   2.8284900e+05   4.9560547e+01
   2.8287700e+05   6.7565918e+01
   2.8290200e+05   1.3940430e+02
   2.8293300e+05   3.7536621e+01
   2.8294700e+05   5.7922363e+01
   2.8298800e+05   1.9952393e+02
   2.8305300e+05   4.1015625e+01
   2.9810300e+05   3.6865234e+01
   3.0112400e+05   3.9999390e+03
   3.0119500e+05   3.9306641e+01
   3.0121600e+05   5.5419922e+01
   3.0123100e+05   6.3720703e+01
   3.0126200e+05   3.1256104e+02
   3.0127600e+05   1.7279053e+02
   3.0130100e+05   5.2062988e+01
   3.0132500e+05   7.9406738e+01
   3.0135100e+05   4.8278809e+01
   3.0136800e+05   2.4670410e+02
   3.0140400e+05   6.6894531e+01
   3.0145500e+05   1.4068604e+02
   3.0147000e+05   4.6386719e+01
   3.0149600e+05   4.8339844e+01
   3.0152500e+05   4.6936035e+01
   3.0161200e+05   5.8105469e+01
   3.0163900e+05   1.4617920e+02
   3.0165900e+05   3.6987305e+01
   3.0169600e+05   4.1137695e+01
   3.0172700e+05   1.3586426e+02
   3.0177100e+05   1.5148926e+02
   3.0179200e+05   2.5927734e+02
   3.0204500e+05   3.8635254e+01
   3.1429800e+05   3.7963867e+01
   3.1569100e+05   3.7292480e+01
   3.2098700e+05   3.6499023e+01
   3.2153100e+05   3.9062500e+01
   3.2269100e+05   3.6071777e+01
   3.2600900e+05   3.5766602e+01
   3.3186400e+05   3.8696289e+01
   3.3194100e+05   3.6132813e+01
   3.3196700e+05   5.2490234e+01
   3.3656600e+05   3.5766602e+01
   3.3665000e+05   3.9550781e+01
   3.3666800e+05   2.2027588e+02
   3.3669500e+05   2.5292969e+02
   3.3671000e+05   5.1574707e+01
   3.3673700e+05   2.7362061e+02
   3.3677100e+05   1.6485596e+02
   3.3679200e+05   4.0100098e+01
   3.3682400e+05   2.3229980e+02
   3.3683500e+05   5.0720215e+01
   3.3684600e+05   3.8635254e+01
   3.3688000e+05   2.1923828e+02
   3.3690300e+05   6.8603516e+01
   3.3692200e+05   3.6865234e+01
   3.3694300e+05   2.1563721e+02
   3.3696900e+05   6.7382813e+01
   3.3702300e+05   1.3842773e+02
   3.3704500e+05   3.6376953e+01
   3.3705900e+05   4.7607422e+01
   3.3708800e+05   4.6081543e+01
   3.4752100e+05   3.9123535e+01
   3.4992100e+05   3.6926270e+01
   3.5024400e+05   3.9306641e+01
   3.5113600e+05   2.0088501e+03
   3.5114800e+05   3.8879395e+01
   3.5122800e+05   5.0231934e+01
   3.5124800e+05   1.0845947e+02
   3.5126200e+05   3.2519531e+02
   3.5128500e+05   1.6870117e+02
   3.5129800e+05   1.3995361e+02
   3.5133000e+05   4.1503906e+01
   3.5135200e+05   4.2114258e+01
   3.5138400e+05   2.3718262e+02
   3.5140000e+05   6.2683105e+01
   3.5142200e+05   5.0231934e+01
   3.5144300e+05   4.6020508e+01
   3.5159200e+05   3.6560059e+01
   3.5164000e+05   4.2236328e+01
   3.5801100e+05   3.6743164e+01
   3.6323700e+05   3.7414551e+01
   3.6324900e+05   4.8889160e+01
   3.6332600e+05   8.0993652e+01
   3.6335300e+05   3.6682129e+01
   3.8228800e+05   3.5949707e+01
   3.8386600e+05   4.1015625e+01
   3.8400200e+05   1.5826416e+02
   3.8403300e+05   2.0715332e+02
   3.8405200e+05   3.7841797e+01
   3.8407900e+05   2.7319336e+02
   3.8409100e+05   2.0776367e+02
   3.8411000e+05   4.6447754e+01
   3.8413400e+05   4.6875000e+01
   3.8415500e+05   1.8225098e+02
   3.8416700e+05   4.1381836e+01
   3.8418300e+05   9.2285156e+01
   3.8419500e+05   5.7006836e+01
   3.8422400e+05   4.1625977e+01
   3.9547200e+05   3.8696289e+01
   4.0002800e+05   4.6386719e+01
   4.0115000e+05   2.0064087e+03
   4.0116200e+05   4.1992188e+01
   4.0121300e+05   4.2602539e+01
   4.0123600e+05   4.2480469e+01
   4.0125300e+05   1.9824219e+02
   4.0128200e+05   3.0932617e+02
   4.0130600e+05   1.6180420e+02
   4.0132700e+05   1.4648438e+02
   4.0135600e+05   2.0343018e+02
   4.0136800e+05   1.4367676e+02
   4.0141800e+05   4.5532227e+01
   4.0144900e+05   2.5836182e+02
   4.0146600e+05   5.0537109e+01
   4.0166100e+05   3.5827637e+01
   4.0170700e+05   3.9062500e+01
   4.0173300e+05   7.0129395e+01
   4.0181500e+05   4.6752930e+01
   4.0183200e+05   3.9733887e+01
   4.0185600e+05   3.9184570e+01
   4.0196400e+05   4.0466309e+01
   4.1393500e+05   3.7414551e+01
   4.1446800e+05   3.6560059e+01
   4.2523300e+05   4.0161133e+01
   4.2567000e+05   3.6987305e+01
   4.2569800e+05   4.1687012e+01
   4.2571600e+05   3.0401611e+02
   4.2573300e+05   1.0528564e+02
   4.2576100e+05   2.9608154e+02
   4.2578800e+05   2.1435547e+02
   4.2581500e+05   4.0039063e+01
   4.2583300e+05   2.3724365e+02
   4.2585600e+05   1.3848877e+02
   4.2587500e+05   3.6071777e+01
   4.2588600e+05   9.3017578e+01
   4.2591600e+05   7.1899414e+01
   4.2594200e+05   6.8969727e+01
   4.2596400e+05   4.3640137e+01
   4.2598200e+05   3.6376953e+01
   4.2600000e+05   1.6314697e+02
   4.2601000e+05   1.6546631e+02
   4.2603700e+05   5.4443359e+01
   4.2605700e+05   9.6435547e+01
   4.2607400e+05   3.7231445e+01
   4.2608400e+05   4.0954590e+01
   4.2611100e+05   3.7170410e+01
   4.2613500e+05   4.2541504e+01
   4.2615000e+05   1.9055176e+02
   4.2618000e+05   1.2628174e+02
   4.2620300e+05   1.2670898e+02
   4.2621500e+05   4.0039063e+01
   4.2625000e+05   5.2612305e+01
   4.2628000e+05   1.4953613e+02
   4.2630000e+05   1.8756104e+02
   4.2632400e+05   3.7719727e+01
   4.2635100e+05   3.8696289e+01
   4.2637800e+05   4.2480469e+01
   4.2644200e+05   1.1199951e+02
   4.2649800e+05   3.7109375e+01
   4.2666200e+05   1.3037109e+02
   4.2667300e+05   1.5441895e+02
   4.2697400e+05   3.7780762e+01
   4.2844700e+05   4.0466309e+01
   4.3446400e+05   3.6926270e+01
   4.3638000e+05   3.5949707e+01
   4.4498700e+05   4.7546387e+01
   4.5051900e+05   3.6193848e+01
   4.5116400e+05   2.0121460e+03
   4.5120600e+05   3.7109375e+01
   4.5122200e+05   4.1198730e+01
   4.5123800e+05   4.1687012e+01
   4.5126200e+05   1.8481445e+02
   4.5128000e+05   3.0969238e+02
   4.5131400e+05   1.9006348e+02
   4.5132400e+05   1.1431885e+02
   4.5134900e+05   6.1828613e+01
   4.5137200e+05   6.7565918e+01
   4.5138500e+05   4.0954590e+01
   4.5140400e+05   4.8522949e+01
   4.5917800e+05   3.5705566e+01
   4.6093900e+05   4.0832520e+01
   4.6871400e+05   3.6071777e+01
   4.7212000e+05   3.8696289e+01
   4.7309100e+05   3.7597656e+01
   4.7977100e+05   4.3212891e+01
   4.8021900e+05   3.7597656e+01
   4.8638600e+05   3.6132813e+01
   4.8814900e+05   4.5410156e+01
   4.8843300e+05   3.6193848e+01
   4.9000300e+05   4.6875000e+01
   4.9377600e+05   3.8757324e+01
   4.9693100e+05   3.9001465e+01
   4.9856800e+05   3.8757324e+01
   4.9866100e+05   4.0039063e+01
   5.0118000e+05   3.9999390e+03
   5.0123700e+05   4.1015625e+01
   5.0126300e+05   5.2978516e+01
   5.0127700e+05   2.5109863e+02
   5.0129800e+05   6.8664551e+01
   5.0132400e+05   1.2585449e+02
   5.0133700e+05   2.0520020e+02
   5.0135700e+05   4.2968750e+01
   5.0139200e+05   4.3395996e+01
   5.0140900e+05   3.2934570e+02
   5.0144200e+05   4.7912598e+01
   5.0145800e+05   4.2541504e+01
   5.0148500e+05   4.0039063e+01
   5.0152300e+05   3.7353516e+01
   5.0166500e+05   3.6621094e+01
   5.0190400e+05   4.0039063e+01
   5.0191700e+05   4.4372559e+01
   5.0194400e+05   1.7993164e+02
   5.0195600e+05   6.0241699e+01
   5.0197500e+05   4.9865723e+01
   5.0199400e+05   1.6448975e+02
   5.0202400e+05   5.3833008e+01
   5.0204300e+05   1.4117432e+02
   5.0216900e+05   4.7546387e+01
   5.0219100e+05   4.9072266e+01
   5.1278400e+05   3.8452148e+01
   5.1902700e+05   3.5888672e+01
   5.2083400e+05   3.6926270e+01
   5.2327000e+05   3.6682129e+01
   5.2559000e+05   4.6875000e+01
   5.2563700e+05   4.0832520e+01
   5.2592100e+05   5.3527832e+01
   5.3857900e+05   3.6193848e+01
   5.4938400e+05   3.8146973e+01
   5.5013800e+05   3.7658691e+01
   5.5119400e+05   3.9999390e+03
   5.5123400e+05   3.6437988e+01
   5.5128200e+05   4.7058105e+01
   5.5129300e+05   2.3748779e+02
   5.5131200e+05   6.4025879e+01
   5.5132300e+05   3.0975342e+02
   5.5133600e+05   2.0294189e+02
   5.5136300e+05   7.5195313e+01
   5.5139000e+05   2.0886230e+02
   5.5143500e+05   4.0344238e+01
   5.5144500e+05   1.5167236e+02
   5.5147100e+05   4.2785645e+01
   5.5151100e+05   4.6875000e+01
   5.5160700e+05   2.6245117e+02
   5.5163500e+05   4.5654297e+01
   5.5845100e+05   3.7231445e+01
   5.6830400e+05   3.6254883e+01
   5.7068400e+05   3.7475586e+01
   5.7093200e+05   3.6193848e+01
   5.7623600e+05   3.6560059e+01
   5.7665800e+05   4.6813965e+01
   5.7757100e+05   4.3640137e+01
   5.8087200e+05   3.5644531e+01
   5.8177500e+05   4.0039063e+01
   5.8609300e+05   3.6315918e+01
   5.8759300e+05   3.6010742e+01
   5.9212400e+05   3.7231445e+01
   5.9434200e+05   3.9428711e+01
   5.9836100e+05   4.3395996e+01
   5.9850100e+05   6.2438965e+01
   6.0120800e+05   2.0076294e+03
   6.0126400e+05   4.1809082e+01
   6.0130200e+05   6.2988281e+01
   6.0131800e+05   6.5856934e+01
   6.0133900e+05   4.5764160e+02
   6.0136700e+05   1.6717529e+02
   6.0138000e+05   7.0739746e+01
   6.0139100e+05   4.3884277e+01
   6.0140600e+05   6.9152832e+01
   6.0147800e+05   4.6020508e+01
   6.0150300e+05   2.6037598e+02
   6.0151400e+05   3.6865234e+01
   6.0166300e+05   3.8879395e+01
   6.0177300e+05   3.8391113e+01
   6.0204500e+05   1.4508057e+02
   6.0207300e+05   9.1003418e+01
   6.0212000e+05   4.6264648e+01
   6.0213900e+05   5.7922363e+01
   6.0252300e+05   3.9001465e+01
   6.1332800e+05   3.9978027e+01
   6.1334500e+05   3.9184570e+01
   6.1350500e+05   3.9855957e+01
   6.1513100e+05   3.6071777e+01
   6.2072200e+05   3.7353516e+01
   6.2645900e+05   3.6926270e+01
   6.2949700e+05   4.1931152e+01
   6.3288600e+05   3.6193848e+01
   6.3372800e+05   4.9011230e+01
   6.3471200e+05   4.0588379e+01
   6.4202900e+05   3.7414551e+01
   6.4286400e+05   3.6376953e+01
   6.4434100e+05   3.8513184e+01
   6.5122200e+05   2.0095215e+03
   6.5128500e+05   3.6560059e+01
   6.5132000e+05   2.0166016e+02
   6.5134800e+05   3.3392334e+02
   6.5137300e+05   1.6003418e+02
   6.5138700e+05   1.9458008e+02
   6.5141800e+05   3.3361816e+02
   6.5143900e+05   7.5500488e+01
   6.5146300e+05   4.9133301e+01
   6.5150100e+05   1.4843750e+02
   6.5153500e+05   5.5725098e+01
   6.5157200e+05   3.5827637e+01
   6.5161300e+05   7.0068359e+01
   6.5183100e+05   3.7231445e+01
   6.5203000e+05   3.6437988e+01
   6.6022400e+05   3.6010742e+01
   6.6068900e+05   3.6743164e+01
   6.6254700e+05   4.0588379e+01
   6.6426300e+05   3.6132813e+01
   6.6501200e+05   3.5644531e+01
   6.7207600e+05   3.6132813e+01
   6.8187600e+05   3.5766602e+01
   6.9519300e+05   3.6865234e+01
   6.9871200e+05   3.6254883e+01
   7.0026800e+05   3.6621094e+01
   7.0123400e+05   2.0063477e+03
   7.0132900e+05   4.1137695e+01
   7.0134500e+05   6.1279297e+01
   7.0135900e+05   3.4631348e+02
   7.0138300e+05   1.2890625e+02
   7.0140100e+05   1.0815430e+02
   7.0142800e+05   2.0391846e+02
   7.0145100e+05   1.4941406e+02
   7.0153100e+05   2.9687500e+02
   7.0154800e+05   7.5988770e+01
   7.0158100e+05   1.3006592e+02
   7.0159900e+05   4.7058105e+01
   7.0195600e+05   3.6804199e+01
   7.0264700e+05   3.7231445e+01
   7.0463500e+05   3.5644531e+01
   7.2276500e+05   3.5644531e+01
   7.3007100e+05   3.6315918e+01
   7.3346800e+05   3.5766602e+01
   7.3444800e+05   4.0893555e+01
   7.3714700e+05   3.8635254e+01
   7.3841500e+05   3.5888672e+01
   7.4115600e+05   3.6010742e+01
   7.4209700e+05   3.6132813e+01
   7.4216400e+05   4.1015625e+01
   7.4438300e+05   3.8330078e+01
   7.4716300e+05   3.9672852e+01
   7.5108000e+05   3.9428711e+01
   7.5124800e+05   2.0083008e+03
   7.5134500e+05   1.9195557e+02
   7.5137800e+05   3.0621338e+02
   7.5138800e+05   3.1121826e+02
   7.5141200e+05   1.1486816e+02
   7.5144000e+05   2.1411133e+02
   7.5146000e+05   1.1047363e+02
   7.5147000e+05   5.7983398e+01
   7.5149200e+05   3.7231445e+01
   7.5153800e+05   4.1687012e+01
   7.5155800e+05   1.8896484e+02
   7.5159300e+05   3.7963867e+01
   7.5364100e+05   4.4616699e+01
   7.5736800e+05   3.6987305e+01
   7.5744600e+05   3.5644531e+01
   7.6278200e+05   3.9855957e+01
   7.6609800e+05   3.8391113e+01
   7.6822700e+05   3.6926270e+01
   7.7361900e+05   3.7353516e+01
   7.7646600e+05   3.7414551e+01
   7.7969300e+05   3.6621094e+01
   7.8459400e+05   3.7170410e+01
   7.8559400e+05   4.6081543e+01
   7.9733600e+05   3.8513184e+01
   7.9848000e+05   3.5827637e+01
   7.9954400e+05   3.9428711e+01
   8.0126200e+05   2.0079956e+03
   8.0134300e+05   4.4067383e+01
   8.0137000e+05   2.3303223e+02
   8.0138900e+05   4.6752930e+01
   8.0140400e+05   3.1909180e+02
   8.0142100e+05   1.7199707e+02
   8.0143800e+05   1.6430664e+02
   8.0145300e+05   1.0119629e+02
   8.0147600e+05   1.3305664e+02
   8.0148800e+05   2.2216797e+02
   8.0151500e+05   7.5927734e+01
   8.0153000e+05   3.6743164e+01
   8.0174200e+05   3.8024902e+01
   8.0509800e+05   4.4677734e+01
   8.0727900e+05   3.7109375e+01
   8.0919000e+05   4.0893555e+01
   8.1225500e+05   3.5888672e+01
   8.1700700e+05   4.1748047e+01
   8.3391400e+05   4.0710449e+01
   8.3512800e+05   3.9062500e+01
   8.4060700e+05   3.6926270e+01
   8.5127600e+05   2.0073853e+03
   8.5128700e+05   3.6132813e+01
   8.5135500e+05   3.6315918e+01
   8.5137000e+05   2.1624756e+02
   8.5141100e+05   2.0135498e+02
   8.5144400e+05   8.9111328e+01
   8.5145400e+05   7.0434570e+01
   8.5148000e+05   1.2670898e+02
   8.5150500e+05   2.5524902e+02
   8.5155100e+05   3.8269043e+01
   8.5157000e+05   1.4312744e+02
   8.5168800e+05   3.7963867e+01
   8.5170800e+05   3.6132813e+01
   8.5777900e+05   4.0161133e+01
   8.6390800e+05   4.0405273e+01
   8.6605400e+05   3.5949707e+01
   8.6693600e+05   3.5888672e+01
   8.7228200e+05   3.6010742e+01
   8.8431700e+05   3.8208008e+01
   8.8560500e+05   3.9916992e+01
   8.8773800e+05   4.2968750e+01
   8.9514000e+05   4.1748047e+01
   8.9681400e+05   5.0842285e+01
   9.0055700e+05   3.6437988e+01
   9.0093100e+05   3.7048340e+01
   9.0129000e+05   2.0090942e+03
   9.0133200e+05   3.6071777e+01
   9.0137600e+05   4.2114258e+01
   9.0138900e+05   4.1564941e+01
   9.0140300e+05   2.3651123e+02
   9.0141700e+05   2.9803467e+02
   9.0144800e+05   4.9316406e+01
   9.0146700e+05   2.1435547e+02
   9.0148300e+05   1.7175293e+02
   9.0151000e+05   3.9306641e+01
   9.0169500e+05   3.7902832e+01
   9.0508700e+05   3.8269043e+01
   9.0625300e+05   3.7780762e+01
   9.1383100e+05   3.6376953e+01
   9.1634000e+05   3.8024902e+01
   9.1944700e+05   4.3701172e+01
   9.2021400e+05   3.7353516e+01
   9.2073300e+05   3.7231445e+01
   9.2147700e+05   3.7414551e+01
   9.2423900e+05   3.7780762e+01
   9.4127100e+05   3.7414551e+01
   9.4255200e+05   3.9306641e+01
   9.4347300e+05   4.1625977e+01
   9.4447300e+05   3.7841797e+01
   9.4704600e+05   3.5766602e+01
   9.5130600e+05   3.9999390e+03
   9.5131800e+05   3.5888672e+01
   9.5136400e+05   4.8034668e+01
   9.5139400e+05   4.9316406e+01
   9.5142600e+05   1.2579346e+02
   9.5143700e+05   6.7443848e+01
   9.5144900e+05   3.1579590e+02
   9.5148500e+05   1.5203857e+02
   9.5150900e+05   4.4921875e+01
   9.5152100e+05   3.9489746e+01
   9.5154000e+05   3.9733887e+01
   9.5156600e+05   6.2866211e+01
   9.5157800e+05   3.7048340e+01
   9.5162000e+05   4.1076660e+01
   9.5239900e+05   3.8757324e+01
   9.6550500e+05   3.8269043e+01
   9.7104200e+05   3.7719727e+01
   9.7495000e+05   4.1687012e+01
   9.8437400e+05   3.7597656e+01
   9.9046400e+05   3.8513184e+01
   1.0013180e+06   2.0128784e+03
   1.0014090e+06   4.5227051e+01
   1.0014380e+06   2.1307373e+02
   1.0014570e+06   3.0865479e+02
   1.0014710e+06   4.7302246e+01
   1.0015080e+06   2.1838379e+02
   1.0015290e+06   1.3226318e+02
   1.0015430e+06   4.5349121e+01
   1.0015730e+06   3.8879395e+01
   1.0088510e+06   3.6376953e+01
   1.0097760e+06   3.8818359e+01
   1.0143950e+06   3.6926270e+01
   1.0158220e+06   3.7109375e+01
   1.0178300e+06   4.1137695e+01
   1.0179780e+06   3.6682129e+01
   1.0343690e+06   3.7475586e+01
   1.0393940e+06   3.9794922e+01
   1.0422990e+06   3.9245605e+01
   1.0426640e+06   3.6254883e+01
   1.0456420e+06   3.7780762e+01
   1.0492760e+06   4.7790527e+01
   1.0493050e+06   3.6010742e+01
   1.0505870e+06   4.6325684e+01
   1.0513320e+06   2.0072021e+03
   1.0513760e+06   3.6865234e+01
   1.0513920e+06   3.9672852e+01
   1.0514370e+06   6.5795898e+01
   1.0514620e+06   7.8857422e+01
   1.0514860e+06   3.4802246e+02
   1.0515030e+06   1.8872070e+02
   1.0515400e+06   7.2326660e+01
   1.0516180e+06   2.4877930e+02
   1.0516620e+06   7.0434570e+01
   1.0517410e+06   4.8400879e+01
   1.0522800e+06   3.5888672e+01
   1.0578620e+06   3.9672852e+01
   1.0605210e+06   4.0039063e+01
   1.0609120e+06   4.2053223e+01
   1.0687820e+06   3.6926270e+01
   1.0726810e+06   3.7719727e+01
   1.0751840e+06   3.6010742e+01
   1.0767560e+06   3.7597656e+01
   1.0767890e+06   3.5827637e+01
   1.0768060e+06   2.4035645e+02
   1.0768220e+06   5.6030273e+01
   1.0768420e+06   3.0621338e+02
   1.0768570e+06   4.8950195e+01
   1.0768690e+06   1.8511963e+02
   1.0768900e+06   3.6865234e+01
   1.0769110e+06   1.5515137e+02
   1.0769360e+06   2.1679688e+02
   1.0769650e+06   3.7719727e+01
   1.0769990e+06   1.5893555e+02
   1.0770160e+06   1.3220215e+02
   1.0770380e+06   4.7851563e+01
   1.0770680e+06   2.3846436e+02
   1.0771330e+06   3.8024902e+01
   1.0771490e+06   1.4111328e+02
   1.0771760e+06   1.7376709e+02
   1.0771950e+06   4.2358398e+01
   1.0773110e+06   4.1259766e+01
   1.0773950e+06   4.0100098e+01
   1.0775060e+06   3.8940430e+01
   1.0775380e+06   3.7475586e+01
   1.0775730e+06   3.7780762e+01
   1.0775850e+06   5.5236816e+01
   1.0776130e+06   3.6193848e+01
   1.0776830e+06   4.2602539e+01
   1.0777640e+06   3.9245605e+01
   1.0858420e+06   3.7536621e+01
   1.0889510e+06   3.6804199e+01
   1.0970760e+06   3.8879395e+01
   1.1013480e+06   2.0116577e+03
   1.1014470e+06   3.9550781e+01
   1.1014750e+06   8.5327148e+01
   1.1014970e+06   3.2141113e+02
   1.1015070e+06   1.7114258e+02
   1.1015260e+06   1.1297607e+02
   1.1015430e+06   3.7170410e+01
   1.1015690e+06   3.9001465e+01
   1.1030320e+06   3.6254883e+01
   1.1031560e+06   3.5644531e+01
   1.1092150e+06   3.7719727e+01
   1.1231050e+06   3.7841797e+01
   1.1255290e+06   3.5949707e+01
   1.1339340e+06   3.6499023e+01
   1.1415540e+06   3.9428711e+01
   1.1429800e+06   3.6437988e+01
   1.1478790e+06   3.6682129e+01
   1.1494060e+06   4.4799805e+01
   1.1513600e+06   2.0093384e+03
   1.1514550e+06   3.8574219e+01
   1.1514790e+06   6.5185547e+01
   1.1515080e+06   3.3953857e+02
   1.1515180e+06   1.4404297e+02
   1.1515370e+06   1.8762207e+02
   1.1515610e+06   4.6020508e+01
   1.1515750e+06   1.8554688e+02
   1.1516060e+06   4.2358398e+01
   1.1516720e+06   1.3189697e+02
   1.1521090e+06   3.7170410e+01
   1.1521290e+06   3.9428711e+01
   1.1523270e+06   3.7902832e+01
   1.1622470e+06   3.5949707e+01
   1.1662540e+06   3.5766602e+01
   1.1668440e+06   4.0588379e+01
   1.1722530e+06   3.8818359e+01
   1.1728400e+06   3.7231445e+01
   1.1783630e+06   3.7475586e+01
   1.1786120e+06   7.2692871e+01
   1.1787190e+06   1.5490723e+02
   1.1787340e+06   3.8330078e+01
   1.1787530e+06   3.8146973e+01
   1.1793410e+06   3.8940430e+01
   1.1816100e+06   3.9306641e+01
   1.1887490e+06   3.9245605e+01
   1.1891550e+06   3.9062500e+01
   1.1912260e+06   3.8085938e+01
   1.2013740e+06   2.0115967e+03
   1.2014540e+06   2.0550537e+02
   1.2014800e+06   1.1749268e+02
   1.2014950e+06   3.9245605e+01
   1.2015250e+06   2.0593262e+02
   1.2015460e+06   9.8815918e+01
   1.2015910e+06   5.1269531e+01
   1.2016250e+06   1.8780518e+02
   1.2016480e+06   4.0832520e+01
   1.2016890e+06   4.5227051e+01
   1.2017100e+06   3.5705566e+01
   1.2182400e+06   3.9611816e+01
   1.2209680e+06   3.5766602e+01
   1.2270530e+06   4.3151855e+01
   1.2283060e+06   5.7800293e+01
   1.2378460e+06   3.5705566e+01
   1.2418000e+06   3.5888672e+01
   1.2473290e+06   3.7597656e+01
   1.2508180e+06   3.5827637e+01
   1.2513900e+06   3.9999390e+03
   1.2514690e+06   4.1870117e+01
   1.2514790e+06   1.9287109e+02
   1.2515040e+06   4.9804688e+01
   1.2515200e+06   2.8814697e+02
   1.2515340e+06   1.4715576e+02
   1.2515670e+06   1.5673828e+02
   1.2515900e+06   2.4389648e+02
   1.2516190e+06   1.8499756e+02
   1.2516380e+06   4.2846680e+01
   1.2519410e+06   3.8940430e+01
   1.2520110e+06   1.8457031e+02
   1.2520320e+06   4.4982910e+01
   1.2520450e+06   3.8818359e+01
   1.2521180e+06   3.7841797e+01
   1.2521470e+06   2.6599121e+02
   1.2521780e+06   5.5175781e+01
   1.2521940e+06   5.6335449e+01
   1.2522120e+06   3.6987305e+01
   1.2522360e+06   1.6070557e+02
   1.2522650e+06   3.7231445e+01
   1.2523500e+06   1.8212891e+02
   1.2523800e+06   1.2683105e+02
   1.2630760e+06   3.5705566e+01
   1.2633350e+06   3.9001465e+01
   1.2689320e+06   4.1870117e+01
   1.2695930e+06   3.9245605e+01
   1.2983240e+06   5.5236816e+01
   1.2983420e+06   3.9855957e+01
   1.2983670e+06   3.7231445e+01
   1.2983940e+06   2.4627686e+02
   1.2984060e+06   1.0382080e+02
   1.2984300e+06   3.0291748e+02
   1.2984560e+06   1.4141846e+02
   1.2984770e+06   6.6284180e+01
   1.2985090e+06   2.0843506e+02
   1.2985220e+06   1.6107178e+02
   1.2985480e+06   4.2785645e+01
   1.2985740e+06   1.8951416e+02
   1.2986110e+06   1.2329102e+02
   1.2986250e+06   5.2368164e+01
   1.2986540e+06   2.2424316e+02
   1.2986870e+06   1.6815186e+02
   1.2987000e+06   5.2429199e+01
   1.2987170e+06   1.1779785e+02
   1.2987410e+06   1.2658691e+02
   1.2987640e+06   1.5161133e+02
   1.2987800e+06   6.8237305e+01
   1.2988100e+06   4.6630859e+01
   1.2988370e+06   1.3067627e+02
   1.2988520e+06   7.3608398e+01
   1.2988800e+06   9.7473145e+01
   1.2988940e+06   6.3781738e+01
   1.2989240e+06   1.2213135e+02
   1.2989350e+06   1.4074707e+02
   1.2989550e+06   5.9326172e+01
   1.2989670e+06   3.7292480e+01
   1.2989860e+06   4.2358398e+01
   1.2990110e+06   7.1899414e+01
   1.2990500e+06   9.8693848e+01
   1.2990770e+06   5.9631348e+01
   1.2991040e+06   4.4860840e+01
   1.2991190e+06   4.2297363e+01
   1.2991310e+06   4.0710449e+01
   1.2991700e+06   5.0964355e+01
   1.2991820e+06   2.4530029e+02
   1.2992070e+06   3.6376953e+01
   1.2992280e+06   4.1137695e+01
   1.2992730e+06   5.8532715e+01
   1.2992930e+06   8.9294434e+01
   1.2993210e+06   3.7780762e+01
   1.2993450e+06   4.4128418e+01
   1.2993550e+06   7.1533203e+01
   1.2993900e+06   3.5705566e+01
   1.2994280e+06   1.5148926e+02
   1.2994600e+06   9.4116211e+01
   1.2994730e+06   4.8889160e+01
   1.2995130e+06   3.6193848e+01
   1.2995370e+06   1.1309814e+02
   1.2995530e+06   1.1395264e+02
   1.2995790e+06   4.7119141e+01
   1.2996660e+06   9.0454102e+01
   1.2996800e+06   2.4206543e+02
   1.2997060e+06   3.6132813e+01
   1.2997690e+06   7.7575684e+01
   1.2998210e+06   4.3395996e+01
   1.2998880e+06   1.0528564e+02
   1.2999250e+06   6.1828613e+01
   1.2999800e+06   1.3189697e+02
   1.3000150e+06   5.2917480e+01
   1.3000740e+06   4.4311523e+01
   1.3000940e+06   1.0021973e+02
   1.3001160e+06   4.1809082e+01
   1.3001750e+06   3.8208008e+01
   1.3002120e+06   3.6437988e+01
   1.3002970e+06   1.0803223e+02
   1.3003190e+06   6.1462402e+01
   1.3003490e+06   4.5837402e+01
   1.3004510e+06   4.0832520e+01
   1.3005940e+06   4.1931152e+01
   1.3006730e+06   4.0100098e+01
   1.3008810e+06   5.1147461e+01
   1.3012170e+06   3.8818359e+01
   1.3014020e+06   2.0062256e+03
   1.3014960e+06   5.3527832e+01
   1.3025320e+06   4.0405273e+01
   1.3041200e+06   3.9550781e+01
   1.3053660e+06   3.6315918e+01
   1.3092610e+06   3.5705566e+01
   1.3233420e+06   3.8940430e+01
   1.3246990e+06   3.8146973e+01
   1.3353150e+06   3.7414551e+01
   1.3364790e+06   4.9621582e+01
   1.3477000e+06   4.4311523e+01
   1.3497770e+06   3.6865234e+01
   1.3514160e+06   2.0080566e+03
   1.3514270e+06   4.4067383e+01
   1.3514780e+06   3.6193848e+01
   1.3515020e+06   4.3273926e+01
   1.3515210e+06   4.1564941e+01
   1.3515650e+06   3.6804199e+01
   1.3515940e+06   4.3884277e+01
   1.3516220e+06   3.6254883e+01
   1.3516380e+06   5.9570312e+01
   1.3726070e+06   3.5766602e+01
   1.3734330e+06   3.9001465e+01
   1.3735610e+06   4.5043945e+01
   1.3751550e+06   3.5705566e+01
   1.3756140e+06   4.2541504e+01
   1.3933290e+06   4.0588379e+01
   1.3952170e+06   4.7668457e+01
   1.3956020e+06   5.7617188e+01
   1.3964630e+06   3.6315918e+01
   1.4014300e+06   2.0093384e+03
   1.4015110e+06   4.5654297e+01
   1.4015290e+06   4.4982910e+01
   1.4015700e+06   6.8481445e+01
   1.4016010e+06   2.1209717e+02
   1.4016230e+06   9.1247559e+01
   1.4017480e+06   2.3083496e+02
   1.4017580e+06   6.0241699e+01
   1.4017880e+06   3.9733887e+01
   1.4023330e+06   3.8696289e+01
   1.4023770e+06   4.9926758e+01
   1.4024790e+06   3.8269043e+01
   1.4027490e+06   5.7006836e+01
   1.4124710e+06   3.8452148e+01
   1.4137120e+06   4.0527344e+01
   1.4145780e+06   3.6560059e+01
   1.4306480e+06   3.6560059e+01
   1.4325650e+06   4.4982910e+01
   1.4381010e+06   4.2358398e+01
   1.4383360e+06   3.6437988e+01
   1.4406580e+06   4.0466309e+01
   1.4407960e+06   5.8837891e+01
   1.4408090e+06   4.0527344e+01
   1.4408280e+06   4.7363281e+01
   1.4513680e+06   3.6682129e+01
   1.4514440e+06   2.0086670e+03
   1.4515280e+06   3.6743164e+01
   1.4515570e+06   5.1757813e+01
   1.4515670e+06   6.7443848e+01
   1.4515770e+06   4.9926758e+01
   1.4516030e+06   3.0712891e+02
   1.4516250e+06   2.3461914e+02
   1.4516630e+06   1.4916992e+02
   1.4517060e+06   7.7575684e+01
   1.4518720e+06   4.6142578e+01
   1.4673220e+06   3.6804199e+01
   1.4674730e+06   4.3334961e+01
   1.4675210e+06   6.8542480e+01
   1.4675480e+06   5.2124023e+01
   1.4675820e+06   2.0599365e+02
   1.4676040e+06   1.7584229e+02
   1.4676240e+06   3.5949707e+01
   1.4676410e+06   2.8448486e+02
   1.4676620e+06   4.4006348e+01
   1.4676870e+06   1.2622070e+02
   1.4677020e+06   1.1499023e+02
   1.4677360e+06   1.1895752e+02
   1.4677650e+06   2.3364258e+02
   1.4678030e+06   6.4514160e+01
   1.4678480e+06   5.7739258e+01
   1.4678750e+06   4.8278809e+01
   1.4678870e+06   4.1076660e+01
   1.4679520e+06   4.8095703e+01
   1.4679890e+06   3.7780762e+01
   1.4680010e+06   1.9232178e+02
   1.4680270e+06   3.6804199e+01
   1.4680540e+06   4.4982910e+01
   1.4680930e+06   3.7414551e+01
   1.4681600e+06   1.5502930e+02
   1.4800880e+06   4.1809082e+01
   1.4804510e+06   3.8146973e+01
   1.4815790e+06   3.5949707e+01
   1.4887980e+06   3.6743164e+01
   1.4888540e+06   1.3598633e+02
   1.4888710e+06   3.9733887e+01
   1.4889260e+06   6.2255859e+01
   1.4889570e+06   4.5837402e+01
   1.4889720e+06   1.9525146e+02
   1.4890310e+06   5.7312012e+01
   1.4890610e+06   3.6437988e+01
   1.4891510e+06   5.3955078e+01
   1.4891910e+06   1.5283203e+02
   1.4892160e+06   7.7270508e+01
   1.4892300e+06   3.2110596e+02
   1.4943370e+06   3.6071777e+01
   1.4974270e+06   3.9489746e+01
   1.5014580e+06   2.0084229e+03
   1.5015580e+06   5.4565430e+01
   1.5015880e+06   6.9030762e+01
   1.5016110e+06   3.0780029e+02
   1.5016250e+06   1.6528320e+02
   1.5016500e+06   4.6569824e+01
   1.5016810e+06   3.8879395e+01
   1.5017330e+06   5.0964355e+01
   1.5017900e+06   5.5480957e+01
   1.5122050e+06   3.8391113e+01
   1.5154020e+06   4.6569824e+01
   1.5207310e+06   3.7841797e+01
   1.5207560e+06   3.9489746e+01
   1.5208980e+06   1.6003418e+02
   1.5209400e+06   4.0405273e+01
   1.5209660e+06   7.3181152e+01
   1.5209790e+06   1.6333008e+02
   1.5210060e+06   3.2299805e+02
   1.5210400e+06   7.0373535e+01
   1.5210560e+06   5.4443359e+01
   1.5210820e+06   1.7437744e+02
   1.5211020e+06   1.1584473e+02
   1.5211120e+06   7.6416016e+01
   1.5211470e+06   3.9855957e+01
   1.5211740e+06   4.7241211e+01
   1.5211860e+06   9.5947266e+01
   1.5212130e+06   1.5325928e+02
   1.5212640e+06   3.6193848e+01
   1.5212840e+06   2.6916504e+02
   1.5212980e+06   5.9020996e+01
   1.5213370e+06   1.2908936e+02
   1.5213510e+06   1.1236572e+02
   1.5213720e+06   3.7963867e+01
   1.5213960e+06   3.6010742e+01
   1.5214660e+06   1.8151855e+02
   1.5214820e+06   5.2673340e+01
   1.5292700e+06   3.6132813e+01
   1.5304990e+06   3.6193848e+01
   1.5307680e+06   4.0466309e+01
   1.5311050e+06   3.5949707e+01
   1.5322110e+06   3.6560059e+01
   1.5342030e+06   4.0588379e+01
   1.5371400e+06   4.4067383e+01
   1.5412910e+06   4.2358398e+01
   1.5413780e+06   3.0499268e+02
   1.5413930e+06   3.0200195e+02
   1.5414070e+06   6.5490723e+01
   1.5414240e+06   4.4555664e+01
   1.5414340e+06   3.6682129e+01
   1.5414770e+06   1.4154053e+02
   1.5415210e+06   1.7944336e+02
   1.5415550e+06   1.1743164e+02
   1.5415780e+06   3.7231445e+01
   1.5415920e+06   1.5789795e+02
   1.5416270e+06   4.0893555e+01
   1.5416570e+06   4.6630859e+01
   1.5488780e+06   3.6682129e+01
   1.5502030e+06   4.0893555e+01
   1.5502200e+06   3.5949707e+01
   1.5514720e+06   2.0125732e+03
   1.5515290e+06   3.7170410e+01
   1.5515770e+06   1.8438721e+02
   1.5515990e+06   7.1960449e+01
   1.5516380e+06   3.6560059e+01
   1.5516550e+06   4.1198730e+01
   1.5517060e+06   4.0527344e+01
   1.5539760e+06   3.9916992e+01
   1.5611890e+06   4.3823242e+01
   1.5612680e+06   3.7475586e+01
   1.5613190e+06   1.4080811e+02
   1.5614840e+06   3.9855957e+01
   1.5616050e+06   1.9006348e+02
   1.5616390e+06   7.0678711e+01
   1.5717700e+06   3.6926270e+01
   1.5797530e+06   4.0466309e+01
   1.5833240e+06   4.4250488e+01
   1.5835520e+06   3.6621094e+01
   1.5884560e+06   3.6376953e+01
   1.5885830e+06   1.5466309e+02
   1.5886260e+06   1.7224121e+02
   1.5886440e+06   5.4260254e+01
   1.5886980e+06   5.7312012e+01
   1.5887390e+06   6.3293457e+01
   1.5887670e+06   3.1353760e+02
   1.5887890e+06   1.5356445e+02
   1.5888190e+06   4.0283203e+01
   1.5888290e+06   5.6884766e+01
   1.5888750e+06   4.0588379e+01
   1.5888930e+06   3.6499023e+01
   1.5889240e+06   1.8316650e+02
   1.5889750e+06   2.5646973e+02
   1.5889960e+06   4.0161133e+01
   1.5890170e+06   1.5582275e+02
   1.5890750e+06   3.7902832e+01
   1.5890880e+06   4.2602539e+01
   1.5891380e+06   5.8349609e+01
   1.5941950e+06   4.0100098e+01
   1.5942470e+06   9.5153809e+01
   1.5942630e+06   4.3151855e+01
   1.5942750e+06   5.7617188e+01
   1.5943160e+06   2.9925537e+02
   1.5943380e+06   5.9875488e+01
   1.5943690e+06   2.4786377e+02
   1.5943870e+06   1.0443115e+02
   1.5944180e+06   5.0537109e+01
   1.5944910e+06   1.3928223e+02
   1.5945110e+06   5.5664063e+01
   1.5945320e+06   3.5644531e+01
   1.5946260e+06   3.8085938e+01
   1.6014860e+06   2.0119629e+03
   1.6015520e+06   3.8757324e+01
   1.6015880e+06   7.0373535e+01
   1.6016000e+06   2.3199463e+02
   1.6016260e+06   6.6894531e+01
   1.6016610e+06   3.6926270e+01
   1.6016750e+06   5.3466797e+01
   1.6021970e+06   3.9001465e+01
   1.6024430e+06   3.9062500e+01
   1.6096870e+06   3.8330078e+01
   1.6178120e+06   4.3029785e+01
   1.6183680e+06   3.6743164e+01
   1.6183960e+06   3.6743164e+01
   1.6184270e+06   5.1940918e+01
   1.6184550e+06   1.9390869e+02
   1.6184680e+06   2.9077148e+02
   1.6185040e+06   9.8388672e+01
   1.6185160e+06   1.2176514e+02
   1.6185330e+06   2.0568848e+02
   1.6185540e+06   1.0192871e+02
   1.6185830e+06   1.6198730e+02
   1.6186040e+06   4.6875000e+01
   1.6186360e+06   2.2430420e+02
   1.6186500e+06   9.7656250e+01
   1.6186660e+06   1.2622070e+02
   1.6186900e+06   1.0369873e+02
   1.6187120e+06   5.5664063e+01
   1.6187280e+06   9.3017578e+01
   1.6187510e+06   4.4250488e+01
   1.6187890e+06   9.1369629e+01
   1.6188020e+06   1.1346436e+02
   1.6188160e+06   1.6094971e+02
   1.6188470e+06   5.4382324e+01
   1.6188990e+06   1.5039063e+02
   1.6189190e+06   4.7607422e+01
   1.6189420e+06   1.2902832e+02
   1.6189670e+06   4.2968750e+01
   1.6189850e+06   1.0675049e+02
   1.6190010e+06   6.4697266e+01
   1.6190540e+06   3.7048340e+01
   1.6191130e+06   4.2846680e+01
   1.6191240e+06   3.5827637e+01
   1.6191380e+06   4.0161133e+01
   1.6191980e+06   1.2835693e+02
   1.6192130e+06   1.2121582e+02
   1.6192290e+06   3.8757324e+01
   1.6192700e+06   3.9367676e+01
   1.6193960e+06   4.1809082e+01
   1.6194410e+06   5.0354004e+01
   1.6201020e+06   4.3151855e+01
   1.6221180e+06   3.6437988e+01
   1.6242180e+06   3.6437988e+01
   1.6310450e+06   3.5644531e+01
   1.6322300e+06   3.6071777e+01
   1.6377220e+06   3.6071777e+01
   1.6396560e+06   3.5766602e+01
   1.6515000e+06   2.0068970e+03
   1.6515110e+06   4.1015625e+01
   1.6515730e+06   4.6203613e+01
   1.6516050e+06   1.7877197e+02
   1.6516350e+06   3.1158447e+02
   1.6516520e+06   8.7280273e+01
   1.6516690e+06   9.4787598e+01
   1.6516910e+06   1.1737061e+02
   1.6517070e+06   2.1252441e+02
   1.6517380e+06   4.7180176e+01
   1.6518660e+06   3.5827637e+01
   1.6521460e+06   3.8269043e+01
   1.6555260e+06   3.5644531e+01
   1.6589700e+06   3.8330078e+01
   1.6674510e+06   3.7719727e+01
   1.6674690e+06   5.0048828e+01
   1.6674950e+06   1.8951416e+02
   1.6675100e+06   1.7242432e+02
   1.6675300e+06   5.0659180e+01
   1.6675560e+06   3.0603027e+02
   1.6675710e+06   1.3250732e+02
   1.6675840e+06   1.6571045e+02
   1.6676320e+06   3.7963867e+01
   1.6676610e+06   1.7413330e+02
   1.6676810e+06   2.6800537e+02
   1.6677080e+06   6.7504883e+01
   1.6678540e+06   5.7312012e+01
   1.6735600e+06   3.7658691e+01
   1.6752440e+06   3.6193848e+01
   1.6764800e+06   3.7414551e+01
   1.6838420e+06   3.9306641e+01
   1.6909480e+06   4.1381836e+01
   1.6942350e+06   3.8879395e+01
   1.6983050e+06   3.7719727e+01
   1.7015160e+06   3.9999390e+03
   1.7015580e+06   3.8696289e+01
   1.7015890e+06   4.4189453e+01
   1.7016150e+06   2.0239258e+02
   1.7016340e+06   8.6181641e+01
   1.7016720e+06   1.4343262e+02
   1.7016830e+06   1.0052490e+02
   1.7017020e+06   3.9733887e+01
   1.7017490e+06   2.4554443e+02
   1.7017690e+06   4.3334961e+01
   1.7017870e+06   6.8359375e+01
   1.7018080e+06   3.7414551e+01
   1.7018290e+06   3.5644531e+01
   1.7019170e+06   5.0964355e+01
   1.7021470e+06   3.7292480e+01
   1.7021570e+06   4.3823242e+01
   1.7021840e+06   1.4141846e+02
   1.7022080e+06   4.3273926e+01
   1.7022400e+06   1.8695068e+02
   1.7022610e+06   1.4709473e+02
   1.7022760e+06   6.9396973e+01
   1.7023040e+06   3.6865234e+01
   1.7023270e+06   1.5234375e+02
   1.7023370e+06   2.7026367e+02
   1.7023480e+06   1.7504883e+02
   1.7023860e+06   4.9438477e+01
   1.7024060e+06   8.4655762e+01
   1.7024510e+06   1.9647217e+02
   1.7024840e+06   6.6040039e+01
   1.7025090e+06   2.1423340e+02
   1.7025350e+06   3.8818359e+01
   1.7025590e+06   4.3945313e+01
   1.7025740e+06   4.0161133e+01
   1.7025850e+06   3.9123535e+01
   1.7026320e+06   1.0833740e+02
   1.7026590e+06   1.7919922e+02
   1.7027100e+06   4.2114258e+01
   1.7028170e+06   3.6071777e+01
   1.7028520e+06   1.4575195e+02
   1.7199850e+06   3.5888672e+01
   1.7257620e+06   4.1931152e+01
   1.7257930e+06   4.0466309e+01
   1.7258350e+06   3.7048340e+01
   1.7258470e+06   5.0903320e+01
   1.7258740e+06   3.6071777e+01
   1.7258860e+06   2.0581055e+02
   1.7259140e+06   2.7893066e+02
   1.7259290e+06   6.3842773e+01
   1.7259650e+06   1.3336182e+02
   1.7259800e+06   5.7434082e+01
   1.7260000e+06   3.5888672e+01
   1.7260400e+06   4.5349121e+01
   1.7260740e+06   3.5827637e+01
   1.7263700e+06   3.8574219e+01
   1.7265520e+06   7.8735352e+01
   1.7266060e+06   1.9848633e+02
   1.7266300e+06   5.5114746e+01
   1.7266540e+06   7.6782227e+01
   1.7266730e+06   3.8757324e+01
   1.7266960e+06   1.5612793e+02
   1.7267440e+06   1.4959717e+02
   1.7267920e+06   4.3090820e+01
   1.7268140e+06   3.8574219e+01
   1.7337600e+06   3.6499023e+01
   1.7400850e+06   4.2297363e+01
   1.7401570e+06   4.7180176e+01
   1.7402000e+06   3.8879395e+01
   1.7402480e+06   1.4306641e+02
   1.7402650e+06   2.2045898e+02
   1.7402800e+06   4.3823242e+01
   1.7403840e+06   1.6241455e+02
   1.7404410e+06   5.2429199e+01
   1.7513950e+06   3.6621094e+01
   1.7514470e+06   6.6955566e+01
   1.7514860e+06   3.6499023e+01
   1.7515050e+06   1.8585205e+02
   1.7515300e+06   3.9999390e+03
   1.7516260e+06   1.8377686e+02
   1.7516380e+06   1.7767334e+02
   1.7516770e+06   2.9876709e+02
   1.7517060e+06   4.4067383e+01
   1.7521850e+06   4.6020508e+01
   1.7522190e+06   7.1289063e+01
   1.7522440e+06   3.6376953e+01
   1.7522710e+06   3.5644531e+01
   1.7522960e+06   2.7416992e+02
   1.7523180e+06   1.1529541e+02
   1.7523450e+06   1.7224121e+02
   1.7523580e+06   5.0231934e+01
   1.7523820e+06   3.9855957e+01
   1.7524140e+06   3.0957031e+02
   1.7524350e+06   4.1809082e+01
   1.7524860e+06   1.3415527e+02
   1.7525090e+06   4.0405273e+01
   1.7526500e+06   3.6193848e+01
   1.7669850e+06   3.7963867e+01
   1.7673340e+06   3.7963867e+01
   1.7709590e+06   3.8085938e+01
   1.7737260e+06   3.6865234e+01
   1.7738370e+06   4.7119141e+01
   1.7738620e+06   7.2875977e+01
   1.7738840e+06   1.7517090e+02
   1.7773200e+06   3.6987305e+01
   1.7858860e+06   3.8940430e+01
   1.7860450e+06   3.6376953e+01
   1.7861720e+06   3.8452148e+01
   1.7952550e+06   3.6560059e+01
   1.8011240e+06   3.7597656e+01
   1.8015440e+06   3.9999390e+03
   1.8016060e+06   3.7170410e+01
   1.8016350e+06   1.8444824e+02
   1.8016580e+06   5.7067871e+01
   1.8016740e+06   2.6831055e+02
   1.8016920e+06   2.6965332e+02
   1.8017150e+06   1.5045166e+02
   1.8017280e+06   6.1401367e+01
   1.8017590e+06   2.3779297e+02
   1.8017760e+06   3.9733887e+01
   1.8018260e+06   5.3527832e+01
   1.8018410e+06   1.5863037e+02
   1.8018550e+06   3.8879395e+01
   1.8018890e+06   3.8391113e+01
   1.8019110e+06   1.2255859e+02
   1.8019300e+06   2.2369385e+02
   1.8020540e+06   7.0983887e+01
   1.8020870e+06   3.9306641e+01
   1.8021220e+06   4.1809082e+01
   1.8022200e+06   4.0466309e+01
   1.8022330e+06   4.6081543e+01
   1.8022560e+06   5.7067871e+01
   1.8023830e+06   3.5705566e+01
   1.8025280e+06   3.9306641e+01
   1.8149330e+06   3.9489746e+01
   1.8239590e+06   4.2724609e+01
   1.8274500e+06   4.2236328e+01
   1.8299610e+06   3.6804199e+01
   1.8300290e+06   1.5173340e+02
   1.8300400e+06   2.8497314e+02
   1.8301020e+06   3.7475586e+01
   1.8301310e+06   6.3964844e+01
   1.8302170e+06   5.9448242e+01
   1.8302480e+06   5.2795410e+01
   1.8303360e+06   3.6987305e+01
   1.8465980e+06   3.6804199e+01
   1.8500000e+06   3.7536621e+01
   1.8507700e+06   3.7170410e+01
   1.8515580e+06   3.9999390e+03
   1.8516260e+06   3.5766602e+01
   1.8516580e+06   2.0263672e+02
   1.8516690e+06   4.3090820e+01
   1.8516840e+06   4.8522949e+01
   1.8517020e+06   5.8715820e+01
   1.8517150e+06   2.1173096e+02
   1.8517360e+06   3.9916992e+01
   1.8517690e+06   1.6143799e+02
   1.8518020e+06   1.4984131e+02
   1.8518220e+06   7.0068359e+01
   1.8518450e+06   4.2968750e+01
   1.8518850e+06   5.0109863e+01
   1.8519120e+06   4.2785645e+01
   1.8520170e+06   3.9245605e+01
   1.8521370e+06   3.9184570e+01
   1.8521860e+06   3.6437988e+01
   1.8522000e+06   3.9367676e+01
   1.8523420e+06   3.6804199e+01
   1.8523570e+06   5.6823730e+01
   1.8524130e+06   3.6376953e+01
   1.8524250e+06   3.7109375e+01
   1.8524570e+06   1.6815186e+02
   1.8525340e+06   2.6220703e+02
   1.8525440e+06   4.2236328e+01
   1.8589690e+06   3.7719727e+01
   1.8745700e+06   5.4138184e+01
   1.8864470e+06   3.9489746e+01
   1.8867640e+06   3.7719727e+01
   1.8868380e+06   3.5705566e+01
   1.8984260e+06   3.7658691e+01
   1.8988500e+06   3.5949707e+01
   1.9015720e+06   3.9999390e+03
   1.9016390e+06   3.9855957e+01
   1.9016610e+06   4.1625977e+01
   1.9016730e+06   1.5887451e+02
   1.9016960e+06   5.6030273e+01
   1.9017100e+06   6.6406250e+01
   1.9017300e+06   1.8334961e+02
   1.9017550e+06   1.8395996e+02
   1.9017740e+06   2.0111084e+02
   1.9018010e+06   1.4654541e+02
   1.9018500e+06   3.7658691e+01
   1.9018690e+06   5.9326172e+01
   1.9019900e+06   4.8583984e+01
   1.9222180e+06   3.5888672e+01
   1.9250950e+06   4.0283203e+01
   1.9302310e+06   4.2175293e+01
   1.9369020e+06   3.7109375e+01
   1.9515860e+06   3.9999390e+03
   1.9515960e+06   3.5949707e+01
   1.9516420e+06   3.7658691e+01
   1.9516860e+06   1.0620117e+02
   1.9517180e+06   3.3728027e+02
   1.9517380e+06   1.7968750e+02
   1.9517570e+06   3.6682129e+01
   1.9517880e+06   2.2998047e+02
   1.9518040e+06   1.6839600e+02
   1.9518260e+06   5.7739258e+01
   1.9518520e+06   3.6865234e+01
   1.9519260e+06   1.9647217e+02
   1.9520730e+06   4.7607422e+01
   1.9692290e+06   3.7780762e+01
   1.9705740e+06   4.2724609e+01
   1.9743690e+06   4.0588379e+01
   1.9757490e+06   3.7841797e+01
   1.9825960e+06   3.8940430e+01
   1.9842780e+06   3.8940430e+01
   1.9856310e+06   4.0588379e+01
   1.9900840e+06   4.0588379e+01
   1.9973120e+06   3.6010742e+01
   2.0015980e+06   2.0076904e+03
   2.0016780e+06   4.1381836e+01
   2.0017010e+06   1.8988037e+02
   2.0017240e+06   8.0993652e+01
   2.0017390e+06   5.6030273e+01
   2.0017500e+06   1.8060303e+02
   2.0017780e+06   1.7639160e+02
   2.0017880e+06   4.0710449e+01
   2.0018620e+06   3.9123535e+01
   2.0019150e+06   4.8339844e+01
   2.0019430e+06   6.7810059e+01
   2.0020390e+06   3.9855957e+01
   2.0140440e+06   3.7414551e+01
   2.0170910e+06   3.7658691e+01
   2.0175570e+06   3.8757324e+01
   2.0202180e+06   3.7536621e+01
   2.0220550e+06   3.6560059e+01
   2.0256000e+06   3.6743164e+01
   2.0305520e+06   3.8024902e+01
   2.0316130e+06   3.5827637e+01
   2.0376650e+06   4.1809082e+01
   2.0388780e+06   4.0100098e+01
   2.0389140e+06   1.8621826e+02
   2.0389440e+06   6.5368652e+01
   2.0389730e+06   1.4044189e+02
   2.0389880e+06   3.2031250e+02
   2.0390170e+06   1.3061523e+02
   2.0390460e+06   1.0131836e+02
   2.0390560e+06   8.7219238e+01
   2.0390840e+06   1.8353271e+02
   2.0391090e+06   1.0272217e+02
   2.0391280e+06   6.4575195e+01
   2.0391490e+06   3.6193848e+01
   2.0391760e+06   2.8137207e+02
   2.0392010e+06   5.2978516e+01
   2.0392280e+06   7.9467773e+01
   2.0392560e+06   9.4726563e+01
   2.0392740e+06   1.3586426e+02
   2.0392950e+06   5.4992676e+01
   2.0393150e+06   4.5227051e+01
   2.0393480e+06   5.2429199e+01
   2.0393650e+06   4.4860840e+01
   2.0394050e+06   2.5830078e+02
   2.0394170e+06   3.9306641e+01
   2.0394390e+06   5.3039551e+01
   2.0394610e+06   4.7851563e+01
   2.0394780e+06   3.6865234e+01
   2.0395050e+06   1.7102051e+02
   2.0395190e+06   1.0998535e+02
   2.0395410e+06   3.6437988e+01
   2.0395800e+06   9.3627930e+01
   2.0396010e+06   4.4372559e+01
   2.0396310e+06   2.3461914e+02
   2.0396570e+06   3.6560059e+01
   2.0397020e+06   6.6772461e+01
   2.0397130e+06   3.7719727e+01
   2.0397320e+06   5.6823730e+01
   2.0397550e+06   3.7292480e+01
   2.0397700e+06   8.9782715e+01
   2.0398030e+06   1.4312744e+02
   2.0398400e+06   3.7536621e+01
   2.0398500e+06   4.8583984e+01
   2.0398940e+06   9.0270996e+01
   2.0399050e+06   5.3527832e+01
   2.0399230e+06   8.0017090e+01
   2.0399410e+06   9.0454102e+01
   2.0399940e+06   5.1818848e+01
   2.0400100e+06   4.8706055e+01
   2.0400390e+06   9.1125488e+01
   2.0400500e+06   8.3862305e+01
   2.0401130e+06   1.0699463e+02
   2.0401260e+06   9.6191406e+01
   2.0401840e+06   9.6984863e+01
   2.0402860e+06   3.6254883e+01
   2.0403220e+06   2.5384521e+02
   2.0405280e+06   1.2170410e+02
   2.0405520e+06   3.7109375e+01
   2.0406780e+06   3.6376953e+01
   2.0408480e+06   3.9184570e+01
   2.0410560e+06   3.7353516e+01
   2.0416210e+06   3.8208008e+01
   2.0416510e+06   3.7841797e+01
   2.0417970e+06   3.7841797e+01
   2.0475320e+06   3.6743164e+01
   2.0516120e+06   2.0050659e+03
   2.0516880e+06   3.9672852e+01
   2.0517230e+06   4.2175293e+01
   2.0517520e+06   4.0405273e+01
   2.0517650e+06   5.6335449e+01
   2.0683700e+06   3.6376953e+01
   2.0760660e+06   3.7963867e+01
   2.0788810e+06   3.8940430e+01
   2.0803470e+06   3.6010742e+01
   2.0836590e+06   3.7475586e+01
   2.0941940e+06   3.8269043e+01
   2.0970070e+06   3.7292480e+01
   2.0973360e+06   3.6132813e+01
   2.0990260e+06   3.7170410e+01
   2.0991180e+06   3.9306641e+01
   2.1016260e+06   2.0111084e+03
   2.1017350e+06   4.7485352e+01
   2.1017510e+06   2.0715332e+02
   2.1056580e+06   4.1503906e+01
   2.1253870e+06   3.9733887e+01
   2.1328130e+06   3.6987305e+01
   2.1345360e+06   3.6804199e+01
   2.1378600e+06   3.9062500e+01
   2.1516400e+06   2.0094604e+03
   2.1517430e+06   4.0405273e+01
   2.1517730e+06   2.0446777e+02
   2.1517860e+06   8.3251953e+01
   2.1518140e+06   3.3020020e+02
   2.1518440e+06   4.3457031e+01
   2.1518810e+06   3.5766602e+01
   2.1520750e+06   3.6865234e+01
   2.1576270e+06   3.8696289e+01
   2.1585600e+06   3.6621094e+01
   2.1620630e+06   3.8879395e+01
   2.1631180e+06   3.8452148e+01
   2.1690660e+06   4.2785645e+01
   2.1786040e+06   5.7983398e+01
   2.1802400e+06   3.6193848e+01
   2.1879160e+06   4.5471191e+01
   2.1898760e+06   3.6254883e+01
   2.1911710e+06   3.7414551e+01
   2.1929100e+06   3.5766602e+01
   2.1953500e+06   3.7658691e+01
   2.1960620e+06   3.6926270e+01
   2.2016540e+06   2.0074463e+03
   2.2017090e+06   3.6437988e+01
   2.2017400e+06   3.9978027e+01
   2.2017560e+06   5.7922363e+01
   2.2017810e+06   1.9354248e+02
   2.2018110e+06   8.5205078e+01
   2.2018310e+06   5.3466797e+01
   2.2018640e+06   1.1767578e+02
   2.2018820e+06   3.0755615e+02
   2.2018960e+06   5.5847168e+01
   2.2019460e+06   4.2846680e+01
   2.2020560e+06   1.5057373e+02
   2.2122590e+06   4.6142578e+01
   2.2214840e+06   3.8940430e+01
   2.2303390e+06   3.6499023e+01
   2.2308150e+06   4.2053223e+01
   2.2315230e+06   3.5644531e+01
   2.2327970e+06   3.6132813e+01
   2.2356650e+06   3.7902832e+01
   2.2357520e+06   3.5705566e+01
   2.2360600e+06   3.7841797e+01
   2.2396650e+06   4.7363281e+01
   2.2512720e+06   5.6396484e+01
   2.2516680e+06   2.0056152e+03
   2.2517320e+06   4.1748047e+01
   2.2517800e+06   1.8981934e+02
   2.2517950e+06   7.4584961e+01
   2.2518100e+06   3.7231445e+01
   2.2518230e+06   8.7097168e+01
   2.2518400e+06   1.8988037e+02
   2.2518670e+06   3.9672852e+01
   2.2518980e+06   3.8879395e+01
   2.2519310e+06   2.5341797e+02
   2.2519520e+06   1.6394043e+02
   2.2520910e+06   3.9855957e+01
   2.2568090e+06   3.8513184e+01
   2.2630840e+06   3.6743164e+01
   2.2649480e+06   3.5766602e+01
   2.2669880e+06   3.7841797e+01
   2.2824260e+06   3.6926270e+01
   2.2958970e+06   3.6010742e+01
   2.2970460e+06   3.9123535e+01
   2.2974970e+06   4.0588379e+01
   2.2992520e+06   4.3395996e+01
   2.3016840e+06   3.9999390e+03
   2.3017410e+06   3.9123535e+01
   2.3017900e+06   1.7883301e+02
   2.3018130e+06   6.3842773e+01
   2.3018480e+06   1.7169189e+02
   2.3018770e+06   6.3720703e+01
   2.3018880e+06   3.6010742e+01
   2.3019190e+06   1.6296387e+02
   2.3019470e+06   4.0167236e+02
   2.3019720e+06   5.6579590e+01
   2.3019920e+06   4.1809082e+01
   2.3049730e+06   3.6499023e+01
   2.3126910e+06   4.6569824e+01
   2.3165650e+06   3.7048340e+01
   2.3176470e+06   3.8574219e+01
   2.3179940e+06   3.6804199e+01
   2.3265100e+06   3.9062500e+01
   2.3368210e+06   3.6621094e+01
   2.3379350e+06   3.6193848e+01
   2.3451130e+06   3.7414551e+01
   2.3487070e+06   4.0832520e+01
   2.3504830e+06   6.3232422e+01
   2.3516980e+06   3.9999390e+03
   2.3517990e+06   5.4321289e+01
   2.3518320e+06   1.0626221e+02
   2.3518620e+06   1.8371582e+02
   2.3518970e+06   4.2785645e+01
   2.3519200e+06   6.8420410e+01
   2.3519360e+06   4.5471191e+01
   2.3558000e+06   4.0832520e+01
   2.3601490e+06   3.7292480e+01
   2.3633740e+06   3.7109375e+01
   2.3665860e+06   3.9550781e+01
   2.3690630e+06   3.9245605e+01
   2.3732960e+06   3.9367676e+01
   2.3808690e+06   4.3701172e+01
   2.3915500e+06   4.2114258e+01
   2.4017120e+06   3.9999390e+03
   2.4018070e+06   4.2663574e+01
   2.4018180e+06   2.0068359e+02
   2.4018540e+06   6.1706543e+01
   2.4018650e+06   2.8912354e+02
   2.4018830e+06   1.7419434e+02
   2.4019020e+06   5.0292969e+01
   2.4019250e+06   7.4951172e+01
   2.4019560e+06   2.1624756e+02
   2.4019760e+06   3.9306641e+01
   2.4020020e+06   6.0302734e+01
   2.4020330e+06   4.0100098e+01
   2.4020700e+06   4.3640137e+01
   2.4025400e+06   3.8208008e+01
   2.4070230e+06   3.8024902e+01
   2.4074840e+06   4.2968750e+01
   2.4102070e+06   5.8654785e+01
   2.4103160e+06   5.5603027e+01
   2.4124420e+06   4.4311523e+01
   2.4153250e+06   3.8085938e+01
   2.4163230e+06   3.6315918e+01
   2.4183830e+06   3.6254883e+01
   2.4255250e+06   4.0100098e+01
   2.4307390e+06   3.5827637e+01
   2.4395460e+06   3.8940430e+01
   2.4498660e+06   3.5705566e+01
   2.4517240e+06   2.0101929e+03
   2.4518000e+06   4.3640137e+01
   2.4518280e+06   1.8872070e+02
   2.4518600e+06   4.1809082e+01
   2.4518920e+06   1.9390869e+02
   2.4519050e+06   3.0291748e+02
   2.4519260e+06   3.6621094e+01
   2.4587850e+06   3.6926270e+01
   2.4595300e+06   3.7048340e+01
   2.4602020e+06   3.6926270e+01
   2.4618850e+06   4.1442871e+01
   2.4636890e+06   3.7170410e+01
   2.4640410e+06   3.7048340e+01
   2.4653210e+06   4.2907715e+01
   2.4687890e+06   3.5827637e+01
   2.4765580e+06   3.6132813e+01
   2.4765920e+06   6.6833496e+01
   2.4766170e+06   3.2592773e+02
   2.4766480e+06   5.4931641e+01
   2.4766800e+06   2.5695801e+02
   2.4767110e+06   2.4414063e+02
   2.4767340e+06   3.7597656e+01
   2.4767690e+06   1.5802002e+02
   2.4768170e+06   1.3830566e+02
   2.4768510e+06   2.4395752e+02
   2.4768860e+06   4.8278809e+01
   2.4769150e+06   1.3586426e+02
   2.4769380e+06   9.3261719e+01
   2.4769610e+06   1.5368652e+02
   2.4769960e+06   1.0906982e+02
   2.4770210e+06   3.9123535e+01
   2.4770960e+06   1.2072754e+02
   2.4771160e+06   1.0333252e+02
   2.4771350e+06   4.1503906e+01
   2.4771610e+06   2.1899414e+02
   2.4771780e+06   9.2590332e+01
   2.4772190e+06   1.0821533e+02
   2.4772300e+06   6.6528320e+01
   2.4772550e+06   1.5808105e+02
   2.4772740e+06   3.8330078e+01
   2.4773160e+06   1.2414551e+02
   2.4773290e+06   3.8330078e+01
   2.4773420e+06   4.4982910e+01
   2.4773900e+06   3.5644531e+01
   2.4774140e+06   9.9609375e+01
   2.4774500e+06   1.5783691e+02
   2.4774820e+06   4.7058105e+01
   2.4775820e+06   3.5888672e+01
   2.4779660e+06   4.9011230e+01
   2.4780800e+06   3.6010742e+01
   2.4855870e+06   3.7048340e+01
   2.4968140e+06   3.8208008e+01
   2.5036820e+06   4.2480469e+01
   2.5064720e+06   3.8757324e+01
   2.5091360e+06   4.0283203e+01
   2.5116280e+06   3.6682129e+01
   2.5131520e+06   3.7231445e+01
   2.5191080e+06   3.6071777e+01
   2.5235200e+06   3.9978027e+01
   2.5239200e+06   4.0283203e+01
   2.5316110e+06   3.5644531e+01
   2.5355550e+06   3.6743164e+01
   2.5374910e+06   3.9184570e+01
   2.5699640e+06   4.5166016e+01
   2.5780210e+06   3.6743164e+01
   2.5962800e+06   4.1198730e+01
   2.6069990e+06   3.6926270e+01
   2.6250880e+06   5.3588867e+01
   2.6342640e+06   3.7170410e+01
   2.6356350e+06   3.6376953e+01
   2.6370060e+06   4.6936035e+01
   2.6416630e+06   3.6926270e+01
   2.6419980e+06   4.9926758e+01
   2.6458220e+06   3.5705566e+01
   2.6514300e+06   3.8696289e+01
   2.6539790e+06   4.6813965e+01
   2.6608390e+06   3.5949707e+01
   2.6647600e+06   3.7963867e+01
   2.6647790e+06   4.2358398e+01
   2.6654540e+06   3.9367676e+01
   2.6703380e+06   3.9062500e+01
   2.6714710e+06   3.6682129e+01
   2.6733330e+06   3.5705566e+01
   2.6888190e+06   4.1076660e+01
   2.7084350e+06   4.2358398e+01
   2.7118640e+06   3.7658691e+01
   2.7233080e+06   4.6386719e+01
   2.7237800e+06   3.8269043e+01
   2.7265130e+06   4.4189453e+01
   2.7265400e+06   3.8696289e+01
   2.7265950e+06   3.9428711e+01
   2.7266050e+06   3.9123535e+01
   2.7266360e+06   6.7443848e+01
   2.7266490e+06   1.0815430e+02
   2.7266780e+06   1.8725586e+02
   2.7266970e+06   1.5521240e+02
   2.7267120e+06   4.9316406e+01
   2.7267430e+06   2.2436523e+02
   2.7267720e+06   1.8127441e+02
   2.7267850e+06   4.1320801e+01
   2.7268270e+06   1.9567871e+02
   2.7268510e+06   1.1553955e+02
   2.7268750e+06   3.8818359e+01
   2.7269070e+06   2.3590088e+02
   2.7269360e+06   4.4006348e+01
   2.7269730e+06   4.3762207e+01
   2.7270030e+06   1.7541504e+02
   2.7270250e+06   1.7376709e+02
   2.7270500e+06   7.7514648e+01
   2.7270820e+06   5.5297852e+01
   2.7271030e+06   9.8388672e+01
   2.7271130e+06   8.2946777e+01
   2.7271270e+06   5.0231934e+01
   2.7271510e+06   5.7617188e+01
   2.7271820e+06   1.5142822e+02
   2.7272010e+06   4.5471191e+01
   2.7272230e+06   8.7585449e+01
   2.7272460e+06   3.6376953e+01
   2.7272730e+06   1.0577393e+02
   2.7272920e+06   4.9316406e+01
   2.7273120e+06   5.1208496e+01
   2.7273310e+06   5.6274414e+01
   2.7273460e+06   4.4372559e+01
   2.7273820e+06   8.9599609e+01
   2.7273960e+06   7.5561523e+01
   2.7274170e+06   3.7109375e+01
   2.7274340e+06   3.5766602e+01
   2.7274730e+06   1.1035156e+02
   2.7275020e+06   3.5827637e+01
   2.7275350e+06   3.5705566e+01
   2.7275580e+06   7.4829102e+01
   2.7275680e+06   1.0589600e+02
   2.7276070e+06   8.4106445e+01
   2.7276230e+06   5.5419922e+01
   2.7276490e+06   3.5705566e+01
   2.7277040e+06   6.5979004e+01
   2.7277310e+06   8.5693359e+01
   2.7277480e+06   4.4738770e+01
   2.7277720e+06   6.7138672e+01
   2.7278000e+06   9.2590332e+01
   2.7278250e+06   4.6264648e+01
   2.7279160e+06   1.4129639e+02
   2.7279410e+06   1.1791992e+02
   2.7279670e+06   3.9428711e+01
   2.7280280e+06   3.7048340e+01
   2.7280430e+06   6.9274902e+01
   2.7280730e+06   4.2907715e+01
   2.7281160e+06   3.5888672e+01
   2.7281910e+06   1.0650635e+02
   2.7282030e+06   1.0717773e+02
   2.7282640e+06   3.8696289e+01
   2.7283960e+06   3.6071777e+01
   2.7284710e+06   1.0430908e+02
   2.7285900e+06   4.0283203e+01
   2.7286120e+06   3.8024902e+01
   2.7287570e+06   3.6376953e+01
   2.7294640e+06   3.9306641e+01
   2.7318320e+06   3.9733887e+01
   2.7328280e+06   3.7719727e+01
   2.7357250e+06   3.9001465e+01
   2.7411610e+06   3.6376953e+01
   2.7432390e+06   3.6621094e+01
   2.7495770e+06   3.7170410e+01
   2.7550770e+06   3.7963867e+01
   2.7558660e+06   3.6865234e+01
   2.7659790e+06   3.6376953e+01
   2.7665050e+06   4.4494629e+01
   2.7680380e+06   4.0771484e+01
   2.7692500e+06   4.0649414e+01
   2.7697430e+06   3.7780762e+01
   2.7768900e+06   3.7109375e+01
   2.7782720e+06   3.8024902e+01
   2.7786960e+06   3.7231445e+01
   2.7801390e+06   3.9184570e+01
   2.7857210e+06   4.0222168e+01
   2.7878840e+06   4.7851563e+01
   2.7928260e+06   3.6560059e+01
   2.7947760e+06   4.1320801e+01
   2.7972890e+06   3.7963867e+01
   2.7994400e+06   4.2785645e+01
   2.8010650e+06   4.7546387e+01
   2.8019470e+06   3.8940430e+01
   2.8126540e+06   3.7597656e+01
   2.8172860e+06   3.6071777e+01
   2.8302700e+06   3.5827637e+01
   2.8310150e+06   5.9570313e+01
   2.8348880e+06   3.7170410e+01
   2.8611000e+06   3.7414551e+01
   2.8640730e+06   4.3762207e+01
   2.8727690e+06   3.6132813e+01
   2.8744620e+06   3.7231445e+01
   2.8797280e+06   3.9550781e+01
   2.8835700e+06   3.9001465e+01
   2.8999160e+06   3.6743164e+01
   2.9036330e+06   3.8330078e+01
   2.9098500e+06   3.7902832e+01
   2.9143640e+06   4.2663574e+01
   2.9147450e+06   3.6437988e+01
   2.9183760e+06   3.6987305e+01
   2.9215500e+06   3.6193848e+01
   2.9216440e+06   3.5644531e+01
   2.9218420e+06   4.8828125e+01
   2.9219290e+06   4.9133301e+01
   2.9383250e+06   3.6682129e+01
   2.9405010e+06   3.9672852e+01
   2.9491760e+06   3.8452148e+01
   2.9539750e+06   3.6987305e+01
   2.9545950e+06   3.6682129e+01
   2.9574910e+06   3.5949707e+01
   2.9576040e+06   3.6254883e+01
   2.9597280e+06   3.9978027e+01
   2.9676320e+06   3.9855957e+01
   2.9692010e+06   3.7414551e+01
   2.9743340e+06   3.9428711e+01
   2.9747060e+06   3.6926270e+01
   2.9774520e+06   3.5888672e+01
   2.9791400e+06   3.7475586e+01
   2.9842520e+06   4.1870117e+01
   2.9866480e+06   3.6437988e+01
   2.9918690e+06   3.7841797e+01
   2.9939670e+06   3.6743164e+01
