   2.9990000e+06   0.0000000e+00
   1.0400000e+03   3.9999390e+03
   1.9743000e+04   3.6437988e+01
   2.2744000e+04   3.4423828e+01
   4.9412000e+04   4.1564941e+01
   4.9762000e+04   3.7719727e+01
   5.1054000e+04   3.9999390e+03
   5.1184000e+04   3.6254883e+01
   5.1199000e+04   3.6437988e+01
   5.1259000e+04   3.4973145e+01
   5.1282000e+04   3.6682129e+01
   5.1409000e+04   3.8085938e+01
   9.2793000e+04   3.6132813e+01
   9.2833000e+04   4.7180176e+01
   9.2850000e+04   3.4790039e+01
   9.2901000e+04   3.4179688e+01
   9.2929000e+04   3.5339355e+01
   9.3010000e+04   3.3691406e+01
   9.3207000e+04   3.9794922e+01
   9.3324000e+04   3.4545898e+01
   1.0106800e+05   3.9999390e+03
   1.0115300e+05   3.4484863e+01
   1.0127600e+05   3.8757324e+01
   1.0130400e+05   3.7963867e+01
   1.0135200e+05   3.4301758e+01
   1.3429000e+05   3.5156250e+01
   1.4524600e+05   3.8024902e+01
   1.5108000e+05   2.0111694e+03
   1.5109200e+05   3.7353516e+01
   1.5119100e+05   3.7841797e+01
   1.5121500e+05   4.6630859e+01
   1.5124900e+05   4.4677734e+01
   1.5126800e+05   3.4973145e+01
   1.5129400e+05   4.2297363e+01
   1.5132100e+05   3.9245605e+01
   1.5135100e+05   3.6743164e+01
   1.5138600e+05   3.8391113e+01
   1.5142100e+05   4.8034668e+01
   1.5147600e+05   3.3813477e+01
   1.5151900e+05   4.2785645e+01
   1.5155500e+05   4.5837402e+01
   1.5164000e+05   3.5522461e+01
   1.5166000e+05   5.3588867e+01
   1.5170600e+05   4.6325684e+01
   1.5174600e+05   3.8330078e+01
   1.5181300e+05   4.0832520e+01
   1.5182700e+05   3.4301758e+01
   1.5185100e+05   3.6315918e+01
   1.5190100e+05   3.8452148e+01
   1.5191500e+05   3.4179688e+01
   1.5200100e+05   3.5766602e+01
   1.5202100e+05   3.6743164e+01
   1.5321000e+05   3.6376953e+01
   1.6430600e+05   3.3874512e+01
   1.8823700e+05   3.3813477e+01
   2.0109400e+05   2.0122681e+03
   2.0122700e+05   3.7658691e+01
   2.0125600e+05   3.4179688e+01
   2.0127900e+05   3.7597656e+01
   2.0129800e+05   3.3874512e+01
   2.0133000e+05   4.8950195e+01
   2.0136900e+05   5.2246094e+01
   2.0138600e+05   3.5644531e+01
   2.0141500e+05   3.9855957e+01
   2.0145000e+05   3.5705566e+01
   2.0147300e+05   4.1748047e+01
   2.0151900e+05   3.5278320e+01
   2.0162100e+05   4.2175293e+01
   2.0167700e+05   3.8818359e+01
   2.0170100e+05   3.4606934e+01
   2.0175200e+05   3.4057617e+01
   2.0180400e+05   3.5644531e+01
   2.0184800e+05   3.3691406e+01
   2.1210800e+05   3.4545898e+01
   2.2224400e+05   3.9672852e+01
   2.2227200e+05   3.4851074e+01
   2.2230200e+05   3.8208008e+01
   2.2232900e+05   3.5705566e+01
   2.2236700e+05   4.5776367e+01
   2.2240400e+05   4.4006348e+01
   2.2243900e+05   3.6132813e+01
   2.2248400e+05   4.0588379e+01
   2.2250100e+05   4.4921875e+01
   2.2253400e+05   3.3935547e+01
   2.2256800e+05   3.9855957e+01
   2.2260400e+05   4.3090820e+01
   2.2263000e+05   4.2419434e+01
   2.2264200e+05   5.0903320e+01
   2.2292700e+05   3.7414551e+01
   2.4675300e+05   3.6010742e+01
   2.4994100e+05   3.3752441e+01
   2.5111000e+05   3.9999390e+03
   2.5122900e+05   3.8574219e+01
   2.5126800e+05   3.8574219e+01
   2.5127900e+05   4.6997070e+01
   2.5133700e+05   4.8889160e+01
   2.5135500e+05   4.4372559e+01
   2.5139900e+05   3.6010742e+01
   2.5149100e+05   3.8269043e+01
   2.5152100e+05   3.7658691e+01
   2.5154100e+05   3.3935547e+01
   2.5164500e+05   3.9550781e+01
   2.5169100e+05   3.4973145e+01
   2.5175800e+05   3.6682129e+01
   2.5180000e+05   3.9062500e+01
   2.5200900e+05   3.7109375e+01
   2.8276200e+05   4.1442871e+01
   2.8279100e+05   3.7658691e+01
   2.8282200e+05   3.4362793e+01
   2.8285900e+05   3.9672852e+01
   2.8287200e+05   4.5654297e+01
   2.8292000e+05   3.4240723e+01
   2.8295700e+05   4.2358398e+01
   2.8298600e+05   3.6437988e+01
   2.8306000e+05   3.7109375e+01
   2.8308200e+05   3.4729004e+01
   3.0112200e+05   2.0086670e+03
   3.0121400e+05   3.8452148e+01
   3.0127400e+05   4.2724609e+01
   3.0133800e+05   3.5705566e+01
   3.0136500e+05   3.6254883e+01
   3.0141800e+05   3.7780762e+01
   3.0144600e+05   3.9001465e+01
   3.0154600e+05   3.6437988e+01
   3.0157600e+05   3.5095215e+01
   3.0169100e+05   3.4240723e+01
   3.0181400e+05   3.7109375e+01
   3.0189200e+05   3.4912109e+01
   3.0208900e+05   3.3874512e+01
   3.0297000e+05   3.3935547e+01
   3.1087300e+05   3.4179688e+01
   3.2586700e+05   3.3569336e+01
   3.3190700e+05   3.3569336e+01
   3.3191900e+05   4.0893555e+01
   3.3680400e+05   3.7841797e+01
   3.3681700e+05   3.9794922e+01
   3.3691500e+05   3.5949707e+01
   3.3715700e+05   3.6682129e+01
   3.3721100e+05   3.5034180e+01
   3.5113600e+05   2.0083008e+03
   3.5122600e+05   3.8024902e+01
   3.5125400e+05   3.7902832e+01
   3.5130200e+05   3.4240723e+01
   3.5138100e+05   3.4667969e+01
   3.5141500e+05   4.5959473e+01
   3.5143600e+05   3.5827637e+01
   3.5152300e+05   3.6865234e+01
   3.5162200e+05   3.9550781e+01
   3.5163300e+05   3.7902832e+01
   3.5175800e+05   3.4973145e+01
   3.8412100e+05   3.8269043e+01
   3.8427200e+05   3.7353516e+01
   3.8429700e+05   3.7780762e+01
   4.0115000e+05   2.0076904e+03
   4.0123000e+05   4.2358398e+01
   4.0132100e+05   3.7170410e+01
   4.0137000e+05   3.6193848e+01
   4.0140700e+05   3.4301758e+01
   4.0144000e+05   5.0720215e+01
   4.0145600e+05   4.5837402e+01
   4.0159400e+05   4.4250488e+01
   4.0163600e+05   4.0832520e+01
   4.0168300e+05   3.4179688e+01
   4.0171300e+05   3.8940430e+01
   4.0179300e+05   3.9306641e+01
   4.0183800e+05   4.7058105e+01
   4.1671900e+05   3.7414551e+01
   4.2465100e+05   3.4301758e+01
   4.2564900e+05   3.7414551e+01
   4.2572700e+05   4.2846680e+01
   4.2574400e+05   6.6101074e+01
   4.2578600e+05   3.5217285e+01
   4.2580700e+05   5.1025391e+01
   4.2582600e+05   3.3752441e+01
   4.2588000e+05   4.0649414e+01
   4.2593800e+05   3.7414551e+01
   4.2595100e+05   4.9987793e+01
   4.2598400e+05   3.6132813e+01
   4.2601800e+05   4.0344238e+01
   4.2606500e+05   4.3090820e+01
   4.2607700e+05   3.7109375e+01
   4.2609900e+05   3.5095215e+01
   4.2612600e+05   4.1381836e+01
   4.2616100e+05   3.8940430e+01
   4.2625800e+05   3.8635254e+01
   4.2634700e+05   3.4301758e+01
   4.2657000e+05   3.5278320e+01
   4.2762600e+05   3.8024902e+01
   4.2775800e+05   3.5400391e+01
   4.2822900e+05   3.6193848e+01
   4.3028900e+05   3.7109375e+01
   4.3942100e+05   3.6926270e+01
   4.4772600e+05   3.6682129e+01
   4.5116600e+05   3.9999390e+03
   4.5123100e+05   3.7170410e+01
   4.5132700e+05   3.6376953e+01
   4.5145900e+05   4.2663574e+01
   4.5158100e+05   3.5522461e+01
   4.6917900e+05   3.5583496e+01
   4.7687300e+05   3.5217285e+01
   4.8864000e+05   3.6437988e+01
   5.0118000e+05   3.9999390e+03
   5.0141000e+05   4.1381836e+01
   5.0202300e+05   3.5949707e+01
   5.0205200e+05   4.5104980e+01
   5.0208200e+05   3.6621094e+01
   5.0214600e+05   3.4423828e+01
   5.4422100e+05   3.8452148e+01
   5.5119400e+05   3.9999390e+03
   5.5138900e+05   3.4301758e+01
   5.5150500e+05   3.4973145e+01
   5.5152700e+05   3.5156250e+01
   5.5156700e+05   3.5278320e+01
   5.5157800e+05   4.0161133e+01
   5.5160600e+05   3.4790039e+01
   5.5176200e+05   3.3691406e+01
   5.7666700e+05   3.3874512e+01
   5.7913900e+05   3.4667969e+01
   5.8174800e+05   3.4667969e+01
   6.0120800e+05   3.9999390e+03
   6.0129700e+05   3.5766602e+01
   6.0138900e+05   4.0588379e+01
   6.0142500e+05   3.4240723e+01
   6.0144500e+05   3.6254883e+01
   6.0196200e+05   3.5766602e+01
   6.0207900e+05   3.3630371e+01
   6.0214700e+05   3.5522461e+01
   6.2074300e+05   3.7780762e+01
   6.3716900e+05   3.6926270e+01
   6.5122200e+05   3.9999390e+03
   6.5138200e+05   3.5705566e+01
   6.5142500e+05   4.1259766e+01
   6.5145400e+05   3.6621094e+01
   6.5148600e+05   3.7231445e+01
   6.5161300e+05   4.8339844e+01
   6.5166300e+05   3.6193848e+01
   6.7205700e+05   3.3569336e+01
   6.8633600e+05   3.4057617e+01
   6.9480100e+05   3.3569336e+01
   7.0123600e+05   3.9999390e+03
   7.0137200e+05   3.5278320e+01
   7.0143900e+05   3.8085938e+01
   7.0151200e+05   3.6010742e+01
   7.2067600e+05   3.7536621e+01
   7.2538000e+05   3.4118652e+01
   7.4996600e+05   3.4790039e+01
   7.5125000e+05   2.0136108e+03
   7.5140500e+05   3.6254883e+01
   7.5144100e+05   3.7841797e+01
   7.5154000e+05   4.3395996e+01
   7.9614900e+05   3.4667969e+01
   7.9891000e+05   3.5522461e+01
   8.0126200e+05   2.0084229e+03
   8.0146800e+05   3.6865234e+01
   8.0149400e+05   3.4179688e+01
   8.0884700e+05   3.4179688e+01
   8.3958700e+05   4.1076660e+01
   8.5127800e+05   3.9999390e+03
   8.5144600e+05   3.8452148e+01
   8.5146300e+05   4.0527344e+01
   8.5936900e+05   3.6437988e+01
   8.7568400e+05   3.7048340e+01
   9.0129200e+05   3.9999390e+03
   9.0137700e+05   3.6621094e+01
   9.0147500e+05   3.8085938e+01
   9.5130600e+05   3.9999390e+03
   9.5143900e+05   3.3752441e+01
   9.5146000e+05   3.6499023e+01
   9.5147400e+05   3.6376953e+01
   9.5151300e+05   3.4606934e+01
   9.5155600e+05   4.3579102e+01
   9.5165100e+05   3.3569336e+01
   9.7084300e+05   3.9367676e+01
   9.7376000e+05   3.3996582e+01
   9.7701500e+05   3.6193848e+01
   9.9948400e+05   3.6071777e+01
   1.0008090e+06   3.4484863e+01
   1.0013180e+06   2.0102539e+03
   1.0014670e+06   3.4484863e+01
   1.0015700e+06   3.5461426e+01
   1.0106410e+06   3.5827637e+01
   1.0432400e+06   3.5095215e+01
   1.0444040e+06   3.3874512e+01
   1.0513340e+06   3.9999390e+03
   1.0513440e+06   3.4057617e+01
   1.0514530e+06   3.4484863e+01
   1.0515470e+06   3.3813477e+01
   1.0572110e+06   3.6437988e+01
   1.0615650e+06   3.4545898e+01
   1.0644650e+06   3.7536621e+01
   1.0766960e+06   3.4240723e+01
   1.0768510e+06   3.8818359e+01
   1.0768720e+06   3.7353516e+01
   1.0768850e+06   4.3151855e+01
   1.0769290e+06   4.4372559e+01
   1.0769470e+06   3.8146973e+01
   1.0770100e+06   4.9804688e+01
   1.0770800e+06   3.8330078e+01
   1.0771030e+06   4.1137695e+01
   1.0771630e+06   3.5583496e+01
   1.0869550e+06   3.8391113e+01
   1.0932360e+06   3.9306641e+01
   1.0983770e+06   4.2297363e+01
   1.1013460e+06   2.0104980e+03
   1.1048990e+06   3.4545898e+01
   1.1513600e+06   2.0087280e+03
   1.1515330e+06   3.4179688e+01
   1.1522310e+06   3.4057617e+01
   1.1680820e+06   3.3630371e+01
   1.2013760e+06   3.9999390e+03
   1.2016670e+06   3.3569336e+01
   1.2513880e+06   2.0117798e+03
   1.2515130e+06   3.5949707e+01
   1.2516040e+06   3.4240723e+01
   1.2517320e+06   3.5034180e+01
   1.2518560e+06   3.4667969e+01
   1.2521100e+06   3.8635254e+01
   1.2654340e+06   3.3752441e+01
   1.2949580e+06   3.4240723e+01
   1.2982740e+06   3.4240723e+01
   1.2983670e+06   3.8513184e+01
   1.2984060e+06   3.5522461e+01
   1.2984380e+06   4.0039063e+01
   1.2984560e+06   3.8269043e+01
   1.2984800e+06   4.5898438e+01
   1.2985020e+06   4.3884277e+01
   1.2985190e+06   4.2236328e+01
   1.2985380e+06   3.7780762e+01
   1.2985650e+06   3.5827637e+01
   1.2985940e+06   3.3813477e+01
   1.2986110e+06   3.8757324e+01
   1.2986570e+06   4.6264648e+01
   1.2987100e+06   4.6081543e+01
   1.2987230e+06   4.4677734e+01
   1.2987520e+06   3.6315918e+01
   1.2987910e+06   3.5705566e+01
   1.2988400e+06   4.7485352e+01
   1.2988770e+06   4.4921875e+01
   1.2990190e+06   4.0588379e+01
   1.2990710e+06   3.7048340e+01
   1.2990820e+06   3.7963867e+01
   1.2991350e+06   3.7780762e+01
   1.2992330e+06   3.9489746e+01
   1.2993540e+06   3.5156250e+01
   1.2994990e+06   3.6193848e+01
   1.2997970e+06   3.3630371e+01
   1.3014040e+06   3.9999390e+03
   1.3087730e+06   3.3752441e+01
   1.3198400e+06   3.4667969e+01
   1.3379910e+06   3.6132813e+01
   1.3460150e+06   3.5400391e+01
   1.3514160e+06   2.0079956e+03
   1.3760510e+06   3.5949707e+01
   1.3808750e+06   3.4973145e+01
   1.4014300e+06   2.0039063e+03
   1.4025740e+06   3.4301758e+01
   1.4320600e+06   3.3752441e+01
   1.4499290e+06   3.3569336e+01
   1.4514460e+06   3.9999390e+03
   1.4516500e+06   3.9367676e+01
   1.4517270e+06   3.8391113e+01
   1.4673590e+06   3.6254883e+01
   1.4676600e+06   3.7475586e+01
   1.4676970e+06   5.0292969e+01
   1.4678960e+06   3.6804199e+01
   1.4679870e+06   3.4545898e+01
   1.4680710e+06   4.1259766e+01
   1.4823300e+06   3.6071777e+01
   1.4890510e+06   3.7902832e+01
   1.4891540e+06   3.7048340e+01
   1.5014580e+06   2.0103760e+03
   1.5015420e+06   3.3935547e+01
   1.5016960e+06   3.5034180e+01
   1.5212800e+06   3.5156250e+01
   1.5215330e+06   3.6071777e+01
   1.5416750e+06   3.9062500e+01
   1.5417050e+06   3.4301758e+01
   1.5514720e+06   2.0053101e+03
   1.5515600e+06   3.7719727e+01
   1.5517180e+06   3.3935547e+01
   1.5598270e+06   3.8757324e+01
   1.5885580e+06   3.4729004e+01
   1.5889800e+06   3.7780762e+01
   1.5941640e+06   4.5837402e+01
   1.5942510e+06   3.3691406e+01
   1.5942970e+06   3.5156250e+01
   1.5943290e+06   5.8044434e+01
   1.5943700e+06   3.6804199e+01
   1.5943910e+06   4.6142578e+01
   1.5944280e+06   3.5339355e+01
   1.5945100e+06   3.7597656e+01
   1.6014860e+06   2.0098877e+03
   1.6185500e+06   3.5644531e+01
   1.6185930e+06   3.3752441e+01
   1.6186340e+06   3.4667969e+01
   1.6186510e+06   3.6315918e+01
   1.6186840e+06   3.3691406e+01
   1.6187180e+06   4.7058105e+01
   1.6187370e+06   3.5583496e+01
   1.6188150e+06   3.6804199e+01
   1.6188310e+06   3.6743164e+01
   1.6188630e+06   3.3996582e+01
   1.6189200e+06   4.8828125e+01
   1.6189550e+06   3.4729004e+01
   1.6405280e+06   3.5644531e+01
   1.6471670e+06   3.5827637e+01
   1.6474830e+06   3.3752441e+01
   1.6515000e+06   2.0074463e+03
   1.6518740e+06   3.4179688e+01
   1.6564260e+06   3.9611816e+01
   1.6676700e+06   3.7963867e+01
   1.6678410e+06   3.6437988e+01
   1.6678550e+06   3.7048340e+01
   1.6678930e+06   4.3579102e+01
   1.6733170e+06   3.6193848e+01
   1.7015160e+06   2.0112305e+03
   1.7018350e+06   3.6621094e+01
   1.7019170e+06   3.5217285e+01
   1.7019550e+06   3.4423828e+01
   1.7024450e+06   3.5949707e+01
   1.7024790e+06   3.7170410e+01
   1.7025440e+06   3.8146973e+01
   1.7025890e+06   3.8146973e+01
   1.7026260e+06   3.7780762e+01
   1.7215850e+06   3.5461426e+01
   1.7258510e+06   3.5827637e+01
   1.7258980e+06   3.4667969e+01
   1.7261200e+06   3.3569336e+01
   1.7269790e+06   3.4423828e+01
   1.7404460e+06   3.8330078e+01
   1.7515280e+06   2.0078125e+03
   1.7521470e+06   3.3691406e+01
   1.7521710e+06   3.5095215e+01
   1.7522080e+06   3.6499023e+01
   1.7522900e+06   3.5156250e+01
   1.7523390e+06   3.7170410e+01
   1.7523650e+06   5.6518555e+01
   1.7523790e+06   3.9245605e+01
   1.7523900e+06   3.3813477e+01
   1.7524430e+06   3.7109375e+01
   1.7525370e+06   3.7109375e+01
   1.7885500e+06   3.4729004e+01
   1.7991080e+06   3.5583496e+01
   1.8015440e+06   3.9999390e+03
   1.8016840e+06   4.6325684e+01
   1.8017660e+06   4.2114258e+01
   1.8017850e+06   3.9855957e+01
   1.8018680e+06   3.4973145e+01
   1.8019220e+06   3.5095215e+01
   1.8515580e+06   3.9999390e+03
   1.8517130e+06   3.4851074e+01
   1.8517400e+06   3.3691406e+01
   1.8518240e+06   3.6010742e+01
   1.8519940e+06   3.5034180e+01
   1.8523140e+06   3.6132813e+01
   1.8523720e+06   3.7353516e+01
   1.8524350e+06   3.3935547e+01
   1.8586350e+06   3.6254883e+01
   1.8873630e+06   3.3691406e+01
   1.8951210e+06   3.3630371e+01
   1.9003300e+06   3.4484863e+01
   1.9015700e+06   2.0083008e+03
   1.9016530e+06   3.4362793e+01
   1.9017180e+06   3.9001465e+01
   1.9017960e+06   4.1687012e+01
   1.9081630e+06   3.4118652e+01
   1.9295730e+06   3.4118652e+01
   1.9515860e+06   3.9999390e+03
   1.9516770e+06   3.9794922e+01
   1.9518070e+06   3.4362793e+01
   1.9518490e+06   3.7597656e+01
   1.9673690e+06   3.4301758e+01
   1.9802960e+06   3.8269043e+01
   1.9861560e+06   3.6926270e+01
   1.9886690e+06   3.4179688e+01
   2.0016000e+06   2.0080566e+03
   2.0197950e+06   3.4912109e+01
   2.0375770e+06   3.9611816e+01
   2.0387970e+06   3.3630371e+01
   2.0388340e+06   3.7170410e+01
   2.0389310e+06   4.2663574e+01
   2.0389930e+06   4.3090820e+01
   2.0390180e+06   3.5461426e+01
   2.0390590e+06   3.4851074e+01
   2.0391180e+06   4.7851563e+01
   2.0391610e+06   3.6682129e+01
   2.0392110e+06   3.6315918e+01
   2.0392240e+06   4.6813965e+01
   2.0392530e+06   4.0039063e+01
   2.0392750e+06   3.4667969e+01
   2.0392880e+06   3.8879395e+01
   2.0393550e+06   3.3630371e+01
   2.0394240e+06   3.4240723e+01
   2.0394360e+06   4.0710449e+01
   2.0395050e+06   3.3630371e+01
   2.0395350e+06   3.5827637e+01
   2.0395450e+06   3.4057617e+01
   2.0395600e+06   3.6743164e+01
   2.0396890e+06   4.5837402e+01
   2.0397530e+06   3.4667969e+01
   2.0397930e+06   3.4545898e+01
   2.0398920e+06   3.3813477e+01
   2.0399480e+06   3.9062500e+01
   2.0400500e+06   3.3813477e+01
   2.0402270e+06   3.3752441e+01
   2.0404110e+06   3.3569336e+01
   2.0405140e+06   3.6071777e+01
   2.0413260e+06   3.4851074e+01
   2.0516140e+06   3.9999390e+03
   2.0517560e+06   3.3813477e+01
   2.0661190e+06   3.4729004e+01
   2.0921710e+06   3.5034180e+01
   2.0925930e+06   3.8696289e+01
   2.1016280e+06   3.9999390e+03
   2.1017120e+06   3.6987305e+01
   2.1350180e+06   3.4179688e+01
   2.1516400e+06   2.0115356e+03
   2.1518780e+06   3.4301758e+01
   2.1642410e+06   3.4118652e+01
   2.2016540e+06   2.0060425e+03
   2.2017870e+06   3.6071777e+01
   2.2019520e+06   3.9794922e+01
   2.2489150e+06   3.4545898e+01
   2.2510780e+06   3.6254883e+01
   2.2516680e+06   2.0080566e+03
   2.2518980e+06   4.4372559e+01
   2.2524510e+06   3.6254883e+01
   2.2775710e+06   3.6987305e+01
   2.3016840e+06   3.9999390e+03
   2.3019430e+06   3.8513184e+01
   2.3019690e+06   3.5766602e+01
   2.3472250e+06   3.4301758e+01
   2.3516980e+06   3.9999390e+03
   2.3517820e+06   3.5583496e+01
   2.3518310e+06   3.9794922e+01
   2.3518800e+06   3.4240723e+01
   2.3519240e+06   3.7780762e+01
   2.3521360e+06   3.3874512e+01
   2.4017100e+06   2.0082397e+03
   2.4072060e+06   3.4973145e+01
   2.4517240e+06   2.0084229e+03
   2.4518460e+06   3.7109375e+01
   2.4532700e+06   3.6437988e+01
   2.4670240e+06   3.3630371e+01
   2.4765430e+06   3.4179688e+01
   2.4766180e+06   3.8146973e+01
   2.4766470e+06   4.5288086e+01
   2.4767070e+06   5.1574707e+01
   2.4767300e+06   5.3100586e+01
   2.4768220e+06   3.9428711e+01
   2.4768430e+06   3.3630371e+01
   2.4768640e+06   3.5278320e+01
   2.4769670e+06   3.6132813e+01
   2.4769920e+06   4.2907715e+01
   2.4770060e+06   3.5949707e+01
   2.4770240e+06   3.8757324e+01
   2.4772800e+06   3.5949707e+01
   2.4777250e+06   3.3935547e+01
   2.4988600e+06   3.5522461e+01
   2.5259040e+06   3.3935547e+01
   2.5282900e+06   3.5888672e+01
   2.6549910e+06   3.5827637e+01
   2.6585540e+06   4.0161133e+01
   2.7266290e+06   3.8879395e+01
   2.7266720e+06   4.1625977e+01
   2.7267170e+06   3.4790039e+01
   2.7267550e+06   3.4423828e+01
   2.7267700e+06   4.9438477e+01
   2.7268320e+06   3.3813477e+01
   2.7268640e+06   3.7414551e+01
   2.7268970e+06   3.8513184e+01
   2.7270140e+06   4.5837402e+01
   2.7270500e+06   3.5888672e+01
   2.7270690e+06   3.5827637e+01
   2.7270880e+06   4.4006348e+01
   2.7271130e+06   3.4362793e+01
   2.7271370e+06   3.8818359e+01
   2.7272030e+06   3.4484863e+01
   2.7272710e+06   3.4484863e+01
   2.7272870e+06   3.6132813e+01
   2.7273200e+06   3.9916992e+01
   2.7273360e+06   4.4555664e+01
   2.7273950e+06   3.4545898e+01
   2.7274050e+06   3.6437988e+01
   2.7275190e+06   3.5705566e+01
   2.7275430e+06   3.4118652e+01
   2.7275850e+06   3.6804199e+01
   2.7276690e+06   3.6315918e+01
   2.7277830e+06   3.7719727e+01
   2.7285900e+06   3.3874512e+01
   2.7341590e+06   3.3935547e+01
   2.7419740e+06   3.5949707e+01
   2.7700530e+06   3.3691406e+01
   2.8986480e+06   3.6010742e+01
   2.9626380e+06   3.6499023e+01
