   2.9990000e+06   0.0000000e+00
   1.0400000e+03   3.9999390e+03
   1.0620000e+03   3.5705566e+01
   1.1020000e+03   4.3945313e+01
   1.1340000e+03   4.0954590e+01
   1.1440000e+03   4.5532227e+01
   1.1930000e+03   3.4118652e+01
   1.2040000e+03   3.3874512e+01
   1.7839000e+04   3.6437988e+01
   4.9571000e+04   3.3752441e+01
   5.1052000e+04   2.0100098e+03
   5.1122000e+04   4.2358398e+01
   5.1134000e+04   6.1767578e+01
   5.1154000e+04   5.2429199e+01
   5.1189000e+04   4.8400879e+01
   5.1218000e+04   3.8574219e+01
   5.1245000e+04   5.1940918e+01
   5.1260000e+04   4.6508789e+01
   5.1350000e+04   3.5827637e+01
   9.2760000e+04   3.6804199e+01
   9.2865000e+04   3.9428711e+01
   9.2882000e+04   5.5236816e+01
   9.2910000e+04   4.7668457e+01
   9.2943000e+04   3.4729004e+01
   9.3126000e+04   3.3752441e+01
   9.7979000e+04   3.4301758e+01
   1.0106600e+05   2.0106201e+03
   1.0109600e+05   3.4851074e+01
   1.0113400e+05   3.8757324e+01
   1.0118300e+05   3.7231445e+01
   1.0122500e+05   3.4057617e+01
   1.0123900e+05   4.2053223e+01
   1.0127100e+05   3.5217285e+01
   1.0130900e+05   3.5217285e+01
   1.0132200e+05   4.3823242e+01
   1.0135500e+05   4.4982910e+01
   1.0147000e+05   4.0039063e+01
   1.5108200e+05   3.9999390e+03
   1.5109200e+05   4.4616699e+01
   1.5114800e+05   3.8940430e+01
   1.5116300e+05   4.8156738e+01
   1.5118600e+05   3.8391113e+01
   1.5120400e+05   4.8583984e+01
   1.5121500e+05   5.6945801e+01
   1.5122900e+05   5.1879883e+01
   1.5124500e+05   4.3579102e+01
   1.5126800e+05   3.5278320e+01
   1.5128700e+05   5.0964355e+01
   1.5130400e+05   4.2602539e+01
   1.5133200e+05   5.1757813e+01
   1.5136100e+05   5.2307129e+01
   1.5140300e+05   3.8940430e+01
   1.5142000e+05   3.9611816e+01
   1.5145700e+05   3.9489746e+01
   1.5148600e+05   5.2978516e+01
   1.5150500e+05   6.1767578e+01
   1.5152300e+05   4.8278809e+01
   1.5153500e+05   3.4057617e+01
   1.5155600e+05   3.6437988e+01
   1.5156900e+05   4.4982910e+01
   1.5159500e+05   5.4992676e+01
   1.5161000e+05   4.6569824e+01
   1.5164100e+05   6.3720703e+01
   1.5165300e+05   4.4494629e+01
   1.5167800e+05   5.1513672e+01
   1.5169900e+05   5.1208496e+01
   1.5172100e+05   3.3569336e+01
   1.5174100e+05   4.7912598e+01
   1.5177900e+05   5.0476074e+01
   1.5180200e+05   4.5349121e+01
   1.5182000e+05   4.1992188e+01
   1.5184500e+05   4.4311523e+01
   1.5190900e+05   4.2297363e+01
   1.5194500e+05   3.4851074e+01
   1.5200700e+05   3.3874512e+01
   1.5204100e+05   3.6987305e+01
   1.5215900e+05   3.3874512e+01
   1.5239500e+05   3.4912109e+01
   1.5256400e+05   3.3813477e+01
   1.5269500e+05   3.7231445e+01
   1.5606200e+05   3.5217285e+01
   2.0109600e+05   3.9999390e+03
   2.0117300e+05   4.5471191e+01
   2.0119300e+05   4.3945313e+01
   2.0120900e+05   3.8208008e+01
   2.0123100e+05   3.7048340e+01
   2.0126800e+05   3.7475586e+01
   2.0128800e+05   4.4128418e+01
   2.0132600e+05   4.4860840e+01
   2.0134300e+05   5.9143066e+01
   2.0138700e+05   3.5949707e+01
   2.0142300e+05   3.5644531e+01
   2.0145400e+05   4.5776367e+01
   2.0149700e+05   3.5888672e+01
   2.0153300e+05   3.7353516e+01
   2.0160100e+05   3.7292480e+01
   2.0163200e+05   4.2053223e+01
   2.0170900e+05   3.5949707e+01
   2.0178500e+05   3.9550781e+01
   2.0193500e+05   3.6010742e+01
   2.2214600e+05   3.9245605e+01
   2.2218000e+05   4.4006348e+01
   2.2221900e+05   5.3283691e+01
   2.2224600e+05   6.4880371e+01
   2.2227400e+05   4.6691895e+01
   2.2229000e+05   4.1320801e+01
   2.2232100e+05   5.1757813e+01
   2.2233100e+05   4.9682617e+01
   2.2234800e+05   5.0842285e+01
   2.2237000e+05   4.2053223e+01
   2.2239500e+05   4.3579102e+01
   2.2241200e+05   4.1137695e+01
   2.2245000e+05   3.4851074e+01
   2.2248200e+05   4.0588379e+01
   2.2249600e+05   4.3823242e+01
   2.2251100e+05   3.5339355e+01
   2.2252200e+05   4.5776367e+01
   2.2255100e+05   3.4240723e+01
   2.2259300e+05   3.5705566e+01
   2.2267600e+05   3.9062500e+01
   2.2276700e+05   3.5949707e+01
   2.2296700e+05   3.8696289e+01
   2.5110800e+05   2.0066528e+03
   2.5113800e+05   4.5104980e+01
   2.5115500e+05   4.3029785e+01
   2.5118500e+05   5.6457520e+01
   2.5120800e+05   3.5888672e+01
   2.5122800e+05   3.3935547e+01
   2.5125100e+05   5.6213379e+01
   2.5126800e+05   4.7302246e+01
   2.5128900e+05   6.3354492e+01
   2.5132100e+05   5.0720215e+01
   2.5136300e+05   3.6071777e+01
   2.5139700e+05   4.0466309e+01
   2.5146200e+05   4.1259766e+01
   2.5148500e+05   4.6997070e+01
   2.5151500e+05   3.3996582e+01
   2.5155600e+05   3.3630371e+01
   2.5158000e+05   3.4790039e+01
   2.5163300e+05   3.8574219e+01
   2.5178600e+05   3.3996582e+01
   2.8271200e+05   4.1687012e+01
   2.8276300e+05   3.5522461e+01
   2.8278000e+05   4.0222168e+01
   2.8284400e+05   3.8330078e+01
   2.8285500e+05   3.5095215e+01
   2.8288200e+05   3.4606934e+01
   2.8290900e+05   3.9367676e+01
   2.8292100e+05   3.9855957e+01
   2.8297400e+05   4.2053223e+01
   2.8369100e+05   3.7780762e+01
   3.0112200e+05   2.0142822e+03
   3.0114600e+05   3.5705566e+01
   3.0116200e+05   4.0466309e+01
   3.0118700e+05   3.6132813e+01
   3.0120000e+05   1.0028076e+02
   3.0122400e+05   4.1137695e+01
   3.0124600e+05   3.4606934e+01
   3.0127200e+05   4.1931152e+01
   3.0129900e+05   3.6804199e+01
   3.0132000e+05   5.5358887e+01
   3.0135800e+05   3.8574219e+01
   3.0147500e+05   4.0222168e+01
   3.0149100e+05   3.6315918e+01
   3.0154800e+05   3.7048340e+01
   3.0160700e+05   3.7414551e+01
   3.0181100e+05   3.4851074e+01
   3.3184500e+05   3.9062500e+01
   3.3187400e+05   3.4179688e+01
   3.3192900e+05   3.8024902e+01
   3.3680500e+05   3.5278320e+01
   3.3685400e+05   4.1137695e+01
   3.3698500e+05   3.8085938e+01
   3.3707200e+05   3.5705566e+01
   3.3720800e+05   3.4606934e+01
   3.3721900e+05   3.4423828e+01
   3.3725200e+05   3.5644531e+01
   3.5113600e+05   2.0053101e+03
   3.5115000e+05   4.4677734e+01
   3.5117700e+05   3.4240723e+01
   3.5119600e+05   3.3813477e+01
   3.5120900e+05   5.3894043e+01
   3.5123900e+05   3.7780762e+01
   3.5127200e+05   5.4321289e+01
   3.5128500e+05   3.6010742e+01
   3.5132300e+05   5.1025391e+01
   3.5138300e+05   5.5847168e+01
   3.5140800e+05   3.6560059e+01
   3.5142000e+05   3.4423828e+01
   3.5147100e+05   3.9184570e+01
   3.5155700e+05   3.5583496e+01
   3.5157900e+05   3.8330078e+01
   3.5160400e+05   3.4973145e+01
   3.5166000e+05   3.6865234e+01
   3.5171900e+05   4.3518066e+01
   3.5174200e+05   3.3874512e+01
   3.5177800e+05   3.6621094e+01
   3.8415900e+05   3.6865234e+01
   3.9663200e+05   3.3874512e+01
   4.0115000e+05   2.0068970e+03
   4.0116500e+05   4.2724609e+01
   4.0118900e+05   3.8085938e+01
   4.0121000e+05   4.5349121e+01
   4.0122900e+05   5.0170898e+01
   4.0125100e+05   4.6386719e+01
   4.0128000e+05   4.0161133e+01
   4.0131100e+05   5.1818848e+01
   4.0133500e+05   4.6203613e+01
   4.0135000e+05   3.5949707e+01
   4.0139200e+05   5.3894043e+01
   4.0140600e+05   5.5480957e+01
   4.0144500e+05   3.6132813e+01
   4.0147800e+05   3.7475586e+01
   4.0148900e+05   4.0283203e+01
   4.0151700e+05   3.5766602e+01
   4.0153800e+05   5.2368164e+01
   4.0155200e+05   3.5827637e+01
   4.0163800e+05   4.2602539e+01
   4.0165500e+05   3.4851074e+01
   4.0170600e+05   4.4128418e+01
   4.0173300e+05   3.4423828e+01
   4.0179000e+05   3.6254883e+01
   4.0181300e+05   3.6865234e+01
   4.2559400e+05   3.7353516e+01
   4.2561400e+05   5.9631348e+01
   4.2565600e+05   4.1503906e+01
   4.2570100e+05   3.9733887e+01
   4.2571600e+05   4.3334961e+01
   4.2574500e+05   5.2185059e+01
   4.2575600e+05   4.0832520e+01
   4.2576900e+05   5.3527832e+01
   4.2579600e+05   3.8024902e+01
   4.2580800e+05   3.8696289e+01
   4.2583500e+05   4.1076660e+01
   4.2585800e+05   5.4260254e+01
   4.2587700e+05   4.4738770e+01
   4.2588800e+05   4.8461914e+01
   4.2592900e+05   3.8391113e+01
   4.2596200e+05   3.7292480e+01
   4.2599700e+05   3.9550781e+01
   4.2602000e+05   3.7719727e+01
   4.2603800e+05   3.7414551e+01
   4.2605600e+05   3.7902832e+01
   4.2608900e+05   3.7658691e+01
   4.2610300e+05   3.6193848e+01
   4.2615000e+05   3.3935547e+01
   4.2620300e+05   3.5339355e+01
   4.2638300e+05   3.6315918e+01
   4.2639500e+05   4.6264648e+01
   4.5116400e+05   2.0080566e+03
   4.5117600e+05   4.9926758e+01
   4.5122900e+05   4.9560547e+01
   4.5124000e+05   6.2072754e+01
   4.5125200e+05   4.0100098e+01
   4.5130400e+05   4.2602539e+01
   4.5132700e+05   3.7597656e+01
   4.5135500e+05   4.8156738e+01
   4.5137700e+05   3.4484863e+01
   4.5147700e+05   4.0222168e+01
   4.9849500e+05   4.0039063e+01
   4.9855300e+05   3.7475586e+01
   4.9860900e+05   3.7780762e+01
   5.0117800e+05   2.0114746e+03
   5.0120800e+05   4.6386719e+01
   5.0121900e+05   3.7109375e+01
   5.0125000e+05   5.6518555e+01
   5.0127900e+05   3.9916992e+01
   5.0130800e+05   4.8278809e+01
   5.0132200e+05   3.7109375e+01
   5.0134200e+05   4.1870117e+01
   5.0137600e+05   4.1625977e+01
   5.0144100e+05   3.4484863e+01
   5.5119200e+05   2.0112305e+03
   5.5120500e+05   5.4504395e+01
   5.5124800e+05   4.6691895e+01
   5.5126900e+05   4.2846680e+01
   5.5128400e+05   3.8940430e+01
   5.5132000e+05   3.4606934e+01
   5.5133600e+05   4.9804688e+01
   5.5136800e+05   5.1513672e+01
   5.5137800e+05   3.4240723e+01
   5.5140400e+05   4.0588379e+01
   5.5142600e+05   3.8391113e+01
   5.5144000e+05   6.2194824e+01
   5.5146600e+05   3.8269043e+01
   5.5154700e+05   3.7231445e+01
   5.5217700e+05   3.3508301e+01
   6.0120800e+05   3.9999390e+03
   6.0124400e+05   3.4057617e+01
   6.0127900e+05   3.5888672e+01
   6.0128900e+05   4.3212891e+01
   6.0132700e+05   4.2602539e+01
   6.0133800e+05   4.5410156e+01
   6.0136800e+05   3.9672852e+01
   6.0141900e+05   3.3508301e+01
   6.0145500e+05   3.3752441e+01
   6.0154000e+05   3.3996582e+01
   6.0156300e+05   3.7902832e+01
   6.0203200e+05   3.4973145e+01
   6.0213600e+05   3.6499023e+01
   6.0219500e+05   3.3508301e+01
   6.5122200e+05   3.9999390e+03
   6.5125000e+05   4.2541504e+01
   6.5127500e+05   3.7353516e+01
   6.5129400e+05   4.3029785e+01
   6.5134800e+05   3.8940430e+01
   6.5138500e+05   3.8330078e+01
   6.5141900e+05   3.8146973e+01
   6.5143100e+05   5.2856445e+01
   6.5145900e+05   3.3630371e+01
   6.5161000e+05   3.6804199e+01
   6.5162500e+05   4.2724609e+01
   6.5170900e+05   3.8696289e+01
   6.5243200e+05   3.4362793e+01
   7.0123600e+05   3.9999390e+03
   7.0126400e+05   4.8950195e+01
   7.0131100e+05   4.7180176e+01
   7.0133200e+05   4.2724609e+01
   7.0135100e+05   3.5766602e+01
   7.0137900e+05   4.5898438e+01
   7.0141400e+05   4.7973633e+01
   7.0144100e+05   5.0292969e+01
   7.0145200e+05   4.3212891e+01
   7.0159400e+05   3.9550781e+01
   7.0201500e+05   3.4606934e+01
   7.0276200e+05   3.6804199e+01
   7.5125000e+05   3.9999390e+03
   7.5126300e+05   4.2053223e+01
   7.5128600e+05   3.6926270e+01
   7.5131400e+05   4.0588379e+01
   7.5139100e+05   5.3344727e+01
   7.5141800e+05   3.7414551e+01
   7.5143800e+05   4.9682617e+01
   7.5147800e+05   4.0405273e+01
   7.5156500e+05   3.5583496e+01
   7.6451200e+05   3.5583496e+01
   8.0126200e+05   2.0180664e+03
   8.0129200e+05   4.6936035e+01
   8.0134200e+05   7.6049805e+01
   8.0136300e+05   3.4240723e+01
   8.0140600e+05   3.4545898e+01
   8.0143600e+05   4.6386719e+01
   8.0148000e+05   4.0405273e+01
   8.0152100e+05   3.4790039e+01
   8.0162600e+05   3.7658691e+01
   8.4778900e+05   3.4240723e+01
   8.5127800e+05   3.9999390e+03
   8.5130600e+05   4.1992188e+01
   8.5134400e+05   4.6203613e+01
   8.5137300e+05   5.5236816e+01
   8.5142000e+05   3.6560059e+01
   8.5143300e+05   3.4545898e+01
   8.5145500e+05   4.0161133e+01
   8.5147900e+05   5.2307129e+01
   8.5151600e+05   3.8940430e+01
   8.5162100e+05   4.7790527e+01
   8.5174300e+05   3.4240723e+01
   8.5179100e+05   4.1442871e+01
   8.5196100e+05   3.5766602e+01
   8.5266500e+05   3.3508301e+01
   8.8829000e+05   3.6254883e+01
   9.0129000e+05   2.0083008e+03
   9.0133600e+05   3.3813477e+01
   9.0135100e+05   4.0039063e+01
   9.0137600e+05   6.8115234e+01
   9.0142300e+05   4.7302246e+01
   9.0143400e+05   3.6437988e+01
   9.0154300e+05   3.9123535e+01
   9.0199600e+05   4.3212891e+01
   9.4115200e+05   3.3874512e+01
   9.5130400e+05   2.0070190e+03
   9.5131900e+05   4.7180176e+01
   9.5134400e+05   3.6926270e+01
   9.5137200e+05   3.5217285e+01
   9.5139300e+05   5.2307129e+01
   9.5142100e+05   3.7658691e+01
   9.5143500e+05   3.5888672e+01
   9.5145500e+05   3.5522461e+01
   9.5147500e+05   3.6315918e+01
   9.5154600e+05   4.2785645e+01
   9.5157200e+05   3.7780762e+01
   9.5159200e+05   3.9794922e+01
   9.5161000e+05   3.4118652e+01
   9.5191100e+05   4.6752930e+01
   9.5193900e+05   3.6010742e+01
   9.5223900e+05   3.8879395e+01
   9.5243800e+05   3.5400391e+01
   9.5289600e+05   3.3508301e+01
   1.0013200e+06   3.9999390e+03
   1.0013320e+06   5.7800293e+01
   1.0013650e+06   4.6752930e+01
   1.0014000e+06   3.5461426e+01
   1.0014690e+06   5.4687500e+01
   1.0017550e+06   3.4790039e+01
   1.0025780e+06   3.4057617e+01
   1.0513320e+06   2.0098267e+03
   1.0514100e+06   3.8818359e+01
   1.0514260e+06   4.7729492e+01
   1.0514510e+06   3.4912109e+01
   1.0514740e+06   4.4921875e+01
   1.0515010e+06   3.3874512e+01
   1.0515460e+06   3.3996582e+01
   1.0515670e+06   3.9978027e+01
   1.0515800e+06   3.9428711e+01
   1.0517430e+06   3.7475586e+01
   1.0518770e+06   3.3569336e+01
   1.0639960e+06   3.7231445e+01
   1.0766690e+06   3.4606934e+01
   1.0766950e+06   3.9428711e+01
   1.0767290e+06   3.7475586e+01
   1.0767560e+06   4.8828125e+01
   1.0767740e+06   4.6386719e+01
   1.0767950e+06   3.5644531e+01
   1.0768210e+06   3.3813477e+01
   1.0768570e+06   3.9123535e+01
   1.0768850e+06   4.9011230e+01
   1.0768960e+06   3.9184570e+01
   1.0769160e+06   3.8635254e+01
   1.0769440e+06   3.3630371e+01
   1.0769760e+06   4.5349121e+01
   1.0770160e+06   4.1198730e+01
   1.0770700e+06   3.5339355e+01
   1.0770830e+06   3.9489746e+01
   1.0771110e+06   3.4851074e+01
   1.0771270e+06   3.4912109e+01
   1.0771460e+06   3.4484863e+01
   1.0771790e+06   3.9672852e+01
   1.1013480e+06   2.0124512e+03
   1.1013580e+06   5.1818848e+01
   1.1013850e+06   3.9306641e+01
   1.1014260e+06   5.2856445e+01
   1.1014420e+06   3.3630371e+01
   1.1015160e+06   3.4240723e+01
   1.1015660e+06   3.5522461e+01
   1.1016240e+06   3.4606934e+01
   1.1513620e+06   3.9999390e+03
   1.1513740e+06   3.7109375e+01
   1.1513990e+06   3.5095215e+01
   1.1514300e+06   5.2551270e+01
   1.1514470e+06   3.6987305e+01
   1.1514600e+06   5.8532715e+01
   1.1514940e+06   3.6865234e+01
   1.1515070e+06   5.6335449e+01
   1.1515380e+06   3.6804199e+01
   1.1515570e+06   3.7902832e+01
   1.1515740e+06   3.3630371e+01
   1.1516270e+06   3.9428711e+01
   1.1516760e+06   3.7475586e+01
   1.1517540e+06   3.5400391e+01
   1.1521870e+06   3.4606934e+01
   1.2013760e+06   3.9999390e+03
   1.2013890e+06   3.5095215e+01
   1.2014450e+06   3.7780762e+01
   1.2015050e+06   3.3630371e+01
   1.2015550e+06   3.6132813e+01
   1.2016260e+06   3.7109375e+01
   1.2016390e+06   3.3996582e+01
   1.2016970e+06   3.7780762e+01
   1.2017690e+06   4.6508789e+01
   1.2019590e+06   3.4179688e+01
   1.2513880e+06   2.0094604e+03
   1.2514030e+06   4.9560547e+01
   1.2514420e+06   3.5461426e+01
   1.2514650e+06   4.7729492e+01
   1.2514800e+06   4.2968750e+01
   1.2515350e+06   4.1503906e+01
   1.2515860e+06   3.3691406e+01
   1.2516230e+06   4.2175293e+01
   1.2516980e+06   3.4362793e+01
   1.2517660e+06   3.5400391e+01
   1.2518850e+06   3.4423828e+01
   1.2519130e+06   3.4973145e+01
   1.2524310e+06   3.9855957e+01
   1.2886080e+06   3.5949707e+01
   1.2982610e+06   3.3813477e+01
   1.2982880e+06   3.3691406e+01
   1.2983080e+06   3.3691406e+01
   1.2983240e+06   3.8391113e+01
   1.2983440e+06   5.3771973e+01
   1.2983650e+06   5.7128906e+01
   1.2983790e+06   4.0649414e+01
   1.2984020e+06   3.6804199e+01
   1.2984270e+06   4.1442871e+01
   1.2984430e+06   3.4240723e+01
   1.2984620e+06   5.3649902e+01
   1.2984890e+06   4.6325684e+01
   1.2985020e+06   3.3935547e+01
   1.2985320e+06   4.1198730e+01
   1.2985420e+06   3.5095215e+01
   1.2985750e+06   8.0749512e+01
   1.2985880e+06   3.4423828e+01
   1.2986120e+06   4.8400879e+01
   1.2986470e+06   3.9794922e+01
   1.2986580e+06   4.7485352e+01
   1.2986720e+06   4.5776367e+01
   1.2987180e+06   4.2480469e+01
   1.2987380e+06   4.7241211e+01
   1.2987710e+06   3.4545898e+01
   1.2988030e+06   3.8208008e+01
   1.2988300e+06   3.9367676e+01
   1.2988440e+06   3.7902832e+01
   1.2988830e+06   5.1513672e+01
   1.2989190e+06   4.0832520e+01
   1.2989630e+06   3.7780762e+01
   1.2989920e+06   4.4555664e+01
   1.2990580e+06   4.2114258e+01
   1.2991650e+06   3.8024902e+01
   1.2995620e+06   3.4851074e+01
   1.2996710e+06   3.4118652e+01
   1.3014020e+06   2.0081177e+03
   1.3014270e+06   3.7292480e+01
   1.3014390e+06   3.9733887e+01
   1.3015030e+06   3.7048340e+01
   1.3514180e+06   3.9999390e+03
   1.3514400e+06   3.4912109e+01
   1.3514610e+06   3.5461426e+01
   1.3514850e+06   4.2846680e+01
   1.3515190e+06   4.2175293e+01
   1.3515820e+06   3.5400391e+01
   1.3516430e+06   3.7414551e+01
   1.3945390e+06   3.5217285e+01
   1.4014300e+06   2.0108643e+03
   1.4014440e+06   4.5410156e+01
   1.4014770e+06   4.8889160e+01
   1.4014990e+06   4.4799805e+01
   1.4015230e+06   3.5949707e+01
   1.4015660e+06   4.7485352e+01
   1.4016290e+06   3.8146973e+01
   1.4017530e+06   3.4729004e+01
   1.4018020e+06   3.4973145e+01
   1.4022600e+06   4.8339844e+01
   1.4024160e+06   3.6987305e+01
   1.4514440e+06   2.0070801e+03
   1.4514570e+06   3.9428711e+01
   1.4514890e+06   4.8278809e+01
   1.4515170e+06   3.6743164e+01
   1.4515280e+06   4.9621582e+01
   1.4515590e+06   3.4301758e+01
   1.4515900e+06   3.9916992e+01
   1.4516470e+06   3.3691406e+01
   1.4516780e+06   5.3588867e+01
   1.4517330e+06   3.9550781e+01
   1.4517930e+06   3.7963867e+01
   1.4518720e+06   3.6132813e+01
   1.4519290e+06   3.5095215e+01
   1.4523380e+06   3.8818359e+01
   1.4676600e+06   3.4545898e+01
   1.4677730e+06   3.3996582e+01
   1.4678070e+06   3.3935547e+01
   1.4678230e+06   3.6560059e+01
   1.4679440e+06   3.3874512e+01
   1.4680760e+06   3.4118652e+01
   1.5014580e+06   2.0170288e+03
   1.5014880e+06   3.9001465e+01
   1.5014980e+06   3.7048340e+01
   1.5015340e+06   4.1809082e+01
   1.5015480e+06   4.2419434e+01
   1.5015930e+06   4.3945313e+01
   1.5016810e+06   3.8696289e+01
   1.5016980e+06   3.8879395e+01
   1.5017390e+06   3.6254883e+01
   1.5020240e+06   3.4851074e+01
   1.5021200e+06   3.8024902e+01
   1.5212210e+06   3.4606934e+01
   1.5212710e+06   3.8146973e+01
   1.5213760e+06   3.7353516e+01
   1.5214770e+06   4.0527344e+01
   1.5414850e+06   3.6437988e+01
   1.5415270e+06   3.5461426e+01
   1.5415830e+06   3.3508301e+01
   1.5416220e+06   4.1015625e+01
   1.5417110e+06   3.6499023e+01
   1.5417440e+06   3.4790039e+01
   1.5417760e+06   3.7170410e+01
   1.5514740e+06   2.0125122e+03
   1.5514840e+06   6.3598633e+01
   1.5515120e+06   3.4606934e+01
   1.5515700e+06   5.0354004e+01
   1.5516020e+06   5.0170898e+01
   1.5517150e+06   3.5278320e+01
   1.5887170e+06   3.5583496e+01
   1.5888000e+06   3.4179688e+01
   1.5888730e+06   3.3874512e+01
   1.5940370e+06   3.3508301e+01
   1.5941360e+06   3.9855957e+01
   1.5941630e+06   3.8879395e+01
   1.5941990e+06   3.7658691e+01
   1.5942100e+06   3.5156250e+01
   1.5942320e+06   3.6132813e+01
   1.5942730e+06   4.8400879e+01
   1.5942920e+06   5.0170898e+01
   1.5943500e+06   3.7963867e+01
   1.5943960e+06   3.5705566e+01
   1.5944570e+06   3.4912109e+01
   1.5944830e+06   4.0039063e+01
   1.5945120e+06   3.9306641e+01
   1.5945670e+06   3.4240723e+01
   1.6014860e+06   2.0115356e+03
   1.6015010e+06   4.3395996e+01
   1.6015670e+06   5.1513672e+01
   1.6016120e+06   3.3630371e+01
   1.6016460e+06   3.8024902e+01
   1.6084350e+06   3.4118652e+01
   1.6185100e+06   3.5095215e+01
   1.6185380e+06   3.4851074e+01
   1.6185510e+06   3.8269043e+01
   1.6185740e+06   5.3771973e+01
   1.6185960e+06   4.4189453e+01
   1.6186470e+06   3.4851074e+01
   1.6187060e+06   4.0466309e+01
   1.6187620e+06   3.5705566e+01
   1.6187920e+06   4.2968750e+01
   1.6188340e+06   3.4057617e+01
   1.6188480e+06   3.9428711e+01
   1.6188800e+06   3.4851074e+01
   1.6188920e+06   3.6987305e+01
   1.6189210e+06   3.6132813e+01
   1.6189670e+06   3.6376953e+01
   1.6194460e+06   3.8024902e+01
   1.6515000e+06   2.0105591e+03
   1.6515120e+06   5.8227539e+01
   1.6515800e+06   3.4118652e+01
   1.6515960e+06   4.4250488e+01
   1.6516420e+06   3.5583496e+01
   1.6516620e+06   4.0039063e+01
   1.6516760e+06   3.7597656e+01
   1.6516990e+06   3.7048340e+01
   1.6517100e+06   3.6132813e+01
   1.6518450e+06   3.4851074e+01
   1.6675360e+06   3.3630371e+01
   1.6675820e+06   3.4729004e+01
   1.6676920e+06   3.4301758e+01
   1.7015160e+06   2.0096436e+03
   1.7015270e+06   4.0161133e+01
   1.7015860e+06   4.0710449e+01
   1.7016050e+06   6.9274902e+01
   1.7016150e+06   3.8879395e+01
   1.7016500e+06   3.4484863e+01
   1.7016620e+06   5.2185059e+01
   1.7016910e+06   4.1809082e+01
   1.7017010e+06   3.5705566e+01
   1.7017380e+06   4.3334961e+01
   1.7017480e+06   4.3579102e+01
   1.7017740e+06   3.5217285e+01
   1.7018960e+06   3.3508301e+01
   1.7019060e+06   3.5156250e+01
   1.7021710e+06   3.8391113e+01
   1.7022100e+06   3.4790039e+01
   1.7022650e+06   3.6437988e+01
   1.7022940e+06   3.8024902e+01
   1.7023240e+06   4.5104980e+01
   1.7023410e+06   3.5034180e+01
   1.7023710e+06   3.4240723e+01
   1.7023990e+06   3.3813477e+01
   1.7024120e+06   3.8330078e+01
   1.7024510e+06   3.6560059e+01
   1.7024700e+06   4.4738770e+01
   1.7024960e+06   3.8269043e+01
   1.7025260e+06   3.6132813e+01
   1.7025610e+06   3.6254883e+01
   1.7026040e+06   3.8696289e+01
   1.7256160e+06   3.7292480e+01
   1.7256580e+06   3.6743164e+01
   1.7257880e+06   4.1748047e+01
   1.7258200e+06   3.8269043e+01
   1.7258660e+06   4.4433594e+01
   1.7258900e+06   4.9804688e+01
   1.7259550e+06   4.7912598e+01
   1.7259670e+06   3.3996582e+01
   1.7259820e+06   3.4729004e+01
   1.7403170e+06   3.5339355e+01
   1.7403790e+06   3.4912109e+01
   1.7515300e+06   3.9999390e+03
   1.7515410e+06   4.2236328e+01
   1.7515830e+06   4.0344238e+01
   1.7516060e+06   6.2988281e+01
   1.7516330e+06   4.7851563e+01
   1.7516480e+06   3.4057617e+01
   1.7517310e+06   3.6376953e+01
   1.7518230e+06   4.4494629e+01
   1.7520340e+06   4.8522949e+01
   1.7520560e+06   3.3630371e+01
   1.7520800e+06   4.8217773e+01
   1.7520940e+06   3.4423828e+01
   1.7521300e+06   3.6499023e+01
   1.7521850e+06   4.1015625e+01
   1.7522250e+06   3.4301758e+01
   1.7522450e+06   3.7536621e+01
   1.7522550e+06   3.9733887e+01
   1.7523160e+06   4.0771484e+01
   1.7523350e+06   4.4128418e+01
   1.7523580e+06   5.3710938e+01
   1.7523800e+06   3.8757324e+01
   1.7524090e+06   3.7170410e+01
   1.7525120e+06   3.9428711e+01
   1.8015420e+06   2.0064697e+03
   1.8015720e+06   4.0161133e+01
   1.8016250e+06   3.5888672e+01
   1.8016710e+06   3.3996582e+01
   1.8016850e+06   4.3823242e+01
   1.8017080e+06   3.3630371e+01
   1.8017340e+06   3.4118652e+01
   1.8017470e+06   4.8522949e+01
   1.8017750e+06   3.4973145e+01
   1.8018020e+06   3.8452148e+01
   1.8018370e+06   3.6193848e+01
   1.8018870e+06   3.5705566e+01
   1.8020340e+06   3.6132813e+01
   1.8515580e+06   3.9999390e+03
   1.8515860e+06   3.7658691e+01
   1.8515970e+06   3.4362793e+01
   1.8516350e+06   3.6743164e+01
   1.8516760e+06   4.1992188e+01
   1.8517050e+06   4.6630859e+01
   1.8517310e+06   4.6447754e+01
   1.8517650e+06   5.1452637e+01
   1.8517770e+06   3.8940430e+01
   1.8518400e+06   3.6254883e+01
   1.8518640e+06   3.4179688e+01
   1.8520850e+06   3.9672852e+01
   1.8521520e+06   3.8940430e+01
   1.8521860e+06   4.4006348e+01
   1.8522290e+06   4.4555664e+01
   1.8522590e+06   3.6682129e+01
   1.8522850e+06   3.7475586e+01
   1.8523050e+06   3.9245605e+01
   1.8524070e+06   3.6926270e+01
   1.8524960e+06   3.5339355e+01
   1.8534130e+06   3.3996582e+01
   1.8755760e+06   3.5644531e+01
   1.8900130e+06   3.3813477e+01
   1.9015700e+06   2.0087891e+03
   1.9016150e+06   3.6437988e+01
   1.9016380e+06   3.6804199e+01
   1.9016750e+06   5.0598145e+01
   1.9017730e+06   3.4790039e+01
   1.9018140e+06   3.6865234e+01
   1.9018480e+06   3.4606934e+01
   1.9510190e+06   3.7475586e+01
   1.9515840e+06   2.0070190e+03
   1.9515960e+06   5.5175781e+01
   1.9516470e+06   3.8940430e+01
   1.9516840e+06   5.1574707e+01
   1.9516940e+06   4.0710449e+01
   1.9517600e+06   3.9916992e+01
   1.9517890e+06   3.6987305e+01
   1.9518140e+06   3.5949707e+01
   1.9518360e+06   3.6376953e+01
   1.9518730e+06   4.0588379e+01
   1.9519300e+06   3.5400391e+01
   1.9519730e+06   3.4973145e+01
   1.9992520e+06   3.3996582e+01
   2.0015980e+06   2.0117798e+03
   2.0016120e+06   4.2968750e+01
   2.0016700e+06   4.3334961e+01
   2.0016960e+06   5.7800293e+01
   2.0017250e+06   3.6560059e+01
   2.0017420e+06   3.8208008e+01
   2.0017800e+06   3.3691406e+01
   2.0018080e+06   3.5156250e+01
   2.0018210e+06   3.5583496e+01
   2.0018850e+06   4.2663574e+01
   2.0019670e+06   4.1564941e+01
   2.0080120e+06   3.3813477e+01
   2.0386690e+06   3.9001465e+01
   2.0387260e+06   4.0954590e+01
   2.0387980e+06   4.5043945e+01
   2.0388100e+06   4.6081543e+01
   2.0388380e+06   4.0405273e+01
   2.0388520e+06   3.4423828e+01
   2.0388880e+06   3.9672852e+01
   2.0389030e+06   4.4372559e+01
   2.0389180e+06   3.8818359e+01
   2.0389350e+06   4.0466309e+01
   2.0389650e+06   5.1330566e+01
   2.0389820e+06   3.6071777e+01
   2.0390010e+06   8.1787109e+01
   2.0390220e+06   5.2734375e+01
   2.0390500e+06   5.7067871e+01
   2.0390830e+06   4.2724609e+01
   2.0391040e+06   5.1452637e+01
   2.0391200e+06   3.6926270e+01
   2.0391560e+06   3.7841797e+01
   2.0392050e+06   3.4179688e+01
   2.0392320e+06   4.6875000e+01
   2.0392530e+06   3.4606934e+01
   2.0392690e+06   4.4189453e+01
   2.0392970e+06   3.4851074e+01
   2.0393590e+06   4.8889160e+01
   2.0393930e+06   3.8024902e+01
   2.0394220e+06   3.5644531e+01
   2.0394410e+06   4.1931152e+01
   2.0394590e+06   3.9855957e+01
   2.0394970e+06   3.6865234e+01
   2.0395220e+06   4.0954590e+01
   2.0395350e+06   4.9377441e+01
   2.0396160e+06   4.0954590e+01
   2.0397050e+06   3.5034180e+01
   2.0397860e+06   3.7963867e+01
   2.0398120e+06   3.7353516e+01
   2.0399030e+06   4.2114258e+01
   2.0400220e+06   3.6560059e+01
   2.0400380e+06   3.4729004e+01
   2.0400530e+06   3.7170410e+01
   2.0401570e+06   3.7414551e+01
   2.0401680e+06   3.6682129e+01
   2.0401950e+06   3.4118652e+01
   2.0403080e+06   4.4128418e+01
   2.0422340e+06   3.4179688e+01
   2.0431420e+06   3.4362793e+01
   2.0516140e+06   3.9999390e+03
   2.0516260e+06   4.0710449e+01
   2.0516780e+06   3.9062500e+01
   2.0517200e+06   3.7292480e+01
   2.0517390e+06   4.1137695e+01
   2.1016260e+06   2.0060425e+03
   2.1016400e+06   3.7353516e+01
   2.1016940e+06   3.4179688e+01
   2.1017100e+06   3.4790039e+01
   2.1017340e+06   3.6804199e+01
   2.1516400e+06   2.0099487e+03
   2.1516540e+06   4.2419434e+01
   2.1516690e+06   3.7536621e+01
   2.1517050e+06   4.3762207e+01
   2.1517650e+06   4.4067383e+01
   2.1518190e+06   3.9062500e+01
   2.1518420e+06   3.5766602e+01
   2.1518600e+06   3.7414551e+01
   2.1520360e+06   3.5095215e+01
   2.2016540e+06   2.0087891e+03
   2.2016680e+06   4.3701172e+01
   2.2017250e+06   4.3701172e+01
   2.2017570e+06   4.7973633e+01
   2.2017790e+06   4.4006348e+01
   2.2018080e+06   3.9001465e+01
   2.2018380e+06   4.5166016e+01
   2.2019260e+06   3.5461426e+01
   2.2019750e+06   3.4362793e+01
   2.2516680e+06   2.0097656e+03
   2.2516810e+06   4.3884277e+01
   2.2517570e+06   3.9611816e+01
   2.2517900e+06   3.4545898e+01
   2.2518090e+06   4.4372559e+01
   2.2518380e+06   3.6621094e+01
   2.2518550e+06   3.9611816e+01
   2.2519480e+06   4.3395996e+01
   2.2520150e+06   4.0222168e+01
   2.2521370e+06   3.5522461e+01
   2.2523530e+06   3.4301758e+01
   2.2847030e+06   3.3813477e+01
   2.3016820e+06   2.0059814e+03
   2.3017220e+06   3.3569336e+01
   2.3017360e+06   4.4555664e+01
   2.3017600e+06   4.1198730e+01
   2.3018200e+06   3.6010742e+01
   2.3018340e+06   3.6987305e+01
   2.3019630e+06   4.0527344e+01
   2.3019950e+06   4.9133301e+01
   2.3020340e+06   3.4118652e+01
   2.3516980e+06   3.9999390e+03
   2.3517090e+06   5.0292969e+01
   2.3517690e+06   3.5888672e+01
   2.3517840e+06   4.2297363e+01
   2.3518190e+06   3.3752441e+01
   2.3518560e+06   3.8757324e+01
   2.3518860e+06   3.6865234e+01
   2.3519200e+06   3.7353516e+01
   2.3519690e+06   4.6203613e+01
   2.3520180e+06   3.3508301e+01
   2.4017100e+06   2.0116577e+03
   2.4017230e+06   4.0100098e+01
   2.4017920e+06   3.8391113e+01
   2.4018390e+06   3.9001465e+01
   2.4018550e+06   6.5429688e+01
   2.4019200e+06   4.0771484e+01
   2.4019660e+06   3.6743164e+01
   2.4022130e+06   3.4545898e+01
   2.4517240e+06   2.0063477e+03
   2.4517380e+06   4.5288086e+01
   2.4518170e+06   4.9682617e+01
   2.4518670e+06   3.5827637e+01
   2.4519090e+06   3.4912109e+01
   2.4523240e+06   3.4973145e+01
   2.4524290e+06   4.2114258e+01
   2.4529290e+06   3.4667969e+01
   2.4531380e+06   3.5095215e+01
   2.4531870e+06   3.9733887e+01
   2.4763990e+06   4.1564941e+01
   2.4765170e+06   4.0832520e+01
   2.4765530e+06   3.9062500e+01
   2.4765880e+06   3.6376953e+01
   2.4766280e+06   4.3884277e+01
   2.4766570e+06   4.6936035e+01
   2.4766850e+06   4.7302246e+01
   2.4767030e+06   3.7414551e+01
   2.4767310e+06   3.9489746e+01
   2.4767460e+06   3.9001465e+01
   2.4768530e+06   3.5278320e+01
   2.4768910e+06   4.4799805e+01
   2.4769230e+06   4.7851563e+01
   2.4769460e+06   3.4423828e+01
   2.4770080e+06   4.1992188e+01
   2.4770340e+06   4.0405273e+01
   2.4770540e+06   3.7414551e+01
   2.4770820e+06   3.9184570e+01
   2.4771410e+06   3.7963867e+01
   2.4771800e+06   3.4240723e+01
   2.4772960e+06   3.5095215e+01
   2.4773460e+06   3.4362793e+01
   2.4774160e+06   3.5705566e+01
   2.5742840e+06   3.8940430e+01
   2.5930060e+06   3.5461426e+01
   2.7255010e+06   3.5705566e+01
   2.7264160e+06   3.7719727e+01
   2.7265140e+06   3.3630371e+01
   2.7265310e+06   3.8940430e+01
   2.7266260e+06   4.6264648e+01
   2.7266400e+06   3.3752441e+01
   2.7266780e+06   4.4311523e+01
   2.7267330e+06   3.4912109e+01
   2.7267600e+06   6.8725586e+01
   2.7267810e+06   3.8269043e+01
   2.7267970e+06   3.6621094e+01
   2.7268080e+06   4.1687012e+01
   2.7268480e+06   3.4973145e+01
   2.7268940e+06   3.7597656e+01
   2.7269070e+06   3.9550781e+01
   2.7269310e+06   3.3569336e+01
   2.7269430e+06   3.7841797e+01
   2.7269530e+06   3.3630371e+01
   2.7270320e+06   3.4667969e+01
   2.7270660e+06   4.8034668e+01
   2.7270830e+06   3.4118652e+01
   2.7270980e+06   3.9001465e+01
   2.7271630e+06   3.4667969e+01
   2.7271910e+06   3.8146973e+01
   2.7272290e+06   4.0344238e+01
   2.7272620e+06   3.8269043e+01
   2.7273190e+06   3.7719727e+01
   2.7273670e+06   4.4555664e+01
   2.7273910e+06   4.1931152e+01
   2.7274240e+06   3.3752441e+01
   2.7274520e+06   3.4912109e+01
   2.7274730e+06   3.7048340e+01
   2.7274960e+06   3.4851074e+01
   2.7275580e+06   3.4851074e+01
   2.7277700e+06   3.3874512e+01
   2.7278630e+06   3.7963867e+01
   2.7281130e+06   4.4067383e+01
   2.7282640e+06   3.3874512e+01
   2.8463490e+06   3.6254883e+01
   2.8493090e+06   3.4667969e+01
   2.8795210e+06   4.4372559e+01
   2.9131520e+06   3.6560059e+01
   2.9238630e+06   3.3752441e+01
