   2.9990000e+06   0.0000000e+00
   1.0400000e+03   3.9999390e+03
   1.0510000e+03   5.5053711e+01
   1.0650000e+03   3.9306641e+01
   1.0980000e+03   8.5571289e+01
   1.1160000e+03   3.7109375e+01
   1.1500000e+03   4.4311523e+01
   1.1700000e+03   6.1462402e+01
   1.1920000e+03   3.8940430e+01
   1.2590000e+03   3.8818359e+01
   4.9242000e+04   5.6884766e+01
   4.9252000e+04   3.7841797e+01
   4.9283000e+04   6.2255859e+01
   5.1054000e+04   3.9999390e+03
   5.1067000e+04   5.4077148e+01
   5.1108000e+04   7.1044922e+01
   5.1121000e+04   5.7189941e+01
   5.1164000e+04   4.2968750e+01
   5.1192000e+04   6.2500000e+01
   5.1202000e+04   4.5227051e+01
   5.1361000e+04   4.6081543e+01
   9.2520000e+04   4.8217773e+01
   9.2549000e+04   3.7048340e+01
   9.2606000e+04   4.0100098e+01
   9.2630000e+04   4.7363281e+01
   9.2657000e+04   5.7189941e+01
   9.2695000e+04   3.5705566e+01
   9.2730000e+04   4.7729492e+01
   9.2743000e+04   4.4006348e+01
   9.2766000e+04   3.8818359e+01
   9.2835000e+04   6.4025879e+01
   9.2857000e+04   4.6752930e+01
   9.6566000e+04   3.5339355e+01
   1.0106600e+05   2.0091553e+03
   1.0107700e+05   6.0913086e+01
   1.0112700e+05   5.8410645e+01
   1.0116900e+05   5.0842285e+01
   1.0119600e+05   3.6804199e+01
   1.0121600e+05   4.0466309e+01
   1.0129600e+05   3.8696289e+01
   1.0139300e+05   3.9855957e+01
   1.0141000e+05   3.8024902e+01
   1.3483400e+05   4.9194336e+01
   1.5108000e+05   2.0083008e+03
   1.5109600e+05   4.4616699e+01
   1.5113700e+05   6.3293457e+01
   1.5116700e+05   3.8696289e+01
   1.5118100e+05   6.6711426e+01
   1.5120400e+05   3.5827637e+01
   1.5124400e+05   4.4799805e+01
   1.5129400e+05   3.9978027e+01
   1.5132400e+05   4.7973633e+01
   1.5135400e+05   4.1198730e+01
   1.5142100e+05   3.7963867e+01
   1.5144000e+05   3.6987305e+01
   1.5154400e+05   4.5898438e+01
   1.5157500e+05   4.6142578e+01
   1.5164100e+05   3.7292480e+01
   1.5166000e+05   4.9682617e+01
   1.5170200e+05   5.1147461e+01
   1.5171300e+05   5.4382324e+01
   1.5175600e+05   3.7719727e+01
   1.5177000e+05   3.9550781e+01
   1.5180700e+05   4.2297363e+01
   1.5186900e+05   4.5471191e+01
   1.5189500e+05   4.1076660e+01
   1.5195600e+05   3.8879395e+01
   1.5214200e+05   4.1198730e+01
   1.7406500e+05   3.6071777e+01
   2.0109400e+05   2.0087891e+03
   2.0110900e+05   4.0405273e+01
   2.0112200e+05   3.5827637e+01
   2.0115000e+05   8.7951660e+01
   2.0117200e+05   4.8034668e+01
   2.0121300e+05   5.8227539e+01
   2.0124100e+05   5.8837891e+01
   2.0128700e+05   4.0588379e+01
   2.0130000e+05   5.2246094e+01
   2.0133800e+05   4.2846680e+01
   2.0139000e+05   3.8146973e+01
   2.0142300e+05   5.3405762e+01
   2.0145600e+05   4.3823242e+01
   2.0152300e+05   4.7485352e+01
   2.0177500e+05   3.7231445e+01
   2.0179700e+05   3.5217285e+01
   2.2218500e+05   3.5583496e+01
   2.2226300e+05   4.3579102e+01
   2.2227600e+05   5.4016113e+01
   2.2231800e+05   3.4484863e+01
   2.2234200e+05   4.2297363e+01
   2.2236100e+05   7.2387695e+01
   2.2241800e+05   3.4729004e+01
   2.2242800e+05   4.5654297e+01
   2.2245600e+05   4.1137695e+01
   2.2247900e+05   3.6437988e+01
   2.2249600e+05   3.4729004e+01
   2.2253800e+05   4.7668457e+01
   2.2258000e+05   4.1503906e+01
   2.5111000e+05   2.0060425e+03
   2.5112200e+05   4.9377441e+01
   2.5113600e+05   4.0405273e+01
   2.5116800e+05   6.4697266e+01
   2.5118000e+05   4.4067383e+01
   2.5120700e+05   3.8391113e+01
   2.5123400e+05   3.8513184e+01
   2.5124600e+05   4.1015625e+01
   2.5128600e+05   4.0222168e+01
   2.5133000e+05   3.4606934e+01
   2.5135400e+05   5.2246094e+01
   2.5137900e+05   3.7719727e+01
   2.5152900e+05   3.6865234e+01
   2.5176700e+05   4.9133301e+01
   2.8253200e+05   3.6926270e+01
   2.8257200e+05   4.6813965e+01
   2.8263000e+05   3.8879395e+01
   2.8264200e+05   4.1259766e+01
   2.8266800e+05   3.5644531e+01
   2.8268500e+05   3.6499023e+01
   2.8272600e+05   3.9916992e+01
   2.8275700e+05   6.9335938e+01
   2.8278300e+05   3.5522461e+01
   2.8475400e+05   3.5766602e+01
   3.0112400e+05   3.9999390e+03
   3.0114100e+05   3.8330078e+01
   3.0116200e+05   3.8574219e+01
   3.0118100e+05   5.7739258e+01
   3.0121000e+05   4.6508789e+01
   3.0124200e+05   4.9316406e+01
   3.0125500e+05   7.7453613e+01
   3.0130800e+05   4.4250488e+01
   3.0132200e+05   5.3283691e+01
   3.0140300e+05   5.5847168e+01
   3.0157400e+05   3.4362793e+01
   3.0158900e+05   3.5888672e+01
   3.0162600e+05   3.8452148e+01
   3.0181800e+05   5.0170898e+01
   3.3662600e+05   3.5400391e+01
   3.3665100e+05   3.4362793e+01
   3.3669400e+05   6.5307617e+01
   3.3670600e+05   3.8757324e+01
   3.3673000e+05   4.4616699e+01
   3.3676600e+05   4.8217773e+01
   3.3677900e+05   4.3029785e+01
   3.3683100e+05   5.1147461e+01
   3.3685200e+05   4.4311523e+01
   3.3702200e+05   5.9143066e+01
   3.5113800e+05   3.9999390e+03
   3.5115200e+05   4.0222168e+01
   3.5117700e+05   4.3457031e+01
   3.5119000e+05   8.1665039e+01
   3.5121000e+05   3.6804199e+01
   3.5127300e+05   3.6499023e+01
   3.5128800e+05   3.8024902e+01
   3.5133800e+05   3.6743164e+01
   3.5137100e+05   3.5339355e+01
   3.5139500e+05   5.6579590e+01
   3.5147200e+05   3.4729004e+01
   3.8404500e+05   4.0649414e+01
   3.8406400e+05   3.8635254e+01
   3.8410700e+05   4.2175293e+01
   3.8417100e+05   5.2246094e+01
   3.8430100e+05   4.9316406e+01
   4.0115200e+05   3.9999390e+03
   4.0116500e+05   3.9794922e+01
   4.0120800e+05   8.2824707e+01
   4.0129600e+05   4.0283203e+01
   4.0132500e+05   3.4423828e+01
   4.0137800e+05   4.2663574e+01
   4.0141700e+05   3.6865234e+01
   4.0148400e+05   4.1625977e+01
   4.2567300e+05   7.3242188e+01
   4.2569600e+05   4.6203613e+01
   4.2570800e+05   3.5156250e+01
   4.2573900e+05   4.8461914e+01
   4.2576100e+05   6.1035156e+01
   4.2577200e+05   3.7963867e+01
   4.2581700e+05   4.7912598e+01
   4.2586500e+05   3.5461426e+01
   4.2589400e+05   3.5095215e+01
   4.2591400e+05   3.9001465e+01
   4.2604900e+05   3.4484863e+01
   4.2606800e+05   3.9611816e+01
   4.2608500e+05   4.7973633e+01
   4.2639600e+05   3.9123535e+01
   4.2664800e+05   3.4851074e+01
   4.5116400e+05   2.0079956e+03
   4.5118500e+05   5.5725098e+01
   4.5121700e+05   6.3903809e+01
   4.5122800e+05   3.8879395e+01
   4.5127500e+05   4.7851563e+01
   4.5128500e+05   4.8217773e+01
   4.5136500e+05   4.0710449e+01
   4.5140500e+05   4.2236328e+01
   4.5142600e+05   4.0039063e+01
   4.5805300e+05   3.6743164e+01
   5.0117800e+05   2.0086670e+03
   5.0119200e+05   4.6508789e+01
   5.0122100e+05   3.6987305e+01
   5.0123700e+05   5.4382324e+01
   5.0125700e+05   3.8024902e+01
   5.0128500e+05   3.9611816e+01
   5.0131900e+05   5.7861328e+01
   5.0139400e+05   3.4790039e+01
   5.0141500e+05   5.6274414e+01
   5.0195500e+05   5.0964355e+01
   5.5119200e+05   2.0072632e+03
   5.5120700e+05   4.4433594e+01
   5.5123600e+05   5.3222656e+01
   5.5125000e+05   6.2133789e+01
   5.5127100e+05   4.3395996e+01
   5.5130200e+05   4.1992188e+01
   5.5132500e+05   3.9916992e+01
   5.5138500e+05   3.9001465e+01
   5.5141700e+05   3.5156250e+01
   5.5145000e+05   3.6193848e+01
   5.5151800e+05   3.4545898e+01
   5.5168400e+05   4.5104980e+01
   6.0120800e+05   3.9999390e+03
   6.0122500e+05   4.5288086e+01
   6.0126300e+05   7.1655273e+01
   6.0129000e+05   4.3518066e+01
   6.0133300e+05   4.8217773e+01
   6.0143400e+05   3.7597656e+01
   6.0151000e+05   4.1015625e+01
   6.0208900e+05   4.8522949e+01
   6.0214100e+05   6.2927246e+01
   6.5122000e+05   2.0092163e+03
   6.5123500e+05   4.7485352e+01
   6.5127800e+05   6.5612793e+01
   6.5131100e+05   5.1086426e+01
   6.5134600e+05   4.0161133e+01
   6.5135800e+05   5.3771973e+01
   6.5137100e+05   5.3527832e+01
   6.5142100e+05   4.2297363e+01
   6.5144800e+05   4.2846680e+01
   6.5147000e+05   4.1625977e+01
   6.5149900e+05   4.2907715e+01
   6.5152700e+05   3.7109375e+01
   6.5156100e+05   4.7363281e+01
   6.5223600e+05   4.9621582e+01
   6.9264700e+05   3.5034180e+01
   7.0123400e+05   2.0095825e+03
   7.0124700e+05   4.9194336e+01
   7.0129300e+05   6.7565918e+01
   7.0130800e+05   3.9245605e+01
   7.0135100e+05   4.4494629e+01
   7.0136800e+05   6.5612793e+01
   7.0141500e+05   4.8217773e+01
   7.0145400e+05   3.7170410e+01
   7.0153600e+05   4.7180176e+01
   7.0160500e+05   4.3762207e+01
   7.5124800e+05   2.0087891e+03
   7.5126300e+05   4.7912598e+01
   7.5130100e+05   7.1960449e+01
   7.5132000e+05   6.3476563e+01
   7.5134100e+05   5.3894043e+01
   7.5136900e+05   6.5002441e+01
   7.5138800e+05   6.0241699e+01
   7.5144600e+05   4.2236328e+01
   7.5147300e+05   4.3640137e+01
   7.5152300e+05   3.5339355e+01
   7.5157600e+05   3.9672852e+01
   7.6741000e+05   5.8288574e+01
   7.6752600e+05   4.6447754e+01
   7.6761600e+05   4.1137695e+01
   8.0126400e+05   3.9999390e+03
   8.0127500e+05   6.0668945e+01
   8.0130600e+05   3.9733887e+01
   8.0131800e+05   5.0659180e+01
   8.0136100e+05   3.5644531e+01
   8.0137700e+05   4.8828125e+01
   8.0139400e+05   3.7048340e+01
   8.0145900e+05   4.2724609e+01
   8.0148100e+05   4.4128418e+01
   8.0153700e+05   4.0771484e+01
   8.4464900e+05   5.9570313e+01
   8.5127800e+05   3.9999390e+03
   8.5128900e+05   4.8278809e+01
   8.5133300e+05   6.2194824e+01
   8.5136400e+05   4.3518066e+01
   8.5139700e+05   5.8593750e+01
   8.5143900e+05   4.1503906e+01
   8.5149000e+05   4.3579102e+01
   8.8483400e+05   3.9306641e+01
   8.8520900e+05   4.1931152e+01
   8.8549900e+05   3.4912109e+01
   9.0129000e+05   2.0139771e+03
   9.0130400e+05   4.8583984e+01
   9.0133400e+05   4.7790527e+01
   9.0134500e+05   8.0444336e+01
   9.0136000e+05   4.4128418e+01
   9.0137100e+05   3.9489746e+01
   9.0141900e+05   3.7353516e+01
   9.0150200e+05   4.7668457e+01
   9.0152600e+05   3.4851074e+01
   9.0153800e+05   3.4423828e+01
   9.3023800e+05   5.7556152e+01
   9.4972500e+05   6.4453125e+01
   9.5130400e+05   2.0079346e+03
   9.5131700e+05   4.1442871e+01
   9.5133100e+05   3.5034180e+01
   9.5136300e+05   6.3232422e+01
   9.5137600e+05   4.5043945e+01
   9.5139700e+05   3.9489746e+01
   9.5143500e+05   5.3649902e+01
   9.5159500e+05   3.9428711e+01
   1.0013200e+06   3.9999390e+03
   1.0013320e+06   5.5480957e+01
   1.0013590e+06   3.6376953e+01
   1.0013840e+06   6.8969727e+01
   1.0014170e+06   4.1442871e+01
   1.0014570e+06   3.6132813e+01
   1.0014910e+06   4.7668457e+01
   1.0015170e+06   4.4860840e+01
   1.0015800e+06   3.8330078e+01
   1.0240360e+06   5.6518555e+01
   1.0242330e+06   4.9926758e+01
   1.0243260e+06   3.7719727e+01
   1.0369730e+06   6.1645508e+01
   1.0370590e+06   3.9489746e+01
   1.0371390e+06   3.4973145e+01
   1.0513320e+06   2.0100098e+03
   1.0513460e+06   6.3049316e+01
   1.0513830e+06   5.6945801e+01
   1.0514360e+06   4.1381836e+01
   1.0514870e+06   3.6499023e+01
   1.0515070e+06   3.8696289e+01
   1.0516100e+06   3.5400391e+01
   1.0767920e+06   5.9753418e+01
   1.0768160e+06   6.2316895e+01
   1.0768790e+06   4.2114258e+01
   1.0769180e+06   5.1574707e+01
   1.0769630e+06   5.5358887e+01
   1.0769950e+06   3.5095215e+01
   1.0770180e+06   4.8767090e+01
   1.0770370e+06   5.0781250e+01
   1.0772830e+06   3.8818359e+01
   1.1013460e+06   2.0115356e+03
   1.1013630e+06   5.8532715e+01
   1.1013740e+06   3.6499023e+01
   1.1014050e+06   6.1645508e+01
   1.1014190e+06   4.5898438e+01
   1.1014790e+06   4.7851563e+01
   1.1014920e+06   1.0101318e+02
   1.1513600e+06   2.0168457e+03
   1.1513810e+06   5.1086426e+01
   1.1514180e+06   5.7922363e+01
   1.1514310e+06   7.7026367e+01
   1.1514440e+06   6.0119629e+01
   1.1514940e+06   5.4992676e+01
   1.1515730e+06   4.9682617e+01
   1.1516050e+06   4.2358398e+01
   1.1794090e+06   6.2866211e+01
   1.1900250e+06   3.4423828e+01
   1.2013740e+06   2.0112915e+03
   1.2013890e+06   4.6813965e+01
   1.2014230e+06   5.6457520e+01
   1.2014530e+06   4.3212891e+01
   1.2014870e+06   4.8278809e+01
   1.2015530e+06   3.5461426e+01
   1.2016190e+06   5.3283691e+01
   1.2513880e+06   2.0043945e+03
   1.2514030e+06   5.3955078e+01
   1.2514160e+06   3.4790039e+01
   1.2514470e+06   8.7829590e+01
   1.2514970e+06   4.0710449e+01
   1.2515440e+06   5.2673340e+01
   1.2515700e+06   5.1940918e+01
   1.2516030e+06   3.5522461e+01
   1.2517090e+06   4.2724609e+01
   1.2517240e+06   4.5898438e+01
   1.2521170e+06   4.4189453e+01
   1.2521540e+06   3.8085938e+01
   1.2521800e+06   4.9316406e+01
   1.2983790e+06   3.5766602e+01
   1.2984380e+06   5.9631348e+01
   1.2984480e+06   5.7800293e+01
   1.2985060e+06   3.9184570e+01
   1.2985200e+06   4.9011230e+01
   1.2985560e+06   4.5288086e+01
   1.2985890e+06   4.0771484e+01
   1.2986250e+06   6.0302734e+01
   1.2987030e+06   3.8940430e+01
   1.2987340e+06   5.1513672e+01
   1.2987690e+06   4.0771484e+01
   1.2988330e+06   3.4851074e+01
   1.2988500e+06   6.0668945e+01
   1.2988800e+06   4.4006348e+01
   1.2989510e+06   4.6875000e+01
   1.2990450e+06   4.6691895e+01
   1.2990840e+06   4.1870117e+01
   1.2991020e+06   4.0283203e+01
   1.2992150e+06   5.5908203e+01
   1.2992510e+06   3.5278320e+01
   1.2993980e+06   3.4851074e+01
   1.2994290e+06   4.6081543e+01
   1.3014020e+06   2.0096436e+03
   1.3014200e+06   6.4514160e+01
   1.3014660e+06   5.7434082e+01
   1.3514160e+06   2.0094604e+03
   1.3514310e+06   4.8828125e+01
   1.3514750e+06   5.8410645e+01
   1.3514860e+06   5.1452637e+01
   1.3515320e+06   3.7048340e+01
   1.3515500e+06   6.3720703e+01
   1.3515870e+06   4.4372559e+01
   1.3516030e+06   3.5095215e+01
   1.4014320e+06   3.9999390e+03
   1.4014460e+06   4.9560547e+01
   1.4014890e+06   6.7016602e+01
   1.4015020e+06   5.6518555e+01
   1.4015130e+06   4.3212891e+01
   1.4015700e+06   4.4433594e+01
   1.4016070e+06   4.8522949e+01
   1.4514440e+06   2.0086670e+03
   1.4514620e+06   5.1574707e+01
   1.4514900e+06   4.1015625e+01
   1.4515020e+06   5.0109863e+01
   1.4515170e+06   4.2480469e+01
   1.4515450e+06   6.2988281e+01
   1.4515790e+06   5.9692383e+01
   1.4516160e+06   4.9255371e+01
   1.4516620e+06   4.2297363e+01
   1.4517490e+06   4.5715332e+01
   1.4675250e+06   3.4362793e+01
   1.4676110e+06   3.8024902e+01
   1.4677910e+06   5.6213379e+01
   1.4889590e+06   3.6499023e+01
   1.4892010e+06   4.7790527e+01
   1.4892840e+06   3.7902832e+01
   1.4893120e+06   5.3283691e+01
   1.5014580e+06   2.0097656e+03
   1.5014730e+06   3.8635254e+01
   1.5014860e+06   3.4423828e+01
   1.5015170e+06   5.5541992e+01
   1.5015370e+06   5.7922363e+01
   1.5015660e+06   3.4545898e+01
   1.5016010e+06   5.3100586e+01
   1.5016350e+06   6.0485840e+01
   1.5209210e+06   4.6081543e+01
   1.5210120e+06   3.5278320e+01
   1.5210570e+06   5.0292969e+01
   1.5210840e+06   3.9062500e+01
   1.5211030e+06   3.5888672e+01
   1.5212320e+06   3.7231445e+01
   1.5213760e+06   3.8269043e+01
   1.5413430e+06   8.1726074e+01
   1.5413870e+06   6.8908691e+01
   1.5414190e+06   4.7363281e+01
   1.5414570e+06   4.5410156e+01
   1.5415440e+06   4.5349121e+01
   1.5415610e+06   3.9672852e+01
   1.5415920e+06   3.8818359e+01
   1.5514720e+06   2.0056152e+03
   1.5514870e+06   5.7556152e+01
   1.5515310e+06   5.9387207e+01
   1.5515610e+06   6.7321777e+01
   1.5515820e+06   4.5532227e+01
   1.5516510e+06   4.1992188e+01
   1.5885900e+06   6.4819336e+01
   1.5886360e+06   3.4790039e+01
   1.5886640e+06   6.2683105e+01
   1.5886840e+06   5.4382324e+01
   1.5887460e+06   4.8034668e+01
   1.5888190e+06   3.8879395e+01
   1.5888630e+06   3.6804199e+01
   1.5941770e+06   5.3466797e+01
   1.5942800e+06   4.8156738e+01
   1.5943050e+06   3.5034180e+01
   1.6014880e+06   3.9999390e+03
   1.6014980e+06   5.5847168e+01
   1.6015320e+06   4.6569824e+01
   1.6015460e+06   6.0974121e+01
   1.6015820e+06   4.6569824e+01
   1.6184180e+06   4.3518066e+01
   1.6184380e+06   4.6325684e+01
   1.6184690e+06   4.6936035e+01
   1.6184970e+06   4.1992188e+01
   1.6185370e+06   3.6682129e+01
   1.6185510e+06   6.6101074e+01
   1.6185830e+06   4.8706055e+01
   1.6186180e+06   4.5776367e+01
   1.6186350e+06   8.0200195e+01
   1.6186630e+06   3.5095215e+01
   1.6187060e+06   4.2053223e+01
   1.6187590e+06   4.3151855e+01
   1.6188450e+06   5.1452637e+01
   1.6188820e+06   3.6437988e+01
   1.6515020e+06   3.9999390e+03
   1.6515140e+06   5.0292969e+01
   1.6515600e+06   5.8410645e+01
   1.6515730e+06   6.5246582e+01
   1.6515940e+06   4.0588379e+01
   1.6516090e+06   4.1442871e+01
   1.6516320e+06   4.1015625e+01
   1.6516590e+06   3.5461426e+01
   1.6516850e+06   4.0222168e+01
   1.6674820e+06   3.4484863e+01
   1.6675170e+06   3.5278320e+01
   1.6676070e+06   4.7180176e+01
   1.6676870e+06   4.3884277e+01
   1.6677000e+06   5.4199219e+01
   1.6677210e+06   5.6457520e+01
   1.7015140e+06   2.0080566e+03
   1.7015320e+06   4.6997070e+01
   1.7015580e+06   4.6264648e+01
   1.7015730e+06   6.4025879e+01
   1.7016020e+06   5.0476074e+01
   1.7016510e+06   4.8156738e+01
   1.7016700e+06   4.4250488e+01
   1.7022290e+06   5.3588867e+01
   1.7023320e+06   3.4851074e+01
   1.7023610e+06   4.7973633e+01
   1.7023940e+06   5.0109863e+01
   1.7024810e+06   5.7006836e+01
   1.7025550e+06   3.6804199e+01
   1.7258900e+06   8.0139160e+01
   1.7265490e+06   4.7973633e+01
   1.7266000e+06   3.8269043e+01
   1.7266400e+06   6.0485840e+01
   1.7266540e+06   3.4912109e+01
   1.7268370e+06   4.0100098e+01
   1.7402210e+06   3.8085938e+01
   1.7402400e+06   5.4443359e+01
   1.7402550e+06   5.4565430e+01
   1.7403750e+06   4.2358398e+01
   1.7403950e+06   3.4912109e+01
   1.7515300e+06   3.9999390e+03
   1.7515440e+06   4.1015625e+01
   1.7515560e+06   4.1564941e+01
   1.7515810e+06   5.6335449e+01
   1.7522850e+06   5.2490234e+01
   1.7523020e+06   5.0781250e+01
   1.7523370e+06   4.8217773e+01
   1.7523970e+06   5.2185059e+01
   1.8015440e+06   3.9999390e+03
   1.8015550e+06   5.5419922e+01
   1.8015700e+06   3.4484863e+01
   1.8016010e+06   6.5307617e+01
   1.8016130e+06   5.4565430e+01
   1.8016450e+06   3.7414551e+01
   1.8016670e+06   4.7973633e+01
   1.8016830e+06   5.6762695e+01
   1.8017250e+06   4.1992188e+01
   1.8017540e+06   4.0222168e+01
   1.8019420e+06   4.6447754e+01
   1.8021720e+06   4.1198730e+01
   1.8300570e+06   4.4189453e+01
   1.8515580e+06   3.9999390e+03
   1.8515700e+06   4.4738770e+01
   1.8515960e+06   3.9672852e+01
   1.8516140e+06   5.4748535e+01
   1.8516410e+06   5.5541992e+01
   1.8516770e+06   3.9916992e+01
   1.8516990e+06   4.1137695e+01
   1.8517470e+06   3.5095215e+01
   1.8518600e+06   4.9194336e+01
   1.8518910e+06   4.6691895e+01
   1.8520030e+06   3.4912109e+01
   1.8522810e+06   3.6499023e+01
   1.9015700e+06   2.0112305e+03
   1.9015840e+06   3.9062500e+01
   1.9016270e+06   5.4931641e+01
   1.9016410e+06   4.2846680e+01
   1.9016590e+06   4.1320801e+01
   1.9016830e+06   3.4912109e+01
   1.9017080e+06   4.2419434e+01
   1.9017670e+06   3.7658691e+01
   1.9018350e+06   3.8879395e+01
   1.9515840e+06   2.0089722e+03
   1.9516000e+06   4.1076660e+01
   1.9516260e+06   5.5236816e+01
   1.9516430e+06   6.0180664e+01
   1.9516620e+06   5.9387207e+01
   1.9517200e+06   5.1818848e+01
   1.9518440e+06   5.0476074e+01
   2.0015980e+06   2.0499878e+03
   2.0016130e+06   4.3640137e+01
   2.0016610e+06   4.6813965e+01
   2.0017670e+06   3.9306641e+01
   2.0017780e+06   5.3222656e+01
   2.0388710e+06   3.7170410e+01
   2.0389040e+06   4.6691895e+01
   2.0389200e+06   3.4606934e+01
   2.0389440e+06   4.0893555e+01
   2.0389540e+06   7.2998047e+01
   2.0389700e+06   5.4077148e+01
   2.0390630e+06   6.8481445e+01
   2.0391010e+06   3.4545898e+01
   2.0391470e+06   4.2846680e+01
   2.0391600e+06   5.4138184e+01
   2.0391880e+06   4.3579102e+01
   2.0392440e+06   4.2053223e+01
   2.0392690e+06   4.4250488e+01
   2.0393410e+06   3.8085938e+01
   2.0393660e+06   4.8767090e+01
   2.0394670e+06   3.5949707e+01
   2.0395490e+06   4.2480469e+01
   2.0396090e+06   4.1564941e+01
   2.0396760e+06   4.2236328e+01
   2.0397030e+06   5.1757813e+01
   2.0397920e+06   3.9794922e+01
   2.0398890e+06   4.4982910e+01
   2.0399130e+06   4.3457031e+01
   2.0400670e+06   4.0344238e+01
   2.0433940e+06   3.6254883e+01
   2.0516120e+06   2.0079956e+03
   2.0516300e+06   4.2785645e+01
   2.0516720e+06   5.2490234e+01
   2.1016280e+06   3.9999390e+03
   2.1016400e+06   4.2663574e+01
   2.1016860e+06   6.0241699e+01
   2.1017160e+06   1.0217285e+02
   2.1516400e+06   2.0068359e+03
   2.1516560e+06   3.4912109e+01
   2.1516800e+06   3.4423828e+01
   2.1516990e+06   5.3527832e+01
   2.1517180e+06   8.0383301e+01
   2.1518140e+06   4.2968750e+01
   2.1518670e+06   5.1391602e+01
   2.1715060e+06   3.6621094e+01
   2.2016560e+06   3.9999390e+03
   2.2016730e+06   3.7292480e+01
   2.2016990e+06   4.8645020e+01
   2.2017130e+06   5.8837891e+01
   2.2018260e+06   4.0161133e+01
   2.2516680e+06   2.0047607e+03
   2.2516830e+06   4.3212891e+01
   2.2517270e+06   6.0607910e+01
   2.2517400e+06   5.8654785e+01
   2.2519200e+06   4.7851563e+01
   2.3016820e+06   2.0089111e+03
   2.3017000e+06   4.5166016e+01
   2.3017390e+06   6.5979004e+01
   2.3017610e+06   5.5603027e+01
   2.3017730e+06   4.4006348e+01
   2.3017930e+06   3.7414551e+01
   2.3018040e+06   3.4484863e+01
   2.3018660e+06   6.5551758e+01
   2.3018950e+06   5.3161621e+01
   2.3516960e+06   2.0104370e+03
   2.3517100e+06   4.2785645e+01
   2.3517380e+06   3.7170410e+01
   2.3517550e+06   5.1391602e+01
   2.3517750e+06   5.3955078e+01
   2.3518830e+06   3.7841797e+01
   2.3519810e+06   3.7231445e+01
   2.3728000e+06   5.9204102e+01
   2.3730490e+06   5.4016113e+01
   2.4017100e+06   2.0058594e+03
   2.4017240e+06   4.1992188e+01
   2.4017690e+06   5.1147461e+01
   2.4017810e+06   4.2724609e+01
   2.4018330e+06   5.4992676e+01
   2.4019170e+06   6.2194824e+01
   2.4403630e+06   5.6457520e+01
   2.4517240e+06   2.0059204e+03
   2.4517430e+06   4.5471191e+01
   2.4517770e+06   5.4260254e+01
   2.4517940e+06   4.4616699e+01
   2.4518060e+06   5.2124023e+01
   2.4518380e+06   4.2358398e+01
   2.4519300e+06   6.4392090e+01
   2.4520280e+06   5.1147461e+01
   2.4766310e+06   6.7932129e+01
   2.4766560e+06   5.8654785e+01
   2.4766750e+06   4.2907715e+01
   2.4766910e+06   3.5705566e+01
   2.4767330e+06   5.6884766e+01
   2.4767570e+06   4.1137695e+01
   2.4767730e+06   6.9274902e+01
   2.4769050e+06   4.9377441e+01
   2.4771250e+06   4.9255371e+01
   2.4772770e+06   4.6203613e+01
   2.4773020e+06   3.7841797e+01
   2.4776010e+06   3.7780762e+01
   2.6620520e+06   5.5480957e+01
   2.6738270e+06   4.9438477e+01
   2.6739140e+06   3.8024902e+01
   2.6739990e+06   3.4423828e+01
   2.7266110e+06   3.8635254e+01
   2.7266350e+06   3.9978027e+01
   2.7266780e+06   3.4912109e+01
   2.7266970e+06   6.8481445e+01
   2.7268090e+06   4.5166016e+01
   2.7268390e+06   6.2805176e+01
   2.7268640e+06   4.5715332e+01
   2.7269000e+06   4.1381836e+01
   2.7269400e+06   3.5888672e+01
   2.7269630e+06   8.4289551e+01
   2.7269740e+06   3.6499023e+01
   2.7270600e+06   5.6457520e+01
   2.7270870e+06   3.5095215e+01
   2.7271030e+06   4.9926758e+01
   2.7271820e+06   3.6193848e+01
   2.7272460e+06   4.4128418e+01
   2.7272950e+06   5.5419922e+01
   2.7274190e+06   5.8898926e+01
   2.7274370e+06   5.3344727e+01
   2.7275240e+06   4.0405273e+01
   2.7277180e+06   3.8879395e+01
   2.7279220e+06   3.6987305e+01
   2.7280950e+06   3.6010742e+01
   2.7283190e+06   4.4616699e+01
   2.8231610e+06   4.1198730e+01
   2.8317880e+06   3.8818359e+01
   2.8732370e+06   3.6132813e+01
   2.8885660e+06   4.5349121e+01
   2.9223240e+06   4.3029785e+01
   2.9224090e+06   4.3762207e+01
   2.9424740e+06   5.4443359e+01
   2.9546120e+06   3.7475586e+01
   2.9729000e+06   5.3894043e+01
   2.9729910e+06   4.0466309e+01
   2.9730710e+06   3.7475586e+01
