   2.9990000e+06   0.0000000e+00
   1.7000000e+01   5.9570313e+01
   1.0400000e+03   3.9999390e+03
   1.0510000e+03   5.7678223e+01
   1.0880000e+03   2.6599121e+02
   1.1010000e+03   4.3090820e+01
   1.1320000e+03   5.0842285e+01
   1.1430000e+03   4.1687012e+01
   1.1710000e+03   2.0343018e+02
   1.2180000e+03   3.7231445e+01
   1.2300000e+03   3.3386230e+01
   1.3270000e+03   3.4362793e+01
   1.9100000e+03   3.9916992e+01
   1.9700000e+03   3.4545898e+01
   3.0097000e+04   3.4240723e+01
   3.0275000e+04   3.3691406e+01
   3.1651000e+04   3.3935547e+01
   3.2316000e+04   3.6804199e+01
   3.2590000e+04   3.6315918e+01
   3.8265000e+04   3.4057617e+01
   4.5827000e+04   6.6589355e+01
   4.9151000e+04   2.3333740e+02
   4.9166000e+04   4.1809082e+01
   4.9208000e+04   8.9355469e+01
   4.9222000e+04   4.2236328e+01
   4.9232000e+04   2.5354004e+02
   4.9253000e+04   4.4982910e+01
   4.9287000e+04   4.7058105e+01
   4.9316000e+04   4.3029785e+01
   4.9369000e+04   4.1381836e+01
   4.9432000e+04   3.3996582e+01
   4.9454000e+04   3.4057617e+01
   4.9807000e+04   4.1320801e+01
   5.0364000e+04   3.3569336e+01
   5.1052000e+04   2.0048828e+03
   5.1066000e+04   5.9570313e+01
   5.1103000e+04   2.7496338e+02
   5.1118000e+04   1.3220215e+02
   5.1131000e+04   6.6101074e+01
   5.1147000e+04   4.2846680e+01
   5.1157000e+04   3.6621094e+01
   5.1181000e+04   2.0446777e+02
   5.1198000e+04   4.4006348e+01
   5.1208000e+04   3.8818359e+01
   5.1229000e+04   3.5461426e+01
   5.1258000e+04   3.3569336e+01
   5.1277000e+04   4.2419434e+01
   5.1307000e+04   3.5400391e+01
   5.1317000e+04   3.7353516e+01
   5.1620000e+04   3.4362793e+01
   8.2027000e+04   4.2297363e+01
   9.2469000e+04   3.3813477e+01
   9.2492000e+04   2.4688721e+02
   9.2502000e+04   4.2175293e+01
   9.2531000e+04   4.4067383e+01
   9.2542000e+04   6.5063477e+01
   9.2563000e+04   5.3222656e+01
   9.2586000e+04   2.3455811e+02
   9.2607000e+04   4.0344238e+01
   9.2630000e+04   5.8776855e+01
   9.2661000e+04   3.3752441e+01
   9.2711000e+04   3.6865234e+01
   9.2732000e+04   3.6010742e+01
   9.2762000e+04   4.9255371e+01
   9.2779000e+04   4.7790527e+01
   9.2809000e+04   5.3283691e+01
   9.2819000e+04   4.7363281e+01
   9.2836000e+04   2.1606445e+02
   9.2846000e+04   3.5278320e+01
   9.2857000e+04   3.6987305e+01
   9.2875000e+04   3.5095215e+01
   9.2937000e+04   3.8208008e+01
   9.3028000e+04   4.0283203e+01
   1.0106600e+05   2.0126343e+03
   1.0107900e+05   5.7189941e+01
   1.0110100e+05   5.5603027e+01
   1.0112400e+05   2.1887207e+02
   1.0115200e+05   6.3171387e+01
   1.0116200e+05   1.0205078e+02
   1.0117200e+05   4.7241211e+01
   1.0120000e+05   1.9342041e+02
   1.0121500e+05   4.6752930e+01
   1.0123100e+05   5.1086426e+01
   1.0124900e+05   5.3894043e+01
   1.0128700e+05   3.8757324e+01
   1.0130300e+05   5.2368164e+01
   1.0138000e+05   3.7963867e+01
   1.1941600e+05   3.5583496e+01
   1.2214700e+05   3.4545898e+01
   1.3229400e+05   3.5400391e+01
   1.3332100e+05   3.9733887e+01
   1.3447900e+05   3.3752441e+01
   1.4782700e+05   4.2907715e+01
   1.4945200e+05   3.6621094e+01
   1.5108200e+05   3.9999390e+03
   1.5109400e+05   7.2509766e+01
   1.5112900e+05   2.5457764e+02
   1.5114200e+05   5.3283691e+01
   1.5116900e+05   8.0322266e+01
   1.5118600e+05   3.8208008e+01
   1.5120500e+05   2.0458984e+02
   1.5123100e+05   5.9020996e+01
   1.5124300e+05   4.2968750e+01
   1.5128100e+05   1.9030762e+02
   1.5129500e+05   4.3518066e+01
   1.5132100e+05   3.4423828e+01
   1.5134000e+05   4.6875000e+01
   1.5142900e+05   3.3447266e+01
   1.5145600e+05   2.3229980e+02
   1.5146800e+05   4.0527344e+01
   1.5150200e+05   4.0283203e+01
   1.5153100e+05   8.7951660e+01
   1.5155300e+05   4.8156738e+01
   1.5158000e+05   1.5209961e+02
   1.5160000e+05   3.8024902e+01
   1.5164700e+05   4.4250488e+01
   1.5166100e+05   8.3679199e+01
   1.5167200e+05   5.1452637e+01
   1.5169100e+05   3.9978027e+01
   1.5171600e+05   1.4392090e+02
   1.5172700e+05   4.7058105e+01
   1.5175000e+05   4.6508789e+01
   1.5178100e+05   5.4931641e+01
   1.5179200e+05   3.6499023e+01
   1.5185200e+05   1.2005615e+02
   1.5188400e+05   3.6987305e+01
   1.5192800e+05   3.4057617e+01
   1.5194300e+05   4.1076660e+01
   1.5196700e+05   3.5827637e+01
   1.5198100e+05   4.1931152e+01
   1.5202400e+05   1.3781738e+02
   1.5206300e+05   3.4484863e+01
   1.5215300e+05   3.8391113e+01
   1.8138700e+05   3.4362793e+01
   1.8226100e+05   3.5522461e+01
   1.8341600e+05   4.4128418e+01
   1.8700300e+05   5.7556152e+01
   1.8703700e+05   3.9550781e+01
   1.8728500e+05   3.6682129e+01
   1.9442400e+05   4.0832520e+01
   1.9828800e+05   3.6010742e+01
   2.0109600e+05   3.9999390e+03
   2.0111100e+05   6.5673828e+01
   2.0114300e+05   2.6300049e+02
   2.0115700e+05   7.3181152e+01
   2.0118600e+05   6.9824219e+01
   2.0120500e+05   4.6875000e+01
   2.0121700e+05   2.3773193e+02
   2.0123400e+05   4.1320801e+01
   2.0125300e+05   6.0791016e+01
   2.0126600e+05   3.6193848e+01
   2.0129900e+05   5.1574707e+01
   2.0131400e+05   4.3334961e+01
   2.0133700e+05   3.5888672e+01
   2.0135600e+05   3.6254883e+01
   2.0137900e+05   3.7475586e+01
   2.0142800e+05   3.7841797e+01
   2.0143900e+05   3.8330078e+01
   2.0147600e+05   3.8146973e+01
   2.0152300e+05   3.7963867e+01
   2.0154900e+05   3.9001465e+01
   2.0157200e+05   3.6010742e+01
   2.0161100e+05   2.2540283e+02
   2.0162700e+05   3.4667969e+01
   2.0165400e+05   3.4606934e+01
   2.0168500e+05   3.7536621e+01
   2.0170800e+05   3.3752441e+01
   2.0179100e+05   2.1386719e+02
   2.0189000e+05   3.8635254e+01
   2.0196200e+05   3.3691406e+01
   2.0262200e+05   3.3752441e+01
   2.2222200e+05   3.5827637e+01
   2.2223400e+05   3.4301758e+01
   2.2225900e+05   2.1514893e+02
   2.2227000e+05   3.9672852e+01
   2.2229300e+05   1.0577393e+02
   2.2233000e+05   2.6763916e+02
   2.2236500e+05   3.7841797e+01
   2.2237900e+05   4.6325684e+01
   2.2241200e+05   1.9744873e+02
   2.2243100e+05   5.9753418e+01
   2.2246100e+05   6.9824219e+01
   2.2248300e+05   4.8645020e+01
   2.2251200e+05   4.3579102e+01
   2.2253900e+05   4.5898438e+01
   2.2256300e+05   1.7230225e+02
   2.2259100e+05   6.9274902e+01
   2.2276700e+05   3.5705566e+01
   2.2282200e+05   3.6499023e+01
   2.2285700e+05   3.3935547e+01
   2.2293000e+05   1.7968750e+02
   2.2310600e+05   3.9428711e+01
   2.4062200e+05   3.4667969e+01
   2.4314400e+05   3.8330078e+01
   2.4387800e+05   3.3630371e+01
   2.5111000e+05   3.9999390e+03
   2.5112200e+05   7.6843262e+01
   2.5115800e+05   2.5860596e+02
   2.5117100e+05   7.1716309e+01
   2.5119300e+05   1.1334229e+02
   2.5120800e+05   5.0720215e+01
   2.5121800e+05   4.6630859e+01
   2.5124100e+05   1.9775391e+02
   2.5129100e+05   4.3518066e+01
   2.5130300e+05   1.8902588e+02
   2.5132800e+05   3.9001465e+01
   2.5135500e+05   5.5297852e+01
   2.5137900e+05   4.2541504e+01
   2.5139600e+05   4.2663574e+01
   2.5145500e+05   4.2968750e+01
   2.5155500e+05   3.9367676e+01
   2.5157000e+05   3.6621094e+01
   2.5162700e+05   2.1270752e+02
   2.5167000e+05   3.7780762e+01
   2.5170600e+05   3.6560059e+01
   2.5174200e+05   1.5905762e+02
   2.5176200e+05   3.4362793e+01
   2.5181000e+05   5.0720215e+01
   2.5188700e+05   3.6193848e+01
   2.5191500e+05   3.8269043e+01
   2.5194900e+05   3.5278320e+01
   2.5218200e+05   3.3874512e+01
   2.7139400e+05   3.3630371e+01
   2.8250400e+05   3.6010742e+01
   2.8253600e+05   2.0489502e+02
   2.8255600e+05   4.3151855e+01
   2.8258700e+05   4.7485352e+01
   2.8259800e+05   3.7902832e+01
   2.8262000e+05   2.4682617e+02
   2.8265100e+05   3.5156250e+01
   2.8267200e+05   4.3701172e+01
   2.8268900e+05   4.5349121e+01
   2.8271500e+05   5.4931641e+01
   2.8273600e+05   4.2785645e+01
   2.8276400e+05   9.1308594e+01
   2.8277700e+05   4.2785645e+01
   2.8281000e+05   4.1381836e+01
   2.8283900e+05   4.1809082e+01
   2.8285400e+05   6.7138672e+01
   2.8289600e+05   3.5156250e+01
   2.8309800e+05   3.8513184e+01
   2.8322900e+05   4.8095703e+01
   2.8324200e+05   3.9184570e+01
   3.0112200e+05   2.0103760e+03
   3.0113600e+05   5.7678223e+01
   3.0117200e+05   2.6135254e+02
   3.0120000e+05   8.2519531e+01
   3.0121300e+05   6.4147949e+01
   3.0122900e+05   5.8227539e+01
   3.0124800e+05   6.0119629e+01
   3.0126100e+05   4.3273926e+01
   3.0127900e+05   3.3569336e+01
   3.0130000e+05   3.3508301e+01
   3.0131700e+05   1.7858887e+02
   3.0133000e+05   3.8208008e+01
   3.0135600e+05   4.3457031e+01
   3.0139400e+05   4.3151855e+01
   3.0140600e+05   4.2236328e+01
   3.0146000e+05   4.1381836e+01
   3.0150800e+05   3.6254883e+01
   3.0153900e+05   1.8811035e+02
   3.0155000e+05   3.4057617e+01
   3.0157800e+05   3.4606934e+01
   3.0160300e+05   3.5400391e+01
   3.0164100e+05   3.6560059e+01
   3.0168300e+05   3.7963867e+01
   3.0179700e+05   3.4301758e+01
   3.0181000e+05   3.4973145e+01
   3.0184600e+05   3.4912109e+01
   3.0186200e+05   3.5156250e+01
   3.0197600e+05   3.4545898e+01
   3.3198900e+05   3.4851074e+01
   3.3661500e+05   2.4737549e+02
   3.3663000e+05   3.5827637e+01
   3.3664600e+05   5.8532715e+01
   3.3667600e+05   4.0527344e+01
   3.3668800e+05   9.0332031e+01
   3.3671900e+05   4.2480469e+01
   3.3673500e+05   3.8085938e+01
   3.3679700e+05   2.0379639e+02
   3.3681200e+05   3.5400391e+01
   3.3683700e+05   3.7841797e+01
   3.3689000e+05   3.9062500e+01
   3.3691000e+05   4.0771484e+01
   3.3693700e+05   1.7791748e+02
   3.3695400e+05   4.5898438e+01
   3.3698600e+05   3.7475586e+01
   3.3701800e+05   3.7902832e+01
   3.3708300e+05   3.4545898e+01
   3.3731700e+05   3.3813477e+01
   3.3739400e+05   3.3508301e+01
   3.5113600e+05   2.0075073e+03
   3.5115000e+05   5.5603027e+01
   3.5118800e+05   2.6782227e+02
   3.5121400e+05   1.0876465e+02
   3.5123000e+05   4.6997070e+01
   3.5125800e+05   1.9927979e+02
   3.5127300e+05   4.4311523e+01
   3.5130400e+05   5.7373047e+01
   3.5134100e+05   1.7687988e+02
   3.5136300e+05   4.0283203e+01
   3.5141700e+05   3.6865234e+01
   3.5145700e+05   4.5715332e+01
   3.5152400e+05   6.5185547e+01
   3.5160800e+05   3.4362793e+01
   3.5178300e+05   3.6315918e+01
   3.6313800e+05   4.1381836e+01
   3.6318600e+05   2.2454834e+02
   3.6320500e+05   4.5532227e+01
   3.7524200e+05   3.4667969e+01
   3.7592400e+05   3.4057617e+01
   3.8390100e+05   3.4362793e+01
   3.8397700e+05   3.7597656e+01
   3.8399800e+05   3.8513184e+01
   3.8404300e+05   3.3813477e+01
   3.8405900e+05   4.3823242e+01
   3.8407700e+05   3.3508301e+01
   3.8410700e+05   3.7109375e+01
   3.8414800e+05   2.1667480e+02
   3.8421400e+05   3.6865234e+01
   3.8424500e+05   3.8085938e+01
   3.8438300e+05   2.1868896e+02
   3.8450100e+05   6.3049316e+01
   3.8484400e+05   3.6621094e+01
   3.8512200e+05   3.9489746e+01
   3.8579600e+05   3.6376953e+01
   4.0115200e+05   3.9999390e+03
   4.0116400e+05   6.5368652e+01
   4.0118500e+05   4.7973633e+01
   4.0120200e+05   2.3779297e+02
   4.0121800e+05   4.5288086e+01
   4.0124300e+05   1.1871338e+02
   4.0127000e+05   4.4799805e+01
   4.0128500e+05   2.0373535e+02
   4.0131600e+05   3.7719727e+01
   4.0135600e+05   3.8146973e+01
   4.0136700e+05   4.6264648e+01
   4.0141200e+05   3.7536621e+01
   4.0158700e+05   5.0964355e+01
   4.0161600e+05   3.7719727e+01
   4.0165000e+05   3.9184570e+01
   4.0167200e+05   2.2161865e+02
   4.0172400e+05   3.4240723e+01
   4.0175500e+05   3.5034180e+01
   4.0177300e+05   3.5461426e+01
   4.2566400e+05   4.0893555e+01
   4.2567500e+05   7.2875977e+01
   4.2570500e+05   1.0559082e+02
   4.2573100e+05   2.0947266e+02
   4.2575800e+05   6.2622070e+01
   4.2578100e+05   4.2846680e+01
   4.2579900e+05   5.2124023e+01
   4.2581900e+05   4.1503906e+01
   4.2583700e+05   1.9000244e+02
   4.2587300e+05   6.3537598e+01
   4.2588700e+05   5.8715820e+01
   4.2590900e+05   4.4616699e+01
   4.2592800e+05   4.6325684e+01
   4.2596100e+05   4.6447754e+01
   4.2597700e+05   1.4782715e+02
   4.2599500e+05   4.5410156e+01
   4.2602500e+05   3.6315918e+01
   4.2603900e+05   3.4484863e+01
   4.2606600e+05   4.5593262e+01
   4.2612000e+05   1.6571045e+02
   4.2613700e+05   3.9367676e+01
   4.2617100e+05   8.0810547e+01
   4.2621800e+05   3.7414551e+01
   4.2627600e+05   4.1870117e+01
   4.2637500e+05   3.3752441e+01
   4.2652100e+05   3.8513184e+01
   4.2660800e+05   3.8146973e+01
   4.5116400e+05   2.0054932e+03
   4.5117700e+05   5.4687500e+01
   4.5121500e+05   2.6611328e+02
   4.5122800e+05   5.9387207e+01
   4.5126100e+05   6.6772461e+01
   4.5130000e+05   2.1166992e+02
   4.5132400e+05   3.8391113e+01
   4.5133900e+05   4.0649414e+01
   4.5136200e+05   3.4912109e+01
   4.5137600e+05   3.8940430e+01
   4.5139300e+05   7.1533203e+01
   4.5148700e+05   3.3996582e+01
   4.5152600e+05   3.4057617e+01
   4.5179100e+05   3.6376953e+01
   4.5265700e+05   3.6254883e+01
   4.6660800e+05   3.5156250e+01
   4.9522300e+05   3.5217285e+01
   4.9868300e+05   3.6987305e+01
   5.0117800e+05   2.0081787e+03
   5.0119500e+05   6.4880371e+01
   5.0122900e+05   2.6531982e+02
   5.0126300e+05   1.0748291e+02
   5.0128600e+05   3.4912109e+01
   5.0130600e+05   1.9335938e+02
   5.0132100e+05   3.9001465e+01
   5.0136400e+05   5.4199219e+01
   5.0138500e+05   4.2419434e+01
   5.0140900e+05   3.3813477e+01
   5.0145400e+05   3.4240723e+01
   5.0146500e+05   3.9978027e+01
   5.0158700e+05   3.3813477e+01
   5.0168500e+05   3.4545898e+01
   5.0169700e+05   3.8391113e+01
   5.0177600e+05   3.6315918e+01
   5.0180900e+05   3.3691406e+01
   5.0189500e+05   4.1137695e+01
   5.0191600e+05   4.8828125e+01
   5.0194400e+05   4.1076660e+01
   5.0203300e+05   3.6437988e+01
   5.0208900e+05   4.2541504e+01
   5.2559100e+05   4.1198730e+01
   5.3880800e+05   3.7353516e+01
   5.5119200e+05   2.0054932e+03
   5.5120600e+05   5.3710938e+01
   5.5124300e+05   2.8320313e+02
   5.5125500e+05   6.1889648e+01
   5.5127900e+05   9.0759277e+01
   5.5129300e+05   3.6804199e+01
   5.5132100e+05   1.8792725e+02
   5.5133700e+05   4.7363281e+01
   5.5136400e+05   3.9306641e+01
   5.5140500e+05   4.1503906e+01
   5.5142200e+05   1.7297363e+02
   5.5145400e+05   3.5583496e+01
   5.5146800e+05   3.9306641e+01
   5.5197300e+05   3.4912109e+01
   5.5207300e+05   4.6569824e+01
   5.5231500e+05   4.1320801e+01
   5.9661300e+05   3.4667969e+01
   5.9969000e+05   3.4301758e+01
   6.0120600e+05   2.0052490e+03
   6.0121900e+05   6.6040039e+01
   6.0125600e+05   2.3797607e+02
   6.0126900e+05   7.1655273e+01
   6.0129400e+05   4.6081543e+01
   6.0130800e+05   9.6069336e+01
   6.0133300e+05   2.1746826e+02
   6.0134800e+05   4.9804688e+01
   6.0139300e+05   3.6621094e+01
   6.0142800e+05   1.8896484e+02
   6.0144500e+05   5.6152344e+01
   6.0149700e+05   3.7902832e+01
   6.0156400e+05   3.4606934e+01
   6.0188400e+05   3.6865234e+01
   6.0205400e+05   3.5888672e+01
   6.0206600e+05   5.4626465e+01
   6.0209400e+05   1.9824219e+02
   6.1302500e+05   3.6193848e+01
   6.2261800e+05   3.3508301e+01
   6.3338700e+05   3.3386230e+01
   6.5122000e+05   2.0076904e+03
   6.5123300e+05   6.8115234e+01
   6.5127000e+05   2.4169922e+02
   6.5130000e+05   7.0556641e+01
   6.5131000e+05   8.9294434e+01
   6.5134000e+05   6.0546875e+01
   6.5137000e+05   3.6499023e+01
   6.5138500e+05   4.2602539e+01
   6.5143200e+05   4.4006348e+01
   6.5147200e+05   3.4423828e+01
   6.5149700e+05   3.7841797e+01
   6.5154000e+05   3.6010742e+01
   6.5163700e+05   3.5278320e+01
   6.5167400e+05   3.4545898e+01
   6.5186800e+05   4.1992188e+01
   6.5202700e+05   3.5888672e+01
   6.5218200e+05   3.3813477e+01
   6.5260800e+05   3.8696289e+01
   6.5294800e+05   4.0039063e+01
   6.6661200e+05   3.5949707e+01
   6.7381200e+05   3.3935547e+01
   6.8026400e+05   3.8879395e+01
   7.0123600e+05   3.9999390e+03
   7.0125100e+05   7.4401855e+01
   7.0128400e+05   2.6013184e+02
   7.0131400e+05   4.7851563e+01
   7.0132500e+05   4.9682617e+01
   7.0135800e+05   2.0898438e+02
   7.0137300e+05   4.3823242e+01
   7.0140600e+05   7.6477051e+01
   7.0141800e+05   4.2480469e+01
   7.0145300e+05   1.8756104e+02
   7.0146500e+05   4.9804688e+01
   7.0148300e+05   3.6621094e+01
   7.0185300e+05   4.3884277e+01
   7.0211000e+05   3.3386230e+01
   7.0249100e+05   3.6987305e+01
   7.0309100e+05   5.4016113e+01
   7.0413800e+05   3.6560059e+01
   7.1712400e+05   3.4973145e+01
   7.1959100e+05   3.5217285e+01
   7.3339900e+05   3.4545898e+01
   7.5125000e+05   3.9999390e+03
   7.5126100e+05   6.8298340e+01
   7.5129800e+05   2.7502441e+02
   7.5131500e+05   5.1940918e+01
   7.5134500e+05   1.1840820e+02
   7.5137100e+05   4.9804688e+01
   7.5138600e+05   2.1453857e+02
   7.5140800e+05   4.6569824e+01
   7.5142200e+05   4.5715332e+01
   7.5145300e+05   3.6254883e+01
   7.5149000e+05   3.5766602e+01
   7.5152200e+05   4.0710449e+01
   7.5154600e+05   3.4301758e+01
   7.5161800e+05   4.6569824e+01
   7.5173900e+05   3.9733887e+01
   7.5196100e+05   4.1076660e+01
   7.5217400e+05   4.2297363e+01
   7.7187100e+05   3.3569336e+01
   8.0089000e+05   3.4545898e+01
   8.0126400e+05   3.9999390e+03
   8.0127900e+05   7.0068359e+01
   8.0131200e+05   2.7020264e+02
   8.0133000e+05   6.9824219e+01
   8.0135300e+05   7.4707031e+01
   8.0136800e+05   4.1992188e+01
   8.0141100e+05   5.0109863e+01
   8.0142700e+05   5.4504395e+01
   8.0145200e+05   3.6193848e+01
   8.0150500e+05   3.6315918e+01
   8.0154400e+05   3.9916992e+01
   8.0156300e+05   4.7058105e+01
   8.0158600e+05   3.9184570e+01
   8.0212600e+05   3.7719727e+01
   8.0945400e+05   3.8635254e+01
   8.1314800e+05   3.9550781e+01
   8.1437000e+05   3.5400391e+01
   8.3751200e+05   3.4118652e+01
   8.5127600e+05   2.0073242e+03
   8.5129900e+05   5.9204102e+01
   8.5132700e+05   2.9949951e+02
   8.5133900e+05   7.1044922e+01
   8.5135200e+05   3.4667969e+01
   8.5137500e+05   4.0039063e+01
   8.5140400e+05   5.1513672e+01
   8.5142100e+05   4.3212891e+01
   8.5145200e+05   1.0546875e+02
   8.5146600e+05   2.0538330e+02
   8.5155300e+05   3.4606934e+01
   8.5156400e+05   4.4311523e+01
   8.5220700e+05   5.7312012e+01
   8.5225800e+05   4.6875000e+01
   8.6727400e+05   3.8330078e+01
   8.6880400e+05   3.4606934e+01
   9.0129000e+05   2.0076904e+03
   9.0130300e+05   6.1889648e+01
   9.0134200e+05   2.7435303e+02
   9.0136800e+05   3.9978027e+01
   9.0138500e+05   6.4392090e+01
   9.0141400e+05   4.7119141e+01
   9.0143600e+05   2.0043945e+02
   9.0146200e+05   5.5236816e+01
   9.0147900e+05   3.4301758e+01
   9.0149900e+05   3.9550781e+01
   9.0152300e+05   3.5583496e+01
   9.0159700e+05   3.5522461e+01
   9.0185900e+05   4.8278809e+01
   9.0262700e+05   3.4057617e+01
   9.4229500e+05   3.5339355e+01
   9.4286100e+05   3.4729004e+01
   9.5130400e+05   2.0100098e+03
   9.5132100e+05   6.8298340e+01
   9.5135500e+05   2.8765869e+02
   9.5136800e+05   4.3945313e+01
   9.5139300e+05   1.3366699e+02
   9.5142800e+05   4.3334961e+01
   9.5145200e+05   4.7546387e+01
   9.5149700e+05   3.6621094e+01
   9.5157500e+05   3.3508301e+01
   9.5168700e+05   4.2175293e+01
   9.5174100e+05   3.8024902e+01
   9.6549400e+05   3.8818359e+01
   9.7192200e+05   3.9916992e+01
   1.0013200e+06   3.9999390e+03
   1.0013320e+06   7.0739746e+01
   1.0013680e+06   2.7734375e+02
   1.0013810e+06   4.9316406e+01
   1.0014060e+06   7.7453613e+01
   1.0014390e+06   3.7597656e+01
   1.0014660e+06   2.2406006e+02
   1.0015660e+06   3.3813477e+01
   1.0428230e+06   5.3283691e+01
   1.0492910e+06   3.6987305e+01
   1.0513340e+06   3.9999390e+03
   1.0513460e+06   6.3537598e+01
   1.0513820e+06   2.9608154e+02
   1.0514080e+06   8.8684082e+01
   1.0514250e+06   5.1208496e+01
   1.0514650e+06   4.6691895e+01
   1.0515050e+06   5.5358887e+01
   1.0515420e+06   9.4116211e+01
   1.0526210e+06   3.5583496e+01
   1.0530980e+06   4.2419434e+01
   1.0718170e+06   3.4118652e+01
   1.0767200e+06   4.5166016e+01
   1.0767330e+06   4.0954590e+01
   1.0767550e+06   7.9895020e+01
   1.0767660e+06   2.5885010e+02
   1.0767890e+06   4.5104980e+01
   1.0768100e+06   3.6926270e+01
   1.0768290e+06   1.9726563e+02
   1.0768520e+06   6.1035156e+01
   1.0768950e+06   4.1503906e+01
   1.0769170e+06   3.7536621e+01
   1.0769840e+06   1.8127441e+02
   1.0769990e+06   4.9011230e+01
   1.0770150e+06   5.4748535e+01
   1.0770410e+06   4.9194336e+01
   1.0770610e+06   6.5490723e+01
   1.0771340e+06   1.8646240e+02
   1.0771650e+06   6.1035156e+01
   1.0772570e+06   3.3996582e+01
   1.0774090e+06   3.3386230e+01
   1.0775810e+06   3.5766602e+01
   1.0776290e+06   3.8879395e+01
   1.0986810e+06   4.6875000e+01
   1.1013460e+06   2.0137939e+03
   1.1013600e+06   6.9030762e+01
   1.1013960e+06   2.6220703e+02
   1.1014170e+06   5.7800293e+01
   1.1014480e+06   8.6059570e+01
   1.1014680e+06   4.6142578e+01
   1.1014890e+06   2.3815918e+02
   1.1015130e+06   5.0292969e+01
   1.1015560e+06   3.8574219e+01
   1.1016280e+06   3.3935547e+01
   1.1017490e+06   3.6621094e+01
   1.1030440e+06   2.0666504e+02
   1.1031600e+06   3.7048340e+01
   1.1227230e+06   3.7231445e+01
   1.1279090e+06   3.8452148e+01
   1.1513620e+06   3.9999390e+03
   1.1513740e+06   5.7434082e+01
   1.1514100e+06   2.7056885e+02
   1.1514280e+06   4.2114258e+01
   1.1514530e+06   1.5887451e+02
   1.1514770e+06   7.2509766e+01
   1.1514970e+06   2.1838379e+02
   1.1515220e+06   5.2673340e+01
   1.1515350e+06   3.6437988e+01
   1.1516820e+06   3.9428711e+01
   1.1518070e+06   3.6010742e+01
   1.1519740e+06   3.5644531e+01
   1.1521650e+06   3.6804199e+01
   1.1522280e+06   3.3874512e+01
   1.1522640e+06   3.7292480e+01
   1.1522840e+06   4.5837402e+01
   1.1524020e+06   4.0466309e+01
   1.1529540e+06   3.9367676e+01
   1.1669970e+06   3.6254883e+01
   1.1785560e+06   3.8696289e+01
   1.1806940e+06   3.4362793e+01
   1.1809850e+06   3.9672852e+01
   1.1947730e+06   3.3691406e+01
   1.2013130e+06   3.4240723e+01
   1.2013370e+06   2.4737549e+02
   1.2013600e+06   3.8940430e+01
   1.2013740e+06   2.0048218e+03
   1.2013910e+06   6.7810059e+01
   1.2014120e+06   8.4167480e+01
   1.2014230e+06   4.9194336e+01
   1.2014550e+06   2.3468018e+02
   1.2014730e+06   3.3996582e+01
   1.2014970e+06   5.2856445e+01
   1.2015170e+06   4.6020508e+01
   1.2015430e+06   5.8654785e+01
   1.2015550e+06   5.3222656e+01
   1.2015900e+06   3.6193848e+01
   1.2016460e+06   6.4758301e+01
   1.2018190e+06   4.7668457e+01
   1.2023240e+06   5.0720215e+01
   1.2025000e+06   3.5644531e+01
   1.2281820e+06   3.4362793e+01
   1.2504950e+06   3.8085938e+01
   1.2513880e+06   2.0095215e+03
   1.2514010e+06   6.6467285e+01
   1.2514400e+06   2.8906250e+02
   1.2514510e+06   4.3457031e+01
   1.2514810e+06   9.0332031e+01
   1.2515060e+06   3.7353516e+01
   1.2515270e+06   2.1728516e+02
   1.2515420e+06   5.0170898e+01
   1.2515570e+06   4.0710449e+01
   1.2515860e+06   4.4250488e+01
   1.2516090e+06   4.5166016e+01
   1.2516580e+06   4.0832520e+01
   1.2516810e+06   3.4729004e+01
   1.2517210e+06   3.6010742e+01
   1.2519470e+06   3.4240723e+01
   1.2520520e+06   4.6875000e+01
   1.2521210e+06   4.2724609e+01
   1.2521690e+06   3.4179688e+01
   1.2521810e+06   2.2698975e+02
   1.2522280e+06   3.8574219e+01
   1.2525770e+06   3.6010742e+01
   1.2527230e+06   3.3508301e+01
   1.2531310e+06   3.6437988e+01
   1.2630020e+06   3.3508301e+01
   1.2860910e+06   3.5095215e+01
   1.2982640e+06   3.7841797e+01
   1.2983460e+06   3.4240723e+01
   1.2983560e+06   9.1308594e+01
   1.2983710e+06   4.0649414e+01
   1.2984010e+06   2.1801758e+02
   1.2984130e+06   4.1137695e+01
   1.2984350e+06   9.8022461e+01
   1.2984470e+06   6.2316895e+01
   1.2984700e+06   2.3107910e+02
   1.2984850e+06   3.8391113e+01
   1.2985310e+06   1.5338135e+02
   1.2985440e+06   3.5522461e+01
   1.2985580e+06   4.3029785e+01
   1.2985830e+06   3.3386230e+01
   1.2986040e+06   4.6997070e+01
   1.2986240e+06   1.5832520e+02
   1.2986380e+06   3.4973145e+01
   1.2986600e+06   3.4790039e+01
   1.2986890e+06   3.8024902e+01
   1.2987130e+06   1.6455078e+02
   1.2987260e+06   7.3303223e+01
   1.2987420e+06   4.6203613e+01
   1.2987660e+06   5.4260254e+01
   1.2987880e+06   5.7067871e+01
   1.2988050e+06   4.4677734e+01
   1.2988210e+06   3.9794922e+01
   1.2988510e+06   1.1914063e+02
   1.2988760e+06   4.9560547e+01
   1.2988890e+06   4.2419434e+01
   1.2989200e+06   3.3874512e+01
   1.2989420e+06   1.0430908e+02
   1.2989660e+06   4.0771484e+01
   1.2989820e+06   4.7302246e+01
   1.2990090e+06   5.1574707e+01
   1.2990360e+06   5.3344727e+01
   1.2990630e+06   9.8632813e+01
   1.2990990e+06   5.1208496e+01
   1.2991170e+06   4.3884277e+01
   1.2991550e+06   3.6560059e+01
   1.2991850e+06   3.6621094e+01
   1.2991950e+06   3.5522461e+01
   1.2992230e+06   3.3386230e+01
   1.2992510e+06   8.4899902e+01
   1.2992920e+06   3.8269043e+01
   1.2993030e+06   4.1931152e+01
   1.2993200e+06   4.2846680e+01
   1.2994230e+06   9.5825195e+01
   1.2994390e+06   3.4423828e+01
   1.2995240e+06   3.4606934e+01
   1.2995560e+06   3.4240723e+01
   1.2995870e+06   4.4433594e+01
   1.2996350e+06   1.2585449e+02
   1.2996800e+06   4.3212891e+01
   1.2996960e+06   4.0161133e+01
   1.2998400e+06   6.6894531e+01
   1.2999010e+06   1.2377930e+02
   1.3000680e+06   1.0650635e+02
   1.3000970e+06   3.3691406e+01
   1.3001310e+06   3.5156250e+01
   1.3003630e+06   9.5092773e+01
   1.3005700e+06   1.2640381e+02
   1.3010870e+06   3.3813477e+01
   1.3014020e+06   2.0076294e+03
   1.3014320e+06   8.3496094e+01
   1.3014580e+06   1.6668701e+02
   1.3040180e+06   3.3630371e+01
   1.3041830e+06   3.4973145e+01
   1.3045610e+06   3.4790039e+01
   1.3344930e+06   3.3874512e+01
   1.3379760e+06   5.4565430e+01
   1.3384870e+06   3.6132813e+01
   1.3406490e+06   3.8269043e+01
   1.3431950e+06   4.1381836e+01
   1.3460040e+06   5.9020996e+01
   1.3460630e+06   3.3508301e+01
   1.3490520e+06   6.3537598e+01
   1.3496440e+06   3.6682129e+01
   1.3506880e+06   3.5034180e+01
   1.3514180e+06   3.9999390e+03
   1.3514300e+06   6.5124512e+01
   1.3514700e+06   2.8430176e+02
   1.3514820e+06   3.4362793e+01
   1.3515090e+06   3.8879395e+01
   1.3515360e+06   3.5705566e+01
   1.3515910e+06   3.9916992e+01
   1.3526800e+06   3.7597656e+01
   1.3580280e+06   3.7292480e+01
   1.3654780e+06   3.6621094e+01
   1.3706680e+06   3.7231445e+01
   1.3735130e+06   4.9743652e+01
   1.3758140e+06   5.7495117e+01
   1.3793050e+06   5.3100586e+01
   1.3824940e+06   4.1198730e+01
   1.3902220e+06   5.9814453e+01
   1.3948960e+06   5.4504395e+01
   1.4014300e+06   2.0057373e+03
   1.4014440e+06   6.4575195e+01
   1.4014800e+06   2.7099609e+02
   1.4015110e+06   8.1481934e+01
   1.4015250e+06   4.2907715e+01
   1.4015500e+06   4.4738770e+01
   1.4015730e+06   6.4514160e+01
   1.4016090e+06   1.9616699e+02
   1.4016310e+06   3.4790039e+01
   1.4016470e+06   4.2846680e+01
   1.4016630e+06   3.6193848e+01
   1.4016880e+06   3.3935547e+01
   1.4021220e+06   4.1503906e+01
   1.4022760e+06   3.5156250e+01
   1.4023110e+06   2.0202637e+02
   1.4024330e+06   2.0599365e+02
   1.4026200e+06   3.3691406e+01
   1.4027150e+06   3.6193848e+01
   1.4251860e+06   3.3630371e+01
   1.4343750e+06   3.3813477e+01
   1.4383200e+06   3.3874512e+01
   1.4404570e+06   2.5030518e+02
   1.4405520e+06   3.6315918e+01
   1.4405970e+06   2.0031738e+02
   1.4406240e+06   3.4240723e+01
   1.4406900e+06   3.5339355e+01
   1.4410150e+06   3.3813477e+01
   1.4474520e+06   4.2053223e+01
   1.4514460e+06   3.9999390e+03
   1.4514580e+06   6.0119629e+01
   1.4514950e+06   2.6660156e+02
   1.4515240e+06   3.9550781e+01
   1.4515380e+06   4.8706055e+01
   1.4515580e+06   3.3447266e+01
   1.4515780e+06   1.8310547e+02
   1.4515980e+06   3.7719727e+01
   1.4516260e+06   5.0109863e+01
   1.4516400e+06   1.3854980e+02
   1.4516750e+06   6.7932129e+01
   1.4517700e+06   3.8513184e+01
   1.4517800e+06   3.8085938e+01
   1.4518140e+06   3.5339355e+01
   1.4520510e+06   3.8269043e+01
   1.4674150e+06   4.9072266e+01
   1.4674810e+06   2.6287842e+02
   1.4675020e+06   6.1950684e+01
   1.4675150e+06   3.7536621e+01
   1.4675400e+06   5.3588867e+01
   1.4675740e+06   2.0458984e+02
   1.4675940e+06   5.5664063e+01
   1.4676140e+06   4.8522949e+01
   1.4676670e+06   1.9909668e+02
   1.4676820e+06   4.9682617e+01
   1.4677840e+06   1.7242432e+02
   1.4678020e+06   3.8940430e+01
   1.4678270e+06   6.1523438e+01
   1.4678750e+06   4.4555664e+01
   1.4679360e+06   4.9865723e+01
   1.4679880e+06   3.5400391e+01
   1.4680140e+06   3.3691406e+01
   1.4681380e+06   1.9250488e+02
   1.4690260e+06   3.5949707e+01
   1.4828490e+06   3.5400391e+01
   1.4888190e+06   3.5461426e+01
   1.4888510e+06   2.3742676e+02
   1.4888690e+06   5.5847168e+01
   1.4888940e+06   4.7058105e+01
   1.4890520e+06   3.8269043e+01
   1.4890660e+06   1.8493652e+02
   1.4891090e+06   4.4555664e+01
   1.4891580e+06   5.7373047e+01
   1.4891770e+06   1.5393066e+02
   1.4891880e+06   4.1137695e+01
   1.4891980e+06   3.3447266e+01
   1.4892180e+06   3.6010742e+01
   1.4993780e+06   3.4240723e+01
   1.5014580e+06   2.0084229e+03
   1.5014720e+06   6.7749023e+01
   1.5015100e+06   2.6147461e+02
   1.5015210e+06   4.4738770e+01
   1.5015380e+06   4.8645020e+01
   1.5015520e+06   9.9548340e+01
   1.5015920e+06   1.9757080e+02
   1.5016030e+06   3.9733887e+01
   1.5016270e+06   3.9611816e+01
   1.5016580e+06   3.7414551e+01
   1.5016750e+06   3.6743164e+01
   1.5017550e+06   3.6560059e+01
   1.5019200e+06   4.2236328e+01
   1.5020340e+06   3.4851074e+01
   1.5137290e+06   3.8391113e+01
   1.5208210e+06   3.8635254e+01
   1.5208680e+06   2.2906494e+02
   1.5208900e+06   3.3935547e+01
   1.5209150e+06   3.6499023e+01
   1.5209530e+06   3.5522461e+01
   1.5209800e+06   4.2236328e+01
   1.5210040e+06   3.4667969e+01
   1.5210430e+06   3.6621094e+01
   1.5210590e+06   1.8218994e+02
   1.5210690e+06   6.5246582e+01
   1.5211120e+06   9.2773438e+01
   1.5211440e+06   4.7302246e+01
   1.5211700e+06   1.4208984e+02
   1.5211870e+06   3.7597656e+01
   1.5212280e+06   4.4006348e+01
   1.5212500e+06   5.8532715e+01
   1.5213120e+06   1.7083740e+02
   1.5215070e+06   3.3752441e+01
   1.5395900e+06   3.3813477e+01
   1.5413110e+06   2.4938965e+02
   1.5413420e+06   4.4311523e+01
   1.5413600e+06   5.7250977e+01
   1.5413750e+06   1.8395996e+02
   1.5413850e+06   9.4116211e+01
   1.5414110e+06   4.6325684e+01
   1.5414350e+06   5.1147461e+01
   1.5414840e+06   3.5766602e+01
   1.5415230e+06   1.9500732e+02
   1.5415530e+06   5.4504395e+01
   1.5415770e+06   3.4729004e+01
   1.5415910e+06   8.8073730e+01
   1.5416190e+06   3.5400391e+01
   1.5416350e+06   4.5471191e+01
   1.5417810e+06   5.7434082e+01
   1.5514740e+06   3.9999390e+03
   1.5514860e+06   5.7067871e+01
   1.5515250e+06   2.3114014e+02
   1.5515520e+06   9.9243164e+01
   1.5515660e+06   4.5776367e+01
   1.5515780e+06   4.3762207e+01
   1.5516130e+06   1.9763184e+02
   1.5516560e+06   6.2622070e+01
   1.5517180e+06   5.6701660e+01
   1.5518560e+06   3.4667969e+01
   1.5612180e+06   3.7048340e+01
   1.5612320e+06   3.5400391e+01
   1.5613010e+06   3.4973145e+01
   1.5614250e+06   4.0527344e+01
   1.5615360e+06   2.3059082e+02
   1.5885690e+06   2.1350098e+02
   1.5886170e+06   3.5705566e+01
   1.5886650e+06   3.3508301e+01
   1.5886860e+06   3.8513184e+01
   1.5887070e+06   9.7412109e+01
   1.5887320e+06   2.1984863e+02
   1.5887730e+06   4.0283203e+01
   1.5887990e+06   4.2663574e+01
   1.5888260e+06   7.6660156e+01
   1.5888380e+06   1.8878174e+02
   1.5888650e+06   3.9489746e+01
   1.5889010e+06   3.6987305e+01
   1.5889290e+06   3.7109375e+01
   1.5889410e+06   4.3762207e+01
   1.5889640e+06   4.0039063e+01
   1.5890820e+06   4.8461914e+01
   1.5940450e+06   3.5278320e+01
   1.5941320e+06   1.9244385e+02
   1.5941940e+06   1.0290527e+02
   1.5942080e+06   1.9598389e+02
   1.5942580e+06   5.0231934e+01
   1.5942760e+06   3.7658691e+01
   1.5943160e+06   1.6699219e+02
   1.5943430e+06   3.7292480e+01
   1.5943660e+06   3.6254883e+01
   1.5944510e+06   3.3508301e+01
   1.5945420e+06   6.0485840e+01
   1.5945790e+06   1.9464111e+02
   1.6014880e+06   3.9999390e+03
   1.6015000e+06   4.9987793e+01
   1.6015220e+06   4.8278809e+01
   1.6015540e+06   2.3382568e+02
   1.6015670e+06   3.6743164e+01
   1.6016270e+06   3.7658691e+01
   1.6016950e+06   1.9854736e+02
   1.6021380e+06   3.4179688e+01
   1.6047230e+06   3.8330078e+01
   1.6184000e+06   5.0537109e+01
   1.6184140e+06   8.9660645e+01
   1.6184410e+06   4.4738770e+01
   1.6184590e+06   1.7340088e+02
   1.6184870e+06   6.7810059e+01
   1.6185180e+06   1.4880371e+02
   1.6185340e+06   8.1604004e+01
   1.6185440e+06   3.7902832e+01
   1.6185660e+06   3.6499023e+01
   1.6185830e+06   4.2297363e+01
   1.6186220e+06   1.1206055e+02
   1.6186400e+06   5.0048828e+01
   1.6186600e+06   5.5664063e+01
   1.6186810e+06   5.9143066e+01
   1.6186950e+06   7.3730469e+01
   1.6187110e+06   5.2429199e+01
   1.6187440e+06   1.4910889e+02
   1.6187740e+06   3.8574219e+01
   1.6188320e+06   3.6376953e+01
   1.6188490e+06   4.5227051e+01
   1.6188630e+06   1.2139893e+02
   1.6188980e+06   6.4453125e+01
   1.6189150e+06   3.5095215e+01
   1.6189850e+06   6.0852051e+01
   1.6190040e+06   1.1303711e+02
   1.6190320e+06   3.8330078e+01
   1.6190930e+06   3.4057617e+01
   1.6191700e+06   3.4423828e+01
   1.6194650e+06   3.4667969e+01
   1.6259130e+06   3.3569336e+01
   1.6347300e+06   4.3518066e+01
   1.6515000e+06   2.0078125e+03
   1.6515140e+06   4.9499512e+01
   1.6515520e+06   2.5097656e+02
   1.6515640e+06   5.8288574e+01
   1.6516020e+06   1.1407471e+02
   1.6516350e+06   1.9604492e+02
   1.6516600e+06   4.0161133e+01
   1.6516700e+06   3.5034180e+01
   1.6517040e+06   4.0588379e+01
   1.6517140e+06   1.8939209e+02
   1.6519720e+06   3.4179688e+01
   1.6520710e+06   4.1137695e+01
   1.6673630e+06   3.3569336e+01
   1.6674520e+06   2.2021484e+02
   1.6674840e+06   3.9367676e+01
   1.6675090e+06   1.8774414e+02
   1.6675370e+06   6.2011719e+01
   1.6675480e+06   3.5156250e+01
   1.6675970e+06   3.5156250e+01
   1.6676120e+06   3.5034180e+01
   1.6676590e+06   4.8278809e+01
   1.6678580e+06   1.8200684e+02
   1.6680780e+06   3.9001465e+01
   1.7015160e+06   2.0065308e+03
   1.7015280e+06   5.5908203e+01
   1.7015670e+06   2.4114990e+02
   1.7015830e+06   5.1147461e+01
   1.7016080e+06   6.6650391e+01
   1.7016300e+06   3.5095215e+01
   1.7016490e+06   1.8701172e+02
   1.7016660e+06   3.3874512e+01
   1.7016910e+06   3.3447266e+01
   1.7017160e+06   1.6601563e+02
   1.7017300e+06   3.5888672e+01
   1.7017730e+06   3.9001465e+01
   1.7018470e+06   3.3447266e+01
   1.7021640e+06   3.3752441e+01
   1.7022200e+06   2.1685791e+02
   1.7022350e+06   9.6008301e+01
   1.7022460e+06   3.8085938e+01
   1.7022870e+06   5.2795410e+01
   1.7023140e+06   4.1931152e+01
   1.7023460e+06   3.5400391e+01
   1.7023590e+06   6.9885254e+01
   1.7024010e+06   5.5358887e+01
   1.7024130e+06   3.9184570e+01
   1.7024470e+06   4.4738770e+01
   1.7024900e+06   3.6987305e+01
   1.7025740e+06   3.8146973e+01
   1.7026190e+06   3.5400391e+01
   1.7026880e+06   3.8085938e+01
   1.7202490e+06   3.7719727e+01
   1.7257780e+06   2.4536133e+02
   1.7258730e+06   4.5654297e+01
   1.7258880e+06   2.0989990e+02
   1.7259500e+06   4.1015625e+01
   1.7261360e+06   4.1076660e+01
   1.7263690e+06   3.6437988e+01
   1.7264700e+06   3.7292480e+01
   1.7265070e+06   1.8804932e+02
   1.7265400e+06   6.5246582e+01
   1.7266050e+06   1.7089844e+02
   1.7266320e+06   4.3334961e+01
   1.7266440e+06   3.4240723e+01
   1.7266640e+06   4.1931152e+01
   1.7267560e+06   1.5447998e+02
   1.7267850e+06   4.6691895e+01
   1.7269070e+06   3.3874512e+01
   1.7270090e+06   3.5888672e+01
   1.7271730e+06   3.4545898e+01
   1.7273030e+06   3.3386230e+01
   1.7401130e+06   2.2570801e+02
   1.7401370e+06   3.9733887e+01
   1.7401650e+06   6.6650391e+01
   1.7401950e+06   2.0477295e+02
   1.7403520e+06   4.5959473e+01
   1.7403830e+06   3.5217285e+01
   1.7404180e+06   4.7973633e+01
   1.7513440e+06   2.4243164e+02
   1.7513820e+06   3.3630371e+01
   1.7514870e+06   2.2290039e+02
   1.7515300e+06   3.9999390e+03
   1.7515520e+06   4.0832520e+01
   1.7515750e+06   3.5644531e+01
   1.7516070e+06   2.1362305e+02
   1.7516690e+06   3.8452148e+01
   1.7521860e+06   3.9611816e+01
   1.7521970e+06   2.1105957e+02
   1.7522550e+06   3.8513184e+01
   1.7522880e+06   3.5766602e+01
   1.7523090e+06   4.3273926e+01
   1.7523490e+06   1.5533447e+02
   1.7523610e+06   4.1320801e+01
   1.7524670e+06   3.3569336e+01
   1.7625240e+06   3.5156250e+01
   1.7626330e+06   1.9616699e+02
   1.7627420e+06   1.9952393e+02
   1.7738020e+06   2.3004150e+02
   1.7738550e+06   3.3569336e+01
   1.7738800e+06   4.2236328e+01
   1.7738990e+06   3.3569336e+01
   1.7739870e+06   2.2155762e+02
   1.7740030e+06   3.8391113e+01
   1.7859580e+06   2.0483398e+02
   1.7859720e+06   3.7170410e+01
   1.7860580e+06   2.1289063e+02
   1.7861350e+06   3.6376953e+01
   1.7867520e+06   3.4240723e+01
   1.7953150e+06   3.8024902e+01
   1.7954410e+06   3.8513184e+01
   1.8015420e+06   2.0100708e+03
   1.8015590e+06   4.5593262e+01
   1.8015940e+06   2.4139404e+02
   1.8016210e+06   1.1193848e+02
   1.8016380e+06   3.9855957e+01
   1.8016540e+06   3.4362793e+01
   1.8016790e+06   1.8835449e+02
   1.8017100e+06   3.3447266e+01
   1.8017310e+06   4.4372559e+01
   1.8017600e+06   4.2419434e+01
   1.8017970e+06   3.5583496e+01
   1.8020510e+06   3.6865234e+01
   1.8020730e+06   3.5827637e+01
   1.8021540e+06   4.3823242e+01
   1.8023050e+06   1.7297363e+02
   1.8145640e+06   3.7231445e+01
   1.8217680e+06   3.4057617e+01
   1.8299550e+06   4.8095703e+01
   1.8300240e+06   3.5278320e+01
   1.8300550e+06   2.3913574e+02
   1.8301000e+06   3.5278320e+01
   1.8302370e+06   2.2009277e+02
   1.8302520e+06   3.4057617e+01
   1.8306050e+06   3.5034180e+01
   1.8515560e+06   2.0073242e+03
   1.8515730e+06   4.4067383e+01
   1.8516080e+06   2.5030518e+02
   1.8516350e+06   5.9448242e+01
   1.8516500e+06   5.0964355e+01
   1.8516780e+06   2.0672607e+02
   1.8516890e+06   6.1157227e+01
   1.8517630e+06   1.8786621e+02
   1.8517840e+06   4.2724609e+01
   1.8518860e+06   3.9978027e+01
   1.8519720e+06   3.3569336e+01
   1.8522280e+06   4.1015625e+01
   1.8522880e+06   7.9345703e+01
   1.8523150e+06   3.4545898e+01
   1.8523490e+06   3.3691406e+01
   1.8525630e+06   3.5766602e+01
   1.8701920e+06   3.4973145e+01
   1.8885590e+06   3.5217285e+01
   1.8894820e+06   3.4362793e+01
   1.8939390e+06   3.3447266e+01
   1.9015700e+06   2.0120850e+03
   1.9015830e+06   6.9458008e+01
   1.9016220e+06   2.7947998e+02
   1.9016340e+06   6.4453125e+01
   1.9016570e+06   3.8269043e+01
   1.9016690e+06   4.5959473e+01
   1.9016920e+06   3.7841797e+01
   1.9017090e+06   3.3630371e+01
   1.9017290e+06   6.2805176e+01
   1.9017440e+06   6.8664551e+01
   1.9018880e+06   3.4606934e+01
   1.9180010e+06   3.4606934e+01
   1.9214680e+06   3.4057617e+01
   1.9444840e+06   3.3874512e+01
   1.9515840e+06   2.0089722e+03
   1.9515980e+06   7.8613281e+01
   1.9516360e+06   2.3748779e+02
   1.9516480e+06   3.3569336e+01
   1.9516620e+06   4.0954590e+01
   1.9516930e+06   1.1157227e+02
   1.9517090e+06   1.8896484e+02
   1.9517280e+06   8.0993652e+01
   1.9518080e+06   3.4057617e+01
   1.9518220e+06   3.3874512e+01
   1.9754590e+06   3.3386230e+01
   2.0015980e+06   2.0069580e+03
   2.0016110e+06   6.5551758e+01
   2.0016510e+06   2.7227783e+02
   2.0016620e+06   4.9499512e+01
   2.0016920e+06   5.0109863e+01
   2.0017190e+06   3.4545898e+01
   2.0017500e+06   2.0941162e+02
   2.0018590e+06   6.3659668e+01
   2.0019090e+06   3.4545898e+01
   2.0388380e+06   2.4761963e+02
   2.0388580e+06   1.1608887e+02
   2.0388730e+06   3.4301758e+01
   2.0388900e+06   3.5583496e+01
   2.0389060e+06   1.9409180e+02
   2.0389360e+06   6.7321777e+01
   2.0389470e+06   8.8806152e+01
   2.0389690e+06   7.2875977e+01
   2.0389890e+06   1.5844727e+02
   2.0390000e+06   1.0058594e+02
   2.0390170e+06   5.9509277e+01
   2.0390390e+06   3.7475586e+01
   2.0390580e+06   4.1870117e+01
   2.0390720e+06   5.2978516e+01
   2.0391000e+06   1.5368652e+02
   2.0391150e+06   4.0771484e+01
   2.0391300e+06   3.8452148e+01
   2.0391550e+06   4.8278809e+01
   2.0391720e+06   4.4738770e+01
   2.0392300e+06   1.3476563e+02
   2.0392560e+06   4.1381836e+01
   2.0392740e+06   5.4138184e+01
   2.0393050e+06   3.6987305e+01
   2.0393350e+06   4.9438477e+01
   2.0393470e+06   3.8757324e+01
   2.0393620e+06   1.3690186e+02
   2.0393870e+06   3.3752441e+01
   2.0394010e+06   4.2236328e+01
   2.0394170e+06   3.5888672e+01
   2.0394550e+06   6.8420410e+01
   2.0394710e+06   1.1071777e+02
   2.0395010e+06   5.3039551e+01
   2.0395450e+06   3.6621094e+01
   2.0395640e+06   9.1491699e+01
   2.0395850e+06   4.6936035e+01
   2.0396040e+06   3.6621094e+01
   2.0396540e+06   7.1166992e+01
   2.0396860e+06   3.7414551e+01
   2.0397210e+06   3.9001465e+01
   2.0397450e+06   6.2744141e+01
   2.0397650e+06   3.5034180e+01
   2.0397810e+06   3.8574219e+01
   2.0398860e+06   4.4372559e+01
   2.0399080e+06   4.6203613e+01
   2.0399450e+06   3.4545898e+01
   2.0400230e+06   6.8969727e+01
   2.0401460e+06   3.8146973e+01
   2.0405100e+06   3.5583496e+01
   2.0405240e+06   3.3691406e+01
   2.0408090e+06   1.4935303e+02
   2.0431870e+06   3.7170410e+01
   2.0516140e+06   2.0053711e+03
   2.0516260e+06   5.5664063e+01
   2.0516480e+06   5.1879883e+01
   2.0516650e+06   2.2595215e+02
   2.0516910e+06   4.2419434e+01
   2.0517090e+06   4.9133301e+01
   2.0517650e+06   1.9427490e+02
   2.0518600e+06   4.9682617e+01
   2.0702430e+06   4.6936035e+01
   2.0739560e+06   6.9152832e+01
   2.0794140e+06   3.4790039e+01
   2.0799570e+06   6.4453125e+01
   2.0869100e+06   3.9611816e+01
   2.0909970e+06   5.0964355e+01
   2.0959800e+06   5.4931641e+01
   2.1011480e+06   5.3833008e+01
   2.1016280e+06   3.9999390e+03
   2.1016590e+06   2.5042725e+02
   2.1016850e+06   5.3588867e+01
   2.1016960e+06   4.8706055e+01
   2.1017210e+06   5.0048828e+01
   2.1017530e+06   4.3090820e+01
   2.1018010e+06   3.3691406e+01
   2.1018130e+06   2.0385742e+02
   2.1018700e+06   3.5644531e+01
   2.1162420e+06   5.4138184e+01
   2.1465070e+06   4.6325684e+01
   2.1516420e+06   3.9999390e+03
   2.1516540e+06   5.4504395e+01
   2.1516920e+06   2.7545166e+02
   2.1517130e+06   4.5166016e+01
   2.1517420e+06   5.1269531e+01
   2.1517610e+06   5.5358887e+01
   2.1517920e+06   2.5457764e+02
   2.1518210e+06   4.7729492e+01
   2.1518590e+06   3.9550781e+01
   2.1518690e+06   1.8786621e+02
   2.1522550e+06   3.5461426e+01
   2.1532040e+06   3.4545898e+01
   2.1932100e+06   4.7912598e+01
   2.1936260e+06   3.3691406e+01
   2.2016540e+06   2.0074463e+03
   2.2016680e+06   5.9997559e+01
   2.2017040e+06   2.5402832e+02
   2.2017170e+06   3.4851074e+01
   2.2017550e+06   5.2124023e+01
   2.2017710e+06   3.7841797e+01
   2.2017840e+06   3.5888672e+01
   2.2018350e+06   2.2271729e+02
   2.2018620e+06   3.8513184e+01
   2.2018770e+06   3.8085938e+01
   2.2019150e+06   5.8044434e+01
   2.2031980e+06   3.4606934e+01
   2.2225920e+06   4.3273926e+01
   2.2516680e+06   2.0089722e+03
   2.2516820e+06   7.3608398e+01
   2.2517190e+06   2.7929688e+02
   2.2517310e+06   7.7392578e+01
   2.2517560e+06   9.8205566e+01
   2.2517790e+06   6.5612793e+01
   2.2518060e+06   4.3518066e+01
   2.2518380e+06   2.1441650e+02
   2.2518680e+06   4.1687012e+01
   2.2519840e+06   4.9072266e+01
   2.2528580e+06   3.4301758e+01
   2.3010280e+06   5.1757813e+01
   2.3015880e+06   3.7353516e+01
   2.3016820e+06   2.0089111e+03
   2.3016960e+06   6.9946289e+01
   2.3017350e+06   2.7960205e+02
   2.3017460e+06   5.1086426e+01
   2.3017790e+06   1.0772705e+02
   2.3017980e+06   3.9062500e+01
   2.3018220e+06   3.3630371e+01
   2.3018600e+06   2.2131348e+02
   2.3018750e+06   4.3273926e+01
   2.3022440e+06   3.3752441e+01
   2.3029200e+06   4.2846680e+01
   2.3154740e+06   3.6804199e+01
   2.3516980e+06   2.0145264e+03
   2.3517100e+06   6.0424805e+01
   2.3517320e+06   3.7475586e+01
   2.3517480e+06   2.2552490e+02
   2.3517660e+06   3.8818359e+01
   2.3517890e+06   6.4758301e+01
   2.3518310e+06   3.5156250e+01
   2.3518570e+06   2.0568848e+02
   2.3518890e+06   5.2551270e+01
   2.3519050e+06   3.4118652e+01
   2.3519380e+06   5.1208496e+01
   2.3718790e+06   3.8452148e+01
   2.3723920e+06   3.4301758e+01
   2.3730730e+06   3.7048340e+01
   2.3735270e+06   3.7475586e+01
   2.3741440e+06   3.7109375e+01
   2.4017100e+06   2.0081787e+03
   2.4017240e+06   5.8715820e+01
   2.4017620e+06   2.8002930e+02
   2.4017720e+06   6.8725586e+01
   2.4018060e+06   4.1076660e+01
   2.4018190e+06   3.4912109e+01
   2.4018840e+06   2.3779297e+02
   2.4019250e+06   3.5339355e+01
   2.4019460e+06   4.0527344e+01
   2.4019630e+06   4.0527344e+01
   2.4357930e+06   3.7292480e+01
   2.4411080e+06   3.3874512e+01
   2.4481840e+06   3.5705566e+01
   2.4507710e+06   3.5095215e+01
   2.4517240e+06   2.0097656e+03
   2.4517380e+06   5.7556152e+01
   2.4517630e+06   4.4189453e+01
   2.4517850e+06   5.4260254e+01
   2.4518180e+06   4.5349121e+01
   2.4518300e+06   4.1809082e+01
   2.4518420e+06   3.7292480e+01
   2.4518660e+06   2.2375488e+02
   2.4528660e+06   5.8959961e+01
   2.4531740e+06   3.6254883e+01
   2.4701770e+06   3.4545898e+01
   2.4765560e+06   2.3321533e+02
   2.4765880e+06   4.9926758e+01
   2.4766030e+06   8.9782715e+01
   2.4766190e+06   2.0373535e+02
   2.4766480e+06   4.1687012e+01
   2.4766610e+06   4.6569824e+01
   2.4766860e+06   1.7333984e+02
   2.4767100e+06   3.3508301e+01
   2.4767300e+06   4.0954590e+01
   2.4767620e+06   1.4099121e+02
   2.4767760e+06   4.4311523e+01
   2.4767920e+06   3.7597656e+01
   2.4768080e+06   4.0649414e+01
   2.4768350e+06   5.2062988e+01
   2.4768560e+06   3.6743164e+01
   2.4768830e+06   1.3885498e+02
   2.4769020e+06   3.4729004e+01
   2.4769180e+06   3.3569336e+01
   2.4769350e+06   4.2175293e+01
   2.4770360e+06   4.2297363e+01
   2.4770510e+06   4.4677734e+01
   2.4770930e+06   3.7902832e+01
   2.4771040e+06   1.7431641e+02
   2.4771280e+06   3.6743164e+01
   2.4771670e+06   4.2114258e+01
   2.4772040e+06   3.5705566e+01
   2.4772410e+06   3.3813477e+01
   2.4772690e+06   6.5551758e+01
   2.4773240e+06   1.3031006e+02
   2.4773480e+06   3.9733887e+01
   2.4774470e+06   3.5705566e+01
   2.4774630e+06   3.3386230e+01
   2.4775010e+06   3.8757324e+01
   2.4777140e+06   1.6058350e+02
   2.4777820e+06   3.5400391e+01
   2.4782210e+06   3.4301758e+01
   2.5079330e+06   3.4667969e+01
   2.5094940e+06   3.5888672e+01
   2.5257270e+06   3.4179688e+01
   2.5343860e+06   5.5664063e+01
   2.5401360e+06   5.7495117e+01
   2.5402800e+06   4.3395996e+01
   2.5402900e+06   3.6376953e+01
   2.5493760e+06   3.6621094e+01
   2.5738300e+06   2.0996094e+02
   2.5740390e+06   3.6254883e+01
   2.6141940e+06   3.3447266e+01
   2.6207630e+06   3.4606934e+01
   2.6449770e+06   3.3447266e+01
   2.6516870e+06   3.5278320e+01
   2.6618780e+06   3.3752441e+01
   2.6885260e+06   3.6621094e+01
   2.6962200e+06   3.3752441e+01
   2.6991730e+06   3.4729004e+01
   2.7050580e+06   5.4626465e+01
   2.7101270e+06   3.6987305e+01
   2.7152970e+06   3.3813477e+01
   2.7167800e+06   3.5583496e+01
   2.7184850e+06   3.8757324e+01
   2.7188930e+06   3.8940430e+01
   2.7265380e+06   4.3701172e+01
   2.7265690e+06   3.3874512e+01
   2.7266030e+06   4.9438477e+01
   2.7266200e+06   3.6010742e+01
   2.7266460e+06   3.4301758e+01
   2.7266630e+06   1.8292236e+02
   2.7266880e+06   4.2785645e+01
   2.7266990e+06   6.2744141e+01
   2.7267310e+06   1.7193604e+02
   2.7267480e+06   5.3222656e+01
   2.7267630e+06   4.2114258e+01
   2.7267750e+06   3.8696289e+01
   2.7267940e+06   4.8767090e+01
   2.7268070e+06   3.3691406e+01
   2.7268310e+06   4.5776367e+01
   2.7268510e+06   1.4721680e+02
   2.7268730e+06   3.4729004e+01
   2.7268860e+06   6.8786621e+01
   2.7269040e+06   3.5339355e+01
   2.7269590e+06   1.2896729e+02
   2.7269840e+06   4.9011230e+01
   2.7270070e+06   5.2124023e+01
   2.7270600e+06   1.0449219e+02
   2.7271030e+06   4.5227051e+01
   2.7271170e+06   7.9040527e+01
   2.7271290e+06   3.5949707e+01
   2.7271580e+06   3.3447266e+01
   2.7271820e+06   3.3752441e+01
   2.7272080e+06   8.0627441e+01
   2.7272380e+06   3.4301758e+01
   2.7272480e+06   5.1330566e+01
   2.7272610e+06   3.9672852e+01
   2.7273140e+06   8.4472656e+01
   2.7273380e+06   3.8757324e+01
   2.7273570e+06   4.8278809e+01
   2.7274230e+06   3.7292480e+01
   2.7274440e+06   8.4350586e+01
   2.7274710e+06   3.5888672e+01
   2.7274980e+06   3.8513184e+01
   2.7275420e+06   3.7963867e+01
   2.7275550e+06   4.9438477e+01
   2.7275780e+06   4.6630859e+01
   2.7275880e+06   3.9489746e+01
   2.7276080e+06   3.5644531e+01
   2.7276380e+06   9.5703125e+01
   2.7276660e+06   3.6926270e+01
   2.7277280e+06   3.4240723e+01
   2.7277550e+06   3.9489746e+01
   2.7278080e+06   3.4667969e+01
   2.7278260e+06   3.6010742e+01
   2.7278440e+06   5.0476074e+01
   2.7278710e+06   4.6875000e+01
   2.7279630e+06   8.3068848e+01
   2.7280880e+06   3.3386230e+01
   2.7281000e+06   5.5358887e+01
   2.7281920e+06   8.4655762e+01
   2.7282320e+06   3.5034180e+01
   2.7283090e+06   3.7902832e+01
   2.7283540e+06   4.3029785e+01
   2.7286240e+06   1.0998535e+02
   2.7289950e+06   1.1834717e+02
   2.7292680e+06   3.6682129e+01
   2.7307120e+06   3.4484863e+01
   2.7605430e+06   3.8757324e+01
   2.7627180e+06   4.3823242e+01
   2.7636960e+06   3.6499023e+01
   2.7647710e+06   4.1503906e+01
   2.7668370e+06   3.4057617e+01
   2.7719680e+06   3.5278320e+01
   2.7754010e+06   3.4301758e+01
   2.7767170e+06   3.6376953e+01
   2.7793140e+06   4.1625977e+01
   2.7813830e+06   4.3640137e+01
   2.7819780e+06   3.8085938e+01
   2.7840140e+06   5.7800293e+01
   2.7845540e+06   3.6010742e+01
   2.7861060e+06   5.3771973e+01
   2.7879930e+06   3.3386230e+01
   2.7911700e+06   5.9082031e+01
   2.7946600e+06   3.4851074e+01
   2.7969470e+06   3.9978027e+01
   2.7986200e+06   4.3090820e+01
   2.8003110e+06   5.4077148e+01
   2.8006310e+06   3.3569336e+01
   2.8091560e+06   4.6264648e+01
   2.8105380e+06   3.3630371e+01
   2.8149560e+06   3.5766602e+01
   2.8168430e+06   3.3691406e+01
   2.8176920e+06   3.3386230e+01
   2.8182410e+06   2.3992920e+02
   2.8301380e+06   3.3935547e+01
   2.8308170e+06   2.3400879e+02
   2.8317200e+06   2.3516846e+02
   2.8317370e+06   3.3691406e+01
   2.8318060e+06   1.8878174e+02
   2.8319060e+06   3.6437988e+01
   2.8417590e+06   5.5358887e+01
   2.8880010e+06   3.4973145e+01
   2.9072830e+06   6.6833496e+01
   2.9080530e+06   3.3752441e+01
   2.9219070e+06   3.3813477e+01
   2.9355100e+06   3.5827637e+01
   2.9413810e+06   4.1442871e+01
   2.9427950e+06   3.6071777e+01
   2.9780800e+06   3.4118652e+01
   2.9847970e+06   3.5034180e+01
