   2.9990000e+06   0.0000000e+00
   1.0380000e+03   2.0090332e+03
   1.0710000e+03   9.1613770e+01
   1.1010000e+03   4.4921875e+01
   1.1110000e+03   4.3334961e+01
   1.1630000e+03   3.7292480e+01
   1.1930000e+03   3.4790039e+01
   1.2650000e+03   3.9306641e+01
   2.6340000e+03   3.6437988e+01
   4.9152000e+04   3.6499023e+01
   4.9357000e+04   4.1931152e+01
   4.9517000e+04   3.6132813e+01
   4.9751000e+04   3.5583496e+01
   5.1052000e+04   2.0084229e+03
   5.1085000e+04   7.2509766e+01
   5.1114000e+04   4.6752930e+01
   5.1140000e+04   3.5156250e+01
   5.1174000e+04   4.0039063e+01
   5.1187000e+04   4.3701172e+01
   5.1310000e+04   4.1564941e+01
   9.2661000e+04   4.9438477e+01
   9.2751000e+04   3.5400391e+01
   9.2865000e+04   4.4494629e+01
   9.3079000e+04   3.7048340e+01
   1.0106800e+05   3.9999390e+03
   1.0109900e+05   8.2092285e+01
   1.0112900e+05   4.9682617e+01
   1.0114000e+05   3.4606934e+01
   1.0121300e+05   3.9245605e+01
   1.0127200e+05   3.8635254e+01
   1.0128500e+05   7.5439453e+01
   1.4680100e+05   3.5949707e+01
   1.5108000e+05   2.0119019e+03
   1.5111300e+05   8.0688477e+01
   1.5114300e+05   9.8449707e+01
   1.5117000e+05   3.4545898e+01
   1.5118000e+05   4.4067383e+01
   1.5121600e+05   3.5217285e+01
   1.5132500e+05   3.8818359e+01
   1.5135500e+05   4.9804688e+01
   1.5164800e+05   4.1870117e+01
   1.5168900e+05   4.9011230e+01
   1.5173200e+05   4.0222168e+01
   1.5177500e+05   3.6132813e+01
   1.5179100e+05   3.5644531e+01
   1.5183300e+05   3.4423828e+01
   1.5188100e+05   3.4423828e+01
   1.5191800e+05   3.4423828e+01
   1.7248000e+05   4.0161133e+01
   1.7679000e+05   3.5705566e+01
   1.8583600e+05   3.4667969e+01
   2.0109600e+05   3.9999390e+03
   2.0112800e+05   6.8481445e+01
   2.0115600e+05   5.3710938e+01
   2.0117700e+05   3.5522461e+01
   2.0123000e+05   3.4484863e+01
   2.0132000e+05   4.8095703e+01
   2.0136400e+05   3.7170410e+01
   2.0153000e+05   3.5766602e+01
   2.0156500e+05   3.8696289e+01
   2.0166300e+05   3.5217285e+01
   2.0179300e+05   3.4912109e+01
   2.0189700e+05   3.4179688e+01
   2.0193000e+05   3.4301758e+01
   2.2217600e+05   3.7963867e+01
   2.2222000e+05   4.0893555e+01
   2.2223100e+05   8.0017090e+01
   2.2229100e+05   6.4025879e+01
   2.2233500e+05   3.9367676e+01
   2.2235800e+05   4.7119141e+01
   2.2237300e+05   4.5166016e+01
   2.2246300e+05   4.6508789e+01
   2.2248100e+05   3.9794922e+01
   2.2257300e+05   3.7841797e+01
   2.2259000e+05   3.8879395e+01
   2.2276600e+05   3.5644531e+01
   2.4168000e+05   3.6315918e+01
   2.5110800e+05   2.0098267e+03
   2.5114200e+05   6.9091797e+01
   2.5117100e+05   4.2358398e+01
   2.5122900e+05   5.0659180e+01
   2.5126100e+05   3.7841797e+01
   2.5127300e+05   4.1625977e+01
   2.5142700e+05   4.0466309e+01
   2.5149800e+05   3.5217285e+01
   2.5150900e+05   3.8208008e+01
   2.5155900e+05   3.4729004e+01
   2.5164400e+05   4.3395996e+01
   2.5169400e+05   3.5400391e+01
   2.8263200e+05   4.0527344e+01
   2.8268200e+05   3.8391113e+01
   2.8269400e+05   4.4616699e+01
   2.8276200e+05   3.7475586e+01
   2.8284300e+05   4.5471191e+01
   2.8286000e+05   4.1564941e+01
   2.8289800e+05   3.8146973e+01
   3.0112200e+05   2.0155029e+03
   3.0115600e+05   8.1542969e+01
   3.0118900e+05   4.9438477e+01
   3.0120600e+05   4.0283203e+01
   3.0124100e+05   4.0588379e+01
   3.0125700e+05   4.3884277e+01
   3.0127300e+05   3.7902832e+01
   3.0131600e+05   4.1870117e+01
   3.0137300e+05   3.9611816e+01
   3.0148300e+05   3.6254883e+01
   3.0168800e+05   3.4790039e+01
   3.0175200e+05   3.6254883e+01
   3.2725100e+05   3.4790039e+01
   3.3188600e+05   4.6386719e+01
   3.3670800e+05   4.9133301e+01
   3.3675500e+05   4.8278809e+01
   3.3681600e+05   4.0588379e+01
   3.5113600e+05   2.0095825e+03
   3.5116900e+05   7.2082520e+01
   3.5119900e+05   3.6804199e+01
   3.5125600e+05   4.6569824e+01
   3.5127200e+05   4.3457031e+01
   3.5135800e+05   3.6682129e+01
   3.5147200e+05   3.4667969e+01
   3.5201300e+05   3.9001465e+01
   3.6336300e+05   3.7963867e+01
   3.6395500e+05   3.9306641e+01
   3.8411800e+05   4.1198730e+01
   3.8413300e+05   4.9682617e+01
   3.8421000e+05   3.8208008e+01
   4.0115000e+05   2.0080566e+03
   4.0118300e+05   6.9030762e+01
   4.0121300e+05   5.4321289e+01
   4.0128700e+05   3.8208008e+01
   4.0132100e+05   3.6621094e+01
   4.0142300e+05   3.6682129e+01
   4.0163200e+05   3.4912109e+01
   4.0172000e+05   3.9184570e+01
   4.1698200e+05   3.6804199e+01
   4.2560500e+05   3.6987305e+01
   4.2561700e+05   4.0344238e+01
   4.2564100e+05   3.4790039e+01
   4.2565500e+05   4.6752930e+01
   4.2568100e+05   6.0119629e+01
   4.2569500e+05   3.5766602e+01
   4.2572500e+05   4.8278809e+01
   4.2574000e+05   3.4423828e+01
   4.2576200e+05   4.6264648e+01
   4.2585100e+05   4.0832520e+01
   4.2586300e+05   3.4301758e+01
   4.2618100e+05   3.4484863e+01
   4.2626500e+05   3.6254883e+01
   4.5116400e+05   2.0085449e+03
   4.5119800e+05   7.6599121e+01
   4.5122700e+05   4.9011230e+01
   4.5126500e+05   4.3212891e+01
   4.9587800e+05   3.7902832e+01
   4.9855500e+05   4.4860840e+01
   5.0117800e+05   2.0101929e+03
   5.0119000e+05   3.9855957e+01
   5.0121000e+05   9.2407227e+01
   5.0124500e+05   4.5166016e+01
   5.0126000e+05   4.2602539e+01
   5.0128000e+05   3.6010742e+01
   5.0132900e+05   4.1137695e+01
   5.0134300e+05   3.6132813e+01
   5.0138800e+05   3.9978027e+01
   5.0141400e+05   3.4667969e+01
   5.0160900e+05   3.8024902e+01
   5.0201300e+05   3.5766602e+01
   5.0209400e+05   3.4179688e+01
   5.2392700e+05   4.5898438e+01
   5.5119200e+05   2.0073853e+03
   5.5122500e+05   7.8247070e+01
   5.5125500e+05   5.2917480e+01
   5.5126700e+05   4.9499512e+01
   5.5165400e+05   3.4667969e+01
   6.0120800e+05   3.9999390e+03
   6.0123900e+05   6.5246582e+01
   6.0126900e+05   4.0710449e+01
   6.0128200e+05   4.8767090e+01
   6.0131900e+05   6.4392090e+01
   6.0133700e+05   4.4616699e+01
   6.0152600e+05   3.7536621e+01
   6.5122000e+05   2.0065918e+03
   6.5125200e+05   8.2336426e+01
   6.5128300e+05   5.4748535e+01
   6.5129600e+05   3.7231445e+01
   6.5132100e+05   5.0048828e+01
   6.5133600e+05   4.0527344e+01
   6.5137800e+05   3.5522461e+01
   6.5140700e+05   3.6376953e+01
   6.5152800e+05   3.4790039e+01
   6.5155100e+05   4.1870117e+01
   6.5160200e+05   3.4545898e+01
   6.5267500e+05   3.6682129e+01
   7.0123400e+05   2.0068359e+03
   7.0126700e+05   8.1787109e+01
   7.0130000e+05   5.8593750e+01
   7.0133700e+05   4.2053223e+01
   7.0134700e+05   3.4545898e+01
   7.0136900e+05   4.0893555e+01
   7.0141800e+05   3.8940430e+01
   7.0153200e+05   3.8269043e+01
   7.5125000e+05   2.0133667e+03
   7.5128100e+05   7.4707031e+01
   7.5131300e+05   6.3598633e+01
   7.5136800e+05   4.5043945e+01
   7.5138300e+05   5.4138184e+01
   7.5141700e+05   4.2541504e+01
   7.8020200e+05   3.4240723e+01
   8.0126400e+05   3.9999390e+03
   8.0129500e+05   7.1166992e+01
   8.0132500e+05   6.4331055e+01
   8.0135600e+05   3.8391113e+01
   8.0138300e+05   3.8330078e+01
   8.0189500e+05   3.8452148e+01
   8.0242300e+05   3.6865234e+01
   8.5127800e+05   3.9999390e+03
   8.5130900e+05   7.0495605e+01
   8.5133900e+05   4.4189453e+01
   8.5141100e+05   4.0405273e+01
   8.5143300e+05   3.6193848e+01
   8.5146000e+05   3.9794922e+01
   8.5153300e+05   3.6499023e+01
   8.8795800e+05   3.4240723e+01
   9.0129000e+05   2.0101318e+03
   9.0132300e+05   8.0688477e+01
   9.0135200e+05   3.5583496e+01
   9.0136300e+05   3.5400391e+01
   9.0142300e+05   3.4606934e+01
   9.0150500e+05   3.6071777e+01
   9.0224300e+05   3.5827637e+01
   9.5130600e+05   3.9999390e+03
   9.5133700e+05   7.9895020e+01
   9.5136600e+05   3.5644531e+01
   9.5141300e+05   3.9184570e+01
   9.5144500e+05   3.5278320e+01
   9.5149600e+05   4.5349121e+01
   1.0013200e+06   3.9999390e+03
   1.0013510e+06   6.9519043e+01
   1.0013800e+06   3.7597656e+01
   1.0013950e+06   4.5043945e+01
   1.0014390e+06   3.6193848e+01
   1.0014520e+06   4.9377441e+01
   1.0015260e+06   3.6560059e+01
   1.0015970e+06   3.6376953e+01
   1.0017930e+06   3.6254883e+01
   1.0019690e+06   3.4240723e+01
   1.0087600e+06   3.4423828e+01
   1.0513320e+06   2.0065308e+03
   1.0513650e+06   7.5683594e+01
   1.0513950e+06   4.2602539e+01
   1.0514060e+06   4.2236328e+01
   1.0514220e+06   3.6376953e+01
   1.0514750e+06   3.7353516e+01
   1.0514950e+06   3.5583496e+01
   1.0767130e+06   6.4453125e+01
   1.0767620e+06   4.7790527e+01
   1.0767950e+06   3.9062500e+01
   1.0768290e+06   6.5307617e+01
   1.0768510e+06   3.5217285e+01
   1.0768750e+06   6.3049316e+01
   1.0769000e+06   3.5888672e+01
   1.0769330e+06   3.8391113e+01
   1.0769640e+06   4.8400879e+01
   1.0770440e+06   3.4790039e+01
   1.0771650e+06   3.9367676e+01
   1.1013480e+06   3.9999390e+03
   1.1013780e+06   8.2275391e+01
   1.1014090e+06   4.7058105e+01
   1.1014190e+06   4.6081543e+01
   1.1014670e+06   3.6132813e+01
   1.1015390e+06   3.4179688e+01
   1.1513620e+06   2.0104980e+03
   1.1513930e+06   6.1157227e+01
   1.1514230e+06   4.7363281e+01
   1.1514840e+06   5.3161621e+01
   1.1515720e+06   3.6926270e+01
   1.1517870e+06   3.6865234e+01
   1.2013740e+06   2.0144043e+03
   1.2014070e+06   9.0515137e+01
   1.2014360e+06   4.6752930e+01
   1.2014460e+06   3.8024902e+01
   1.2014860e+06   3.8146973e+01
   1.2015230e+06   3.5278320e+01
   1.2015560e+06   5.4321289e+01
   1.2513900e+06   2.0079346e+03
   1.2514220e+06   8.3374023e+01
   1.2514510e+06   6.0119629e+01
   1.2514630e+06   4.5410156e+01
   1.2515010e+06   3.7048340e+01
   1.2515230e+06   3.5034180e+01
   1.2515520e+06   3.5095215e+01
   1.2516040e+06   4.3212891e+01
   1.2516790e+06   3.5278320e+01
   1.2982390e+06   3.5095215e+01
   1.2982550e+06   5.0231934e+01
   1.2983280e+06   4.0649414e+01
   1.2983790e+06   5.1452637e+01
   1.2984050e+06   5.5664063e+01
   1.2984500e+06   5.6762695e+01
   1.2984800e+06   5.6396484e+01
   1.2985020e+06   3.8085938e+01
   1.2985350e+06   4.3945313e+01
   1.2985490e+06   4.1870117e+01
   1.2986000e+06   3.9001465e+01
   1.2986120e+06   4.1992188e+01
   1.2986650e+06   3.6499023e+01
   1.2987140e+06   3.9062500e+01
   1.2987500e+06   3.6682129e+01
   1.2987640e+06   4.0283203e+01
   1.2990410e+06   3.8879395e+01
   1.2991780e+06   3.7536621e+01
   1.2992530e+06   3.6926270e+01
   1.3001360e+06   3.4851074e+01
   1.3002370e+06   3.5888672e+01
   1.3014040e+06   3.9999390e+03
   1.3014370e+06   5.4321289e+01
   1.3014680e+06   4.3762207e+01
   1.3514180e+06   3.9999390e+03
   1.3514500e+06   8.4167480e+01
   1.3514800e+06   4.0954590e+01
   1.3514910e+06   3.7109375e+01
   1.3516600e+06   3.5339355e+01
   1.4014320e+06   3.9999390e+03
   1.4014650e+06   7.3059082e+01
   1.4014960e+06   7.1655273e+01
   1.4015080e+06   5.2856445e+01
   1.4016150e+06   4.8400879e+01
   1.4514440e+06   2.0056763e+03
   1.4514790e+06   7.0190430e+01
   1.4515070e+06   4.8278809e+01
   1.4515210e+06   4.3762207e+01
   1.4515650e+06   3.5400391e+01
   1.4515770e+06   3.6560059e+01
   1.4516270e+06   3.6010742e+01
   1.4517200e+06   5.1513672e+01
   1.4517450e+06   3.5827637e+01
   1.4533530e+06   3.4240723e+01
   1.4676550e+06   4.3212891e+01
   1.4677120e+06   5.0781250e+01
   1.4678120e+06   3.6621094e+01
   1.4678570e+06   3.4362793e+01
   1.4680920e+06   3.8391113e+01
   1.4681020e+06   3.5705566e+01
   1.4834760e+06   3.6987305e+01
   1.4890010e+06   4.3457031e+01
   1.4892260e+06   3.5278320e+01
   1.5014580e+06   2.0054321e+03
   1.5014900e+06   9.2285156e+01
   1.5015240e+06   5.9387207e+01
   1.5015900e+06   3.5278320e+01
   1.5016880e+06   4.0222168e+01
   1.5210770e+06   5.4077148e+01
   1.5211070e+06   3.5583496e+01
   1.5212400e+06   3.5034180e+01
   1.5218350e+06   3.6071777e+01
   1.5413980e+06   4.6081543e+01
   1.5415730e+06   3.9184570e+01
   1.5416770e+06   3.6437988e+01
   1.5514720e+06   2.0075684e+03
   1.5515060e+06   7.5439453e+01
   1.5515360e+06   4.7302246e+01
   1.5515500e+06   4.9377441e+01
   1.5516100e+06   3.5705566e+01
   1.5614660e+06   3.4606934e+01
   1.5625590e+06   3.4790039e+01
   1.5887170e+06   3.4729004e+01
   1.5887910e+06   3.6254883e+01
   1.5888800e+06   4.6447754e+01
   1.5890680e+06   3.5339355e+01
   1.5941380e+06   5.2673340e+01
   1.5941690e+06   6.1584473e+01
   1.5942050e+06   3.6315918e+01
   1.5942330e+06   3.5888672e+01
   1.5942610e+06   3.6254883e+01
   1.5942800e+06   5.4870605e+01
   1.5943230e+06   3.6437988e+01
   1.5943500e+06   3.6132813e+01
   1.5943940e+06   3.6743164e+01
   1.5944230e+06   4.5104980e+01
   1.6014880e+06   3.9999390e+03
   1.6015200e+06   7.3181152e+01
   1.6015500e+06   4.7363281e+01
   1.6015640e+06   3.4484863e+01
   1.6016040e+06   3.9245605e+01
   1.6016790e+06   5.0109863e+01
   1.6184630e+06   5.7067871e+01
   1.6185090e+06   4.6142578e+01
   1.6185430e+06   5.2490234e+01
   1.6185660e+06   6.0729980e+01
   1.6185930e+06   4.1320801e+01
   1.6186430e+06   4.1015625e+01
   1.6186600e+06   4.1503906e+01
   1.6187470e+06   4.3334961e+01
   1.6187980e+06   3.4301758e+01
   1.6188500e+06   3.7048340e+01
   1.6188710e+06   3.6682129e+01
   1.6189640e+06   4.1198730e+01
   1.6515000e+06   2.0054932e+03
   1.6515120e+06   3.4973145e+01
   1.6515320e+06   8.0993652e+01
   1.6515640e+06   6.8969727e+01
   1.6515740e+06   3.6071777e+01
   1.6516300e+06   3.4667969e+01
   1.6516610e+06   3.5522461e+01
   1.6517840e+06   3.8085938e+01
   1.6675090e+06   3.5644531e+01
   1.6675650e+06   7.0312500e+01
   1.6676600e+06   3.9978027e+01
   1.7015160e+06   2.0111084e+03
   1.7015480e+06   7.7270508e+01
   1.7015780e+06   5.6457520e+01
   1.7015930e+06   3.8085938e+01
   1.7016580e+06   3.5461426e+01
   1.7016990e+06   3.4301758e+01
   1.7022300e+06   5.0354004e+01
   1.7022510e+06   3.4606934e+01
   1.7022950e+06   4.1076660e+01
   1.7023070e+06   9.9853516e+01
   1.7023840e+06   4.8156738e+01
   1.7024750e+06   3.8330078e+01
   1.7025700e+06   4.4250488e+01
   1.7258080e+06   3.6621094e+01
   1.7258180e+06   3.4484863e+01
   1.7258620e+06   4.6386719e+01
   1.7258780e+06   6.0363770e+01
   1.7259010e+06   3.7475586e+01
   1.7259930e+06   3.8269043e+01
   1.7266750e+06   3.5461426e+01
   1.7280000e+06   3.4301758e+01
   1.7402730e+06   4.1076660e+01
   1.7403380e+06   3.5339355e+01
   1.7515300e+06   3.9999390e+03
   1.7515610e+06   6.0852051e+01
   1.7515910e+06   4.5776367e+01
   1.7516740e+06   3.8940430e+01
   1.7521510e+06   5.3466797e+01
   1.7521670e+06   5.0231934e+01
   1.7521910e+06   3.5156250e+01
   1.7522740e+06   3.4729004e+01
   1.7523360e+06   3.8208008e+01
   1.7523820e+06   4.5837402e+01
   1.7524630e+06   4.3640137e+01
   1.8015420e+06   2.0061646e+03
   1.8015740e+06   7.7148438e+01
   1.8016060e+06   5.6762695e+01
   1.8016770e+06   3.4545898e+01
   1.8016990e+06   3.5095215e+01
   1.8017510e+06   3.5400391e+01
   1.8021300e+06   4.0527344e+01
   1.8025200e+06   3.5034180e+01
   1.8300640e+06   3.4423828e+01
   1.8302610e+06   4.0588379e+01
   1.8515580e+06   3.9999390e+03
   1.8515900e+06   8.5388184e+01
   1.8516190e+06   5.2001953e+01
   1.8516330e+06   4.6081543e+01
   1.8516850e+06   3.4790039e+01
   1.8517460e+06   4.4067383e+01
   1.8518120e+06   3.5644531e+01
   1.8518530e+06   3.9367676e+01
   1.8521700e+06   3.4301758e+01
   1.8521960e+06   3.5034180e+01
   1.8522810e+06   4.1809082e+01
   1.8523700e+06   4.2724609e+01
   1.8524060e+06   4.5837402e+01
   1.9015720e+06   2.0120239e+03
   1.9016040e+06   6.8725586e+01
   1.9016340e+06   5.1513672e+01
   1.9016440e+06   5.4626465e+01
   1.9017240e+06   4.6691895e+01
   1.9018510e+06   3.4729004e+01
   1.9515860e+06   3.9999390e+03
   1.9516180e+06   7.7880859e+01
   1.9516480e+06   5.1330566e+01
   1.9517010e+06   3.5095215e+01
   2.0016000e+06   2.0087280e+03
   2.0016320e+06   6.9213867e+01
   2.0016620e+06   5.9509277e+01
   2.0016810e+06   3.7414551e+01
   2.0016910e+06   4.0161133e+01
   2.0017190e+06   3.5766602e+01
   2.0017430e+06   3.6010742e+01
   2.0018190e+06   4.4433594e+01
   2.0175960e+06   3.6682129e+01
   2.0388610e+06   4.4616699e+01
   2.0388790e+06   6.6833496e+01
   2.0388930e+06   4.6081543e+01
   2.0389300e+06   3.7475586e+01
   2.0389470e+06   5.0537109e+01
   2.0389850e+06   5.7617187e+01
   2.0390770e+06   4.6081543e+01
   2.0391440e+06   3.6682129e+01
   2.0391750e+06   3.4606934e+01
   2.0392850e+06   3.6743164e+01
   2.0394010e+06   3.5156250e+01
   2.0394600e+06   3.6071777e+01
   2.0394910e+06   3.6254883e+01
   2.0395310e+06   3.8330078e+01
   2.0395620e+06   4.2846680e+01
   2.0396800e+06   3.6193848e+01
   2.0397950e+06   4.4677734e+01
   2.0399020e+06   3.9916992e+01
   2.0403950e+06   3.9123535e+01
   2.0404370e+06   3.6437988e+01
   2.0406030e+06   3.9611816e+01
   2.0516120e+06   2.0142822e+03
   2.0516470e+06   5.6152344e+01
   2.0516770e+06   3.9978027e+01
   2.1016280e+06   3.9999390e+03
   2.1016600e+06   6.7504883e+01
   2.1016900e+06   5.6274414e+01
   2.1017090e+06   4.4677734e+01
   2.1017780e+06   4.4738770e+01
   2.1467460e+06   3.9123535e+01
   2.1516400e+06   2.0117188e+03
   2.1516740e+06   9.0393066e+01
   2.1517040e+06   4.8034668e+01
   2.1517180e+06   3.9428711e+01
   2.1517820e+06   3.6437988e+01
   2.2016540e+06   2.0143433e+03
   2.2016880e+06   7.6843262e+01
   2.2017210e+06   4.9987793e+01
   2.2017340e+06   5.3466797e+01
   2.2017470e+06   5.2246094e+01
   2.2017990e+06   4.8339844e+01
   2.2018250e+06   3.7109375e+01
   2.2018770e+06   3.4729004e+01
   2.2022290e+06   3.5217285e+01
   2.2516680e+06   2.0059204e+03
   2.2517030e+06   8.1604004e+01
   2.2517340e+06   5.4260254e+01
   2.2518110e+06   4.3029785e+01
   2.2519480e+06   4.5715332e+01
   2.2681410e+06   3.6804199e+01
   2.3016840e+06   3.9999390e+03
   2.3017150e+06   7.0861816e+01
   2.3017450e+06   4.3273926e+01
   2.3017590e+06   4.2724609e+01
   2.3018260e+06   3.8635254e+01
   2.3019300e+06   4.5410156e+01
   2.3019760e+06   3.6376953e+01
   2.3516960e+06   2.0046997e+03
   2.3517280e+06   6.6589355e+01
   2.3517590e+06   3.4179688e+01
   2.3518630e+06   3.6499023e+01
   2.4017100e+06   2.0085449e+03
   2.4017440e+06   7.3669434e+01
   2.4017730e+06   3.7963867e+01
   2.4017840e+06   4.0405273e+01
   2.4017970e+06   3.7475586e+01
   2.4018600e+06   3.8146973e+01
   2.4020650e+06   3.5766602e+01
   2.4517260e+06   3.9999390e+03
   2.4517590e+06   6.6406250e+01
   2.4517880e+06   3.6254883e+01
   2.4518010e+06   5.1513672e+01
   2.4518210e+06   3.4484863e+01
   2.4519630e+06   3.5583496e+01
   2.4521430e+06   3.4912109e+01
   2.4764870e+06   3.8208008e+01
   2.4765070e+06   5.2551270e+01
   2.4765370e+06   5.2490234e+01
   2.4765620e+06   3.7292480e+01
   2.4766100e+06   5.0964355e+01
   2.4766250e+06   3.9794922e+01
   2.4766730e+06   4.0649414e+01
   2.4767420e+06   3.4545898e+01
   2.4767890e+06   3.4851074e+01
   2.4768130e+06   4.1870117e+01
   2.4768360e+06   4.1137695e+01
   2.4769200e+06   3.8940430e+01
   2.4770170e+06   3.5644531e+01
   2.4771620e+06   5.6762695e+01
   2.4775950e+06   3.5339355e+01
   2.5124710e+06   3.5888672e+01
   2.5140550e+06   3.4606934e+01
   2.5740510e+06   3.5461426e+01
   2.5818420e+06   3.7292480e+01
   2.5828170e+06   3.4423828e+01
   2.6025510e+06   3.6621094e+01
   2.6140460e+06   3.4973145e+01
   2.6725650e+06   3.7780762e+01
   2.6815270e+06   3.6926270e+01
   2.6965690e+06   3.4240723e+01
   2.6981690e+06   3.5583496e+01
   2.7264980e+06   3.5156250e+01
   2.7265350e+06   5.1635742e+01
   2.7265740e+06   6.2072754e+01
   2.7266020e+06   4.7424316e+01
   2.7266360e+06   6.8298340e+01
   2.7266600e+06   3.9001465e+01
   2.7266920e+06   3.4729004e+01
   2.7267120e+06   4.0954590e+01
   2.7267270e+06   3.5888672e+01
   2.7267950e+06   3.5644531e+01
   2.7268650e+06   3.9794922e+01
   2.7269430e+06   3.5766602e+01
   2.7271560e+06   3.9672852e+01
   2.7272310e+06   3.6315918e+01
   2.7273110e+06   3.8024902e+01
   2.7273440e+06   4.3457031e+01
   2.7273820e+06   3.9611816e+01
   2.7274430e+06   3.5949707e+01
   2.7275600e+06   3.5400391e+01
   2.8717450e+06   3.5888672e+01
   2.8876380e+06   3.4301758e+01
   2.9331410e+06   3.6499023e+01
   2.9598510e+06   3.4484863e+01
   2.9719560e+06   3.4912109e+01
   2.9795010e+06   3.5644531e+01
