   2.9990000e+06   0.0000000e+00
   1.0380000e+03   2.0078125e+03
   1.1230000e+03   4.7546387e+01
   1.1430000e+03   3.5522461e+01
   1.1830000e+03   3.9367676e+01
   1.1980000e+03   3.4240723e+01
   1.2340000e+03   3.5339355e+01
   1.2610000e+03   3.2653809e+01
   3.6900000e+03   5.3222656e+01
   6.5400000e+03   3.7719727e+01
   9.1390000e+03   4.4067383e+01
   1.2709000e+04   3.3813477e+01
   1.4168000e+04   4.0100098e+01
   1.6415000e+04   3.5583496e+01
   1.8738000e+04   3.4545898e+01
   2.0048000e+04   3.6010742e+01
   2.2210000e+04   3.6682129e+01
   2.8605000e+04   3.4423828e+01
   2.9783000e+04   4.5043945e+01
   3.2221000e+04   3.2836914e+01
   3.5660000e+04   3.6743164e+01
   3.7926000e+04   3.6621094e+01
   4.0487000e+04   4.6813965e+01
   4.4375000e+04   3.7109375e+01
   4.8930000e+04   3.7048340e+01
   4.9173000e+04   3.8269043e+01
   4.9199000e+04   4.6325684e+01
   4.9241000e+04   3.3264160e+01
   4.9363000e+04   3.9489746e+01
   4.9444000e+04   3.7780762e+01
   5.1052000e+04   2.0102539e+03
   5.1111000e+04   3.4240723e+01
   5.1131000e+04   9.9426270e+01
   5.1158000e+04   3.3447266e+01
   5.1189000e+04   3.4851074e+01
   5.1204000e+04   4.0710449e+01
   5.1267000e+04   3.4484863e+01
   5.1277000e+04   4.8828125e+01
   5.1370000e+04   3.4667969e+01
   5.1401000e+04   3.6804199e+01
   5.7905000e+04   4.4250488e+01
   6.1112000e+04   3.7902832e+01
   6.6184000e+04   3.2165527e+01
   6.8031000e+04   3.3874512e+01
   6.9026000e+04   3.6010742e+01
   7.0887000e+04   4.3334961e+01
   7.1878000e+04   3.2470703e+01
   7.2644000e+04   3.6010742e+01
   7.3839000e+04   3.8574219e+01
   7.8249000e+04   3.6193848e+01
   8.0314000e+04   4.2480469e+01
   8.2321000e+04   4.0893555e+01
   8.6382000e+04   3.6560059e+01
   8.8205000e+04   3.8574219e+01
   9.1420000e+04   3.3752441e+01
   9.2452000e+04   3.4729004e+01
   9.2473000e+04   3.9489746e+01
   9.2510000e+04   3.4912109e+01
   9.2528000e+04   3.8757324e+01
   9.2552000e+04   4.0283203e+01
   9.2641000e+04   3.5339355e+01
   9.2759000e+04   3.3203125e+01
   9.2820000e+04   3.5461426e+01
   9.2892000e+04   3.3264160e+01
   9.3111000e+04   4.2297363e+01
   1.0052600e+05   4.3762207e+01
   1.0106800e+05   3.9999390e+03
   1.0110200e+05   3.3508301e+01
   1.0113600e+05   4.2541504e+01
   1.0115400e+05   3.8879395e+01
   1.0117300e+05   4.0039063e+01
   1.0120600e+05   5.4321289e+01
   1.0122900e+05   3.2165527e+01
   1.0125300e+05   3.2897949e+01
   1.0675800e+05   3.2165527e+01
   1.0761400e+05   3.7780762e+01
   1.0951100e+05   3.5400391e+01
   1.1213200e+05   3.7902832e+01
   1.2195000e+05   4.1870117e+01
   1.2378100e+05   3.2958984e+01
   1.2494000e+05   3.2592773e+01
   1.2643500e+05   3.7658691e+01
   1.2846400e+05   3.9489746e+01
   1.3047000e+05   3.7841797e+01
   1.3287400e+05   3.7170410e+01
   1.3736500e+05   4.3090820e+01
   1.3845100e+05   3.5766602e+01
   1.4009500e+05   3.5034180e+01
   1.4098900e+05   3.8269043e+01
   1.4304900e+05   4.5959473e+01
   1.4543900e+05   3.8940430e+01
   1.4730800e+05   4.3762207e+01
   1.4745700e+05   3.6437988e+01
   1.5108200e+05   3.9999390e+03
   1.5109900e+05   3.9855957e+01
   1.5115300e+05   3.6743164e+01
   1.5116300e+05   7.9589844e+01
   1.5119400e+05   4.1198730e+01
   1.5120800e+05   3.5095215e+01
   1.5129600e+05   3.6865234e+01
   1.5140000e+05   3.2165527e+01
   1.5141400e+05   3.8940430e+01
   1.5148000e+05   3.9489746e+01
   1.5151400e+05   4.2724609e+01
   1.5153200e+05   3.9855957e+01
   1.5154300e+05   3.4118652e+01
   1.5157600e+05   5.3527832e+01
   1.5161500e+05   3.4057617e+01
   1.5162900e+05   3.6499023e+01
   1.5166400e+05   5.0292969e+01
   1.5167500e+05   3.9611816e+01
   1.5171600e+05   5.0170898e+01
   1.5178100e+05   3.7048340e+01
   1.5179800e+05   3.8208008e+01
   1.5181400e+05   3.7414551e+01
   1.5185400e+05   3.4606934e+01
   1.5188800e+05   4.6203613e+01
   1.5191500e+05   5.1025391e+01
   1.5196800e+05   3.2104492e+01
   1.5204500e+05   3.3630371e+01
   1.5252100e+05   3.3935547e+01
   1.5258100e+05   3.4362793e+01
   1.5289700e+05   3.4790039e+01
   1.5399300e+05   3.6193848e+01
   1.5525300e+05   3.2226563e+01
   1.5727000e+05   3.2348633e+01
   1.5764900e+05   3.4362793e+01
   1.5869200e+05   3.6743164e+01
   1.5962700e+05   3.3203125e+01
   1.6004100e+05   3.2165527e+01
   1.6334400e+05   4.0649414e+01
   1.6342100e+05   3.2897949e+01
   1.6409300e+05   4.1503906e+01
   1.6693300e+05   3.3020020e+01
   1.7179100e+05   4.3579102e+01
   1.7389300e+05   3.6071777e+01
   1.7811000e+05   5.1391602e+01
   1.8218700e+05   4.0283203e+01
   1.8897500e+05   4.5532227e+01
   1.9137900e+05   3.7109375e+01
   1.9488200e+05   4.1442871e+01
   1.9615100e+05   3.4851074e+01
   2.0057600e+05   4.0100098e+01
   2.0109600e+05   3.9999390e+03
   2.0110600e+05   3.7597656e+01
   2.0113300e+05   3.9184570e+01
   2.0117300e+05   6.7932129e+01
   2.0119900e+05   3.3813477e+01
   2.0120900e+05   4.1564941e+01
   2.0124500e+05   3.4606934e+01
   2.0126200e+05   3.4423828e+01
   2.0128900e+05   3.5766602e+01
   2.0144100e+05   3.2775879e+01
   2.0149900e+05   3.9306641e+01
   2.0152400e+05   3.3813477e+01
   2.0171300e+05   3.3630371e+01
   2.0933600e+05   3.3996582e+01
   2.1376400e+05   3.5156250e+01
   2.1674900e+05   4.1625977e+01
   2.2048700e+05   3.4729004e+01
   2.2221000e+05   3.2470703e+01
   2.2228500e+05   4.5043945e+01
   2.2230100e+05   4.4860840e+01
   2.2234500e+05   3.9916992e+01
   2.2235700e+05   3.4362793e+01
   2.2240800e+05   3.7231445e+01
   2.2243500e+05   3.4240723e+01
   2.2245700e+05   3.4851074e+01
   2.2248900e+05   4.6875000e+01
   2.2255100e+05   4.4860840e+01
   2.2261600e+05   3.9001465e+01
   2.2263100e+05   3.2287598e+01
   2.2271200e+05   3.8391113e+01
   2.2277600e+05   3.2348633e+01
   2.2280500e+05   4.4189453e+01
   2.2307600e+05   3.6071777e+01
   2.3221200e+05   4.3823242e+01
   2.3419100e+05   3.6743164e+01
   2.3472000e+05   3.2836914e+01
   2.3828100e+05   3.8085938e+01
   2.3944200e+05   3.8330078e+01
   2.4282600e+05   3.4973145e+01
   2.5016000e+05   3.6315918e+01
   2.5111000e+05   3.9999390e+03
   2.5115300e+05   3.6010742e+01
   2.5116700e+05   3.2775879e+01
   2.5119000e+05   5.6518555e+01
   2.5122100e+05   4.4860840e+01
   2.5127000e+05   3.4851074e+01
   2.5129600e+05   4.8767090e+01
   2.5133400e+05   3.9978027e+01
   2.5137800e+05   4.5715332e+01
   2.5140100e+05   4.6997070e+01
   2.5141400e+05   3.3813477e+01
   2.5143800e+05   3.2104492e+01
   2.5167200e+05   3.5644531e+01
   2.5187300e+05   3.6987305e+01
   2.6346900e+05   3.5827637e+01
   2.6631300e+05   3.4667969e+01
   2.6863400e+05   4.1625977e+01
   2.7063900e+05   3.6865234e+01
   2.7198600e+05   3.3264160e+01
   2.7203500e+05   3.7658691e+01
   2.7591700e+05   3.3630371e+01
   2.7760400e+05   3.3996582e+01
   2.8243900e+05   3.6254883e+01
   2.8253300e+05   4.4128418e+01
   2.8256000e+05   4.8522949e+01
   2.8261600e+05   3.6071777e+01
   2.8264300e+05   3.7353516e+01
   2.8267500e+05   4.9438477e+01
   2.8272800e+05   3.4729004e+01
   2.8276200e+05   6.6467285e+01
   2.8285200e+05   3.7170410e+01
   2.8294000e+05   3.2409668e+01
   2.8297600e+05   3.6071777e+01
   2.9728800e+05   4.6813965e+01
   2.9932600e+05   4.9011230e+01
   3.0112200e+05   2.0111084e+03
   3.0117900e+05   3.3569336e+01
   3.0120600e+05   5.1330566e+01
   3.0122000e+05   3.8208008e+01
   3.0126400e+05   3.8391113e+01
   3.0128300e+05   3.5644531e+01
   3.0130000e+05   4.2785645e+01
   3.0133800e+05   4.4189453e+01
   3.0138600e+05   3.7597656e+01
   3.0143300e+05   3.7841797e+01
   3.0147500e+05   3.6132813e+01
   3.0154100e+05   3.3508301e+01
   3.0178100e+05   3.3569336e+01
   3.0179300e+05   4.1015625e+01
   3.0183700e+05   3.7658691e+01
   3.0191500e+05   3.3508301e+01
   3.1180000e+05   4.5837402e+01
   3.1537400e+05   3.9123535e+01
   3.1786700e+05   3.5583496e+01
   3.1796200e+05   3.2287598e+01
   3.2668000e+05   3.8208008e+01
   3.2965400e+05   3.4057617e+01
   3.2991300e+05   3.5400391e+01
   3.3206700e+05   4.2297363e+01
   3.3370600e+05   3.2897949e+01
   3.3662100e+05   3.2897949e+01
   3.3668500e+05   3.6926270e+01
   3.3672100e+05   3.3203125e+01
   3.3676300e+05   3.4729004e+01
   3.3679700e+05   3.6193848e+01
   3.3685900e+05   3.3996582e+01
   3.3688100e+05   3.5827637e+01
   3.3700000e+05   3.4057617e+01
   3.5113800e+05   3.9999390e+03
   3.5119100e+05   3.3630371e+01
   3.5121300e+05   3.7963867e+01
   3.5122500e+05   4.5715332e+01
   3.5127700e+05   4.5043945e+01
   3.5129300e+05   3.6376953e+01
   3.5135800e+05   3.7902832e+01
   3.5140700e+05   3.8757324e+01
   3.5147700e+05   3.5095215e+01
   3.5898900e+05   4.2785645e+01
   3.6311700e+05   4.1320801e+01
   3.6704700e+05   4.0161133e+01
   3.7573900e+05   4.9011230e+01
   3.7957500e+05   3.3813477e+01
   3.8393100e+05   3.3630371e+01
   3.8396200e+05   5.1940918e+01
   3.8408700e+05   4.0100098e+01
   3.9269000e+05   4.0466309e+01
   3.9638300e+05   5.6152344e+01
   3.9774600e+05   4.6447754e+01
   4.0115000e+05   2.0069580e+03
   4.0116900e+05   3.5705566e+01
   4.0119000e+05   4.6997070e+01
   4.0121000e+05   3.2348633e+01
   4.0123200e+05   5.1452637e+01
   4.0125500e+05   3.9489746e+01
   4.0127200e+05   3.3325195e+01
   4.0130500e+05   5.3955078e+01
   4.0141500e+05   3.3508301e+01
   4.0143700e+05   3.2470703e+01
   4.0151200e+05   3.2653809e+01
   4.0160200e+05   3.2653809e+01
   4.0176400e+05   4.3090820e+01
   4.0180500e+05   3.2836914e+01
   4.0721300e+05   3.6499023e+01
   4.1076000e+05   3.9367676e+01
   4.1382200e+05   4.4433594e+01
   4.1654600e+05   3.5888672e+01
   4.2220600e+05   3.5034180e+01
   4.2570100e+05   3.2470703e+01
   4.2574800e+05   3.9245605e+01
   4.2575800e+05   4.8889160e+01
   4.2579300e+05   4.0649414e+01
   4.2582000e+05   3.9550781e+01
   4.2585300e+05   3.7414551e+01
   4.2587900e+05   5.5175781e+01
   4.2593400e+05   4.1503906e+01
   4.2597500e+05   4.1748047e+01
   4.2602600e+05   3.3447266e+01
   4.2605700e+05   3.3752441e+01
   4.2609000e+05   3.4484863e+01
   4.2616200e+05   4.2602539e+01
   4.2625800e+05   3.3203125e+01
   4.2631300e+05   4.6752930e+01
   4.2641900e+05   3.8757324e+01
   4.2680200e+05   3.5766602e+01
   4.2709900e+05   3.7353516e+01
   4.2766800e+05   3.3569336e+01
   4.2876700e+05   3.2592773e+01
   4.2895800e+05   3.4301758e+01
   4.3029300e+05   3.2165527e+01
   4.3074900e+05   3.3752441e+01
   4.3888000e+05   3.2897949e+01
   4.3983100e+05   4.2541504e+01
   4.4291800e+05   4.5593262e+01
   4.4790900e+05   4.0588379e+01
   4.5116400e+05   2.0066528e+03
   4.5120300e+05   4.3884277e+01
   4.5122800e+05   3.6254883e+01
   4.5125600e+05   3.4423828e+01
   4.5128700e+05   3.8696289e+01
   4.5130900e+05   4.5898437e+01
   4.5133300e+05   3.7597656e+01
   4.5313400e+05   3.6682129e+01
   4.5923300e+05   3.8940430e+01
   4.6355900e+05   3.5461426e+01
   4.6809800e+05   5.0170898e+01
   4.7144400e+05   3.8635254e+01
   4.7606900e+05   3.5522461e+01
   4.7975100e+05   4.2724609e+01
   4.8189500e+05   4.3457031e+01
   4.8418400e+05   4.0527344e+01
   4.8626200e+05   3.7719727e+01
   4.9132400e+05   3.4912109e+01
   4.9514500e+05   3.7658691e+01
   4.9858800e+05   3.4240723e+01
   4.9993800e+05   3.4484863e+01
   5.0117800e+05   2.0096436e+03
   5.0124700e+05   3.7841797e+01
   5.0125900e+05   8.6181641e+01
   5.0128000e+05   3.2348633e+01
   5.0131800e+05   3.7414551e+01
   5.0134000e+05   3.6193848e+01
   5.0135900e+05   3.4973145e+01
   5.0137800e+05   3.5583496e+01
   5.0150200e+05   3.2348633e+01
   5.0153500e+05   3.2165527e+01
   5.0159100e+05   3.3630371e+01
   5.0176700e+05   4.0527344e+01
   5.0184500e+05   4.2602539e+01
   5.0186800e+05   3.9001465e+01
   5.0192300e+05   3.8085938e+01
   5.0196200e+05   3.2348633e+01
   5.0216900e+05   3.3264160e+01
   5.1528100e+05   3.9001465e+01
   5.1613700e+05   4.3640137e+01
   5.1999700e+05   4.4677734e+01
   5.2536000e+05   3.8085938e+01
   5.2552700e+05   3.7475586e+01
   5.2555600e+05   3.7597656e+01
   5.3149100e+05   3.3813477e+01
   5.3354200e+05   3.6865234e+01
   5.3649900e+05   4.3701172e+01
   5.3825900e+05   3.3813477e+01
   5.3838500e+05   4.5288086e+01
   5.3845600e+05   3.4667969e+01
   5.4411800e+05   4.5288086e+01
   5.4782100e+05   3.6560059e+01
   5.4965700e+05   4.3334961e+01
   5.5118400e+05   3.4362793e+01
   5.5119400e+05   2.7736206e+03
   5.5124500e+05   3.2592773e+01
   5.5127800e+05   4.1076660e+01
   5.5129400e+05   8.8562012e+01
   5.5130700e+05   3.9978027e+01
   5.5132900e+05   3.4790039e+01
   5.5135000e+05   3.7536621e+01
   5.5140100e+05   4.6081543e+01
   5.5166400e+05   3.9062500e+01
   5.5180600e+05   3.6743164e+01
   5.6368300e+05   3.3142090e+01
   5.6663500e+05   4.5166016e+01
   5.7240500e+05   3.6987305e+01
   5.7419300e+05   3.4362793e+01
   5.8873000e+05   5.6152344e+01
   5.8885900e+05   3.3081055e+01
   5.9687300e+05   4.9682617e+01
   5.9860400e+05   4.5288086e+01
   5.9882400e+05   3.7109375e+01
   6.0052300e+05   3.2836914e+01
   6.0120600e+05   2.0086060e+03
   6.0128300e+05   3.3081055e+01
   6.0131200e+05   7.1166992e+01
   6.0133700e+05   4.2663574e+01
   6.0135500e+05   3.5461426e+01
   6.0138400e+05   4.5715332e+01
   6.0145300e+05   3.2348633e+01
   6.0167700e+05   3.3447266e+01
   6.0179700e+05   3.3142090e+01
   6.0185100e+05   3.5644531e+01
   6.0190700e+05   3.7231445e+01
   6.0200000e+05   3.6010742e+01
   6.0209900e+05   3.4179688e+01
   6.1106500e+05   3.9672852e+01
   6.1704000e+05   3.4973145e+01
   6.2153000e+05   4.5776367e+01
   6.2341200e+05   3.5156250e+01
   6.2572000e+05   4.0588379e+01
   6.2925800e+05   3.3874512e+01
   6.3451500e+05   3.4606934e+01
   6.3501200e+05   4.5837402e+01
   6.3919900e+05   3.9184570e+01
   6.3935400e+05   4.7546387e+01
   6.4242300e+05   3.8574219e+01
   6.4247800e+05   4.7119141e+01
   6.4542200e+05   5.6335449e+01
   6.5122200e+05   3.9999390e+03
   6.5126200e+05   5.4199219e+01
   6.5129700e+05   3.2775879e+01
   6.5131300e+05   3.3142090e+01
   6.5135800e+05   3.6437988e+01
   6.5137700e+05   3.4606934e+01
   6.5142100e+05   3.3081055e+01
   6.5143300e+05   3.3996582e+01
   6.5152100e+05   3.4484863e+01
   6.5165400e+05   3.7841797e+01
   6.5205800e+05   3.7963867e+01
   6.5362900e+05   4.3334961e+01
   6.5765100e+05   3.3081055e+01
   6.6020000e+05   3.2653809e+01
   6.6205300e+05   4.4189453e+01
   6.6632400e+05   3.7719727e+01
   6.7221000e+05   3.9184570e+01
   6.7492500e+05   4.9133301e+01
   6.7625000e+05   3.7658691e+01
   6.8056100e+05   3.4545898e+01
   6.8183700e+05   3.9611816e+01
   6.8208800e+05   4.1076660e+01
   6.8500600e+05   3.3203125e+01
   6.8571700e+05   3.3447266e+01
   6.8724700e+05   4.1259766e+01
   6.9443500e+05   4.0466309e+01
   6.9664400e+05   3.3813477e+01
   6.9833900e+05   3.6865234e+01
   6.9987700e+05   3.3020020e+01
   7.0123400e+05   2.0060425e+03
   7.0127100e+05   3.8696289e+01
   7.0130800e+05   4.1564941e+01
   7.0131800e+05   7.5500488e+01
   7.0135500e+05   3.3264160e+01
   7.0137000e+05   4.0466309e+01
   7.0138600e+05   3.3447266e+01
   7.0143600e+05   3.4057617e+01
   7.0147700e+05   3.8452148e+01
   7.0151700e+05   3.2897949e+01
   7.0154900e+05   3.9123535e+01
   7.0349400e+05   3.5827637e+01
   7.0478200e+05   3.5461426e+01
   7.0588700e+05   4.0832520e+01
   7.0807400e+05   3.5522461e+01
   7.0983200e+05   3.3081055e+01
   7.1387000e+05   3.8024902e+01
   7.1719400e+05   4.1748047e+01
   7.2102600e+05   3.2775879e+01
   7.2540100e+05   3.5827637e+01
   7.3817800e+05   3.4606934e+01
   7.3900200e+05   4.5227051e+01
   7.4508000e+05   4.6142578e+01
   7.4689000e+05   4.4799805e+01
   7.4831100e+05   3.8391113e+01
   7.4882700e+05   3.3569336e+01
   7.4991900e+05   3.8574219e+01
   7.5124800e+05   2.0098267e+03
   7.5133000e+05   6.6345215e+01
   7.5136700e+05   3.7902832e+01
   7.5144200e+05   3.8757324e+01
   7.5149500e+05   3.8879395e+01
   7.5251100e+05   4.9255371e+01
   7.5577700e+05   3.8024902e+01
   7.6027500e+05   3.6071777e+01
   7.6361200e+05   3.4179688e+01
   7.7159900e+05   3.4484863e+01
   7.7300000e+05   3.2958984e+01
   7.7495900e+05   3.6682129e+01
   7.7975500e+05   3.6071777e+01
   7.8083100e+05   4.4555664e+01
   7.8288100e+05   3.3020020e+01
   7.8394900e+05   4.0283203e+01
   7.8871900e+05   3.7231445e+01
   7.9606400e+05   4.0954590e+01
   8.0126200e+05   2.0061035e+03
   8.0130300e+05   3.2287598e+01
   8.0132800e+05   3.5156250e+01
   8.0138500e+05   3.7841797e+01
   8.0142500e+05   5.5297852e+01
   8.0158300e+05   3.3447266e+01
   8.0437100e+05   4.1870117e+01
   8.0680800e+05   3.9001465e+01
   8.0789800e+05   3.6560059e+01
   8.1827300e+05   3.3630371e+01
   8.2010000e+05   3.2897949e+01
   8.2151500e+05   3.4790039e+01
   8.2778200e+05   4.1015625e+01
   8.3078300e+05   3.7963867e+01
   8.3103000e+05   3.2104492e+01
   8.3421400e+05   4.1320801e+01
   8.3814400e+05   3.9489746e+01
   8.4153500e+05   4.0161133e+01
   8.4190700e+05   3.8757324e+01
   8.4617400e+05   4.4372559e+01
   8.5121000e+05   3.9672852e+01
   8.5127600e+05   2.0041504e+03
   8.5135400e+05   6.2622070e+01
   8.5139100e+05   4.2053223e+01
   8.5142000e+05   4.3884277e+01
   8.5143200e+05   3.4667969e+01
   8.5144900e+05   3.4729004e+01
   8.5162600e+05   3.5583496e+01
   8.5257800e+05   3.3691406e+01
   8.5621800e+05   4.6997070e+01
   8.5682000e+05   3.3386230e+01
   8.5891100e+05   4.7241211e+01
   8.6241700e+05   3.2714844e+01
   8.7313100e+05   4.6264648e+01
   8.7505500e+05   4.3701172e+01
   8.7804800e+05   3.4790039e+01
   8.8111100e+05   4.3273926e+01
   8.8205400e+05   3.4606934e+01
   8.8225100e+05   3.3081055e+01
   8.8491000e+05   3.5827637e+01
   8.8887200e+05   3.6743164e+01
   8.9126700e+05   3.7292480e+01
   8.9282400e+05   3.5827637e+01
   8.9538100e+05   3.9367676e+01
   8.9597000e+05   3.4545898e+01
   8.9697100e+05   3.8330078e+01
   8.9930100e+05   3.3752441e+01
   9.0088300e+05   4.3823242e+01
   9.0129000e+05   2.0072021e+03
   9.0130900e+05   3.5400391e+01
   9.0132800e+05   3.5339355e+01
   9.0137500e+05   6.1218262e+01
   9.0140300e+05   3.2104492e+01
   9.0142900e+05   3.4301758e+01
   9.0152300e+05   3.3020020e+01
   9.0201600e+05   3.4179688e+01
   9.0291000e+05   3.6682129e+01
   9.0995300e+05   3.8879395e+01
   9.1313100e+05   3.5644531e+01
   9.1827400e+05   3.5583496e+01
   9.1910200e+05   3.3020020e+01
   9.2226200e+05   3.7902832e+01
   9.2549700e+05   3.6499023e+01
   9.2760700e+05   3.9428711e+01
   9.3271400e+05   4.0649414e+01
   9.3486900e+05   5.0964355e+01
   9.3517700e+05   3.3142090e+01
   9.4109100e+05   3.9367676e+01
   9.4412300e+05   4.0649414e+01
   9.4461300e+05   3.2653809e+01
   9.4718300e+05   4.2846680e+01
   9.4905700e+05   3.5400391e+01
   9.5130400e+05   2.0281372e+03
   9.5131700e+05   3.3630371e+01
   9.5134700e+05   4.3640137e+01
   9.5138000e+05   4.0100098e+01
   9.5140000e+05   3.3630371e+01
   9.5144100e+05   5.4321289e+01
   9.5146100e+05   4.6997070e+01
   9.5155400e+05   3.8940430e+01
   9.5594400e+05   3.8818359e+01
   9.6020000e+05   4.8950195e+01
   9.6350900e+05   4.2053223e+01
   9.6835800e+05   3.5705566e+01
   9.7144600e+05   3.3264160e+01
   9.7421700e+05   4.1076660e+01
   9.7520500e+05   3.2775879e+01
   9.7941100e+05   3.7719727e+01
   9.8242300e+05   3.3386230e+01
   9.8487600e+05   3.9550781e+01
   9.8682900e+05   3.2897949e+01
   9.8801600e+05   4.3640137e+01
   9.9195600e+05   4.1564941e+01
   9.9258200e+05   3.4545898e+01
   9.9379100e+05   3.9245605e+01
   9.9599500e+05   4.8828125e+01
   1.0002200e+06   3.5766602e+01
   1.0013180e+06   2.0050659e+03
   1.0013310e+06   3.7902832e+01
   1.0013900e+06   3.5278320e+01
   1.0014200e+06   3.4729004e+01
   1.0014390e+06   4.9011230e+01
   1.0014840e+06   3.5583496e+01
   1.0015880e+06   3.4484863e+01
   1.0016430e+06   3.2165527e+01
   1.0062240e+06   3.5400391e+01
   1.0104420e+06   4.1076660e+01
   1.0122310e+06   3.5888672e+01
   1.0142280e+06   3.5461426e+01
   1.0153500e+06   3.3569336e+01
   1.0160770e+06   3.4545898e+01
   1.0174940e+06   3.2653809e+01
   1.0213780e+06   3.6499023e+01
   1.0244300e+06   3.4057617e+01
   1.0252980e+06   3.3264160e+01
   1.0268120e+06   3.2348633e+01
   1.0295760e+06   3.2409668e+01
   1.0301000e+06   3.5400391e+01
   1.0318420e+06   3.6682129e+01
   1.0331710e+06   3.5644531e+01
   1.0332910e+06   3.4179688e+01
   1.0351300e+06   3.3020020e+01
   1.0352120e+06   3.2226563e+01
   1.0394740e+06   3.8330078e+01
   1.0418680e+06   3.2592773e+01
   1.0429790e+06   3.6926270e+01
   1.0471810e+06   4.0405273e+01
   1.0503690e+06   3.7780762e+01
   1.0513340e+06   3.9999390e+03
   1.0513460e+06   3.2348633e+01
   1.0513720e+06   3.8757324e+01
   1.0514060e+06   4.1076660e+01
   1.0514220e+06   3.8940430e+01
   1.0514410e+06   3.4240723e+01
   1.0514520e+06   3.4484863e+01
   1.0515010e+06   3.3081055e+01
   1.0515230e+06   4.1931152e+01
   1.0515470e+06   3.3813477e+01
   1.0515780e+06   4.1015625e+01
   1.0516060e+06   3.3996582e+01
   1.0517990e+06   3.2958984e+01
   1.0527880e+06   3.9550781e+01
   1.0561340e+06   3.6254883e+01
   1.0621030e+06   4.3640137e+01
   1.0691280e+06   3.9367676e+01
   1.0709350e+06   3.2531738e+01
   1.0736980e+06   4.5898438e+01
   1.0740070e+06   3.4484863e+01
   1.0750610e+06   3.4729004e+01
   1.0767240e+06   3.2287598e+01
   1.0767770e+06   3.4667969e+01
   1.0768380e+06   5.1757813e+01
   1.0768570e+06   3.2592773e+01
   1.0769350e+06   3.4057617e+01
   1.0770260e+06   4.1381836e+01
   1.0774330e+06   4.0893555e+01
   1.0775570e+06   3.4362793e+01
   1.0842100e+06   3.5461426e+01
   1.0876520e+06   3.8696289e+01
   1.0977470e+06   4.4555664e+01
   1.0996020e+06   4.0100098e+01
   1.1013480e+06   3.9999390e+03
   1.1013870e+06   3.7231445e+01
   1.1014330e+06   3.3264160e+01
   1.1014640e+06   4.2297363e+01
   1.1015070e+06   4.5837402e+01
   1.1031510e+06   3.3142090e+01
   1.1080280e+06   4.3640137e+01
   1.1100850e+06   3.6621094e+01
   1.1145290e+06   4.0405273e+01
   1.1159870e+06   3.2958984e+01
   1.1171250e+06   3.3020020e+01
   1.1209830e+06   3.8879395e+01
   1.1257710e+06   3.3325195e+01
   1.1272690e+06   4.3823242e+01
   1.1296160e+06   3.8574219e+01
   1.1297890e+06   3.3081055e+01
   1.1314080e+06   3.8269043e+01
   1.1317540e+06   3.3874512e+01
   1.1323160e+06   3.5888672e+01
   1.1346790e+06   4.0283203e+01
   1.1350200e+06   3.5156250e+01
   1.1383910e+06   3.3630371e+01
   1.1386570e+06   3.8757324e+01
   1.1405290e+06   3.2287598e+01
   1.1420620e+06   3.4301758e+01
   1.1448190e+06   3.8146973e+01
   1.1459710e+06   3.2165527e+01
   1.1468780e+06   3.4667969e+01
   1.1475580e+06   3.5888672e+01
   1.1513600e+06   2.0107422e+03
   1.1513740e+06   3.3325195e+01
   1.1514710e+06   3.2226563e+01
   1.1515050e+06   3.3813477e+01
   1.1515300e+06   3.8208008e+01
   1.1516350e+06   3.8879395e+01
   1.1517700e+06   3.4179688e+01
   1.1520660e+06   3.9306641e+01
   1.1656800e+06   3.8085938e+01
   1.1661920e+06   3.2592773e+01
   1.1669210e+06   3.4362793e+01
   1.1712570e+06   3.9367676e+01
   1.1723920e+06   3.7475586e+01
   1.1745210e+06   3.5217285e+01
   1.1766030e+06   3.7170410e+01
   1.1786650e+06   3.4484863e+01
   1.1810720e+06   4.0771484e+01
   1.1838570e+06   3.4057617e+01
   1.1868020e+06   3.2165527e+01
   1.1909190e+06   4.1870117e+01
   1.1932320e+06   3.2897949e+01
   1.1946910e+06   3.2592773e+01
   1.1970970e+06   3.9733887e+01
   1.2011890e+06   3.7719727e+01
   1.2013360e+06   3.9550781e+01
   1.2013740e+06   2.0117188e+03
   1.2013940e+06   3.6254883e+01
   1.2014380e+06   3.3630371e+01
   1.2014680e+06   3.6926270e+01
   1.2015020e+06   4.0649414e+01
   1.2015990e+06   3.5095215e+01
   1.2074030e+06   3.2653809e+01
   1.2088390e+06   3.4851074e+01
   1.2104220e+06   3.7902832e+01
   1.2135640e+06   3.3569336e+01
   1.2178040e+06   4.1442871e+01
   1.2184510e+06   3.4667969e+01
   1.2208800e+06   3.5949707e+01
   1.2246320e+06   3.3386230e+01
   1.2250570e+06   3.7841797e+01
   1.2277660e+06   4.3151855e+01
   1.2280720e+06   4.3518066e+01
   1.2304640e+06   3.9916992e+01
   1.2305730e+06   3.8391113e+01
   1.2336510e+06   3.3569336e+01
   1.2418080e+06   3.8085938e+01
   1.2428610e+06   3.5888672e+01
   1.2456170e+06   3.6682129e+01
   1.2457870e+06   3.5034180e+01
   1.2483660e+06   4.7729492e+01
   1.2510600e+06   4.0649414e+01
   1.2513900e+06   3.9999390e+03
   1.2514660e+06   3.4790039e+01
   1.2514810e+06   8.3007813e+01
   1.2514910e+06   3.4606934e+01
   1.2515210e+06   3.3569336e+01
   1.2515630e+06   3.4729004e+01
   1.2515860e+06   4.7180176e+01
   1.2516540e+06   3.3569336e+01
   1.2517480e+06   3.6865234e+01
   1.2518770e+06   3.6071777e+01
   1.2520430e+06   3.6071777e+01
   1.2520950e+06   3.9489746e+01
   1.2523880e+06   3.2775879e+01
   1.2596550e+06   4.6142578e+01
   1.2610860e+06   4.0649414e+01
   1.2643020e+06   3.2531738e+01
   1.2682950e+06   3.4790039e+01
   1.2708640e+06   3.5766602e+01
   1.2725040e+06   3.9794922e+01
   1.2769850e+06   3.3752441e+01
   1.2777520e+06   3.3630371e+01
   1.2826730e+06   3.8635254e+01
   1.2854700e+06   3.3752441e+01
   1.2885990e+06   3.8391113e+01
   1.2903570e+06   4.2480469e+01
   1.2949430e+06   3.7536621e+01
   1.2984000e+06   4.7424316e+01
   1.2984280e+06   3.7292480e+01
   1.2984520e+06   6.9885254e+01
   1.2984900e+06   3.9794922e+01
   1.2985160e+06   4.1625977e+01
   1.2985270e+06   4.3701172e+01
   1.2985440e+06   3.4301758e+01
   1.2985830e+06   3.5278320e+01
   1.2985950e+06   3.3203125e+01
   1.2986260e+06   3.4667969e+01
   1.2986700e+06   3.3447266e+01
   1.2986800e+06   3.3386230e+01
   1.2986920e+06   3.8085938e+01
   1.2987130e+06   5.5358887e+01
   1.2987240e+06   7.6538086e+01
   1.2987500e+06   4.7180176e+01
   1.2987780e+06   3.2897949e+01
   1.2988110e+06   4.5654297e+01
   1.2988430e+06   3.6621094e+01
   1.2988870e+06   4.7973633e+01
   1.2989070e+06   3.9611816e+01
   1.2989450e+06   3.7719727e+01
   1.2990100e+06   3.7841797e+01
   1.2990250e+06   3.5095215e+01
   1.2990630e+06   3.8574219e+01
   1.2991580e+06   3.5217285e+01
   1.2992330e+06   3.2958984e+01
   1.2992510e+06   4.0954590e+01
   1.2992740e+06   4.7302246e+01
   1.2993490e+06   3.3142090e+01
   1.2994080e+06   4.8461914e+01
   1.2995660e+06   3.2104492e+01
   1.2996010e+06   3.9001465e+01
   1.2997080e+06   4.4494629e+01
   1.2997780e+06   3.2165527e+01
   1.2999180e+06   3.4484863e+01
   1.2999630e+06   7.0922852e+01
   1.3000740e+06   3.4057617e+01
   1.3001940e+06   4.3334961e+01
   1.3002110e+06   4.9926758e+01
   1.3007750e+06   3.7719727e+01
   1.3014020e+06   2.0066528e+03
   1.3014340e+06   3.7719727e+01
   1.3014720e+06   3.5705566e+01
   1.3015810e+06   3.4729004e+01
   1.3018790e+06   3.3996582e+01
   1.3020000e+06   3.3081055e+01
   1.3023760e+06   3.2165527e+01
   1.3025450e+06   3.3264160e+01
   1.3025950e+06   3.2653809e+01
   1.3035680e+06   3.2531738e+01
   1.3039040e+06   3.6071777e+01
   1.3041820e+06   3.4057617e+01
   1.3052430e+06   3.2531738e+01
   1.3055480e+06   3.6437988e+01
   1.3056710e+06   3.2104492e+01
   1.3061630e+06   3.2897949e+01
   1.3068980e+06   3.7475586e+01
   1.3071300e+06   3.2714844e+01
   1.3072670e+06   3.2348633e+01
   1.3073440e+06   3.2409668e+01
   1.3078190e+06   3.4790039e+01
   1.3082650e+06   3.2348633e+01
   1.3088460e+06   3.2958984e+01
   1.3106630e+06   3.3874512e+01
   1.3111190e+06   3.4973145e+01
   1.3182780e+06   4.4494629e+01
   1.3201240e+06   3.3752441e+01
   1.3220160e+06   3.6010742e+01
   1.3275360e+06   3.8269043e+01
   1.3329980e+06   4.0710449e+01
   1.3362800e+06   3.6560059e+01
   1.3419930e+06   3.9855957e+01
   1.3450430e+06   4.0832520e+01
   1.3505500e+06   3.3020020e+01
   1.3514160e+06   2.0095215e+03
   1.3514990e+06   3.2226563e+01
   1.3515830e+06   4.7424316e+01
   1.3516010e+06   3.6560059e+01
   1.3516430e+06   4.8645020e+01
   1.3539520e+06   4.0771484e+01
   1.3553660e+06   4.1931152e+01
   1.3582000e+06   3.6437988e+01
   1.3608100e+06   3.6132813e+01
   1.3635470e+06   3.3691406e+01
   1.3652260e+06   3.7658691e+01
   1.3697950e+06   3.8757324e+01
   1.3712410e+06   3.6865234e+01
   1.3728920e+06   3.6682129e+01
   1.3748740e+06   3.4545898e+01
   1.3771160e+06   3.3020020e+01
   1.3785730e+06   3.2470703e+01
   1.3812800e+06   3.6254883e+01
   1.3849890e+06   3.3447266e+01
   1.3857110e+06   3.8146973e+01
   1.3923510e+06   4.9499512e+01
   1.3935210e+06   3.5705566e+01
   1.3954250e+06   3.6621094e+01
   1.3958760e+06   3.6682129e+01
   1.3971980e+06   4.1259766e+01
   1.4011690e+06   3.6560059e+01
   1.4014320e+06   3.9999390e+03
   1.4015060e+06   4.1503906e+01
   1.4015180e+06   8.0261230e+01
   1.4015530e+06   4.1137695e+01
   1.4015710e+06   4.3395996e+01
   1.4015850e+06   6.3293457e+01
   1.4016160e+06   4.3579102e+01
   1.4016400e+06   3.4729004e+01
   1.4016910e+06   3.9367676e+01
   1.4025720e+06   4.0039063e+01
   1.4084560e+06   4.0527344e+01
   1.4103410e+06   3.2836914e+01
   1.4126990e+06   3.6193848e+01
   1.4144540e+06   3.4301758e+01
   1.4147790e+06   3.5339355e+01
   1.4156500e+06   3.3874512e+01
   1.4174170e+06   4.0344238e+01
   1.4211910e+06   3.9245605e+01
   1.4234330e+06   3.2226563e+01
   1.4264700e+06   3.2775879e+01
   1.4272220e+06   3.2226563e+01
   1.4278270e+06   3.5949707e+01
   1.4293710e+06   3.4973145e+01
   1.4307240e+06   3.3081055e+01
   1.4331430e+06   3.7231445e+01
   1.4352980e+06   3.7292480e+01
   1.4382100e+06   3.5583496e+01
   1.4382650e+06   4.5532227e+01
   1.4399880e+06   3.7963867e+01
   1.4405820e+06   3.6621094e+01
   1.4447100e+06   3.5156250e+01
   1.4489020e+06   3.3081055e+01
   1.4490350e+06   3.4301758e+01
   1.4514440e+06   2.0111694e+03
   1.4514920e+06   3.7292480e+01
   1.4515270e+06   4.6813965e+01
   1.4515530e+06   3.7719727e+01
   1.4515950e+06   3.4851074e+01
   1.4516060e+06   4.3029785e+01
   1.4516560e+06   3.5583496e+01
   1.4517050e+06   3.7597656e+01
   1.4517720e+06   3.4240723e+01
   1.4522120e+06   3.3386230e+01
   1.4574480e+06   4.1381836e+01
   1.4586790e+06   3.7292480e+01
   1.4602020e+06   4.0893555e+01
   1.4619250e+06   3.3325195e+01
   1.4627260e+06   4.1564941e+01
   1.4652970e+06   3.2653809e+01
   1.4674060e+06   3.8513184e+01
   1.4674230e+06   3.5217285e+01
   1.4676260e+06   3.6865234e+01
   1.4676830e+06   3.2836914e+01
   1.4677730e+06   4.4738770e+01
   1.4677860e+06   3.2409668e+01
   1.4679220e+06   3.2348633e+01
   1.4763390e+06   3.5217285e+01
   1.4782630e+06   3.4118652e+01
   1.4814470e+06   4.6447754e+01
   1.4826530e+06   3.4790039e+01
   1.4828060e+06   3.3691406e+01
   1.4829680e+06   3.6010742e+01
   1.4861550e+06   3.8024902e+01
   1.4886160e+06   3.5644531e+01
   1.4887730e+06   4.1442871e+01
   1.4888590e+06   3.2592773e+01
   1.4891870e+06   4.3640137e+01
   1.4941820e+06   3.5095215e+01
   1.4974460e+06   3.4667969e+01
   1.4990070e+06   3.7841797e+01
   1.5014580e+06   2.0059204e+03
   1.5014960e+06   3.5156250e+01
   1.5015350e+06   3.4301758e+01
   1.5015700e+06   3.4545898e+01
   1.5016180e+06   3.6254883e+01
   1.5016360e+06   3.2348633e+01
   1.5016640e+06   3.5156250e+01
   1.5021500e+06   4.6081543e+01
   1.5068410e+06   3.4240723e+01
   1.5096380e+06   4.5715332e+01
   1.5123650e+06   4.6691895e+01
   1.5140370e+06   3.2592773e+01
   1.5181120e+06   3.5034180e+01
   1.5198900e+06   3.8391113e+01
   1.5206980e+06   3.2714844e+01
   1.5208190e+06   3.8391113e+01
   1.5208340e+06   3.3508301e+01
   1.5210360e+06   3.4240723e+01
   1.5210640e+06   3.7902832e+01
   1.5211750e+06   3.3020020e+01
   1.5212040e+06   6.7199707e+01
   1.5213820e+06   3.2409668e+01
   1.5297110e+06   4.0893555e+01
   1.5321640e+06   3.6743164e+01
   1.5342840e+06   3.3630371e+01
   1.5345290e+06   3.6682129e+01
   1.5386730e+06   3.2226563e+01
   1.5412730e+06   3.5827637e+01
   1.5412900e+06   4.8950195e+01
   1.5413210e+06   3.3508301e+01
   1.5414050e+06   3.2836914e+01
   1.5416580e+06   3.7963867e+01
   1.5480020e+06   3.4301758e+01
   1.5513860e+06   3.2714844e+01
   1.5514740e+06   3.9999390e+03
   1.5514840e+06   4.0893555e+01
   1.5515750e+06   6.0485840e+01
   1.5516050e+06   3.3630371e+01
   1.5516350e+06   3.5095215e+01
   1.5516520e+06   4.2297363e+01
   1.5561600e+06   3.4973145e+01
   1.5578690e+06   3.7231445e+01
   1.5604020e+06   3.3630371e+01
   1.5611530e+06   4.1198730e+01
   1.5614620e+06   3.5766602e+01
   1.5701230e+06   3.8818359e+01
   1.5720680e+06   3.2897949e+01
   1.5766270e+06   3.7658691e+01
   1.5775320e+06   3.9123535e+01
   1.5804490e+06   3.6926270e+01
   1.5815180e+06   3.4301758e+01
   1.5864100e+06   3.2470703e+01
   1.5885040e+06   3.2104492e+01
   1.5885750e+06   3.3691406e+01
   1.5886330e+06   3.5278320e+01
   1.5887040e+06   4.1992188e+01
   1.5888130e+06   3.2897949e+01
   1.5888240e+06   3.2958984e+01
   1.5888810e+06   4.0649414e+01
   1.5889100e+06   3.3264160e+01
   1.5889300e+06   3.7841797e+01
   1.5937870e+06   3.4057617e+01
   1.5941590e+06   3.6254883e+01
   1.5942620e+06   3.4667969e+01
   1.5942770e+06   3.3447266e+01
   1.5943400e+06   4.2785645e+01
   1.5944760e+06   4.2358398e+01
   1.5979700e+06   3.6804199e+01
   1.6014860e+06   2.0136108e+03
   1.6015250e+06   3.4423828e+01
   1.6015830e+06   3.7536621e+01
   1.6016280e+06   5.3405762e+01
   1.6016460e+06   3.2287598e+01
   1.6016850e+06   3.2531738e+01
   1.6063580e+06   3.8269043e+01
   1.6080010e+06   3.2470703e+01
   1.6096820e+06   3.2958984e+01
   1.6183860e+06   3.5278320e+01
   1.6184010e+06   3.3935547e+01
   1.6184200e+06   4.4677734e+01
   1.6184330e+06   7.2631836e+01
   1.6184500e+06   5.3710938e+01
   1.6184630e+06   4.1442871e+01
   1.6184950e+06   4.0283203e+01
   1.6185050e+06   3.3752441e+01
   1.6185200e+06   3.2470703e+01
   1.6185420e+06   3.5583496e+01
   1.6185650e+06   3.6193848e+01
   1.6185920e+06   7.3364258e+01
   1.6186210e+06   3.5583496e+01
   1.6186580e+06   3.2714844e+01
   1.6186890e+06   5.0659180e+01
   1.6187030e+06   3.2592773e+01
   1.6187990e+06   3.2287598e+01
   1.6188490e+06   3.7902832e+01
   1.6188940e+06   3.4851074e+01
   1.6189130e+06   3.6865234e+01
   1.6192540e+06   3.6193848e+01
   1.6195660e+06   4.5043945e+01
   1.6207020e+06   3.6193848e+01
   1.6209140e+06   3.2836914e+01
   1.6225070e+06   3.2104492e+01
   1.6293280e+06   3.2409668e+01
   1.6298580e+06   3.6437988e+01
   1.6322460e+06   3.7719727e+01
   1.6353850e+06   3.7597656e+01
   1.6363830e+06   3.5888672e+01
   1.6418640e+06   3.4301758e+01
   1.6457360e+06   3.8208008e+01
   1.6480870e+06   3.9428711e+01
   1.6501370e+06   3.3020020e+01
   1.6515000e+06   2.0097046e+03
   1.6515120e+06   3.7963867e+01
   1.6515790e+06   3.6682129e+01
   1.6515990e+06   8.4533691e+01
   1.6516670e+06   3.6743164e+01
   1.6550850e+06   3.2226563e+01
   1.6563730e+06   3.5766602e+01
   1.6595240e+06   3.3142090e+01
   1.6597290e+06   3.7353516e+01
   1.6621730e+06   3.4790039e+01
   1.6635440e+06   3.5034180e+01
   1.6664260e+06   4.2236328e+01
   1.6674340e+06   3.5278320e+01
   1.6674710e+06   3.4240723e+01
   1.6675280e+06   3.6254883e+01
   1.6741260e+06   3.7841797e+01
   1.6795930e+06   3.3874512e+01
   1.6797230e+06   3.9062500e+01
   1.6811390e+06   3.6437988e+01
   1.6848780e+06   3.6193848e+01
   1.6902470e+06   3.9062500e+01
   1.6922380e+06   4.2053223e+01
   1.6937640e+06   3.6376953e+01
   1.6967630e+06   3.5522461e+01
   1.7015140e+06   2.0025635e+03
   1.7015860e+06   4.0954590e+01
   1.7016010e+06   8.2092285e+01
   1.7016290e+06   4.9804688e+01
   1.7016540e+06   3.2714844e+01
   1.7016740e+06   3.2226563e+01
   1.7016960e+06   4.2541504e+01
   1.7020540e+06   3.3081055e+01
   1.7021240e+06   3.3996582e+01
   1.7021550e+06   3.4790039e+01
   1.7022400e+06   3.6010742e+01
   1.7022550e+06   3.8635254e+01
   1.7022920e+06   3.2958984e+01
   1.7023120e+06   4.0161133e+01
   1.7023330e+06   3.7048340e+01
   1.7023910e+06   3.2470703e+01
   1.7024430e+06   3.2775879e+01
   1.7024680e+06   3.6804199e+01
   1.7025580e+06   3.5766602e+01
   1.7025750e+06   4.0100098e+01
   1.7030740e+06   3.2165527e+01
   1.7139180e+06   4.7119141e+01
   1.7157210e+06   4.5532227e+01
   1.7257740e+06   3.7475586e+01
   1.7257930e+06   3.4179688e+01
   1.7258290e+06   3.3081055e+01
   1.7258860e+06   3.6193848e+01
   1.7264010e+06   3.9245605e+01
   1.7264270e+06   3.7414551e+01
   1.7264780e+06   3.2104492e+01
   1.7265810e+06   4.2785645e+01
   1.7266130e+06   4.1931152e+01
   1.7266710e+06   3.3203125e+01
   1.7266930e+06   3.2836914e+01
   1.7267840e+06   3.3081055e+01
   1.7364970e+06   4.1931152e+01
   1.7402330e+06   3.4179688e+01
   1.7402550e+06   3.5034180e+01
   1.7402680e+06   3.5522461e+01
   1.7459670e+06   4.4921875e+01
   1.7504440e+06   4.3579102e+01
   1.7513370e+06   3.3386230e+01
   1.7515280e+06   2.0046387e+03
   1.7515410e+06   3.5095215e+01
   1.7517110e+06   3.4423828e+01
   1.7522000e+06   3.3264160e+01
   1.7523160e+06   4.1442871e+01
   1.7523630e+06   3.3996582e+01
   1.7523730e+06   3.3325195e+01
   1.7525280e+06   3.3203125e+01
   1.7599990e+06   3.2165527e+01
   1.7614380e+06   3.4118652e+01
   1.7624090e+06   3.7109375e+01
   1.7627480e+06   3.3569336e+01
   1.7666630e+06   4.1503906e+01
   1.7737590e+06   3.5949707e+01
   1.7737900e+06   3.6193848e+01
   1.7738150e+06   3.3081055e+01
   1.7739070e+06   3.2104492e+01
   1.7826900e+06   3.3813477e+01
   1.7854240e+06   4.7485352e+01
   1.7904280e+06   3.5766602e+01
   1.7924710e+06   3.4057617e+01
   1.7940240e+06   3.3813477e+01
   1.7965450e+06   3.6926270e+01
   1.8015440e+06   3.9999390e+03
   1.8016310e+06   5.5419922e+01
   1.8016640e+06   3.5156250e+01
   1.8017370e+06   3.7475586e+01
   1.8017470e+06   3.2897949e+01
   1.8017900e+06   3.6987305e+01
   1.8019370e+06   3.3386230e+01
   1.8020860e+06   3.2775879e+01
   1.8022110e+06   3.4057617e+01
   1.8143350e+06   3.2836914e+01
   1.8143850e+06   3.5217285e+01
   1.8144870e+06   3.3508301e+01
   1.8147520e+06   3.2287598e+01
   1.8169090e+06   3.6560059e+01
   1.8219550e+06   3.6193848e+01
   1.8280330e+06   4.1503906e+01
   1.8296780e+06   3.2470703e+01
   1.8297620e+06   3.3996582e+01
   1.8299740e+06   3.9916992e+01
   1.8300540e+06   3.5278320e+01
   1.8301300e+06   3.4851074e+01
   1.8381770e+06   3.4606934e+01
   1.8414190e+06   4.2114258e+01
   1.8427880e+06   3.2897949e+01
   1.8434210e+06   3.8391113e+01
   1.8451900e+06   3.5461426e+01
   1.8462740e+06   3.2165527e+01
   1.8494020e+06   3.5644531e+01
   1.8508500e+06   3.3081055e+01
   1.8515560e+06   2.0068359e+03
   1.8516550e+06   3.8024902e+01
   1.8516760e+06   4.9804688e+01
   1.8517000e+06   4.0649414e+01
   1.8517810e+06   3.7658691e+01
   1.8518010e+06   4.9804688e+01
   1.8518570e+06   3.3569336e+01
   1.8522270e+06   3.5644531e+01
   1.8524080e+06   3.5949707e+01
   1.8611310e+06   3.2653809e+01
   1.8625770e+06   3.6193848e+01
   1.8656440e+06   3.9245605e+01
   1.8686720e+06   3.2348633e+01
   1.8716040e+06   3.7963867e+01
   1.8741050e+06   4.0405273e+01
   1.8765470e+06   4.5227051e+01
   1.8802900e+06   3.3264160e+01
   1.8842720e+06   3.3630371e+01
   1.8863930e+06   3.6804199e+01
   1.8916980e+06   3.9184570e+01
   1.8952510e+06   3.8513184e+01
   1.8953960e+06   3.6499023e+01
   1.8988700e+06   3.6804199e+01
   1.9003110e+06   3.4362793e+01
   1.9015700e+06   2.0040283e+03
   1.9016050e+06   3.3203125e+01
   1.9016430e+06   3.2958984e+01
   1.9016950e+06   3.9611816e+01
   1.9017530e+06   3.7292480e+01
   1.9017830e+06   4.2236328e+01
   1.9054040e+06   3.5034180e+01
   1.9079420e+06   3.3996582e+01
   1.9104980e+06   3.7109375e+01
   1.9115970e+06   3.4973145e+01
   1.9136560e+06   3.9611816e+01
   1.9142650e+06   3.2287598e+01
   1.9153190e+06   3.3752441e+01
   1.9160510e+06   3.3142090e+01
   1.9166210e+06   4.1564941e+01
   1.9176940e+06   3.2470703e+01
   1.9291250e+06   4.1503906e+01
   1.9300930e+06   4.1870117e+01
   1.9326270e+06   3.7597656e+01
   1.9338060e+06   3.8024902e+01
   1.9374160e+06   3.9855957e+01
   1.9387900e+06   3.2226563e+01
   1.9401990e+06   3.2409668e+01
   1.9405320e+06   3.2592773e+01
   1.9475470e+06   3.8024902e+01
   1.9515860e+06   3.9999390e+03
   1.9516670e+06   4.7363281e+01
   1.9516980e+06   3.9123535e+01
   1.9517130e+06   3.9916992e+01
   1.9517760e+06   3.6132813e+01
   1.9518340e+06   3.5583496e+01
   1.9532870e+06   3.4362793e+01
   1.9558440e+06   3.4790039e+01
   1.9596540e+06   3.3630371e+01
   1.9628490e+06   3.5400391e+01
   1.9652740e+06   3.4240723e+01
   1.9678000e+06   3.3752441e+01
   1.9726270e+06   3.6254883e+01
   1.9738570e+06   3.4973145e+01
   1.9751790e+06   3.6315918e+01
   1.9774370e+06   3.3752441e+01
   1.9788020e+06   3.6499023e+01
   1.9814850e+06   4.0039063e+01
   1.9843500e+06   3.3020020e+01
   1.9866600e+06   3.3630371e+01
   1.9886790e+06   3.4973145e+01
   1.9922920e+06   3.4423828e+01
   1.9994720e+06   4.0771484e+01
   2.0016000e+06   3.9999390e+03
   2.0016380e+06   3.5949707e+01
   2.0016730e+06   3.6987305e+01
   2.0017130e+06   3.6315918e+01
   2.0041520e+06   3.8818359e+01
   2.0060750e+06   3.7780762e+01
   2.0142070e+06   3.7963867e+01
   2.0163310e+06   3.3203125e+01
   2.0221570e+06   4.2907715e+01
   2.0245760e+06   3.8024902e+01
   2.0261440e+06   4.1748047e+01
   2.0262620e+06   3.3691406e+01
   2.0302110e+06   3.3752441e+01
   2.0375510e+06   3.3508301e+01
   2.0389060e+06   3.5034180e+01
   2.0389290e+06   7.6416016e+01
   2.0389990e+06   3.5034180e+01
   2.0390430e+06   4.0039063e+01
   2.0390790e+06   4.3273926e+01
   2.0390920e+06   4.1564941e+01
   2.0391220e+06   3.7902832e+01
   2.0391410e+06   3.7658691e+01
   2.0391600e+06   3.4667969e+01
   2.0392040e+06   3.2104492e+01
   2.0392220e+06   3.7719727e+01
   2.0392520e+06   6.6162109e+01
   2.0392710e+06   4.9560547e+01
   2.0393220e+06   3.3386230e+01
   2.0393410e+06   3.3081055e+01
   2.0393600e+06   4.1137695e+01
   2.0393740e+06   5.0292969e+01
   2.0393890e+06   4.4067383e+01
   2.0394260e+06   4.0039063e+01
   2.0394420e+06   3.9245605e+01
   2.0394780e+06   3.2470703e+01
   2.0394900e+06   5.2001953e+01
   2.0395270e+06   3.6010742e+01
   2.0395440e+06   4.0100098e+01
   2.0396000e+06   4.8828125e+01
   2.0396390e+06   3.2531738e+01
   2.0396650e+06   4.2358398e+01
   2.0396910e+06   3.7719727e+01
   2.0397170e+06   3.2226563e+01
   2.0397550e+06   3.9184570e+01
   2.0398740e+06   3.6254883e+01
   2.0399340e+06   4.6936035e+01
   2.0400210e+06   3.7963867e+01
   2.0401110e+06   3.7841797e+01
   2.0401220e+06   3.3569336e+01
   2.0401820e+06   3.4667969e+01
   2.0402190e+06   3.3569336e+01
   2.0402910e+06   3.5156250e+01
   2.0403140e+06   5.6396484e+01
   2.0404810e+06   3.2287598e+01
   2.0406170e+06   3.7475586e+01
   2.0410600e+06   3.6804199e+01
   2.0411330e+06   3.6376953e+01
   2.0413600e+06   3.9794922e+01
   2.0416270e+06   3.3325195e+01
   2.0424230e+06   3.5400391e+01
   2.0425500e+06   3.4484863e+01
   2.0427360e+06   3.2409668e+01
   2.0432890e+06   3.5400391e+01
   2.0436360e+06   3.2958984e+01
   2.0437490e+06   3.6926270e+01
   2.0438660e+06   3.3752441e+01
   2.0441370e+06   3.3813477e+01
   2.0443050e+06   3.3020020e+01
   2.0444160e+06   3.3630371e+01
   2.0450560e+06   3.4179688e+01
   2.0458740e+06   3.2104492e+01
   2.0461480e+06   3.3569336e+01
   2.0467640e+06   3.2958984e+01
   2.0490070e+06   3.2714844e+01
   2.0491140e+06   4.4006348e+01
   2.0494830e+06   3.2714844e+01
   2.0516140e+06   3.9999390e+03
   2.0517380e+06   3.3935547e+01
   2.0521090e+06   3.6010742e+01
   2.0549110e+06   3.3386230e+01
   2.0558670e+06   3.4912109e+01
   2.0588890e+06   4.6875000e+01
   2.0618820e+06   4.2297363e+01
   2.0667560e+06   3.5888672e+01
   2.0701950e+06   3.3996582e+01
   2.0739350e+06   4.2114258e+01
   2.0796670e+06   3.4667969e+01
   2.0828400e+06   3.4667969e+01
   2.0895070e+06   4.3090820e+01
   2.0923400e+06   3.6926270e+01
   2.0968900e+06   3.8391113e+01
   2.1000020e+06   3.5278320e+01
   2.1016260e+06   2.0081787e+03
   2.1016450e+06   3.2165527e+01
   2.1016670e+06   3.5522461e+01
   2.1017090e+06   3.7048340e+01
   2.1017640e+06   4.6569824e+01
   2.1017750e+06   7.3242188e+01
   2.1020130e+06   4.1015625e+01
   2.1052030e+06   3.6804199e+01
   2.1095770e+06   3.7963867e+01
   2.1135410e+06   3.5888672e+01
   2.1156890e+06   3.2470703e+01
   2.1196660e+06   4.1503906e+01
   2.1225580e+06   3.6499023e+01
   2.1270370e+06   4.1015625e+01
   2.1303250e+06   3.8818359e+01
   2.1343840e+06   4.4799805e+01
   2.1360410e+06   3.6376953e+01
   2.1440960e+06   3.2592773e+01
   2.1449400e+06   3.5583496e+01
   2.1491380e+06   3.3386230e+01
   2.1508950e+06   3.3996582e+01
   2.1516400e+06   2.0063477e+03
   2.1516540e+06   3.3508301e+01
   2.1517000e+06   3.5888672e+01
   2.1517130e+06   3.8146973e+01
   2.1517420e+06   3.7414551e+01
   2.1518250e+06   3.6315918e+01
   2.1518480e+06   4.2358398e+01
   2.1520130e+06   4.1076660e+01
   2.1576410e+06   3.2348633e+01
   2.1594980e+06   3.7536621e+01
   2.1612500e+06   3.7048340e+01
   2.1706490e+06   3.7597656e+01
   2.1731210e+06   3.4179688e+01
   2.1759350e+06   3.8146973e+01
   2.1772630e+06   3.4667969e+01
   2.1787780e+06   4.0283203e+01
   2.1817890e+06   3.2470703e+01
   2.1852990e+06   3.5156250e+01
   2.1920830e+06   3.4423828e+01
   2.1951320e+06   3.9489746e+01
   2.1954630e+06   4.0588379e+01
   2.1963120e+06   3.9001465e+01
   2.1976330e+06   3.3447266e+01
   2.1987440e+06   3.7048340e+01
   2.2009980e+06   3.6132813e+01
   2.2016540e+06   2.0038452e+03
   2.2017340e+06   6.6040039e+01
   2.2017890e+06   3.5522461e+01
   2.2018200e+06   3.2104492e+01
   2.2019060e+06   3.4912109e+01
   2.2065470e+06   3.6376953e+01
   2.2116070e+06   3.2287598e+01
   2.2141850e+06   3.2897949e+01
   2.2162990e+06   4.5227051e+01
   2.2187040e+06   3.4057617e+01
   2.2220040e+06   3.7841797e+01
   2.2247400e+06   3.7414551e+01
   2.2264420e+06   3.4362793e+01
   2.2300480e+06   3.2836914e+01
   2.2312340e+06   3.9428711e+01
   2.2324540e+06   3.3874512e+01
   2.2389870e+06   3.4667969e+01
   2.2416750e+06   3.4240723e+01
   2.2443380e+06   3.2531738e+01
   2.2445610e+06   3.5400391e+01
   2.2459170e+06   3.6987305e+01
   2.2483390e+06   3.7841797e+01
   2.2484630e+06   3.2897949e+01
   2.2489520e+06   3.7719727e+01
   2.2507090e+06   3.3508301e+01
   2.2516680e+06   2.0114746e+03
   2.2516840e+06   3.7109375e+01
   2.2517570e+06   4.9621582e+01
   2.2517820e+06   3.8391113e+01
   2.2518300e+06   4.0588379e+01
   2.2518410e+06   3.8391113e+01
   2.2555470e+06   3.6376953e+01
   2.2573160e+06   3.2348633e+01
   2.2580590e+06   3.2226563e+01
   2.2596050e+06   3.8085938e+01
   2.2596530e+06   3.2287598e+01
   2.2619720e+06   3.8635254e+01
   2.2650590e+06   4.3273926e+01
   2.2651390e+06   3.7353516e+01
   2.2680610e+06   3.2775879e+01
   2.2686810e+06   3.3935547e+01
   2.2695850e+06   3.2897949e+01
   2.2768290e+06   3.6621094e+01
   2.2785890e+06   4.1625977e+01
   2.2813530e+06   3.3996582e+01
   2.2834640e+06   3.5644531e+01
   2.2868400e+06   3.3691406e+01
   2.2875420e+06   3.4301758e+01
   2.2907720e+06   3.2470703e+01
   2.2921490e+06   3.6437988e+01
   2.2925190e+06   3.2226563e+01
   2.2942820e+06   3.8574219e+01
   2.2943540e+06   3.7658691e+01
   2.2957480e+06   3.5583496e+01
   2.2966220e+06   4.1137695e+01
   2.3009660e+06   3.2897949e+01
   2.3010960e+06   3.5095215e+01
   2.3016840e+06   3.9999390e+03
   2.3017170e+06   3.2836914e+01
   2.3017640e+06   3.2348633e+01
   2.3017790e+06   8.4716797e+01
   2.3018120e+06   4.8034668e+01
   2.3018770e+06   3.3325195e+01
   2.3018920e+06   3.4240723e+01
   2.3020550e+06   3.8696289e+01
   2.3049020e+06   3.5705566e+01
   2.3081580e+06   3.4545898e+01
   2.3109480e+06   3.8574219e+01
   2.3130310e+06   3.4423828e+01
   2.3147190e+06   4.1992188e+01
   2.3180020e+06   3.7414551e+01
   2.3205660e+06   3.4851074e+01
   2.3225220e+06   3.3081055e+01
   2.3263560e+06   4.1748047e+01
   2.3273770e+06   3.2958984e+01
   2.3318820e+06   3.9245605e+01
   2.3364410e+06   3.5766602e+01
   2.3385770e+06   3.4790039e+01
   2.3386300e+06   3.6437988e+01
   2.3410680e+06   3.7414551e+01
   2.3473750e+06   4.2541504e+01
   2.3516960e+06   2.0088501e+03
   2.3518340e+06   5.4077148e+01
   2.3518630e+06   3.8574219e+01
   2.3519250e+06   4.0954590e+01
   2.3519840e+06   3.4912109e+01
   2.3546070e+06   3.2104492e+01
   2.3571780e+06   4.1442871e+01
   2.3605450e+06   3.2714844e+01
   2.3627530e+06   3.4667969e+01
   2.3673420e+06   3.3813477e+01
   2.3687870e+06   3.3386230e+01
   2.3688000e+06   3.4301758e+01
   2.3688910e+06   3.7719727e+01
   2.3701940e+06   3.7902832e+01
   2.3710810e+06   3.4851074e+01
   2.3718530e+06   3.2348633e+01
   2.3741200e+06   3.2287598e+01
   2.3752050e+06   3.2775879e+01
   2.3785850e+06   3.4057617e+01
   2.3812030e+06   3.3935547e+01
   2.3826610e+06   3.7292480e+01
   2.3865860e+06   3.3081055e+01
   2.3908430e+06   3.4240723e+01
   2.3924890e+06   3.7109375e+01
   2.3942200e+06   3.4729004e+01
   2.3976020e+06   3.2287598e+01
   2.4011590e+06   4.0344238e+01
   2.4017120e+06   3.9999390e+03
   2.4017550e+06   3.2409668e+01
   2.4018020e+06   5.9204102e+01
   2.4018400e+06   3.2165527e+01
   2.4018780e+06   3.3691406e+01
   2.4019250e+06   4.7546387e+01
   2.4019710e+06   3.2165527e+01
   2.4036120e+06   3.7536621e+01
   2.4078700e+06   3.8574219e+01
   2.4099570e+06   3.8513184e+01
   2.4166600e+06   3.9062500e+01
   2.4197180e+06   3.9489746e+01
   2.4236910e+06   3.2409668e+01
   2.4252180e+06   3.9550781e+01
   2.4255690e+06   3.2409668e+01
   2.4278440e+06   3.9611816e+01
   2.4319970e+06   3.3264160e+01
   2.4334570e+06   3.6376953e+01
   2.4403940e+06   3.5034180e+01
   2.4408830e+06   3.8085938e+01
   2.4410870e+06   3.2897949e+01
   2.4435880e+06   3.9306641e+01
   2.4457630e+06   4.0649414e+01
   2.4460940e+06   3.2470703e+01
   2.4483810e+06   3.5827637e+01
   2.4503950e+06   3.9672852e+01
   2.4517240e+06   2.0114136e+03
   2.4517670e+06   3.4912109e+01
   2.4517920e+06   3.2714844e+01
   2.4518120e+06   3.5827637e+01
   2.4518640e+06   3.5278320e+01
   2.4519350e+06   3.2470703e+01
   2.4542540e+06   3.6743164e+01
   2.4561940e+06   4.2846680e+01
   2.4572950e+06   3.3264160e+01
   2.4591560e+06   3.6621094e+01
   2.4606480e+06   3.2653809e+01
   2.4634380e+06   3.5644531e+01
   2.4665310e+06   3.7719727e+01
   2.4677780e+06   3.7414551e+01
   2.4711430e+06   4.3395996e+01
   2.4729030e+06   3.2348633e+01
   2.4755130e+06   3.2836914e+01
   2.4765900e+06   5.1757813e+01
   2.4766180e+06   3.5766602e+01
   2.4766470e+06   4.1687012e+01
   2.4766860e+06   3.5095215e+01
   2.4767180e+06   3.8330078e+01
   2.4767370e+06   3.9062500e+01
   2.4767720e+06   4.1259766e+01
   2.4768320e+06   3.5400391e+01
   2.4768470e+06   6.0485840e+01
   2.4768570e+06   3.4973145e+01
   2.4769380e+06   3.5339355e+01
   2.4769760e+06   3.4301758e+01
   2.4770250e+06   3.6621094e+01
   2.4770620e+06   3.4851074e+01
   2.4771390e+06   3.2653809e+01
   2.4771620e+06   3.9001465e+01
   2.4772000e+06   3.6132813e+01
   2.4772950e+06   3.3020020e+01
   2.4773160e+06   3.5156250e+01
   2.4773340e+06   3.4484863e+01
   2.4773720e+06   3.4057617e+01
   2.4774500e+06   3.5034180e+01
   2.4774610e+06   3.5705566e+01
   2.4777870e+06   3.3447266e+01
   2.4782870e+06   3.7963867e+01
   2.4784640e+06   3.2653809e+01
   2.4790240e+06   3.6193848e+01
   2.4797940e+06   3.2958984e+01
   2.4800350e+06   3.6437988e+01
   2.4812760e+06   3.4057617e+01
   2.4815390e+06   3.2714844e+01
   2.4818100e+06   3.2409668e+01
   2.4825060e+06   3.3203125e+01
   2.4845690e+06   3.2470703e+01
   2.4853330e+06   3.6437988e+01
   2.4857000e+06   3.3813477e+01
   2.4870900e+06   3.7475586e+01
   2.4889440e+06   3.6254883e+01
   2.4908910e+06   3.5095215e+01
   2.4935860e+06   4.2480469e+01
   2.4977740e+06   3.7109375e+01
   2.5004670e+06   3.8513184e+01
   2.5021540e+06   4.4250488e+01
   2.5038280e+06   3.6926270e+01
   2.5088880e+06   3.3081055e+01
   2.5106130e+06   3.6010742e+01
   2.5120790e+06   3.8879395e+01
   2.5180340e+06   3.9794922e+01
   2.5196580e+06   4.1320801e+01
   2.5213420e+06   3.8391113e+01
   2.5237990e+06   3.8085938e+01
   2.5282070e+06   3.4484863e+01
   2.5296930e+06   3.8574219e+01
   2.5307290e+06   3.6132813e+01
   2.5312930e+06   4.0100098e+01
   2.5361430e+06   3.9733887e+01
   2.5374260e+06   3.7109375e+01
   2.5422190e+06   3.2714844e+01
   2.5434090e+06   3.6560059e+01
   2.5512960e+06   3.3691406e+01
   2.5526070e+06   3.2714844e+01
   2.5547730e+06   3.7658691e+01
   2.5562590e+06   3.4606934e+01
   2.5578080e+06   3.8330078e+01
   2.5594030e+06   3.5400391e+01
   2.5614160e+06   3.5888672e+01
   2.5632450e+06   3.7719727e+01
   2.5654340e+06   3.4240723e+01
   2.5718860e+06   4.0466309e+01
   2.5737800e+06   3.3813477e+01
   2.5738040e+06   3.4851074e+01
   2.5829690e+06   3.4606934e+01
   2.5869280e+06   3.3447266e+01
   2.5933160e+06   3.7475586e+01
   2.5973790e+06   3.2287598e+01
   2.5980380e+06   3.2104492e+01
   2.5995280e+06   3.3691406e+01
   2.6072980e+06   3.4973145e+01
   2.6115160e+06   3.9794922e+01
   2.6156110e+06   4.0832520e+01
   2.6207630e+06   3.2836914e+01
   2.6234590e+06   3.9306641e+01
   2.6262160e+06   3.8024902e+01
   2.6304350e+06   4.0466309e+01
   2.6321880e+06   3.6682129e+01
   2.6342060e+06   3.2775879e+01
   2.6369340e+06   3.2897949e+01
   2.6410020e+06   3.5522461e+01
   2.6428050e+06   3.5278320e+01
   2.6428300e+06   4.1687012e+01
   2.6470480e+06   3.7780762e+01
   2.6485350e+06   3.5583496e+01
   2.6519190e+06   3.2348633e+01
   2.6519880e+06   3.6193848e+01
   2.6532320e+06   3.8757324e+01
   2.6625490e+06   4.0344238e+01
   2.6645940e+06   3.2714844e+01
   2.6653600e+06   3.5949707e+01
   2.6655480e+06   3.8818359e+01
   2.6711920e+06   4.3457031e+01
   2.6736620e+06   3.4118652e+01
   2.6739800e+06   3.3996582e+01
   2.6760010e+06   3.5888672e+01
   2.6787930e+06   3.8696289e+01
   2.6799400e+06   3.2836914e+01
   2.6810190e+06   4.5715332e+01
   2.6827330e+06   3.3081055e+01
   2.6843360e+06   3.5461426e+01
   2.6863620e+06   3.5644531e+01
   2.6871130e+06   3.9367676e+01
   2.6911620e+06   3.8757324e+01
   2.6938640e+06   3.4606934e+01
   2.6994660e+06   3.2470703e+01
   2.7028040e+06   4.8095703e+01
   2.7058770e+06   3.8024902e+01
   2.7071800e+06   3.2714844e+01
   2.7073470e+06   3.5827637e+01
   2.7102650e+06   3.3081055e+01
   2.7117160e+06   3.2958984e+01
   2.7124430e+06   3.2836914e+01
   2.7128840e+06   3.2836914e+01
   2.7164920e+06   3.2958984e+01
   2.7170800e+06   3.5705566e+01
   2.7195960e+06   4.5593262e+01
   2.7241650e+06   4.1076660e+01
   2.7266290e+06   3.4912109e+01
   2.7266620e+06   4.8034668e+01
   2.7266880e+06   3.9001465e+01
   2.7267030e+06   3.4484863e+01
   2.7267430e+06   3.4179688e+01
   2.7267660e+06   4.2968750e+01
   2.7267990e+06   5.7495117e+01
   2.7268370e+06   3.2348633e+01
   2.7268830e+06   3.9489746e+01
   2.7268960e+06   3.3691406e+01
   2.7269220e+06   3.4790039e+01
   2.7269380e+06   4.9621582e+01
   2.7269830e+06   3.3142090e+01
   2.7270210e+06   3.5217285e+01
   2.7270610e+06   3.4118652e+01
   2.7270760e+06   5.1696777e+01
   2.7271010e+06   3.2165527e+01
   2.7271400e+06   3.8940430e+01
   2.7271750e+06   3.2958984e+01
   2.7271850e+06   4.7180176e+01
   2.7272100e+06   3.4362793e+01
   2.7272280e+06   5.1757813e+01
   2.7272600e+06   3.2592773e+01
   2.7272740e+06   3.4545898e+01
   2.7272920e+06   3.6987305e+01
   2.7273030e+06   3.2226563e+01
   2.7273510e+06   4.2602539e+01
   2.7273660e+06   4.3212891e+01
   2.7274530e+06   3.7231445e+01
   2.7274860e+06   3.8085938e+01
   2.7275470e+06   3.5644531e+01
   2.7275570e+06   3.2592773e+01
   2.7275920e+06   3.2592773e+01
   2.7277000e+06   3.3630371e+01
   2.7277380e+06   3.2531738e+01
   2.7278150e+06   3.3020020e+01
   2.7278360e+06   3.8330078e+01
   2.7278540e+06   3.7414551e+01
   2.7279730e+06   3.2531738e+01
   2.7280630e+06   3.9978027e+01
   2.7281050e+06   3.7780762e+01
   2.7281240e+06   4.0832520e+01
   2.7281380e+06   3.3386230e+01
   2.7281980e+06   3.3508301e+01
   2.7282230e+06   3.7658691e+01
   2.7283650e+06   4.2541504e+01
   2.7286490e+06   3.4973145e+01
   2.7289280e+06   3.2409668e+01
   2.7292390e+06   3.6437988e+01
   2.7304740e+06   3.3996582e+01
   2.7310370e+06   3.3264160e+01
   2.7311560e+06   3.2348633e+01
   2.7313860e+06   3.3508301e+01
   2.7317100e+06   3.4790039e+01
   2.7318300e+06   3.7597656e+01
   2.7331790e+06   3.4240723e+01
   2.7333520e+06   3.4118652e+01
   2.7341510e+06   3.3142090e+01
   2.7347970e+06   3.8391113e+01
   2.7350760e+06   3.2653809e+01
   2.7357630e+06   3.2714844e+01
   2.7366080e+06   3.7536621e+01
   2.7373760e+06   3.7597656e+01
   2.7378090e+06   3.5705566e+01
   2.7398320e+06   3.3203125e+01
   2.7432170e+06   4.1259766e+01
   2.7440320e+06   3.2836914e+01
   2.7462360e+06   3.9062500e+01
   2.7481670e+06   4.5532227e+01
   2.7564070e+06   3.9428711e+01
   2.7597200e+06   3.3020020e+01
   2.7635970e+06   3.2226563e+01
   2.7679800e+06   3.8391113e+01
   2.7701690e+06   4.0649414e+01
   2.7769800e+06   3.4179688e+01
   2.7799720e+06   4.2480469e+01
   2.7828200e+06   3.7170410e+01
   2.7852620e+06   3.2226563e+01
   2.7874030e+06   3.4606934e+01
   2.7901210e+06   3.9916992e+01
   2.7919240e+06   3.2409668e+01
   2.7957000e+06   3.3691406e+01
   2.7988130e+06   3.4973145e+01
   2.8030330e+06   3.2104492e+01
   2.8105540e+06   3.4912109e+01
   2.8122580e+06   3.6315918e+01
   2.8155820e+06   4.0649414e+01
   2.8173860e+06   4.4860840e+01
   2.8205590e+06   3.2714844e+01
   2.8225590e+06   3.2775879e+01
   2.8235920e+06   3.3630371e+01
   2.8262820e+06   4.0710449e+01
   2.8279800e+06   3.3752441e+01
   2.8314180e+06   3.3569336e+01
   2.8318160e+06   4.3029785e+01
   2.8360040e+06   3.6376953e+01
   2.8404360e+06   3.4301758e+01
   2.8442360e+06   4.1748047e+01
   2.8456230e+06   3.8696289e+01
   2.8476470e+06   3.2836914e+01
   2.8479620e+06   3.3569336e+01
   2.8491140e+06   3.5522461e+01
   2.8504800e+06   3.3630371e+01
   2.8507170e+06   3.3691406e+01
   2.8520860e+06   3.3813477e+01
   2.8579720e+06   3.3203125e+01
   2.8618350e+06   3.8513184e+01
   2.8648880e+06   3.2836914e+01
   2.8673930e+06   4.0466309e+01
   2.8685960e+06   3.4240723e+01
   2.8688890e+06   3.5949707e+01
   2.8737670e+06   3.3813477e+01
   2.8804050e+06   3.9855957e+01
   2.8827270e+06   4.0893555e+01
   2.8840790e+06   3.3569336e+01
   2.8864360e+06   3.4179688e+01
   2.8879590e+06   3.4545898e+01
   2.8905170e+06   4.2236328e+01
   2.8908210e+06   3.5888672e+01
   2.8921650e+06   3.3447266e+01
   2.8938930e+06   4.8889160e+01
   2.8958880e+06   3.7170410e+01
   2.8988750e+06   3.2470703e+01
   2.8998720e+06   4.0283203e+01
   2.9013740e+06   3.4729004e+01
   2.9050010e+06   3.4790039e+01
   2.9079440e+06   3.2104492e+01
   2.9151970e+06   3.2531738e+01
   2.9167180e+06   3.6560059e+01
   2.9183470e+06   3.3386230e+01
   2.9195770e+06   3.3203125e+01
   2.9202570e+06   3.3020020e+01
   2.9212720e+06   3.7963867e+01
   2.9214790e+06   3.3020020e+01
   2.9222460e+06   3.3142090e+01
   2.9224310e+06   3.2470703e+01
   2.9233620e+06   3.4667969e+01
   2.9271830e+06   3.9428711e+01
   2.9302900e+06   4.0283203e+01
   2.9319500e+06   3.3142090e+01
   2.9335380e+06   3.7841797e+01
   2.9359220e+06   3.3996582e+01
   2.9397880e+06   3.3203125e+01
   2.9406930e+06   3.2531738e+01
   2.9416700e+06   4.0100098e+01
   2.9481030e+06   3.2958984e+01
   2.9554110e+06   3.7170410e+01
   2.9557100e+06   3.9367676e+01
   2.9654140e+06   3.2287598e+01
   2.9701590e+06   3.9916992e+01
   2.9715630e+06   3.5949707e+01
   2.9730140e+06   3.4362793e+01
   2.9790590e+06   3.7780762e+01
   2.9804550e+06   3.4057617e+01
   2.9837350e+06   4.5166016e+01
   2.9855800e+06   3.3325195e+01
   2.9890050e+06   3.2836914e+01
   2.9894220e+06   3.2226563e+01
   2.9918260e+06   3.2226563e+01
