   2.9990000e+06   0.0000000e+00
   5.3900000e+02   5.2551270e+01
   9.7900000e+02   4.7180176e+01
   1.0400000e+03   2.0091553e+03
   1.0800000e+03   3.7780762e+01
   1.1350000e+03   4.4677734e+01
   1.1660000e+03   1.8981934e+02
   1.1990000e+03   5.2124023e+01
   1.2520000e+03   1.0699463e+02
   1.3800000e+03   7.0617676e+01
   1.7080000e+03   4.6264648e+01
   1.8700000e+03   4.2602539e+01
   2.0580000e+03   5.0964355e+01
   2.1370000e+03   7.2265625e+01
   2.2810000e+03   4.6386719e+01
   2.5910000e+03   4.3640137e+01
   3.2070000e+03   5.3466797e+01
   3.8030000e+03   4.7912598e+01
   2.9782000e+04   4.6264648e+01
   3.0197000e+04   7.2631836e+01
   3.0250000e+04   5.2612305e+01
   3.0297000e+04   6.3964844e+01
   3.0563000e+04   5.3039551e+01
   3.1196000e+04   5.6091309e+01
   3.2307000e+04   5.7983398e+01
   4.0617000e+04   7.0434570e+01
   4.1613000e+04   4.6508789e+01
   4.3290000e+04   8.6975098e+01
   4.4267000e+04   4.6203613e+01
   4.6555000e+04   4.8217773e+01
   4.6942000e+04   5.0292969e+01
   4.7373000e+04   9.2224121e+01
   4.9170000e+04   5.6396484e+01
   4.9263000e+04   7.4035645e+01
   4.9467000e+04   4.3029785e+01
   4.9481000e+04   1.9305420e+02
   4.9986000e+04   5.8349609e+01
   5.0018000e+04   4.0588379e+01
   5.0055000e+04   3.8574219e+01
   5.0111000e+04   8.0200195e+01
   5.1052000e+04   2.0046997e+03
   5.1155000e+04   1.6894531e+02
   5.1174000e+04   6.3537598e+01
   5.1194000e+04   5.0415039e+01
   5.1220000e+04   6.5307617e+01
   5.1233000e+04   1.1663818e+02
   5.1245000e+04   8.4167480e+01
   5.1271000e+04   4.6752930e+01
   5.1287000e+04   3.9062500e+01
   5.1334000e+04   4.0588379e+01
   7.3401000e+04   4.9377441e+01
   8.1290000e+04   4.7241211e+01
   8.1375000e+04   7.5439453e+01
   9.2468000e+04   6.9946289e+01
   9.2543000e+04   5.8349609e+01
   9.2756000e+04   1.8646240e+02
   9.2778000e+04   3.8818359e+01
   9.2832000e+04   6.7565918e+01
   9.2845000e+04   5.9997559e+01
   9.2959000e+04   6.1340332e+01
   9.2987000e+04   4.0161133e+01
   9.3001000e+04   3.9855957e+01
   9.3097000e+04   6.5979004e+01
   9.3108000e+04   1.6857910e+02
   9.3137000e+04   4.0710449e+01
   1.0106600e+05   2.0108032e+03
   1.0116600e+05   1.4825439e+02
   1.0118000e+05   7.5927734e+01
   1.0119800e+05   4.5593262e+01
   1.0125100e+05   1.6967773e+02
   1.0126800e+05   4.2419434e+01
   1.1239300e+05   7.5805664e+01
   1.1256300e+05   4.1076660e+01
   1.1263000e+05   4.7668457e+01
   1.2254100e+05   5.6518555e+01
   1.3848900e+05   6.0485840e+01
   1.5108200e+05   3.9999390e+03
   1.5116700e+05   1.9000244e+02
   1.5118900e+05   9.2468262e+01
   1.5121600e+05   4.9621582e+01
   1.5123700e+05   1.1267090e+02
   1.5125000e+05   6.0485840e+01
   1.5128800e+05   4.7912598e+01
   1.5130900e+05   1.1553955e+02
   1.5132300e+05   5.1696777e+01
   1.5137000e+05   6.5063477e+01
   1.5140500e+05   6.2561035e+01
   1.5145700e+05   1.4129639e+02
   1.5147300e+05   1.0968018e+02
   1.5150800e+05   4.3212891e+01
   1.5155300e+05   5.7006836e+01
   1.5160600e+05   4.3395996e+01
   1.5165100e+05   1.3275146e+02
   1.5166800e+05   6.0607910e+01
   1.5176600e+05   5.5664063e+01
   1.5179000e+05   5.7250977e+01
   1.5181300e+05   1.2194824e+02
   1.5191100e+05   5.5969238e+01
   1.5192100e+05   4.8217773e+01
   1.5205100e+05   1.4367676e+02
   1.5237200e+05   3.8269043e+01
   1.6909200e+05   3.9245605e+01
   1.7866400e+05   4.6081543e+01
   1.7913000e+05   5.2001953e+01
   1.8820000e+05   9.3261719e+01
   1.8822300e+05   1.9152832e+02
   1.8839000e+05   4.0100098e+01
   1.8931700e+05   5.1025391e+01
   2.0004900e+05   8.4045410e+01
   2.0069700e+05   7.1655273e+01
   2.0083800e+05   5.0231934e+01
   2.0109400e+05   2.0079346e+03
   2.0118000e+05   2.3046875e+02
   2.0119300e+05   1.0076904e+02
   2.0121000e+05   7.2692871e+01
   2.0125100e+05   7.5256348e+01
   2.0126300e+05   6.1645508e+01
   2.0131600e+05   5.3466797e+01
   2.0136400e+05   7.0556641e+01
   2.0138500e+05   5.2917480e+01
   2.0141900e+05   3.8818359e+01
   2.0143300e+05   3.9978027e+01
   2.0145700e+05   4.1137695e+01
   2.0149400e+05   7.8491211e+01
   2.0150400e+05   7.1472168e+01
   2.0153200e+05   5.1452637e+01
   2.0160700e+05   3.8146973e+01
   2.0163400e+05   4.1442871e+01
   2.0164800e+05   3.8208008e+01
   2.0180700e+05   7.9772949e+01
   2.2214300e+05   7.8857422e+01
   2.2217500e+05   1.7871094e+02
   2.2218600e+05   6.9274902e+01
   2.2222000e+05   5.5725098e+01
   2.2226300e+05   1.8041992e+02
   2.2229100e+05   4.6936035e+01
   2.2231300e+05   4.1198730e+01
   2.2233300e+05   8.7402344e+01
   2.2235500e+05   7.1960449e+01
   2.2238100e+05   4.9804688e+01
   2.2241500e+05   1.4007568e+02
   2.2244600e+05   6.7138672e+01
   2.2245700e+05   5.4321289e+01
   2.2248400e+05   3.9550781e+01
   2.2253800e+05   1.1511230e+02
   2.2255700e+05   4.3090820e+01
   2.2256900e+05   6.3232422e+01
   2.2259300e+05   5.2062988e+01
   2.2263000e+05   3.7841797e+01
   2.2282200e+05   3.9306641e+01
   2.3104100e+05   4.4860840e+01
   2.3171400e+05   5.3466797e+01
   2.3389000e+05   4.2968750e+01
   2.4112000e+05   3.8818359e+01
   2.4471200e+05   6.3842773e+01
   2.4647600e+05   5.7250977e+01
   2.5110800e+05   2.0059814e+03
   2.5118000e+05   3.7902832e+01
   2.5119300e+05   4.7729492e+01
   2.5122100e+05   8.5144043e+01
   2.5125700e+05   1.3928223e+02
   2.5129000e+05   4.3762207e+01
   2.5130400e+05   4.5471191e+01
   2.5133800e+05   6.1950684e+01
   2.5136500e+05   3.8696289e+01
   2.5138600e+05   3.8085938e+01
   2.5140400e+05   4.6691895e+01
   2.5142900e+05   3.7780762e+01
   2.5146600e+05   9.1979980e+01
   2.5151100e+05   5.3222656e+01
   2.5152600e+05   1.3421631e+02
   2.5153900e+05   5.8044434e+01
   2.5157900e+05   3.9978027e+01
   2.5159600e+05   4.1198730e+01
   2.5163600e+05   3.9062500e+01
   2.5164700e+05   6.6162109e+01
   2.6280700e+05   4.5654297e+01
   2.6314700e+05   3.8146973e+01
   2.7247800e+05   6.8359375e+01
   2.7394900e+05   4.2297363e+01
   2.7452100e+05   5.6579590e+01
   2.7643600e+05   5.0415039e+01
   2.7997200e+05   7.2998047e+01
   2.8015800e+05   6.0180664e+01
   2.8181700e+05   7.4523926e+01
   2.8228100e+05   4.8095703e+01
   2.8265900e+05   4.0710449e+01
   2.8269300e+05   2.0153809e+02
   2.8270600e+05   8.0810547e+01
   2.8273400e+05   3.7841797e+01
   2.8278200e+05   4.5776367e+01
   2.8284000e+05   9.1674805e+01
   2.8286200e+05   4.3823242e+01
   2.8288600e+05   1.6412354e+02
   2.8297000e+05   6.6223145e+01
   2.8299500e+05   4.3762207e+01
   2.8304000e+05   4.3518066e+01
   2.9891000e+05   7.1472168e+01
   3.0112200e+05   2.0075684e+03
   3.0121000e+05   4.1625977e+01
   3.0122100e+05   1.8084717e+02
   3.0124400e+05   7.9406738e+01
   3.0125600e+05   3.8818359e+01
   3.0128600e+05   1.4050293e+02
   3.0130500e+05   5.1879883e+01
   3.0132800e+05   7.8552246e+01
   3.0134200e+05   4.1381836e+01
   3.0138200e+05   1.2768555e+02
   3.0141100e+05   4.6508789e+01
   3.0142600e+05   6.0363770e+01
   3.0153000e+05   4.9926758e+01
   3.0157700e+05   4.2907715e+01
   3.0159400e+05   1.4263916e+02
   3.0170000e+05   5.6701660e+01
   3.0174400e+05   4.2297363e+01
   3.3177200e+05   8.6608887e+01
   3.3179800e+05   4.0039063e+01
   3.3180800e+05   7.7697754e+01
   3.3182800e+05   1.9140625e+02
   3.3183800e+05   1.0711670e+02
   3.3186000e+05   3.8391113e+01
   3.3202100e+05   8.8500977e+01
   3.3676600e+05   4.0039063e+01
   3.3679900e+05   1.9500732e+02
   3.3681500e+05   4.9438477e+01
   3.3689000e+05   5.9326172e+01
   3.3692800e+05   5.4443359e+01
   3.3695000e+05   3.7902832e+01
   3.3696300e+05   4.0161133e+01
   3.5061000e+05   4.8095703e+01
   3.5113600e+05   2.0105591e+03
   3.5122900e+05   6.4575195e+01
   3.5124300e+05   1.2713623e+02
   3.5129900e+05   6.3049316e+01
   3.5131800e+05   9.6862793e+01
   3.5134100e+05   5.0781250e+01
   3.5137700e+05   3.8269043e+01
   3.5140000e+05   1.3360596e+02
   3.5142600e+05   3.9672852e+01
   3.5163100e+05   9.6130371e+01
   3.5164400e+05   4.2053223e+01
   3.5179000e+05   3.7780762e+01
   3.7719800e+05   5.5847168e+01
   3.8416500e+05   4.6020508e+01
   3.8422500e+05   1.5093994e+02
   3.8428000e+05   6.5795898e+01
   4.0115200e+05   3.9999390e+03
   4.0116300e+05   4.3334961e+01
   4.0123700e+05   5.4565430e+01
   4.0126300e+05   1.5020752e+02
   4.0127500e+05   7.6965332e+01
   4.0130300e+05   4.3029785e+01
   4.0132200e+05   1.3171387e+02
   4.0133900e+05   5.4931641e+01
   4.0135400e+05   6.4819336e+01
   4.0136700e+05   5.8654785e+01
   4.0142600e+05   6.4025879e+01
   4.0144900e+05   3.9489746e+01
   4.0148700e+05   4.8950195e+01
   4.0157000e+05   3.8452148e+01
   4.0159700e+05   4.1137695e+01
   4.0163100e+05   7.7575684e+01
   4.0167600e+05   6.7565918e+01
   4.0168700e+05   4.1381836e+01
   4.0172800e+05   1.8939209e+02
   4.0174600e+05   8.2702637e+01
   4.0178700e+05   3.9428711e+01
   4.0183600e+05   4.2114258e+01
   4.0194000e+05   3.8513184e+01
   4.1172200e+05   3.7841797e+01
   4.2557800e+05   9.5458984e+01
   4.2559400e+05   2.0684814e+02
   4.2560500e+05   8.3435059e+01
   4.2561700e+05   4.7363281e+01
   4.2562700e+05   7.1228027e+01
   4.2565000e+05   5.1452637e+01
   4.2567800e+05   1.5600586e+02
   4.2568800e+05   6.5490723e+01
   4.2572200e+05   9.7595215e+01
   4.2574500e+05   4.3518066e+01
   4.2576900e+05   1.0485840e+02
   4.2578700e+05   5.8654785e+01
   4.2581000e+05   4.9865723e+01
   4.2583600e+05   5.9448242e+01
   4.2584600e+05   1.3122559e+02
   4.2587600e+05   4.8400879e+01
   4.2589700e+05   4.5471191e+01
   4.2591400e+05   4.1503906e+01
   4.2594500e+05   6.5429688e+01
   4.2596600e+05   6.1889648e+01
   4.2601100e+05   6.7138672e+01
   4.2603300e+05   4.1625977e+01
   4.2608500e+05   1.0760498e+02
   4.2611600e+05   3.9672852e+01
   4.2617300e+05   4.9987793e+01
   4.2619800e+05   4.2419434e+01
   4.2626800e+05   4.2663574e+01
   4.2627800e+05   4.9255371e+01
   4.2638600e+05   5.9814453e+01
   4.2672600e+05   3.8574219e+01
   4.4166200e+05   3.7841797e+01
   4.4372300e+05   4.1564941e+01
   4.5043100e+05   8.0505371e+01
   4.5116600e+05   3.9999390e+03
   4.5126600e+05   1.9274902e+02
   4.5129000e+05   5.0048828e+01
   4.5132000e+05   4.6264648e+01
   4.5134400e+05   1.3464355e+02
   4.5136800e+05   3.8818359e+01
   4.5142800e+05   6.1584473e+01
   4.5145400e+05   4.7180176e+01
   4.5222800e+05   4.3334961e+01
   4.5272000e+05   7.1166992e+01
   4.5275000e+05   4.7180176e+01
   4.6212400e+05   5.7800293e+01
   4.8332900e+05   7.4829102e+01
   4.9849100e+05   4.5410156e+01
   4.9852700e+05   1.9769287e+02
   4.9855500e+05   8.1054688e+01
   4.9922200e+05   1.1267090e+02
   5.0117800e+05   2.0123291e+03
   5.0127600e+05   3.9306641e+01
   5.0128900e+05   1.5820313e+02
   5.0131700e+05   4.2053223e+01
   5.0133000e+05   5.1513672e+01
   5.0135500e+05   4.9255371e+01
   5.0136600e+05   1.4666748e+02
   5.0140300e+05   5.6396484e+01
   5.0142400e+05   5.0720215e+01
   5.0151800e+05   4.4555664e+01
   5.0160000e+05   5.6762695e+01
   5.0202400e+05   7.1350098e+01
   5.0207400e+05   5.0415039e+01
   5.2858000e+05   8.1970215e+01
   5.3922700e+05   8.1848145e+01
   5.5119200e+05   2.0115967e+03
   5.5127700e+05   5.5114746e+01
   5.5130300e+05   1.9097900e+02
   5.5131300e+05   9.5886230e+01
   5.5134700e+05   1.0510254e+02
   5.5138400e+05   1.6479492e+02
   5.5141100e+05   5.9692383e+01
   5.5148400e+05   7.7514648e+01
   5.5150300e+05   3.8940430e+01
   5.5155600e+05   5.0415039e+01
   5.5174500e+05   3.8757324e+01
   5.8185000e+05   3.9062500e+01
   6.0120800e+05   3.9999390e+03
   6.0121900e+05   4.0222168e+01
   6.0129100e+05   4.8461914e+01
   6.0131600e+05   1.6833496e+02
   6.0133600e+05   4.4677734e+01
   6.0135000e+05   3.9306641e+01
   6.0142500e+05   1.5979004e+02
   6.0144800e+05   4.7668457e+01
   6.0155300e+05   4.0100098e+01
   6.0159200e+05   6.9641113e+01
   6.0209400e+05   4.1564941e+01
   6.0216000e+05   4.2785645e+01
   6.5122200e+05   3.9999390e+03
   6.5130500e+05   5.2795410e+01
   6.5132700e+05   1.6516113e+02
   6.5134500e+05   9.6618652e+01
   6.5135500e+05   7.2631836e+01
   6.5137500e+05   4.6325684e+01
   6.5140800e+05   1.4080811e+02
   6.5142500e+05   5.8166504e+01
   6.5144400e+05   4.0832520e+01
   6.5148600e+05   4.4677734e+01
   6.5151500e+05   5.9387207e+01
   6.5157400e+05   3.8696289e+01
   7.0123400e+05   2.0043335e+03
   7.0131800e+05   4.4494629e+01
   7.0134400e+05   1.8078613e+02
   7.0135400e+05   8.3862305e+01
   7.0138900e+05   3.8269043e+01
   7.0140600e+05   4.1503906e+01
   7.0142100e+05   8.3007813e+01
   7.0144900e+05   3.8085938e+01
   7.0152300e+05   6.4331055e+01
   7.0205900e+05   3.9672852e+01
   7.5124800e+05   2.0058594e+03
   7.5133800e+05   3.9978027e+01
   7.5135500e+05   1.8096924e+02
   7.5136800e+05   1.1193848e+02
   7.5140800e+05   3.8513184e+01
   7.5144100e+05   1.5991211e+02
   7.5153400e+05   1.4196777e+02
   7.5154400e+05   6.5307617e+01
   7.5160800e+05   4.2419434e+01
   8.0126400e+05   3.9999390e+03
   8.0135600e+05   4.3579102e+01
   8.0137400e+05   1.6308594e+02
   8.0138800e+05   8.2275391e+01
   8.0144900e+05   1.5728760e+02
   8.0155700e+05   1.4233398e+02
   8.5127600e+05   2.0086060e+03
   8.5138400e+05   1.9384766e+02
   8.5140300e+05   8.1420898e+01
   8.5141800e+05   4.7424316e+01
   8.5143700e+05   3.7841797e+01
   8.5145500e+05   1.4794922e+02
   8.5148900e+05   4.1931152e+01
   8.5155300e+05   8.6975098e+01
   8.5157200e+05   1.3299561e+02
   9.0129000e+05   2.0112915e+03
   9.0138600e+05   4.2419434e+01
   9.0140300e+05   4.6142578e+01
   9.0142700e+05   1.2744141e+02
   9.0145200e+05   4.2541504e+01
   9.0146900e+05   4.1076660e+01
   9.0150600e+05   3.8696289e+01
   9.0152000e+05   1.3201904e+02
   9.0155200e+05   6.7810059e+01
   9.0204100e+05   4.1381836e+01
   9.0206800e+05   4.0039063e+01
   9.4600300e+05   3.8452148e+01
   9.5130600e+05   3.9999390e+03
   9.5138800e+05   7.3242188e+01
   9.5140700e+05   1.7401123e+02
   9.5145600e+05   8.3923340e+01
   9.5147500e+05   1.4239502e+02
   9.5153500e+05   7.8186035e+01
   9.5156200e+05   7.1655273e+01
   1.0013200e+06   3.9999390e+03
   1.0013710e+06   5.0170898e+01
   1.0014040e+06   4.7302246e+01
   1.0014280e+06   1.4556885e+02
   1.0014420e+06   5.8776855e+01
   1.0014530e+06   1.1218262e+02
   1.0014990e+06   4.9194336e+01
   1.0015160e+06   1.4215088e+02
   1.0015490e+06   8.6730957e+01
   1.0017530e+06   3.8024902e+01
   1.0513320e+06   2.0105591e+03
   1.0514190e+06   4.2846680e+01
   1.0514510e+06   1.7602539e+02
   1.0514610e+06   3.8757324e+01
   1.0514760e+06   7.5256348e+01
   1.0515080e+06   6.2377930e+01
   1.0515550e+06   1.4044189e+02
   1.0765480e+06   9.2285156e+01
   1.0766180e+06   6.7932129e+01
   1.0766450e+06   4.0283203e+01
   1.0766820e+06   8.8439941e+01
   1.0766960e+06   4.3762207e+01
   1.0767160e+06   8.5815430e+01
   1.0767410e+06   5.0842285e+01
   1.0767950e+06   6.6955566e+01
   1.0768130e+06   1.7980957e+02
   1.0768430e+06   5.4382324e+01
   1.0768530e+06   8.3496094e+01
   1.0768640e+06   4.4372559e+01
   1.0769050e+06   5.0659180e+01
   1.0769210e+06   4.5532227e+01
   1.0769360e+06   1.3513184e+02
   1.0769650e+06   4.0954590e+01
   1.0770160e+06   3.8696289e+01
   1.0770310e+06   4.3212891e+01
   1.0770410e+06   5.4504395e+01
   1.0770600e+06   6.3476563e+01
   1.1013460e+06   2.0131836e+03
   1.1014500e+06   1.6436768e+02
   1.1014670e+06   7.5073242e+01
   1.1015090e+06   7.9650879e+01
   1.1513620e+06   3.9999390e+03
   1.1514580e+06   3.8574219e+01
   1.1514790e+06   2.1606445e+02
   1.1514970e+06   8.9050293e+01
   1.1515190e+06   4.8583984e+01
   1.1515340e+06   3.9062500e+01
   1.1515480e+06   4.0405273e+01
   1.1516050e+06   8.5754395e+01
   1.1516370e+06   5.0781250e+01
   1.1516520e+06   4.0100098e+01
   1.1791010e+06   4.0405273e+01
   1.1921960e+06   4.3334961e+01
   1.2013760e+06   3.9999390e+03
   1.2014640e+06   4.4250488e+01
   1.2014970e+06   2.0434570e+02
   1.2015120e+06   5.3405762e+01
   1.2015230e+06   1.0180664e+02
   1.2513880e+06   2.0079956e+03
   1.2514760e+06   5.8410645e+01
   1.2515130e+06   2.0428467e+02
   1.2515430e+06   4.4555664e+01
   1.2515650e+06   7.6049805e+01
   1.2515800e+06   6.1401367e+01
   1.2516490e+06   1.8450928e+02
   1.2516730e+06   5.8166504e+01
   1.2516850e+06   5.1330566e+01
   1.2981450e+06   7.7087402e+01
   1.2981930e+06   4.3029785e+01
   1.2982100e+06   5.3161621e+01
   1.2982400e+06   1.0229492e+02
   1.2982550e+06   4.0222168e+01
   1.2982990e+06   3.9978027e+01
   1.2983210e+06   4.1870117e+01
   1.2983400e+06   6.2866211e+01
   1.2983670e+06   5.3466797e+01
   1.2984240e+06   1.5478516e+02
   1.2984410e+06   4.7302246e+01
   1.2984540e+06   5.5603027e+01
   1.2984810e+06   6.1340332e+01
   1.2984940e+06   5.6823730e+01
   1.2985190e+06   1.3275146e+02
   1.2985510e+06   4.8706055e+01
   1.2986010e+06   5.3344727e+01
   1.2986140e+06   1.0052490e+02
   1.2986840e+06   4.7729492e+01
   1.2987210e+06   4.7851563e+01
   1.2987440e+06   8.7097168e+01
   1.2987670e+06   5.2001953e+01
   1.2987930e+06   4.1809082e+01
   1.2988140e+06   4.0710449e+01
   1.2988410e+06   7.4096680e+01
   1.2989510e+06   4.6875000e+01
   1.2989620e+06   1.6986084e+02
   1.2990050e+06   4.7668457e+01
   1.2990510e+06   5.2978516e+01
   1.2991500e+06   4.3579102e+01
   1.2991820e+06   1.0687256e+02
   1.2991960e+06   5.0048828e+01
   1.2992300e+06   3.8269043e+01
   1.2992540e+06   4.0832520e+01
   1.2993670e+06   6.5917969e+01
   1.2993780e+06   4.9743652e+01
   1.2994670e+06   1.4471436e+02
   1.2994840e+06   6.6284180e+01
   1.2995630e+06   3.9978027e+01
   1.2999530e+06   4.4677734e+01
   1.3014040e+06   3.9999390e+03
   1.3014940e+06   4.6997070e+01
   1.3240810e+06   4.0649414e+01
   1.3248060e+06   4.1381836e+01
   1.3294490e+06   4.1748047e+01
   1.3514160e+06   2.0094604e+03
   1.3514700e+06   4.2175293e+01
   1.3515600e+06   7.7758789e+01
   1.3515810e+06   6.1706543e+01
   1.3948800e+06   5.3161621e+01
   1.4014300e+06   2.0078125e+03
   1.4015060e+06   3.9306641e+01
   1.4015240e+06   4.5349121e+01
   1.4015570e+06   5.7434082e+01
   1.4015720e+06   1.8182373e+02
   1.4015980e+06   5.2673340e+01
   1.4016570e+06   6.6223145e+01
   1.4016750e+06   5.5236816e+01
   1.4018620e+06   6.9641113e+01
   1.4021210e+06   4.9743652e+01
   1.4022500e+06   7.2265625e+01
   1.4145800e+06   5.9570313e+01
   1.4177090e+06   6.0607910e+01
   1.4502190e+06   5.9265137e+01
   1.4514440e+06   2.0071411e+03
   1.4514560e+06   3.8513184e+01
   1.4515270e+06   4.0771484e+01
   1.4515670e+06   1.6381836e+02
   1.4515800e+06   9.3383789e+01
   1.4516280e+06   5.7678223e+01
   1.4516480e+06   4.3273926e+01
   1.4516970e+06   1.1901855e+02
   1.4517250e+06   4.4860840e+01
   1.4677000e+06   3.9001465e+01
   1.4677470e+06   4.5776367e+01
   1.4677930e+06   4.5959473e+01
   1.4678580e+06   7.1105957e+01
   1.4678710e+06   5.0781250e+01
   1.4678970e+06   4.4494629e+01
   1.4679390e+06   3.8513184e+01
   1.4679530e+06   1.5362549e+02
   1.4679710e+06   5.5786133e+01
   1.4680950e+06   6.3659668e+01
   1.4681200e+06   4.7546387e+01
   1.4891790e+06   7.3547363e+01
   1.4892420e+06   6.0058594e+01
   1.4893050e+06   4.6020508e+01
   1.5014580e+06   2.0078125e+03
   1.5015500e+06   3.7780762e+01
   1.5015780e+06   1.8084717e+02
   1.5015920e+06   8.0627441e+01
   1.5017180e+06   6.3842773e+01
   1.5017540e+06   6.9091797e+01
   1.5018630e+06   7.8430176e+01
   1.5021380e+06   6.7443848e+01
   1.5211480e+06   6.2988281e+01
   1.5211630e+06   4.0161133e+01
   1.5212520e+06   8.0871582e+01
   1.5212830e+06   1.6705322e+02
   1.5213130e+06   5.5175781e+01
   1.5214860e+06   6.0119629e+01
   1.5414410e+06   4.2724609e+01
   1.5414720e+06   4.1687012e+01
   1.5414880e+06   5.7739258e+01
   1.5415670e+06   5.3527832e+01
   1.5416750e+06   4.1870117e+01
   1.5416860e+06   6.0119629e+01
   1.5417300e+06   4.7790527e+01
   1.5514720e+06   2.0086060e+03
   1.5514840e+06   3.9367676e+01
   1.5515250e+06   3.9428711e+01
   1.5515660e+06   3.8146973e+01
   1.5515930e+06   1.9787598e+02
   1.5516110e+06   5.3100586e+01
   1.5516300e+06   5.7861328e+01
   1.5516590e+06   6.7810059e+01
   1.5516700e+06   4.1625977e+01
   1.5517040e+06   3.8879395e+01
   1.5887450e+06   3.9062500e+01
   1.5888420e+06   8.1115723e+01
   1.5888780e+06   3.8574219e+01
   1.5889220e+06   6.6467285e+01
   1.5889450e+06   4.3029785e+01
   1.5889580e+06   7.1166992e+01
   1.5938130e+06   8.8256836e+01
   1.5938310e+06   5.1879883e+01
   1.5940130e+06   7.7270508e+01
   1.5940280e+06   7.3181152e+01
   1.5941030e+06   1.0363770e+02
   1.5941180e+06   4.0588379e+01
   1.5941450e+06   1.7718506e+02
   1.5941770e+06   6.8847656e+01
   1.5942090e+06   6.6223145e+01
   1.5942440e+06   1.5942383e+02
   1.5942690e+06   8.6914063e+01
   1.5942800e+06   7.4462891e+01
   1.5943530e+06   3.7780762e+01
   1.5943880e+06   1.5777588e+02
   1.5944090e+06   4.9865723e+01
   1.5946160e+06   4.4860840e+01
   1.6014860e+06   2.0073242e+03
   1.6015740e+06   4.0039063e+01
   1.6016230e+06   7.2021484e+01
   1.6185330e+06   1.3684082e+02
   1.6185440e+06   1.8981934e+02
   1.6185920e+06   5.7495117e+01
   1.6186100e+06   5.4687500e+01
   1.6186280e+06   5.8227539e+01
   1.6186470e+06   1.6235352e+02
   1.6186730e+06   6.2988281e+01
   1.6187170e+06   3.8085938e+01
   1.6187360e+06   4.0344238e+01
   1.6187560e+06   5.7800293e+01
   1.6187770e+06   1.4929199e+02
   1.6188010e+06   5.3222656e+01
   1.6188230e+06   5.8166504e+01
   1.6188500e+06   4.4921875e+01
   1.6188620e+06   4.7119141e+01
   1.6189250e+06   3.9367676e+01
   1.6189480e+06   1.8359375e+02
   1.6190890e+06   1.6741943e+02
   1.6191150e+06   4.9926758e+01
   1.6498110e+06   3.8024902e+01
   1.6515000e+06   2.0081787e+03
   1.6515960e+06   5.9265137e+01
   1.6516160e+06   1.6876221e+02
   1.6516490e+06   6.0852051e+01
   1.6517430e+06   4.1809082e+01
   1.6517990e+06   7.0678711e+01
   1.6675290e+06   6.9274902e+01
   1.6676000e+06   6.8420410e+01
   1.6676250e+06   4.4921875e+01
   1.6676390e+06   2.2949219e+02
   1.6676700e+06   4.2053223e+01
   1.6677370e+06   5.1513672e+01
   1.6678190e+06   4.1442871e+01
   1.7015140e+06   2.0177002e+03
   1.7016050e+06   4.1625977e+01
   1.7016330e+06   1.7608643e+02
   1.7016550e+06   1.0534668e+02
   1.7016830e+06   4.5654297e+01
   1.7017000e+06   1.8743896e+02
   1.7017470e+06   7.9284668e+01
   1.7017780e+06   5.1269531e+01
   1.7018160e+06   1.3775635e+02
   1.7018810e+06   7.3791504e+01
   1.7021720e+06   7.9101563e+01
   1.7022460e+06   4.6508789e+01
   1.7022750e+06   1.9500732e+02
   1.7022970e+06   4.3334961e+01
   1.7023470e+06   6.9152832e+01
   1.7023650e+06   1.2762451e+02
   1.7024160e+06   4.9865723e+01
   1.7024510e+06   5.0903320e+01
   1.7024740e+06   5.2734375e+01
   1.7025140e+06   4.1503906e+01
   1.7025450e+06   4.0893555e+01
   1.7025630e+06   7.0922852e+01
   1.7025960e+06   5.2490234e+01
   1.7027130e+06   4.1564941e+01
   1.7255510e+06   8.2214355e+01
   1.7255800e+06   4.1381836e+01
   1.7256090e+06   5.8410645e+01
   1.7256380e+06   1.6271973e+02
   1.7256560e+06   4.3518066e+01
   1.7256860e+06   5.0537109e+01
   1.7257010e+06   8.3435059e+01
   1.7257240e+06   3.8085938e+01
   1.7258000e+06   1.5197754e+02
   1.7258160e+06   6.8237305e+01
   1.7259020e+06   1.3732910e+02
   1.7259120e+06   6.9946289e+01
   1.7266830e+06   3.9489746e+01
   1.7267100e+06   7.8125000e+01
   1.7357490e+06   3.9978027e+01
   1.7403500e+06   3.8085938e+01
   1.7515300e+06   3.9999390e+03
   1.7515400e+06   3.9306641e+01
   1.7515830e+06   6.9458008e+01
   1.7516180e+06   3.8085938e+01
   1.7516480e+06   1.5478516e+02
   1.7516870e+06   6.0119629e+01
   1.7517040e+06   5.2307129e+01
   1.7520330e+06   3.8940430e+01
   1.7520610e+06   7.7697754e+01
   1.7521160e+06   7.2021484e+01
   1.7521330e+06   5.9326172e+01
   1.7521560e+06   1.5759277e+02
   1.7521740e+06   5.8593750e+01
   1.7521960e+06   3.9001465e+01
   1.7522150e+06   4.5227051e+01
   1.7522390e+06   4.6875000e+01
   1.7522570e+06   5.7189941e+01
   1.7522770e+06   4.3212891e+01
   1.7523070e+06   1.3879395e+02
   1.7523290e+06   4.4555664e+01
   1.7523730e+06   7.2814941e+01
   1.7739690e+06   3.8146973e+01
   1.7740230e+06   5.6030273e+01
   1.7817650e+06   4.5349121e+01
   1.7885680e+06   8.2946777e+01
   1.7886410e+06   5.9509277e+01
   1.7897810e+06   4.3029785e+01
   1.8015440e+06   3.9999390e+03
   1.8016330e+06   4.3945313e+01
   1.8016520e+06   1.7987061e+02
   1.8016650e+06   8.5449219e+01
   1.8017000e+06   4.4738770e+01
   1.8017310e+06   1.3281250e+02
   1.8017610e+06   5.9570313e+01
   1.8018520e+06   4.0466309e+01
   1.8020470e+06   3.8696289e+01
   1.8020770e+06   5.1269531e+01
   1.8021090e+06   8.1848145e+01
   1.8022220e+06   5.4443359e+01
   1.8022410e+06   6.6467285e+01
   1.8303330e+06   5.5053711e+01
   1.8515580e+06   3.9999390e+03
   1.8516540e+06   4.8828125e+01
   1.8516650e+06   1.8408203e+02
   1.8516840e+06   6.4147949e+01
   1.8517040e+06   5.3833008e+01
   1.8517180e+06   4.4189453e+01
   1.8517340e+06   1.3012695e+02
   1.8517450e+06   7.3669434e+01
   1.8517950e+06   4.0649414e+01
   1.8518220e+06   5.4321289e+01
   1.8518680e+06   1.3128662e+02
   1.8518840e+06   7.4218750e+01
   1.8519950e+06   3.9855957e+01
   1.8520460e+06   3.9611816e+01
   1.8520560e+06   8.2580566e+01
   1.8521250e+06   4.7363281e+01
   1.8521460e+06   7.5439453e+01
   1.8522910e+06   4.2968750e+01
   1.8523130e+06   6.0974121e+01
   1.8523310e+06   1.7742920e+02
   1.8523510e+06   4.8767090e+01
   1.8526120e+06   3.9489746e+01
   1.8736160e+06   7.9467773e+01
   1.9015700e+06   2.0109253e+03
   1.9016610e+06   5.1757813e+01
   1.9016980e+06   2.0184326e+02
   1.9017140e+06   4.5898438e+01
   1.9017580e+06   6.6894531e+01
   1.9018080e+06   4.9682617e+01
   1.9019040e+06   8.1481934e+01
   1.9515840e+06   2.0106812e+03
   1.9516810e+06   3.8024902e+01
   1.9517090e+06   1.9396973e+02
   1.9517380e+06   5.2368164e+01
   1.9517480e+06   7.6782227e+01
   1.9517960e+06   9.3383789e+01
   1.9518240e+06   1.5234375e+02
   1.9518750e+06   3.8818359e+01
   1.9518900e+06   5.7678223e+01
   1.9537360e+06   5.3771973e+01
   2.0016000e+06   3.9999390e+03
   2.0016850e+06   4.1687012e+01
   2.0017260e+06   1.6937256e+02
   2.0017610e+06   5.1818848e+01
   2.0018060e+06   6.7199707e+01
   2.0018180e+06   5.9814453e+01
   2.0018590e+06   1.6864014e+02
   2.0018770e+06   3.9306641e+01
   2.0019280e+06   7.1411133e+01
   2.0385920e+06   8.5205078e+01
   2.0386100e+06   3.9672852e+01
   2.0386840e+06   1.8780518e+02
   2.0386950e+06   1.0034180e+02
   2.0387710e+06   5.2185059e+01
   2.0388080e+06   9.3750000e+01
   2.0388390e+06   5.7434082e+01
   2.0388580e+06   4.1748047e+01
   2.0388740e+06   1.6748047e+02
   2.0388950e+06   4.1870117e+01
   2.0389150e+06   6.5185547e+01
   2.0389390e+06   5.2856445e+01
   2.0389840e+06   1.2744141e+02
   2.0390190e+06   6.8237305e+01
   2.0390490e+06   4.6630859e+01
   2.0390920e+06   7.8918457e+01
   2.0391280e+06   5.2185059e+01
   2.0391900e+06   1.0375977e+02
   2.0392170e+06   6.7993164e+01
   2.0392300e+06   4.1381836e+01
   2.0392640e+06   4.3334961e+01
   2.0393310e+06   5.3588867e+01
   2.0393490e+06   1.1352539e+02
   2.0394280e+06   3.9855957e+01
   2.0394610e+06   9.0209961e+01
   2.0395340e+06   3.8330078e+01
   2.0395680e+06   3.8330078e+01
   2.0396790e+06   6.4758301e+01
   2.0396910e+06   1.3446045e+02
   2.0397380e+06   4.3395996e+01
   2.0397940e+06   3.9367676e+01
   2.0399310e+06   1.1798096e+02
   2.0400390e+06   5.4260254e+01
   2.0402880e+06   1.2811279e+02
   2.0516120e+06   2.0058594e+03
   2.0517630e+06   1.5649414e+02
   2.0517850e+06   3.9489746e+01
   2.0635920e+06   7.8063965e+01
   2.0711620e+06   5.6823730e+01
   2.0752060e+06   5.3344727e+01
   2.0999700e+06   5.1513672e+01
   2.1016280e+06   3.9999390e+03
   2.1017550e+06   4.4494629e+01
   2.1017790e+06   8.4716797e+01
   2.1028590e+06   4.5776367e+01
   2.1246010e+06   4.6203613e+01
   2.1254870e+06   5.2978516e+01
   2.1260390e+06   6.3720703e+01
   2.1266950e+06   4.9987793e+01
   2.1337850e+06   4.8583984e+01
   2.1400860e+06   5.5480957e+01
   2.1436980e+06   6.3110352e+01
   2.1467600e+06   3.8452148e+01
   2.1516420e+06   3.9999390e+03
   2.1517360e+06   3.8208008e+01
   2.1517680e+06   1.5979004e+02
   2.1517780e+06   1.1340332e+02
   2.1518160e+06   5.8898926e+01
   2.1518810e+06   7.9040527e+01
   2.1520210e+06   7.0617676e+01
   2.1521850e+06   4.5532227e+01
   2.1522670e+06   7.1228027e+01
   2.1524040e+06   4.6142578e+01
   2.1524450e+06   6.8603516e+01
   2.1529230e+06   5.7983398e+01
   2.1530340e+06   4.3334961e+01
   2.1539970e+06   5.4382324e+01
   2.1602460e+06   4.6691895e+01
   2.1634600e+06   4.5471191e+01
   2.1662360e+06   4.9438477e+01
   2.1718280e+06   5.2001953e+01
   2.1808900e+06   4.6752930e+01
   2.1843460e+06   4.8034668e+01
   2.1985350e+06   5.3527832e+01
   2.2016560e+06   3.9999390e+03
   2.2017830e+06   4.9194336e+01
   2.2017980e+06   1.7889404e+02
   2.2018240e+06   4.0588379e+01
   2.2018510e+06   5.0415039e+01
   2.2018800e+06   5.7983398e+01
   2.2019110e+06   1.8890381e+02
   2.2021080e+06   4.0710449e+01
   2.2134900e+06   5.1452637e+01
   2.2177140e+06   4.9499512e+01
   2.2361250e+06   5.1940918e+01
   2.2361460e+06   3.8146973e+01
   2.2370270e+06   4.4921875e+01
   2.2473280e+06   4.7546387e+01
   2.2516680e+06   2.0153809e+03
   2.2516810e+06   4.2297363e+01
   2.2517660e+06   4.6691895e+01
   2.2518010e+06   1.7956543e+02
   2.2518130e+06   1.0321045e+02
   2.2518600e+06   4.6691895e+01
   2.2519160e+06   4.1687012e+01
   2.2519370e+06   5.9082031e+01
   2.2519670e+06   1.3696289e+02
   2.2523420e+06   4.0954590e+01
   2.2524500e+06   3.9367676e+01
   2.2637730e+06   4.6875000e+01
   2.2731170e+06   5.6457520e+01
   2.2763800e+06   4.8583984e+01
   2.2822200e+06   4.1748047e+01
   2.3016840e+06   3.9999390e+03
   2.3018060e+06   1.9293213e+02
   2.3018430e+06   6.2805176e+01
   2.3018710e+06   1.4294434e+02
   2.3018890e+06   3.9428711e+01
   2.3019170e+06   5.6884766e+01
   2.3019280e+06   5.8593750e+01
   2.3019510e+06   6.3659668e+01
   2.3163380e+06   5.3588867e+01
   2.3291640e+06   5.5358887e+01
   2.3315260e+06   4.5227051e+01
   2.3386340e+06   3.9794922e+01
   2.3516960e+06   2.0101929e+03
   2.3518050e+06   1.6656494e+02
   2.3518340e+06   7.3486328e+01
   2.3518450e+06   6.4086914e+01
   2.3518800e+06   4.4433594e+01
   2.3518910e+06   1.2634277e+02
   2.3519500e+06   5.9570313e+01
   2.3519740e+06   4.0466309e+01
   2.4017120e+06   3.9999390e+03
   2.4018070e+06   4.6569824e+01
   2.4018350e+06   4.2541504e+01
   2.4018490e+06   6.3598633e+01
   2.4018730e+06   6.1584473e+01
   2.4018960e+06   1.2249756e+02
   2.4019260e+06   5.5358887e+01
   2.4020390e+06   8.0749512e+01
   2.4020640e+06   4.7729492e+01
   2.4294990e+06   5.9448242e+01
   2.4319250e+06   3.8330078e+01
   2.4517260e+06   3.9999390e+03
   2.4518160e+06   4.3457031e+01
   2.4518350e+06   1.6284180e+02
   2.4518870e+06   8.7097168e+01
   2.4518990e+06   4.1992188e+01
   2.4519240e+06   4.3823242e+01
   2.4519630e+06   4.0649414e+01
   2.4521120e+06   3.8085938e+01
   2.4523500e+06   3.9306641e+01
   2.4538140e+06   3.8085938e+01
   2.4763450e+06   4.4006348e+01
   2.4764010e+06   1.7364502e+02
   2.4764310e+06   6.9763184e+01
   2.4764510e+06   5.9692383e+01
   2.4764790e+06   4.5715332e+01
   2.4765190e+06   1.3446045e+02
   2.4765370e+06   5.1818848e+01
   2.4765560e+06   4.4616699e+01
   2.4765810e+06   5.7434082e+01
   2.4766120e+06   1.1041260e+02
   2.4766550e+06   1.7584229e+02
   2.4766810e+06   4.9072266e+01
   2.4767100e+06   4.4921875e+01
   2.4767470e+06   5.5358887e+01
   2.4767640e+06   1.0296631e+02
   2.4767850e+06   4.4982910e+01
   2.4767970e+06   5.0231934e+01
   2.4768310e+06   4.5471191e+01
   2.4769120e+06   4.9377441e+01
   2.4769300e+06   6.0302734e+01
   2.4770060e+06   4.4311523e+01
   2.4770160e+06   4.0832520e+01
   2.4770330e+06   4.3823242e+01
   2.4771510e+06   5.6213379e+01
   2.4771670e+06   1.3726807e+02
   2.4771880e+06   4.1931152e+01
   2.4773000e+06   6.2683105e+01
   2.4773230e+06   3.7902832e+01
   2.4773920e+06   4.6875000e+01
   2.4892240e+06   5.1330566e+01
   2.4897150e+06   4.0344238e+01
   2.4901770e+06   4.1381836e+01
   2.4957060e+06   5.1147461e+01
   2.4968860e+06   4.6569824e+01
   2.4973240e+06   5.2856445e+01
   2.4982870e+06   4.2541504e+01
   2.5027840e+06   4.4189453e+01
   2.5034270e+06   5.3771973e+01
   2.5044970e+06   4.0832520e+01
   2.5117250e+06   4.6691895e+01
   2.5148470e+06   8.0261230e+01
   2.5151450e+06   4.7912598e+01
   2.5164080e+06   5.1574707e+01
   2.5165340e+06   6.9763184e+01
   2.5166960e+06   7.5073242e+01
   2.5167180e+06   4.8156738e+01
   2.5176350e+06   4.9377441e+01
   2.5216420e+06   4.9987793e+01
   2.5269960e+06   5.2917480e+01
   2.5350830e+06   5.0476074e+01
   2.5351180e+06   7.1105957e+01
   2.5367160e+06   4.0893555e+01
   2.5452580e+06   5.0231934e+01
   2.5455400e+06   7.1716309e+01
   2.5467120e+06   5.0170898e+01
   2.5481930e+06   5.0659180e+01
   2.5496380e+06   4.0161133e+01
   2.5525270e+06   4.5837402e+01
   2.5557360e+06   5.1025391e+01
   2.5558630e+06   7.4890137e+01
   2.5574030e+06   5.0415039e+01
   2.5577850e+06   4.9194336e+01
   2.5586820e+06   4.4860840e+01
   2.5628500e+06   4.6447754e+01
   2.5683580e+06   4.1564941e+01
   2.5693600e+06   4.5654297e+01
   2.5701200e+06   4.9316406e+01
   2.5713730e+06   7.8002930e+01
   2.5716900e+06   4.3334961e+01
   2.5721040e+06   7.4707031e+01
   2.5721560e+06   4.3518066e+01
   2.5722190e+06   6.7993164e+01
   2.5725440e+06   3.9428711e+01
   2.5726840e+06   7.7819824e+01
   2.5727960e+06   4.2175293e+01
   2.5730500e+06   3.9489746e+01
   2.5732710e+06   3.8452148e+01
   2.5736840e+06   5.4199219e+01
   2.5740460e+06   4.9133301e+01
   2.5745980e+06   4.9316406e+01
   2.5760800e+06   4.7119141e+01
   2.5805260e+06   4.9926758e+01
   2.5806000e+06   8.1848145e+01
   2.5812980e+06   3.9306641e+01
   2.5818480e+06   8.3007813e+01
   2.5818940e+06   3.8574219e+01
   2.5824330e+06   5.2124023e+01
   2.5838890e+06   5.0415039e+01
   2.5839120e+06   7.9345703e+01
   2.5839460e+06   5.6823730e+01
   2.5842540e+06   4.0344238e+01
   2.5901760e+06   5.4687500e+01
   2.5912020e+06   4.7424316e+01
   2.5931070e+06   4.5043945e+01
   2.5993900e+06   3.8574219e+01
   2.6022610e+06   5.0109863e+01
   2.6067870e+06   4.6264648e+01
   2.6172010e+06   7.7148438e+01
   2.6205090e+06   7.3974609e+01
   2.6386840e+06   4.6447754e+01
   2.6391120e+06   8.5327148e+01
   2.6465830e+06   5.0842285e+01
   2.6466160e+06   8.8806152e+01
   2.6466290e+06   4.1076660e+01
   2.6471020e+06   3.9855957e+01
   2.6476950e+06   7.5256348e+01
   2.6621310e+06   8.1665039e+01
   2.6622160e+06   4.2419434e+01
   2.6622400e+06   4.5593262e+01
   2.6622550e+06   5.9143066e+01
   2.6624760e+06   4.0588379e+01
   2.6630950e+06   4.6081543e+01
   2.6703370e+06   3.8085938e+01
   2.6733450e+06   3.9855957e+01
   2.6938560e+06   4.5593262e+01
   2.7078740e+06   6.1157227e+01
   2.7128350e+06   5.3039551e+01
   2.7176400e+06   8.4350586e+01
   2.7264290e+06   4.6447754e+01
   2.7264390e+06   1.2127686e+02
   2.7264620e+06   1.5112305e+02
   2.7264770e+06   6.0546875e+01
   2.7265080e+06   3.8574219e+01
   2.7265340e+06   3.9062500e+01
   2.7265530e+06   1.5789795e+02
   2.7266120e+06   5.3222656e+01
   2.7266270e+06   6.4819336e+01
   2.7266520e+06   1.0607910e+02
   2.7266730e+06   4.6813965e+01
   2.7267030e+06   4.5043945e+01
   2.7267630e+06   1.3964844e+02
   2.7267940e+06   4.6997070e+01
   2.7268140e+06   4.0344238e+01
   2.7268390e+06   4.4616699e+01
   2.7268700e+06   1.2109375e+02
   2.7269150e+06   4.1503906e+01
   2.7269330e+06   3.7963867e+01
   2.7269640e+06   3.9123535e+01
   2.7269960e+06   9.8754883e+01
   2.7270070e+06   4.4128418e+01
   2.7271570e+06   1.2048340e+02
   2.7271850e+06   5.2978516e+01
   2.7272060e+06   4.3212891e+01
   2.7272270e+06   3.9123535e+01
   2.7273080e+06   1.1389160e+02
   2.7273450e+06   4.4006348e+01
   2.7274130e+06   4.9072266e+01
   2.7275120e+06   4.3395996e+01
   2.7275380e+06   1.1163330e+02
   2.7275670e+06   5.3039551e+01
   2.7275840e+06   4.2785645e+01
   2.7278860e+06   1.3201904e+02
   2.7463180e+06   4.0649414e+01
   2.7489660e+06   4.2358398e+01
   2.7531550e+06   4.6203613e+01
   2.7545920e+06   4.5410156e+01
   2.7572630e+06   4.3823242e+01
   2.7576700e+06   4.8767090e+01
   2.7580820e+06   4.7485352e+01
   2.7585010e+06   5.7800293e+01
   2.7598760e+06   4.8217773e+01
   2.7612100e+06   4.0222168e+01
   2.7618050e+06   4.8522949e+01
   2.7624420e+06   4.6447754e+01
   2.7627730e+06   8.7707520e+01
   2.7671360e+06   4.2663574e+01
   2.7678130e+06   7.4584961e+01
   2.7687690e+06   4.0405273e+01
   2.7694390e+06   4.1687012e+01
   2.7700400e+06   7.9406738e+01
   2.7717900e+06   4.3395996e+01
   2.7725030e+06   3.9550781e+01
   2.7729510e+06   3.8391113e+01
   2.7753660e+06   4.1992188e+01
   2.7756330e+06   4.2602539e+01
   2.7759110e+06   7.1350098e+01
   2.7763540e+06   4.0893555e+01
   2.7767020e+06   4.5227051e+01
   2.7768970e+06   7.5927734e+01
   2.7769080e+06   4.1076660e+01
   2.7769650e+06   5.2734375e+01
   2.7770490e+06   6.9030762e+01
   2.7776220e+06   3.8635254e+01
   2.7780230e+06   3.9550781e+01
   2.7791920e+06   3.9550781e+01
   2.7866870e+06   4.6386719e+01
   2.7868560e+06   4.9560547e+01
   2.7869060e+06   7.1594238e+01
   2.7871270e+06   5.9387207e+01
   2.7873560e+06   3.8635254e+01
   2.7882560e+06   4.9743652e+01
   2.7899950e+06   6.8542480e+01
   2.7913930e+06   3.7963867e+01
   2.7928500e+06   4.8645020e+01
   2.7943970e+06   4.2541504e+01
   2.7967660e+06   4.3212891e+01
   2.8005640e+06   4.7180176e+01
   2.8034540e+06   4.2114258e+01
   2.8039290e+06   4.3395996e+01
   2.8041050e+06   8.0078125e+01
   2.8045090e+06   3.9855957e+01
   2.8052390e+06   4.2602539e+01
   2.8058390e+06   4.2907715e+01
   2.8062120e+06   3.9489746e+01
   2.8065980e+06   4.3823242e+01
   2.8066170e+06   7.4645996e+01
   2.8069820e+06   4.5471191e+01
   2.8070160e+06   7.3669434e+01
   2.8074660e+06   4.4616699e+01
   2.8082550e+06   4.9560547e+01
   2.8088580e+06   4.5349121e+01
   2.8104600e+06   3.8757324e+01
   2.8109870e+06   3.9794922e+01
   2.8123710e+06   4.1381836e+01
   2.8128430e+06   4.1625977e+01
   2.8130040e+06   6.6833496e+01
   2.8147970e+06   4.4677734e+01
   2.8153420e+06   4.0466309e+01
   2.8154930e+06   7.5988770e+01
   2.8159760e+06   4.4677734e+01
   2.8166020e+06   3.8391113e+01
   2.8172630e+06   7.0007324e+01
   2.8173420e+06   3.8940430e+01
   2.8178080e+06   4.7668457e+01
   2.8188770e+06   3.8208008e+01
   2.8239210e+06   7.2448730e+01
   2.8239610e+06   4.5532227e+01
   2.8240890e+06   7.3608398e+01
   2.8252350e+06   7.1899414e+01
   2.8253100e+06   4.1992188e+01
   2.8263040e+06   3.7902832e+01
   2.8270960e+06   4.7180176e+01
   2.8280920e+06   6.2744141e+01
   2.8298470e+06   4.5593262e+01
   2.8308170e+06   6.8908691e+01
   2.8309650e+06   4.0100098e+01
   2.8311710e+06   8.5205078e+01
   2.8315930e+06   4.4860840e+01
   2.8317100e+06   7.3303223e+01
   2.8319440e+06   3.9245605e+01
   2.8323760e+06   5.5541992e+01
   2.8324690e+06   3.8879395e+01
   2.8326220e+06   5.5114746e+01
   2.8329110e+06   6.2377930e+01
   2.8335110e+06   6.9213867e+01
   2.8349140e+06   4.0527344e+01
   2.8399640e+06   4.1625977e+01
   2.8418480e+06   4.9987793e+01
   2.8424590e+06   4.3640137e+01
   2.8461590e+06   4.4921875e+01
   2.8474550e+06   4.6142578e+01
   2.8482720e+06   4.1137695e+01
   2.8485590e+06   6.3049316e+01
   2.8489780e+06   5.0903320e+01
   2.8502600e+06   4.5410156e+01
   2.8514470e+06   3.8757324e+01
   2.8542390e+06   4.0588379e+01
   2.8557550e+06   4.4982910e+01
   2.8572910e+06   4.9377441e+01
   2.8597940e+06   6.7626953e+01
   2.8601920e+06   4.3945313e+01
   2.8613970e+06   4.6997070e+01
   2.8633110e+06   4.3212891e+01
   2.8636490e+06   4.3212891e+01
   2.8639970e+06   5.8410645e+01
   2.8640370e+06   6.9274902e+01
   2.8641430e+06   3.9978027e+01
   2.8644230e+06   4.8767090e+01
   2.8650160e+06   4.2968750e+01
   2.8658010e+06   4.5593262e+01
   2.8670430e+06   4.3945313e+01
   2.8700440e+06   4.0100098e+01
   2.8708910e+06   7.4096680e+01
   2.8709160e+06   4.4555664e+01
   2.8715050e+06   4.0527344e+01
   2.8729210e+06   4.5959473e+01
   2.8763710e+06   4.2968750e+01
   2.8783730e+06   4.1442871e+01
   2.8800830e+06   3.9550781e+01
   2.8801670e+06   7.0861816e+01
   2.8811390e+06   5.0415039e+01
   2.8815030e+06   4.0588379e+01
   2.8817720e+06   7.0861816e+01
   2.8819200e+06   4.7546387e+01
   2.8826500e+06   4.5288086e+01
   2.8841260e+06   3.9672852e+01
   2.8870530e+06   6.1889648e+01
   2.8871110e+06   4.8645020e+01
   2.8871960e+06   6.4880371e+01
   2.8876410e+06   4.6569824e+01
   2.8883460e+06   4.0283203e+01
   2.8889070e+06   4.4433594e+01
   2.8902100e+06   4.9499512e+01
   2.8908020e+06   3.9978027e+01
   2.8938300e+06   3.8208008e+01
   2.8961930e+06   4.3212891e+01
   2.9000730e+06   4.8828125e+01
   2.9015370e+06   8.7097168e+01
   2.9033790e+06   4.1442871e+01
   2.9061320e+06   4.1564941e+01
   2.9077410e+06   4.1687012e+01
   2.9107310e+06   4.4860840e+01
   2.9162370e+06   4.9987793e+01
   2.9167760e+06   4.4555664e+01
   2.9175780e+06   4.3945313e+01
   2.9184120e+06   4.3823242e+01
   2.9205180e+06   4.4006348e+01
   2.9218290e+06   4.1320801e+01
   2.9224730e+06   4.6630859e+01
   2.9225960e+06   7.5927734e+01
   2.9303880e+06   7.2753906e+01
   2.9320540e+06   6.9396973e+01
   2.9326560e+06   4.8156738e+01
   2.9329470e+06   4.1198730e+01
   2.9352150e+06   5.2490234e+01
   2.9389560e+06   4.6264648e+01
   2.9403890e+06   7.6599121e+01
   2.9405880e+06   4.2785645e+01
   2.9411850e+06   4.9194336e+01
   2.9428550e+06   5.2001953e+01
   2.9491900e+06   5.3283691e+01
   2.9495120e+06   6.0791016e+01
   2.9495340e+06   3.8269043e+01
   2.9500050e+06   4.4128418e+01
   2.9526750e+06   5.1025391e+01
   2.9631890e+06   4.5349121e+01
   2.9668620e+06   4.1198730e+01
   2.9718580e+06   4.0283203e+01
   2.9737940e+06   4.6752930e+01
   2.9884060e+06   7.4096680e+01
   2.9895000e+06   4.4677734e+01
   2.9902540e+06   4.6752930e+01
   2.9913270e+06   7.2692871e+01
   2.9914160e+06   4.0100098e+01
