   2.9990000e+06   0.0000000e+00
   1.0380000e+03   2.0093994e+03
   1.0500000e+03   3.6010742e+01
   1.9380000e+03   3.6682129e+01
   4.9233000e+04   3.6254883e+01
   5.0156000e+04   3.4362793e+01
   5.1054000e+04   3.9999390e+03
   5.1065000e+04   3.5156250e+01
   5.1202000e+04   3.9855957e+01
   5.1213000e+04   3.9367676e+01
   9.2621000e+04   3.4057617e+01
   9.2769000e+04   3.6926270e+01
   9.2915000e+04   4.1015625e+01
   1.0106600e+05   2.0063477e+03
   1.4386300e+05   3.8085938e+01
   1.5108000e+05   2.0101318e+03
   1.5109200e+05   3.7719727e+01
   1.5112000e+05   3.3996582e+01
   1.5120600e+05   3.9916992e+01
   1.5122900e+05   3.4973145e+01
   1.5125800e+05   4.0100098e+01
   1.5129600e+05   3.8513184e+01
   1.5139100e+05   3.5156250e+01
   1.5144500e+05   3.5522461e+01
   1.5152400e+05   3.8330078e+01
   1.5155800e+05   4.5776367e+01
   1.5159300e+05   3.7170410e+01
   1.5162800e+05   3.9611816e+01
   1.5171200e+05   4.5104980e+01
   1.5174400e+05   3.4851074e+01
   1.5177300e+05   3.5339355e+01
   1.5188500e+05   3.9306641e+01
   1.5191800e+05   3.8879395e+01
   1.5203000e+05   3.7048340e+01
   1.6261400e+05   3.3996582e+01
   2.0109600e+05   3.9999390e+03
   2.0124300e+05   3.8391113e+01
   2.0126500e+05   3.6254883e+01
   2.0132800e+05   4.2053223e+01
   2.0134000e+05   5.6335449e+01
   2.0139200e+05   4.3029785e+01
   2.0179200e+05   3.7597656e+01
   2.0195600e+05   3.5217285e+01
   2.2226700e+05   3.6376953e+01
   2.2231000e+05   4.5410156e+01
   2.2232300e+05   5.1513672e+01
   2.2236800e+05   4.3151855e+01
   2.2239900e+05   4.7119141e+01
   2.2241700e+05   3.8696289e+01
   2.2249900e+05   3.7048340e+01
   2.2278700e+05   3.4912109e+01
   2.2281800e+05   4.0710449e+01
   2.5111000e+05   3.9999390e+03
   2.5114800e+05   3.6254883e+01
   2.5123000e+05   3.5339355e+01
   2.5138200e+05   3.5217285e+01
   2.5141400e+05   3.5766602e+01
   2.5160400e+05   3.6010742e+01
   2.5169900e+05   3.6010742e+01
   2.5186100e+05   4.3945313e+01
   2.5187100e+05   3.4790039e+01
   2.5193200e+05   3.4729004e+01
   2.5195100e+05   3.7902832e+01
   2.8255100e+05   3.4729004e+01
   2.8277200e+05   3.5400391e+01
   3.0112200e+05   2.0059814e+03
   3.0113300e+05   4.2602539e+01
   3.0125300e+05   3.6010742e+01
   3.0129400e+05   3.8818359e+01
   3.0130900e+05   4.2724609e+01
   3.0133500e+05   3.6926270e+01
   3.0140200e+05   3.5278320e+01
   3.0144600e+05   3.9794922e+01
   3.3678600e+05   3.9978027e+01
   3.3682100e+05   4.9072266e+01
   3.3683300e+05   3.8085938e+01
   3.3694500e+05   4.0222168e+01
   3.5113600e+05   2.0054932e+03
   3.5125200e+05   3.7902832e+01
   3.5132800e+05   5.0415039e+01
   3.5143100e+05   3.8208008e+01
   4.0115000e+05   2.0139160e+03
   4.0127500e+05   3.8696289e+01
   4.0133400e+05   3.6193848e+01
   4.0138100e+05   3.6499023e+01
   4.2573900e+05   4.2663574e+01
   4.2575100e+05   6.8054199e+01
   4.2581000e+05   3.5766602e+01
   4.2582000e+05   3.7719727e+01
   4.2591300e+05   3.6987305e+01
   4.2597000e+05   3.6315918e+01
   4.2612300e+05   4.1381836e+01
   4.2620700e+05   3.5400391e+01
   4.2632300e+05   3.4057617e+01
   4.5116400e+05   2.0119019e+03
   4.5120200e+05   3.5400391e+01
   4.5130900e+05   3.6987305e+01
   4.5132200e+05   4.4616699e+01
   5.0118000e+05   3.9999390e+03
   5.0130500e+05   4.8522949e+01
   5.0132500e+05   4.0222168e+01
   5.0188400e+05   3.6682129e+01
   5.0216000e+05   3.5766602e+01
   5.5119400e+05   3.9999390e+03
   5.5123200e+05   3.6437988e+01
   5.5134000e+05   3.7414551e+01
   5.5141000e+05   3.6560059e+01
   6.0120600e+05   2.0059204e+03
   6.0124600e+05   3.6804199e+01
   6.0133500e+05   4.0039063e+01
   6.5122000e+05   2.0076294e+03
   6.5135900e+05   4.0161133e+01
   6.5140500e+05   3.9611816e+01
   6.5151700e+05   3.4851074e+01
   6.7323100e+05   3.5705566e+01
   6.7529700e+05   3.5095215e+01
   7.0123400e+05   2.0072632e+03
   7.0127400e+05   3.4912109e+01
   7.0136700e+05   3.8391113e+01
   7.1149500e+05   3.4973145e+01
   7.5124800e+05   2.0062866e+03
   7.5131400e+05   3.7719727e+01
   7.5144800e+05   3.8330078e+01
   7.5158000e+05   3.4484863e+01
   7.5569200e+05   3.5888672e+01
   8.0126400e+05   3.9999390e+03
   8.0130200e+05   3.7841797e+01
   8.0140200e+05   3.5034180e+01
   8.5127800e+05   3.9999390e+03
   8.5131600e+05   3.6743164e+01
   8.5134300e+05   3.9123535e+01
   8.5137200e+05   3.6315918e+01
   8.5140500e+05   3.6376953e+01
   8.5354700e+05   3.5522461e+01
   9.0129000e+05   2.0095215e+03
   9.0149400e+05   3.6682129e+01
   9.0152000e+05   3.7536621e+01
   9.2847200e+05   3.7963867e+01
   9.5130600e+05   3.9999390e+03
   9.5131900e+05   3.6682129e+01
   9.5145000e+05   3.4912109e+01
   9.5881200e+05   3.6621094e+01
   9.6297100e+05   3.8757324e+01
   1.0013180e+06   2.0081787e+03
   1.0013580e+06   3.6743164e+01
   1.0421080e+06   4.2114258e+01
   1.0492080e+06   3.4118652e+01
   1.0504180e+06   3.4179688e+01
   1.0513320e+06   2.0078735e+03
   1.0513450e+06   3.7719727e+01
   1.0513720e+06   3.4484863e+01
   1.0515620e+06   4.0161133e+01
   1.0716990e+06   3.4545898e+01
   1.0717860e+06   3.4729004e+01
   1.0768100e+06   3.9123535e+01
   1.0768500e+06   3.4851074e+01
   1.0769160e+06   3.5644531e+01
   1.0770010e+06   3.6132813e+01
   1.0770680e+06   3.8024902e+01
   1.0774630e+06   3.6926270e+01
   1.1013460e+06   2.0108032e+03
   1.1013640e+06   4.0039063e+01
   1.1234160e+06   4.3823242e+01
   1.1513600e+06   2.0087891e+03
   1.1514000e+06   3.4118652e+01
   1.1935800e+06   3.4484863e+01
   1.2013760e+06   3.9999390e+03
   1.2013870e+06   4.3029785e+01
   1.2014390e+06   3.5949707e+01
   1.2513900e+06   3.9999390e+03
   1.2514170e+06   3.4484863e+01
   1.2516070e+06   4.1198730e+01
   1.2692940e+06   4.3762207e+01
   1.2752260e+06   3.5644531e+01
   1.2983950e+06   3.7536621e+01
   1.2984070e+06   3.8391113e+01
   1.2984540e+06   4.1625977e+01
   1.2984910e+06   3.4851074e+01
   1.2985070e+06   5.3100586e+01
   1.2985540e+06   3.5095215e+01
   1.2985680e+06   4.6875000e+01
   1.2986020e+06   3.6560059e+01
   1.2986600e+06   3.6071777e+01
   1.2987180e+06   3.6926270e+01
   1.2987420e+06   4.4738770e+01
   1.2988090e+06   3.6926270e+01
   1.2988800e+06   3.4179688e+01
   1.2990370e+06   3.5156250e+01
   1.2990790e+06   3.8330078e+01
   1.2993210e+06   3.5583496e+01
   1.2995410e+06   3.9123535e+01
   1.3002420e+06   4.1503906e+01
   1.3011970e+06   3.5278320e+01
   1.3014020e+06   2.0122070e+03
   1.3275000e+06   3.5217285e+01
   1.3316490e+06   3.4545898e+01
   1.3514160e+06   2.0098877e+03
   1.3514570e+06   3.4179688e+01
   1.4014300e+06   2.0082397e+03
   1.4014440e+06   3.6804199e+01
   1.4514440e+06   2.0133057e+03
   1.4514610e+06   3.5705566e+01
   1.4515410e+06   3.4362793e+01
   1.4516210e+06   3.5278320e+01
   1.4675440e+06   3.9245605e+01
   1.4676690e+06   4.1625977e+01
   1.4677060e+06   3.5400391e+01
   1.4677630e+06   3.5705566e+01
   1.4677780e+06   3.8513184e+01
   1.4678330e+06   3.6376953e+01
   1.4678660e+06   3.6499023e+01
   1.4891200e+06   3.7048340e+01
   1.5014600e+06   3.9999390e+03
   1.5211190e+06   4.7241211e+01
   1.5213520e+06   3.8085938e+01
   1.5413800e+06   4.9133301e+01
   1.5414980e+06   4.6875000e+01
   1.5415740e+06   4.3090820e+01
   1.5514720e+06   2.0073242e+03
   1.5516150e+06   3.9001465e+01
   1.5516530e+06   3.6376953e+01
   1.5887480e+06   3.5766602e+01
   1.6014880e+06   3.9999390e+03
   1.6014980e+06   3.6621094e+01
   1.6016430e+06   3.8330078e+01
   1.6185070e+06   4.2114258e+01
   1.6185380e+06   4.6203613e+01
   1.6185700e+06   3.9428711e+01
   1.6185870e+06   3.7231445e+01
   1.6186190e+06   3.4667969e+01
   1.6186740e+06   3.8818359e+01
   1.6186870e+06   3.9245605e+01
   1.6187780e+06   4.2114258e+01
   1.6188240e+06   4.0588379e+01
   1.6190170e+06   4.7058105e+01
   1.6515000e+06   2.0103149e+03
   1.6517440e+06   3.4362793e+01
   1.6675110e+06   4.1503906e+01
   1.6909930e+06   3.4606934e+01
   1.7015140e+06   2.0093994e+03
   1.7015540e+06   3.5461426e+01
   1.7016560e+06   3.4179688e+01
   1.7018180e+06   3.7109375e+01
   1.7022080e+06   3.4606934e+01
   1.7022510e+06   3.7658691e+01
   1.7022620e+06   7.3974609e+01
   1.7023570e+06   4.4006348e+01
   1.7023750e+06   3.7231445e+01
   1.7024140e+06   4.8767090e+01
   1.7025170e+06   3.5461426e+01
   1.7026240e+06   3.8818359e+01
   1.7028500e+06   3.4729004e+01
   1.7266220e+06   3.3996582e+01
   1.7401660e+06   3.7292480e+01
   1.7414480e+06   3.7414551e+01
   1.7515300e+06   3.9999390e+03
   1.7522170e+06   3.4057617e+01
   1.7523340e+06   3.8208008e+01
   1.7812710e+06   3.4729004e+01
   1.8015440e+06   3.9999390e+03
   1.8515560e+06   2.0080566e+03
   1.8515960e+06   4.0771484e+01
   1.8517010e+06   3.5400391e+01
   1.8517210e+06   4.1625977e+01
   1.8518040e+06   3.6437988e+01
   1.8524260e+06   3.6682129e+01
   1.8670620e+06   3.8757324e+01
   1.9015720e+06   3.9999390e+03
   1.9016380e+06   3.4240723e+01
   1.9017230e+06   3.9306641e+01
   1.9515840e+06   2.0091553e+03
   1.9516240e+06   3.6865234e+01
   1.9517260e+06   3.7292480e+01
   2.0016000e+06   3.9999390e+03
   2.0016380e+06   3.7536621e+01
   2.0176800e+06   4.1076660e+01
   2.0389400e+06   3.8513184e+01
   2.0389700e+06   4.3273926e+01
   2.0390540e+06   3.4057617e+01
   2.0391360e+06   4.1076660e+01
   2.0392390e+06   3.4118652e+01
   2.0392810e+06   3.9855957e+01
   2.0395090e+06   3.9306641e+01
   2.0395220e+06   3.7963867e+01
   2.0396190e+06   3.5034180e+01
   2.0397710e+06   4.3090820e+01
   2.0400730e+06   3.4667969e+01
   2.0401710e+06   3.4484863e+01
   2.0516140e+06   3.9999390e+03
   2.0516530e+06   3.6254883e+01
   2.0959770e+06   3.4484863e+01
   2.1016280e+06   3.9999390e+03
   2.1016460e+06   3.7963867e+01
   2.1236720e+06   3.5156250e+01
   2.1516400e+06   2.0079346e+03
   2.1516800e+06   4.1259766e+01
   2.1930640e+06   4.0527344e+01
   2.2016540e+06   2.0093384e+03
   2.2016940e+06   3.6071777e+01
   2.2018230e+06   3.4851074e+01
   2.2167460e+06   3.5583496e+01
   2.2516680e+06   2.0114746e+03
   2.3016840e+06   3.9999390e+03
   2.3016940e+06   4.0039063e+01
   2.3516980e+06   3.9999390e+03
   2.3517360e+06   3.4057617e+01
   2.3518520e+06   4.1992188e+01
   2.4017100e+06   2.0054321e+03
   2.4017310e+06   3.4484863e+01
   2.4176550e+06   3.7658691e+01
   2.4351310e+06   3.4423828e+01
   2.4517240e+06   2.0127563e+03
   2.4517640e+06   3.4851074e+01
   2.4766020e+06   3.5766602e+01
   2.4767200e+06   3.4362793e+01
   2.4767440e+06   3.7414551e+01
   2.4767840e+06   3.4790039e+01
   2.4768220e+06   3.6804199e+01
   2.4768430e+06   4.6936035e+01
   2.4769960e+06   4.2480469e+01
   2.4770080e+06   4.1687012e+01
   2.4771210e+06   3.5644531e+01
   2.4772300e+06   3.7536621e+01
   2.4772560e+06   3.7902832e+01
   2.4773250e+06   3.4240723e+01
   2.4775010e+06   3.6743164e+01
   2.4775530e+06   3.6499023e+01
   2.6142550e+06   3.4729004e+01
   2.6416160e+06   3.7109375e+01
   2.6669760e+06   3.3996582e+01
   2.7266380e+06   3.4179688e+01
   2.7267730e+06   3.8513184e+01
   2.7267890e+06   3.5461426e+01
   2.7268990e+06   3.7414551e+01
   2.7269220e+06   4.4982910e+01
   2.7271370e+06   3.9489746e+01
   2.7271720e+06   3.4790039e+01
   2.7272680e+06   3.4851074e+01
   2.7273310e+06   3.5400391e+01
   2.7279720e+06   3.5400391e+01
   2.7791790e+06   3.4545898e+01
   2.8008940e+06   3.4301758e+01
   2.8085460e+06   3.7048340e+01
   2.8967500e+06   4.0588379e+01
   2.9078520e+06   3.6376953e+01
