   2.9990000e+06   0.0000000e+00
   1.0590000e+03   2.0064087e+03
   2.0850000e+03   4.0222168e+01
   2.1520000e+03   4.2602539e+01
   2.1800000e+03   1.1364746e+02
   2.2830000e+03   1.4666748e+02
   2.3050000e+03   4.8522949e+01
   2.3330000e+03   3.5339355e+01
   2.3960000e+03   3.4118652e+01
   2.4060000e+03   4.1748047e+01
   2.4300000e+03   1.7535400e+02
   2.4640000e+03   3.4729004e+01
   2.5070000e+03   1.1309814e+02
   2.5390000e+03   3.3935547e+01
   2.5680000e+03   3.3813477e+01
   2.5810000e+03   3.4240723e+01
   2.6110000e+03   6.0791016e+01
   2.6220000e+03   9.8266602e+01
   2.7310000e+03   7.6110840e+01
   2.7860000e+03   3.5949707e+01
   2.8190000e+03   5.0659180e+01
   2.9170000e+03   3.6376953e+01
   3.0250000e+03   6.0852051e+01
   3.0530000e+03   4.5410156e+01
   3.1240000e+03   3.7841797e+01
   3.3150000e+03   8.0749512e+01
   3.3250000e+03   4.8522949e+01
   3.4040000e+03   4.5715332e+01
   3.5680000e+03   4.2785645e+01
   3.6000000e+03   3.6193848e+01
   3.6140000e+03   3.7109375e+01
   3.6560000e+03   3.4729004e+01
   3.7090000e+03   8.8317871e+01
   3.9290000e+03   3.4790039e+01
   3.9540000e+03   4.2175293e+01
   3.9870000e+03   3.5339355e+01
   4.0110000e+03   3.4545898e+01
   4.2060000e+03   3.4973145e+01
   4.2200000e+03   6.3110352e+01
   4.2570000e+03   3.7841797e+01
   4.4030000e+03   3.8024902e+01
   4.5590000e+03   6.3781738e+01
   4.7350000e+03   4.0649414e+01
   5.1480000e+03   8.0688477e+01
   6.9790000e+03   3.5644531e+01
   5.1073000e+04   2.0089722e+03
   5.2234000e+04   4.0100098e+01
   5.2253000e+04   1.1492920e+02
   5.2400000e+04   4.5837402e+01
   5.2432000e+04   1.0882568e+02
   5.2456000e+04   3.6376953e+01
   5.2508000e+04   1.1877441e+02
   5.2525000e+04   1.3446045e+02
   5.2552000e+04   4.3395996e+01
   5.2597000e+04   3.7658691e+01
   5.2625000e+04   4.8217773e+01
   5.2696000e+04   1.0272217e+02
   5.2729000e+04   8.2519531e+01
   5.2755000e+04   4.3701172e+01
   5.2769000e+04   1.0351563e+02
   5.2848000e+04   5.2185059e+01
   5.2914000e+04   1.2237549e+02
   5.2972000e+04   3.5339355e+01
   5.3054000e+04   8.2580566e+01
   5.3125000e+04   4.6081543e+01
   5.3168000e+04   6.3232422e+01
   5.3249000e+04   3.5156250e+01
   5.3307000e+04   4.2114258e+01
   5.3319000e+04   3.9794922e+01
   5.3351000e+04   5.1818848e+01
   5.3406000e+04   6.7687988e+01
   5.3424000e+04   3.8208008e+01
   5.3576000e+04   4.6875000e+01
   5.3686000e+04   5.2734375e+01
   5.3752000e+04   4.0283203e+01
   5.3984000e+04   1.0687256e+02
   5.4311000e+04   3.7597656e+01
   5.4353000e+04   5.8227539e+01
   5.4426000e+04   5.5969238e+01
   5.4517000e+04   4.2907715e+01
   5.4623000e+04   4.0283203e+01
   5.4802000e+04   7.6171875e+01
   6.3291000e+04   3.3813477e+01
   9.3050000e+04   3.7292480e+01
   9.3736000e+04   4.7119141e+01
   9.3802000e+04   1.4642334e+02
   9.3870000e+04   3.6987305e+01
   9.3938000e+04   1.2603760e+02
   9.4007000e+04   4.5471191e+01
   9.4025000e+04   3.5095215e+01
   9.4041000e+04   1.1871338e+02
   9.4115000e+04   9.9914551e+01
   9.4183000e+04   4.4128418e+01
   9.4215000e+04   3.4240723e+01
   9.4231000e+04   1.0394287e+02
   9.4302000e+04   4.3640137e+01
   9.4324000e+04   8.5571289e+01
   9.4353000e+04   8.3984375e+01
   9.4445000e+04   3.6804199e+01
   9.4538000e+04   5.9570313e+01
   9.4601000e+04   1.6223145e+02
   9.4704000e+04   3.5278320e+01
   9.4760000e+04   6.2133789e+01
   9.4783000e+04   3.3813477e+01
   9.4829000e+04   5.2490234e+01
   9.4839000e+04   7.7697754e+01
   9.4937000e+04   3.5156250e+01
   9.5021000e+04   3.7475586e+01
   9.5105000e+04   8.4350586e+01
   9.5117000e+04   4.4372559e+01
   9.5211000e+04   9.1308594e+01
   9.5242000e+04   3.6804199e+01
   9.5413000e+04   3.5888672e+01
   9.5480000e+04   6.1523438e+01
   9.5513000e+04   8.9477539e+01
   9.5565000e+04   3.4118652e+01
   9.5594000e+04   3.3935547e+01
   9.5845000e+04   5.8349609e+01
   9.6117000e+04   3.5095215e+01
   9.6325000e+04   7.4096680e+01
   9.6456000e+04   4.0710449e+01
   1.0108700e+05   2.0104370e+03
   1.0110000e+05   3.6804199e+01
   1.3983400e+05   3.4912109e+01
   1.4007500e+05   4.1809082e+01
   1.4015200e+05   4.0405273e+01
   1.4026600e+05   1.4898682e+02
   1.4033200e+05   4.5593262e+01
   1.4035000e+05   1.1120605e+02
   1.4038800e+05   3.8391113e+01
   1.4043100e+05   1.1633301e+02
   1.4048200e+05   3.9001465e+01
   1.4051900e+05   3.5461426e+01
   1.4052900e+05   9.5275879e+01
   1.4055100e+05   9.9487305e+01
   1.4059300e+05   8.5449219e+01
   1.4073600e+05   1.0272217e+02
   1.4075600e+05   3.5827637e+01
   1.4080100e+05   9.3444824e+01
   1.4083300e+05   3.5156250e+01
   1.4094400e+05   5.8471680e+01
   1.4097400e+05   7.9956055e+01
   1.4102700e+05   3.4118652e+01
   1.4108400e+05   3.6254883e+01
   1.4109600e+05   9.1491699e+01
   1.4119500e+05   6.1950684e+01
   1.4122700e+05   3.8940430e+01
   1.4124400e+05   7.7880859e+01
   1.4136200e+05   3.4362793e+01
   1.4153200e+05   8.7097168e+01
   1.4169000e+05   7.1166992e+01
   1.4170100e+05   4.5104980e+01
   1.4194600e+05   7.3791504e+01
   1.4197500e+05   3.6987305e+01
   1.4201500e+05   7.6110840e+01
   1.4217500e+05   4.2602539e+01
   1.4232100e+05   9.2285156e+01
   1.4236100e+05   7.0068359e+01
   1.4261800e+05   3.4484863e+01
   1.4298800e+05   8.3618164e+01
   1.5110100e+05   2.0075684e+03
   1.5191800e+05   3.4667969e+01
   1.5503400e+05   3.7536621e+01
   1.5559400e+05   3.3874512e+01
   1.5645100e+05   3.5583496e+01
   1.6849900e+05   3.4057617e+01
   1.6909100e+05   3.6804199e+01
   1.6919700e+05   3.8696289e+01
   1.6939800e+05   3.4301758e+01
   1.6971500e+05   1.2719727e+02
   1.6981300e+05   3.4973145e+01
   1.7521600e+05   3.4240723e+01
   2.0111500e+05   2.0116577e+03
   2.3023600e+05   1.4215088e+02
   2.3026600e+05   4.0710449e+01
   2.3029500e+05   4.8522949e+01
   2.3059800e+05   4.1625977e+01
   2.3091600e+05   9.7717285e+01
   2.3095000e+05   3.4790039e+01
   2.3115900e+05   3.4118652e+01
   2.3124100e+05   4.3945313e+01
   2.3128100e+05   1.1944580e+02
   2.3142800e+05   1.0772705e+02
   2.3171400e+05   1.1193848e+02
   2.3265700e+05   8.9965820e+01
   2.5112900e+05   2.0086670e+03
   2.5262700e+05   1.1639404e+02
   2.5312700e+05   1.1993408e+02
   2.5343600e+05   4.1625977e+01
   2.7988300e+05   3.5156250e+01
   2.8011400e+05   1.2420654e+02
   2.8015400e+05   3.7414551e+01
   2.8068500e+05   1.2420654e+02
   2.8098100e+05   3.4973145e+01
   2.8127900e+05   1.0028076e+02
   2.8143900e+05   3.4912109e+01
   2.8250900e+05   3.4301758e+01
   2.8327100e+05   3.6315918e+01
   2.8458500e+05   3.4179688e+01
   3.0114300e+05   2.0061646e+03
   3.0321200e+05   1.2207031e+02
   3.4669000e+05   3.9123535e+01
   3.4674200e+05   1.3568115e+02
   3.4690900e+05   3.6743164e+01
   3.4713600e+05   1.3684082e+02
   3.4721200e+05   3.9978027e+01
   3.4737700e+05   1.1712646e+02
   3.4740100e+05   3.5949707e+01
   3.4757400e+05   1.4190674e+02
   3.4784800e+05   1.2799072e+02
   3.4796900e+05   1.1761475e+02
   3.4861000e+05   3.6743164e+01
   3.5115900e+05   3.9999390e+03
   3.7084100e+05   3.3874512e+01
   3.7150400e+05   3.4179688e+01
   3.7169100e+05   1.4044189e+02
   3.7172300e+05   3.6254883e+01
   3.7180200e+05   3.3935547e+01
   3.7247900e+05   3.5827637e+01
   3.7296000e+05   3.4545898e+01
   3.7379400e+05   3.8635254e+01
   3.7405400e+05   3.5522461e+01
   3.9207800e+05   1.2536621e+02
   3.9241900e+05   1.2896729e+02
   3.9297600e+05   1.1883545e+02
   3.9353000e+05   1.2731934e+02
   3.9374900e+05   4.1992188e+01
   3.9413000e+05   3.4240723e+01
   3.9425300e+05   1.0528564e+02
   4.0117100e+05   2.0051880e+03
   4.0118500e+05   4.3762207e+01
   4.5118500e+05   2.0063477e+03
   4.5119700e+05   3.8696289e+01
   4.5128500e+05   3.3935547e+01
   4.5242800e+05   1.2341309e+02
   4.5247500e+05   4.9255371e+01
   4.5258100e+05   3.3874512e+01
   4.5267300e+05   3.5766602e+01
   4.5268900e+05   1.1718750e+02
   4.5270600e+05   1.2658691e+02
   4.5276500e+05   1.4208984e+02
   4.5279500e+05   3.6926270e+01
   4.5282100e+05   3.5156250e+01
   4.5285600e+05   1.0546875e+02
   4.5287400e+05   7.8918457e+01
   4.5290900e+05   4.0588379e+01
   4.5297100e+05   1.0919189e+02
   4.5304000e+05   4.2053223e+01
   4.5306600e+05   3.6071777e+01
   4.5311500e+05   4.1564941e+01
   4.5313400e+05   4.7851563e+01
   4.5317900e+05   3.9062500e+01
   4.5321400e+05   3.4545898e+01
   4.5327400e+05   3.5705566e+01
   4.5332600e+05   3.8879395e+01
   4.5334700e+05   3.6682129e+01
   4.5350200e+05   3.6254883e+01
   4.5353200e+05   3.3813477e+01
   4.5367700e+05   3.8391113e+01
   4.5370700e+05   4.2907715e+01
   4.5384100e+05   3.4423828e+01
   4.5387700e+05   3.4729004e+01
   4.5404100e+05   3.7536621e+01
   4.5453200e+05   3.7536621e+01
   4.5524800e+05   3.6804199e+01
   4.5541900e+05   3.4301758e+01
   4.5591000e+05   4.3029785e+01
   4.5596600e+05   3.3935547e+01
   4.5623600e+05   3.8513184e+01
   4.5651200e+05   6.2744141e+01
   4.5700200e+05   7.0556641e+01
   5.0119900e+05   2.0092163e+03
   5.0156000e+05   3.6865234e+01
   5.0265900e+05   3.6376953e+01
   5.0286100e+05   1.4593506e+02
   5.0288700e+05   3.8696289e+01
   5.0293800e+05   3.5644531e+01
   5.0295600e+05   3.5644531e+01
   5.0318300e+05   5.1086426e+01
   5.0320900e+05   1.0766602e+02
   5.0333300e+05   1.0888672e+02
   5.0335400e+05   3.6499023e+01
   5.0342400e+05   3.7841797e+01
   5.0350600e+05   1.0491943e+02
   5.0353500e+05   1.1071777e+02
   5.0360600e+05   3.7536621e+01
   5.0368100e+05   3.6132813e+01
   5.0373900e+05   3.7048340e+01
   5.0380000e+05   9.8815918e+01
   5.0384200e+05   1.2237549e+02
   5.0390500e+05   1.1126709e+02
   5.0392500e+05   3.4301758e+01
   5.0415000e+05   1.0186768e+02
   5.0420100e+05   8.8684082e+01
   5.0477300e+05   1.2847900e+02
   5.0486500e+05   3.4240723e+01
   5.0508600e+05   3.4667969e+01
   5.3466200e+05   3.6926270e+01
   5.4091900e+05   3.3996582e+01
   5.4138900e+05   1.3696289e+02
   5.4170400e+05   3.3996582e+01
   5.4178200e+05   1.2591553e+02
   5.4187000e+05   1.1779785e+02
   5.4193600e+05   3.7475586e+01
   5.4201400e+05   3.6743164e+01
   5.4215300e+05   1.9580078e+02
   5.4224700e+05   3.7292480e+01
   5.4229400e+05   3.7597656e+01
   5.4244900e+05   3.5461426e+01
   5.4247100e+05   1.0620117e+02
   5.4250700e+05   3.8940430e+01
   5.4260700e+05   1.2396240e+02
   5.4280800e+05   3.4851074e+01
   5.4284400e+05   1.3385010e+02
   5.4290100e+05   3.3874512e+01
   5.4308400e+05   4.4250488e+01
   5.4311600e+05   4.0222168e+01
   5.4314700e+05   8.3923340e+01
   5.4337500e+05   3.6621094e+01
   5.4353200e+05   1.0809326e+02
   5.4359700e+05   8.5266113e+01
   5.4361800e+05   9.2895508e+01
   5.4378300e+05   4.0649414e+01
   5.4419900e+05   9.3688965e+01
   5.5121300e+05   2.0109253e+03
   5.6896000e+05   4.5776367e+01
   5.6912900e+05   1.2762451e+02
   5.6969300e+05   1.1053467e+02
   5.6991700e+05   4.1870117e+01
   5.9262400e+05   3.4973145e+01
   5.9278400e+05   1.1242676e+02
   5.9451900e+05   3.4118652e+01
   6.0122700e+05   2.0097046e+03
   6.2277500e+05   1.2786865e+02
   6.2285700e+05   3.4179688e+01
   6.2287400e+05   3.6132813e+01
   6.2303900e+05   4.6630859e+01
   6.2342600e+05   3.8208008e+01
   6.2437400e+05   3.4667969e+01
   6.4658200e+05   3.5034180e+01
   6.4804200e+05   3.5461426e+01
   6.5124300e+05   3.9999390e+03
   6.5125500e+05   3.6071777e+01
   6.7242100e+05   1.4324951e+02
   6.7315400e+05   3.4362793e+01
   6.7350900e+05   1.1730957e+02
   6.7384300e+05   3.5156250e+01
   7.0125700e+05   2.0064697e+03
   7.0135100e+05   4.1564941e+01
   7.5126900e+05   2.0062866e+03
   7.5166900e+05   3.5644531e+01
   7.5263500e+05   3.4851074e+01
   8.0128500e+05   3.9999390e+03
   8.0206000e+05   1.3909912e+02
   8.0207700e+05   3.4606934e+01
   8.0215700e+05   3.6254883e+01
   8.0218200e+05   1.5032959e+02
   8.0220500e+05   3.5705566e+01
   8.0225100e+05   1.1608887e+02
   8.0235200e+05   8.0078125e+01
   8.0237900e+05   1.4904785e+02
   8.0240800e+05   4.0954590e+01
   8.0243400e+05   3.5278320e+01
   8.0247300e+05   3.4240723e+01
   8.0254900e+05   4.6630859e+01
   8.0256800e+05   1.1724854e+02
   8.0259200e+05   5.1513672e+01
   8.0261200e+05   3.6254883e+01
   8.0263900e+05   4.1564941e+01
   8.0265600e+05   3.5522461e+01
   8.0267600e+05   3.3874512e+01
   8.0270800e+05   4.1992188e+01
   8.0272200e+05   4.8828125e+01
   8.0275700e+05   3.4973145e+01
   8.0280100e+05   3.9184570e+01
   8.0283000e+05   3.8818359e+01
   8.0293200e+05   4.2358398e+01
   8.0296200e+05   4.9987793e+01
   8.0318600e+05   3.7780762e+01
   8.0321000e+05   3.4423828e+01
   8.0331200e+05   3.5827637e+01
   8.0343300e+05   4.5776367e+01
   8.0378800e+05   3.6437988e+01
   8.0383500e+05   4.5166016e+01
   8.0444100e+05   3.4484863e+01
   8.0450200e+05   3.6926270e+01
   8.0464800e+05   3.7048340e+01
   8.0514800e+05   4.0100098e+01
   8.0536200e+05   3.7170410e+01
   8.0552700e+05   3.6437988e+01
   8.0556400e+05   4.4372559e+01
   8.0574500e+05   3.4118652e+01
   8.0585700e+05   3.5095215e+01
   8.0602800e+05   4.6142578e+01
   8.0613300e+05   3.6682129e+01
   8.0622300e+05   6.6406250e+01
   8.0637800e+05   3.4790039e+01
   8.0670500e+05   6.8481445e+01
   8.5129900e+05   3.9999390e+03
   8.8392600e+05   3.5888672e+01
   9.0131100e+05   2.0083618e+03
   9.0322500e+05   3.3935547e+01
   9.0325500e+05   1.3165283e+02
   9.0340300e+05   3.5949707e+01
   9.0350800e+05   4.9682617e+01
   9.0358500e+05   1.3409424e+02
   9.0363900e+05   1.1700439e+02
   9.0368400e+05   3.6254883e+01
   9.0370400e+05   1.0272217e+02
   9.0372900e+05   5.0231934e+01
   9.0378000e+05   4.1076660e+01
   9.0380600e+05   1.0107422e+02
   9.0382800e+05   9.9609375e+01
   9.0385800e+05   9.3566895e+01
   9.0391300e+05   4.2968750e+01
   9.0398000e+05   5.2307129e+01
   9.0406600e+05   3.5156250e+01
   9.0408300e+05   4.2358398e+01
   9.0411300e+05   3.5095215e+01
   9.0419100e+05   4.4921875e+01
   9.0442400e+05   3.5705566e+01
   9.0448900e+05   3.4851074e+01
   9.0460600e+05   4.0344238e+01
   9.0469500e+05   3.4545898e+01
   9.0482100e+05   3.9245605e+01
   9.0502000e+05   3.5034180e+01
   9.0532400e+05   3.7963867e+01
   9.0551700e+05   3.3874512e+01
   9.0600800e+05   3.5949707e+01
   9.0657700e+05   3.4118652e+01
   9.0761500e+05   6.3293457e+01
   9.0767800e+05   6.6345215e+01
   9.5132500e+05   2.0147095e+03
   9.5133900e+05   3.7353516e+01
   9.5295900e+05   1.3610840e+02
   9.5307400e+05   4.3090820e+01
   9.5363700e+05   3.6132813e+01
   9.5375700e+05   1.1584473e+02
   9.5383000e+05   4.1870117e+01
   9.5396800e+05   3.4545898e+01
   9.5406700e+05   3.5644531e+01
   9.5410500e+05   1.2536621e+02
   9.5411700e+05   3.3935547e+01
   9.5414900e+05   1.2353516e+02
   9.5426600e+05   1.2640381e+02
   9.5430000e+05   1.0253906e+02
   9.5431700e+05   3.3935547e+01
   9.5435800e+05   3.4606934e+01
   9.5438700e+05   3.7292480e+01
   9.5439800e+05   7.7758789e+01
   9.5445300e+05   3.9916992e+01
   9.5447700e+05   5.5725098e+01
   9.5455100e+05   3.8330078e+01
   9.5456300e+05   7.6965332e+01
   9.5458000e+05   7.0861816e+01
   9.5466300e+05   4.4433594e+01
   9.5468900e+05   5.9204102e+01
   9.5470200e+05   5.2490234e+01
   9.5477100e+05   3.5156250e+01
   9.5479900e+05   5.4931641e+01
   9.5485600e+05   5.4870605e+01
   9.5495400e+05   3.6193848e+01
   9.5499600e+05   3.6315918e+01
   9.5502800e+05   3.9001465e+01
   9.5516100e+05   3.4118652e+01
   9.5520400e+05   3.8940430e+01
   9.5535300e+05   3.9367676e+01
   9.5545200e+05   4.8278809e+01
   9.5555200e+05   3.7658691e+01
   9.5562200e+05   3.5339355e+01
   9.5563900e+05   3.4362793e+01
   9.5586000e+05   3.7353516e+01
   9.5616300e+05   5.0292969e+01
   9.5634100e+05   3.7475586e+01
   9.5675700e+05   4.1320801e+01
   9.5700700e+05   3.6071777e+01
   9.5711800e+05   3.6926270e+01
   1.0013390e+06   2.0081177e+03
   1.0024590e+06   3.4973145e+01
   1.0032830e+06   1.2817383e+02
   1.0035930e+06   3.5034180e+01
   1.0037520e+06   1.3195801e+02
   1.0038060e+06   3.5156250e+01
   1.0038330e+06   4.2602539e+01
   1.0039790e+06   3.8635254e+01
   1.0039940e+06   3.5705566e+01
   1.0040250e+06   4.2602539e+01
   1.0040700e+06   1.2884521e+02
   1.0040960e+06   4.5532227e+01
   1.0041300e+06   1.2500000e+02
   1.0041470e+06   3.9306641e+01
   1.0042520e+06   1.1383057e+02
   1.0043020e+06   9.6008301e+01
   1.0043270e+06   4.4982910e+01
   1.0043400e+06   8.5571289e+01
   1.0044150e+06   3.9978027e+01
   1.0044250e+06   5.4748535e+01
   1.0044560e+06   3.6865234e+01
   1.0045390e+06   8.9111328e+01
   1.0045700e+06   6.3659668e+01
   1.0046110e+06   5.7800293e+01
   1.0046390e+06   3.4729004e+01
   1.0046730e+06   3.6437988e+01
   1.0047060e+06   3.9916992e+01
   1.0047510e+06   5.7250977e+01
   1.0047610e+06   3.6560059e+01
   1.0048250e+06   3.4912109e+01
   1.0049630e+06   4.7546387e+01
   1.0050180e+06   8.7463379e+01
   1.0050390e+06   3.6560059e+01
   1.0050920e+06   3.6621094e+01
   1.0051020e+06   3.5034180e+01
   1.0051980e+06   4.4921875e+01
   1.0052090e+06   3.6437988e+01
   1.0053120e+06   3.7780762e+01
   1.0053860e+06   3.7963867e+01
   1.0056140e+06   3.7292480e+01
   1.0059070e+06   3.4484863e+01
   1.0060100e+06   3.3996582e+01
   1.0061620e+06   5.6945801e+01
   1.0062120e+06   3.5461426e+01
   1.0063690e+06   3.9062500e+01
   1.0066500e+06   4.1503906e+01
   1.0066840e+06   3.3996582e+01
   1.0072600e+06   5.0476074e+01
   1.0513530e+06   2.0097046e+03
   1.0528560e+06   1.2292480e+02
   1.0533160e+06   1.4141846e+02
   1.0533370e+06   3.5766602e+01
   1.0535520e+06   4.4982910e+01
   1.0535680e+06   1.0333252e+02
   1.0536040e+06   1.3464355e+02
   1.0536330e+06   3.6437988e+01
   1.0536510e+06   1.0394287e+02
   1.0536990e+06   3.6132813e+01
   1.0537520e+06   8.4228516e+01
   1.0538010e+06   3.6437988e+01
   1.0538580e+06   8.0932617e+01
   1.0538900e+06   3.6621094e+01
   1.0539160e+06   1.0778809e+02
   1.0539400e+06   9.4360352e+01
   1.0539680e+06   3.5095215e+01
   1.0539940e+06   3.8513184e+01
   1.0540930e+06   3.4057617e+01
   1.0541190e+06   8.8317871e+01
   1.0541510e+06   8.2763672e+01
   1.0543250e+06   3.9978027e+01
   1.0543610e+06   3.4118652e+01
   1.0543940e+06   7.4279785e+01
   1.0545100e+06   3.9428711e+01
   1.0545370e+06   3.7719727e+01
   1.0546320e+06   6.3354492e+01
   1.0546480e+06   3.6132813e+01
   1.0547510e+06   3.5644531e+01
   1.0548690e+06   5.9387207e+01
   1.0549140e+06   3.3813477e+01
   1.0550010e+06   3.8452148e+01
   1.0550400e+06   3.4057617e+01
   1.0550810e+06   4.5837402e+01
   1.0553950e+06   3.3935547e+01
   1.0557110e+06   3.4973145e+01
   1.0561240e+06   3.5156250e+01
   1.0565460e+06   6.3293457e+01
   1.0831570e+06   1.2133789e+02
   1.0838390e+06   1.2139893e+02
   1.0843910e+06   1.1364746e+02
   1.1013690e+06   2.0097046e+03
   1.1308530e+06   1.3824463e+02
   1.1309570e+06   3.6499023e+01
   1.1311990e+06   3.8085938e+01
   1.1313100e+06   1.2640381e+02
   1.1313730e+06   3.4362793e+01
   1.1313970e+06   1.1694336e+02
   1.1314220e+06   3.6437988e+01
   1.1314670e+06   4.3090820e+01
   1.1315060e+06   1.1859131e+02
   1.1315370e+06   7.4340820e+01
   1.1315560e+06   1.1920166e+02
   1.1316260e+06   3.6865234e+01
   1.1316390e+06   1.0736084e+02
   1.1316610e+06   4.3518066e+01
   1.1316860e+06   3.3996582e+01
   1.1317160e+06   5.9143066e+01
   1.1317480e+06   3.8146973e+01
   1.1318200e+06   8.0383301e+01
   1.1318310e+06   4.4372559e+01
   1.1318810e+06   3.8513184e+01
   1.1319250e+06   3.6682129e+01
   1.1319540e+06   3.7414551e+01
   1.1319890e+06   6.1340332e+01
   1.1320090e+06   4.3090820e+01
   1.1320470e+06   3.4179688e+01
   1.1320850e+06   3.3996582e+01
   1.1321210e+06   3.9184570e+01
   1.1321470e+06   3.6804199e+01
   1.1321800e+06   4.1625977e+01
   1.1322260e+06   3.4179688e+01
   1.1323000e+06   3.6071777e+01
   1.1323320e+06   3.7841797e+01
   1.1323510e+06   4.1809082e+01
   1.1324380e+06   3.5217285e+01
   1.1324590e+06   3.6987305e+01
   1.1327500e+06   3.5766602e+01
   1.1329080e+06   3.4362793e+01
   1.1331720e+06   4.6691895e+01
   1.1333200e+06   3.8757324e+01
   1.1339500e+06   5.7250977e+01
   1.1343210e+06   7.1716309e+01
   1.1343550e+06   3.6010742e+01
   1.1513830e+06   3.9999390e+03
   1.1518790e+06   3.4790039e+01
   1.2013950e+06   2.0090942e+03
   1.2014950e+06   3.6376953e+01
   1.2065390e+06   3.7292480e+01
   1.2514110e+06   3.9999390e+03
   1.2515280e+06   1.5338135e+02
   1.2516130e+06   4.2358398e+01
   1.2516810e+06   1.3165283e+02
   1.2517130e+06   1.3250732e+02
   1.2517930e+06   1.4868164e+02
   1.2518280e+06   5.7250977e+01
   1.2518540e+06   3.5034180e+01
   1.2518830e+06   3.6437988e+01
   1.2519070e+06   4.9438477e+01
   1.2519400e+06   6.6467285e+01
   1.2519730e+06   9.0270996e+01
   1.2520110e+06   3.9062500e+01
   1.2520510e+06   3.7963867e+01
   1.2520830e+06   3.6254883e+01
   1.2521070e+06   4.3640137e+01
   1.2521320e+06   5.4687500e+01
   1.2521540e+06   3.9306641e+01
   1.2522040e+06   4.2663574e+01
   1.2522440e+06   3.6376953e+01
   1.2523640e+06   4.6630859e+01
   1.2524010e+06   3.4545898e+01
   1.2524310e+06   3.4545898e+01
   1.2524460e+06   3.8452148e+01
   1.2525230e+06   4.2968750e+01
   1.2526000e+06   3.4057617e+01
   1.2526290e+06   4.6813965e+01
   1.2526620e+06   4.4860840e+01
   1.2526750e+06   3.4118652e+01
   1.2527650e+06   3.6437988e+01
   1.2532910e+06   3.8024902e+01
   1.2536410e+06   3.7902832e+01
   1.2539280e+06   3.6315918e+01
   1.2539670e+06   3.5949707e+01
   1.2542480e+06   3.7658691e+01
   1.2542780e+06   3.4057617e+01
   1.2545000e+06   3.4118652e+01
   1.2553120e+06   5.3588867e+01
   1.2557350e+06   6.3476563e+01
   1.2892480e+06   1.1395264e+02
   1.2899510e+06   1.1187744e+02
   1.3014230e+06   2.0111084e+03
   1.3463200e+06   1.2939453e+02
   1.3466360e+06   3.4973145e+01
   1.3466650e+06   4.2053223e+01
   1.3467390e+06   3.6193848e+01
   1.3468190e+06   1.3665771e+02
   1.3468890e+06   4.4006348e+01
   1.3470050e+06   1.2237549e+02
   1.3470330e+06   4.0710449e+01
   1.3470610e+06   3.6315918e+01
   1.3470730e+06   1.1621094e+02
   1.3470890e+06   9.3139648e+01
   1.3471440e+06   9.0332031e+01
   1.3472280e+06   7.8918457e+01
   1.3472660e+06   6.6406250e+01
   1.3472870e+06   1.0198975e+02
   1.3473110e+06   4.5349121e+01
   1.3473300e+06   3.5339355e+01
   1.3473430e+06   4.1992188e+01
   1.3473820e+06   3.9672852e+01
   1.3474210e+06   7.7087402e+01
   1.3474310e+06   4.8461914e+01
   1.3474610e+06   4.0100098e+01
   1.3474950e+06   5.8593750e+01
   1.3475170e+06   3.4362793e+01
   1.3475720e+06   3.9184570e+01
   1.3476070e+06   3.8513184e+01
   1.3476580e+06   3.6621094e+01
   1.3476780e+06   3.8208008e+01
   1.3477210e+06   3.5949707e+01
   1.3477680e+06   3.5827637e+01
   1.3478020e+06   6.0607910e+01
   1.3478580e+06   3.5095215e+01
   1.3478790e+06   3.5034180e+01
   1.3479830e+06   3.5217285e+01
   1.3480010e+06   3.7963867e+01
   1.3480470e+06   3.9001465e+01
   1.3481990e+06   3.6926270e+01
   1.3482500e+06   3.6499023e+01
   1.3485730e+06   3.9611816e+01
   1.3486070e+06   3.6132813e+01
   1.3486700e+06   3.4729004e+01
   1.3489120e+06   3.7658691e+01
   1.3492090e+06   3.8879395e+01
   1.3492330e+06   3.5705566e+01
   1.3494160e+06   3.6743164e+01
   1.3494760e+06   3.9672852e+01
   1.3497460e+06   6.2438965e+01
   1.3497970e+06   5.7922363e+01
   1.3501510e+06   3.5156250e+01
   1.3502110e+06   5.0048828e+01
   1.3514370e+06   2.0114746e+03
   1.3514520e+06   3.3813477e+01
   1.3880760e+06   1.6754150e+02
   1.3881410e+06   3.9306641e+01
   1.3883900e+06   3.4057617e+01
   1.3884050e+06   2.2930908e+02
   1.3885090e+06   3.4851074e+01
   1.3885400e+06   1.0437012e+02
   1.3886140e+06   3.5339355e+01
   1.3886360e+06   1.0394287e+02
   1.3886550e+06   3.4851074e+01
   1.3886850e+06   1.0827637e+02
   1.3887200e+06   3.5583496e+01
   1.3887330e+06   3.5644531e+01
   1.3887720e+06   9.7778320e+01
   1.3888780e+06   3.6193848e+01
   1.3889790e+06   3.9489746e+01
   1.3889920e+06   1.0357666e+02
   1.3890110e+06   4.1992188e+01
   1.3890780e+06   5.5419922e+01
   1.3891720e+06   3.9123535e+01
   1.3892210e+06   3.4851074e+01
   1.3892430e+06   5.6945801e+01
   1.3892800e+06   1.0125732e+02
   1.3892970e+06   4.0771484e+01
   1.3893860e+06   3.9794922e+01
   1.3894650e+06   7.5805664e+01
   1.3895060e+06   4.2846680e+01
   1.3897400e+06   3.9123535e+01
   1.3897550e+06   3.7048340e+01
   1.3898080e+06   7.0983887e+01
   1.3898760e+06   3.8269043e+01
   1.3901120e+06   3.6315918e+01
   1.3902070e+06   4.4189453e+01
   1.3902210e+06   3.5156250e+01
   1.3904590e+06   3.5095215e+01
   1.3906470e+06   4.1809082e+01
   1.3911190e+06   7.0861816e+01
   1.4014510e+06   2.0050049e+03
   1.4015520e+06   3.4606934e+01
   1.4311920e+06   3.6254883e+01
   1.4312990e+06   1.2939453e+02
   1.4313270e+06   4.6569824e+01
   1.4314450e+06   3.3813477e+01
   1.4315070e+06   3.5827637e+01
   1.4315430e+06   1.1791992e+02
   1.4315760e+06   1.2713623e+02
   1.4315950e+06   3.6315918e+01
   1.4316140e+06   9.6435547e+01
   1.4317460e+06   1.0504150e+02
   1.4317650e+06   8.8806152e+01
   1.4317930e+06   4.2480469e+01
   1.4318360e+06   7.7026367e+01
   1.4318940e+06   4.6691895e+01
   1.4319460e+06   7.4523926e+01
   1.4320060e+06   4.5593262e+01
   1.4320340e+06   7.2692871e+01
   1.4320580e+06   3.6254883e+01
   1.4321030e+06   5.8349609e+01
   1.4321270e+06   4.5898438e+01
   1.4322180e+06   5.1940918e+01
   1.4322420e+06   3.6132813e+01
   1.4322650e+06   3.3813477e+01
   1.4322890e+06   3.5461426e+01
   1.4324020e+06   5.0231934e+01
   1.4324140e+06   3.8574219e+01
   1.4325840e+06   3.9550781e+01
   1.4326200e+06   4.1564941e+01
   1.4326590e+06   3.7597656e+01
   1.4327990e+06   3.5339355e+01
   1.4328730e+06   4.9743652e+01
   1.4329400e+06   3.8574219e+01
   1.4331400e+06   7.2509766e+01
   1.4332800e+06   3.6743164e+01
   1.4334570e+06   3.4240723e+01
   1.4339080e+06   3.6499023e+01
   1.4340560e+06   4.0893555e+01
   1.4341010e+06   8.3435059e+01
   1.4343290e+06   3.5583496e+01
   1.4343430e+06   6.9213867e+01
   1.4347350e+06   5.7128906e+01
   1.4352250e+06   7.4218750e+01
   1.4514650e+06   2.0078125e+03
   1.4515680e+06   3.7475586e+01
   1.4525890e+06   3.4606934e+01
   1.4529720e+06   1.1669922e+02
   1.4534620e+06   1.0662842e+02
   1.4539140e+06   3.9001465e+01
   1.4543370e+06   1.0137939e+02
   1.4566410e+06   3.4179688e+01
   1.4783020e+06   1.0778809e+02
   1.4784420e+06   4.0832520e+01
   1.4787960e+06   1.3690186e+02
   1.4791260e+06   3.8330078e+01
   1.4792570e+06   1.0876465e+02
   1.4793810e+06   3.4973145e+01
   1.4797270e+06   1.0723877e+02
   1.4800550e+06   3.8024902e+01
   1.4880150e+06   4.0466309e+01
   1.4888830e+06   1.2286377e+02
   1.5014790e+06   2.0155640e+03
   1.5317210e+06   3.5278320e+01
   1.5329910e+06   3.4606934e+01
   1.5332860e+06   5.0720215e+01
   1.5335440e+06   3.3935547e+01
   1.5336830e+06   3.4423828e+01
   1.5339760e+06   1.1492920e+02
   1.5514930e+06   2.0051880e+03
   1.5531930e+06   3.5034180e+01
   1.5539910e+06   3.8269043e+01
   1.5542100e+06   3.4240723e+01
   1.5638280e+06   3.5156250e+01
   1.5863950e+06   3.4301758e+01
   1.5876510e+06   3.5522461e+01
   1.6015070e+06   2.0064087e+03
   1.6031390e+06   3.7536621e+01
   1.6267890e+06   3.4057617e+01
   1.6271130e+06   3.4545898e+01
   1.6417580e+06   3.4423828e+01
   1.6515210e+06   2.0038452e+03
   1.6517440e+06   3.6010742e+01
   1.6538390e+06   3.4606934e+01
   1.6571410e+06   3.3935547e+01
   1.6879980e+06   3.4179688e+01
   1.6880410e+06   1.3531494e+02
   1.6884460e+06   3.5217285e+01
   1.6887080e+06   1.2963867e+02
   1.6888520e+06   3.6865234e+01
   1.6888650e+06   3.7475586e+01
   1.6889310e+06   1.0095215e+02
   1.6890270e+06   1.1785889e+02
   1.6890490e+06   4.1320801e+01
   1.6891150e+06   3.6743164e+01
   1.6891370e+06   3.4179688e+01
   1.6891750e+06   8.5632324e+01
   1.6892920e+06   5.2001953e+01
   1.6893850e+06   1.1322021e+02
   1.6894460e+06   7.7941895e+01
   1.6895540e+06   4.0283203e+01
   1.6895680e+06   3.6315918e+01
   1.6896370e+06   8.7707520e+01
   1.6897530e+06   3.7719727e+01
   1.6900270e+06   8.5998535e+01
   1.6900930e+06   3.4301758e+01
   1.6901380e+06   8.9843750e+01
   1.6903410e+06   3.4545898e+01
   1.6903690e+06   1.0095215e+02
   1.6909050e+06   8.8806152e+01
   1.7015350e+06   2.0078125e+03
   1.7392340e+06   3.4301758e+01
   1.7406290e+06   3.7719727e+01
   1.7515490e+06   2.0100708e+03
   1.7515620e+06   3.5766602e+01
   1.7527120e+06   3.6132813e+01
   1.7797290e+06   3.4057617e+01
   1.7818440e+06   3.4851074e+01
   1.8015630e+06   2.0070190e+03
   1.8016400e+06   3.3996582e+01
   1.8020640e+06   3.4301758e+01
   1.8035400e+06   3.3935547e+01
   1.8437220e+06   3.8146973e+01
   1.8439290e+06   3.3935547e+01
   1.8439960e+06   1.3201904e+02
   1.8440130e+06   3.7780762e+01
   1.8441900e+06   4.1137695e+01
   1.8442850e+06   1.7779541e+02
   1.8443150e+06   3.6315918e+01
   1.8443610e+06   1.3903809e+02
   1.8443840e+06   3.4118652e+01
   1.8444530e+06   8.7463379e+01
   1.8444930e+06   8.7463379e+01
   1.8445210e+06   1.1407471e+02
   1.8445330e+06   3.4057617e+01
   1.8446280e+06   1.1071777e+02
   1.8446750e+06   3.5034180e+01
   1.8447150e+06   8.1848145e+01
   1.8447260e+06   3.6743164e+01
   1.8448050e+06   3.7231445e+01
   1.8448430e+06   3.4973145e+01
   1.8448690e+06   3.5522461e+01
   1.8448850e+06   3.6560059e+01
   1.8449700e+06   4.3212891e+01
   1.8450470e+06   3.8635254e+01
   1.8450620e+06   3.7475586e+01
   1.8451780e+06   3.5034180e+01
   1.8452200e+06   3.6621094e+01
   1.8452590e+06   3.7475586e+01
   1.8452910e+06   4.4677734e+01
   1.8453280e+06   3.4973145e+01
   1.8453620e+06   3.6621094e+01
   1.8455530e+06   4.0222168e+01
   1.8456000e+06   4.1381836e+01
   1.8456250e+06   3.4973145e+01
   1.8457200e+06   3.4606934e+01
   1.8459570e+06   3.4362793e+01
   1.8463640e+06   3.3996582e+01
   1.8464090e+06   3.5034180e+01
   1.8467390e+06   5.0109863e+01
   1.8468650e+06   5.7312012e+01
   1.8470160e+06   3.5888672e+01
   1.8470460e+06   3.4484863e+01
   1.8474460e+06   3.6499023e+01
   1.8477390e+06   4.6691895e+01
   1.8515790e+06   3.9999390e+03
   1.8515890e+06   4.1992188e+01
   1.8709660e+06   1.2152100e+02
   1.8727890e+06   3.4545898e+01
   1.9015910e+06   2.0123901e+03
   1.9016040e+06   3.7353516e+01
   1.9032380e+06   1.3787842e+02
   1.9036540e+06   1.3793945e+02
   1.9038310e+06   3.4790039e+01
   1.9040730e+06   3.8879395e+01
   1.9042090e+06   4.1320801e+01
   1.9042780e+06   1.1407471e+02
   1.9049150e+06   9.3994141e+01
   1.9057200e+06   1.0009766e+02
   1.9516050e+06   2.0111694e+03
   1.9528870e+06   1.3775635e+02
   1.9529450e+06   3.4362793e+01
   1.9531120e+06   3.6132813e+01
   1.9532060e+06   1.2829590e+02
   1.9532440e+06   4.7485352e+01
   1.9532710e+06   1.2322998e+02
   1.9532870e+06   1.1761475e+02
   1.9534190e+06   3.8330078e+01
   1.9534410e+06   1.1071777e+02
   1.9534680e+06   1.3146973e+02
   1.9535190e+06   3.4301758e+01
   1.9535860e+06   3.5034180e+01
   1.9536000e+06   7.2021484e+01
   1.9536620e+06   8.4167480e+01
   1.9537350e+06   3.6804199e+01
   1.9537790e+06   3.6254883e+01
   1.9537930e+06   3.8024902e+01
   1.9538310e+06   3.9611816e+01
   1.9538420e+06   4.0039063e+01
   1.9538630e+06   3.5400391e+01
   1.9538960e+06   3.6499023e+01
   1.9539140e+06   3.4057617e+01
   1.9539650e+06   4.0039063e+01
   1.9540390e+06   3.5583496e+01
   1.9541230e+06   3.8330078e+01
   1.9542860e+06   4.3090820e+01
   1.9544350e+06   3.7109375e+01
   1.9544580e+06   3.6865234e+01
   1.9545790e+06   4.4799805e+01
   1.9548090e+06   4.3884277e+01
   1.9550460e+06   4.0161133e+01
   1.9557070e+06   3.4240723e+01
   1.9558550e+06   3.4484863e+01
   1.9564580e+06   5.2185059e+01
   2.0016190e+06   2.0161133e+03
   2.0030040e+06   1.2506104e+02
   2.0031370e+06   4.6752930e+01
   2.0033100e+06   3.5705566e+01
   2.0033260e+06   4.5715332e+01
   2.0034140e+06   1.3494873e+02
   2.0034270e+06   1.3897705e+02
   2.0035290e+06   3.6132813e+01
   2.0035710e+06   3.4057617e+01
   2.0036170e+06   3.5034180e+01
   2.0036480e+06   1.1285400e+02
   2.0036680e+06   1.1047363e+02
   2.0036920e+06   4.7851563e+01
   2.0037240e+06   3.4118652e+01
   2.0037630e+06   3.8940430e+01
   2.0038280e+06   3.8146973e+01
   2.0038580e+06   7.9772949e+01
   2.0038880e+06   1.1419678e+02
   2.0039040e+06   4.6325684e+01
   2.0039460e+06   3.5522461e+01
   2.0039660e+06   4.3518066e+01
   2.0039970e+06   3.9489746e+01
   2.0040170e+06   3.3874512e+01
   2.0040590e+06   6.6955566e+01
   2.0040930e+06   1.0546875e+02
   2.0041220e+06   6.6711426e+01
   2.0042380e+06   3.7231445e+01
   2.0043340e+06   9.0270996e+01
   2.0043530e+06   7.6721191e+01
   2.0044060e+06   3.5339355e+01
   2.0044510e+06   3.4790039e+01
   2.0045400e+06   4.2968750e+01
   2.0045500e+06   4.7668457e+01
   2.0045670e+06   5.3649902e+01
   2.0045910e+06   3.3935547e+01
   2.0047380e+06   3.4973145e+01
   2.0048040e+06   4.0832520e+01
   2.0048220e+06   5.9814453e+01
   2.0048530e+06   3.9062500e+01
   2.0050760e+06   3.5095215e+01
   2.0053050e+06   8.2519531e+01
   2.0053480e+06   3.6987305e+01
   2.0053700e+06   5.5114746e+01
   2.0054860e+06   3.6682129e+01
   2.0057330e+06   6.8603516e+01
   2.0060390e+06   3.9123535e+01
   2.0422940e+06   3.5156250e+01
   2.0431260e+06   1.3134766e+02
   2.0432210e+06   4.1748047e+01
   2.0433660e+06   1.2591553e+02
   2.0433960e+06   1.3031006e+02
   2.0434100e+06   4.5104980e+01
   2.0434640e+06   3.6071777e+01
   2.0436100e+06   1.2420654e+02
   2.0436370e+06   1.1254883e+02
   2.0437420e+06   1.1218262e+02
   2.0437680e+06   3.4301758e+01
   2.0438100e+06   3.7597656e+01
   2.0438700e+06   8.3007813e+01
   2.0439150e+06   4.6142578e+01
   2.0439660e+06   4.0039063e+01
   2.0439920e+06   7.9223633e+01
   2.0440230e+06   9.7900391e+01
   2.0442150e+06   3.9123535e+01
   2.0442280e+06   5.0354004e+01
   2.0443000e+06   3.5095215e+01
   2.0443720e+06   9.6008301e+01
   2.0444300e+06   3.9428711e+01
   2.0445250e+06   7.6965332e+01
   2.0446780e+06   6.1584473e+01
   2.0447800e+06   6.2683105e+01
   2.0449530e+06   4.0405273e+01
   2.0450540e+06   3.5766602e+01
   2.0451010e+06   7.9650879e+01
   2.0452590e+06   4.2907715e+01
   2.0455720e+06   7.0007324e+01
   2.0516350e+06   3.9999390e+03
   2.1016470e+06   2.0099487e+03
   2.1022190e+06   3.3935547e+01
   2.1031260e+06   4.7363281e+01
   2.1032070e+06   1.2622070e+02
   2.1032750e+06   3.6743164e+01
   2.1033350e+06   4.1198730e+01
   2.1034480e+06   3.5644531e+01
   2.1035860e+06   3.4851074e+01
   2.1036160e+06   3.6010742e+01
   2.1036540e+06   1.1846924e+02
   2.1037110e+06   1.3958740e+02
   2.1037900e+06   1.0870361e+02
   2.1039170e+06   1.7401123e+02
   2.1039550e+06   7.5927734e+01
   2.1039830e+06   3.4362793e+01
   2.1040060e+06   3.5888672e+01
   2.1040350e+06   3.5583496e+01
   2.1040890e+06   5.2673340e+01
   2.1041230e+06   8.4411621e+01
   2.1041490e+06   3.5705566e+01
   2.1042900e+06   3.6254883e+01
   2.1043600e+06   4.1381836e+01
   2.1044220e+06   3.8513184e+01
   2.1044570e+06   3.4423828e+01
   2.1044780e+06   3.4362793e+01
   2.1046830e+06   4.6081543e+01
   2.1047380e+06   3.4057617e+01
   2.1050010e+06   3.4606934e+01
   2.1051430e+06   3.6804199e+01
   2.1051890e+06   3.7353516e+01
   2.1062350e+06   3.7414551e+01
   2.1070430e+06   5.3405762e+01
   2.1070740e+06   4.7058105e+01
   2.1074550e+06   4.0161133e+01
   2.1516610e+06   2.0046387e+03
   2.1518900e+06   3.3935547e+01
   2.1523440e+06   3.3874512e+01
   2.1532870e+06   3.8818359e+01
   2.1533750e+06   1.4331055e+02
   2.1534620e+06   3.8696289e+01
   2.1535640e+06   3.5888672e+01
   2.1537820e+06   4.4738770e+01
   2.1538810e+06   4.7607422e+01
   2.1539370e+06   3.8391113e+01
   2.1540100e+06   4.4372559e+01
   2.1540710e+06   1.2725830e+02
   2.1540830e+06   3.9794922e+01
   2.1541460e+06   1.2023926e+02
   2.1542330e+06   1.2145996e+02
   2.1543000e+06   1.0125732e+02
   2.1544070e+06   8.8195801e+01
   2.1544330e+06   8.6486816e+01
   2.1545540e+06   3.3813477e+01
   2.1545690e+06   8.4594727e+01
   2.1545970e+06   3.6926270e+01
   2.1546570e+06   1.0107422e+02
   2.1546740e+06   9.4543457e+01
   2.1547820e+06   6.5063477e+01
   2.1548750e+06   5.5541992e+01
   2.1549180e+06   6.5795898e+01
   2.1549730e+06   4.0161133e+01
   2.1550290e+06   4.9560547e+01
   2.1551080e+06   3.3874512e+01
   2.1551730e+06   5.2673340e+01
   2.1552950e+06   4.3579102e+01
   2.1553150e+06   3.4301758e+01
   2.1553860e+06   8.5876465e+01
   2.1554580e+06   3.9001465e+01
   2.1554860e+06   3.4301758e+01
   2.1555030e+06   3.5827637e+01
   2.1555840e+06   5.9509277e+01
   2.1557500e+06   3.8269043e+01
   2.1563050e+06   6.6650391e+01
   2.1568880e+06   9.7656250e+01
   2.1940890e+06   1.2768555e+02
   2.1941820e+06   4.6813965e+01
   2.1944360e+06   3.6315918e+01
   2.1945120e+06   3.4362793e+01
   2.1945720e+06   1.0986328e+02
   2.1947790e+06   4.1198730e+01
   2.1949920e+06   1.0797119e+02
   2.1953470e+06   1.0150146e+02
   2.1956180e+06   3.4179688e+01
   2.1956460e+06   3.8391113e+01
   2.1957720e+06   4.0466309e+01
   2.1957840e+06   1.0589600e+02
   2.1965410e+06   9.4238281e+01
   2.2016750e+06   2.0109863e+03
   2.2516890e+06   2.0071411e+03
   2.2517040e+06   3.4790039e+01
   2.2535680e+06   1.1871338e+02
   2.2538610e+06   4.1687012e+01
   2.2541170e+06   1.1212158e+02
   2.2542050e+06   3.7841797e+01
   2.2545140e+06   1.4642334e+02
   2.2545580e+06   1.2524414e+02
   2.2547790e+06   3.9123535e+01
   2.2548490e+06   1.1431885e+02
   2.2548730e+06   4.4006348e+01
   2.2549160e+06   1.2268066e+02
   2.2549880e+06   3.7719727e+01
   2.2550700e+06   3.3935547e+01
   2.2551420e+06   1.0852051e+02
   2.2551680e+06   5.0476074e+01
   2.2551790e+06   3.4606934e+01
   2.2552640e+06   4.5959473e+01
   2.2552750e+06   3.4606934e+01
   2.2553900e+06   9.1796875e+01
   2.2554980e+06   7.4951172e+01
   2.2555290e+06   9.2651367e+01
   2.2555500e+06   3.7536621e+01
   2.2556660e+06   4.9743652e+01
   2.2556770e+06   3.6682129e+01
   2.2557030e+06   3.6193848e+01
   2.2558340e+06   6.2133789e+01
   2.2558650e+06   3.6315918e+01
   2.2561420e+06   7.8796387e+01
   2.2562130e+06   3.9672852e+01
   2.2565980e+06   7.7392578e+01
   2.2566080e+06   3.4484863e+01
   2.2566520e+06   3.7109375e+01
   2.2570260e+06   5.3771973e+01
   2.2942550e+06   5.4138184e+01
   2.2942870e+06   1.3732910e+02
   2.2945080e+06   3.4362793e+01
   2.2945360e+06   3.8024902e+01
   2.2947360e+06   1.2103271e+02
   2.2948030e+06   3.7414551e+01
   2.2948790e+06   3.5827637e+01
   2.2949350e+06   3.7292480e+01
   2.2950170e+06   4.2114258e+01
   2.2950470e+06   1.1395264e+02
   2.2951340e+06   1.1022949e+02
   2.2952100e+06   3.5522461e+01
   2.2953580e+06   1.1376953e+02
   2.2954550e+06   1.0827637e+02
   2.2955680e+06   3.5583496e+01
   2.2956420e+06   9.5520020e+01
   2.2957180e+06   8.3862305e+01
   2.2958060e+06   3.6071777e+01
   2.2959610e+06   6.2500000e+01
   2.2960650e+06   3.8513184e+01
   2.2964600e+06   8.8378906e+01
   2.2964720e+06   3.4362793e+01
   2.3017050e+06   3.9999390e+03
   2.3517170e+06   2.0063477e+03
   2.3535170e+06   4.4494629e+01
   2.3535520e+06   3.4606934e+01
   2.3536300e+06   1.3018799e+02
   2.3540690e+06   3.7231445e+01
   2.3541560e+06   3.5156250e+01
   2.3541890e+06   1.1108398e+02
   2.3544210e+06   3.8696289e+01
   2.3545470e+06   1.1706543e+02
   2.3546390e+06   3.3935547e+01
   2.3547230e+06   3.5095215e+01
   2.3548560e+06   9.7717285e+01
   2.3549720e+06   1.2902832e+02
   2.3550540e+06   3.5339355e+01
   2.3551860e+06   9.4299316e+01
   2.3556480e+06   1.1102295e+02
   2.3558030e+06   3.4179688e+01
   2.3565880e+06   1.1004639e+02
   2.3572790e+06   3.3874512e+01
   2.4017330e+06   2.0089111e+03
   2.4029710e+06   3.4179688e+01
   2.4034680e+06   1.1584473e+02
   2.4041530e+06   1.3421631e+02
   2.4043350e+06   4.4738770e+01
   2.4046330e+06   1.1291504e+02
   2.4046950e+06   3.8940430e+01
   2.4047380e+06   3.5583496e+01
   2.4049860e+06   4.4982910e+01
   2.4050640e+06   1.0687256e+02
   2.4055050e+06   1.1151123e+02
   2.4517450e+06   2.0054932e+03
   2.4553720e+06   3.7292480e+01
   2.4556930e+06   1.3085938e+02
   2.4558020e+06   1.3873291e+02
   2.4560840e+06   1.1926270e+02
   2.4561320e+06   1.2475586e+02
   2.4561790e+06   4.2114258e+01
   2.4561950e+06   3.8818359e+01
   2.4562180e+06   3.4240723e+01
   2.4563040e+06   3.6499023e+01
   2.4563530e+06   1.0736084e+02
   2.4563660e+06   3.6682129e+01
   2.4563940e+06   3.4301758e+01
   2.4564790e+06   1.0565186e+02
   2.4565180e+06   1.0913086e+02
   2.4565330e+06   4.1137695e+01
   2.4565640e+06   8.3618164e+01
   2.4565960e+06   3.6071777e+01
   2.4566280e+06   3.5522461e+01
   2.4566620e+06   7.6171875e+01
   2.4566790e+06   4.0832520e+01
   2.4567090e+06   4.3029785e+01
   2.4567500e+06   3.5095215e+01
   2.4567670e+06   3.5888672e+01
   2.4568100e+06   7.3120117e+01
   2.4568370e+06   3.9794922e+01
   2.4569450e+06   3.6560059e+01
   2.4569880e+06   4.1931152e+01
   2.4570460e+06   4.1381836e+01
   2.4570790e+06   4.0405273e+01
   2.4571030e+06   4.8767090e+01
   2.4572100e+06   3.5034180e+01
   2.4573590e+06   3.5095215e+01
   2.4575780e+06   3.5217285e+01
   2.4581620e+06   4.3945313e+01
   2.4587160e+06   7.6904297e+01
   2.4589180e+06   3.9611816e+01
   2.4590340e+06   6.5124512e+01
   2.4591350e+06   4.9560547e+01
   2.4595070e+06   4.0710449e+01
   2.5569480e+06   4.0344238e+01
   2.5569900e+06   4.1809082e+01
   2.5570500e+06   1.2145996e+02
   2.5570750e+06   1.1431885e+02
   2.5571470e+06   3.4057617e+01
   2.5571770e+06   1.0797119e+02
   2.5571990e+06   8.6120605e+01
   2.5572550e+06   4.1076660e+01
   2.5572780e+06   4.1992188e+01
   2.5573070e+06   1.4398193e+02
   2.5573360e+06   3.7414551e+01
   2.5573550e+06   3.6987305e+01
   2.5573930e+06   3.4912109e+01
   2.5574470e+06   4.7485352e+01
   2.5574680e+06   8.3557129e+01
   2.5574880e+06   4.1076660e+01
   2.5574990e+06   4.2236328e+01
   2.5575140e+06   4.9804688e+01
   2.5575530e+06   3.6437988e+01
   2.5575900e+06   3.6376953e+01
   2.5576020e+06   4.5349121e+01
   2.5576460e+06   4.5166016e+01
   2.5577050e+06   3.7292480e+01
   2.5577500e+06   4.3457031e+01
   2.5577720e+06   3.8085938e+01
   2.5577830e+06   3.5095215e+01
   2.5579840e+06   3.6743164e+01
   2.5580170e+06   3.9978027e+01
   2.5580370e+06   4.1503906e+01
   2.5580610e+06   3.5461426e+01
   2.5581070e+06   3.3935547e+01
   2.5581980e+06   3.3813477e+01
   2.5582190e+06   3.9428711e+01
   2.5583780e+06   4.1381836e+01
   2.5584330e+06   3.4301758e+01
   2.5584790e+06   3.6499023e+01
   2.5585370e+06   3.7536621e+01
   2.5587850e+06   3.4790039e+01
   2.5591850e+06   3.5278320e+01
   2.5592860e+06   3.4301758e+01
   2.5593680e+06   3.5522461e+01
   2.5595230e+06   3.5827637e+01
   2.5600170e+06   3.6193848e+01
   2.5604090e+06   4.1198730e+01
   2.5606290e+06   3.5095215e+01
   2.5609950e+06   4.6752930e+01
   2.5612080e+06   3.5339355e+01
   2.5617070e+06   6.7199707e+01
   2.5850830e+06   3.6132813e+01
   2.6659910e+06   1.4562988e+02
   2.6660090e+06   3.8513184e+01
   2.6660540e+06   4.1442871e+01
   2.6660850e+06   1.2982178e+02
   2.6661040e+06   1.0455322e+02
   2.6661330e+06   3.6132813e+01
   2.6661650e+06   6.6894531e+01
   2.6661920e+06   6.6528320e+01
   2.6662300e+06   1.3531494e+02
   2.6662570e+06   5.5786133e+01
   2.6662870e+06   4.9621582e+01
   2.6663090e+06   4.3945313e+01
   2.6663290e+06   3.5827637e+01
   2.6663420e+06   4.3701172e+01
   2.6663760e+06   8.8989258e+01
   2.6664030e+06   3.7170410e+01
   2.6664790e+06   3.7780762e+01
   2.6665240e+06   5.3588867e+01
   2.6666890e+06   4.8828125e+01
   2.6667550e+06   3.3813477e+01
   2.6668810e+06   4.3090820e+01
   2.6668950e+06   3.4057617e+01
   2.6669300e+06   3.9428711e+01
   2.6670260e+06   4.9987793e+01
   2.6670450e+06   3.3813477e+01
   2.6671310e+06   3.6315918e+01
   2.6672010e+06   3.8208008e+01
   2.6673490e+06   3.4423828e+01
   2.6675720e+06   3.8696289e+01
   2.6677400e+06   3.8391113e+01
   2.6677850e+06   3.9855957e+01
   2.6679000e+06   3.8208008e+01
   2.6679750e+06   3.4545898e+01
   2.6682000e+06   4.0832520e+01
   2.6682430e+06   3.7414551e+01
   2.6683560e+06   3.6132813e+01
   2.6688470e+06   3.9001465e+01
   2.6690370e+06   3.6560059e+01
   2.6696860e+06   3.5827637e+01
   2.6698090e+06   3.8146973e+01
   2.6701590e+06   4.0283203e+01
   2.6705910e+06   4.3884277e+01
   2.6706800e+06   6.5917969e+01
   2.7459940e+06   1.1956787e+02
   2.7460110e+06   3.4667969e+01
   2.7460800e+06   3.4851074e+01
   2.7461930e+06   4.1931152e+01
   2.7462150e+06   4.2846680e+01
   2.7462420e+06   1.2884521e+02
   2.7462820e+06   4.5471191e+01
   2.7462940e+06   3.6010742e+01
   2.7463260e+06   5.9020996e+01
   2.7463430e+06   3.6621094e+01
   2.7463550e+06   7.3608398e+01
   2.7463950e+06   3.8391113e+01
   2.7464080e+06   4.0039063e+01
   2.7464350e+06   9.0393066e+01
   2.7465430e+06   3.4484863e+01
   2.7465730e+06   3.8452148e+01
   2.7465960e+06   4.7973633e+01
   2.7466150e+06   3.8940430e+01
   2.7466560e+06   3.5156250e+01
   2.7467140e+06   3.6010742e+01
   2.7467690e+06   4.7790527e+01
   2.7467800e+06   3.7048340e+01
   2.7468370e+06   4.3884277e+01
   2.7469640e+06   4.6081543e+01
   2.7471730e+06   3.5339355e+01
   2.7473360e+06   3.8330078e+01
   2.7474250e+06   3.3874512e+01
   2.7474950e+06   3.7414551e+01
   2.7476540e+06   3.4118652e+01
   2.7477690e+06   4.1198730e+01
   2.7481820e+06   3.6010742e+01
   2.7484380e+06   3.4851074e+01
   2.7487410e+06   3.4606934e+01
   2.7489660e+06   3.4301758e+01
   2.7490020e+06   3.4851074e+01
   2.7494070e+06   5.0476074e+01
   2.7499030e+06   4.1442871e+01
   2.7504770e+06   5.6823730e+01
   2.8204790e+06   3.5705566e+01
   2.8291990e+06   1.1004639e+02
   2.8292210e+06   4.1503906e+01
   2.8292680e+06   3.4118652e+01
   2.8293360e+06   1.4001465e+02
   2.8293660e+06   3.9489746e+01
   2.8294000e+06   1.1425781e+02
   2.8294530e+06   4.4799805e+01
   2.8294700e+06   4.7363281e+01
   2.8295070e+06   1.2176514e+02
   2.8295300e+06   5.3100586e+01
   2.8295750e+06   4.5898438e+01
   2.8296050e+06   4.5410156e+01
   2.8296580e+06   6.5124512e+01
   2.8296820e+06   3.5705566e+01
   2.8297110e+06   3.5461426e+01
   2.8297290e+06   3.4545898e+01
   2.8297470e+06   3.9611816e+01
   2.8297970e+06   3.6987305e+01
   2.8298370e+06   3.4667969e+01
   2.8298740e+06   3.8146973e+01
   2.8299150e+06   4.6997070e+01
   2.8299600e+06   3.9733887e+01
   2.8299830e+06   3.7048340e+01
   2.8300700e+06   3.8696289e+01
   2.8301540e+06   3.3935547e+01
   2.8302930e+06   3.6254883e+01
   2.8303850e+06   3.7292480e+01
   2.8305040e+06   3.4301758e+01
   2.8305310e+06   3.6682129e+01
   2.8305800e+06   3.5522461e+01
   2.8307030e+06   3.4179688e+01
   2.8307250e+06   3.4301758e+01
   2.8308400e+06   3.9672852e+01
   2.8308630e+06   3.4729004e+01
   2.8309920e+06   3.6315918e+01
   2.8310160e+06   3.6926270e+01
   2.8311000e+06   3.4484863e+01
   2.8314930e+06   3.8696289e+01
   2.8316900e+06   4.4738770e+01
   2.8317850e+06   4.0039063e+01
   2.8321860e+06   3.3996582e+01
   2.8323030e+06   3.7475586e+01
   2.8325280e+06   3.9794922e+01
   2.8329030e+06   3.6743164e+01
   2.8333350e+06   6.0058594e+01
   2.8461750e+06   1.2567139e+02
   2.8462850e+06   3.4790039e+01
   2.8463550e+06   1.1798096e+02
   2.8464450e+06   9.6557617e+01
   2.8464970e+06   1.0717773e+02
   2.8465120e+06   8.2641602e+01
   2.8466110e+06   3.3935547e+01
   2.8466750e+06   1.5820313e+02
   2.8466930e+06   7.2814941e+01
   2.8467270e+06   4.0283203e+01
   2.8468720e+06   3.7231445e+01
   2.8468950e+06   6.9641113e+01
   2.8469880e+06   3.9306641e+01
   2.8470220e+06   3.5156250e+01
   2.8471150e+06   4.7119141e+01
   2.8472880e+06   4.7668457e+01
   2.8473290e+06   3.6621094e+01
   2.8474640e+06   3.7536621e+01
   2.8474860e+06   3.8269043e+01
   2.8477160e+06   6.5246582e+01
   2.8477320e+06   3.5339355e+01
   2.8478730e+06   3.9245605e+01
   2.8479070e+06   4.1381836e+01
   2.8479880e+06   3.7536621e+01
   2.8480690e+06   3.4729004e+01
   2.8481090e+06   3.4851074e+01
   2.8481780e+06   3.7475586e+01
   2.8484530e+06   4.2053223e+01
   2.8485180e+06   6.0974121e+01
   2.8490390e+06   6.8359375e+01
   2.8490690e+06   3.4362793e+01
   2.8496070e+06   5.3344727e+01
   2.8668470e+06   1.1932373e+02
   2.8669820e+06   4.6203613e+01
   2.8670550e+06   1.0791016e+02
   2.8670880e+06   1.1431885e+02
   2.8671640e+06   1.1724854e+02
   2.8672110e+06   4.8461914e+01
   2.8672270e+06   9.4848633e+01
   2.8672970e+06   3.7292480e+01
   2.8673080e+06   1.0107422e+02
   2.8674210e+06   8.2824707e+01
   2.8674350e+06   1.0540771e+02
   2.8674970e+06   7.3364258e+01
   2.8675690e+06   3.8818359e+01
   2.8676440e+06   3.3935547e+01
   2.8676920e+06   7.8613281e+01
   2.8677160e+06   5.5358887e+01
   2.8677760e+06   3.4362793e+01
   2.8678820e+06   5.5786133e+01
   2.8679330e+06   6.4514160e+01
   2.8681760e+06   4.2175293e+01
   2.8682230e+06   6.8298340e+01
   2.8683830e+06   4.2663574e+01
   2.8683990e+06   3.4667969e+01
   2.8689260e+06   4.6386719e+01
   2.8693500e+06   4.2236328e+01
   2.8697110e+06   6.3720703e+01
   2.8802410e+06   1.1309814e+02
   2.8805950e+06   3.7475586e+01
   2.8806350e+06   1.1517334e+02
   2.8807590e+06   9.8388672e+01
   2.8808860e+06   3.5705566e+01
   2.8809160e+06   9.5886230e+01
   2.8809850e+06   3.8146973e+01
   2.8812470e+06   7.8674316e+01
   2.8815980e+06   1.0015869e+02
   2.8819590e+06   6.7871094e+01
   2.8825180e+06   8.7646484e+01
   2.8940450e+06   1.1248779e+02
   2.8944600e+06   1.1383057e+02
   2.8946220e+06   3.6254883e+01
   2.8950380e+06   8.5571289e+01
   2.8955150e+06   8.4289551e+01
   2.8960380e+06   7.8796387e+01
   2.8968000e+06   6.6589355e+01
   2.9060110e+06   9.6801758e+01
   2.9062330e+06   3.6621094e+01
   2.9068170e+06   8.9355469e+01
   2.9079360e+06   1.0736084e+02
   2.9179940e+06   1.0815430e+02
   2.9187840e+06   1.0321045e+02
   2.9311030e+06   9.8632812e+01
   2.9316510e+06   9.8144531e+01
   2.9323640e+06   4.1809082e+01
   2.9473320e+06   1.2792969e+02
   2.9473840e+06   3.5034180e+01
   2.9474670e+06   3.6193848e+01
   2.9476650e+06   4.0954590e+01
   2.9477790e+06   1.0040283e+02
   2.9481580e+06   1.1352539e+02
   2.9487310e+06   9.6923828e+01
   2.9502550e+06   3.4057617e+01
   2.9599670e+06   1.0314941e+02
   2.9848050e+06   3.5949707e+01
