   2.9990000e+06   0.0000000e+00
   1.0590000e+03   2.0051270e+03
   1.0740000e+03   3.8452148e+01
   2.2060000e+03   3.4301758e+01
   2.5470000e+03   3.4729004e+01
   3.2590000e+03   3.8085938e+01
   5.1073000e+04   2.0111694e+03
   5.1086000e+04   4.3762207e+01
   5.2089000e+04   3.5827637e+01
   5.2349000e+04   3.5339355e+01
   5.2990000e+04   3.5644531e+01
   5.3139000e+04   3.4118652e+01
   5.3168000e+04   3.4606934e+01
   5.3574000e+04   3.4301758e+01
   9.3779000e+04   3.5217285e+01
   9.4072000e+04   3.3630371e+01
   9.4347000e+04   3.3752441e+01
   1.0108700e+05   2.0059204e+03
   1.0110900e+05   3.6926270e+01
   1.3989400e+05   3.3325195e+01
   1.4008900e+05   3.3813477e+01
   1.4013100e+05   3.3935547e+01
   1.4031500e+05   3.5278320e+01
   1.4065600e+05   3.5522461e+01
   1.4162700e+05   3.6437988e+01
   1.5110100e+05   2.0053711e+03
   1.9373300e+05   3.3081055e+01
   2.0111700e+05   3.9999390e+03
   2.0113000e+05   5.3588867e+01
   2.3123500e+05   3.6437988e+01
   2.5112900e+05   2.0070801e+03
   2.5114200e+05   4.6569824e+01
   2.8097200e+05   3.3264160e+01
   2.9154600e+05   3.4118652e+01
   3.0114300e+05   2.0072021e+03
   3.0116000e+05   3.6071777e+01
   3.0308300e+05   3.7780762e+01
   3.4630600e+05   3.4790039e+01
   3.5115900e+05   3.9999390e+03
   3.5117200e+05   4.8522949e+01
   3.9309100e+05   3.5522461e+01
   4.0117100e+05   2.0083008e+03
   4.0118500e+05   5.8410645e+01
   4.5118500e+05   2.0083008e+03
   4.5119700e+05   5.4504395e+01
   4.5237900e+05   3.3691406e+01
   4.5242000e+05   3.4912109e+01
   4.5246000e+05   3.9367676e+01
   4.5260700e+05   3.4423828e+01
   4.5261900e+05   4.3518066e+01
   4.5275200e+05   3.4179688e+01
   4.5283800e+05   3.2897949e+01
   4.5289200e+05   3.6926270e+01
   4.5297100e+05   3.6437988e+01
   4.5302500e+05   3.6987305e+01
   4.5308300e+05   3.3691406e+01
   4.5310100e+05   3.4729004e+01
   4.5322400e+05   3.4545898e+01
   4.5336100e+05   3.6865234e+01
   4.5340000e+05   3.6071777e+01
   4.5345200e+05   3.3142090e+01
   4.5364200e+05   3.3142090e+01
   4.5371400e+05   3.7658691e+01
   4.5385700e+05   3.6071777e+01
   4.5387700e+05   4.1687012e+01
   4.5389300e+05   3.3508301e+01
   4.5394600e+05   3.5095215e+01
   4.5404700e+05   3.9855957e+01
   4.5499000e+05   3.3264160e+01
   4.5525900e+05   3.5278320e+01
   4.5721400e+05   3.6743164e+01
   5.0119900e+05   2.0101929e+03
   5.0121400e+05   4.4982910e+01
   5.4099000e+05   3.4484863e+01
   5.4105700e+05   3.5827637e+01
   5.4204600e+05   3.7231445e+01
   5.5121300e+05   2.0061646e+03
   5.5122800e+05   3.9001465e+01
   5.9145400e+05   3.4423828e+01
   5.9381300e+05   3.3081055e+01
   6.0122900e+05   3.9999390e+03
   6.0124200e+05   4.7363281e+01
   6.2188400e+05   3.3996582e+01
   6.5124100e+05   2.0109253e+03
   6.5125400e+05   5.8654785e+01
   6.7144600e+05   3.5583496e+01
   6.7150900e+05   3.3874512e+01
   6.7174600e+05   3.3142090e+01
   6.8726800e+05   3.3752441e+01
   7.0125500e+05   2.0100098e+03
   7.0127000e+05   4.8950195e+01
   7.5126900e+05   2.0056763e+03
   7.5128500e+05   4.1442871e+01
   7.5279600e+05   3.2775879e+01
   8.0128300e+05   2.0095825e+03
   8.0129500e+05   6.3049316e+01
   8.0131900e+05   3.5827637e+01
   8.0180900e+05   3.5522461e+01
   8.0194200e+05   3.5339355e+01
   8.0210200e+05   3.9245605e+01
   8.0225300e+05   3.7109375e+01
   8.0238500e+05   3.4667969e+01
   8.0241100e+05   3.3203125e+01
   8.0243500e+05   3.3508301e+01
   8.0246600e+05   3.5034180e+01
   8.0254100e+05   3.9794922e+01
   8.0256900e+05   3.3264160e+01
   8.0260000e+05   3.2897949e+01
   8.0264300e+05   3.5949707e+01
   8.0268200e+05   3.3264160e+01
   8.0282400e+05   3.4362793e+01
   8.0286200e+05   3.3569336e+01
   8.0287400e+05   3.3569336e+01
   8.0294000e+05   3.4606934e+01
   8.0302600e+05   3.9550781e+01
   8.0319400e+05   3.5217285e+01
   8.0338200e+05   3.3447266e+01
   8.0402600e+05   3.5034180e+01
   8.0417700e+05   3.3996582e+01
   8.0445400e+05   3.6682129e+01
   8.0456700e+05   3.8757324e+01
   8.0468700e+05   3.6987305e+01
   8.0529200e+05   3.8269043e+01
   8.0543600e+05   3.4667969e+01
   8.2975300e+05   3.6621094e+01
   8.2995900e+05   3.2775879e+01
   8.5129900e+05   3.9999390e+03
   8.5131000e+05   4.8217773e+01
   9.0131100e+05   2.0072632e+03
   9.0133400e+05   3.6376953e+01
   9.0137700e+05   3.6071777e+01
   9.0271600e+05   3.2958984e+01
   9.0288300e+05   3.3813477e+01
   9.0310000e+05   3.3752441e+01
   9.0320800e+05   3.9123535e+01
   9.0336100e+05   3.9062500e+01
   9.0355000e+05   3.4912109e+01
   9.0374600e+05   3.7170410e+01
   9.0391200e+05   3.3874512e+01
   9.0408700e+05   3.4545898e+01
   9.0411400e+05   3.3874512e+01
   9.0414600e+05   3.3386230e+01
   9.0427900e+05   3.3325195e+01
   9.0542500e+05   3.3569336e+01
   9.0567300e+05   3.2775879e+01
   9.0629200e+05   3.5766602e+01
   9.5132700e+05   3.9999390e+03
   9.5134000e+05   4.4738770e+01
   9.5249600e+05   3.4118652e+01
   9.5296700e+05   3.3020020e+01
   9.5309100e+05   3.4240723e+01
   9.5340100e+05   4.5349121e+01
   1.0013390e+06   2.0068359e+03
   1.0013540e+06   4.5593262e+01
   1.0028860e+06   3.4606934e+01
   1.0044750e+06   3.3569336e+01
   1.0045100e+06   3.5705566e+01
   1.0049170e+06   3.3691406e+01
   1.0052100e+06   3.5583496e+01
   1.0513530e+06   2.0093384e+03
   1.0831930e+06   3.3447266e+01
   1.1013690e+06   3.9999390e+03
   1.1013820e+06   6.2500000e+01
   1.1312630e+06   3.3813477e+01
   1.1317450e+06   3.5217285e+01
   1.1321280e+06   3.7719727e+01
   1.1325210e+06   3.2897949e+01
   1.1513810e+06   2.0062256e+03
   1.1513980e+06   3.6254883e+01
   1.2013950e+06   2.0129395e+03
   1.2014100e+06   4.3762207e+01
   1.2511100e+06   3.2897949e+01
   1.2513760e+06   3.2836914e+01
   1.2514090e+06   2.0131836e+03
   1.2514210e+06   5.4992676e+01
   1.2514590e+06   3.9611816e+01
   1.2514760e+06   3.4057617e+01
   1.2515140e+06   3.6987305e+01
   1.2516100e+06   3.5522461e+01
   1.2516510e+06   3.3203125e+01
   1.2517200e+06   3.6926270e+01
   1.2517650e+06   4.4006348e+01
   1.2518170e+06   3.7597656e+01
   1.2518340e+06   3.9062500e+01
   1.2518930e+06   3.5766602e+01
   1.2519810e+06   3.4606934e+01
   1.2520190e+06   4.6752930e+01
   1.2520640e+06   3.8635254e+01
   1.2520870e+06   4.2724609e+01
   1.2522010e+06   3.5034180e+01
   1.2522590e+06   3.3203125e+01
   1.2523150e+06   4.1381836e+01
   1.2523670e+06   3.3874512e+01
   1.2525870e+06   3.8391113e+01
   1.2528160e+06   3.5034180e+01
   1.2533800e+06   3.7048340e+01
   1.2534100e+06   3.5766602e+01
   1.2537460e+06   3.4240723e+01
   1.3014230e+06   2.0082397e+03
   1.3014380e+06   4.6813965e+01
   1.3447340e+06   3.3386230e+01
   1.3451410e+06   3.2958984e+01
   1.3464880e+06   3.6437988e+01
   1.3473860e+06   3.3386230e+01
   1.3478670e+06   3.4484863e+01
   1.3514390e+06   3.9999390e+03
   1.3514540e+06   3.6315918e+01
   1.3892370e+06   3.6743164e+01
   1.3908540e+06   3.3630371e+01
   1.4014530e+06   3.9999390e+03
   1.4014660e+06   3.9489746e+01
   1.4314160e+06   3.4973145e+01
   1.4315740e+06   3.8269043e+01
   1.4320330e+06   3.5644531e+01
   1.4320490e+06   3.4423828e+01
   1.4325400e+06   3.3447266e+01
   1.4325660e+06   4.0527344e+01
   1.4336610e+06   3.4667969e+01
   1.4514650e+06   2.0086670e+03
   1.4514780e+06   5.0537109e+01
   1.5014790e+06   2.0016479e+03
   1.5014920e+06   4.7302246e+01
   1.5015070e+06   3.5278320e+01
   1.5115500e+06   3.4606934e+01
   1.5514930e+06   2.0099487e+03
   1.6015090e+06   3.9999390e+03
   1.6015200e+06   4.5104980e+01
   1.6015420e+06   3.4423828e+01
   1.6515230e+06   3.9999390e+03
   1.6515370e+06   4.5959473e+01
   1.6892130e+06   3.2958984e+01
   1.7015350e+06   2.0077515e+03
   1.7515510e+06   3.9999390e+03
   1.7515660e+06   4.7973633e+01
   1.7827530e+06   3.3081055e+01
   1.8015630e+06   2.0048828e+03
   1.8015780e+06   4.5898438e+01
   1.8438180e+06   3.2836914e+01
   1.8444650e+06   3.5217285e+01
   1.8465500e+06   3.4729004e+01
   1.8515770e+06   2.0086670e+03
   1.9015910e+06   2.0086060e+03
   1.9016040e+06   5.5969238e+01
   1.9039110e+06   3.2775879e+01
   1.9445280e+06   3.3874512e+01
   1.9516070e+06   3.9999390e+03
   1.9516220e+06   3.4301758e+01
   1.9529850e+06   3.4484863e+01
   1.9531400e+06   3.3325195e+01
   1.9531590e+06   3.5888672e+01
   1.9531900e+06   4.9987793e+01
   1.9532010e+06   3.7231445e+01
   1.9533580e+06   4.0832520e+01
   1.9534710e+06   3.3386230e+01
   1.9535420e+06   3.4545898e+01
   1.9536050e+06   3.4973145e+01
   1.9537020e+06   3.4851074e+01
   1.9538000e+06   3.5217285e+01
   1.9538800e+06   3.4362793e+01
   1.9543080e+06   3.3203125e+01
   1.9543570e+06   3.6437988e+01
   1.9550670e+06   3.4912109e+01
   1.9556190e+06   3.6437988e+01
   1.9571240e+06   3.2836914e+01
   2.0016190e+06   2.0131836e+03
   2.0016320e+06   5.1757813e+01
   2.0038540e+06   3.3386230e+01
   2.0430210e+06   3.4545898e+01
   2.0436730e+06   4.0649414e+01
   2.0448330e+06   3.4973145e+01
   2.0516330e+06   2.0089722e+03
   2.0516460e+06   4.6752930e+01
   2.1016470e+06   2.0112305e+03
   2.1016640e+06   5.2124023e+01
   2.1030400e+06   3.6315918e+01
   2.1032880e+06   3.2958984e+01
   2.1037080e+06   3.2958984e+01
   2.1038060e+06   3.4179688e+01
   2.1040260e+06   3.9672852e+01
   2.1042020e+06   3.4423828e+01
   2.1043620e+06   3.2958984e+01
   2.1045390e+06   3.3325195e+01
   2.1045590e+06   3.4667969e+01
   2.1047870e+06   3.2836914e+01
   2.1048390e+06   3.3691406e+01
   2.1516610e+06   2.0081787e+03
   2.1516780e+06   3.7414551e+01
   2.1541140e+06   3.4179688e+01
   2.1541600e+06   3.3874512e+01
   2.1940800e+06   3.3020020e+01
   2.2016750e+06   2.0083008e+03
   2.2016920e+06   4.2602539e+01
   2.2516890e+06   2.0071411e+03
   2.2517040e+06   4.0893555e+01
   2.2935430e+06   3.2897949e+01
   2.2951010e+06   3.2836914e+01
   2.2953970e+06   3.5461426e+01
   2.3017030e+06   2.0036621e+03
   2.3017170e+06   5.2368164e+01
   2.3517170e+06   2.0025635e+03
   2.3517300e+06   4.2236328e+01
   2.3546870e+06   3.6010742e+01
   2.3548960e+06   3.5705566e+01
   2.4017310e+06   2.0066528e+03
   2.4017480e+06   3.5400391e+01
   2.4041580e+06   3.5400391e+01
   2.4517450e+06   2.0135498e+03
   2.4517580e+06   5.2062988e+01
   2.4550200e+06   3.2958984e+01
   2.4568360e+06   3.4790039e+01
   2.4569000e+06   3.4423828e+01
   2.4569470e+06   3.3874512e+01
   2.4570010e+06   3.2958984e+01
   2.5567720e+06   3.7170410e+01
   2.5568970e+06   3.2775879e+01
   2.5569290e+06   3.4729004e+01
   2.5569900e+06   3.9367676e+01
   2.5570030e+06   3.6193848e+01
   2.5570510e+06   3.4973145e+01
   2.5570890e+06   3.3508301e+01
   2.5571430e+06   3.6071777e+01
   2.5571680e+06   3.4057617e+01
   2.5571940e+06   3.3203125e+01
   2.5572730e+06   3.4240723e+01
   2.5573620e+06   3.6743164e+01
   2.5574110e+06   3.4057617e+01
   2.5574740e+06   3.8879395e+01
   2.5574860e+06   3.6071777e+01
   2.5577180e+06   3.3203125e+01
   2.5578300e+06   4.0527344e+01
   2.5582140e+06   3.4851074e+01
   2.5583130e+06   3.6132813e+01
   2.5583500e+06   3.3813477e+01
   2.5584100e+06   3.4790039e+01
   2.5587640e+06   3.7231445e+01
   2.5590810e+06   3.6560059e+01
   2.5590990e+06   3.4362793e+01
   2.5591490e+06   3.7414551e+01
   2.5595390e+06   3.6804199e+01
   2.5598990e+06   3.2775879e+01
   2.5605500e+06   3.3447266e+01
   2.5606640e+06   3.4179688e+01
   2.6665080e+06   3.4301758e+01
   2.6667280e+06   3.4362793e+01
   2.6667660e+06   3.4118652e+01
   2.6668480e+06   3.8208008e+01
   2.6670070e+06   3.2836914e+01
   2.6670170e+06   3.5766602e+01
   2.6670840e+06   3.6376953e+01
   2.6670960e+06   4.5837402e+01
   2.6672310e+06   4.9865723e+01
   2.6672860e+06   4.1687012e+01
   2.6673950e+06   3.3813477e+01
   2.6674060e+06   3.9184570e+01
   2.6674370e+06   3.3325195e+01
   2.6674930e+06   4.1564941e+01
   2.6675050e+06   3.5949707e+01
   2.6675160e+06   3.6315918e+01
   2.6676950e+06   3.5827637e+01
   2.6679120e+06   3.5156250e+01
   2.6680020e+06   3.3142090e+01
   2.6681150e+06   4.2724609e+01
   2.6682570e+06   3.8208008e+01
   2.6682940e+06   3.4973145e+01
   2.6683730e+06   3.5583496e+01
   2.6684490e+06   3.2836914e+01
   2.6685100e+06   3.4362793e+01
   2.6688100e+06   4.0527344e+01
   2.6688920e+06   3.8818359e+01
   2.6692270e+06   3.6437988e+01
   2.7456700e+06   3.4912109e+01
   2.7458690e+06   3.6865234e+01
   2.7459880e+06   3.3081055e+01
   2.7460500e+06   4.1564941e+01
   2.7460990e+06   3.3203125e+01
   2.7461930e+06   3.5949707e+01
   2.7462250e+06   3.6743164e+01
   2.7463570e+06   3.5705566e+01
   2.7463860e+06   3.9916992e+01
   2.7464050e+06   3.4545898e+01
   2.7464340e+06   3.6376953e+01
   2.7465470e+06   3.7902832e+01
   2.7466610e+06   3.8391113e+01
   2.7466910e+06   3.7475586e+01
   2.7467140e+06   3.3142090e+01
   2.7467420e+06   3.5522461e+01
   2.7468230e+06   3.3386230e+01
   2.7468740e+06   3.3935547e+01
   2.7469190e+06   3.4912109e+01
   2.7469580e+06   3.5766602e+01
   2.7470320e+06   3.3020020e+01
   2.7471660e+06   3.3447266e+01
   2.7473240e+06   3.4362793e+01
   2.7473870e+06   3.5705566e+01
   2.7474710e+06   3.7231445e+01
   2.7493630e+06   3.5339355e+01
   2.8291420e+06   3.4912109e+01
   2.8291700e+06   3.7963867e+01
   2.8291960e+06   3.5827637e+01
   2.8292380e+06   3.4667969e+01
   2.8293100e+06   4.1381836e+01
   2.8293600e+06   3.2958984e+01
   2.8294050e+06   3.3081055e+01
   2.8295680e+06   3.2958984e+01
   2.8296040e+06   3.5522461e+01
   2.8297360e+06   3.3020020e+01
   2.8297800e+06   3.3447266e+01
   2.8298170e+06   4.3762207e+01
   2.8298810e+06   4.2236328e+01
   2.8299980e+06   3.3813477e+01
   2.8300240e+06   3.6071777e+01
   2.8300510e+06   3.4606934e+01
   2.8301630e+06   4.1870117e+01
   2.8303070e+06   3.3386230e+01
   2.8304010e+06   3.8208008e+01
   2.8304820e+06   3.4912109e+01
   2.8306260e+06   3.4362793e+01
   2.8312160e+06   4.1992188e+01
   2.8313640e+06   3.2958984e+01
   2.8316410e+06   3.4362793e+01
   2.8326780e+06   4.0283203e+01
   2.8459570e+06   3.9062500e+01
   2.8470830e+06   3.6193848e+01
   2.8474100e+06   3.3874512e+01
   2.8475370e+06   3.3386230e+01
   2.8479410e+06   3.9367676e+01
   2.8636040e+06   3.3142090e+01
   2.8662860e+06   3.3569336e+01
   2.8667690e+06   3.6743164e+01
   2.8669260e+06   3.3569336e+01
   2.8670690e+06   3.5644531e+01
   2.8671620e+06   4.2602539e+01
   2.8671730e+06   3.7170410e+01
   2.8673270e+06   3.4790039e+01
   2.8675800e+06   4.0100098e+01
   2.8682250e+06   3.3752441e+01
   2.8685330e+06   3.2958984e+01
   2.8807980e+06   3.2836914e+01
   2.8811960e+06   3.9001465e+01
