   2.9990000e+06   0.0000000e+00
   1.0610000e+03   3.9999390e+03
   1.0710000e+03   4.9743652e+01
   5.1073000e+04   2.0142822e+03
   5.1088000e+04   3.7780762e+01
   5.2468000e+04   3.1860352e+01
   1.0108900e+05   3.9999390e+03
   1.1198600e+05   3.2775879e+01
   1.3842600e+05   3.1433105e+01
   1.5110300e+05   3.9999390e+03
   1.5111800e+05   3.3081055e+01
   1.9675700e+05   3.2470703e+01
   2.0111700e+05   3.9999390e+03
   2.0113100e+05   3.6376953e+01
   2.2994400e+05   3.1066895e+01
   2.5113100e+05   3.9999390e+03
   2.5114500e+05   3.3569336e+01
   2.5151800e+05   3.7353516e+01
   2.9399600e+05   3.2226563e+01
   3.0114300e+05   2.0067749e+03
   3.2021000e+05   3.5400391e+01
   3.4425600e+05   3.1250000e+01
   3.5115900e+05   3.9999390e+03
   3.5117300e+05   3.8391113e+01
   4.0117100e+05   2.0073853e+03
   4.5118500e+05   2.0087891e+03
   4.5120600e+05   3.5339355e+01
   5.0119900e+05   2.0065308e+03
   5.5121300e+05   2.0133057e+03
   5.5122900e+05   3.1433105e+01
   6.0122700e+05   2.0081177e+03
   6.0124500e+05   3.1921387e+01
   6.4755100e+05   3.2165527e+01
   6.5124300e+05   2.0099487e+03
   7.0125700e+05   2.0081177e+03
   7.2163300e+05   3.2470703e+01
   7.5126900e+05   2.0082397e+03
   7.6870200e+05   3.2104492e+01
   8.0128300e+05   2.0122070e+03
   8.2156100e+05   3.1982422e+01
   8.5129900e+05   3.9999390e+03
   8.5131400e+05   3.7109375e+01
   8.8778700e+05   3.1127930e+01
   9.0131100e+05   2.0099487e+03
   9.0132300e+05   5.2246094e+01
   9.0309800e+05   3.1433105e+01
   9.0501100e+05   3.0944824e+01
   9.5132500e+05   2.0078735e+03
   9.5133900e+05   4.1625977e+01
   1.0013410e+06   3.9999390e+03
   1.0428140e+06   3.3203125e+01
   1.0513530e+06   2.0087280e+03
   1.0513670e+06   4.0222168e+01
   1.0516640e+06   3.2409668e+01
   1.0821830e+06   3.2348633e+01
   1.1013670e+06   2.0091553e+03
   1.1013810e+06   4.0405273e+01
   1.1319120e+06   3.4606934e+01
   1.1513810e+06   2.0048828e+03
   1.1513950e+06   4.5898438e+01
   1.1514640e+06   3.1188965e+01
   1.1712740e+06   3.0822754e+01
   1.1952430e+06   3.0944824e+01
   1.2013950e+06   2.0060425e+03
   1.2014090e+06   4.2663574e+01
   1.2457260e+06   3.1555176e+01
   1.2514090e+06   2.0063477e+03
   1.2514210e+06   6.0119629e+01
   1.2528780e+06   3.1494141e+01
   1.3014230e+06   2.0066528e+03
   1.3479370e+06   3.0822754e+01
   1.3514390e+06   3.9999390e+03
   1.3514510e+06   4.0588379e+01
   1.4014530e+06   2.0064087e+03
   1.4014650e+06   4.6752930e+01
   1.4015430e+06   3.3325195e+01
   1.4322040e+06   3.2165527e+01
   1.4514650e+06   2.0073242e+03
   1.4516410e+06   3.2226563e+01
   1.4773200e+06   3.1005859e+01
   1.5014810e+06   3.9999390e+03
   1.5514930e+06   2.0109253e+03
   1.5515070e+06   4.8278809e+01
   1.6015090e+06   3.9999390e+03
   1.6515200e+06   2.1142578e+02
   1.6515350e+06   4.4189453e+01
   1.7015350e+06   2.0085449e+03
   1.7100890e+06   3.2043457e+01
   1.7515510e+06   3.9999390e+03
   1.7515620e+06   3.9123535e+01
   1.8015650e+06   3.9999390e+03
   1.8515790e+06   2.0081177e+03
   1.9015930e+06   2.0106201e+03
   1.9016050e+06   4.2114258e+01
   1.9516070e+06   3.9999390e+03
   1.9516180e+06   4.1687012e+01
   2.0016190e+06   2.0074463e+03
   2.0016330e+06   5.1452637e+01
   2.0516330e+06   2.0057983e+03
   2.0516490e+06   3.2531738e+01
   2.1016470e+06   2.0059204e+03
   2.1016590e+06   6.2133789e+01
   2.1370020e+06   3.1555176e+01
   2.1516610e+06   2.0076294e+03
   2.1531900e+06   3.0883789e+01
   2.1814130e+06   3.0822754e+01
   2.2016770e+06   3.9999390e+03
   2.2119670e+06   3.1555176e+01
   2.2219160e+06   3.2897949e+01
   2.2516910e+06   3.9999390e+03
   2.2933500e+06   3.2165527e+01
   2.3017030e+06   2.0083618e+03
   2.3017160e+06   4.6875000e+01
   2.3517190e+06   3.9999390e+03
   2.4017330e+06   3.9999390e+03
   2.4017470e+06   4.0405273e+01
   2.4254380e+06   3.0822754e+01
   2.4517450e+06   2.0084229e+03
   2.4532090e+06   3.1494141e+01
   2.5574290e+06   3.1250000e+01
   2.5574810e+06   3.3569336e+01
   2.5579360e+06   3.7170410e+01
   2.7475070e+06   3.1738281e+01
   2.8299050e+06   3.4301758e+01
   2.8477210e+06   3.0761719e+01
   2.8951300e+06   3.1066895e+01
   2.9074440e+06   3.1860352e+01
   2.9079000e+06   3.3813477e+01
   2.9470920e+06   3.3813477e+01
   2.9549260e+06   3.0822754e+01
