   2.9990000e+06   0.0000000e+00
   2.4300000e+02   4.5410156e+01
   1.0610000e+03   3.9999390e+03
   1.9080000e+03   4.2236328e+01
   2.8260000e+03   3.7841797e+01
   3.4240000e+03   3.6926270e+01
   3.5570000e+03   4.7241211e+01
   4.1420000e+03   3.7231445e+01
   4.6440000e+03   4.3151855e+01
   1.1645000e+04   4.0039063e+01
   1.3665000e+04   4.5166016e+01
   1.5272000e+04   3.6926270e+01
   1.7446000e+04   4.2053223e+01
   1.8643000e+04   4.4738770e+01
   2.0931000e+04   3.7353516e+01
   2.2379000e+04   3.8818359e+01
   2.3994000e+04   4.5715332e+01
   2.5781000e+04   4.1320801e+01
   2.7805000e+04   3.6743164e+01
   3.0779000e+04   3.7597656e+01
   3.2047000e+04   3.7231445e+01
   3.3842000e+04   3.9733887e+01
   3.4971000e+04   3.6682129e+01
   3.6417000e+04   3.6743164e+01
   3.7801000e+04   3.9062500e+01
   3.9742000e+04   4.0954590e+01
   4.2735000e+04   4.0649414e+01
   4.4270000e+04   3.8024902e+01
   4.6014000e+04   4.1809082e+01
   4.8938000e+04   4.1320801e+01
   5.1073000e+04   2.0137329e+03
   5.2035000e+04   3.6682129e+01
   5.2688000e+04   3.7170410e+01
   5.2740000e+04   4.1870117e+01
   5.2805000e+04   3.7109375e+01
   5.3424000e+04   3.9855957e+01
   5.3651000e+04   4.8095703e+01
   5.3909000e+04   5.4504395e+01
   5.4489000e+04   4.1992188e+01
   6.2581000e+04   3.7719727e+01
   6.5146000e+04   4.0283203e+01
   6.7525000e+04   3.7597656e+01
   7.1030000e+04   3.6804199e+01
   7.2677000e+04   4.2480469e+01
   7.4153000e+04   4.4982910e+01
   7.5367000e+04   4.0405273e+01
   7.6981000e+04   3.8146973e+01
   7.9286000e+04   4.3334961e+01
   8.2906000e+04   3.9794922e+01
   8.4732000e+04   3.6621094e+01
   8.6529000e+04   4.0222168e+01
   8.7941000e+04   3.6804199e+01
   8.9417000e+04   4.3762207e+01
   9.1450000e+04   3.8330078e+01
   9.4207000e+04   3.7231445e+01
   9.5892000e+04   3.8146973e+01
   9.7362000e+04   3.9367676e+01
   9.8238000e+04   3.7475586e+01
   1.0108700e+05   2.0049438e+03
   1.0298100e+05   3.7048340e+01
   1.0571100e+05   3.9062500e+01
   1.0822000e+05   3.9916992e+01
   1.0981000e+05   3.9245605e+01
   1.1242000e+05   3.6926270e+01
   1.1579600e+05   3.7292480e+01
   1.1736500e+05   3.9062500e+01
   1.1941600e+05   4.3701172e+01
   1.2114900e+05   3.7353516e+01
   1.2287600e+05   3.9794922e+01
   1.2447500e+05   3.8513184e+01
   1.2572400e+05   4.4677734e+01
   1.2712800e+05   3.8085938e+01
   1.2897600e+05   5.1635742e+01
   1.3506900e+05   4.4250488e+01
   1.3685700e+05   4.0710449e+01
   1.3799900e+05   4.3823242e+01
   1.3856300e+05   3.6682129e+01
   1.3928700e+05   3.7109375e+01
   1.4088300e+05   5.2795410e+01
   1.4161300e+05   4.6081543e+01
   1.4301500e+05   3.8085938e+01
   1.4722000e+05   4.3273926e+01
   1.5110100e+05   2.0121460e+03
   1.5184300e+05   3.6682129e+01
   1.5380500e+05   4.1442871e+01
   1.5553800e+05   3.7231445e+01
   1.5740700e+05   4.0588379e+01
   1.5922700e+05   3.7536621e+01
   1.6080800e+05   3.7414551e+01
   1.6301000e+05   4.0710449e+01
   1.6539300e+05   3.9184570e+01
   1.6714600e+05   4.0832520e+01
   1.6877000e+05   4.9560547e+01
   1.7022400e+05   4.2419434e+01
   1.7154600e+05   4.2236328e+01
   1.7485600e+05   3.9245605e+01
   1.8091800e+05   4.2175293e+01
   1.8394000e+05   4.2419434e+01
   1.8553700e+05   3.8452148e+01
   1.8747900e+05   4.3029785e+01
   1.8911300e+05   4.1809082e+01
   1.9072400e+05   3.8452148e+01
   1.9235800e+05   4.0893555e+01
   1.9982300e+05   3.8513184e+01
   2.0111500e+05   2.0101318e+03
   2.1433400e+05   4.6264648e+01
   2.1603400e+05   4.4128418e+01
   2.1734400e+05   4.5898438e+01
   2.1918400e+05   3.8330078e+01
   2.2053000e+05   3.8024902e+01
   2.2356300e+05   3.8330078e+01
   2.2506600e+05   4.1992188e+01
   2.2713000e+05   3.8085938e+01
   2.2813900e+05   4.0527344e+01
   2.2962500e+05   4.2236328e+01
   2.3150500e+05   4.5654297e+01
   2.3257800e+05   4.0100098e+01
   2.3366300e+05   3.7536621e+01
   2.3512300e+05   3.6987305e+01
   2.3912400e+05   4.6630859e+01
   2.4701600e+05   3.8208008e+01
   2.4861700e+05   4.1503906e+01
   2.5105700e+05   4.9133301e+01
   2.5112900e+05   2.0058594e+03
   2.5604200e+05   4.3701172e+01
   2.5996600e+05   4.6508789e+01
   2.6256500e+05   3.8940430e+01
   2.6452600e+05   3.7231445e+01
   2.6692800e+05   3.7963867e+01
   2.6843000e+05   4.4555664e+01
   2.7135600e+05   3.8696289e+01
   2.7422200e+05   3.7963867e+01
   2.7671900e+05   4.2236328e+01
   2.7801300e+05   3.8269043e+01
   2.7969700e+05   3.9855957e+01
   2.8187500e+05   4.1442871e+01
   2.8326300e+05   3.7414551e+01
   2.8497000e+05   3.6682129e+01
   2.8660000e+05   4.1381836e+01
   2.9016800e+05   3.8391113e+01
   2.9179000e+05   3.8208008e+01
   2.9654200e+05   4.3457031e+01
   2.9784800e+05   4.2236328e+01
   2.9993500e+05   4.2724609e+01
   3.0114300e+05   2.0100708e+03
   3.0208700e+05   4.0893555e+01
   3.0627600e+05   3.9794922e+01
   3.1102400e+05   3.7536621e+01
   3.1341900e+05   3.9611816e+01
   3.1577900e+05   4.0527344e+01
   3.1722600e+05   4.3334961e+01
   3.1944400e+05   4.4006348e+01
   3.2107400e+05   3.9245605e+01
   3.2463500e+05   3.8757324e+01
   3.2661800e+05   4.2846680e+01
   3.2864600e+05   3.8818359e+01
   3.3113000e+05   4.2846680e+01
   3.3419100e+05   3.9550781e+01
   3.3596100e+05   4.3395996e+01
   3.3820900e+05   4.2541504e+01
   3.4015400e+05   3.8269043e+01
   3.4322400e+05   3.9794922e+01
   3.4480500e+05   4.3518066e+01
   3.4624500e+05   4.5959473e+01
   3.4728600e+05   3.9306641e+01
   3.4863900e+05   4.0466309e+01
   3.5007100e+05   3.7841797e+01
   3.5115900e+05   3.9999390e+03
   3.5116900e+05   4.1931152e+01
   3.5217800e+05   3.7475586e+01
   3.5726400e+05   3.9489746e+01
   3.6026100e+05   4.8095703e+01
   3.6250100e+05   4.1259766e+01
   3.6543700e+05   4.2663574e+01
   3.6757000e+05   4.4311523e+01
   3.6927500e+05   3.7658691e+01
   3.7111000e+05   4.1931152e+01
   3.7217100e+05   4.3273926e+01
   3.7798600e+05   3.7902832e+01
   3.8102100e+05   3.9123535e+01
   3.8327700e+05   4.1564941e+01
   3.8532900e+05   4.4311523e+01
   3.8726200e+05   4.0466309e+01
   3.8997600e+05   3.7109375e+01
   3.9395600e+05   4.0649414e+01
   3.9556900e+05   4.3334961e+01
   3.9738800e+05   3.7597656e+01
   4.0083400e+05   4.6508789e+01
   4.0117100e+05   2.0040283e+03
   4.0118400e+05   3.9306641e+01
   4.0301100e+05   3.6804199e+01
   4.0587800e+05   3.6743164e+01
   4.0773700e+05   4.0527344e+01
   4.1031600e+05   3.6865234e+01
   4.1184000e+05   3.9062500e+01
   4.1367000e+05   3.9184570e+01
   4.1604400e+05   4.2236328e+01
   4.2364800e+05   3.9978027e+01
   4.2511800e+05   4.3151855e+01
   4.2696100e+05   3.7841797e+01
   4.2970300e+05   3.9733887e+01
   4.3463300e+05   3.8696289e+01
   4.3633800e+05   3.7292480e+01
   4.3801500e+05   3.6804199e+01
   4.4004800e+05   4.3640137e+01
   4.4189500e+05   4.4189453e+01
   4.4341600e+05   3.8513184e+01
   4.4550500e+05   4.1564941e+01
   4.4780400e+05   3.9489746e+01
   4.4974600e+05   3.7780762e+01
   4.5118500e+05   2.0103149e+03
   4.5170200e+05   3.9428711e+01
   4.5309800e+05   4.1015625e+01
   4.5320000e+05   4.5410156e+01
   4.5321900e+05   4.5959473e+01
   4.5323200e+05   3.8513184e+01
   4.5328300e+05   3.7597656e+01
   4.5342300e+05   7.0739746e+01
   4.5347700e+05   4.8156738e+01
   4.5352800e+05   3.7841797e+01
   4.5354800e+05   4.3029785e+01
   4.5358200e+05   4.1748047e+01
   4.5359200e+05   6.6101074e+01
   4.5369200e+05   7.0251465e+01
   4.5375000e+05   5.0354004e+01
   4.5377100e+05   6.8542480e+01
   4.5387100e+05   3.8085938e+01
   4.5390700e+05   4.7363281e+01
   4.5392300e+05   4.2236328e+01
   4.5396300e+05   4.7363281e+01
   4.5404500e+05   3.8635254e+01
   4.5407900e+05   4.2297363e+01
   4.5410600e+05   6.3720703e+01
   4.5423100e+05   5.8715820e+01
   4.5424900e+05   3.7658691e+01
   4.5434600e+05   4.1015625e+01
   4.5442700e+05   4.5043945e+01
   4.5447700e+05   3.9550781e+01
   4.5454400e+05   4.2358398e+01
   4.5456500e+05   3.9306641e+01
   4.5459900e+05   5.4382324e+01
   4.5469100e+05   4.2297363e+01
   4.5473000e+05   3.7109375e+01
   4.5478900e+05   4.4921875e+01
   4.5486700e+05   3.7353516e+01
   4.5495100e+05   3.8146973e+01
   4.5500200e+05   3.8635254e+01
   4.5514700e+05   3.9062500e+01
   4.5535200e+05   5.2978516e+01
   4.5536900e+05   4.2297363e+01
   4.5581700e+05   4.7668457e+01
   4.5606800e+05   3.6621094e+01
   4.5614100e+05   4.1503906e+01
   4.5634200e+05   3.6926270e+01
   4.5639500e+05   4.1809082e+01
   4.5680600e+05   3.9489746e+01
   4.5692000e+05   3.6926270e+01
   4.5874800e+05   4.7302246e+01
   4.5924900e+05   3.8818359e+01
   4.7470500e+05   4.0710449e+01
   4.7601600e+05   3.8208008e+01
   4.7765300e+05   4.6630859e+01
   4.8045800e+05   3.8940430e+01
   4.8242100e+05   4.0588379e+01
   4.8456300e+05   3.6743164e+01
   4.8709500e+05   4.2663574e+01
   4.8832100e+05   4.4433594e+01
   4.8955800e+05   5.0048828e+01
   4.9184000e+05   3.6987305e+01
   4.9323900e+05   3.9001465e+01
   4.9532200e+05   4.0344238e+01
   4.9700000e+05   4.2541504e+01
   4.9833900e+05   4.2358398e+01
   5.0120100e+05   3.9999390e+03
   5.0332300e+05   4.4921875e+01
   5.0487600e+05   4.1137695e+01
   5.0589400e+05   3.9123535e+01
   5.0736000e+05   4.1687012e+01
   5.1080900e+05   3.7719727e+01
   5.1284200e+05   3.7231445e+01
   5.1546700e+05   3.9367676e+01
   5.1736600e+05   3.8330078e+01
   5.2054200e+05   3.6804199e+01
   5.2209900e+05   3.8330078e+01
   5.2457600e+05   4.4067383e+01
   5.2564500e+05   3.6743164e+01
   5.2702000e+05   3.7170410e+01
   5.3052300e+05   4.3212891e+01
   5.3209200e+05   3.7292480e+01
   5.3372000e+05   4.1809082e+01
   5.3648200e+05   4.1198730e+01
   5.4137600e+05   4.2297363e+01
   5.4222300e+05   4.0893555e+01
   5.4275500e+05   3.6804199e+01
   5.4300900e+05   4.2968750e+01
   5.4308700e+05   3.8208008e+01
   5.4326900e+05   5.3771973e+01
   5.4350200e+05   4.6752930e+01
   5.4397100e+05   3.7414551e+01
   5.4447800e+05   3.7902832e+01
   5.5121300e+05   2.0106201e+03
   5.5749700e+05   3.9428711e+01
   5.5899600e+05   3.7719727e+01
   5.6157300e+05   3.8574219e+01
   5.6373500e+05   3.7109375e+01
   5.6532000e+05   3.7048340e+01
   5.6825200e+05   3.7170410e+01
   5.7020100e+05   4.9438477e+01
   5.7147900e+05   4.1625977e+01
   5.7291900e+05   3.9550781e+01
   5.7611800e+05   3.9062500e+01
   5.7765500e+05   4.4982910e+01
   5.8168500e+05   3.7292480e+01
   5.8309500e+05   3.7414551e+01
   5.8671500e+05   4.0588379e+01
   5.8927400e+05   3.7597656e+01
   5.9193800e+05   4.6264648e+01
   5.9285900e+05   3.6743164e+01
   5.9353300e+05   3.6621094e+01
   5.9439400e+05   3.9184570e+01
   5.9578800e+05   4.0283203e+01
   6.0122700e+05   2.0121460e+03
   6.0124000e+05   4.2907715e+01
   6.0211000e+05   3.7414551e+01
   6.0500600e+05   4.4128418e+01
   6.0794000e+05   4.2114258e+01
   6.1073700e+05   3.9428711e+01
   6.1314500e+05   3.9611816e+01
   6.1548100e+05   4.1381836e+01
   6.1829500e+05   3.7475586e+01
   6.1968900e+05   4.7546387e+01
   6.2276800e+05   4.9377441e+01
   6.2528400e+05   3.9672852e+01
   6.2883600e+05   4.1992188e+01
   6.3354200e+05   3.7780762e+01
   6.3716900e+05   4.1992188e+01
   6.3982500e+05   3.7536621e+01
   6.4307100e+05   3.7719727e+01
   6.4680800e+05   4.0283203e+01
   6.4927100e+05   3.8330078e+01
   6.5042200e+05   3.7292480e+01
   6.5124100e+05   2.0085449e+03
   6.5751700e+05   4.6875000e+01
   6.5929100e+05   3.8513184e+01
   6.6086500e+05   4.0283203e+01
   6.6463700e+05   3.7841797e+01
   6.6702900e+05   3.7963867e+01
   6.6967200e+05   3.7780762e+01
   6.7234500e+05   4.3884277e+01
   6.7331400e+05   3.9978027e+01
   6.7469900e+05   4.0039063e+01
   6.7480900e+05   3.9611816e+01
   6.7565700e+05   4.4433594e+01
   6.8358300e+05   3.6865234e+01
   6.8826800e+05   4.1992188e+01
   6.8979200e+05   4.4189453e+01
   6.9338800e+05   3.7170410e+01
   6.9545000e+05   4.4067383e+01
   6.9769300e+05   3.9428711e+01
   7.0125500e+05   2.0061035e+03
   7.0182500e+05   3.9184570e+01
   7.0672400e+05   4.2785645e+01
   7.1101000e+05   4.5349121e+01
   7.1297400e+05   4.4555664e+01
   7.1488400e+05   4.0466309e+01
   7.1748700e+05   3.9550781e+01
   7.1965700e+05   3.8696289e+01
   7.2258900e+05   3.6865234e+01
   7.2502000e+05   4.1809082e+01
   7.2683700e+05   3.7109375e+01
   7.2898700e+05   4.0649414e+01
   7.3347400e+05   3.9367676e+01
   7.3526000e+05   4.9621582e+01
   7.3692700e+05   4.0283203e+01
   7.3906600e+05   3.8452148e+01
   7.4081400e+05   3.7536621e+01
   7.4313800e+05   4.1381836e+01
   7.4421400e+05   4.5654297e+01
   7.4696500e+05   4.2419434e+01
   7.4930900e+05   3.7658691e+01
   7.5127100e+05   3.9999390e+03
   7.5128200e+05   3.9855957e+01
   7.5150300e+05   3.9550781e+01
   7.5339300e+05   3.6804199e+01
   7.5491100e+05   3.6987305e+01
   7.5931200e+05   3.7292480e+01
   7.6191300e+05   3.7353516e+01
   7.6749700e+05   3.9794922e+01
   7.7153200e+05   4.6325684e+01
   7.7345400e+05   3.8513184e+01
   7.7768000e+05   4.0222168e+01
   7.7907700e+05   3.9367676e+01
   7.8469800e+05   3.9550781e+01
   7.9001300e+05   4.0527344e+01
   7.9173500e+05   4.3334961e+01
   7.9659600e+05   4.3273926e+01
   8.0128300e+05   2.0128174e+03
   8.0129500e+05   4.8767090e+01
   8.0142800e+05   4.5715332e+01
   8.0203600e+05   3.9794922e+01
   8.0208800e+05   4.2480469e+01
   8.0212500e+05   4.7119141e+01
   8.0230000e+05   5.4260254e+01
   8.0232800e+05   4.6630859e+01
   8.0243700e+05   3.9001465e+01
   8.0249500e+05   3.6743164e+01
   8.0253100e+05   4.0039063e+01
   8.0258800e+05   5.6213379e+01
   8.0273000e+05   4.9255371e+01
   8.0275300e+05   5.0598145e+01
   8.0282900e+05   5.9204102e+01
   8.0288000e+05   3.8024902e+01
   8.0294100e+05   4.4372559e+01
   8.0304200e+05   5.2856445e+01
   8.0307600e+05   5.5847168e+01
   8.0317300e+05   4.9072266e+01
   8.0323100e+05   4.9011230e+01
   8.0333300e+05   6.1462402e+01
   8.0343000e+05   3.7109375e+01
   8.0354600e+05   5.4992676e+01
   8.0357400e+05   4.3334961e+01
   8.0358500e+05   3.9123535e+01
   8.0373100e+05   4.7607422e+01
   8.0375500e+05   4.4128418e+01
   8.0379200e+05   3.8208008e+01
   8.0380700e+05   3.7231445e+01
   8.0391100e+05   3.7841797e+01
   8.0396500e+05   4.8400879e+01
   8.0406100e+05   4.1381836e+01
   8.0420400e+05   4.9621582e+01
   8.0447200e+05   4.1809082e+01
   8.0457800e+05   5.1574707e+01
   8.0475500e+05   4.2968750e+01
   8.0518900e+05   4.7851563e+01
   8.0528700e+05   3.9794922e+01
   8.0536000e+05   3.8818359e+01
   8.0556100e+05   4.0771484e+01
   8.0574600e+05   3.8085938e+01
   8.0593100e+05   3.8696289e+01
   8.2073200e+05   4.0649414e+01
   8.2265900e+05   4.6569824e+01
   8.2512800e+05   4.7058105e+01
   8.2697400e+05   3.9184570e+01
   8.2873600e+05   4.0649414e+01
   8.3020800e+05   3.8879395e+01
   8.3492500e+05   4.2480469e+01
   8.3675800e+05   3.6865234e+01
   8.3882800e+05   3.8696289e+01
   8.4095200e+05   3.9367676e+01
   8.4276300e+05   4.0710449e+01
   8.4415300e+05   3.7597656e+01
   8.4604400e+05   3.8269043e+01
   8.4840700e+05   4.0039063e+01
   8.5129700e+05   2.0103149e+03
   8.5225300e+05   3.8879395e+01
   8.5950700e+05   3.7597656e+01
   8.6114800e+05   3.9611816e+01
   8.6267700e+05   4.1381836e+01
   8.6388000e+05   3.8757324e+01
   8.6989300e+05   3.7536621e+01
   8.7460700e+05   3.9367676e+01
   8.7637100e+05   3.7475586e+01
   8.7810500e+05   3.6621094e+01
   8.7957000e+05   3.6743164e+01
   8.8170000e+05   4.1625977e+01
   8.8357600e+05   3.9428711e+01
   8.8706100e+05   3.9611816e+01
   8.9107700e+05   3.6682129e+01
   8.9256500e+05   3.8574219e+01
   8.9579800e+05   3.6621094e+01
   8.9896600e+05   3.8085938e+01
   9.0131100e+05   2.0091553e+03
   9.0178800e+05   4.5532227e+01
   9.0353600e+05   4.0039063e+01
   9.0412900e+05   5.0170898e+01
   9.0415500e+05   4.4128418e+01
   9.0422100e+05   3.8330078e+01
   9.0443400e+05   4.4433594e+01
   9.0450200e+05   3.6621094e+01
   9.0455300e+05   3.9733887e+01
   9.0457200e+05   4.3823242e+01
   9.0465200e+05   5.6396484e+01
   9.0469700e+05   4.8828125e+01
   9.0474400e+05   4.3273926e+01
   9.0488300e+05   3.7048340e+01
   9.0490100e+05   4.0039063e+01
   9.0493000e+05   3.8696289e+01
   9.0496300e+05   4.1198730e+01
   9.0500300e+05   3.7048340e+01
   9.0505800e+05   5.2856445e+01
   9.0507900e+05   6.2133789e+01
   9.0510600e+05   7.2814941e+01
   9.0525800e+05   3.7841797e+01
   9.0531400e+05   4.3640137e+01
   9.0533100e+05   4.4494629e+01
   9.0538200e+05   5.4443359e+01
   9.0554300e+05   3.9550781e+01
   9.0556800e+05   4.0344238e+01
   9.0558600e+05   4.6142578e+01
   9.0563900e+05   3.7536621e+01
   9.0575100e+05   4.5349121e+01
   9.0589100e+05   3.6743164e+01
   9.0593400e+05   5.8471680e+01
   9.0601200e+05   4.4555664e+01
   9.0607900e+05   4.7302246e+01
   9.0621100e+05   3.7902832e+01
   9.0629000e+05   5.0170898e+01
   9.0657800e+05   3.7292480e+01
   9.0663200e+05   4.0283203e+01
   9.0665500e+05   4.4555664e+01
   9.0670500e+05   3.7414551e+01
   9.0697800e+05   4.2785645e+01
   9.0702900e+05   3.8330078e+01
   9.0712800e+05   4.2358398e+01
   9.0748900e+05   4.1137695e+01
   9.0796100e+05   4.0710449e+01
   9.0803100e+05   3.9978027e+01
   9.2063500e+05   3.6743164e+01
   9.2224200e+05   4.3518066e+01
   9.2517400e+05   4.3395996e+01
   9.2701700e+05   4.0527344e+01
   9.2871800e+05   3.6926270e+01
   9.3065600e+05   3.8391113e+01
   9.3357100e+05   3.6987305e+01
   9.3496900e+05   3.8940430e+01
   9.3658800e+05   3.8024902e+01
   9.3992600e+05   3.7902832e+01
   9.4284600e+05   3.6804199e+01
   9.4418100e+05   3.7170410e+01
   9.4539400e+05   3.6682129e+01
   9.4725000e+05   3.7109375e+01
   9.4884700e+05   3.9916992e+01
   9.5067800e+05   3.8818359e+01
   9.5132500e+05   2.0048218e+03
   9.5469100e+05   4.9804688e+01
   9.5551800e+05   4.1992188e+01
   9.5626900e+05   3.6926270e+01
   9.5639900e+05   3.7536621e+01
   9.5850500e+05   4.5837402e+01
   9.6539400e+05   4.0710449e+01
   9.6680500e+05   4.1442871e+01
   9.6895500e+05   4.0710449e+01
   9.7373400e+05   4.0283203e+01
   9.7552600e+05   4.2724609e+01
   9.8022200e+05   3.7353516e+01
   9.8313600e+05   3.7170410e+01
   9.8516200e+05   3.9855957e+01
   9.8699200e+05   4.3151855e+01
   9.8986700e+05   3.8024902e+01
   9.9154900e+05   3.9245605e+01
   9.9441300e+05   4.4311523e+01
   9.9704700e+05   4.0649414e+01
   1.0013390e+06   2.0076294e+03
   1.0024370e+06   3.6682129e+01
   1.0035190e+06   4.4189453e+01
   1.0040960e+06   4.2297363e+01
   1.0044330e+06   4.0588379e+01
   1.0044560e+06   3.7963867e+01
   1.0044740e+06   3.9184570e+01
   1.0048890e+06   4.5227051e+01
   1.0049500e+06   4.0893555e+01
   1.0050050e+06   5.0109863e+01
   1.0050480e+06   3.6987305e+01
   1.0052390e+06   4.8706055e+01
   1.0052680e+06   4.9804688e+01
   1.0053580e+06   4.8339844e+01
   1.0053930e+06   3.8391113e+01
   1.0055340e+06   3.9672852e+01
   1.0055610e+06   4.8767090e+01
   1.0057320e+06   4.3640137e+01
   1.0059080e+06   4.4616699e+01
   1.0059280e+06   3.8940430e+01
   1.0062420e+06   3.9123535e+01
   1.0063480e+06   3.9245605e+01
   1.0067480e+06   6.1340332e+01
   1.0083630e+06   3.7109375e+01
   1.0183810e+06   4.1320801e+01
   1.0209960e+06   4.1320801e+01
   1.0236230e+06   4.0466309e+01
   1.0297140e+06   3.7475586e+01
   1.0312540e+06   3.9123535e+01
   1.0347380e+06   3.9916992e+01
   1.0383660e+06   4.3151855e+01
   1.0434650e+06   4.4616699e+01
   1.0454830e+06   3.9672852e+01
   1.0487300e+06   3.8452148e+01
   1.0513530e+06   2.0258789e+03
   1.0529160e+06   3.7780762e+01
   1.0544310e+06   3.7109375e+01
   1.0550620e+06   4.2358398e+01
   1.0553240e+06   4.8583984e+01
   1.0559870e+06   3.7170410e+01
   1.0560090e+06   3.7109375e+01
   1.0580220e+06   3.6682129e+01
   1.0701250e+06   3.6682129e+01
   1.0717760e+06   4.0344238e+01
   1.0734360e+06   4.0100098e+01
   1.0748510e+06   3.8146973e+01
   1.0765020e+06   4.1809082e+01
   1.0787060e+06   3.7963867e+01
   1.0809540e+06   3.8574219e+01
   1.0843600e+06   3.9428711e+01
   1.0869370e+06   3.7109375e+01
   1.0907710e+06   4.2480469e+01
   1.0924520e+06   4.6875000e+01
   1.0938260e+06   4.2114258e+01
   1.0955400e+06   3.8574219e+01
   1.0979780e+06   3.6865234e+01
   1.1010930e+06   3.9245605e+01
   1.1013690e+06   3.9999390e+03
   1.1024590e+06   4.1259766e+01
   1.1072630e+06   4.0344238e+01
   1.1104990e+06   3.6987305e+01
   1.1138750e+06   3.6743164e+01
   1.1159110e+06   4.4555664e+01
   1.1172600e+06   3.9428711e+01
   1.1264820e+06   3.7780762e+01
   1.1299130e+06   4.6813965e+01
   1.1300670e+06   3.9855957e+01
   1.1304890e+06   3.6621094e+01
   1.1306820e+06   3.9550781e+01
   1.1312640e+06   3.7292480e+01
   1.1313530e+06   6.0852051e+01
   1.1314220e+06   3.7292480e+01
   1.1316200e+06   5.3588867e+01
   1.1317770e+06   6.0791016e+01
   1.1321380e+06   3.8391113e+01
   1.1322480e+06   4.4250488e+01
   1.1328000e+06   4.3762207e+01
   1.1446030e+06   4.1076660e+01
   1.1469470e+06   3.7597656e+01
   1.1513810e+06   2.0067139e+03
   1.1522690e+06   4.9255371e+01
   1.1540450e+06   4.3457031e+01
   1.1563970e+06   4.0283203e+01
   1.1580150e+06   4.0222168e+01
   1.1599560e+06   3.7658691e+01
   1.1618210e+06   4.1137695e+01
   1.1631350e+06   4.0161133e+01
   1.1651210e+06   3.7597656e+01
   1.1679620e+06   3.7841797e+01
   1.1693890e+06   3.7475586e+01
   1.1716030e+06   3.9489746e+01
   1.1756260e+06   3.7170410e+01
   1.1780790e+06   3.7658691e+01
   1.1796470e+06   4.0893555e+01
   1.1806360e+06   4.4799805e+01
   1.1816220e+06   4.0100098e+01
   1.1826330e+06   4.6264648e+01
   1.1888740e+06   3.6987305e+01
   1.1923190e+06   3.6865234e+01
   1.1949220e+06   4.2541504e+01
   1.1984220e+06   3.8940430e+01
   1.2008910e+06   3.9978027e+01
   1.2013950e+06   2.0079956e+03
   1.2047590e+06   4.0405273e+01
   1.2068030e+06   3.7414551e+01
   1.2086230e+06   3.7536621e+01
   1.2118000e+06   3.9062500e+01
   1.2133630e+06   3.9550781e+01
   1.2176230e+06   4.0893555e+01
   1.2208670e+06   3.8330078e+01
   1.2267620e+06   3.6865234e+01
   1.2307820e+06   4.2236328e+01
   1.2368220e+06   4.1259766e+01
   1.2391760e+06   3.6987305e+01
   1.2410130e+06   4.4616699e+01
   1.2454640e+06   3.9184570e+01
   1.2490330e+06   3.6743164e+01
   1.2509930e+06   4.0222168e+01
   1.2514090e+06   2.0170898e+03
   1.2517730e+06   3.7597656e+01
   1.2517980e+06   3.8574219e+01
   1.2518540e+06   4.4433594e+01
   1.2521180e+06   3.7048340e+01
   1.2521400e+06   4.4128418e+01
   1.2521560e+06   3.9855957e+01
   1.2521780e+06   3.6926270e+01
   1.2522540e+06   6.0729980e+01
   1.2523220e+06   4.9682617e+01
   1.2523990e+06   4.9194336e+01
   1.2524860e+06   4.9255371e+01
   1.2525080e+06   4.7119141e+01
   1.2525870e+06   3.9367676e+01
   1.2526710e+06   4.3884277e+01
   1.2526870e+06   5.5847168e+01
   1.2527200e+06   6.1950684e+01
   1.2527640e+06   4.0100098e+01
   1.2528940e+06   3.9001465e+01
   1.2530060e+06   4.3334961e+01
   1.2530230e+06   4.3823242e+01
   1.2531170e+06   4.0649414e+01
   1.2531440e+06   4.6997070e+01
   1.2532530e+06   4.6020508e+01
   1.2532820e+06   3.9062500e+01
   1.2533390e+06   3.8269043e+01
   1.2535310e+06   5.2856445e+01
   1.2535760e+06   3.6926270e+01
   1.2535970e+06   3.7780762e+01
   1.2537560e+06   4.1198730e+01
   1.2539390e+06   5.3771973e+01
   1.2540040e+06   4.6203613e+01
   1.2542270e+06   3.8391113e+01
   1.2542610e+06   4.7973633e+01
   1.2543140e+06   4.7607422e+01
   1.2545180e+06   4.7546387e+01
   1.2546310e+06   4.3579102e+01
   1.2548320e+06   4.1992188e+01
   1.2548450e+06   4.5043945e+01
   1.2552410e+06   5.5908203e+01
   1.2556230e+06   3.6804199e+01
   1.2560360e+06   3.9489746e+01
   1.2706510e+06   3.8269043e+01
   1.2719690e+06   3.8452148e+01
   1.2744400e+06   4.0405273e+01
   1.2764370e+06   3.9062500e+01
   1.2782310e+06   3.8269043e+01
   1.2845090e+06   4.5837402e+01
   1.2873290e+06   3.8574219e+01
   1.2884620e+06   4.3273926e+01
   1.2895920e+06   4.2480469e+01
   1.2917860e+06   4.3579102e+01
   1.2933260e+06   3.8146973e+01
   1.2962980e+06   4.0710449e+01
   1.2985240e+06   4.0466309e+01
   1.3012660e+06   3.7475586e+01
   1.3014230e+06   2.0076294e+03
   1.3052030e+06   3.6682129e+01
   1.3084210e+06   3.8452148e+01
   1.3107740e+06   3.7658691e+01
   1.3139800e+06   4.7058105e+01
   1.3190480e+06   4.4006348e+01
   1.3228460e+06   3.8452148e+01
   1.3254600e+06   4.2297363e+01
   1.3275720e+06   3.7292480e+01
   1.3295440e+06   4.4921875e+01
   1.3314430e+06   3.7231445e+01
   1.3349890e+06   3.8024902e+01
   1.3387300e+06   3.9123535e+01
   1.3411670e+06   3.7597656e+01
   1.3424500e+06   3.7475586e+01
   1.3446590e+06   4.7424316e+01
   1.3452690e+06   3.7109375e+01
   1.3476400e+06   4.0893555e+01
   1.3484480e+06   4.0649414e+01
   1.3490780e+06   3.7109375e+01
   1.3491750e+06   3.6865234e+01
   1.3494120e+06   3.8146973e+01
   1.3502100e+06   3.8574219e+01
   1.3510700e+06   3.7231445e+01
   1.3514370e+06   2.0093384e+03
   1.3572380e+06   3.9428711e+01
   1.3592300e+06   3.7658691e+01
   1.3616550e+06   3.7536621e+01
   1.3723140e+06   5.3527832e+01
   1.3741310e+06   4.0893555e+01
   1.3769210e+06   3.8146973e+01
   1.3797930e+06   3.7780762e+01
   1.3821590e+06   3.8574219e+01
   1.3848150e+06   3.8818359e+01
   1.3866560e+06   3.9428711e+01
   1.3876920e+06   4.0161133e+01
   1.3884190e+06   4.8278809e+01
   1.3891530e+06   3.9184570e+01
   1.3895220e+06   3.8330078e+01
   1.3917950e+06   3.6682129e+01
   1.4014510e+06   2.0080566e+03
   1.4017440e+06   3.8452148e+01
   1.4074800e+06   4.1625977e+01
   1.4094260e+06   3.9916992e+01
   1.4135160e+06   3.8818359e+01
   1.4151100e+06   4.0466309e+01
   1.4163190e+06   3.9672852e+01
   1.4196220e+06   4.2358398e+01
   1.4249340e+06   4.2724609e+01
   1.4272680e+06   4.3334961e+01
   1.4298120e+06   3.6621094e+01
   1.4318250e+06   3.7414551e+01
   1.4323260e+06   3.7597656e+01
   1.4324680e+06   3.8085938e+01
   1.4329050e+06   3.8879395e+01
   1.4340370e+06   3.9367676e+01
   1.4353370e+06   3.7048340e+01
   1.4460220e+06   4.0649414e+01
   1.4479510e+06   4.2480469e+01
   1.4500180e+06   3.8757324e+01
   1.4514650e+06   2.0117798e+03
   1.4536950e+06   3.7048340e+01
   1.4565160e+06   3.9916992e+01
   1.4630160e+06   3.9001465e+01
   1.4657980e+06   4.2602539e+01
   1.4690470e+06   4.0893555e+01
   1.4708390e+06   3.6926270e+01
   1.4730730e+06   3.9855957e+01
   1.4740380e+06   3.8085938e+01
   1.4784410e+06   3.6987305e+01
   1.4800060e+06   3.8146973e+01
   1.4844940e+06   4.1809082e+01
   1.4858160e+06   4.0344238e+01
   1.4860680e+06   3.7536621e+01
   1.4871860e+06   4.0893555e+01
   1.4884450e+06   4.2907715e+01
   1.4916340e+06   3.7597656e+01
   1.4974290e+06   3.7658691e+01
   1.4996660e+06   4.2663574e+01
   1.5014790e+06   2.0057373e+03
   1.5017910e+06   4.0405273e+01
   1.5050300e+06   4.2724609e+01
   1.5073300e+06   4.0405273e+01
   1.5103150e+06   3.7658691e+01
   1.5123970e+06   3.7170410e+01
   1.5144600e+06   3.8269043e+01
   1.5206850e+06   4.0100098e+01
   1.5227600e+06   3.8330078e+01
   1.5256330e+06   3.7292480e+01
   1.5271810e+06   3.7658691e+01
   1.5287410e+06   4.8767090e+01
   1.5305950e+06   3.7353516e+01
   1.5326760e+06   4.4982910e+01
   1.5329750e+06   3.9001465e+01
   1.5334190e+06   3.6865234e+01
   1.5337020e+06   4.3884277e+01
   1.5348440e+06   3.9001465e+01
   1.5461480e+06   4.1137695e+01
   1.5498120e+06   4.0344238e+01
   1.5514950e+06   3.9999390e+03
   1.5517760e+06   4.0832520e+01
   1.5537210e+06   4.1625977e+01
   1.5549550e+06   3.9367676e+01
   1.5561710e+06   3.8818359e+01
   1.5575670e+06   3.7475586e+01
   1.5596060e+06   3.8940430e+01
   1.5671210e+06   3.8085938e+01
   1.5702460e+06   4.2785645e+01
   1.5734310e+06   4.2358398e+01
   1.5783200e+06   3.9306641e+01
   1.5837150e+06   3.7231445e+01
   1.5851840e+06   3.9245605e+01
   1.5871250e+06   3.6682129e+01
   1.5899520e+06   3.8513184e+01
   1.5935660e+06   3.8085938e+01
   1.5965420e+06   4.1870117e+01
   1.5990760e+06   4.4555664e+01
   1.6015070e+06   2.0097656e+03
   1.6022150e+06   4.4433594e+01
   1.6057460e+06   3.9489746e+01
   1.6080260e+06   3.7353516e+01
   1.6103920e+06   3.6743164e+01
   1.6132650e+06   3.8879395e+01
   1.6145800e+06   4.2419434e+01
   1.6164190e+06   3.8818359e+01
   1.6185070e+06   4.3579102e+01
   1.6246960e+06   3.6804199e+01
   1.6261080e+06   3.6926270e+01
   1.6280450e+06   3.8085938e+01
   1.6281020e+06   4.5288086e+01
   1.6287710e+06   4.4860840e+01
   1.6289360e+06   3.8391113e+01
   1.6301880e+06   4.0222168e+01
   1.6430430e+06   4.0527344e+01
   1.6449690e+06   3.7109375e+01
   1.6483060e+06   3.9367676e+01
   1.6515230e+06   3.9999390e+03
   1.6521300e+06   3.6804199e+01
   1.6552970e+06   3.6865234e+01
   1.6587040e+06   3.7658691e+01
   1.6603960e+06   4.3518066e+01
   1.6629360e+06   4.2785645e+01
   1.6645980e+06   3.7475586e+01
   1.6673090e+06   4.0222168e+01
   1.6692370e+06   3.6804199e+01
   1.6786800e+06   3.7963867e+01
   1.6800880e+06   4.1992188e+01
   1.6822210e+06   3.6743164e+01
   1.6861740e+06   4.0161133e+01
   1.6877460e+06   3.8269043e+01
   1.6879620e+06   4.3640137e+01
   1.6880630e+06   3.8269043e+01
   1.6882490e+06   4.2602539e+01
   1.6886950e+06   4.7424316e+01
   1.6887420e+06   6.7443848e+01
   1.6890380e+06   6.8420410e+01
   1.6892560e+06   4.6813965e+01
   1.6894050e+06   5.7861328e+01
   1.6895210e+06   4.2907715e+01
   1.6896020e+06   4.1320801e+01
   1.6896830e+06   4.6081543e+01
   1.6897410e+06   3.7292480e+01
   1.6897970e+06   4.3273926e+01
   1.6901300e+06   4.1809082e+01
   1.6902860e+06   4.2114258e+01
   1.6905980e+06   5.4260254e+01
   1.6908930e+06   3.9611816e+01
   1.6918900e+06   3.8574219e+01
   1.6919260e+06   3.8085938e+01
   1.7015370e+06   3.9999390e+03
   1.7033450e+06   3.7780762e+01
   1.7059380e+06   3.6865234e+01
   1.7091630e+06   3.9184570e+01
   1.7150380e+06   3.6926270e+01
   1.7189930e+06   4.1198730e+01
   1.7201910e+06   3.7719727e+01
   1.7218610e+06   4.8095703e+01
   1.7285210e+06   3.9001465e+01
   1.7326610e+06   3.7719727e+01
   1.7351680e+06   4.1564941e+01
   1.7386420e+06   4.2846680e+01
   1.7407180e+06   3.9611816e+01
   1.7412840e+06   3.8146973e+01
   1.7415920e+06   3.9611816e+01
   1.7424520e+06   3.7841797e+01
   1.7430430e+06   4.3029785e+01
   1.7505930e+06   3.8208008e+01
   1.7515490e+06   2.0112915e+03
   1.7515600e+06   4.5898438e+01
   1.7523580e+06   3.8085938e+01
   1.7568470e+06   3.6926270e+01
   1.7614610e+06   4.0283203e+01
   1.7642350e+06   3.6926270e+01
   1.7664690e+06   3.7902832e+01
   1.7681000e+06   3.7780762e+01
   1.7697330e+06   3.7109375e+01
   1.7711790e+06   3.6926270e+01
   1.7752300e+06   3.9367676e+01
   1.7786840e+06   3.8269043e+01
   1.7808860e+06   4.1748047e+01
   1.7827870e+06   4.1198730e+01
   1.7835390e+06   4.1198730e+01
   1.7843210e+06   4.3273926e+01
   1.7905910e+06   3.7963867e+01
   1.7938090e+06   4.0283203e+01
   1.7993360e+06   4.2602539e+01
   1.8015650e+06   3.9999390e+03
   1.8061190e+06   3.6743164e+01
   1.8082860e+06   3.6682129e+01
   1.8132630e+06   4.0222168e+01
   1.8297120e+06   4.1259766e+01
   1.8309240e+06   3.8879395e+01
   1.8324400e+06   3.7597656e+01
   1.8348520e+06   3.8452148e+01
   1.8370420e+06   4.2358398e+01
   1.8389350e+06   3.8024902e+01
   1.8405820e+06   4.1503906e+01
   1.8429730e+06   3.8635254e+01
   1.8447900e+06   4.0161133e+01
   1.8453290e+06   5.3405762e+01
   1.8454370e+06   3.8635254e+01
   1.8461830e+06   4.0100098e+01
   1.8463360e+06   3.6987305e+01
   1.8478440e+06   3.6987305e+01
   1.8515770e+06   2.0114746e+03
   1.8605060e+06   3.6926270e+01
   1.8678780e+06   4.5410156e+01
   1.8727040e+06   3.9184570e+01
   1.8744860e+06   4.1503906e+01
   1.8794670e+06   3.6621094e+01
   1.8846710e+06   3.9916992e+01
   1.8868070e+06   4.2846680e+01
   1.8888970e+06   3.8208008e+01
   1.8927900e+06   4.0405273e+01
   1.9013890e+06   4.2419434e+01
   1.9015930e+06   3.9999390e+03
   1.9045600e+06   3.9367676e+01
   1.9077760e+06   3.7353516e+01
   1.9146570e+06   3.9916992e+01
   1.9163060e+06   3.7170410e+01
   1.9215330e+06   3.6926270e+01
   1.9238510e+06   3.6926270e+01
   1.9253390e+06   4.1809082e+01
   1.9270400e+06   3.7475586e+01
   1.9351150e+06   3.8574219e+01
   1.9402970e+06   4.4921875e+01
   1.9420600e+06   3.8330078e+01
   1.9435730e+06   3.7719727e+01
   1.9505030e+06   3.9245605e+01
   1.9516050e+06   2.0092163e+03
   1.9518190e+06   3.6621094e+01
   1.9535610e+06   4.0222168e+01
   1.9536490e+06   4.5288086e+01
   1.9537760e+06   3.9245605e+01
   1.9539970e+06   5.1269531e+01
   1.9541850e+06   3.7231445e+01
   1.9542660e+06   5.4748535e+01
   1.9544940e+06   4.6936035e+01
   1.9547780e+06   4.8278809e+01
   1.9548490e+06   4.7058105e+01
   1.9549180e+06   3.7231445e+01
   1.9549550e+06   5.4321289e+01
   1.9550330e+06   3.6621094e+01
   1.9552130e+06   4.8767090e+01
   1.9553060e+06   3.8696289e+01
   1.9554520e+06   4.6081543e+01
   1.9555990e+06   5.4748535e+01
   1.9556330e+06   3.6682129e+01
   1.9557540e+06   4.7485352e+01
   1.9558120e+06   4.6386719e+01
   1.9560180e+06   4.6142578e+01
   1.9562100e+06   4.1564941e+01
   1.9563290e+06   5.4565430e+01
   1.9564300e+06   3.8330078e+01
   1.9566210e+06   4.2541504e+01
   1.9568170e+06   4.1320801e+01
   1.9578080e+06   3.8574219e+01
   1.9667370e+06   3.9855957e+01
   1.9700450e+06   3.8635254e+01
   1.9717080e+06   3.8085938e+01
   1.9746830e+06   3.7353516e+01
   1.9763920e+06   3.8146973e+01
   1.9890420e+06   3.9428711e+01
   1.9906550e+06   3.8696289e+01
   1.9937950e+06   3.8391113e+01
   1.9999120e+06   3.9123535e+01
   2.0016190e+06   2.0100098e+03
   2.0026640e+06   3.8146973e+01
   2.0037850e+06   3.9428711e+01
   2.0053820e+06   3.7048340e+01
   2.0070960e+06   4.1076660e+01
   2.0168470e+06   3.8085938e+01
   2.0240140e+06   4.6630859e+01
   2.0289610e+06   4.5715332e+01
   2.0355210e+06   3.9794922e+01
   2.0390460e+06   3.8208008e+01
   2.0402310e+06   4.5837402e+01
   2.0413140e+06   3.7902832e+01
   2.0433600e+06   3.9306641e+01
   2.0439270e+06   3.9123535e+01
   2.0489690e+06   3.9001465e+01
   2.0516350e+06   3.9999390e+03
   2.0589450e+06   4.0283203e+01
   2.0623030e+06   4.0161133e+01
   2.0667470e+06   3.9123535e+01
   2.0685190e+06   4.2602539e+01
   2.0704540e+06   3.7414551e+01
   2.0726420e+06   3.9916992e+01
   2.0764230e+06   4.1442871e+01
   2.0821080e+06   3.7109375e+01
   2.0856990e+06   3.7597656e+01
   2.0876030e+06   3.7780762e+01
   2.0935560e+06   3.9611816e+01
   2.0978860e+06   3.9367676e+01
   2.0993480e+06   3.8513184e+01
   2.1016490e+06   3.9999390e+03
   2.1039740e+06   4.3701172e+01
   2.1040920e+06   3.7109375e+01
   2.1045850e+06   3.6865234e+01
   2.1054510e+06   3.6621094e+01
   2.1228950e+06   3.6865234e+01
   2.1263910e+06   3.6743164e+01
   2.1337530e+06   3.8574219e+01
   2.1441500e+06   3.6865234e+01
   2.1493740e+06   4.1564941e+01
   2.1514490e+06   3.6682129e+01
   2.1516630e+06   3.9999390e+03
   2.1529530e+06   3.9123535e+01
   2.1541640e+06   4.0161133e+01
   2.1545890e+06   4.1259766e+01
   2.1548920e+06   4.5227051e+01
   2.1672640e+06   3.6987305e+01
   2.1695150e+06   3.6865234e+01
   2.1793240e+06   4.0954590e+01
   2.1806660e+06   3.8024902e+01
   2.1823580e+06   3.9184570e+01
   2.1837440e+06   3.8879395e+01
   2.1882600e+06   3.6682129e+01
   2.1910300e+06   3.8391113e+01
   2.1921960e+06   3.9978027e+01
   2.1946530e+06   3.7231445e+01
   2.1956680e+06   3.8330078e+01
   2.1983420e+06   4.1503906e+01
   2.1998880e+06   3.8085938e+01
   2.2016770e+06   3.9999390e+03
   2.2025100e+06   3.9123535e+01
   2.2118180e+06   3.9367676e+01
   2.2238660e+06   3.8879395e+01
   2.2252730e+06   4.3945313e+01
   2.2291790e+06   3.7109375e+01
   2.2334330e+06   3.7231445e+01
   2.2392920e+06   3.7963867e+01
   2.2445050e+06   3.9001465e+01
   2.2516890e+06   2.0083618e+03
   2.2545300e+06   3.7719727e+01
   2.2549490e+06   4.1809082e+01
   2.2557540e+06   3.7048340e+01
   2.2560680e+06   3.7963867e+01
   2.2577090e+06   3.6621094e+01
   2.2669140e+06   3.9123535e+01
   2.2752630e+06   3.8269043e+01
   2.2774320e+06   3.7719727e+01
   2.2802110e+06   4.3334961e+01
   2.2890430e+06   3.7292480e+01
   2.2920670e+06   3.7353516e+01
   2.2952400e+06   3.6682129e+01
   2.2962050e+06   3.8024902e+01
   2.2967360e+06   3.7536621e+01
   2.3017030e+06   2.0127563e+03
   2.3085180e+06   3.8330078e+01
   2.3175190e+06   3.6804199e+01
   2.3202200e+06   4.9072266e+01
   2.3219670e+06   3.8635254e+01
   2.3234690e+06   3.7170410e+01
   2.3252090e+06   3.7902832e+01
   2.3275940e+06   3.7109375e+01
   2.3321430e+06   4.3212891e+01
   2.3353710e+06   3.7109375e+01
   2.3387960e+06   3.7597656e+01
   2.3480890e+06   4.0283203e+01
   2.3517170e+06   2.0080566e+03
   2.3536970e+06   3.8269043e+01
   2.3545760e+06   4.1870117e+01
   2.3546620e+06   5.2490234e+01
   2.3552470e+06   4.4738770e+01
   2.3569520e+06   4.0039063e+01
   2.3640840e+06   4.0405273e+01
   2.3687360e+06   4.3395996e+01
   2.3732110e+06   4.1931152e+01
   2.3908110e+06   3.8574219e+01
   2.3979360e+06   3.6743164e+01
   2.4013150e+06   3.9001465e+01
   2.4017310e+06   2.0050659e+03
   2.4041690e+06   3.7170410e+01
   2.4048570e+06   3.7963867e+01
   2.4050470e+06   4.1259766e+01
   2.4059310e+06   3.8146973e+01
   2.4067960e+06   3.6865234e+01
   2.4158640e+06   3.9916992e+01
   2.4179610e+06   3.8391113e+01
   2.4220130e+06   3.9367676e+01
   2.4229870e+06   3.8269043e+01
   2.4308730e+06   3.9306641e+01
   2.4359050e+06   4.4372559e+01
   2.4451650e+06   3.7353516e+01
   2.4469420e+06   4.0222168e+01
   2.4508600e+06   3.6743164e+01
   2.4517450e+06   2.0069580e+03
   2.4524710e+06   3.8330078e+01
   2.4546230e+06   4.4250488e+01
   2.4548460e+06   3.8024902e+01
   2.4553170e+06   3.7841797e+01
   2.4553350e+06   4.4799805e+01
   2.4554300e+06   4.0649414e+01
   2.4555750e+06   4.9682617e+01
   2.4557980e+06   4.6508789e+01
   2.4558430e+06   6.1462402e+01
   2.4560550e+06   6.2255859e+01
   2.4561640e+06   4.2724609e+01
   2.4563000e+06   3.7597656e+01
   2.4563710e+06   4.4494629e+01
   2.4563870e+06   4.1931152e+01
   2.4564790e+06   4.1748047e+01
   2.4565600e+06   5.8898926e+01
   2.4566230e+06   4.8278809e+01
   2.4568430e+06   4.1137695e+01
   2.4568980e+06   5.2978516e+01
   2.4569360e+06   4.6508789e+01
   2.4570290e+06   3.9550781e+01
   2.4571820e+06   3.8146973e+01
   2.4572340e+06   4.4067383e+01
   2.4574920e+06   5.8532715e+01
   2.4575700e+06   5.8776855e+01
   2.4577950e+06   4.5471191e+01
   2.4578230e+06   3.7292480e+01
   2.4580480e+06   4.7851563e+01
   2.4581110e+06   4.4494629e+01
   2.4583500e+06   4.0283203e+01
   2.4583800e+06   4.1992188e+01
   2.4584850e+06   4.6569824e+01
   2.4587320e+06   5.5725098e+01
   2.4588890e+06   4.4799805e+01
   2.4596130e+06   3.6987305e+01
   2.4727380e+06   3.7536621e+01
   2.4804290e+06   4.1381836e+01
   2.4839080e+06   3.7353516e+01
   2.4950440e+06   3.8452148e+01
   2.5062270e+06   3.8818359e+01
   2.5079750e+06   3.9184570e+01
   2.5206660e+06   3.7841797e+01
   2.5219870e+06   3.7475586e+01
   2.5240820e+06   4.0405273e+01
   2.5280880e+06   3.8391113e+01
   2.5292150e+06   4.2968750e+01
   2.5303220e+06   4.1381836e+01
   2.5426280e+06   3.9978027e+01
   2.5436330e+06   4.0954590e+01
   2.5452880e+06   4.2236328e+01
   2.5561210e+06   4.2724609e+01
   2.5566210e+06   4.6142578e+01
   2.5566670e+06   4.9682617e+01
   2.5568860e+06   4.9743652e+01
   2.5570060e+06   3.9978027e+01
   2.5570700e+06   4.5898438e+01
   2.5572090e+06   4.4555664e+01
   2.5573640e+06   4.9438477e+01
   2.5573990e+06   3.7353516e+01
   2.5574740e+06   5.6762695e+01
   2.5575600e+06   7.8247070e+01
   2.5575910e+06   6.8176270e+01
   2.5576920e+06   4.1259766e+01
   2.5577880e+06   4.7546387e+01
   2.5578060e+06   4.5593262e+01
   2.5578260e+06   4.2480469e+01
   2.5578960e+06   3.7475586e+01
   2.5579760e+06   5.2246094e+01
   2.5580000e+06   3.8146973e+01
   2.5580380e+06   4.4677734e+01
   2.5581020e+06   4.6508789e+01
   2.5581670e+06   4.5471191e+01
   2.5582320e+06   4.2358398e+01
   2.5583400e+06   3.9367676e+01
   2.5583500e+06   4.7912598e+01
   2.5583710e+06   4.0222168e+01
   2.5584210e+06   4.1809082e+01
   2.5585360e+06   5.7495117e+01
   2.5586580e+06   4.3273926e+01
   2.5587170e+06   4.3579102e+01
   2.5587970e+06   3.8085938e+01
   2.5588440e+06   4.2419434e+01
   2.5589050e+06   4.6875000e+01
   2.5589720e+06   4.6386719e+01
   2.5590770e+06   3.8391113e+01
   2.5592220e+06   4.7302246e+01
   2.5593240e+06   3.7048340e+01
   2.5593450e+06   4.1015625e+01
   2.5594310e+06   4.0588379e+01
   2.5596030e+06   4.4250488e+01
   2.5597430e+06   3.7841797e+01
   2.5598550e+06   5.6030273e+01
   2.5598760e+06   4.0588379e+01
   2.5601360e+06   3.8024902e+01
   2.5603340e+06   4.2236328e+01
   2.5605260e+06   4.2907715e+01
   2.5607970e+06   4.4555664e+01
   2.5608360e+06   4.3823242e+01
   2.5612760e+06   4.0466309e+01
   2.5718990e+06   3.7475586e+01
   2.5793030e+06   3.7902832e+01
   2.5807680e+06   3.9001465e+01
   2.5866660e+06   3.7048340e+01
   2.5890590e+06   3.8085938e+01
   2.5906910e+06   3.9001465e+01
   2.5973920e+06   4.0588379e+01
   2.6026670e+06   3.7353516e+01
   2.6041360e+06   3.7109375e+01
   2.6088340e+06   4.1320801e+01
   2.6117660e+06   3.7292480e+01
   2.6166860e+06   3.7658691e+01
   2.6314150e+06   3.7353516e+01
   2.6369210e+06   4.0161133e+01
   2.6410870e+06   3.7292480e+01
   2.6433720e+06   3.7414551e+01
   2.6455410e+06   4.0039063e+01
   2.6478750e+06   3.7719727e+01
   2.6490200e+06   3.7597656e+01
   2.6492180e+06   4.7302246e+01
   2.6502590e+06   4.0954590e+01
   2.6530220e+06   4.1076660e+01
   2.6581490e+06   3.8146973e+01
   2.6598670e+06   3.8085938e+01
   2.6609000e+06   3.7048340e+01
   2.6622620e+06   3.7414551e+01
   2.6639880e+06   4.3273926e+01
   2.6671720e+06   3.6621094e+01
   2.6673150e+06   5.0537109e+01
   2.6675090e+06   6.7932129e+01
   2.6676720e+06   3.8330078e+01
   2.6677130e+06   5.0415039e+01
   2.6677600e+06   4.6752930e+01
   2.6677920e+06   8.2580566e+01
   2.6678400e+06   4.7302246e+01
   2.6678890e+06   4.5654297e+01
   2.6679750e+06   4.2236328e+01
   2.6680390e+06   4.6936035e+01
   2.6680770e+06   4.6203613e+01
   2.6682750e+06   3.7597656e+01
   2.6683440e+06   3.7780762e+01
   2.6684520e+06   5.3955078e+01
   2.6684710e+06   4.3762207e+01
   2.6686230e+06   4.7790527e+01
   2.6686730e+06   4.0588379e+01
   2.6687660e+06   4.1992188e+01
   2.6688180e+06   4.1503906e+01
   2.6689730e+06   3.7963867e+01
   2.6689980e+06   4.6813965e+01
   2.6690490e+06   3.8452148e+01
   2.6692050e+06   4.4555664e+01
   2.6692530e+06   4.3701172e+01
   2.6692810e+06   3.9306641e+01
   2.6694770e+06   4.6203613e+01
   2.6695290e+06   4.1015625e+01
   2.6696670e+06   3.8269043e+01
   2.6697250e+06   3.6987305e+01
   2.6701040e+06   3.8452148e+01
   2.6701330e+06   4.0405273e+01
   2.6702890e+06   3.7109375e+01
   2.6703510e+06   3.9001465e+01
   2.6704790e+06   4.1137695e+01
   2.6705600e+06   3.6804199e+01
   2.6706910e+06   3.8757324e+01
   2.6708680e+06   3.7719727e+01
   2.6709340e+06   3.7353516e+01
   2.6720580e+06   3.9367676e+01
   2.6727650e+06   3.9733887e+01
   2.6874840e+06   3.9428711e+01
   2.6890970e+06   3.8146973e+01
   2.6913320e+06   3.7048340e+01
   2.6927640e+06   4.1564941e+01
   2.6956970e+06   3.7597656e+01
   2.6967270e+06   3.9367676e+01
   2.7133030e+06   3.9001465e+01
   2.7193080e+06   3.7780762e+01
   2.7223980e+06   3.6621094e+01
   2.7292840e+06   4.0405273e+01
   2.7320010e+06   3.9123535e+01
   2.7408030e+06   3.7231445e+01
   2.7422040e+06   3.7109375e+01
   2.7463470e+06   3.6987305e+01
   2.7464410e+06   5.6762695e+01
   2.7465780e+06   3.9123535e+01
   2.7466760e+06   6.2805176e+01
   2.7467770e+06   4.7851563e+01
   2.7469050e+06   4.8400879e+01
   2.7469260e+06   4.2480469e+01
   2.7469660e+06   5.1452637e+01
   2.7470090e+06   5.6945801e+01
   2.7470670e+06   3.9672852e+01
   2.7472360e+06   4.6997070e+01
   2.7472500e+06   4.7790527e+01
   2.7472680e+06   4.0405273e+01
   2.7473190e+06   4.1564941e+01
   2.7474460e+06   3.9733887e+01
   2.7475270e+06   5.2673340e+01
   2.7475410e+06   3.9367676e+01
   2.7476430e+06   4.6875000e+01
   2.7476730e+06   3.7475586e+01
   2.7477000e+06   4.6081543e+01
   2.7477540e+06   6.2622070e+01
   2.7478120e+06   4.8645020e+01
   2.7478360e+06   4.0710449e+01
   2.7479950e+06   4.5715332e+01
   2.7480670e+06   4.5532227e+01
   2.7481410e+06   4.7607422e+01
   2.7482370e+06   5.0720215e+01
   2.7482740e+06   4.4982910e+01
   2.7484060e+06   4.6569824e+01
   2.7485110e+06   4.2175293e+01
   2.7485420e+06   3.7231445e+01
   2.7487740e+06   4.0039063e+01
   2.7489520e+06   3.9123535e+01
   2.7491190e+06   3.8208008e+01
   2.7491480e+06   4.5654297e+01
   2.7494290e+06   4.3334961e+01
   2.7494910e+06   3.6682129e+01
   2.7497630e+06   4.0893555e+01
   2.7500370e+06   4.3090820e+01
   2.7742150e+06   3.9184570e+01
   2.7898450e+06   3.7353516e+01
   2.8010960e+06   3.6743164e+01
   2.8044910e+06   3.7658691e+01
   2.8243660e+06   3.6743164e+01
   2.8285110e+06   3.7536621e+01
   2.8289670e+06   4.6203613e+01
   2.8292360e+06   4.5776367e+01
   2.8293390e+06   4.3212891e+01
   2.8293570e+06   5.5236816e+01
   2.8296370e+06   3.8635254e+01
   2.8297040e+06   5.1696777e+01
   2.8298270e+06   5.0048828e+01
   2.8298760e+06   4.9133301e+01
   2.8300200e+06   4.3212891e+01
   2.8300370e+06   3.6804199e+01
   2.8300680e+06   5.1513672e+01
   2.8301190e+06   5.9753418e+01
   2.8302290e+06   4.4738770e+01
   2.8302640e+06   3.9550781e+01
   2.8302930e+06   3.9184570e+01
   2.8303130e+06   4.4189453e+01
   2.8304180e+06   5.1818848e+01
   2.8305210e+06   4.7058105e+01
   2.8307450e+06   4.7119141e+01
   2.8307680e+06   5.4565430e+01
   2.8308440e+06   4.0283203e+01
   2.8309780e+06   4.3762207e+01
   2.8310960e+06   4.9255371e+01
   2.8311140e+06   3.7841797e+01
   2.8312610e+06   3.9367676e+01
   2.8314840e+06   4.2175293e+01
   2.8315510e+06   4.4189453e+01
   2.8318980e+06   4.2053223e+01
   2.8319200e+06   3.8940430e+01
   2.8324300e+06   5.4565430e+01
   2.8332230e+06   3.9062500e+01
   2.8337320e+06   4.2175293e+01
   2.8342490e+06   3.8696289e+01
   2.8456630e+06   3.9001465e+01
   2.8466450e+06   4.6386719e+01
   2.8470060e+06   4.0100098e+01
   2.8474730e+06   4.1931152e+01
   2.8487110e+06   3.6987305e+01
   2.8487610e+06   3.8146973e+01
   2.8491850e+06   3.6987305e+01
   2.8495680e+06   3.8818359e+01
   2.8669770e+06   4.1564941e+01
   2.8681210e+06   3.7780762e+01
   2.8685340e+06   4.0039063e+01
   2.8692140e+06   3.7170410e+01
   2.8700480e+06   3.8269043e+01
   2.8766760e+06   3.8574219e+01
   2.8807170e+06   4.0344238e+01
   2.8816680e+06   4.2480469e+01
   2.8823660e+06   3.6865234e+01
   2.8824020e+06   3.7902832e+01
   2.8824700e+06   3.7719727e+01
   2.8966320e+06   3.9611816e+01
   2.9031970e+06   3.7902832e+01
   2.9045400e+06   3.9306641e+01
   2.9097150e+06   3.9306641e+01
   2.9150590e+06   3.9733887e+01
   2.9230630e+06   3.7170410e+01
   2.9379080e+06   3.6865234e+01
   2.9419030e+06   3.6621094e+01
   2.9501410e+06   3.8635254e+01
   2.9572150e+06   3.6926270e+01
   2.9610330e+06   3.7780762e+01
   2.9623530e+06   3.6804199e+01
   2.9766260e+06   3.8574219e+01
   2.9954710e+06   3.9123535e+01
