   2.9990000e+06   0.0000000e+00
   1.0610000e+03   3.9999390e+03
   1.0710000e+03   3.3935547e+01
   1.6070000e+03   3.4057617e+01
   1.9560000e+03   3.3935547e+01
   2.1880000e+03   3.5522461e+01
   2.3280000e+03   3.5461426e+01
   2.4560000e+03   4.4067383e+01
   2.4940000e+03   3.4362793e+01
   2.5200000e+03   3.3081055e+01
   2.5920000e+03   3.2958984e+01
   2.6740000e+03   9.2041016e+01
   2.7400000e+03   3.2958984e+01
   2.8040000e+03   4.7485352e+01
   2.8400000e+03   4.2785645e+01
   2.8950000e+03   3.4057617e+01
   2.9780000e+03   3.5949707e+01
   3.0440000e+03   3.9062500e+01
   3.1590000e+03   3.5339355e+01
   3.2090000e+03   3.4851074e+01
   3.2830000e+03   3.4423828e+01
   3.4030000e+03   6.2500000e+01
   3.6010000e+03   3.6193848e+01
   3.6860000e+03   3.8635254e+01
   3.7520000e+03   4.0100098e+01
   3.9300000e+03   3.7048340e+01
   4.0400000e+03   6.7138672e+01
   4.0570000e+03   3.7353516e+01
   4.1670000e+03   3.4545898e+01
   4.2210000e+03   3.3874512e+01
   4.2480000e+03   4.4189453e+01
   4.4750000e+03   3.2592773e+01
   4.8840000e+03   3.5095215e+01
   5.2810000e+03   4.4189453e+01
   5.4030000e+03   3.9245605e+01
   5.9890000e+03   3.3630371e+01
   6.8660000e+03   3.5400391e+01
   1.8725000e+04   3.4729004e+01
   1.9739000e+04   4.9682617e+01
   2.8851000e+04   3.2714844e+01
   3.3360000e+04   3.5583496e+01
   5.1073000e+04   2.0034790e+03
   5.1086000e+04   3.7658691e+01
   5.1881000e+04   3.4790039e+01
   5.2233000e+04   3.7109375e+01
   5.2422000e+04   4.6447754e+01
   5.2514000e+04   3.9978027e+01
   5.2640000e+04   3.5888672e+01
   5.2747000e+04   3.6254883e+01
   5.2860000e+04   4.2907715e+01
   5.2891000e+04   3.4118652e+01
   5.3015000e+04   8.3312988e+01
   5.3042000e+04   3.7902832e+01
   5.3076000e+04   3.5278320e+01
   5.3117000e+04   4.0649414e+01
   5.3191000e+04   5.9204102e+01
   5.3249000e+04   3.7658691e+01
   5.3375000e+04   3.6193848e+01
   5.3443000e+04   3.8452148e+01
   5.3507000e+04   3.2714844e+01
   5.3584000e+04   3.7170410e+01
   5.3800000e+04   6.9824219e+01
   5.3852000e+04   3.7597656e+01
   5.3986000e+04   3.2775879e+01
   5.4156000e+04   4.4921875e+01
   5.4166000e+04   3.3447266e+01
   5.4217000e+04   3.3752441e+01
   5.4261000e+04   3.4606934e+01
   5.4549000e+04   3.4667969e+01
   5.4671000e+04   4.0100098e+01
   5.4820000e+04   3.3691406e+01
   5.4920000e+04   3.2348633e+01
   5.5692000e+04   3.4179688e+01
   5.5802000e+04   3.7841797e+01
   5.5942000e+04   3.3874512e+01
   5.6455000e+04   3.3813477e+01
   9.0437000e+04   3.4973145e+01
   9.3044000e+04   3.2470703e+01
   9.3815000e+04   4.0893555e+01
   9.3890000e+04   3.4301758e+01
   9.4060000e+04   3.8513184e+01
   9.4157000e+04   4.4006348e+01
   9.4250000e+04   3.5522461e+01
   9.4318000e+04   3.5095215e+01
   9.4391000e+04   3.6804199e+01
   9.4497000e+04   8.2763672e+01
   9.4507000e+04   4.0039063e+01
   9.4654000e+04   3.5278320e+01
   9.4737000e+04   3.5278320e+01
   9.4755000e+04   3.3813477e+01
   9.4915000e+04   3.5156250e+01
   9.4992000e+04   3.9184570e+01
   9.5048000e+04   3.4301758e+01
   9.5108000e+04   3.2653809e+01
   9.5123000e+04   3.9794922e+01
   9.5243000e+04   4.5471191e+01
   9.5319000e+04   3.4362793e+01
   9.5486000e+04   3.7780762e+01
   9.5610000e+04   3.9306641e+01
   9.5756000e+04   3.2958984e+01
   9.5840000e+04   3.6010742e+01
   9.6327000e+04   4.2663574e+01
   9.6520000e+04   3.3081055e+01
   9.6658000e+04   3.9489746e+01
   9.6918000e+04   3.2836914e+01
   9.7176000e+04   3.8879395e+01
   9.7430000e+04   3.3325195e+01
   9.7592000e+04   3.3935547e+01
   9.7778000e+04   3.9245605e+01
   9.8253000e+04   3.3630371e+01
   1.0108700e+05   2.0072632e+03
   1.3874400e+05   3.5522461e+01
   1.3944400e+05   3.2653809e+01
   1.3961200e+05   3.8269043e+01
   1.3970800e+05   3.5644531e+01
   1.3995000e+05   3.7841797e+01
   1.4005700e+05   4.3640137e+01
   1.4027500e+05   3.6376953e+01
   1.4037600e+05   4.0893555e+01
   1.4041700e+05   3.3142090e+01
   1.4050900e+05   3.9489746e+01
   1.4065200e+05   3.6987305e+01
   1.4073600e+05   4.1625977e+01
   1.4081700e+05   4.3579102e+01
   1.4100200e+05   7.6110840e+01
   1.4120400e+05   3.8330078e+01
   1.4123900e+05   3.3020020e+01
   1.4127100e+05   3.5400391e+01
   1.4128300e+05   3.7780762e+01
   1.4138600e+05   3.4057617e+01
   1.4141200e+05   3.3447266e+01
   1.4152700e+05   3.2470703e+01
   1.4177700e+05   3.6071777e+01
   1.4191500e+05   3.6071777e+01
   1.4207700e+05   4.3395996e+01
   1.4243100e+05   3.3203125e+01
   1.4281800e+05   3.7841797e+01
   1.4293100e+05   3.4790039e+01
   1.4307700e+05   3.3569336e+01
   1.4390100e+05   3.5217285e+01
   1.4424700e+05   3.7292480e+01
   1.4498200e+05   3.3447266e+01
   1.4569800e+05   3.8452148e+01
   1.5110100e+05   2.0085449e+03
   1.5121800e+05   4.0100098e+01
   1.5279600e+05   3.5339355e+01
   1.5332800e+05   6.0791016e+01
   1.5354800e+05   4.2724609e+01
   1.5391600e+05   3.3325195e+01
   1.5403300e+05   3.2592773e+01
   1.5408100e+05   3.4057617e+01
   1.5447300e+05   3.2958984e+01
   1.5512000e+05   3.5339355e+01
   1.5529700e+05   3.8940430e+01
   1.5539800e+05   3.8391113e+01
   1.6776300e+05   3.7170410e+01
   1.6826900e+05   3.5461426e+01
   1.6887700e+05   3.4362793e+01
   1.6928700e+05   4.1198730e+01
   1.6957600e+05   3.3508301e+01
   1.6971700e+05   3.8635254e+01
   1.6982200e+05   3.5156250e+01
   1.6988100e+05   3.7597656e+01
   1.7003400e+05   3.3325195e+01
   1.7035800e+05   3.6132813e+01
   1.7059500e+05   3.2897949e+01
   1.7064700e+05   3.4057617e+01
   1.7077800e+05   3.2897949e+01
   1.8177600e+05   3.2592773e+01
   1.8252100e+05   3.4301758e+01
   1.8301500e+05   3.9428711e+01
   1.8382000e+05   3.2409668e+01
   1.8469700e+05   3.4606934e+01
   1.8523200e+05   3.4362793e+01
   1.8545800e+05   3.5827637e+01
   2.0052000e+05   3.3996582e+01
   2.0094200e+05   4.4006348e+01
   2.0111500e+05   2.0090942e+03
   2.0118300e+05   3.9794922e+01
   2.0131900e+05   3.4240723e+01
   2.0201200e+05   3.9550781e+01
   2.0266500e+05   3.6621094e+01
   2.0330500e+05   3.8085938e+01
   2.0418900e+05   3.3752441e+01
   2.0540100e+05   3.2592773e+01
   2.2912300e+05   3.4057617e+01
   2.2988900e+05   3.4729004e+01
   2.2991900e+05   3.3752441e+01
   2.2996300e+05   3.8452148e+01
   2.3012100e+05   3.2592773e+01
   2.3026400e+05   3.3020020e+01
   2.3037800e+05   3.8208008e+01
   2.3046200e+05   3.8085938e+01
   2.3052200e+05   3.7231445e+01
   2.3065700e+05   3.8635254e+01
   2.3076300e+05   3.4729004e+01
   2.3082200e+05   3.3020020e+01
   2.3093500e+05   3.2897949e+01
   2.3105600e+05   3.5644531e+01
   2.3116200e+05   3.5034180e+01
   2.3127500e+05   3.9001465e+01
   2.3149700e+05   4.0954590e+01
   2.3168300e+05   3.2653809e+01
   2.3177900e+05   3.4484863e+01
   2.3204300e+05   3.6621094e+01
   2.3223200e+05   3.4973145e+01
   2.3233700e+05   3.3264160e+01
   2.3238500e+05   3.4667969e+01
   2.3241000e+05   3.6926270e+01
   2.3260800e+05   3.9245605e+01
   2.3271000e+05   3.2836914e+01
   2.3282300e+05   3.8024902e+01
   2.3293300e+05   3.5766602e+01
   2.3310200e+05   3.9245605e+01
   2.3346400e+05   3.5034180e+01
   2.3363800e+05   5.4504395e+01
   2.3458400e+05   4.5043945e+01
   2.3577600e+05   3.6926270e+01
   2.4470800e+05   3.6987305e+01
   2.4557200e+05   3.3325195e+01
   2.5113100e+05   3.9999390e+03
   2.5160200e+05   3.4973145e+01
   2.5182100e+05   3.2409668e+01
   2.5208800e+05   3.2775879e+01
   2.5238200e+05   3.3325195e+01
   2.5251200e+05   3.3142090e+01
   2.5259100e+05   3.2836914e+01
   2.5272800e+05   3.5156250e+01
   2.5302000e+05   3.2470703e+01
   2.5313200e+05   4.7180176e+01
   2.5327700e+05   3.2836914e+01
   2.5355000e+05   3.8757324e+01
   2.5366900e+05   3.3996582e+01
   2.5384300e+05   3.4484863e+01
   2.5400000e+05   4.2785645e+01
   2.5431800e+05   4.0649414e+01
   2.5521900e+05   3.8146973e+01
   2.5563100e+05   3.3813477e+01
   2.5600500e+05   3.8391113e+01
   2.5611100e+05   3.5156250e+01
   2.5875100e+05   3.4545898e+01
   2.7326600e+05   3.2592773e+01
   2.7558600e+05   3.3569336e+01
   2.7940600e+05   3.3386230e+01
   2.7966700e+05   4.0405273e+01
   2.7984300e+05   3.3935547e+01
   2.7998800e+05   3.6193848e+01
   2.8013300e+05   3.2775879e+01
   2.8061200e+05   3.4606934e+01
   2.8065300e+05   4.6936035e+01
   2.8125500e+05   3.7841797e+01
   2.8137500e+05   3.3935547e+01
   2.8168800e+05   3.4057617e+01
   2.8182500e+05   3.9306641e+01
   2.8219700e+05   4.6020508e+01
   2.8239600e+05   4.0588379e+01
   2.8279400e+05   3.6193848e+01
   2.8297800e+05   3.5461426e+01
   2.8320500e+05   3.2958984e+01
   2.8366300e+05   3.5705566e+01
   2.8559200e+05   4.6936035e+01
   2.9390600e+05   3.7719727e+01
   2.9974300e+05   3.5583496e+01
   3.0114300e+05   2.0061646e+03
   3.0190400e+05   3.3630371e+01
   3.0211500e+05   4.1076660e+01
   3.0227700e+05   3.3996582e+01
   3.0253800e+05   3.2592773e+01
   3.0272700e+05   3.9367676e+01
   3.0290100e+05   3.7536621e+01
   3.0294600e+05   3.3691406e+01
   3.0358100e+05   4.2724609e+01
   3.0370200e+05   3.6132813e+01
   3.0432800e+05   3.4423828e+01
   3.0448400e+05   3.2531738e+01
   3.0471200e+05   3.8635254e+01
   3.0495700e+05   3.6987305e+01
   3.0527000e+05   3.6132813e+01
   3.1916700e+05   3.5095215e+01
   3.2366700e+05   3.9306641e+01
   3.3657000e+05   3.2836914e+01
   3.3719800e+05   3.2348633e+01
   3.4623400e+05   3.3691406e+01
   3.4657000e+05   3.7170410e+01
   3.4689700e+05   3.2531738e+01
   3.4698500e+05   8.4716797e+01
   3.4699500e+05   3.2531738e+01
   3.4707600e+05   3.6865234e+01
   3.4714500e+05   3.7719727e+01
   3.4723900e+05   3.6132813e+01
   3.4741100e+05   3.2714844e+01
   3.4747600e+05   3.6315918e+01
   3.4765900e+05   4.7241211e+01
   3.4776400e+05   3.5583496e+01
   3.4777600e+05   3.3752441e+01
   3.4787600e+05   3.6621094e+01
   3.4800700e+05   3.3020020e+01
   3.4816200e+05   3.3447266e+01
   3.4823000e+05   7.6477051e+01
   3.4827800e+05   4.2663574e+01
   3.4831900e+05   3.3691406e+01
   3.4840500e+05   3.3508301e+01
   3.4866100e+05   3.5400391e+01
   3.4896200e+05   3.3569336e+01
   3.4929400e+05   3.7475586e+01
   3.4937200e+05   4.2480469e+01
   3.5115600e+05   1.9342041e+02
   3.5119800e+05   4.1381836e+01
   3.5164000e+05   3.7658691e+01
   3.5182700e+05   3.7292480e+01
   3.5497400e+05   3.4973145e+01
   3.5629000e+05   3.9245605e+01
   3.5742300e+05   3.2592773e+01
   3.6315900e+05   3.5522461e+01
   3.7086900e+05   3.4301758e+01
   3.7136700e+05   3.7292480e+01
   3.7160600e+05   3.4240723e+01
   3.7173900e+05   3.5400391e+01
   3.7192600e+05   3.5583496e+01
   3.7202900e+05   3.6132813e+01
   3.7234500e+05   3.6437988e+01
   3.7250800e+05   3.5522461e+01
   3.7265300e+05   3.3081055e+01
   3.7277700e+05   3.2836914e+01
   3.7295500e+05   3.7353516e+01
   3.7319000e+05   3.6010742e+01
   3.7334900e+05   3.5156250e+01
   3.7346600e+05   4.1870117e+01
   3.7389900e+05   3.9367676e+01
   3.8701500e+05   3.7719727e+01
   3.9374700e+05   3.3386230e+01
   3.9377200e+05   4.5776367e+01
   3.9393500e+05   3.5034180e+01
   3.9406200e+05   3.6193848e+01
   3.9410200e+05   3.3020020e+01
   3.9421000e+05   4.1137695e+01
   3.9457300e+05   3.3935547e+01
   3.9460700e+05   3.7414551e+01
   3.9498600e+05   3.4057617e+01
   3.9535500e+05   4.0283203e+01
   3.9548600e+05   4.7973633e+01
   3.9568800e+05   3.5217285e+01
   3.9601900e+05   4.9255371e+01
   3.9623300e+05   3.4301758e+01
   3.9633500e+05   3.3630371e+01
   3.9642600e+05   3.3386230e+01
   3.9707400e+05   3.8879395e+01
   3.9723300e+05   3.7231445e+01
   4.0117100e+05   2.0068970e+03
   4.0118400e+05   3.9123535e+01
   4.2366300e+05   3.3081055e+01
   4.2459600e+05   3.9916992e+01
   4.4713100e+05   3.6804199e+01
   4.4776400e+05   3.2897949e+01
   4.5118500e+05   2.0053101e+03
   4.5203400e+05   3.2775879e+01
   4.5219700e+05   3.2836914e+01
   4.5265800e+05   3.3691406e+01
   4.5272100e+05   3.5400391e+01
   4.5291300e+05   9.2590332e+01
   4.5294300e+05   3.8024902e+01
   4.5301800e+05   3.6682129e+01
   4.5303200e+05   3.2653809e+01
   4.5309800e+05   4.9499512e+01
   4.5311100e+05   6.7382813e+01
   4.5317200e+05   3.5156250e+01
   4.5318900e+05   3.4484863e+01
   4.5328600e+05   4.1931152e+01
   4.5330400e+05   3.4057617e+01
   4.5332800e+05   3.6499023e+01
   4.5337300e+05   3.7536621e+01
   4.5339700e+05   1.0992432e+02
   4.5343000e+05   7.8002930e+01
   4.5344300e+05   3.3386230e+01
   4.5345800e+05   4.0588379e+01
   4.5354000e+05   3.5217285e+01
   4.5355400e+05   3.2836914e+01
   4.5357900e+05   3.6865234e+01
   4.5360300e+05   9.9548340e+01
   4.5364400e+05   7.5622559e+01
   4.5370600e+05   4.0161133e+01
   4.5373400e+05   7.1838379e+01
   4.5381500e+05   3.3325195e+01
   4.5382900e+05   5.1879883e+01
   4.5386300e+05   5.9082031e+01
   4.5389400e+05   3.5095215e+01
   4.5395700e+05   4.6630859e+01
   4.5397000e+05   3.3081055e+01
   4.5399600e+05   6.2744141e+01
   4.5405600e+05   5.5541992e+01
   4.5413800e+05   3.2653809e+01
   4.5420300e+05   3.7414551e+01
   4.5425500e+05   4.0405273e+01
   4.5429100e+05   4.3640137e+01
   4.5441600e+05   7.4157715e+01
   4.5449100e+05   4.2785645e+01
   4.5459000e+05   3.4790039e+01
   4.5463800e+05   3.2348633e+01
   4.5465300e+05   4.3945313e+01
   4.5469900e+05   5.6884766e+01
   4.5481100e+05   3.3691406e+01
   4.5495100e+05   5.4809570e+01
   4.5498000e+05   3.2348633e+01
   4.5510600e+05   4.4006348e+01
   4.5513100e+05   7.4829102e+01
   4.5517400e+05   3.4240723e+01
   4.5519000e+05   3.5583496e+01
   4.5524600e+05   4.1503906e+01
   4.5532900e+05   3.7841797e+01
   4.5542300e+05   5.5847168e+01
   4.5554600e+05   3.8452148e+01
   4.5559800e+05   3.3203125e+01
   4.5565100e+05   6.5979004e+01
   4.5571300e+05   3.5644531e+01
   4.5585000e+05   3.4973145e+01
   4.5594400e+05   3.8513184e+01
   4.5609500e+05   8.1359863e+01
   4.5613800e+05   3.9306641e+01
   4.5630900e+05   3.2531738e+01
   4.5661800e+05   5.1025391e+01
   4.5684300e+05   3.3691406e+01
   4.5696000e+05   3.4179688e+01
   4.5725400e+05   3.4362793e+01
   4.5777600e+05   4.0100098e+01
   4.5833200e+05   3.5156250e+01
   4.5891500e+05   3.4484863e+01
   4.6094600e+05   3.2348633e+01
   4.6281600e+05   4.8767090e+01
   4.6694400e+05   3.5827637e+01
   4.7032100e+05   3.8330078e+01
   4.7340500e+05   3.5034180e+01
   4.7501600e+05   3.4362793e+01
   4.7662200e+05   3.6132813e+01
   4.7767900e+05   4.2480469e+01
   4.8279600e+05   3.3203125e+01
   4.8403300e+05   4.1503906e+01
   4.9311600e+05   5.6213379e+01
   4.9601500e+05   3.2653809e+01
   5.0119900e+05   2.0100708e+03
   5.0297200e+05   3.8024902e+01
   5.0309200e+05   3.7475586e+01
   5.0331700e+05   3.6010742e+01
   5.0339600e+05   3.4057617e+01
   5.0348400e+05   4.0100098e+01
   5.0359700e+05   3.5156250e+01
   5.0374000e+05   6.9213867e+01
   5.0376900e+05   3.5095215e+01
   5.0401300e+05   3.9550781e+01
   5.0416100e+05   4.2846680e+01
   5.0449000e+05   3.2653809e+01
   5.0469200e+05   3.9062500e+01
   5.0481300e+05   3.4118652e+01
   5.0492900e+05   3.3508301e+01
   5.0500600e+05   3.5827637e+01
   5.0515300e+05   4.0405273e+01
   5.0548600e+05   3.5766602e+01
   5.0557100e+05   3.8452148e+01
   5.0574100e+05   3.7048340e+01
   5.0613200e+05   3.3325195e+01
   5.0629100e+05   3.3508301e+01
   5.0710000e+05   3.3935547e+01
   5.0724900e+05   3.3325195e+01
   5.0760500e+05   3.4973145e+01
   5.0828800e+05   3.3691406e+01
   5.1924800e+05   3.5827637e+01
   5.3256900e+05   3.8269043e+01
   5.4072300e+05   3.3264160e+01
   5.4083500e+05   3.8818359e+01
   5.4098200e+05   3.6132813e+01
   5.4126200e+05   3.3996582e+01
   5.4145100e+05   3.7292480e+01
   5.4161100e+05   3.9489746e+01
   5.4166600e+05   3.8330078e+01
   5.4182900e+05   3.9672852e+01
   5.4216300e+05   3.7170410e+01
   5.4227900e+05   3.5034180e+01
   5.4236800e+05   7.1960449e+01
   5.4238300e+05   4.6691895e+01
   5.4251500e+05   3.9123535e+01
   5.4261300e+05   4.0100098e+01
   5.4265900e+05   8.4899902e+01
   5.4267400e+05   3.7048340e+01
   5.4272600e+05   4.0405273e+01
   5.4282700e+05   3.9062500e+01
   5.4296100e+05   5.8532715e+01
   5.4297100e+05   3.9306641e+01
   5.4309000e+05   3.9611816e+01
   5.4322000e+05   3.7841797e+01
   5.4329500e+05   3.5583496e+01
   5.4332200e+05   3.3386230e+01
   5.4333200e+05   4.1992188e+01
   5.4353700e+05   6.1462402e+01
   5.4358100e+05   5.1147461e+01
   5.4362500e+05   4.6691895e+01
   5.4366800e+05   3.6010742e+01
   5.4368600e+05   3.5278320e+01
   5.4373600e+05   3.8574219e+01
   5.4380200e+05   4.1992188e+01
   5.4399700e+05   3.9123535e+01
   5.4407000e+05   4.5288086e+01
   5.4418900e+05   3.5217285e+01
   5.4421000e+05   3.2836914e+01
   5.4442400e+05   4.1198730e+01
   5.4465300e+05   3.3447266e+01
   5.4471200e+05   3.2531738e+01
   5.4487300e+05   3.3935547e+01
   5.4518700e+05   4.8034668e+01
   5.4530900e+05   3.2531738e+01
   5.4625900e+05   3.3264160e+01
   5.5121300e+05   2.0065308e+03
   5.5519200e+05   3.5400391e+01
   5.6163300e+05   3.4545898e+01
   5.6531800e+05   3.2775879e+01
   5.6921500e+05   3.4790039e+01
   5.6936600e+05   3.6376953e+01
   5.6942100e+05   3.4423828e+01
   5.6946200e+05   3.2348633e+01
   5.6954300e+05   3.5644531e+01
   5.6971000e+05   4.4372559e+01
   5.6978500e+05   3.8269043e+01
   5.6994500e+05   3.9367676e+01
   5.7009700e+05   3.3691406e+01
   5.7052200e+05   3.5766602e+01
   5.7059800e+05   3.3630371e+01
   5.7082900e+05   3.7963867e+01
   5.7101400e+05   3.2531738e+01
   5.7109600e+05   3.7414551e+01
   5.7158200e+05   4.3334961e+01
   5.7178700e+05   3.6682129e+01
   5.7232900e+05   3.4973145e+01
   5.7305400e+05   3.5400391e+01
   5.7370900e+05   3.6682129e+01
   5.8775600e+05   3.3142090e+01
   5.9221900e+05   3.9978027e+01
   5.9265300e+05   5.2124023e+01
   5.9282200e+05   3.6926270e+01
   5.9322500e+05   3.8391113e+01
   5.9343800e+05   3.5278320e+01
   5.9396100e+05   3.8818359e+01
   5.9408700e+05   5.2429199e+01
   5.9434100e+05   3.7109375e+01
   5.9468400e+05   3.4362793e+01
   5.9508600e+05   3.5339355e+01
   5.9544900e+05   4.2114258e+01
   5.9632200e+05   3.6560059e+01
   5.9986800e+05   3.4240723e+01
   5.9999200e+05   3.5949707e+01
   6.0122700e+05   2.0069580e+03
   6.0134000e+05   3.8696289e+01
   6.1555200e+05   4.8156738e+01
   6.2107000e+05   3.9978027e+01
   6.2238000e+05   3.2348633e+01
   6.2264700e+05   3.5949707e+01
   6.2278500e+05   4.0771484e+01
   6.2281800e+05   3.8757324e+01
   6.2288100e+05   3.5217285e+01
   6.2311400e+05   3.3203125e+01
   6.2322700e+05   3.6560059e+01
   6.2330100e+05   3.3813477e+01
   6.2340000e+05   3.5034180e+01
   6.2345300e+05   4.6325684e+01
   6.2363600e+05   5.1513672e+01
   6.2389600e+05   3.2470703e+01
   6.2435300e+05   3.7475586e+01
   6.2450400e+05   4.2114258e+01
   6.2472300e+05   3.5217285e+01
   6.2482700e+05   3.6071777e+01
   6.2502700e+05   3.5095215e+01
   6.2585000e+05   3.8452148e+01
   6.2601200e+05   3.7475586e+01
   6.2645500e+05   3.3935547e+01
   6.2665400e+05   3.9611816e+01
   6.2734400e+05   3.2592773e+01
   6.3046500e+05   3.5339355e+01
   6.3894400e+05   3.3447266e+01
   6.4199200e+05   3.6071777e+01
   6.4349900e+05   3.3203125e+01
   6.4443500e+05   3.3752441e+01
   6.4537300e+05   3.4362793e+01
   6.4570300e+05   3.4484863e+01
   6.4596000e+05   4.5349121e+01
   6.4642400e+05   3.4729004e+01
   6.4661500e+05   3.3020020e+01
   6.4689300e+05   3.6987305e+01
   6.4716200e+05   3.7658691e+01
   6.4742600e+05   3.7414551e+01
   6.5124300e+05   3.9999390e+03
   6.5125600e+05   4.0100098e+01
   6.5432400e+05   3.5400391e+01
   6.5806000e+05   4.3029785e+01
   6.7137000e+05   4.3090820e+01
   6.7246400e+05   3.2714844e+01
   6.7273900e+05   3.3386230e+01
   6.7285000e+05   3.2714844e+01
   6.7313100e+05   3.2897949e+01
   6.7314100e+05   3.7841797e+01
   6.7330900e+05   3.5278320e+01
   6.7344700e+05   3.6376953e+01
   6.7377600e+05   3.7658691e+01
   6.7387900e+05   3.2775879e+01
   6.7400000e+05   3.7963867e+01
   6.7406100e+05   3.4667969e+01
   6.7418300e+05   3.2592773e+01
   6.7439900e+05   3.5400391e+01
   6.7449800e+05   3.3691406e+01
   6.7478000e+05   3.3081055e+01
   6.7498600e+05   3.2348633e+01
   6.7522100e+05   3.7353516e+01
   6.7546900e+05   3.2409668e+01
   6.7574400e+05   3.5217285e+01
   6.7595700e+05   4.5532227e+01
   7.0125700e+05   3.9999390e+03
   7.0230900e+05   3.2958984e+01
   7.0269300e+05   3.7414551e+01
   7.0300500e+05   3.5583496e+01
   7.0339800e+05   3.3142090e+01
   7.0355700e+05   4.2358398e+01
   7.0396000e+05   4.1076660e+01
   7.0407300e+05   3.3203125e+01
   7.0420000e+05   3.4179688e+01
   7.0441600e+05   5.1574707e+01
   7.0465500e+05   4.4128418e+01
   7.0526500e+05   3.3508301e+01
   7.0527800e+05   4.2907715e+01
   7.0545200e+05   3.5461426e+01
   7.0564700e+05   3.3447266e+01
   7.0581400e+05   3.2958984e+01
   7.0611700e+05   3.4179688e+01
   7.0633200e+05   4.0649414e+01
   7.0653600e+05   4.0710449e+01
   7.0671700e+05   3.6560059e+01
   7.0731200e+05   3.3874512e+01
   7.2145600e+05   3.6560059e+01
   7.2213400e+05   3.3996582e+01
   7.3868300e+05   4.0039063e+01
   7.3971300e+05   4.7790527e+01
   7.5126900e+05   2.0071411e+03
   7.5252300e+05   3.9245605e+01
   7.5264700e+05   3.6376953e+01
   7.5277000e+05   3.4484863e+01
   7.5310300e+05   3.6071777e+01
   7.5334900e+05   3.4729004e+01
   7.5362200e+05   3.9611816e+01
   7.5409700e+05   3.3325195e+01
   7.5514800e+05   3.6193848e+01
   7.5652300e+05   3.8391113e+01
   7.5657400e+05   3.4729004e+01
   7.5844400e+05   3.3935547e+01
   7.6260600e+05   4.2419434e+01
   7.6898700e+05   3.8879395e+01
   7.8119100e+05   3.2348633e+01
   7.9407200e+05   3.5095215e+01
   8.0128300e+05   2.0077515e+03
   8.0160600e+05   3.3874512e+01
   8.0190400e+05   4.0161133e+01
   8.0210300e+05   3.8818359e+01
   8.0220000e+05   3.5217285e+01
   8.0236000e+05   9.3261719e+01
   8.0239500e+05   3.3752441e+01
   8.0243300e+05   3.6193848e+01
   8.0254000e+05   4.3090820e+01
   8.0257700e+05   4.3762207e+01
   8.0258800e+05   4.1748047e+01
   8.0261800e+05   6.8054199e+01
   8.0265000e+05   3.2714844e+01
   8.0269800e+05   3.2897949e+01
   8.0271900e+05   3.2409668e+01
   8.0274200e+05   3.6437988e+01
   8.0276600e+05   6.8603516e+01
   8.0278000e+05   3.5827637e+01
   8.0279100e+05   3.9367676e+01
   8.0282900e+05   1.1749268e+02
   8.0285400e+05   3.5095215e+01
   8.0294900e+05   5.1757813e+01
   8.0297300e+05   6.7810059e+01
   8.0300000e+05   1.0137939e+02
   8.0308600e+05   3.4057617e+01
   8.0310000e+05   3.7658691e+01
   8.0316700e+05   6.6162109e+01
   8.0319400e+05   3.7414551e+01
   8.0320700e+05   3.5034180e+01
   8.0324700e+05   3.3264160e+01
   8.0332800e+05   7.6843262e+01
   8.0334300e+05   5.7128906e+01
   8.0337700e+05   3.5888672e+01
   8.0341100e+05   4.7790527e+01
   8.0345900e+05   3.7048340e+01
   8.0352100e+05   5.2001953e+01
   8.0355400e+05   8.5571289e+01
   8.0357800e+05   5.7495117e+01
   8.0369200e+05   3.2409668e+01
   8.0380300e+05   8.2702637e+01
   8.0384200e+05   5.7556152e+01
   8.0395900e+05   3.2592773e+01
   8.0399700e+05   4.9377441e+01
   8.0410500e+05   3.2409668e+01
   8.0416400e+05   3.3752441e+01
   8.0421100e+05   5.6213379e+01
   8.0424000e+05   4.5959473e+01
   8.0432800e+05   4.3151855e+01
   8.0441000e+05   6.0058594e+01
   8.0443800e+05   3.9245605e+01
   8.0451600e+05   4.8156738e+01
   8.0461900e+05   7.2937012e+01
   8.0464600e+05   3.7231445e+01
   8.0472400e+05   4.0649414e+01
   8.0483800e+05   5.7067871e+01
   8.0484900e+05   6.5795898e+01
   8.0493700e+05   3.8146973e+01
   8.0500500e+05   5.1391602e+01
   8.0511300e+05   4.3273926e+01
   8.0523500e+05   4.3457031e+01
   8.0527600e+05   8.2946777e+01
   8.0533900e+05   3.8085938e+01
   8.0553600e+05   3.7414551e+01
   8.0561000e+05   8.0505371e+01
   8.0566300e+05   3.9306641e+01
   8.0578100e+05   3.3691406e+01
   8.0587900e+05   3.4973145e+01
   8.0651300e+05   3.3325195e+01
   8.0834900e+05   4.1137695e+01
   8.1875000e+05   3.9184570e+01
   8.2340800e+05   3.8940430e+01
   8.2445600e+05   3.2592773e+01
   8.2692800e+05   3.8146973e+01
   8.2811300e+05   3.4362793e+01
   8.2984400e+05   3.4545898e+01
   8.3013400e+05   3.6193848e+01
   8.3034900e+05   3.4973145e+01
   8.3104800e+05   4.1931152e+01
   8.3273200e+05   3.2714844e+01
   8.3556600e+05   4.1992188e+01
   8.4425100e+05   3.2409668e+01
   8.4817500e+05   3.3081055e+01
   8.5129700e+05   2.0087280e+03
   8.5159200e+05   4.2907715e+01
   8.5274400e+05   3.2653809e+01
   8.6092600e+05   3.2592773e+01
   8.6480500e+05   3.3081055e+01
   8.6664200e+05   3.3325195e+01
   8.7670000e+05   3.6682129e+01
   8.8366200e+05   3.7353516e+01
   8.9107600e+05   3.5583496e+01
   8.9156700e+05   4.9743652e+01
   8.9696700e+05   3.5644531e+01
   9.0131100e+05   2.0050049e+03
   9.0226800e+05   3.5339355e+01
   9.0298600e+05   3.2958984e+01
   9.0323600e+05   4.1809082e+01
   9.0362100e+05   3.4118652e+01
   9.0370000e+05   3.6682129e+01
   9.0373600e+05   3.6865234e+01
   9.0383500e+05   8.3129883e+01
   9.0385400e+05   3.3691406e+01
   9.0391400e+05   4.1992188e+01
   9.0403500e+05   5.9997559e+01
   9.0408800e+05   3.3874512e+01
   9.0411500e+05   3.8330078e+01
   9.0414900e+05   3.4179688e+01
   9.0419500e+05   4.0161133e+01
   9.0423600e+05   7.3974609e+01
   9.0424700e+05   3.9428711e+01
   9.0431400e+05   1.1187744e+02
   9.0434600e+05   4.0893555e+01
   9.0441600e+05   3.6499023e+01
   9.0446200e+05   5.1635742e+01
   9.0448900e+05   3.2836914e+01
   9.0454700e+05   3.5766602e+01
   9.0463900e+05   4.6569824e+01
   9.0465700e+05   4.3334961e+01
   9.0468300e+05   1.5557861e+02
   9.0479100e+05   3.3142090e+01
   9.0482700e+05   3.2714844e+01
   9.0487700e+05   3.7536621e+01
   9.0494600e+05   6.1096191e+01
   9.0498400e+05   3.5888672e+01
   9.0501500e+05   9.2041016e+01
   9.0503600e+05   3.4301758e+01
   9.0511300e+05   4.2297363e+01
   9.0512700e+05   3.2531738e+01
   9.0515400e+05   3.3020020e+01
   9.0521400e+05   5.9631348e+01
   9.0527800e+05   1.0327148e+02
   9.0551100e+05   5.9387207e+01
   9.0553300e+05   3.5095215e+01
   9.0561400e+05   9.6679688e+01
   9.0576100e+05   5.5053711e+01
   9.0578600e+05   3.3325195e+01
   9.0587200e+05   3.3935547e+01
   9.0596100e+05   8.3740234e+01
   9.0600200e+05   3.3081055e+01
   9.0606300e+05   4.8767090e+01
   9.0613300e+05   3.3020020e+01
   9.0632400e+05   1.0693359e+02
   9.0634600e+05   3.3386230e+01
   9.0641000e+05   4.5654297e+01
   9.0647500e+05   3.6804199e+01
   9.0655300e+05   3.4179688e+01
   9.0666100e+05   3.8452148e+01
   9.0676400e+05   3.3691406e+01
   9.0690500e+05   3.8330078e+01
   9.0720000e+05   3.3264160e+01
   9.0727500e+05   5.2368164e+01
   9.0738500e+05   4.2968750e+01
   9.0765800e+05   4.6813965e+01
   9.0798400e+05   3.5095215e+01
   9.0843400e+05   3.7475586e+01
   9.2086000e+05   3.2897949e+01
   9.2161100e+05   3.3630371e+01
   9.2177400e+05   4.1687012e+01
   9.2461100e+05   3.3935547e+01
   9.3450400e+05   3.7048340e+01
   9.3484300e+05   3.6010742e+01
   9.3546600e+05   3.2348633e+01
   9.4211300e+05   3.5400391e+01
   9.4553500e+05   3.4667969e+01
   9.4734400e+05   3.5278320e+01
   9.5132700e+05   3.9999390e+03
   9.5203600e+05   3.8757324e+01
   9.5231700e+05   3.7414551e+01
   9.5298600e+05   4.2358398e+01
   9.5356400e+05   3.3569336e+01
   9.5369000e+05   3.2592773e+01
   9.5384300e+05   3.5827637e+01
   9.5392900e+05   3.3935547e+01
   9.5404900e+05   3.2714844e+01
   9.5408600e+05   9.0759277e+01
   9.5411100e+05   3.3813477e+01
   9.5417100e+05   3.7780762e+01
   9.5428200e+05   3.3569336e+01
   9.5439200e+05   7.7880859e+01
   9.5445000e+05   3.9184570e+01
   9.5449300e+05   4.5837402e+01
   9.5457400e+05   3.4423828e+01
   9.5469100e+05   3.2531738e+01
   9.5471800e+05   6.8725586e+01
   9.5473200e+05   4.7912598e+01
   9.5478500e+05   3.9428711e+01
   9.5483400e+05   3.5400391e+01
   9.5487300e+05   3.2958984e+01
   9.5494800e+05   3.5583496e+01
   9.5498100e+05   4.0100098e+01
   9.5510900e+05   8.9904785e+01
   9.5519400e+05   3.6010742e+01
   9.5528400e+05   3.5461426e+01
   9.5533000e+05   3.5827637e+01
   9.5539500e+05   4.1137695e+01
   9.5545000e+05   7.1472168e+01
   9.5553400e+05   3.3081055e+01
   9.5562300e+05   4.2602539e+01
   9.5575100e+05   3.6010742e+01
   9.5577600e+05   3.3142090e+01
   9.5582800e+05   4.0466309e+01
   9.5608200e+05   4.8156738e+01
   9.5611000e+05   5.1513672e+01
   9.5618600e+05   3.3935547e+01
   9.5621000e+05   4.4677734e+01
   9.5633200e+05   3.3325195e+01
   9.5640900e+05   3.6071777e+01
   9.5647900e+05   3.9855957e+01
   9.5652000e+05   4.1870117e+01
   9.5663500e+05   4.2480469e+01
   9.5670400e+05   3.4118652e+01
   9.5687300e+05   4.3151855e+01
   9.5693700e+05   3.2531738e+01
   9.5709800e+05   3.4606934e+01
   9.5711800e+05   3.3020020e+01
   9.5759900e+05   3.4912109e+01
   9.7067600e+05   3.4912109e+01
   9.7242100e+05   3.3447266e+01
   9.7317400e+05   3.3020020e+01
   9.7409400e+05   3.6010742e+01
   9.7791600e+05   3.3325195e+01
   9.8173900e+05   3.3569336e+01
   9.8625700e+05   3.3691406e+01
   9.8870200e+05   3.8085938e+01
   1.0013410e+06   3.9999390e+03
   1.0013520e+06   4.3945313e+01
   1.0030950e+06   3.5583496e+01
   1.0033110e+06   3.4240723e+01
   1.0035460e+06   3.4301758e+01
   1.0035620e+06   3.3508301e+01
   1.0036710e+06   3.7841797e+01
   1.0038030e+06   3.9733887e+01
   1.0039620e+06   4.0954590e+01
   1.0040440e+06   3.3691406e+01
   1.0041380e+06   8.4167480e+01
   1.0041480e+06   3.9428711e+01
   1.0043320e+06   3.5339355e+01
   1.0044130e+06   3.3508301e+01
   1.0044990e+06   3.4118652e+01
   1.0045510e+06   3.6560059e+01
   1.0045990e+06   3.3020020e+01
   1.0046780e+06   3.9978027e+01
   1.0047300e+06   1.1175537e+02
   1.0047460e+06   3.3813477e+01
   1.0048260e+06   4.3151855e+01
   1.0048650e+06   4.2907715e+01
   1.0049800e+06   3.2653809e+01
   1.0050180e+06   9.4238281e+01
   1.0050940e+06   3.3569336e+01
   1.0051330e+06   3.5888672e+01
   1.0052610e+06   3.5644531e+01
   1.0053660e+06   3.2836914e+01
   1.0054270e+06   3.2897949e+01
   1.0054790e+06   5.5603027e+01
   1.0055480e+06   5.1879883e+01
   1.0056880e+06   3.2897949e+01
   1.0057720e+06   3.3691406e+01
   1.0058250e+06   4.7302246e+01
   1.0061140e+06   3.3203125e+01
   1.0061500e+06   5.5541992e+01
   1.0062640e+06   3.4240723e+01
   1.0063380e+06   3.4729004e+01
   1.0064730e+06   3.4301758e+01
   1.0064990e+06   5.5786133e+01
   1.0068890e+06   3.7231445e+01
   1.0069490e+06   5.4016113e+01
   1.0069650e+06   3.4667969e+01
   1.0073870e+06   4.0649414e+01
   1.0075110e+06   3.4912109e+01
   1.0200080e+06   4.1198730e+01
   1.0212450e+06   3.3874512e+01
   1.0217260e+06   3.6376953e+01
   1.0266040e+06   4.0832520e+01
   1.0305210e+06   3.6804199e+01
   1.0333410e+06   3.5034180e+01
   1.0399040e+06   4.6020508e+01
   1.0487170e+06   3.2836914e+01
   1.0513530e+06   2.0095215e+03
   1.0529180e+06   3.9367676e+01
   1.0533360e+06   3.5888672e+01
   1.0535040e+06   3.8024902e+01
   1.0536300e+06   5.0903320e+01
   1.0538830e+06   3.2714844e+01
   1.0539160e+06   9.0942383e+01
   1.0539840e+06   4.1992188e+01
   1.0540890e+06   4.3762207e+01
   1.0542120e+06   7.0739746e+01
   1.0542600e+06   3.3874512e+01
   1.0542840e+06   3.4423828e+01
   1.0543450e+06   4.2236328e+01
   1.0544380e+06   4.3090820e+01
   1.0544700e+06   3.9062500e+01
   1.0544960e+06   6.1584473e+01
   1.0545630e+06   3.4057617e+01
   1.0546350e+06   3.3386230e+01
   1.0547350e+06   3.9062500e+01
   1.0548200e+06   4.8461914e+01
   1.0548960e+06   6.2927246e+01
   1.0549320e+06   3.5827637e+01
   1.0549670e+06   3.3203125e+01
   1.0550450e+06   3.4484863e+01
   1.0551750e+06   4.4250488e+01
   1.0552490e+06   4.9743652e+01
   1.0552730e+06   6.5795898e+01
   1.0553420e+06   3.2531738e+01
   1.0554440e+06   3.7109375e+01
   1.0556420e+06   4.5776367e+01
   1.0556800e+06   3.5949707e+01
   1.0557640e+06   4.1564941e+01
   1.0559040e+06   3.7719727e+01
   1.0560770e+06   5.5786133e+01
   1.0560970e+06   3.7658691e+01
   1.0564110e+06   3.7902832e+01
   1.0566800e+06   4.8645020e+01
   1.0573090e+06   3.2531738e+01
   1.0722100e+06   3.4179688e+01
   1.0821830e+06   3.8818359e+01
   1.0823340e+06   3.4729004e+01
   1.0832980e+06   3.5949707e+01
   1.0837740e+06   3.4545898e+01
   1.0841320e+06   3.4179688e+01
   1.0843060e+06   3.9489746e+01
   1.0846500e+06   3.3203125e+01
   1.0852400e+06   3.5217285e+01
   1.1013670e+06   2.0085449e+03
   1.1031080e+06   3.7353516e+01
   1.1300200e+06   3.2836914e+01
   1.1305630e+06   3.8574219e+01
   1.1308920e+06   3.7963867e+01
   1.1309290e+06   3.5644531e+01
   1.1309840e+06   8.9050293e+01
   1.1311530e+06   3.4545898e+01
   1.1312990e+06   7.9101563e+01
   1.1313600e+06   3.7292480e+01
   1.1315540e+06   6.0791016e+01
   1.1315820e+06   3.4057617e+01
   1.1316210e+06   3.8635254e+01
   1.1316590e+06   3.2836914e+01
   1.1317490e+06   5.1818848e+01
   1.1317660e+06   6.4697266e+01
   1.1318270e+06   4.1992188e+01
   1.1318750e+06   3.5278320e+01
   1.1319220e+06   4.3579102e+01
   1.1320330e+06   6.6589355e+01
   1.1320510e+06   4.4128418e+01
   1.1321140e+06   1.1932373e+02
   1.1321600e+06   3.6193848e+01
   1.1322180e+06   3.2531738e+01
   1.1322530e+06   3.4729004e+01
   1.1323150e+06   3.4729004e+01
   1.1323750e+06   6.9580078e+01
   1.1326100e+06   4.0710449e+01
   1.1326900e+06   4.5837402e+01
   1.1328330e+06   3.7414551e+01
   1.1329380e+06   3.6865234e+01
   1.1332550e+06   3.3752441e+01
   1.1333150e+06   3.4240723e+01
   1.1335020e+06   3.4973145e+01
   1.1335170e+06   3.3203125e+01
   1.1337840e+06   3.2592773e+01
   1.1339990e+06   4.0832520e+01
   1.1341310e+06   3.5705566e+01
   1.1447160e+06   3.2470703e+01
   1.1460940e+06   3.6132813e+01
   1.1467480e+06   4.8583984e+01
   1.1475160e+06   3.5888672e+01
   1.1513810e+06   2.0046387e+03
   1.1513940e+06   3.5827637e+01
   1.1516030e+06   3.3264160e+01
   1.1519850e+06   3.7231445e+01
   1.1540910e+06   3.6865234e+01
   1.1560200e+06   3.9672852e+01
   1.1701190e+06   3.4179688e+01
   1.1712420e+06   3.4667969e+01
   1.1806970e+06   3.8635254e+01
   1.1821960e+06   3.4606934e+01
   1.2013970e+06   3.9999390e+03
   1.2024470e+06   3.3569336e+01
   1.2036540e+06   3.5034180e+01
   1.2119330e+06   3.2531738e+01
   1.2400290e+06   3.7780762e+01
   1.2508790e+06   3.2409668e+01
   1.2513640e+06   5.4809570e+01
   1.2514090e+06   2.0079346e+03
   1.2515560e+06   3.3264160e+01
   1.2516530e+06   3.7231445e+01
   1.2517260e+06   8.3068848e+01
   1.2517740e+06   3.6132813e+01
   1.2518580e+06   3.3264160e+01
   1.2519540e+06   3.7109375e+01
   1.2519710e+06   7.8125000e+01
   1.2520000e+06   3.2409668e+01
   1.2521310e+06   3.6743164e+01
   1.2521740e+06   3.3325195e+01
   1.2522270e+06   5.0903320e+01
   1.2522460e+06   3.7292480e+01
   1.2522580e+06   3.5583496e+01
   1.2523090e+06   4.2358398e+01
   1.2523220e+06   1.2438965e+02
   1.2523700e+06   3.9611816e+01
   1.2524040e+06   3.2653809e+01
   1.2524330e+06   3.7536621e+01
   1.2524690e+06   3.3081055e+01
   1.2525000e+06   9.5153809e+01
   1.2525370e+06   3.3569336e+01
   1.2525590e+06   3.6315918e+01
   1.2525860e+06   5.5236816e+01
   1.2526030e+06   3.5278320e+01
   1.2526810e+06   4.6264648e+01
   1.2527440e+06   9.1308594e+01
   1.2528190e+06   3.7353516e+01
   1.2528540e+06   5.6030273e+01
   1.2528920e+06   4.4799805e+01
   1.2530010e+06   3.6987305e+01
   1.2530800e+06   1.0675049e+02
   1.2531470e+06   5.9326172e+01
   1.2532600e+06   3.4545898e+01
   1.2532880e+06   9.1857910e+01
   1.2533090e+06   3.8513184e+01
   1.2534270e+06   3.5705566e+01
   1.2534560e+06   3.3325195e+01
   1.2535180e+06   9.0393066e+01
   1.2535310e+06   4.5593262e+01
   1.2536320e+06   3.6437988e+01
   1.2536530e+06   3.5766602e+01
   1.2536760e+06   3.3081055e+01
   1.2537260e+06   9.1735840e+01
   1.2537990e+06   5.4199219e+01
   1.2538170e+06   3.9184570e+01
   1.2538970e+06   3.4606934e+01
   1.2539420e+06   3.5644531e+01
   1.2539520e+06   8.0749512e+01
   1.2540940e+06   3.6682129e+01
   1.2542570e+06   8.4838867e+01
   1.2543710e+06   3.9978027e+01
   1.2544360e+06   3.4179688e+01
   1.2544480e+06   3.3508301e+01
   1.2545690e+06   3.2409668e+01
   1.2546460e+06   1.0522461e+02
   1.2547210e+06   5.0903320e+01
   1.2547350e+06   3.2714844e+01
   1.2548690e+06   4.0893555e+01
   1.2551830e+06   3.6926270e+01
   1.2553680e+06   3.6987305e+01
   1.2557500e+06   3.3691406e+01
   1.2561750e+06   3.4912109e+01
   1.2565050e+06   3.3691406e+01
   1.2644990e+06   4.2907715e+01
   1.2712170e+06   4.5532227e+01
   1.2728290e+06   3.2897949e+01
   1.2882830e+06   3.3447266e+01
   1.2887010e+06   3.3752441e+01
   1.2894740e+06   3.9367676e+01
   1.2899790e+06   3.5705566e+01
   1.2905090e+06   3.6132813e+01
   1.2915430e+06   3.2592773e+01
   1.2948240e+06   3.3508301e+01
   1.3014230e+06   2.0100708e+03
   1.3014350e+06   3.9245605e+01
   1.3019050e+06   3.8208008e+01
   1.3034400e+06   3.6010742e+01
   1.3281520e+06   3.5766602e+01
   1.3290490e+06   3.2897949e+01
   1.3461730e+06   3.3386230e+01
   1.3465400e+06   3.5522461e+01
   1.3466060e+06   3.8085938e+01
   1.3467640e+06   3.7841797e+01
   1.3468200e+06   3.5644531e+01
   1.3469370e+06   3.3020020e+01
   1.3470120e+06   3.5583496e+01
   1.3471150e+06   3.2470703e+01
   1.3471830e+06   3.4729004e+01
   1.3472180e+06   3.2409668e+01
   1.3472310e+06   8.6669922e+01
   1.3472650e+06   4.2419434e+01
   1.3473290e+06   3.2775879e+01
   1.3473510e+06   4.1442871e+01
   1.3473880e+06   3.4545898e+01
   1.3474710e+06   3.2470703e+01
   1.3475320e+06   7.6232910e+01
   1.3476520e+06   3.5278320e+01
   1.3477810e+06   5.0964355e+01
   1.3478380e+06   3.2714844e+01
   1.3478890e+06   3.3386230e+01
   1.3479270e+06   6.3354492e+01
   1.3479540e+06   3.3996582e+01
   1.3480660e+06   3.5644531e+01
   1.3480900e+06   5.3344727e+01
   1.3481000e+06   3.3813477e+01
   1.3481950e+06   3.2409668e+01
   1.3482960e+06   4.1076660e+01
   1.3484230e+06   6.8054199e+01
   1.3484410e+06   4.5349121e+01
   1.3485380e+06   3.9428711e+01
   1.3486230e+06   3.4118652e+01
   1.3486640e+06   3.3630371e+01
   1.3488830e+06   3.4912109e+01
   1.3489720e+06   4.0344238e+01
   1.3491190e+06   3.2714844e+01
   1.3491420e+06   5.0659180e+01
   1.3492130e+06   3.3447266e+01
   1.3492880e+06   3.7231445e+01
   1.3493500e+06   4.5715332e+01
   1.3495800e+06   5.3405762e+01
   1.3496720e+06   3.6926270e+01
   1.3498070e+06   3.5949707e+01
   1.3499280e+06   3.7231445e+01
   1.3501820e+06   3.8696289e+01
   1.3504210e+06   3.3630371e+01
   1.3505290e+06   3.8574219e+01
   1.3509050e+06   3.6926270e+01
   1.3512970e+06   3.8146973e+01
   1.3514370e+06   2.0072021e+03
   1.3514500e+06   3.8513184e+01
   1.3649010e+06   3.5095215e+01
   1.3653780e+06   3.5034180e+01
   1.3691100e+06   3.4973145e+01
   1.3748420e+06   3.3264160e+01
   1.3775940e+06   3.2348633e+01
   1.3811900e+06   3.2470703e+01
   1.3831940e+06   3.4118652e+01
   1.3872850e+06   3.7902832e+01
   1.3874500e+06   4.3395996e+01
   1.3879070e+06   4.2846680e+01
   1.3880330e+06   3.5827637e+01
   1.3882210e+06   3.2470703e+01
   1.3883690e+06   3.3874512e+01
   1.3884470e+06   3.2836914e+01
   1.3885250e+06   3.4790039e+01
   1.3885680e+06   3.3203125e+01
   1.3886380e+06   3.9245605e+01
   1.3887180e+06   8.1787109e+01
   1.3887760e+06   4.3823242e+01
   1.3888210e+06   3.4545898e+01
   1.3889130e+06   3.6010742e+01
   1.3890170e+06   3.5644531e+01
   1.3890450e+06   3.3020020e+01
   1.3891030e+06   7.2143555e+01
   1.3891530e+06   3.4667969e+01
   1.3891920e+06   3.6132813e+01
   1.3892230e+06   4.0832520e+01
   1.3893550e+06   3.6499023e+01
   1.3893990e+06   6.4453125e+01
   1.3894560e+06   3.3630371e+01
   1.3894730e+06   5.9204102e+01
   1.3896090e+06   3.3569336e+01
   1.3897280e+06   3.5339355e+01
   1.3897490e+06   3.3386230e+01
   1.3899660e+06   3.3935547e+01
   1.3901450e+06   3.6743164e+01
   1.3901560e+06   5.6091309e+01
   1.3902330e+06   3.9794922e+01
   1.3905640e+06   3.5095215e+01
   1.3907380e+06   6.0058594e+01
   1.3910140e+06   3.9489746e+01
   1.3911210e+06   3.6499023e+01
   1.3913220e+06   3.8574219e+01
   1.3914990e+06   3.5034180e+01
   1.3917860e+06   4.1137695e+01
   1.3919690e+06   3.6804199e+01
   1.3923670e+06   3.4606934e+01
   1.4014530e+06   3.9999390e+03
   1.4014650e+06   3.5156250e+01
   1.4022870e+06   3.6132813e+01
   1.4081430e+06   3.3020020e+01
   1.4086530e+06   3.6987305e+01
   1.4151910e+06   3.2836914e+01
   1.4169490e+06   4.2114258e+01
   1.4218890e+06   3.3508301e+01
   1.4223510e+06   3.3142090e+01
   1.4229890e+06   3.8208008e+01
   1.4264820e+06   4.5471191e+01
   1.4306470e+06   3.7719727e+01
   1.4309570e+06   3.3752441e+01
   1.4312460e+06   4.6142578e+01
   1.4315150e+06   3.3203125e+01
   1.4317520e+06   3.8269043e+01
   1.4317790e+06   8.8378906e+01
   1.4318410e+06   3.8391113e+01
   1.4318950e+06   3.3447266e+01
   1.4319390e+06   3.5461426e+01
   1.4321170e+06   7.6232910e+01
   1.4321790e+06   3.5339355e+01
   1.4322620e+06   4.1442871e+01
   1.4323310e+06   4.2358398e+01
   1.4324160e+06   8.1298828e+01
   1.4324340e+06   4.6203613e+01
   1.4325000e+06   3.3020020e+01
   1.4325690e+06   3.2470703e+01
   1.4326370e+06   3.3935547e+01
   1.4327350e+06   4.4372559e+01
   1.4328190e+06   3.7902832e+01
   1.4328900e+06   6.7871094e+01
   1.4330380e+06   4.4250488e+01
   1.4330580e+06   5.1025391e+01
   1.4331400e+06   4.0222168e+01
   1.4334220e+06   4.0283203e+01
   1.4335520e+06   5.6091309e+01
   1.4339450e+06   4.2419434e+01
   1.4340650e+06   4.5166016e+01
   1.4342020e+06   3.3874512e+01
   1.4343310e+06   6.0485840e+01
   1.4343500e+06   3.9489746e+01
   1.4345960e+06   4.5776367e+01
   1.4346930e+06   3.5461426e+01
   1.4352450e+06   3.3813477e+01
   1.4440320e+06   3.4729004e+01
   1.4473320e+06   3.2897949e+01
   1.4486830e+06   3.3020020e+01
   1.4507940e+06   3.2897949e+01
   1.4511400e+06   3.8940430e+01
   1.4514650e+06   2.0090332e+03
   1.4514790e+06   3.5888672e+01
   1.4515630e+06   3.3813477e+01
   1.4516040e+06   3.5522461e+01
   1.4521220e+06   3.5949707e+01
   1.4524930e+06   3.4423828e+01
   1.4533940e+06   3.5583496e+01
   1.4537430e+06   3.3020020e+01
   1.4538910e+06   3.9794922e+01
   1.4541790e+06   3.2836914e+01
   1.4542900e+06   3.3508301e+01
   1.4546730e+06   3.2897949e+01
   1.4548490e+06   3.3142090e+01
   1.4549510e+06   3.6621094e+01
   1.4552310e+06   3.3874512e+01
   1.4555050e+06   3.2531738e+01
   1.4557150e+06   3.2592773e+01
   1.4559660e+06   3.3203125e+01
   1.4560630e+06   3.5705566e+01
   1.4564780e+06   3.6987305e+01
   1.4705920e+06   3.6560059e+01
   1.4730340e+06   3.3691406e+01
   1.4737390e+06   3.6804199e+01
   1.4779220e+06   3.4240723e+01
   1.4780480e+06   4.0832520e+01
   1.4784860e+06   3.4423828e+01
   1.4786640e+06   3.4606934e+01
   1.4787580e+06   3.4851074e+01
   1.4788540e+06   4.3640137e+01
   1.4791220e+06   3.8879395e+01
   1.4792500e+06   3.2592773e+01
   1.4793580e+06   3.5217285e+01
   1.4795050e+06   3.7231445e+01
   1.4796100e+06   3.2958984e+01
   1.4796820e+06   3.6560059e+01
   1.4806400e+06   3.3691406e+01
   1.4812810e+06   3.3020020e+01
   1.4851750e+06   3.6621094e+01
   1.4861780e+06   3.3447266e+01
   1.4870850e+06   3.2836914e+01
   1.4871950e+06   3.5095215e+01
   1.4875600e+06   3.2409668e+01
   1.4876780e+06   3.3569336e+01
   1.4880480e+06   3.5705566e+01
   1.4882480e+06   3.3264160e+01
   1.4884020e+06   4.0283203e+01
   1.4885310e+06   4.1748047e+01
   1.4889670e+06   3.6926270e+01
   1.4890820e+06   3.2348633e+01
   1.4896530e+06   3.2531738e+01
   1.4899480e+06   3.7231445e+01
   1.4900980e+06   3.2836914e+01
   1.4903860e+06   3.2897949e+01
   1.4908850e+06   3.6010742e+01
   1.4998830e+06   3.2592773e+01
   1.5006320e+06   3.9428711e+01
   1.5014810e+06   3.9999390e+03
   1.5018620e+06   3.4423828e+01
   1.5024140e+06   3.3813477e+01
   1.5122960e+06   3.6926270e+01
   1.5134580e+06   3.3508301e+01
   1.5138080e+06   3.5583496e+01
   1.5140670e+06   5.2429199e+01
   1.5141860e+06   3.4423828e+01
   1.5142830e+06   3.4851074e+01
   1.5144420e+06   3.6071777e+01
   1.5147100e+06   3.5766602e+01
   1.5148260e+06   3.8330078e+01
   1.5152780e+06   3.9855957e+01
   1.5154480e+06   3.4118652e+01
   1.5156250e+06   3.6193848e+01
   1.5157980e+06   5.2307129e+01
   1.5267960e+06   4.0527344e+01
   1.5322570e+06   3.7475586e+01
   1.5328770e+06   3.7109375e+01
   1.5331130e+06   3.2714844e+01
   1.5332300e+06   4.2846680e+01
   1.5333420e+06   3.4667969e+01
   1.5335970e+06   3.4667969e+01
   1.5336590e+06   3.6987305e+01
   1.5337720e+06   3.4729004e+01
   1.5338690e+06   3.5095215e+01
   1.5339810e+06   3.8146973e+01
   1.5342480e+06   3.2592773e+01
   1.5343240e+06   3.3325195e+01
   1.5344690e+06   3.2348633e+01
   1.5345610e+06   3.5217285e+01
   1.5347190e+06   3.5522461e+01
   1.5348450e+06   3.3996582e+01
   1.5349910e+06   3.5400391e+01
   1.5352010e+06   4.1320801e+01
   1.5353770e+06   3.7536621e+01
   1.5362050e+06   3.5217285e+01
   1.5364040e+06   3.6437988e+01
   1.5370150e+06   3.2958984e+01
   1.5374780e+06   3.3996582e+01
   1.5483900e+06   3.3691406e+01
   1.5514950e+06   3.9999390e+03
   1.5521930e+06   3.2714844e+01
   1.5524140e+06   3.8879395e+01
   1.5526770e+06   3.4179688e+01
   1.5529510e+06   3.4362793e+01
   1.5535100e+06   3.3752441e+01
   1.5538980e+06   3.3142090e+01
   1.5539690e+06   4.1809082e+01
   1.5544200e+06   3.2531738e+01
   1.5550460e+06   3.6437988e+01
   1.5554720e+06   3.5705566e+01
   1.5562300e+06   4.1625977e+01
   1.5643540e+06   3.3081055e+01
   1.5654520e+06   3.4362793e+01
   1.5667560e+06   3.4179688e+01
   1.5733780e+06   3.5400391e+01
   1.5736920e+06   3.7719727e+01
   1.5741760e+06   3.4240723e+01
   1.5752980e+06   3.5339355e+01
   1.5759490e+06   3.3813477e+01
   1.5868470e+06   3.3020020e+01
   1.5872580e+06   3.6499023e+01
   1.5876190e+06   3.3386230e+01
   1.5882180e+06   3.3020020e+01
   1.5887570e+06   3.9062500e+01
   1.5888570e+06   3.9978027e+01
   1.5893450e+06   3.7963867e+01
   1.5895830e+06   3.3813477e+01
   1.5898030e+06   3.4301758e+01
   1.5911400e+06   3.4484863e+01
   1.5916990e+06   3.4667969e+01
   1.5922460e+06   4.1625977e+01
   1.6015090e+06   3.9999390e+03
   1.6021190e+06   3.3020020e+01
   1.6023540e+06   3.9672852e+01
   1.6034480e+06   3.6499023e+01
   1.6036280e+06   3.4057617e+01
   1.6041370e+06   3.2958984e+01
   1.6045020e+06   3.5522461e+01
   1.6152600e+06   3.6071777e+01
   1.6265070e+06   3.8818359e+01
   1.6267350e+06   3.9550781e+01
   1.6269490e+06   4.2114258e+01
   1.6272570e+06   3.2775879e+01
   1.6276760e+06   3.7719727e+01
   1.6278360e+06   3.3569336e+01
   1.6279300e+06   3.4545898e+01
   1.6281600e+06   3.4179688e+01
   1.6282470e+06   3.4484863e+01
   1.6285250e+06   3.5827637e+01
   1.6286670e+06   3.5522461e+01
   1.6287460e+06   3.6376953e+01
   1.6291680e+06   3.3569336e+01
   1.6300680e+06   3.4240723e+01
   1.6401780e+06   3.5339355e+01
   1.6515210e+06   2.0098267e+03
   1.6516650e+06   4.5776367e+01
   1.6520420e+06   3.3142090e+01
   1.6525640e+06   3.3264160e+01
   1.6527610e+06   4.0283203e+01
   1.6535080e+06   3.3447266e+01
   1.6535940e+06   3.6804199e+01
   1.6536650e+06   3.6682129e+01
   1.6537680e+06   3.6193848e+01
   1.6540020e+06   3.3325195e+01
   1.6541420e+06   3.5400391e+01
   1.6542670e+06   3.2348633e+01
   1.6545700e+06   3.6987305e+01
   1.6547110e+06   3.4790039e+01
   1.6553370e+06   3.3142090e+01
   1.6554660e+06   3.5522461e+01
   1.6560580e+06   3.3325195e+01
   1.6589120e+06   4.2602539e+01
   1.6767260e+06   3.8269043e+01
   1.6800710e+06   3.7231445e+01
   1.6870810e+06   3.4545898e+01
   1.6873550e+06   3.8146973e+01
   1.6876040e+06   3.7414551e+01
   1.6879390e+06   3.2592773e+01
   1.6880220e+06   3.2470703e+01
   1.6882010e+06   4.2358398e+01
   1.6883720e+06   3.6743164e+01
   1.6884820e+06   4.5532227e+01
   1.6885730e+06   3.5583496e+01
   1.6886950e+06   4.0344238e+01
   1.6887420e+06   3.2775879e+01
   1.6887660e+06   8.2458496e+01
   1.6888520e+06   3.4301758e+01
   1.6889530e+06   5.6396484e+01
   1.6889690e+06   4.5532227e+01
   1.6889840e+06   3.4179688e+01
   1.6890100e+06   3.2775879e+01
   1.6890890e+06   3.2348633e+01
   1.6891090e+06   3.3325195e+01
   1.6891550e+06   4.3090820e+01
   1.6891770e+06   3.9794922e+01
   1.6892130e+06   3.4667969e+01
   1.6892470e+06   3.4606934e+01
   1.6892570e+06   6.5185547e+01
   1.6893060e+06   3.6437988e+01
   1.6894040e+06   3.5278320e+01
   1.6894600e+06   5.1330566e+01
   1.6895230e+06   3.3081055e+01
   1.6895710e+06   5.0903320e+01
   1.6896550e+06   7.3303223e+01
   1.6896810e+06   3.7292480e+01
   1.6897580e+06   3.2958984e+01
   1.6898080e+06   3.7353516e+01
   1.6898890e+06   3.3264160e+01
   1.6899800e+06   3.5644531e+01
   1.6900370e+06   7.1777344e+01
   1.6901910e+06   3.5827637e+01
   1.6903440e+06   4.2358398e+01
   1.6905930e+06   7.1899414e+01
   1.6907070e+06   4.8217773e+01
   1.6908190e+06   3.4240723e+01
   1.6909180e+06   3.4606934e+01
   1.6911330e+06   3.2531738e+01
   1.6912750e+06   3.4057617e+01
   1.6917980e+06   3.5034180e+01
   1.6926740e+06   3.2653809e+01
   1.6937720e+06   4.0832520e+01
   1.6976880e+06   3.5461426e+01
   1.7007040e+06   3.6987305e+01
   1.7015350e+06   2.0108032e+03
   1.7015500e+06   3.2348633e+01
   1.7031000e+06   3.7231445e+01
   1.7031390e+06   3.3752441e+01
   1.7035750e+06   3.8146973e+01
   1.7040980e+06   3.2531738e+01
   1.7044810e+06   3.2348633e+01
   1.7059650e+06   3.3386230e+01
   1.7067610e+06   3.3630371e+01
   1.7071600e+06   3.7597656e+01
   1.7079500e+06   3.2470703e+01
   1.7374910e+06   3.3081055e+01
   1.7380860e+06   3.2592773e+01
   1.7385790e+06   3.5461426e+01
   1.7388910e+06   3.3386230e+01
   1.7392430e+06   4.6630859e+01
   1.7394820e+06   3.3874512e+01
   1.7395660e+06   3.6499023e+01
   1.7397390e+06   3.3142090e+01
   1.7398990e+06   3.8879395e+01
   1.7400960e+06   3.7719727e+01
   1.7402250e+06   3.6132813e+01
   1.7404690e+06   4.4250488e+01
   1.7406710e+06   3.4118652e+01
   1.7410010e+06   4.1992188e+01
   1.7411760e+06   3.3569336e+01
   1.7414200e+06   3.2653809e+01
   1.7415080e+06   3.9062500e+01
   1.7418110e+06   3.4973145e+01
   1.7421010e+06   3.9001465e+01
   1.7422400e+06   3.2714844e+01
   1.7425820e+06   3.6376953e+01
   1.7441600e+06   4.0466309e+01
   1.7515490e+06   2.0076294e+03
   1.7543420e+06   3.9550781e+01
   1.7551270e+06   3.7841797e+01
   1.7559790e+06   3.3447266e+01
   1.7565760e+06   4.4677734e+01
   1.7572530e+06   3.8024902e+01
   1.7579070e+06   3.3569336e+01
   1.7750390e+06   3.2653809e+01
   1.7780640e+06   3.2958984e+01
   1.7801710e+06   3.4179688e+01
   1.7806800e+06   3.4362793e+01
   1.7809060e+06   3.4484863e+01
   1.7810770e+06   4.0771484e+01
   1.7811350e+06   3.3142090e+01
   1.7815700e+06   4.0283203e+01
   1.7819310e+06   3.6071777e+01
   1.7821440e+06   3.3691406e+01
   1.7822390e+06   3.6682129e+01
   1.7823300e+06   3.2470703e+01
   1.7824810e+06   3.5095215e+01
   1.7827720e+06   3.5095215e+01
   1.7828850e+06   3.3142090e+01
   1.7829360e+06   3.3813477e+01
   1.7830840e+06   4.0161133e+01
   1.7831620e+06   3.6437988e+01
   1.7833350e+06   3.6621094e+01
   1.7834320e+06   3.3752441e+01
   1.7835230e+06   3.6193848e+01
   1.7836960e+06   3.2409668e+01
   1.7838110e+06   3.5278320e+01
   1.7839570e+06   3.9672852e+01
   1.7841640e+06   3.5339355e+01
   1.7847780e+06   3.6010742e+01
   1.7850130e+06   3.2470703e+01
   1.7851250e+06   3.7719727e+01
   1.7854260e+06   4.7546387e+01
   1.7855640e+06   3.4118652e+01
   1.7858010e+06   3.6560059e+01
   1.8015630e+06   2.0071411e+03
   1.8019060e+06   4.1931152e+01
   1.8023540e+06   3.5156250e+01
   1.8028660e+06   3.5583496e+01
   1.8029890e+06   3.8330078e+01
   1.8031910e+06   3.3203125e+01
   1.8033790e+06   3.5766602e+01
   1.8038380e+06   3.2897949e+01
   1.8043730e+06   3.3935547e+01
   1.8048310e+06   3.3569336e+01
   1.8051890e+06   3.4912109e+01
   1.8063710e+06   4.0649414e+01
   1.8064910e+06   3.3386230e+01
   1.8429110e+06   3.6499023e+01
   1.8430230e+06   3.6560059e+01
   1.8432600e+06   3.4545898e+01
   1.8433290e+06   3.7536621e+01
   1.8434010e+06   4.4250488e+01
   1.8435460e+06   3.6865234e+01
   1.8436260e+06   3.7536621e+01
   1.8439490e+06   3.4301758e+01
   1.8440900e+06   3.7048340e+01
   1.8442550e+06   3.5034180e+01
   1.8444660e+06   4.3823242e+01
   1.8445500e+06   9.0820313e+01
   1.8446870e+06   4.3823242e+01
   1.8447180e+06   3.2531738e+01
   1.8447900e+06   6.6406250e+01
   1.8448480e+06   4.0344238e+01
   1.8448850e+06   3.9489746e+01
   1.8449670e+06   5.0476074e+01
   1.8450290e+06   4.4250488e+01
   1.8450450e+06   8.3312988e+01
   1.8450800e+06   3.5888672e+01
   1.8450970e+06   3.5156250e+01
   1.8451500e+06   3.4606934e+01
   1.8452330e+06   3.4362793e+01
   1.8453210e+06   5.3039551e+01
   1.8453310e+06   3.4484863e+01
   1.8453800e+06   4.8339844e+01
   1.8454280e+06   3.5644531e+01
   1.8454490e+06   7.7941895e+01
   1.8455240e+06   3.3569336e+01
   1.8457360e+06   3.7414551e+01
   1.8457850e+06   5.8410645e+01
   1.8458390e+06   3.3508301e+01
   1.8459430e+06   3.6437988e+01
   1.8461860e+06   5.6945801e+01
   1.8462170e+06   3.7597656e+01
   1.8462430e+06   3.5095215e+01
   1.8463810e+06   3.4362793e+01
   1.8464400e+06   3.2897949e+01
   1.8465050e+06   3.5400391e+01
   1.8466890e+06   5.0476074e+01
   1.8467070e+06   5.4931641e+01
   1.8467480e+06   3.2409668e+01
   1.8468700e+06   3.3813477e+01
   1.8469730e+06   3.3081055e+01
   1.8471850e+06   3.4729004e+01
   1.8473050e+06   3.4912109e+01
   1.8476530e+06   3.6071777e+01
   1.8480030e+06   3.4484863e+01
   1.8480860e+06   3.8391113e+01
   1.8482610e+06   3.7048340e+01
   1.8515770e+06   2.0101929e+03
   1.8596500e+06   3.8085938e+01
   1.8663810e+06   3.4362793e+01
   1.8694180e+06   3.3325195e+01
   1.8698250e+06   3.3386230e+01
   1.8702210e+06   3.8208008e+01
   1.8705150e+06   3.2348633e+01
   1.8709510e+06   3.3264160e+01
   1.8713970e+06   4.3640137e+01
   1.8714990e+06   3.4118652e+01
   1.8718190e+06   3.3386230e+01
   1.8721170e+06   3.5400391e+01
   1.8724720e+06   3.2470703e+01
   1.8731690e+06   3.5644531e+01
   1.8884920e+06   3.4851074e+01
   1.9015930e+06   3.9999390e+03
   1.9018800e+06   3.7658691e+01
   1.9023390e+06   4.1137695e+01
   1.9026300e+06   3.3996582e+01
   1.9028810e+06   3.2775879e+01
   1.9033430e+06   3.2409668e+01
   1.9034130e+06   3.8940430e+01
   1.9035060e+06   3.6010742e+01
   1.9036190e+06   4.9255371e+01
   1.9037590e+06   3.6865234e+01
   1.9039200e+06   3.9184570e+01
   1.9040200e+06   3.8757324e+01
   1.9042670e+06   4.3395996e+01
   1.9043530e+06   4.4555664e+01
   1.9046050e+06   3.2653809e+01
   1.9048330e+06   3.2775879e+01
   1.9049600e+06   3.4240723e+01
   1.9051750e+06   3.2531738e+01
   1.9054220e+06   3.8024902e+01
   1.9054470e+06   3.9794922e+01
   1.9056410e+06   3.4362793e+01
   1.9058140e+06   3.2958984e+01
   1.9060670e+06   4.0283203e+01
   1.9062750e+06   4.2602539e+01
   1.9063760e+06   3.4240723e+01
   1.9065510e+06   3.2836914e+01
   1.9066640e+06   3.3081055e+01
   1.9070030e+06   3.5034180e+01
   1.9076780e+06   3.4179688e+01
   1.9225700e+06   3.2775879e+01
   1.9327170e+06   3.8757324e+01
   1.9516070e+06   3.9999390e+03
   1.9516170e+06   4.6813965e+01
   1.9522740e+06   3.5095215e+01
   1.9523890e+06   3.6315918e+01
   1.9529170e+06   3.8085938e+01
   1.9530860e+06   3.2409668e+01
   1.9531990e+06   3.4240723e+01
   1.9532610e+06   4.0222168e+01
   1.9533340e+06   3.4790039e+01
   1.9533660e+06   3.7597656e+01
   1.9534760e+06   3.3142090e+01
   1.9535480e+06   3.3447266e+01
   1.9536290e+06   8.9172363e+01
   1.9536750e+06   4.0466309e+01
   1.9536940e+06   3.7902832e+01
   1.9537490e+06   4.0588379e+01
   1.9538700e+06   5.6152344e+01
   1.9538940e+06   3.4729004e+01
   1.9540110e+06   3.2714844e+01
   1.9540250e+06   6.7260742e+01
   1.9540840e+06   4.1259766e+01
   1.9541440e+06   3.5095215e+01
   1.9541730e+06   4.6142578e+01
   1.9542180e+06   3.3325195e+01
   1.9543350e+06   6.1340332e+01
   1.9543620e+06   4.1687012e+01
   1.9543770e+06   3.2470703e+01
   1.9543980e+06   3.3447266e+01
   1.9544400e+06   3.9550781e+01
   1.9545810e+06   5.2001953e+01
   1.9546250e+06   6.5795898e+01
   1.9546540e+06   3.4301758e+01
   1.9546790e+06   3.3874512e+01
   1.9547700e+06   3.3447266e+01
   1.9549300e+06   3.8391113e+01
   1.9549420e+06   3.5156250e+01
   1.9549790e+06   1.0552979e+02
   1.9550200e+06   5.3161621e+01
   1.9550410e+06   3.3813477e+01
   1.9551610e+06   4.4494629e+01
   1.9553010e+06   5.2062988e+01
   1.9553490e+06   4.0588379e+01
   1.9556230e+06   4.2785645e+01
   1.9556760e+06   5.9936523e+01
   1.9557300e+06   4.0222168e+01
   1.9558170e+06   3.9001465e+01
   1.9559370e+06   3.5217285e+01
   1.9559530e+06   3.3752441e+01
   1.9560830e+06   4.4860840e+01
   1.9561090e+06   4.5837402e+01
   1.9562510e+06   3.6193848e+01
   1.9563590e+06   3.9367676e+01
   1.9564890e+06   3.2531738e+01
   1.9565210e+06   5.2856445e+01
   1.9566580e+06   3.4240723e+01
   1.9568580e+06   3.3508301e+01
   1.9572120e+06   3.3325195e+01
   1.9574790e+06   3.5522461e+01
   1.9578880e+06   3.6010742e+01
   1.9581840e+06   3.3386230e+01
   1.9582970e+06   3.9428711e+01
   1.9660070e+06   3.5217285e+01
   2.0016210e+06   3.9999390e+03
   2.0026090e+06   3.4301758e+01
   2.0030510e+06   3.5461426e+01
   2.0033020e+06   3.2836914e+01
   2.0034050e+06   3.3630371e+01
   2.0035900e+06   4.0527344e+01
   2.0037220e+06   3.7414551e+01
   2.0038260e+06   3.9062500e+01
   2.0038660e+06   4.1992188e+01
   2.0038820e+06   8.6608887e+01
   2.0039460e+06   3.5827637e+01
   2.0039640e+06   3.4667969e+01
   2.0040530e+06   3.6865234e+01
   2.0041130e+06   3.4118652e+01
   2.0041510e+06   4.2907715e+01
   2.0041990e+06   6.7260742e+01
   2.0042670e+06   3.7170410e+01
   2.0043110e+06   3.5217285e+01
   2.0043460e+06   3.5095215e+01
   2.0044640e+06   4.2663574e+01
   2.0045750e+06   3.4057617e+01
   2.0046490e+06   7.6599121e+01
   2.0046890e+06   3.5339355e+01
   2.0047170e+06   8.7585449e+01
   2.0048480e+06   3.3813477e+01
   2.0049770e+06   3.3691406e+01
   2.0051130e+06   3.6560059e+01
   2.0051950e+06   6.1035156e+01
   2.0054380e+06   3.5400391e+01
   2.0055720e+06   4.7363281e+01
   2.0057150e+06   3.2531738e+01
   2.0058410e+06   3.5034180e+01
   2.0059500e+06   3.8024902e+01
   2.0061500e+06   3.8330078e+01
   2.0068860e+06   3.5034180e+01
   2.0258040e+06   3.8391113e+01
   2.0419390e+06   3.9245605e+01
   2.0421500e+06   3.3142090e+01
   2.0422990e+06   3.5644531e+01
   2.0424740e+06   3.3996582e+01
   2.0425420e+06   3.6437988e+01
   2.0426900e+06   3.6010742e+01
   2.0429250e+06   4.6325684e+01
   2.0430120e+06   3.8513184e+01
   2.0433230e+06   3.3935547e+01
   2.0433950e+06   3.3935547e+01
   2.0436690e+06   3.9062500e+01
   2.0440110e+06   3.4057617e+01
   2.0440950e+06   3.4057617e+01
   2.0441930e+06   4.3212891e+01
   2.0442590e+06   4.7546387e+01
   2.0442700e+06   8.2336426e+01
   2.0444160e+06   3.2348633e+01
   2.0445220e+06   4.3334961e+01
   2.0447590e+06   3.2470703e+01
   2.0449060e+06   3.4484863e+01
   2.0450340e+06   7.1228027e+01
   2.0451550e+06   3.2348633e+01
   2.0452550e+06   3.2836914e+01
   2.0455470e+06   3.2348633e+01
   2.0456480e+06   3.6315918e+01
   2.0457750e+06   3.6437988e+01
   2.0463810e+06   3.5400391e+01
   2.0486430e+06   3.3630371e+01
   2.0516350e+06   3.9999390e+03
   2.0702610e+06   3.5278320e+01
   2.0929170e+06   3.5522461e+01
   2.0951740e+06   3.2470703e+01
   2.1016490e+06   3.9999390e+03
   2.1029610e+06   3.5461426e+01
   2.1031800e+06   3.7475586e+01
   2.1032900e+06   3.5949707e+01
   2.1034970e+06   4.5043945e+01
   2.1035990e+06   3.3813477e+01
   2.1039670e+06   3.6132813e+01
   2.1039900e+06   8.4533691e+01
   2.1041310e+06   3.2409668e+01
   2.1042150e+06   3.3630371e+01
   2.1042300e+06   3.5278320e+01
   2.1042480e+06   7.7270508e+01
   2.1042730e+06   4.4982910e+01
   2.1043270e+06   3.4790039e+01
   2.1044490e+06   4.0588379e+01
   2.1044760e+06   3.3508301e+01
   2.1045050e+06   1.0101318e+02
   2.1046380e+06   3.4423828e+01
   2.1046600e+06   3.5034180e+01
   2.1046960e+06   4.2419434e+01
   2.1047370e+06   3.3386230e+01
   2.1048110e+06   5.0292969e+01
   2.1048750e+06   4.7241211e+01
   2.1049000e+06   4.0283203e+01
   2.1049420e+06   4.1503906e+01
   2.1050070e+06   6.3232422e+01
   2.1050660e+06   4.5471191e+01
   2.1052830e+06   3.2775879e+01
   2.1053760e+06   4.1381836e+01
   2.1054350e+06   3.6315918e+01
   2.1055970e+06   3.2531738e+01
   2.1057220e+06   4.1809082e+01
   2.1058120e+06   3.6865234e+01
   2.1059130e+06   5.5175781e+01
   2.1062350e+06   3.3447266e+01
   2.1063460e+06   3.2592773e+01
   2.1064780e+06   4.5227051e+01
   2.1066050e+06   3.4118652e+01
   2.1067660e+06   3.6804199e+01
   2.1196640e+06   3.2348633e+01
   2.1263220e+06   3.5156250e+01
   2.1516610e+06   2.0040894e+03
   2.1531470e+06   3.4301758e+01
   2.1532870e+06   4.5349121e+01
   2.1536620e+06   3.6376953e+01
   2.1537820e+06   3.3081055e+01
   2.1538650e+06   4.0832520e+01
   2.1540330e+06   4.5288086e+01
   2.1541420e+06   3.4301758e+01
   2.1541770e+06   3.2348633e+01
   2.1542030e+06   3.6987305e+01
   2.1542210e+06   3.6010742e+01
   2.1543730e+06   3.9245605e+01
   2.1544020e+06   8.1176758e+01
   2.1544660e+06   3.9123535e+01
   2.1545630e+06   3.4423828e+01
   2.1546710e+06   6.6040039e+01
   2.1546980e+06   3.3752441e+01
   2.1547260e+06   3.7780762e+01
   2.1547570e+06   4.1687012e+01
   2.1548320e+06   3.3020020e+01
   2.1549020e+06   3.5461426e+01
   2.1549880e+06   3.3264160e+01
   2.1550040e+06   6.0180664e+01
   2.1551210e+06   4.7851563e+01
   2.1551460e+06   3.3325195e+01
   2.1554870e+06   5.6884766e+01
   2.1555910e+06   3.7048340e+01
   2.1556120e+06   3.4057617e+01
   2.1558130e+06   3.6865234e+01
   2.1559120e+06   3.4606934e+01
   2.1560050e+06   3.4606934e+01
   2.1561230e+06   3.5095215e+01
   2.1564100e+06   6.6711426e+01
   2.1566050e+06   3.5583496e+01
   2.1569920e+06   3.4729004e+01
   2.1571840e+06   3.9306641e+01
   2.1574590e+06   3.5400391e+01
   2.1579310e+06   3.2714844e+01
   2.1603350e+06   4.1381836e+01
   2.1853240e+06   3.4912109e+01
   2.1881760e+06   3.6376953e+01
   2.1898660e+06   4.1442871e+01
   2.1901950e+06   3.3874512e+01
   2.1907920e+06   3.3508301e+01
   2.1920610e+06   3.6743164e+01
   2.1926380e+06   3.4912109e+01
   2.1930030e+06   4.0344238e+01
   2.1932510e+06   3.4423828e+01
   2.1935630e+06   3.3996582e+01
   2.1937650e+06   3.4851074e+01
   2.1938260e+06   3.5644531e+01
   2.1939330e+06   3.5278320e+01
   2.1940280e+06   3.6499023e+01
   2.1947970e+06   3.3996582e+01
   2.1949380e+06   3.5583496e+01
   2.1950660e+06   3.8330078e+01
   2.1951440e+06   3.3630371e+01
   2.1953740e+06   3.3203125e+01
   2.1955350e+06   3.3630371e+01
   2.1958740e+06   3.5766602e+01
   2.1962030e+06   3.4545898e+01
   2.1963030e+06   4.1015625e+01
   2.1964300e+06   3.5095215e+01
   2.1975210e+06   3.9062500e+01
   2.1976910e+06   3.7719727e+01
   2.2016750e+06   2.0039673e+03
   2.2439050e+06   3.2531738e+01
   2.2516890e+06   2.0092773e+03
   2.2529030e+06   3.6926270e+01
   2.2534540e+06   3.7109375e+01
   2.2536030e+06   3.3203125e+01
   2.2537130e+06   4.4250488e+01
   2.2539090e+06   3.5949707e+01
   2.2540990e+06   3.4118652e+01
   2.2541910e+06   3.4118652e+01
   2.2542840e+06   3.6499023e+01
   2.2544790e+06   3.6315918e+01
   2.2545580e+06   3.5705566e+01
   2.2546190e+06   3.2836914e+01
   2.2546770e+06   4.5654297e+01
   2.2546950e+06   4.1015625e+01
   2.2548660e+06   3.2897949e+01
   2.2549520e+06   3.6560059e+01
   2.2550100e+06   7.8857422e+01
   2.2550230e+06   3.4240723e+01
   2.2551590e+06   3.4729004e+01
   2.2551960e+06   3.2653809e+01
   2.2552500e+06   3.4240723e+01
   2.2554180e+06   7.1716309e+01
   2.2554880e+06   3.3447266e+01
   2.2556890e+06   3.2958984e+01
   2.2557790e+06   3.2653809e+01
   2.2558690e+06   3.3691406e+01
   2.2560410e+06   3.7902832e+01
   2.2560700e+06   7.2448730e+01
   2.2561390e+06   4.7973633e+01
   2.2564730e+06   3.7170410e+01
   2.2565860e+06   3.4301758e+01
   2.2567870e+06   3.4362793e+01
   2.2569400e+06   3.5827637e+01
   2.2570650e+06   3.6254883e+01
   2.2572000e+06   4.1503906e+01
   2.2576220e+06   3.3813477e+01
   2.2584370e+06   3.2348633e+01
   2.2665290e+06   3.2409668e+01
   2.2922370e+06   3.4240723e+01
   2.2933680e+06   3.7414551e+01
   2.2935130e+06   3.8330078e+01
   2.2936210e+06   3.3264160e+01
   2.2938710e+06   3.5217285e+01
   2.2940570e+06   4.1259766e+01
   2.2943490e+06   3.3691406e+01
   2.2944050e+06   3.3874512e+01
   2.2945450e+06   3.5339355e+01
   2.2946950e+06   3.5583496e+01
   2.2947680e+06   3.3264160e+01
   2.2948740e+06   3.6010742e+01
   2.2950620e+06   3.5644531e+01
   2.2951700e+06   3.5949707e+01
   2.2952340e+06   3.7109375e+01
   2.2956180e+06   3.4423828e+01
   2.2957510e+06   3.4729004e+01
   2.2958630e+06   3.2897949e+01
   2.2963170e+06   3.2836914e+01
   2.2964240e+06   3.3813477e+01
   2.2972850e+06   3.3874512e+01
   2.2974190e+06   3.6682129e+01
   2.3017030e+06   2.0130615e+03
   2.3233170e+06   3.2409668e+01
   2.3424930e+06   3.6376953e+01
   2.3517170e+06   2.0059814e+03
   2.3517290e+06   4.2663574e+01
   2.3523580e+06   3.3630371e+01
   2.3532480e+06   3.5339355e+01
   2.3534920e+06   3.2958984e+01
   2.3537440e+06   3.8269043e+01
   2.3538230e+06   3.8513184e+01
   2.3543220e+06   3.7841797e+01
   2.3543790e+06   3.7109375e+01
   2.3543900e+06   4.0710449e+01
   2.3544510e+06   3.9123535e+01
   2.3546750e+06   3.2653809e+01
   2.3547550e+06   4.1381836e+01
   2.3548060e+06   3.6499023e+01
   2.3549130e+06   3.4240723e+01
   2.3550230e+06   3.4484863e+01
   2.3550550e+06   3.2653809e+01
   2.3551270e+06   3.9245605e+01
   2.3552180e+06   3.6315918e+01
   2.3552970e+06   4.1870117e+01
   2.3554890e+06   3.2470703e+01
   2.3556390e+06   3.4484863e+01
   2.3557720e+06   3.4606934e+01
   2.3558870e+06   4.6630859e+01
   2.3560120e+06   3.8452148e+01
   2.3562030e+06   3.3081055e+01
   2.3563200e+06   4.4982910e+01
   2.3565840e+06   3.2592773e+01
   2.3570420e+06   3.5400391e+01
   2.3570810e+06   3.4118652e+01
   2.3571880e+06   3.6865234e+01
   2.3577930e+06   3.2714844e+01
   2.3579900e+06   3.4973145e+01
   2.3588340e+06   3.2409668e+01
   2.3660080e+06   3.2653809e+01
   2.4002520e+06   3.5217285e+01
   2.4017330e+06   3.9999390e+03
   2.4018340e+06   3.3935547e+01
   2.4026840e+06   3.9672852e+01
   2.4032340e+06   4.5227051e+01
   2.4035060e+06   3.4362793e+01
   2.4036790e+06   3.3020020e+01
   2.4038300e+06   3.3874512e+01
   2.4039290e+06   4.1992188e+01
   2.4042770e+06   3.5949707e+01
   2.4043740e+06   3.8513184e+01
   2.4044710e+06   3.6499023e+01
   2.4047890e+06   4.1931152e+01
   2.4048690e+06   3.3691406e+01
   2.4049730e+06   3.2470703e+01
   2.4050580e+06   3.4545898e+01
   2.4051740e+06   3.2714844e+01
   2.4055610e+06   3.6926270e+01
   2.4056610e+06   3.9428711e+01
   2.4058400e+06   3.3630371e+01
   2.4059600e+06   3.6315918e+01
   2.4060700e+06   3.2958984e+01
   2.4062300e+06   3.4423828e+01
   2.4067010e+06   3.2714844e+01
   2.4072050e+06   3.4729004e+01
   2.4075270e+06   3.9001465e+01
   2.4220880e+06   3.5888672e+01
   2.4358730e+06   3.3447266e+01
   2.4485970e+06   3.3996582e+01
   2.4517450e+06   2.0109863e+03
   2.4535820e+06   4.3029785e+01
   2.4538490e+06   3.3142090e+01
   2.4546950e+06   4.0283203e+01
   2.4554590e+06   3.5705566e+01
   2.4555270e+06   4.0954590e+01
   2.4555630e+06   3.6804199e+01
   2.4556480e+06   9.1979980e+01
   2.4556740e+06   3.4179688e+01
   2.4556910e+06   3.4667969e+01
   2.4557600e+06   3.2348633e+01
   2.4557810e+06   4.7424316e+01
   2.4558570e+06   3.7597656e+01
   2.4558970e+06   6.6223145e+01
   2.4559730e+06   4.3884277e+01
   2.4560550e+06   4.1748047e+01
   2.4560850e+06   1.1474609e+02
   2.4561150e+06   5.8837891e+01
   2.4561620e+06   4.0100098e+01
   2.4562620e+06   4.5593262e+01
   2.4562860e+06   1.2011719e+02
   2.4563470e+06   3.3203125e+01
   2.4563620e+06   3.2531738e+01
   2.4564250e+06   3.4484863e+01
   2.4564790e+06   5.4138184e+01
   2.4565020e+06   8.7890625e+01
   2.4565330e+06   3.7292480e+01
   2.4565960e+06   3.3996582e+01
   2.4567040e+06   4.0649414e+01
   2.4567210e+06   9.7290039e+01
   2.4567530e+06   3.2958984e+01
   2.4568310e+06   5.3833008e+01
   2.4568510e+06   3.6682129e+01
   2.4569080e+06   8.8256836e+01
   2.4569910e+06   3.8940430e+01
   2.4570590e+06   5.8471680e+01
   2.4571480e+06   8.9050293e+01
   2.4572290e+06   3.3081055e+01
   2.4573090e+06   5.2856445e+01
   2.4573630e+06   7.6965332e+01
   2.4573760e+06   4.4921875e+01
   2.4575470e+06   5.7861328e+01
   2.4576050e+06   4.7668457e+01
   2.4576360e+06   4.0771484e+01
   2.4576700e+06   3.5766602e+01
   2.4577590e+06   3.3386230e+01
   2.4577970e+06   4.3945313e+01
   2.4578420e+06   3.4851074e+01
   2.4579210e+06   5.0415039e+01
   2.4579650e+06   3.3569336e+01
   2.4580080e+06   3.3264160e+01
   2.4580260e+06   3.4606934e+01
   2.4581400e+06   8.6608887e+01
   2.4582700e+06   4.2968750e+01
   2.4584320e+06   3.7719727e+01
   2.4584470e+06   8.0017090e+01
   2.4585960e+06   3.7292480e+01
   2.4587310e+06   3.8146973e+01
   2.4589120e+06   3.4484863e+01
   2.4591410e+06   3.5095215e+01
   2.4592370e+06   3.2775879e+01
   2.4594790e+06   3.9123535e+01
   2.4676080e+06   3.2409668e+01
   2.4912220e+06   3.2531738e+01
   2.4947430e+06   3.3264160e+01
   2.5076050e+06   3.7963867e+01
   2.5114400e+06   3.5644531e+01
   2.5218690e+06   3.3874512e+01
   2.5233330e+06   3.3203125e+01
   2.5237430e+06   3.5644531e+01
   2.5510950e+06   3.6743164e+01
   2.5569040e+06   4.0222168e+01
   2.5569380e+06   4.0161133e+01
   2.5570410e+06   4.0832520e+01
   2.5571730e+06   3.4118652e+01
   2.5571900e+06   6.8786621e+01
   2.5572130e+06   3.5217285e+01
   2.5572730e+06   4.4433594e+01
   2.5573420e+06   4.0222168e+01
   2.5573770e+06   3.6010742e+01
   2.5574040e+06   3.6865234e+01
   2.5574190e+06   3.2897949e+01
   2.5574370e+06   4.6081543e+01
   2.5575140e+06   1.0809326e+02
   2.5575520e+06   4.4433594e+01
   2.5576120e+06   3.4484863e+01
   2.5576340e+06   5.7006836e+01
   2.5576590e+06   3.2897949e+01
   2.5576910e+06   4.2053223e+01
   2.5577240e+06   9.0820313e+01
   2.5577510e+06   3.4301758e+01
   2.5577920e+06   3.7597656e+01
   2.5578850e+06   4.1564941e+01
   2.5578960e+06   1.0473633e+02
   2.5579440e+06   3.9978027e+01
   2.5580050e+06   3.4301758e+01
   2.5580740e+06   7.2692871e+01
   2.5581590e+06   5.4626465e+01
   2.5582020e+06   3.3386230e+01
   2.5582280e+06   4.6752930e+01
   2.5582810e+06   3.2775879e+01
   2.5583480e+06   3.9855957e+01
   2.5583760e+06   3.6254883e+01
   2.5584560e+06   5.1757813e+01
   2.5585840e+06   3.2897949e+01
   2.5586300e+06   5.1330566e+01
   2.5586650e+06   7.4768066e+01
   2.5588330e+06   5.0598145e+01
   2.5588950e+06   3.4667969e+01
   2.5589110e+06   4.4860840e+01
   2.5589480e+06   3.9428711e+01
   2.5590170e+06   5.3283691e+01
   2.5591720e+06   3.4912109e+01
   2.5591850e+06   4.1503906e+01
   2.5592090e+06   4.5471191e+01
   2.5592250e+06   3.2836914e+01
   2.5592590e+06   3.8757324e+01
   2.5594410e+06   5.2246094e+01
   2.5595970e+06   5.3710938e+01
   2.5596070e+06   3.7475586e+01
   2.5596920e+06   5.0659180e+01
   2.5597560e+06   4.1503906e+01
   2.5598460e+06   7.7270508e+01
   2.5599770e+06   3.3386230e+01
   2.5599960e+06   5.0720215e+01
   2.5600620e+06   6.6833496e+01
   2.5600770e+06   3.6865234e+01
   2.5602140e+06   4.0466309e+01
   2.5602700e+06   7.1533203e+01
   2.5603900e+06   3.5705566e+01
   2.5604670e+06   4.2236328e+01
   2.5605050e+06   3.4729004e+01
   2.5606520e+06   8.3251953e+01
   2.5608170e+06   3.8513184e+01
   2.5610600e+06   3.7048340e+01
   2.5612510e+06   3.4912109e+01
   2.5614960e+06   3.3874512e+01
   2.5769380e+06   3.4851074e+01
   2.5778300e+06   3.8696289e+01
   2.5815050e+06   3.6926270e+01
   2.5843380e+06   3.4484863e+01
   2.5867850e+06   3.6804199e+01
   2.5880460e+06   3.5949707e+01
   2.5912430e+06   3.2714844e+01
   2.5969650e+06   3.9245605e+01
   2.5978160e+06   3.6071777e+01
   2.6157230e+06   3.7841797e+01
   2.6374520e+06   3.2897949e+01
   2.6630200e+06   3.3569336e+01
   2.6647220e+06   3.3691406e+01
   2.6659940e+06   3.8269043e+01
   2.6662160e+06   4.2358398e+01
   2.6662960e+06   4.1564941e+01
   2.6663320e+06   1.0205078e+02
   2.6663800e+06   3.3020020e+01
   2.6665300e+06   3.2470703e+01
   2.6665530e+06   3.3630371e+01
   2.6665880e+06   6.6772461e+01
   2.6665990e+06   3.6560059e+01
   2.6666810e+06   3.3447266e+01
   2.6667680e+06   3.6804199e+01
   2.6668190e+06   3.2409668e+01
   2.6670260e+06   3.5034180e+01
   2.6671400e+06   7.5073242e+01
   2.6671580e+06   3.7475586e+01
   2.6672530e+06   3.3630371e+01
   2.6672640e+06   3.3142090e+01
   2.6672960e+06   3.7536621e+01
   2.6673550e+06   1.0180664e+02
   2.6673730e+06   4.4860840e+01
   2.6674010e+06   3.3142090e+01
   2.6674410e+06   4.1625977e+01
   2.6674870e+06   7.5073242e+01
   2.6676130e+06   4.3518066e+01
   2.6676570e+06   3.9062500e+01
   2.6676880e+06   3.5095215e+01
   2.6677040e+06   3.5827637e+01
   2.6677670e+06   3.5644531e+01
   2.6678620e+06   1.1102295e+02
   2.6679030e+06   5.5541992e+01
   2.6679490e+06   3.5034180e+01
   2.6679620e+06   3.3020020e+01
   2.6679850e+06   4.3945313e+01
   2.6680790e+06   9.7717285e+01
   2.6681490e+06   5.8654785e+01
   2.6681600e+06   3.5034180e+01
   2.6682680e+06   4.3090820e+01
   2.6682990e+06   8.8989258e+01
   2.6683850e+06   3.4667969e+01
   2.6684050e+06   3.8085938e+01
   2.6684620e+06   5.3771973e+01
   2.6685210e+06   7.8491211e+01
   2.6686230e+06   5.2856445e+01
   2.6686920e+06   6.1889648e+01
   2.6687550e+06   8.2458496e+01
   2.6687670e+06   3.9794922e+01
   2.6689460e+06   3.2958984e+01
   2.6690070e+06   8.8928223e+01
   2.6690260e+06   5.1269531e+01
   2.6691660e+06   4.2541504e+01
   2.6692730e+06   7.1777344e+01
   2.6693340e+06   5.0598145e+01
   2.6693590e+06   4.5288086e+01
   2.6695030e+06   3.3203125e+01
   2.6695290e+06   8.0078125e+01
   2.6696090e+06   4.0649414e+01
   2.6696610e+06   3.2714844e+01
   2.6697490e+06   3.3325195e+01
   2.6697950e+06   4.1442871e+01
   2.6698110e+06   8.4289551e+01
   2.6698380e+06   3.6743164e+01
   2.6699580e+06   4.8706055e+01
   2.6701600e+06   3.7658691e+01
   2.6703170e+06   3.4301758e+01
   2.6705290e+06   3.3813477e+01
   2.6706780e+06   3.4729004e+01
   2.6709010e+06   3.2531738e+01
   2.6897870e+06   3.4973145e+01
   2.6987270e+06   3.4484863e+01
   2.6993700e+06   3.4973145e+01
   2.7044150e+06   3.3264160e+01
   2.7460580e+06   3.4057617e+01
   2.7462160e+06   3.2836914e+01
   2.7462990e+06   3.2592773e+01
   2.7463530e+06   7.4707031e+01
   2.7463680e+06   3.3386230e+01
   2.7464300e+06   3.4973145e+01
   2.7464890e+06   3.9794922e+01
   2.7465380e+06   3.6071777e+01
   2.7466400e+06   4.1809082e+01
   2.7466880e+06   5.4992676e+01
   2.7467050e+06   4.5410156e+01
   2.7467480e+06   5.2062988e+01
   2.7467730e+06   4.4433594e+01
   2.7468190e+06   4.0039063e+01
   2.7468660e+06   3.7048340e+01
   2.7469640e+06   7.4218750e+01
   2.7469790e+06   3.4484863e+01
   2.7470580e+06   8.6669922e+01
   2.7473030e+06   9.9914551e+01
   2.7473640e+06   6.7687988e+01
   2.7473960e+06   4.7058105e+01
   2.7475770e+06   1.1614990e+02
   2.7476080e+06   5.5725098e+01
   2.7476300e+06   3.2775879e+01
   2.7477410e+06   3.3203125e+01
   2.7478000e+06   3.8940430e+01
   2.7478160e+06   7.8979492e+01
   2.7478540e+06   5.8044434e+01
   2.7479330e+06   3.3508301e+01
   2.7481260e+06   5.1391602e+01
   2.7481610e+06   8.5510254e+01
   2.7482240e+06   3.3569336e+01
   2.7483830e+06   7.7209473e+01
   2.7484030e+06   5.2124023e+01
   2.7484170e+06   3.7719727e+01
   2.7485460e+06   3.5217285e+01
   2.7486210e+06   6.4941406e+01
   2.7486610e+06   4.5837402e+01
   2.7486720e+06   3.5705566e+01
   2.7488430e+06   3.4545898e+01
   2.7489290e+06   8.3007813e+01
   2.7489710e+06   4.2114258e+01
   2.7490820e+06   3.3142090e+01
   2.7491520e+06   3.3447266e+01
   2.7492580e+06   7.3608398e+01
   2.7492910e+06   4.6203613e+01
   2.7493380e+06   3.5522461e+01
   2.7494410e+06   3.5461426e+01
   2.7499520e+06   3.3874512e+01
   2.7501160e+06   5.1696777e+01
   2.7506980e+06   3.3752441e+01
   2.7509690e+06   3.2897949e+01
   2.7521180e+06   3.3874512e+01
   2.7609410e+06   3.2897949e+01
   2.7635960e+06   3.9550781e+01
   2.8289490e+06   4.0710449e+01
   2.8291110e+06   3.4362793e+01
   2.8291410e+06   8.6120605e+01
   2.8291620e+06   3.7963867e+01
   2.8293160e+06   3.5339355e+01
   2.8293320e+06   3.3142090e+01
   2.8293530e+06   6.1645508e+01
   2.8293980e+06   4.1503906e+01
   2.8294800e+06   4.3334961e+01
   2.8295120e+06   3.9062500e+01
   2.8295550e+06   3.5827637e+01
   2.8295780e+06   4.9072266e+01
   2.8296290e+06   3.4057617e+01
   2.8296650e+06   6.8176270e+01
   2.8296880e+06   4.1076660e+01
   2.8297480e+06   8.5754395e+01
   2.8297950e+06   3.2531738e+01
   2.8298080e+06   4.5898438e+01
   2.8298830e+06   3.4973145e+01
   2.8299090e+06   1.2811279e+02
   2.8299310e+06   3.7048340e+01
   2.8299440e+06   3.3142090e+01
   2.8299890e+06   3.2531738e+01
   2.8300580e+06   4.1564941e+01
   2.8301160e+06   3.3813477e+01
   2.8301280e+06   7.8735352e+01
   2.8301890e+06   3.4851074e+01
   2.8302140e+06   3.4118652e+01
   2.8302860e+06   4.0161133e+01
   2.8303230e+06   8.1237793e+01
   2.8303910e+06   4.9682617e+01
   2.8304120e+06   4.3762207e+01
   2.8304950e+06   3.6071777e+01
   2.8305690e+06   7.9223633e+01
   2.8306780e+06   6.5063477e+01
   2.8308070e+06   4.1259766e+01
   2.8308220e+06   9.1796875e+01
   2.8308630e+06   3.2714844e+01
   2.8309870e+06   3.6560059e+01
   2.8310070e+06   5.3344727e+01
   2.8310610e+06   8.6425781e+01
   2.8311510e+06   3.5400391e+01
   2.8311660e+06   3.5888672e+01
   2.8312450e+06   3.4057617e+01
   2.8312830e+06   5.4321289e+01
   2.8313120e+06   9.4360352e+01
   2.8313810e+06   3.6010742e+01
   2.8314770e+06   3.2836914e+01
   2.8314950e+06   8.1420898e+01
   2.8315350e+06   3.4301758e+01
   2.8316140e+06   4.7607422e+01
   2.8316780e+06   3.2409668e+01
   2.8316990e+06   3.5644531e+01
   2.8317200e+06   7.3364258e+01
   2.8318280e+06   3.8391113e+01
   2.8319180e+06   6.8664551e+01
   2.8319640e+06   6.9519043e+01
   2.8321670e+06   3.4606934e+01
   2.8322410e+06   4.6081543e+01
   2.8322860e+06   3.5034180e+01
   2.8324370e+06   3.2897949e+01
   2.8325660e+06   3.8024902e+01
   2.8326290e+06   4.4433594e+01
   2.8326960e+06   3.2470703e+01
   2.8328400e+06   3.5034180e+01
   2.8330120e+06   3.4240723e+01
   2.8331910e+06   3.5217285e+01
   2.8333880e+06   3.2348633e+01
   2.8349730e+06   4.2968750e+01
   2.8458620e+06   4.0283203e+01
   2.8461090e+06   3.4973145e+01
   2.8461420e+06   7.7148438e+01
   2.8463150e+06   3.3996582e+01
   2.8463760e+06   3.6315918e+01
   2.8465060e+06   5.9387207e+01
   2.8465350e+06   6.2683105e+01
   2.8465770e+06   4.2053223e+01
   2.8466700e+06   3.8574219e+01
   2.8467300e+06   3.6376953e+01
   2.8468190e+06   3.2348633e+01
   2.8468690e+06   6.4453125e+01
   2.8469040e+06   6.0729980e+01
   2.8469150e+06   4.1198730e+01
   2.8469310e+06   3.3325195e+01
   2.8469600e+06   3.5583496e+01
   2.8470210e+06   3.7902832e+01
   2.8470630e+06   1.0308838e+02
   2.8471070e+06   4.0283203e+01
   2.8471470e+06   3.3081055e+01
   2.8471720e+06   5.5786133e+01
   2.8471820e+06   3.2470703e+01
   2.8472830e+06   3.2348633e+01
   2.8473230e+06   4.7851563e+01
   2.8474660e+06   5.4443359e+01
   2.8475110e+06   3.4301758e+01
   2.8477090e+06   3.4729004e+01
   2.8477760e+06   4.9560547e+01
   2.8478090e+06   3.6499023e+01
   2.8479260e+06   4.0893555e+01
   2.8480630e+06   3.7292480e+01
   2.8480970e+06   4.3884277e+01
   2.8481690e+06   3.4729004e+01
   2.8486430e+06   4.0283203e+01
   2.8486930e+06   3.4545898e+01
   2.8487530e+06   3.6193848e+01
   2.8487790e+06   3.4179688e+01
   2.8489860e+06   3.5034180e+01
   2.8492310e+06   5.4809570e+01
   2.8578550e+06   3.6926270e+01
   2.8600730e+06   3.3447266e+01
   2.8647590e+06   3.2470703e+01
   2.8662340e+06   3.5217285e+01
   2.8664960e+06   4.6875000e+01
   2.8668670e+06   3.8208008e+01
   2.8668830e+06   3.4240723e+01
   2.8670730e+06   1.0644531e+02
   2.8671510e+06   4.6691895e+01
   2.8673110e+06   6.7565918e+01
   2.8674590e+06   3.4973145e+01
   2.8674860e+06   7.1594238e+01
   2.8677160e+06   6.2194824e+01
   2.8677860e+06   5.5236816e+01
   2.8678150e+06   3.7841797e+01
   2.8679970e+06   3.2836914e+01
   2.8680490e+06   7.4523926e+01
   2.8681100e+06   4.6997070e+01
   2.8681370e+06   3.9733887e+01
   2.8682320e+06   3.5705566e+01
   2.8682880e+06   3.4423828e+01
   2.8684250e+06   3.2653809e+01
   2.8684450e+06   4.7302246e+01
   2.8686290e+06   3.4484863e+01
   2.8687300e+06   3.3325195e+01
   2.8688490e+06   5.1452637e+01
   2.8689080e+06   3.5705566e+01
   2.8690210e+06   3.3142090e+01
   2.8690790e+06   3.5766602e+01
   2.8694090e+06   3.3691406e+01
   2.8694540e+06   3.2470703e+01
   2.8695710e+06   4.7241211e+01
   2.8699500e+06   3.2470703e+01
   2.8800080e+06   3.9428711e+01
   2.8801440e+06   3.6682129e+01
   2.8803870e+06   3.6682129e+01
   2.8807110e+06   6.2072754e+01
   2.8807630e+06   8.1848145e+01
   2.8807850e+06   3.6987305e+01
   2.8812270e+06   3.5217285e+01
   2.8813700e+06   3.5705566e+01
   2.8814280e+06   5.9143066e+01
   2.8815330e+06   5.5297852e+01
   2.8815940e+06   3.7292480e+01
   2.8817620e+06   3.2714844e+01
   2.8820970e+06   5.9387207e+01
   2.8822180e+06   3.2897949e+01
   2.8827930e+06   4.0649414e+01
   2.8829470e+06   4.7851563e+01
   2.8832110e+06   3.5522461e+01
   2.8884880e+06   3.2531738e+01
   2.8941700e+06   3.9978027e+01
   2.8943730e+06   3.6071777e+01
   2.8947170e+06   3.2592773e+01
   2.8948130e+06   3.6499023e+01
   2.8949520e+06   3.5583496e+01
   2.8951390e+06   3.4545898e+01
   2.8953930e+06   3.9062500e+01
   2.8955610e+06   3.6499023e+01
   2.8967820e+06   4.1015625e+01
   2.8973800e+06   3.3020020e+01
   2.8978660e+06   3.4729004e+01
   2.9059850e+06   3.8452148e+01
   2.9063330e+06   3.9184570e+01
   2.9070330e+06   3.6682129e+01
   2.9079230e+06   4.0039063e+01
   2.9099700e+06   3.4851074e+01
   2.9114270e+06   3.2592773e+01
   2.9120250e+06   3.8757324e+01
   2.9187580e+06   3.2592773e+01
   2.9188750e+06   3.7292480e+01
   2.9197300e+06   4.3945313e+01
   2.9220060e+06   3.3325195e+01
   2.9226230e+06   3.3142090e+01
   2.9308490e+06   3.5095215e+01
   2.9310400e+06   3.5644531e+01
   2.9318080e+06   3.4973145e+01
   2.9322290e+06   3.6621094e+01
   2.9336790e+06   4.3212891e+01
   2.9341400e+06   3.5278320e+01
   2.9344550e+06   4.4433594e+01
   2.9466020e+06   3.3203125e+01
   2.9468320e+06   3.6560059e+01
   2.9474440e+06   3.5888672e+01
   2.9476990e+06   3.9855957e+01
   2.9479170e+06   3.2348633e+01
   2.9480280e+06   3.5644531e+01
   2.9486330e+06   3.5461426e+01
   2.9489850e+06   3.9672852e+01
   2.9491500e+06   3.3752441e+01
   2.9492630e+06   3.2653809e+01
   2.9495090e+06   3.3325195e+01
   2.9499060e+06   3.5888672e+01
   2.9505340e+06   3.3874512e+01
   2.9506070e+06   3.8879395e+01
   2.9508730e+06   3.4118652e+01
   2.9511600e+06   3.3081055e+01
   2.9599750e+06   4.3273926e+01
   2.9603090e+06   3.6071777e+01
   2.9613180e+06   3.8818359e+01
   2.9631580e+06   3.8146973e+01
   2.9635280e+06   3.3691406e+01
   2.9639600e+06   3.4301758e+01
   2.9716930e+06   3.7109375e+01
   2.9721190e+06   3.7170410e+01
   2.9736430e+06   3.8024902e+01
   2.9747880e+06   3.3081055e+01
   2.9752170e+06   3.3142090e+01
   2.9763640e+06   3.5217285e+01
   2.9844030e+06   3.8085938e+01
   2.9856500e+06   3.5522461e+01
   2.9859240e+06   3.3874512e+01
   2.9870820e+06   3.5034180e+01
   2.9871930e+06   3.9489746e+01
   2.9878380e+06   3.2531738e+01
   2.9900220e+06   3.2836914e+01
