   2.9990000e+06   0.0000000e+00
   7.3620000e+03   4.2297363e+01
   7.5750000e+03   3.6376953e+01
   7.8470000e+03   3.7475586e+01
   8.2770000e+03   4.6264648e+01
   8.8420000e+03   3.8879395e+01
   9.9050000e+03   1.1450195e+02
   1.0010000e+04   1.0083008e+02
   1.0545000e+04   4.0771484e+01
   3.0328000e+04   2.0070801e+03
   3.0451000e+04   4.5104980e+01
   6.1415000e+04   3.6621094e+01
   7.1935000e+04   5.2917480e+01
   7.5267000e+04   4.2907715e+01
   7.5477000e+04   4.4250488e+01
   7.5873000e+04   4.7058105e+01
   7.6609000e+04   4.1625977e+01
   8.0342000e+04   2.0112305e+03
   8.5999000e+04   3.6804199e+01
   1.0040200e+05   4.7180176e+01
   1.0861800e+05   4.1992188e+01
   1.3035600e+05   2.0101318e+03
   1.3250600e+05   3.9123535e+01
   1.3273800e+05   4.4799805e+01
   1.3300900e+05   3.7780762e+01
   1.5937200e+05   4.5349121e+01
   1.8037000e+05   2.0154419e+03
   1.9592700e+05   4.6447754e+01
   1.9613600e+05   4.2236328e+01
   1.9639200e+05   4.1137695e+01
   1.9679500e+05   5.1269531e+01
   1.9731000e+05   3.6193848e+01
   1.9777500e+05   3.8879395e+01
   2.3038400e+05   2.0061646e+03
   2.4990300e+05   4.5532227e+01
   2.5017000e+05   4.8583984e+01
   2.6889300e+05   3.8146973e+01
   2.8039800e+05   2.0098267e+03
   2.8041500e+05   3.8391113e+01
   2.8051100e+05   4.0588379e+01
   3.0155600e+05   6.4941406e+01
   3.0181500e+05   4.0832520e+01
   3.0185800e+05   9.2590332e+01
   3.0242900e+05   3.9001465e+01
   3.0243900e+05   6.4147949e+01
   3.0255500e+05   9.9975586e+01
   3.3041200e+05   2.0073853e+03
   3.7365700e+05   4.5593262e+01
   3.8042600e+05   2.0045776e+03
   3.8063300e+05   9.3872070e+01
   3.8771700e+05   5.6823730e+01
   3.8801800e+05   4.3823242e+01
   4.0596700e+05   5.7983398e+01
   4.1574300e+05   4.1137695e+01
   4.3044000e+05   2.0108643e+03
   4.3057900e+05   3.6071777e+01
   4.3113400e+05   4.0466309e+01
   4.3142400e+05   1.1041260e+02
   4.3145700e+05   3.9123535e+01
   4.3148400e+05   6.0974121e+01
   4.3154300e+05   3.9733887e+01
   4.3155600e+05   3.8085938e+01
   4.3161000e+05   7.6538086e+01
   4.3171100e+05   3.8269043e+01
   4.3181000e+05   3.8146973e+01
   4.3352100e+05   3.9611816e+01
   4.3420000e+05   3.6376953e+01
   4.6481800e+05   5.0292969e+01
   4.8045400e+05   2.0075684e+03
   5.3047000e+05   3.9999390e+03
   5.3834100e+05   4.6081543e+01
   5.5500900e+05   4.2541504e+01
   5.5515000e+05   6.2500000e+01
   5.5522500e+05   5.5053711e+01
   5.5562000e+05   1.0778809e+02
   5.5569700e+05   8.5998535e+01
   5.8048200e+05   2.0103760e+03
   6.1220600e+05   4.6203613e+01
   6.3049600e+05   2.0062256e+03
   6.3053900e+05   3.6743164e+01
   6.3668000e+05   4.5288086e+01
   6.4483900e+05   9.6618652e+01
   6.4493900e+05   9.7961426e+01
   6.4497300e+05   4.7119141e+01
   6.4506100e+05   9.9121094e+01
   6.4508300e+05   3.9367676e+01
   6.4515700e+05   3.8513184e+01
   6.4526300e+05   4.3762207e+01
   6.7681000e+05   4.3273926e+01
   6.8051000e+05   2.0041504e+03
   7.0649300e+05   4.5227051e+01
   7.1123300e+05   4.5166016e+01
   7.3052600e+05   3.9999390e+03
   7.4755600e+05   5.3710938e+01
   7.4776100e+05   3.6560059e+01
   7.4788100e+05   4.9560547e+01
   7.4794300e+05   3.6682129e+01
   7.4815800e+05   3.8879395e+01
   7.4857300e+05   4.8278809e+01
   7.4891000e+05   3.6499023e+01
   7.4971100e+05   6.5368652e+01
   7.4983200e+05   6.0485840e+01
   7.4992000e+05   8.9294434e+01
   7.5004500e+05   9.6862793e+01
   7.5997500e+05   4.3090820e+01
   7.6052600e+05   5.7800293e+01
   7.8053800e+05   2.0218506e+03
   7.8058100e+05   4.7668457e+01
   8.3031800e+05   4.2114258e+01
   8.3055200e+05   2.0115967e+03
   8.3059300e+05   3.8574219e+01
   8.3441300e+05   4.4067383e+01
   8.3677300e+05   5.2001953e+01
   8.3711100e+05   4.8278809e+01
   8.4520800e+05   4.6997070e+01
   8.4525600e+05   1.0864258e+02
   8.4527800e+05   3.9916992e+01
   8.4531400e+05   7.8125000e+01
   8.4534900e+05   4.0161133e+01
   8.4538200e+05   5.2612305e+01
   8.4542000e+05   4.3579102e+01
   8.4550000e+05   5.9692383e+01
   8.4552600e+05   4.1015625e+01
   8.4564400e+05   5.3405762e+01
   8.4575600e+05   4.5043945e+01
   8.4586900e+05   4.5288086e+01
   8.4596500e+05   4.0893555e+01
   8.4608100e+05   6.0180664e+01
   8.4620100e+05   6.5917969e+01
   8.4652300e+05   7.5195313e+01
   8.4658700e+05   4.2907715e+01
   8.4671800e+05   6.3659668e+01
   8.4686000e+05   3.6437988e+01
   8.8056800e+05   3.9999390e+03
   8.8076000e+05   4.2114258e+01
   8.8284700e+05   4.2846680e+01
   9.0567700e+05   3.8452148e+01
   9.3058200e+05   3.9999390e+03
   9.3109000e+05   3.8757324e+01
   9.3682700e+05   3.6743164e+01
   9.8059600e+05   3.9999390e+03
   9.8063500e+05   3.6132813e+01
   9.8451000e+05   4.4494629e+01
   1.0040290e+06   4.9926758e+01
   1.0105890e+06   3.7475586e+01
   1.0114230e+06   5.0415039e+01
   1.0204680e+06   6.5185547e+01
   1.0206530e+06   4.4189453e+01
   1.0306080e+06   2.0108643e+03
   1.0311690e+06   3.6865234e+01
   1.0717130e+06   4.7119141e+01
   1.0806220e+06   2.0111084e+03
   1.0819570e+06   4.1687012e+01
   1.0975000e+06   4.2236328e+01
   1.1269330e+06   4.4372559e+01
   1.1306360e+06   2.0073853e+03
   1.1341500e+06   4.1381836e+01
   1.1448910e+06   4.5959473e+01
   1.1680420e+06   4.6569824e+01
   1.1682340e+06   5.3344727e+01
   1.1684020e+06   4.2480469e+01
   1.1685620e+06   4.0954590e+01
   1.1689870e+06   3.9245605e+01
   1.1696580e+06   3.7780762e+01
   1.1806520e+06   3.9999390e+03
   1.2022600e+06   3.7353516e+01
   1.2306640e+06   2.0048828e+03
   1.2806780e+06   2.0045776e+03
   1.2851100e+06   4.2602539e+01
   1.2962800e+06   5.2551270e+01
   1.2965710e+06   3.8330078e+01
   1.3121910e+06   5.0476074e+01
   1.3270210e+06   4.2907715e+01
   1.3306920e+06   2.0095215e+03
   1.3307040e+06   4.3945313e+01
   1.3428330e+06   5.2307129e+01
   1.3651240e+06   4.3518066e+01
   1.3807080e+06   3.9999390e+03
   1.3810480e+06   4.3212891e+01
   1.3813450e+06   4.4982910e+01
   1.3816400e+06   3.6804199e+01
   1.3820540e+06   4.1137695e+01
   1.4082200e+06   4.6142578e+01
   1.4307200e+06   2.0074463e+03
   1.4309260e+06   3.6682129e+01
   1.4505360e+06   4.6508789e+01
   1.4742660e+06   5.3100586e+01
   1.4745270e+06   3.7536621e+01
   1.4745410e+06   4.2175293e+01
   1.4807360e+06   3.9999390e+03
   1.4833280e+06   3.6437988e+01
   1.4834240e+06   8.6425781e+01
   1.4834440e+06   3.8330078e+01
   1.4834840e+06   9.9853516e+01
   1.4835610e+06   6.9641113e+01
   1.4836330e+06   4.9133301e+01
   1.4836720e+06   9.0637207e+01
   1.4836920e+06   4.4860840e+01
   1.4837920e+06   3.6743164e+01
   1.5307500e+06   3.9999390e+03
   1.5307600e+06   3.6865234e+01
   1.5464630e+06   3.8879395e+01
   1.5541680e+06   4.4982910e+01
   1.5807620e+06   2.0113525e+03
   1.6307780e+06   3.9999390e+03
   1.6345020e+06   4.5410156e+01
   1.6431910e+06   4.4494629e+01
   1.6520600e+06   3.7780762e+01
   1.6525040e+06   4.5532227e+01
   1.6692650e+06   4.9194336e+01
   1.7084500e+06   4.6875000e+01
   1.7215340e+06   3.6254883e+01
   1.7299600e+06   3.8452148e+01
   1.7351130e+06   4.0954590e+01
   1.7353970e+06   3.6437988e+01
   1.7358590e+06   3.7292480e+01
   1.7359720e+06   3.6071777e+01
   1.7673040e+06   3.7414551e+01
   1.8103620e+06   6.2805176e+01
   1.8115160e+06   4.6691895e+01
   1.8118650e+06   4.0100098e+01
   1.8123940e+06   4.7912598e+01
   1.8490300e+06   4.4616699e+01
   1.8622630e+06   4.7790527e+01
   1.8652840e+06   7.1044922e+01
   1.9263800e+06   5.1330566e+01
   1.9975810e+06   4.2663574e+01
   2.0134640e+06   4.7729492e+01
   2.0164520e+06   5.5725098e+01
   2.0166200e+06   3.8696289e+01
   2.0167810e+06   3.6621094e+01
   2.0171920e+06   4.3334961e+01
   2.0173120e+06   3.8208008e+01
   2.0174780e+06   3.7292480e+01
   2.0181620e+06   6.5551758e+01
   2.0181990e+06   4.1015625e+01
   2.0182750e+06   6.0180664e+01
   2.0316600e+06   4.7729492e+01
   2.1118190e+06   5.0598145e+01
   2.1133800e+06   1.1291504e+02
   2.1134470e+06   3.8635254e+01
   2.1134780e+06   6.2133789e+01
   2.1135720e+06   3.8879395e+01
   2.1135950e+06   3.9550781e+01
   2.1137780e+06   4.0771484e+01
   2.1141410e+06   3.7414551e+01
   2.1606840e+06   3.8269043e+01
   2.2016450e+06   3.9550781e+01
   2.2019720e+06   4.1381836e+01
   2.2023440e+06   4.6142578e+01
   2.2032480e+06   4.8339844e+01
   2.2503650e+06   5.3100586e+01
   2.2506680e+06   4.6813965e+01
   2.2518270e+06   3.8940430e+01
   2.2843730e+06   4.0649414e+01
   2.2899320e+06   4.6691895e+01
   2.2903260e+06   4.4799805e+01
   2.3502130e+06   4.8095703e+01
   2.3504350e+06   3.6071777e+01
   2.3511700e+06   4.1503906e+01
   2.3512640e+06   3.6804199e+01
   2.3513320e+06   3.8818359e+01
   2.3524850e+06   9.3261719e+01
   2.3525770e+06   3.9001465e+01
   2.3698290e+06   5.1391602e+01
   2.3698460e+06   1.1102295e+02
   2.3701290e+06   6.6101074e+01
   2.3702400e+06   5.9814453e+01
   2.3702850e+06   3.7048340e+01
   2.3705520e+06   3.9367676e+01
   2.4121600e+06   4.7485352e+01
   2.4130390e+06   4.4555664e+01
   2.4512340e+06   4.7058105e+01
   2.4583450e+06   4.1748047e+01
   2.4588210e+06   5.2856445e+01
   2.5152410e+06   4.1015625e+01
   2.5157250e+06   3.6254883e+01
   2.5740820e+06   3.8635254e+01
   2.5863850e+06   3.9550781e+01
   2.5869150e+06   4.2236328e+01
   2.5871840e+06   3.8024902e+01
   2.5876590e+06   4.4433594e+01
   2.6267320e+06   4.0710449e+01
   2.6273280e+06   4.0527344e+01
   2.6799650e+06   3.8513184e+01
   2.6982420e+06   4.6142578e+01
   2.6985050e+06   4.4372559e+01
   2.6988570e+06   4.5104980e+01
   2.6998090e+06   4.3518066e+01
   2.7144890e+06   3.6193848e+01
   2.7300350e+06   3.6926270e+01
   2.7305870e+06   4.7851563e+01
   2.7597890e+06   4.8889160e+01
   2.7602120e+06   4.8645020e+01
   2.8270270e+06   4.4921875e+01
   2.8274920e+06   5.9753418e+01
   2.8731660e+06   3.8024902e+01
   2.8911860e+06   4.4921875e+01
   2.8926430e+06   8.1726074e+01
   2.8926850e+06   5.8227539e+01
   2.8927250e+06   8.8684082e+01
   2.8927950e+06   4.2053223e+01
   2.8928540e+06   3.6743164e+01
   2.8929800e+06   4.2968750e+01
   2.8931080e+06   3.6926270e+01
   2.8932400e+06   3.6560059e+01
   2.8947350e+06   3.7536621e+01
   2.9755240e+06   4.7241211e+01
