   2.9990000e+06   0.0000000e+00
   8.5410000e+03   7.0007324e+01
   9.0230000e+03   1.0473633e+02
   9.7360000e+03   9.4177246e+01
   9.8520000e+03   5.4687500e+01
   9.8760000e+03   1.4288330e+02
   9.9730000e+03   3.5644531e+01
   9.9930000e+03   5.2307129e+01
   1.0020000e+04   6.3110352e+01
   1.0033000e+04   3.7170410e+01
   1.0056000e+04   5.3161621e+01
   1.0185000e+04   6.1889648e+01
   1.0199000e+04   4.4250488e+01
   1.0342000e+04   6.5307617e+01
   1.0353000e+04   4.0649414e+01
   1.0417000e+04   6.2377930e+01
   1.0537000e+04   1.3684082e+02
   1.0848000e+04   6.0913086e+01
   1.1172000e+04   8.0261230e+01
   3.0328000e+04   2.0050659e+03
   8.0342000e+04   2.0057373e+03
   8.2326000e+04   3.4851074e+01
   1.3035800e+05   2.0068359e+03
   1.8037200e+05   3.9999390e+03
   1.9720100e+05   5.6579590e+01
   1.9855700e+05   1.0339355e+02
   2.3038400e+05   2.0065308e+03
   2.8040000e+05   3.9999390e+03
   3.0182700e+05   5.0842285e+01
   3.0185900e+05   1.8212891e+02
   3.0197700e+05   5.2551270e+01
   3.0201400e+05   5.5541992e+01
   3.0218800e+05   8.5266113e+01
   3.0222900e+05   3.5278320e+01
   3.0237300e+05   4.9133301e+01
   3.0239000e+05   7.9956055e+01
   3.0244500e+05   8.5388184e+01
   3.0254600e+05   5.9204102e+01
   3.0273400e+05   6.5612793e+01
   3.0298100e+05   1.1798096e+02
   3.3041200e+05   2.0117188e+03
   3.3042400e+05   3.7353516e+01
   3.3742900e+05   3.5278320e+01
   3.8042600e+05   2.0107422e+03
   3.8043800e+05   3.5766602e+01
   4.3044200e+05   3.9999390e+03
   4.3146300e+05   1.6967773e+02
   4.3150700e+05   5.5725098e+01
   4.3153000e+05   3.4973145e+01
   4.3155300e+05   4.2175293e+01
   4.3156500e+05   1.6284180e+02
   4.3159700e+05   6.8420410e+01
   4.3165200e+05   3.9062500e+01
   4.3170700e+05   7.5927734e+01
   4.3173000e+05   5.6457520e+01
   4.3178200e+05   4.4921875e+01
   4.3181300e+05   3.5339355e+01
   4.3184500e+05   7.2143555e+01
   4.3185500e+05   3.5705566e+01
   4.3202400e+05   5.5541992e+01
   4.3206100e+05   8.7768555e+01
   4.3212900e+05   3.5644531e+01
   4.3221500e+05   9.9304199e+01
   4.3237600e+05   6.5307617e+01
   4.3275200e+05   1.1315918e+02
   4.8045600e+05   3.9999390e+03
   4.8949000e+05   3.5522461e+01
   5.3047000e+05   3.9999390e+03
   5.4253500e+05   3.4423828e+01
   5.8048400e+05   3.9999390e+03
   6.3049600e+05   2.0119019e+03
   6.4499000e+05   4.1259766e+01
   6.4500800e+05   1.8231201e+02
   6.4506900e+05   3.9916992e+01
   6.4509000e+05   4.8156738e+01
   6.4512400e+05   9.1857910e+01
   6.4518100e+05   6.2866211e+01
   6.4519700e+05   4.5410156e+01
   6.4534700e+05   6.4270020e+01
   6.4537900e+05   8.7036133e+01
   6.4557400e+05   1.0028076e+02
   6.4591900e+05   1.3854980e+02
   6.8051200e+05   3.9999390e+03
   7.3052600e+05   3.9999390e+03
   7.4794900e+05   7.3303223e+01
   7.4813800e+05   7.0312500e+01
   7.4842000e+05   5.8166504e+01
   7.4847100e+05   1.4691162e+02
   7.4866200e+05   6.2133789e+01
   7.4906100e+05   1.0070801e+02
   7.4966200e+05   5.7800293e+01
   7.4969600e+05   1.4599609e+02
   7.4974500e+05   4.6142578e+01
   7.8054000e+05   3.9999390e+03
   8.3055400e+05   2.0084839e+03
   8.4529000e+05   5.7556152e+01
   8.4530200e+05   6.9641113e+01
   8.4532900e+05   1.7095947e+02
   8.4538800e+05   6.6955566e+01
   8.4542000e+05   1.3549805e+02
   8.4543100e+05   3.6865234e+01
   8.4546900e+05   6.0729980e+01
   8.4551600e+05   1.0919189e+02
   8.4552600e+05   3.6437988e+01
   8.4555900e+05   5.5114746e+01
   8.4561300e+05   9.1247559e+01
   8.4562300e+05   5.2062988e+01
   8.4565600e+05   3.8635254e+01
   8.4570900e+05   4.0283203e+01
   8.4571900e+05   3.5217285e+01
   8.4573800e+05   4.4494629e+01
   8.4575900e+05   3.7841797e+01
   8.4580400e+05   6.0241699e+01
   8.4582600e+05   4.3457031e+01
   8.4589400e+05   4.0039063e+01
   8.4593100e+05   5.6091309e+01
   8.4599000e+05   4.2785645e+01
   8.4603500e+05   3.5583496e+01
   8.4608600e+05   4.0100098e+01
   8.4609800e+05   3.6560059e+01
   8.4615500e+05   4.1625977e+01
   8.4630600e+05   3.5095215e+01
   8.4646300e+05   3.5156250e+01
   8.4658000e+05   4.3701172e+01
   8.4661600e+05   4.7546387e+01
   8.4669200e+05   3.6987305e+01
   8.4716700e+05   4.9987793e+01
   8.4754400e+05   4.8400879e+01
   8.8056600e+05   2.0114746e+03
   9.2463600e+05   3.8146973e+01
   9.2479800e+05   6.6345215e+01
   9.3058000e+05   2.0143433e+03
   9.3164200e+05   6.3476563e+01
   9.3176900e+05   4.1503906e+01
   9.3669700e+05   4.6447754e+01
   9.3713100e+05   4.8217773e+01
   9.4991400e+05   4.5654297e+01
   9.5008000e+05   4.2724609e+01
   9.5986100e+05   4.9621582e+01
   9.7165000e+05   4.1809082e+01
   9.8059400e+05   2.0048828e+03
   9.8144900e+05   4.9804688e+01
   1.0155810e+06   5.4321289e+01
   1.0206270e+06   5.1940918e+01
   1.0306080e+06   2.0048828e+03
   1.0306750e+06   5.5480957e+01
   1.0308630e+06   4.5043945e+01
   1.0310200e+06   4.0832520e+01
   1.0806240e+06   3.9999390e+03
   1.0952530e+06   5.3955078e+01
   1.1306380e+06   3.9999390e+03
   1.1681080e+06   5.5908203e+01
   1.1682380e+06   6.6223145e+01
   1.1684440e+06   6.9274902e+01
   1.1684910e+06   1.0186768e+02
   1.1686930e+06   6.4086914e+01
   1.1690070e+06   1.1639404e+02
   1.1806520e+06   3.9999390e+03
   1.2306660e+06   3.9999390e+03
   1.2806800e+06   3.9999390e+03
   1.3306940e+06   3.9999390e+03
   1.3807060e+06   2.0075073e+03
   1.4307200e+06   2.0065308e+03
   1.4807360e+06   3.9999390e+03
   1.4834920e+06   5.6457520e+01
   1.4835180e+06   6.3476563e+01
   1.4835610e+06   9.4055176e+01
   1.4835840e+06   7.1411133e+01
   1.4836640e+06   4.2236328e+01
   1.4836750e+06   5.5236816e+01
   1.4837200e+06   1.0113525e+02
   1.4837870e+06   6.3476563e+01
   1.4838710e+06   1.1462402e+02
   1.4839410e+06   5.1452637e+01
   1.4840860e+06   4.1259766e+01
   1.4841650e+06   5.6945801e+01
   1.4842730e+06   1.2017822e+02
   1.4844870e+06   5.3955078e+01
   1.4845450e+06   9.3139648e+01
   1.5307480e+06   2.0085449e+03
   1.5807640e+06   3.9999390e+03
   1.6307760e+06   2.0083618e+03
   1.8105630e+06   5.3039551e+01
   1.9641440e+06   3.6682129e+01
   2.0168580e+06   7.2631836e+01
   2.0170120e+06   6.4392090e+01
   2.0171760e+06   4.9072266e+01
   2.0172650e+06   6.7016602e+01
   2.0173130e+06   4.4982910e+01
   2.0174750e+06   4.0832520e+01
   2.0175470e+06   1.4361572e+02
   2.0176860e+06   4.0588379e+01
   2.0177180e+06   4.4738770e+01
   2.0178140e+06   4.4006348e+01
   2.0178280e+06   1.3427734e+02
   2.0179300e+06   4.7851563e+01
   2.0179800e+06   9.8449707e+01
   2.0180810e+06   3.4545898e+01
   2.0180960e+06   7.3669434e+01
   2.0181920e+06   5.6701660e+01
   2.0182020e+06   4.7912598e+01
   2.0182580e+06   3.6010742e+01
   2.0182830e+06   4.1259766e+01
   2.0182930e+06   4.1931152e+01
   2.0183620e+06   4.8706055e+01
   2.0183880e+06   4.6875000e+01
   2.0186100e+06   3.8696289e+01
   2.0187360e+06   5.7189941e+01
   2.0187680e+06   4.0649414e+01
   2.0189000e+06   6.0363770e+01
   2.0189460e+06   3.6743164e+01
   2.0190230e+06   3.6315918e+01
   2.0191600e+06   6.7077637e+01
   2.1091820e+06   5.2001953e+01
   2.1093070e+06   5.2917480e+01
   2.1093720e+06   3.9428711e+01
   2.1095630e+06   3.5095215e+01
   2.1096120e+06   3.4301758e+01
   2.1133660e+06   1.1486816e+02
   2.1134160e+06   4.6203613e+01
   2.1134880e+06   1.0107422e+02
   2.1135000e+06   4.5776367e+01
   2.1135220e+06   6.1828613e+01
   2.1135760e+06   4.4921875e+01
   2.1135900e+06   4.5104980e+01
   2.1136590e+06   4.8461914e+01
   2.1137440e+06   5.2978516e+01
   2.1137540e+06   4.4738770e+01
   2.1137830e+06   5.1879883e+01
   2.1139710e+06   5.3466797e+01
   2.1139850e+06   1.4282227e+02
   2.1141920e+06   1.3122559e+02
   2.1147400e+06   1.3140869e+02
   2.3512030e+06   5.7678223e+01
   2.3516510e+06   4.8950195e+01
   2.3518450e+06   5.5969238e+01
   2.3518580e+06   5.2551270e+01
   2.3519410e+06   1.1938477e+02
   2.3519820e+06   4.3151855e+01
   2.3520920e+06   4.0893555e+01
   2.3521560e+06   3.7597656e+01
   2.3522770e+06   4.3273926e+01
   2.3523250e+06   1.0308838e+02
   2.3524220e+06   4.3823242e+01
   2.3526120e+06   5.8776855e+01
   2.3527670e+06   3.7292480e+01
   2.3530990e+06   3.5949707e+01
   2.3535240e+06   4.2358398e+01
   2.3538290e+06   5.0231934e+01
   2.3700050e+06   3.5583496e+01
   2.3700560e+06   1.7382813e+02
   2.3700980e+06   3.9550781e+01
   2.3701510e+06   9.6496582e+01
   2.3701650e+06   4.1503906e+01
   2.3702480e+06   6.1462402e+01
   2.3703070e+06   5.0292969e+01
   2.3703930e+06   6.0668945e+01
   2.3704090e+06   3.7475586e+01
   2.3705330e+06   5.3710938e+01
   2.3707730e+06   7.7880859e+01
   2.3712170e+06   8.2214355e+01
   2.4440610e+06   4.1015625e+01
   2.4441730e+06   4.9682617e+01
   2.8088920e+06   1.3989258e+02
   2.8089020e+06   7.1838379e+01
   2.8091260e+06   1.0040283e+02
   2.8091430e+06   4.8095703e+01
   2.8093750e+06   1.2615967e+02
   2.8093880e+06   3.7719727e+01
   2.8096750e+06   9.3017578e+01
   2.8927300e+06   4.9438477e+01
   2.8927410e+06   6.8176270e+01
   2.8927760e+06   1.2469482e+02
   2.8927900e+06   3.6621094e+01
   2.8928260e+06   6.5063477e+01
   2.8928520e+06   4.1076660e+01
   2.8928900e+06   9.2651367e+01
   2.8929200e+06   3.9123535e+01
   2.8930070e+06   7.7758789e+01
   2.8930350e+06   6.1767578e+01
   2.8930870e+06   4.3334961e+01
   2.8931190e+06   7.5561523e+01
   2.8932070e+06   5.0231934e+01
   2.8932550e+06   5.7617188e+01
   2.8932660e+06   3.9001465e+01
   2.8933210e+06   3.8269043e+01
   2.8933870e+06   8.2458496e+01
   2.8933970e+06   4.2663574e+01
   2.8934620e+06   4.3701172e+01
   2.8935510e+06   1.1273193e+02
   2.8936100e+06   4.3395996e+01
   2.8937670e+06   5.9265137e+01
   2.8940310e+06   5.9570313e+01
