   2.9990000e+06   0.0000000e+00
   7.5620000e+03   3.6865234e+01
   7.6170000e+03   5.7800293e+01
   7.6660000e+03   3.9733887e+01
   7.6940000e+03   3.2836914e+01
   7.8070000e+03   4.1625977e+01
   7.9750000e+03   3.3447266e+01
   8.1000000e+03   4.6813965e+01
   8.4350000e+03   5.3100586e+01
   8.7210000e+03   4.5654297e+01
   9.2720000e+03   4.0283203e+01
   9.9160000e+03   5.3039551e+01
   1.0022000e+04   5.3649902e+01
   1.0096000e+04   3.3569336e+01
   1.0246000e+04   3.7597656e+01
   1.0284000e+04   4.1381836e+01
   1.0427000e+04   6.0424805e+01
   1.0574000e+04   4.2175293e+01
   1.0720000e+04   4.7912598e+01
   1.0908000e+04   3.8879395e+01
   1.1281000e+04   4.0344238e+01
   3.0328000e+04   2.0085449e+03
   7.5489000e+04   4.4311523e+01
   7.5588000e+04   4.2907715e+01
   7.5750000e+04   5.0048828e+01
   7.6447000e+04   3.5461426e+01
   7.6560000e+04   3.3142090e+01
   8.0344000e+04   3.9999390e+03
   1.3035800e+05   3.9999390e+03
   1.3036900e+05   3.9367676e+01
   1.3290700e+05   3.3325195e+01
   1.3291800e+05   3.7841797e+01
   1.3295000e+05   5.4077148e+01
   1.3333800e+05   4.1259766e+01
   1.3342000e+05   5.1269531e+01
   1.8037200e+05   3.9999390e+03
   1.8038300e+05   4.1931152e+01
   1.9618500e+05   5.7556152e+01
   1.9620100e+05   3.7780762e+01
   1.9631300e+05   5.6640625e+01
   1.9633700e+05   4.2968750e+01
   1.9657900e+05   4.2663574e+01
   1.9695100e+05   4.8889160e+01
   2.3038400e+05   2.0069580e+03
   2.3039500e+05   6.0302734e+01
   2.5031900e+05   3.8391113e+01
   2.8039800e+05   2.0112915e+03
   2.8040900e+05   3.9367676e+01
   3.0114900e+05   5.2185059e+01
   3.0134200e+05   4.8095703e+01
   3.0157800e+05   4.9682617e+01
   3.0178400e+05   4.4799805e+01
   3.0181100e+05   4.8645020e+01
   3.0183500e+05   3.6560059e+01
   3.0208700e+05   5.7067871e+01
   3.0234500e+05   4.3457031e+01
   3.0243000e+05   3.3264160e+01
   3.0245300e+05   5.4870605e+01
   3.0260200e+05   4.1748047e+01
   3.0276400e+05   5.7739258e+01
   3.0295400e+05   5.0109863e+01
   3.3041200e+05   2.0056763e+03
   3.3042300e+05   5.8227539e+01
   3.8042800e+05   3.9999390e+03
   3.8043900e+05   4.7546387e+01
   3.8819200e+05   4.6508789e+01
   3.8899600e+05   5.0231934e+01
   4.3044200e+05   3.9999390e+03
   4.3045300e+05   3.4301758e+01
   4.3100400e+05   4.5776367e+01
   4.3132300e+05   5.9875488e+01
   4.3145800e+05   4.1931152e+01
   4.3152000e+05   5.7983398e+01
   4.3161300e+05   3.6987305e+01
   4.3181000e+05   5.5603027e+01
   4.3198300e+05   3.8269043e+01
   4.3219600e+05   3.4057617e+01
   4.3245000e+05   4.5898438e+01
   4.3247000e+05   3.2897949e+01
   4.3298600e+05   3.7231445e+01
   4.3434700e+05   3.5034180e+01
   4.8045400e+05   2.0070801e+03
   4.8046500e+05   5.5175781e+01
   5.3047000e+05   3.9999390e+03
   5.3048100e+05   4.6081543e+01
   5.5384700e+05   6.1584473e+01
   5.8048400e+05   3.9999390e+03
   5.8049500e+05   3.9428711e+01
   6.3049600e+05   2.0048218e+03
   6.3050700e+05   5.3588867e+01
   6.4390200e+05   5.8776855e+01
   6.4429900e+05   4.7302246e+01
   6.4451400e+05   6.8481445e+01
   6.4481200e+05   5.2429199e+01
   6.4490400e+05   3.7475586e+01
   6.4505100e+05   5.1330566e+01
   6.4517100e+05   4.2785645e+01
   6.4520400e+05   3.7109375e+01
   6.4539500e+05   3.4362793e+01
   6.4542800e+05   4.9865723e+01
   6.4546400e+05   4.6447754e+01
   6.4557900e+05   3.4179688e+01
   6.4585000e+05   4.2968750e+01
   6.8051000e+05   2.0081177e+03
   6.8052100e+05   5.0537109e+01
   7.3052400e+05   2.0083008e+03
   7.3053700e+05   4.2480469e+01
   7.4763400e+05   3.4606934e+01
   7.4768800e+05   3.3569336e+01
   7.4771100e+05   7.4096680e+01
   7.4783700e+05   3.6560059e+01
   7.4792500e+05   5.8532715e+01
   7.4813400e+05   3.4790039e+01
   7.4867600e+05   3.9611816e+01
   7.4873200e+05   3.7109375e+01
   7.5005800e+05   5.4138184e+01
   7.8053800e+05   2.0124512e+03
   7.8054900e+05   5.4687500e+01
   8.3055200e+05   2.0057983e+03
   8.3056300e+05   4.6569824e+01
   8.3736000e+05   5.0842285e+01
   8.3773000e+05   4.5227051e+01
   8.4513000e+05   4.5288086e+01
   8.4521000e+05   4.3518066e+01
   8.4524100e+05   4.1198730e+01
   8.4562600e+05   3.8024902e+01
   8.4569700e+05   3.7353516e+01
   8.8056600e+05   2.0079956e+03
   9.3058200e+05   3.9999390e+03
   9.3059300e+05   3.6254883e+01
   9.8059400e+05   2.0081177e+03
   9.8060500e+05   6.6284180e+01
   1.0193490e+06   4.2663574e+01
   1.0197960e+06   5.1818848e+01
   1.0203130e+06   5.4138184e+01
   1.0306080e+06   2.0080566e+03
   1.0306190e+06   3.8024902e+01
   1.0632440e+06   4.9682617e+01
   1.0806240e+06   3.9999390e+03
   1.0806350e+06   4.6020508e+01
   1.1306360e+06   2.0081177e+03
   1.1306490e+06   4.4677734e+01
   1.1678190e+06   4.7058105e+01
   1.1678460e+06   3.7109375e+01
   1.1679040e+06   5.2246094e+01
   1.1680700e+06   4.8278809e+01
   1.1681820e+06   3.5766602e+01
   1.1682890e+06   3.3142090e+01
   1.1683090e+06   3.3447266e+01
   1.1684300e+06   3.8330078e+01
   1.1686100e+06   3.4423828e+01
   1.1690230e+06   3.5644531e+01
   1.1806500e+06   2.0078125e+03
   1.1806610e+06   5.2551270e+01
   1.2021150e+06   7.0068359e+01
   1.2306640e+06   2.0116577e+03
   1.2306750e+06   5.7617188e+01
   1.2806780e+06   2.0095215e+03
   1.2806890e+06   5.2001953e+01
   1.2967540e+06   4.5227051e+01
   1.2970840e+06   4.1381836e+01
   1.3306920e+06   2.0089111e+03
   1.3307050e+06   3.6132813e+01
   1.3807060e+06   2.0071411e+03
   1.3807190e+06   4.2175293e+01
   1.3814330e+06   4.2236328e+01
   1.3815970e+06   4.6142578e+01
   1.3817020e+06   3.3508301e+01
   1.3817160e+06   4.2785645e+01
   1.3822470e+06   4.5837402e+01
   1.4307200e+06   2.0091553e+03
   1.4307310e+06   4.4738770e+01
   1.4741390e+06   3.3142090e+01
   1.4745000e+06   5.2978516e+01
   1.4752210e+06   3.9428711e+01
   1.4807340e+06   2.0061646e+03
   1.4807470e+06   3.5705566e+01
   1.4833170e+06   5.0415039e+01
   1.4833330e+06   3.7170410e+01
   1.4833780e+06   6.5368652e+01
   1.4833960e+06   4.1442871e+01
   1.4835230e+06   4.6569824e+01
   1.4837730e+06   3.3264160e+01
   1.4839120e+06   3.5949707e+01
   1.4842380e+06   3.3020020e+01
   1.4843170e+06   3.8940430e+01
   1.4849430e+06   3.4423828e+01
   1.4852360e+06   3.2836914e+01
   1.4855510e+06   4.8156738e+01
   1.4860240e+06   3.8024902e+01
   1.5307480e+06   2.0064087e+03
   1.5307590e+06   4.3212891e+01
   1.5807620e+06   2.0148315e+03
   1.5807730e+06   4.9560547e+01
   1.6307780e+06   3.9999390e+03
   1.6307890e+06   3.7231445e+01
   1.7354570e+06   3.6071777e+01
   1.7355460e+06   5.5236816e+01
   1.7357140e+06   3.4545898e+01
   1.7359560e+06   4.3823242e+01
   1.8120390e+06   4.4982910e+01
   1.8120640e+06   3.6132813e+01
   1.8124580e+06   4.9926758e+01
   1.8125850e+06   3.7353516e+01
   2.0166170e+06   3.7353516e+01
   2.0166270e+06   3.8574219e+01
   2.0166980e+06   3.9794922e+01
   2.0167260e+06   4.3579102e+01
   2.0167960e+06   3.4362793e+01
   2.0168880e+06   3.5583496e+01
   2.0169820e+06   4.1992188e+01
   2.0171050e+06   3.9489746e+01
   2.0173820e+06   3.5034180e+01
   2.0175650e+06   3.3630371e+01
   2.0177440e+06   3.5156250e+01
   2.0181240e+06   5.0720215e+01
   2.0182380e+06   3.8696289e+01
   2.0769770e+06   3.3386230e+01
   2.1127300e+06   6.3720703e+01
   2.1130250e+06   4.7973633e+01
   2.1130680e+06   4.1564941e+01
   2.1132670e+06   4.8156738e+01
   2.1134040e+06   4.6630859e+01
   2.1135660e+06   5.6213379e+01
   2.1136730e+06   4.5166016e+01
   2.1139200e+06   5.5480957e+01
   2.1141720e+06   4.7119141e+01
   2.1813120e+06   3.3874512e+01
   2.2020620e+06   3.4729004e+01
   2.2020980e+06   5.2612305e+01
   2.2021140e+06   4.3579102e+01
   2.2032210e+06   3.4729004e+01
   2.2032620e+06   5.4931641e+01
   2.2033690e+06   3.6315918e+01
   2.2506930e+06   4.3090820e+01
   2.2507290e+06   5.4748535e+01
   2.2511480e+06   3.5522461e+01
   2.2516890e+06   3.5705566e+01
   2.2703510e+06   6.0729980e+01
   2.3504730e+06   3.7414551e+01
   2.3505610e+06   3.6560059e+01
   2.3505890e+06   3.4851074e+01
   2.3506550e+06   3.6743164e+01
   2.3508630e+06   3.3935547e+01
   2.3509620e+06   3.4362793e+01
   2.3513850e+06   3.3569336e+01
   2.3516470e+06   3.4118652e+01
   2.3517550e+06   4.4921875e+01
   2.3518160e+06   3.3935547e+01
   2.3518850e+06   3.5644531e+01
   2.3526690e+06   3.2775879e+01
   2.3696990e+06   5.9814453e+01
   2.3700730e+06   4.9987793e+01
   2.3701840e+06   4.8767090e+01
   2.3706150e+06   3.2775879e+01
   2.5146210e+06   3.3508301e+01
   2.5156750e+06   6.2194824e+01
   2.5871170e+06   3.5278320e+01
   2.5872670e+06   3.6865234e+01
   2.5872810e+06   4.2663574e+01
   2.5876100e+06   3.2714844e+01
   2.5878230e+06   4.7363281e+01
   2.5879340e+06   3.9611816e+01
   2.6784000e+06   6.4636230e+01
   2.6986240e+06   3.4545898e+01
   2.6986530e+06   3.7292480e+01
   2.6990750e+06   4.7058105e+01
   2.6997380e+06   5.2917480e+01
   2.8925370e+06   6.3171387e+01
   2.8926010e+06   4.5288086e+01
   2.8928640e+06   3.5888672e+01
