   5.9980000e+06   0.0000000e+00
   7.2000000e+02   3.9672852e+01
   2.7200000e+03   3.1555176e+01
   8.1070000e+03   4.7180176e+01
   8.9260000e+03   3.9672852e+01
   1.3293000e+04   3.1494141e+01
   1.4868000e+04   3.8269043e+01
   1.5963000e+04   3.9794922e+01
   1.7179000e+04   3.4057617e+01
   2.0661000e+04   4.1137695e+01
   2.3667000e+04   3.3447266e+01
   2.6364000e+04   3.1494141e+01
   2.6439000e+04   5.6884766e+01
   2.6601000e+04   3.2836914e+01
   2.7822000e+04   4.1931152e+01
   2.7932000e+04   3.3996582e+01
   2.7966000e+04   3.2104492e+01
   2.8027000e+04   5.0109863e+01
   2.8062000e+04   6.6223145e+01
   2.9977000e+04   4.2724609e+01
   3.1390000e+04   4.1503906e+01
   3.2344000e+04   3.7292480e+01
   3.4538000e+04   3.3447266e+01
   4.0246000e+04   4.0405273e+01
   4.1173000e+04   3.2714844e+01
   4.6346000e+04   3.8696289e+01
   4.8249000e+04   3.2653809e+01
   5.0104000e+04   3.4240723e+01
   5.2086000e+04   6.0974121e+01
   5.2118000e+04   3.4729004e+01
   5.2136000e+04   8.6059570e+01
   5.2162000e+04   3.2287598e+01
   5.2172000e+04   5.5664063e+01
   5.2194000e+04   3.2714844e+01
   5.2209000e+04   4.0710449e+01
   5.2245000e+04   4.3518066e+01
   5.2282000e+04   3.4362793e+01
   5.2296000e+04   3.1433105e+01
   5.2326000e+04   6.8847656e+01
   5.2353000e+04   4.0222168e+01
   5.2365000e+04   3.4973145e+01
   5.2495000e+04   3.5156250e+01
   5.2794000e+04   7.0922852e+01
   6.1019000e+04   3.1860352e+01
   6.2576000e+04   3.3569336e+01
   6.9213000e+04   3.7780762e+01
   7.3046000e+04   3.2043457e+01
   7.4674000e+04   3.9245605e+01
   7.5045000e+04   5.3344727e+01
   7.7172000e+04   3.2958984e+01
   7.7870000e+04   3.3508301e+01
   7.9688000e+04   3.1311035e+01
   8.2600000e+04   4.6447754e+01
   9.1269000e+04   3.3874512e+01
   9.2815000e+04   3.2043457e+01
   9.3362000e+04   3.4423828e+01
   9.7195000e+04   3.8696289e+01
   9.8837000e+04   3.8146973e+01
   1.0179300e+05   3.4851074e+01
   1.0387100e+05   3.4973145e+01
   1.1144800e+05   3.2226563e+01
   1.1337000e+05   4.4799805e+01
   1.1661200e+05   3.4545898e+01
   1.1662600e+05   3.5766602e+01
   1.1735200e+05   3.5156250e+01
   1.2015800e+05   3.5156250e+01
   1.2177700e+05   3.3569336e+01
   1.2561600e+05   3.5644531e+01
   1.2761600e+05   3.5766602e+01
   1.2918100e+05   3.4240723e+01
   1.2974100e+05   3.1250000e+01
   1.3134500e+05   4.1564941e+01
   1.3236900e+05   5.1635742e+01
   1.3256700e+05   3.1616211e+01
   1.3439100e+05   3.1494141e+01
   1.3553000e+05   4.0710449e+01
   1.3772200e+05   3.9062500e+01
   1.3879400e+05   4.0527344e+01
   1.3972000e+05   3.1372070e+01
   1.4143700e+05   3.3386230e+01
   1.4231800e+05   3.1250000e+01
   1.4293900e+05   3.1921387e+01
   1.4431100e+05   4.0954590e+01
   1.4541800e+05   3.4179688e+01
   1.4587400e+05   3.5156250e+01
   1.4803800e+05   3.4851074e+01
   1.5228700e+05   3.4240723e+01
   1.5986000e+05   3.4423828e+01
   1.6081400e+05   3.8269043e+01
   1.6271000e+05   3.6132813e+01
   1.6919900e+05   3.5583496e+01
   1.6930800e+05   4.3334961e+01
   1.7034600e+05   4.9438477e+01
   1.7098700e+05   3.9367676e+01
   1.7440400e+05   3.7963867e+01
   1.7620200e+05   3.5339355e+01
   1.7748800e+05   3.9733887e+01
   1.7878400e+05   3.8635254e+01
   1.7988800e+05   3.7048340e+01
   1.8089100e+05   3.5705566e+01
   1.8445000e+05   3.2470703e+01
   1.8635900e+05   3.1188965e+01
   1.8788500e+05   3.7109375e+01
   1.8918400e+05   3.3630371e+01
   1.9076700e+05   3.7109375e+01
   1.9148200e+05   3.4729004e+01
   1.9261300e+05   3.5400391e+01
   1.9642700e+05   3.9245605e+01
   1.9766600e+05   4.1198730e+01
   1.9872400e+05   3.2958984e+01
   1.9995600e+05   3.1799316e+01
   2.0835900e+05   3.2348633e+01
   2.0966600e+05   3.2592773e+01
   2.1421400e+05   3.6621094e+01
   2.1631200e+05   3.5278320e+01
   2.1853800e+05   3.3081055e+01
   2.2051100e+05   3.4729004e+01
   2.2795900e+05   3.4240723e+01
   2.2961800e+05   3.7475586e+01
   2.3320200e+05   4.0344238e+01
   2.3448800e+05   3.5888672e+01
   2.3474000e+05   3.7658691e+01
   2.3653000e+05   3.8269043e+01
   2.3791400e+05   3.3508301e+01
   2.3924800e+05   3.6071777e+01
   2.4159200e+05   3.3813477e+01
   2.4253800e+05   3.2592773e+01
   2.4266300e+05   3.3569336e+01
   2.4678900e+05   3.4729004e+01
   2.4810700e+05   3.3142090e+01
   2.4995100e+05   3.9123535e+01
   2.5287000e+05   3.6010742e+01
   2.5365700e+05   3.2592773e+01
   2.5551300e+05   3.4423828e+01
   2.5742900e+05   3.1738281e+01
   2.6379600e+05   3.2287598e+01
   2.6510800e+05   3.1860352e+01
   2.6684800e+05   3.2836914e+01
   2.6775000e+05   4.1503906e+01
   2.7232200e+05   3.7963867e+01
   2.7426400e+05   3.1494141e+01
   2.7490900e+05   3.9733887e+01
   2.7583600e+05   3.6865234e+01
   2.7595700e+05   5.8654785e+01
   2.7621300e+05   4.6936035e+01
   2.7642300e+05   3.5400391e+01
   2.7665000e+05   5.1879883e+01
   2.7793700e+05   3.2409668e+01
   2.7964200e+05   3.4667969e+01
   2.8110400e+05   3.8452148e+01
   2.8365800e+05   3.7048340e+01
   2.8534900e+05   3.7597656e+01
   2.8681800e+05   3.8818359e+01
   2.8774000e+05   3.8513184e+01
   2.8926300e+05   3.1921387e+01
   2.9058300e+05   3.3142090e+01
   2.9651800e+05   3.4790039e+01
   3.0045900e+05   3.9733887e+01
   3.0169400e+05   4.8339844e+01
   3.0186200e+05   3.5827637e+01
   3.0349500e+05   4.2114258e+01
   3.0686300e+05   3.4423828e+01
   3.1030000e+05   3.3813477e+01
   3.1387200e+05   3.1188965e+01
   3.1868300e+05   3.3264160e+01
   3.2014100e+05   3.2958984e+01
   3.2309800e+05   4.6020508e+01
   3.2312500e+05   6.1767578e+01
   3.2313500e+05   4.8889160e+01
   3.2315100e+05   6.8176270e+01
   3.2320100e+05   3.8757324e+01
   3.2323800e+05   3.9672852e+01
   3.2328100e+05   4.8889160e+01
   3.2329600e+05   4.6203613e+01
   3.2331500e+05   3.7048340e+01
   3.2336800e+05   3.4790039e+01
   3.2339400e+05   3.7597656e+01
   3.2347700e+05   3.7902832e+01
   3.2351900e+05   3.2104492e+01
   3.2356700e+05   4.1320801e+01
   3.2360600e+05   3.6071777e+01
   3.2362200e+05   5.0537109e+01
   3.2367700e+05   3.3691406e+01
   3.2378500e+05   4.9621582e+01
   3.2383800e+05   3.2165527e+01
   3.2388100e+05   3.6621094e+01
   3.2394700e+05   3.3813477e+01
   3.2397300e+05   3.2226563e+01
   3.2403000e+05   3.2592773e+01
   3.2414900e+05   3.5888672e+01
   3.2417900e+05   3.3447266e+01
   3.2425400e+05   5.2001953e+01
   3.2429600e+05   4.4128418e+01
   3.2441200e+05   3.9001465e+01
   3.2467700e+05   3.2226563e+01
   3.2472900e+05   3.3020020e+01
   3.2486100e+05   4.0527344e+01
   3.2497600e+05   3.3020020e+01
   3.2531500e+05   3.9245605e+01
   3.2539000e+05   3.2226563e+01
   3.2550200e+05   3.1372070e+01
   3.2579800e+05   5.3161621e+01
   3.2635900e+05   3.4179688e+01
   3.2692200e+05   3.1127930e+01
   3.2709400e+05   3.1616211e+01
   3.2720400e+05   3.1250000e+01
   3.2762700e+05   3.1860352e+01
   3.2783800e+05   3.2043457e+01
   3.4338500e+05   3.1494141e+01
   3.4768500e+05   3.2409668e+01
   3.4955500e+05   3.9001465e+01
   3.5361900e+05   3.2836914e+01
   3.5629800e+05   3.6254883e+01
   3.5840100e+05   3.2104492e+01
   3.6073900e+05   4.6264648e+01
   3.6140500e+05   3.7170410e+01
   3.6433600e+05   3.1555176e+01
   3.6538400e+05   3.1311035e+01
   3.6667000e+05   3.3081055e+01
   3.6797700e+05   3.7719727e+01
   3.7156500e+05   3.3874512e+01
   3.7514100e+05   3.1372070e+01
   3.7899100e+05   3.6743164e+01
   3.8021100e+05   3.2714844e+01
   3.8315200e+05   3.2043457e+01
   3.8962300e+05   3.1616211e+01
   3.9163200e+05   3.9245605e+01
   3.9391300e+05   4.7363281e+01
   3.9830100e+05   3.4790039e+01
   4.0346700e+05   3.9978027e+01
   4.0642800e+05   3.3874512e+01
   4.1155600e+05   5.8776855e+01
   4.1229700e+05   3.2409668e+01
   4.1865700e+05   3.4240723e+01
   4.2412700e+05   4.1992188e+01
   4.2671900e+05   3.5400391e+01
   4.2973000e+05   4.3395996e+01
   4.3277100e+05   4.0283203e+01
   4.3458500e+05   3.5034180e+01
   4.3736600e+05   4.1870117e+01
   4.3982600e+05   3.3081055e+01
   4.4032500e+05   3.1372070e+01
   4.4170300e+05   3.8574219e+01
   4.4578400e+05   3.3996582e+01
   4.4798300e+05   3.1860352e+01
   4.5095600e+05   3.9916992e+01
   4.5499200e+05   3.4423828e+01
   4.5743500e+05   3.6926270e+01
   4.6095800e+05   3.3630371e+01
   4.6121500e+05   3.1127930e+01
   4.6576700e+05   3.3813477e+01
   4.6695300e+05   3.4912109e+01
   4.6920400e+05   4.1748047e+01
   4.7554100e+05   3.5766602e+01
   4.7682200e+05   3.5095215e+01
   4.7878000e+05   4.4372559e+01
   4.8076600e+05   3.2592773e+01
   4.8105900e+05   3.2043457e+01
   4.8243300e+05   3.7109375e+01
   4.8307500e+05   3.6621094e+01
   4.8774700e+05   4.4616699e+01
   4.9132200e+05   4.1564941e+01
   4.9351300e+05   4.1870117e+01
   4.9562100e+05   4.1992188e+01
   4.9661900e+05   3.6682129e+01
   4.9792300e+05   3.9001465e+01
   4.9908700e+05   3.1127930e+01
   5.0044800e+05   3.6193848e+01
   5.0147200e+05   3.3874512e+01
   5.0441000e+05   3.2775879e+01
   5.1005700e+05   3.2592773e+01
   5.1379300e+05   3.1250000e+01
   5.1610800e+05   3.9672852e+01
   5.2332600e+05   4.2358398e+01
   5.2527000e+05   4.0161133e+01
   5.2837100e+05   3.2470703e+01
   5.3006600e+05   3.5705566e+01
   5.3073900e+05   3.3081055e+01
   5.3163200e+05   3.1433105e+01
   5.3414500e+05   3.3081055e+01
   5.3606500e+05   3.1799316e+01
   5.3772400e+05   3.5095215e+01
   5.4233000e+05   3.3691406e+01
   5.4473800e+05   3.5461426e+01
   5.4588800e+05   4.1931152e+01
   5.4732700e+05   3.2653809e+01
   5.4935500e+05   4.5104980e+01
   5.4968200e+05   4.5776367e+01
   5.4978600e+05   3.9733887e+01
   5.5029500e+05   5.5297852e+01
   5.5179400e+05   4.1748047e+01
   5.5295500e+05   3.2775879e+01
   5.5690100e+05   3.1250000e+01
   5.5799500e+05   3.2592773e+01
   5.5927800e+05   4.1076660e+01
   5.6080600e+05   3.2165527e+01
   5.6272400e+05   3.7475586e+01
   5.6488900e+05   3.3630371e+01
   5.7039100e+05   5.2124023e+01
   5.7042600e+05   6.3171387e+01
   5.7044700e+05   4.5349121e+01
   5.7046600e+05   5.7983398e+01
   5.7049100e+05   3.7414551e+01
   5.7052900e+05   3.9550781e+01
   5.7055800e+05   5.4748535e+01
   5.7057200e+05   4.2236328e+01
   5.7061100e+05   4.6447754e+01
   5.7062700e+05   3.3203125e+01
   5.7066000e+05   4.3457031e+01
   5.7075800e+05   3.4118652e+01
   5.7078700e+05   3.4362793e+01
   5.7082500e+05   5.1696777e+01
   5.7167000e+05   3.2775879e+01
   5.7321100e+05   3.4606934e+01
   5.7568300e+05   3.3142090e+01
   5.8111500e+05   3.7414551e+01
   5.8523200e+05   3.7475586e+01
   5.9028400e+05   3.2958984e+01
   5.9134600e+05   3.2470703e+01
   5.9194600e+05   5.1879883e+01
   5.9199900e+05   3.2897949e+01
   5.9245400e+05   3.4729004e+01
   5.9251600e+05   3.1250000e+01
   5.9382200e+05   3.3447266e+01
   5.9681300e+05   3.3752441e+01
   6.0205000e+05   4.2846680e+01
   6.0635100e+05   3.7353516e+01
   6.0669600e+05   3.8452148e+01
   6.0817000e+05   4.5959473e+01
   6.0898800e+05   4.1748047e+01
   6.1438900e+05   3.1127930e+01
   6.1538700e+05   3.4667969e+01
   6.2175600e+05   3.4973145e+01
   6.2415600e+05   3.4667969e+01
   6.2496100e+05   3.4118652e+01
   6.2771600e+05   3.2348633e+01
   6.3151200e+05   3.3996582e+01
   6.3273900e+05   3.3996582e+01
   6.3393000e+05   3.4118652e+01
   6.3779600e+05   5.8410645e+01
   6.3943600e+05   3.1494141e+01
   6.4087100e+05   3.1311035e+01
   6.4310700e+05   3.3691406e+01
   6.4405900e+05   4.4921875e+01
   6.4774000e+05   3.7658691e+01
   6.4865800e+05   3.5888672e+01
   6.5234400e+05   3.3813477e+01
   6.6035900e+05   3.9794922e+01
   6.6203800e+05   3.1188965e+01
   6.6265800e+05   5.1879883e+01
   6.6272900e+05   3.9550781e+01
   6.6288800e+05   6.4025879e+01
   6.6290400e+05   6.0729980e+01
   6.6320100e+05   5.6457520e+01
   6.6330800e+05   4.4189453e+01
   6.6618200e+05   3.1555176e+01
   6.6746400e+05   3.2043457e+01
   6.7360600e+05   3.8452148e+01
   6.7549400e+05   3.4973145e+01
   6.7940200e+05   4.2907715e+01
   6.8062100e+05   3.1372070e+01
   6.8163400e+05   3.3020020e+01
   6.8180300e+05   3.5766602e+01
   6.8404300e+05   4.0832520e+01
   6.8558300e+05   3.3752441e+01
   6.8888800e+05   4.9560547e+01
   6.9163300e+05   3.4973145e+01
   6.9283900e+05   3.3996582e+01
   6.9527100e+05   3.3020020e+01
   6.9765000e+05   3.6926270e+01
   6.9987500e+05   3.2714844e+01
   7.0140700e+05   3.5583496e+01
   7.0603400e+05   3.5949707e+01
   7.0695700e+05   3.1372070e+01
   7.0769700e+05   3.1433105e+01
   7.1279600e+05   3.7902832e+01
   7.1615600e+05   3.1127930e+01
   7.1875500e+05   4.5593262e+01
   7.2037300e+05   3.5156250e+01
   7.2439800e+05   3.2836914e+01
   7.2568400e+05   3.3203125e+01
   7.2586600e+05   3.2287598e+01
   7.2694900e+05   3.3020020e+01
   7.2783300e+05   3.1677246e+01
   7.3047000e+05   3.6254883e+01
   7.3215700e+05   3.1433105e+01
   7.3667000e+05   3.8513184e+01
   7.3670700e+05   3.2043457e+01
   7.3673100e+05   4.6447754e+01
   7.3676200e+05   7.0678711e+01
   7.3677600e+05   4.1687012e+01
   7.3678600e+05   3.2958984e+01
   7.3681100e+05   8.0932617e+01
   7.3683300e+05   3.5827637e+01
   7.3689100e+05   3.4484863e+01
   7.3695200e+05   8.8134766e+01
   7.3703900e+05   3.6926270e+01
   7.3708900e+05   3.3203125e+01
   7.3711100e+05   3.7658691e+01
   7.3714800e+05   5.0598145e+01
   7.3747300e+05   3.4362793e+01
   7.3753200e+05   3.2653809e+01
   7.5188300e+05   4.1076660e+01
   7.5415100e+05   3.1860352e+01
   7.5716000e+05   4.3518066e+01
   7.5772900e+05   3.1738281e+01
   7.5937800e+05   3.1738281e+01
   7.6172400e+05   3.4790039e+01
   7.6467600e+05   3.7536621e+01
   7.6624900e+05   3.1494141e+01
   7.7119500e+05   3.1250000e+01
   7.7627800e+05   3.3508301e+01
   7.7788900e+05   3.3813477e+01
   7.8159400e+05   3.6071777e+01
   7.8743800e+05   3.4484863e+01
   7.8883000e+05   3.6437988e+01
   7.8978400e+05   3.3386230e+01
   7.9388000e+05   3.7475586e+01
   7.9753100e+05   3.5949707e+01
   7.9998900e+05   3.2897949e+01
   8.0408100e+05   3.4240723e+01
   8.0526700e+05   3.3569336e+01
   8.0847800e+05   3.3386230e+01
   8.0871500e+05   5.4626465e+01
   8.1002200e+05   4.9072266e+01
   8.1014700e+05   8.4838867e+01
   8.1058800e+05   3.9367676e+01
   8.1061800e+05   5.1635742e+01
   8.1063400e+05   4.2663574e+01
   8.1067400e+05   4.0161133e+01
   8.1069700e+05   3.8269043e+01
   8.1076000e+05   3.6621094e+01
   8.1099500e+05   3.3264160e+01
   8.1103800e+05   3.1738281e+01
   8.1107800e+05   3.1616211e+01
   8.1114200e+05   3.5522461e+01
   8.1116700e+05   3.2897949e+01
   8.1487300e+05   3.3569336e+01
   8.1803700e+05   3.1127930e+01
   8.2222000e+05   3.8574219e+01
   8.2341400e+05   3.5156250e+01
   8.2639500e+05   4.0161133e+01
   8.3037500e+05   4.1259766e+01
   8.3330400e+05   3.8269043e+01
   8.4013400e+05   3.7658691e+01
   8.4236800e+05   3.7780762e+01
   8.4262600e+05   3.1311035e+01
   8.4446500e+05   3.6376953e+01
   8.4834000e+05   4.5410156e+01
   8.4971800e+05   3.1799316e+01
   8.5054200e+05   3.3813477e+01
   8.5413300e+05   3.4362793e+01
   8.5641700e+05   4.0832520e+01
   8.5941200e+05   3.5888672e+01
   8.6111800e+05   3.8574219e+01
   8.6178900e+05   3.3203125e+01
   8.6293700e+05   3.1616211e+01
   8.6527600e+05   3.1433105e+01
   8.6872800e+05   3.1555176e+01
   8.7539600e+05   4.1992188e+01
   8.7721900e+05   3.2958984e+01
   8.7986900e+05   3.4667969e+01
   8.8300100e+05   3.7719727e+01
   8.8621600e+05   5.5358887e+01
   8.8634300e+05   3.2897949e+01
   8.8707500e+05   3.4484863e+01
   8.9042500e+05   4.2968750e+01
   8.9413100e+05   3.9001465e+01
   8.9909000e+05   3.6193848e+01
   8.9986400e+05   3.3630371e+01
   9.0066500e+05   3.2592773e+01
   9.0257200e+05   3.3874512e+01
   9.0378700e+05   4.0344238e+01
   9.0696400e+05   3.2531738e+01
   9.0795000e+05   3.2897949e+01
   9.1169300e+05   4.1748047e+01
   9.1937900e+05   3.5034180e+01
   9.2031500e+05   3.6804199e+01
   9.2177100e+05   4.4128418e+01
   9.2339000e+05   3.2226563e+01
   9.2405700e+05   3.4179688e+01
   9.2860200e+05   3.6499023e+01
   9.3059400e+05   3.8635254e+01
   9.3276000e+05   3.5278320e+01
   9.3826400e+05   3.7780762e+01
   9.4310300e+05   3.2165527e+01
   9.4358900e+05   5.6640625e+01
   9.4412800e+05   3.2653809e+01
   9.4681100e+05   3.6987305e+01
   9.5217600e+05   3.3508301e+01
   9.5246900e+05   3.2104492e+01
   9.5275000e+05   3.5461426e+01
   9.5549400e+05   3.9733887e+01
   9.5677600e+05   3.1738281e+01
   9.5757500e+05   3.9062500e+01
   9.5762300e+05   3.6865234e+01
   9.5764500e+05   7.3974609e+01
   9.5770600e+05   3.6621094e+01
   9.5785400e+05   4.7607422e+01
   9.5793000e+05   6.4758301e+01
   9.5835700e+05   4.0771484e+01
   9.5862300e+05   4.3762207e+01
   9.5894500e+05   4.5837402e+01
   9.6251800e+05   4.4494629e+01
   9.6334000e+05   4.0588379e+01
   9.6621200e+05   3.9428711e+01
   9.6919800e+05   3.7170410e+01
   9.7014800e+05   3.1616211e+01
   9.7331900e+05   3.3203125e+01
   9.7800600e+05   3.8635254e+01
   9.8030500e+05   3.1555176e+01
   9.8786200e+05   3.2348633e+01
   9.9039500e+05   3.6865234e+01
   9.9283100e+05   3.5339355e+01
   9.9567100e+05   3.2470703e+01
   9.9786600e+05   3.1250000e+01
   1.0011830e+06   3.4484863e+01
   1.0019530e+06   3.3569336e+01
   1.0038030e+06   4.1137695e+01
   1.0054540e+06   3.2226563e+01
   1.0080040e+06   3.7780762e+01
   1.0137200e+06   3.5644531e+01
   1.0170950e+06   4.1809082e+01
   1.0209040e+06   3.9550781e+01
   1.0240580e+06   5.5847168e+01
   1.0296940e+06   3.2714844e+01
   1.0343480e+06   3.5339355e+01
   1.0359020e+06   3.7658691e+01
   1.0371800e+06   3.4912109e+01
   1.0385200e+06   3.4362793e+01
   1.0411480e+06   3.8696289e+01
   1.0420330e+06   3.1127930e+01
   1.0428710e+06   3.1433105e+01
   1.0454630e+06   5.5908203e+01
   1.0455950e+06   4.9926758e+01
   1.0456170e+06   5.6213379e+01
   1.0457570e+06   5.2062988e+01
   1.0460750e+06   4.3518066e+01
   1.0464080e+06   4.8828125e+01
   1.0468390e+06   4.9255371e+01
   1.0468540e+06   3.2775879e+01
   1.0470770e+06   3.2531738e+01
   1.0523420e+06   3.8208008e+01
   1.0538150e+06   3.7475586e+01
   1.0577120e+06   4.9499512e+01
   1.0595190e+06   4.0405273e+01
   1.0617690e+06   3.6560059e+01
   1.0625320e+06   3.2470703e+01
   1.0645040e+06   3.7414551e+01
   1.0685790e+06   3.5522461e+01
   1.0702980e+06   4.7424316e+01
   1.0738130e+06   3.1616211e+01
   1.0795980e+06   3.1921387e+01
   1.0810920e+06   3.9367676e+01
   1.0811120e+06   7.2998047e+01
   1.0811260e+06   3.6315918e+01
   1.0811530e+06   6.4331055e+01
   1.0811850e+06   4.4982910e+01
   1.0812200e+06   8.0139160e+01
   1.0812720e+06   4.1015625e+01
   1.0813150e+06   3.1311035e+01
   1.0813560e+06   3.8818359e+01
   1.0814110e+06   4.9255371e+01
   1.0814940e+06   4.7363281e+01
   1.0815060e+06   4.2236328e+01
   1.0815910e+06   3.3386230e+01
   1.0816010e+06   3.7353516e+01
   1.0817340e+06   3.1982422e+01
   1.0840660e+06   3.4790039e+01
   1.0845310e+06   3.7780762e+01
   1.0991180e+06   3.2897949e+01
   1.0999380e+06   3.3203125e+01
   1.1031270e+06   4.3579102e+01
   1.1080880e+06   4.0405273e+01
   1.1109020e+06   3.6010742e+01
   1.1163920e+06   3.5278320e+01
   1.1182030e+06   3.5095215e+01
   1.1222140e+06   3.1982422e+01
   1.1271000e+06   3.1860352e+01
   1.1312520e+06   3.5034180e+01
   1.1355020e+06   3.5156250e+01
   1.1367660e+06   3.1860352e+01
   1.1454700e+06   3.1188965e+01
   1.1472480e+06   3.8391113e+01
   1.1482520e+06   3.5217285e+01
   1.1494950e+06   3.5827637e+01
   1.1521390e+06   3.1738281e+01
   1.1564620e+06   4.0344238e+01
   1.1575610e+06   3.1250000e+01
   1.1618300e+06   3.8024902e+01
   1.1644400e+06   3.5278320e+01
   1.1650840e+06   3.9184570e+01
   1.1667270e+06   3.2287598e+01
   1.1673760e+06   3.9611816e+01
   1.1713050e+06   4.3273926e+01
   1.1803650e+06   3.5583496e+01
   1.1833010e+06   6.2744141e+01
   1.1838740e+06   3.4301758e+01
   1.1851360e+06   3.9794922e+01
   1.1915430e+06   3.5156250e+01
   1.1953210e+06   3.4423828e+01
   1.1970710e+06   3.4301758e+01
   1.1992370e+06   3.3142090e+01
   1.2005420e+06   3.2348633e+01
   1.2034140e+06   3.4362793e+01
   1.2043690e+06   3.3203125e+01
   1.2069130e+06   4.1015625e+01
   1.2087340e+06   3.1311035e+01
   1.2090130e+06   3.8085938e+01
   1.2095840e+06   3.2592773e+01
   1.2115100e+06   3.4240723e+01
   1.2132710e+06   3.1860352e+01
   1.2142080e+06   3.7536621e+01
   1.2170170e+06   3.3508301e+01
   1.2213410e+06   3.6254883e+01
   1.2220150e+06   3.7109375e+01
   1.2236900e+06   3.3813477e+01
   1.2276540e+06   3.4606934e+01
   1.2292460e+06   4.4616699e+01
   1.2317590e+06   3.3996582e+01
   1.2328600e+06   3.5522461e+01
   1.2334550e+06   7.7026367e+01
   1.2335130e+06   5.1452637e+01
   1.2336590e+06   4.4921875e+01
   1.2361830e+06   6.8237305e+01
   1.2362130e+06   7.0983887e+01
   1.2362350e+06   4.6020508e+01
   1.2362540e+06   8.1481934e+01
   1.2362740e+06   4.2419434e+01
   1.2363020e+06   3.7841797e+01
   1.2363230e+06   6.4147949e+01
   1.2363450e+06   4.6081543e+01
   1.2363830e+06   3.7780762e+01
   1.2363990e+06   4.1015625e+01
   1.2364330e+06   3.8513184e+01
   1.2364990e+06   3.8452148e+01
   1.2365380e+06   3.2714844e+01
   1.2400710e+06   3.6193848e+01
   1.2405050e+06   3.1799316e+01
   1.2418490e+06   3.6376953e+01
   1.2424090e+06   3.1616211e+01
   1.2478280e+06   3.6376953e+01
   1.2547480e+06   3.5583496e+01
   1.2562860e+06   4.1442871e+01
   1.2598370e+06   3.5888672e+01
   1.2605320e+06   3.1127930e+01
   1.2614260e+06   3.8269043e+01
   1.2659240e+06   3.8940430e+01
   1.2718360e+06   3.5766602e+01
   1.2776670e+06   3.5827637e+01
   1.2789190e+06   3.2531738e+01
   1.2832090e+06   3.8146973e+01
   1.2858460e+06   3.1555176e+01
   1.2884750e+06   3.3325195e+01
   1.2908270e+06   3.1921387e+01
   1.2938710e+06   3.8513184e+01
   1.2972650e+06   3.3264160e+01
   1.3003260e+06   3.2775879e+01
   1.3053670e+06   3.6437988e+01
   1.3077780e+06   4.1625977e+01
   1.3109590e+06   3.2836914e+01
   1.3130580e+06   4.6020508e+01
   1.3132730e+06   3.1982422e+01
   1.3159010e+06   3.4057617e+01
   1.3191030e+06   3.3874512e+01
   1.3286720e+06   3.2531738e+01
   1.3297030e+06   3.7475586e+01
   1.3312810e+06   4.1076660e+01
   1.3359360e+06   4.3273926e+01
   1.3376650e+06   3.6254883e+01
   1.3415580e+06   3.4240723e+01
   1.3434700e+06   3.1188965e+01
   1.3471980e+06   4.0161133e+01
   1.3499740e+06   3.5644531e+01
   1.3532530e+06   3.4729004e+01
   1.3549240e+06   3.3386230e+01
   1.3564430e+06   4.1076660e+01
   1.3581950e+06   3.2409668e+01
   1.3591180e+06   3.1921387e+01
   1.3600690e+06   3.4667969e+01
   1.3612540e+06   3.3508301e+01
   1.3641900e+06   3.2348633e+01
   1.3651780e+06   4.7424316e+01
   1.3667570e+06   3.3508301e+01
   1.3676300e+06   4.3701172e+01
   1.3690220e+06   3.1921387e+01
   1.3703570e+06   3.3935547e+01
   1.3739450e+06   3.6315918e+01
   1.3751840e+06   9.5031738e+01
   1.3752050e+06   5.5725098e+01
   1.3752680e+06   4.0893555e+01
   1.3752990e+06   5.1635742e+01
   1.3753460e+06   4.7546387e+01
   1.3753850e+06   3.3081055e+01
   1.3753970e+06   3.2592773e+01
   1.3754330e+06   5.8227539e+01
   1.3754580e+06   8.0871582e+01
   1.3755220e+06   4.3395996e+01
   1.3755500e+06   6.2744141e+01
   1.3756110e+06   3.6682129e+01
   1.3756210e+06   6.0546875e+01
   1.3756620e+06   4.4677734e+01
   1.3757070e+06   3.2958984e+01
   1.3757280e+06   3.4790039e+01
   1.3758710e+06   3.5278320e+01
   1.3859880e+06   3.1738281e+01
   1.3895920e+06   3.1860352e+01
   1.3908300e+06   3.5949707e+01
   1.3938500e+06   3.6437988e+01
   1.3965230e+06   4.1381836e+01
   1.3972550e+06   3.1494141e+01
   1.4014100e+06   3.2287598e+01
   1.4102320e+06   3.8208008e+01
   1.4112020e+06   3.7780762e+01
   1.4131410e+06   3.1677246e+01
   1.4142910e+06   3.2043457e+01
   1.4166140e+06   3.6010742e+01
   1.4180540e+06   3.7475586e+01
   1.4255910e+06   3.4667969e+01
   1.4277010e+06   3.6376953e+01
   1.4348900e+06   3.1372070e+01
   1.4364770e+06   4.0771484e+01
   1.4462570e+06   3.2592773e+01
   1.4480640e+06   3.3569336e+01
   1.4493420e+06   3.9428711e+01
   1.4548260e+06   3.2226563e+01
   1.4567100e+06   3.6071777e+01
   1.4617750e+06   4.1320801e+01
   1.4627920e+06   3.1555176e+01
   1.4639550e+06   3.6254883e+01
   1.4664020e+06   3.2592773e+01
   1.4690820e+06   3.4484863e+01
   1.4744160e+06   4.0832520e+01
   1.4785260e+06   3.1982422e+01
   1.4870730e+06   3.5156250e+01
   1.4883730e+06   3.3874512e+01
   1.4964280e+06   3.2348633e+01
   1.4977450e+06   3.5156250e+01
   1.5017450e+06   3.3508301e+01
   1.5030570e+06   3.4729004e+01
   1.5038780e+06   4.1076660e+01
   1.5053920e+06   3.3264160e+01
   1.5087810e+06   4.1931152e+01
   1.5145770e+06   3.5095215e+01
   1.5151430e+06   3.2226563e+01
   1.5165300e+06   4.6386719e+01
   1.5166920e+06   3.7475586e+01
   1.5213130e+06   4.5166016e+01
   1.5255920e+06   3.4790039e+01
   1.5301780e+06   4.3090820e+01
   1.5366760e+06   4.7607422e+01
   1.5367840e+06   4.0588379e+01
   1.5369780e+06   7.5439453e+01
   1.5370940e+06   4.5715332e+01
   1.5372860e+06   4.3029785e+01
   1.5376000e+06   5.9326172e+01
   1.5378010e+06   4.1870117e+01
   1.5387870e+06   5.9936523e+01
   1.5388810e+06   4.0588379e+01
   1.5398510e+06   6.8237305e+01
   1.5399600e+06   3.7597656e+01
   1.5399950e+06   4.3273926e+01
   1.5400750e+06   3.3935547e+01
   1.5400990e+06   3.1799316e+01
   1.5402720e+06   4.6691895e+01
   1.5407140e+06   3.4179688e+01
   1.5430580e+06   3.2165527e+01
   1.5446310e+06   4.2785645e+01
   1.5478380e+06   3.1372070e+01
   1.5494610e+06   3.8757324e+01
   1.5538640e+06   3.5766602e+01
   1.5578580e+06   4.0344238e+01
   1.5586080e+06   3.1188965e+01
   1.5600580e+06   3.5705566e+01
   1.5629180e+06   3.6621094e+01
   1.5649690e+06   3.6560059e+01
   1.5668090e+06   4.1320801e+01
   1.5700170e+06   3.3996582e+01
   1.5756390e+06   3.5766602e+01
   1.5763340e+06   3.4790039e+01
   1.5814230e+06   3.3996582e+01
   1.5828910e+06   3.9306641e+01
   1.5838540e+06   3.2165527e+01
   1.5855670e+06   3.2531738e+01
   1.5864490e+06   3.8085938e+01
   1.5880630e+06   3.6987305e+01
   1.5933940e+06   4.1076660e+01
   1.5941550e+06   4.2541504e+01
   1.5956900e+06   4.0405273e+01
   1.5995310e+06   3.6865234e+01
   1.6009770e+06   3.1799316e+01
   1.6020940e+06   3.4057617e+01
   1.6057790e+06   3.5217285e+01
   1.6071380e+06   3.1555176e+01
   1.6080990e+06   3.8146973e+01
   1.6110090e+06   3.7719727e+01
   1.6123130e+06   3.5888672e+01
   1.6140260e+06   3.2470703e+01
   1.6145600e+06   3.2836914e+01
   1.6187610e+06   3.1433105e+01
   1.6202050e+06   3.8208008e+01
   1.6203070e+06   3.3203125e+01
   1.6203360e+06   3.3447266e+01
   1.6204170e+06   5.0903320e+01
   1.6205050e+06   6.1706543e+01
   1.6205830e+06   3.1250000e+01
   1.6206790e+06   4.3762207e+01
   1.6208630e+06   3.4240723e+01
   1.6209580e+06   4.4494629e+01
   1.6209980e+06   3.2348633e+01
   1.6210320e+06   5.8349609e+01
   1.6212800e+06   3.3325195e+01
   1.6214990e+06   3.5156250e+01
   1.6299670e+06   3.9672852e+01
   1.6446310e+06   3.8879395e+01
   1.6511170e+06   4.4250488e+01
   1.6537520e+06   3.3508301e+01
   1.6556780e+06   5.2673340e+01
   1.6559380e+06   4.9560547e+01
   1.6591160e+06   3.6560059e+01
   1.6609820e+06   3.1188965e+01
   1.6679570e+06   3.1372070e+01
   1.6718930e+06   3.1860352e+01
   1.6739270e+06   4.2114258e+01
   1.6852440e+06   3.3325195e+01
   1.6901310e+06   3.1738281e+01
   1.6910810e+06   3.2775879e+01
   1.6970450e+06   3.1494141e+01
   1.6986070e+06   3.6071777e+01
   1.7033970e+06   6.0607910e+01
   1.7084720e+06   3.1921387e+01
   1.7124270e+06   5.5480957e+01
   1.7125000e+06   3.8757324e+01
   1.7125250e+06   1.0784912e+02
   1.7125730e+06   4.3640137e+01
   1.7125850e+06   4.0771484e+01
   1.7126070e+06   3.2470703e+01
   1.7128340e+06   3.1250000e+01
   1.7128840e+06   3.4729004e+01
   1.7130030e+06   3.2226563e+01
   1.7130300e+06   3.1372070e+01
   1.7131650e+06   4.1687012e+01
   1.7133790e+06   3.1494141e+01
   1.7137620e+06   3.3447266e+01
   1.7268390e+06   3.9672852e+01
   1.7293550e+06   3.2287598e+01
   1.7319620e+06   3.3203125e+01
   1.7349810e+06   3.2165527e+01
   1.7381990e+06   3.1677246e+01
   1.7410750e+06   3.5095215e+01
   1.7448380e+06   4.1687012e+01
   1.7470070e+06   3.1921387e+01
   1.7486810e+06   3.4912109e+01
   1.7587860e+06   3.2775879e+01
   1.7650250e+06   3.2348633e+01
   1.7670590e+06   3.1799316e+01
   1.7704280e+06   3.3752441e+01
   1.7727500e+06   4.3334961e+01
   1.7760650e+06   3.3386230e+01
   1.7773370e+06   3.5156250e+01
   1.7820810e+06   3.1494141e+01
   1.7822770e+06   4.7546387e+01
   1.7827000e+06   3.2165527e+01
   1.7839700e+06   5.3710938e+01
   1.7840810e+06   5.2612305e+01
   1.7840940e+06   3.7414551e+01
   1.7877420e+06   3.3386230e+01
   1.7907820e+06   3.1555176e+01
   1.7952550e+06   3.9062500e+01
   1.8035950e+06   3.8208008e+01
   1.8042220e+06   3.7902832e+01
   1.8078710e+06   3.5156250e+01
   1.8099420e+06   4.1137695e+01
   1.8106310e+06   5.1330566e+01
   1.8106480e+06   3.1555176e+01
   1.8106770e+06   7.8186035e+01
   1.8107030e+06   3.5888672e+01
   1.8107320e+06   5.5664063e+01
   1.8107430e+06   3.9794922e+01
   1.8108080e+06   3.6071777e+01
   1.8108180e+06   3.9489746e+01
   1.8109660e+06   3.3996582e+01
   1.8109780e+06   4.8095703e+01
   1.8110450e+06   3.3142090e+01
   1.8110960e+06   4.7180176e+01
   1.8122510e+06   8.3190918e+01
   1.8125420e+06   3.5461426e+01
   1.8149930e+06   4.1198730e+01
   1.8219260e+06   3.1738281e+01
   1.8234250e+06   3.7414551e+01
   1.8252800e+06   3.9001465e+01
   1.8262990e+06   3.2409668e+01
   1.8294270e+06   3.1188965e+01
   1.8299370e+06   4.9133301e+01
   1.8309490e+06   5.0842285e+01
   1.8335750e+06   4.1137695e+01
   1.8363930e+06   3.1555176e+01
   1.8412080e+06   4.2175293e+01
   1.8471530e+06   3.1433105e+01
   1.8532190e+06   3.6743164e+01
   1.8584990e+06   3.4118652e+01
   1.8616590e+06   5.2001953e+01
   1.8660650e+06   3.1494141e+01
   1.8714940e+06   3.1250000e+01
   1.8775330e+06   3.7353516e+01
   1.8797290e+06   3.1860352e+01
   1.8858070e+06   4.0039063e+01
   1.8859830e+06   3.3813477e+01
   1.8877860e+06   3.4973145e+01
   1.8929810e+06   3.2348633e+01
   1.8950120e+06   3.2165527e+01
   1.8962910e+06   3.5095215e+01
   1.9015980e+06   3.1311035e+01
   1.9017450e+06   3.4606934e+01
   1.9055030e+06   3.1982422e+01
   1.9104010e+06   3.4057617e+01
   1.9124690e+06   3.4423828e+01
   1.9153590e+06   3.6132813e+01
   1.9227350e+06   3.4362793e+01
   1.9249060e+06   3.5278320e+01
   1.9262310e+06   3.6743164e+01
   1.9305440e+06   3.9428711e+01
   1.9341200e+06   3.7963867e+01
   1.9379370e+06   3.9550781e+01
   1.9402800e+06   3.5705566e+01
   1.9448110e+06   5.3527832e+01
   1.9448910e+06   3.9978027e+01
   1.9449090e+06   3.4667969e+01
   1.9449900e+06   3.2836914e+01
   1.9454970e+06   4.1137695e+01
   1.9455670e+06   5.0109863e+01
   1.9459070e+06   3.9306641e+01
   1.9473390e+06   3.4667969e+01
   1.9500140e+06   3.2775879e+01
   1.9541040e+06   3.3264160e+01
   1.9558480e+06   3.2348633e+01
   1.9589770e+06   3.1433105e+01
   1.9615340e+06   4.2236328e+01
   1.9683570e+06   3.3386230e+01
   1.9721540e+06   3.6010742e+01
   1.9749980e+06   3.5034180e+01
   1.9792950e+06   3.1982422e+01
   1.9798380e+06   3.4545898e+01
   1.9813580e+06   3.2897949e+01
   1.9826720e+06   3.9855957e+01
   1.9841630e+06   3.9367676e+01
   1.9853490e+06   4.4982910e+01
   1.9866250e+06   4.0527344e+01
   1.9876790e+06   3.4667969e+01
   1.9905410e+06   3.8330078e+01
   1.9914890e+06   3.4179688e+01
   1.9926670e+06   6.2744141e+01
   1.9927050e+06   4.7790527e+01
   1.9927760e+06   3.9978027e+01
   1.9927990e+06   3.1188965e+01
   1.9928190e+06   5.8471680e+01
   1.9931110e+06   3.5522461e+01
   1.9932230e+06   4.9621582e+01
   1.9935190e+06   4.3640137e+01
   1.9968210e+06   3.3020020e+01
   1.9978190e+06   3.1250000e+01
   2.0030060e+06   3.2409668e+01
   2.0052650e+06   3.5217285e+01
   2.0071680e+06   3.4729004e+01
   2.0091970e+06   3.3325195e+01
   2.0191370e+06   3.9001465e+01
   2.0204220e+06   4.4006348e+01
   2.0296950e+06   3.1127930e+01
   2.0359800e+06   3.1127930e+01
   2.0364220e+06   3.9184570e+01
   2.0400670e+06   3.2775879e+01
   2.0429650e+06   4.1076660e+01
   2.0461970e+06   3.3142090e+01
   2.0472420e+06   3.4973145e+01
   2.0499770e+06   3.1250000e+01
   2.0507640e+06   3.3935547e+01
   2.0557580e+06   3.5034180e+01
   2.0566370e+06   3.1188965e+01
   2.0591210e+06   5.6518555e+01
   2.0596360e+06   6.9763184e+01
   2.0596550e+06   4.9255371e+01
   2.0596760e+06   9.5520020e+01
   2.0596860e+06   4.6325684e+01
   2.0597120e+06   5.8044434e+01
   2.0597220e+06   3.3020020e+01
   2.0597450e+06   6.3354492e+01
   2.0597820e+06   4.4372559e+01
   2.0598310e+06   3.1921387e+01
   2.0598860e+06   5.4687500e+01
   2.0599770e+06   3.5095215e+01
   2.0600450e+06   5.7128906e+01
   2.0600780e+06   3.7353516e+01
   2.0604360e+06   4.1503906e+01
   2.0689660e+06   3.6499023e+01
   2.0717650e+06   3.5522461e+01
   2.0743090e+06   3.5827637e+01
   2.0813350e+06   3.8085938e+01
   2.0820630e+06   4.0405273e+01
   2.0841890e+06   3.5827637e+01
   2.0850210e+06   3.8635254e+01
   2.0943060e+06   3.8635254e+01
   2.0984180e+06   4.1259766e+01
   2.1016980e+06   3.4912109e+01
   2.1041050e+06   3.1188965e+01
   2.1046720e+06   3.7536621e+01
   2.1120620e+06   3.1188965e+01
   2.1137150e+06   3.6987305e+01
   2.1235490e+06   3.6926270e+01
   2.1258510e+06   3.3203125e+01
   2.1271690e+06   3.1799316e+01
   2.1306450e+06   3.2470703e+01
   2.1322430e+06   4.0649414e+01
   2.1331340e+06   3.5522461e+01
   2.1405980e+06   3.5156250e+01
   2.1412360e+06   3.3325195e+01
   2.1420350e+06   3.1372070e+01
   2.1428640e+06   3.4729004e+01
   2.1450670e+06   3.8024902e+01
   2.1485420e+06   3.4179688e+01
   2.1513160e+06   3.8085938e+01
   2.1524470e+06   3.8635254e+01
   2.1526180e+06   3.5705566e+01
   2.1537690e+06   4.3640137e+01
   2.1584430e+06   3.4240723e+01
   2.1591680e+06   3.1311035e+01
   2.1653590e+06   4.8706055e+01
   2.1657980e+06   4.6691895e+01
   2.1676400e+06   3.6071777e+01
   2.1687110e+06   4.2785645e+01
   2.1769170e+06   3.8635254e+01
   2.1775620e+06   3.6254883e+01
   2.1867470e+06   3.8635254e+01
   2.1930110e+06   3.1372070e+01
   2.1954070e+06   3.9672852e+01
   2.1987710e+06   3.6987305e+01
   2.1991260e+06   5.5603027e+01
   2.1991460e+06   3.1738281e+01
   2.1999260e+06   3.7719727e+01
   2.2063730e+06   3.9001465e+01
   2.2077780e+06   3.8696289e+01
   2.2138240e+06   3.2897949e+01
   2.2245430e+06   3.1921387e+01
   2.2308480e+06   3.1799316e+01
   2.2319910e+06   3.1494141e+01
   2.2321500e+06   5.7189941e+01
   2.2330610e+06   3.2714844e+01
   2.2358450e+06   5.2551270e+01
   2.2432660e+06   3.7353516e+01
   2.2457260e+06   3.5705566e+01
   2.2490080e+06   3.1616211e+01
   2.2528360e+06   4.5776367e+01
   2.2531230e+06   4.6081543e+01
   2.2531480e+06   8.0749512e+01
   2.2533220e+06   7.7758789e+01
   2.2533470e+06   3.1372070e+01
   2.2535030e+06   3.8879395e+01
   2.2536330e+06   3.1921387e+01
   2.2537080e+06   4.4982910e+01
   2.2540410e+06   4.5349121e+01
   2.2543030e+06   4.9499512e+01
   2.2554690e+06   4.6081543e+01
   2.2557960e+06   3.7963867e+01
   2.2558870e+06   4.9011230e+01
   2.2559090e+06   3.5766602e+01
   2.2560390e+06   3.5949707e+01
   2.2561260e+06   3.6926270e+01
   2.2563560e+06   3.7841797e+01
   2.2570900e+06   4.6386719e+01
   2.2578440e+06   4.4250488e+01
   2.2583610e+06   3.4240723e+01
   2.2594540e+06   3.5034180e+01
   2.2598530e+06   3.7780762e+01
   2.2670820e+06   3.4667969e+01
   2.2704830e+06   3.6682129e+01
   2.2718430e+06   4.2541504e+01
   2.2754610e+06   3.3996582e+01
   2.2775940e+06   3.4667969e+01
   2.2814330e+06   3.3264160e+01
   2.2829470e+06   3.7841797e+01
   2.2873480e+06   3.5400391e+01
   2.2887640e+06   3.4118652e+01
   2.2918300e+06   3.2287598e+01
   2.2992570e+06   3.2104492e+01
   2.3007230e+06   3.8696289e+01
   2.3033170e+06   3.8940430e+01
   2.3103920e+06   3.5156250e+01
   2.3108670e+06   4.7668457e+01
   2.3129300e+06   3.4301758e+01
   2.3130830e+06   5.5236816e+01
   2.3180840e+06   4.0588379e+01
   2.3204840e+06   3.1555176e+01
   2.3242430e+06   3.1860352e+01
   2.3253780e+06   3.3691406e+01
   2.3263950e+06   3.2165527e+01
   2.3295770e+06   4.0344238e+01
   2.3353090e+06   4.4982910e+01
   2.3378990e+06   3.2775879e+01
   2.3400070e+06   3.6682129e+01
   2.3412360e+06   5.3161621e+01
   2.3412600e+06   3.8757324e+01
   2.3413210e+06   4.0405273e+01
   2.3413610e+06   3.6499023e+01
   2.3416360e+06   5.4260254e+01
   2.3416970e+06   3.5217285e+01
   2.3418400e+06   4.4921875e+01
   2.3419330e+06   5.9936523e+01
   2.3419710e+06   5.2734375e+01
   2.3423670e+06   4.1503906e+01
   2.3424220e+06   3.3081055e+01
   2.3471440e+06   3.1799316e+01
   2.3483620e+06   3.1372070e+01
   2.3524280e+06   3.4423828e+01
   2.3560850e+06   3.4179688e+01
   2.3568400e+06   3.3813477e+01
   2.3599020e+06   4.3151855e+01
   2.3631070e+06   3.7780762e+01
   2.3659490e+06   4.2968750e+01
   2.3659970e+06   4.0466309e+01
   2.3660200e+06   5.3283691e+01
   2.3660300e+06   4.0893555e+01
   2.3660700e+06   3.1311035e+01
   2.3660810e+06   6.6833496e+01
   2.3661050e+06   3.9733887e+01
   2.3661340e+06   5.4809570e+01
   2.3661720e+06   3.6193848e+01
   2.3664550e+06   3.9123535e+01
   2.3666000e+06   3.3569336e+01
   2.3668950e+06   3.4423828e+01
   2.3671410e+06   3.2775879e+01
   2.3745910e+06   3.6193848e+01
   2.3789290e+06   3.7536621e+01
   2.3827300e+06   3.3386230e+01
   2.4002250e+06   3.1677246e+01
   2.4023160e+06   3.5522461e+01
   2.4055580e+06   3.5095215e+01
   2.4076520e+06   3.6987305e+01
   2.4134400e+06   3.3935547e+01
   2.4151860e+06   3.8940430e+01
   2.4189890e+06   3.5888672e+01
   2.4200710e+06   4.9438477e+01
   2.4202920e+06   5.7983398e+01
   2.4206250e+06   3.7597656e+01
   2.4225770e+06   3.6010742e+01
   2.4249140e+06   3.2409668e+01
   2.4296160e+06   3.7231445e+01
   2.4314720e+06   4.1198730e+01
   2.4322560e+06   3.3996582e+01
   2.4365020e+06   3.5278320e+01
   2.4377700e+06   3.4484863e+01
   2.4408150e+06   5.3466797e+01
   2.4409010e+06   4.5043945e+01
   2.4411380e+06   4.4006348e+01
   2.4411820e+06   3.2836914e+01
   2.4449550e+06   3.1799316e+01
   2.4514330e+06   3.3752441e+01
   2.4536770e+06   3.6315918e+01
   2.4551060e+06   3.2409668e+01
   2.4565680e+06   6.5795898e+01
   2.4566160e+06   6.5979004e+01
   2.4567170e+06   6.1340332e+01
   2.4567740e+06   3.4606934e+01
   2.4570360e+06   4.7058105e+01
   2.4579820e+06   3.4423828e+01
   2.4580400e+06   7.3364258e+01
   2.4662360e+06   3.2409668e+01
   2.4674370e+06   3.4851074e+01
   2.4687190e+06   3.1799316e+01
   2.4716410e+06   3.7597656e+01
   2.4726670e+06   3.7719727e+01
   2.4752910e+06   4.5471191e+01
   2.4775480e+06   3.3569336e+01
   2.4802830e+06   3.4423828e+01
   2.4828770e+06   3.2897949e+01
   2.4849120e+06   4.0649414e+01
   2.4879990e+06   3.1616211e+01
   2.4922460e+06   3.3691406e+01
   2.4940220e+06   3.9978027e+01
   2.5006190e+06   3.2043457e+01
   2.5009650e+06   3.5705566e+01
   2.5042690e+06   3.6254883e+01
   2.5059060e+06   3.1494141e+01
   2.5083110e+06   3.3386230e+01
   2.5168380e+06   3.2348633e+01
   2.5181230e+06   3.3752441e+01
   2.5191960e+06   3.4545898e+01
   2.5224260e+06   4.0100098e+01
   2.5230080e+06   5.6518555e+01
   2.5230720e+06   4.5532227e+01
   2.5231310e+06   4.2785645e+01
   2.5231650e+06   4.5166016e+01
   2.5232290e+06   4.3701172e+01
   2.5232960e+06   4.9743652e+01
   2.5233870e+06   3.4057617e+01
   2.5244660e+06   4.2907715e+01
   2.5250380e+06   4.9377441e+01
   2.5251730e+06   4.6081543e+01
   2.5279850e+06   3.4240723e+01
   2.5294110e+06   3.5400391e+01
   2.5351210e+06   3.4179688e+01
   2.5371480e+06   3.8513184e+01
   2.5383690e+06   3.5644531e+01
   2.5384200e+06   3.9672852e+01
   2.5384320e+06   4.7119141e+01
   2.5385350e+06   4.1748047e+01
   2.5387520e+06   3.3386230e+01
   2.5433280e+06   3.6926270e+01
   2.5455720e+06   4.5837402e+01
   2.5481160e+06   3.6560059e+01
   2.5530890e+06   3.1799316e+01
   2.5635980e+06   3.7658691e+01
   2.5659060e+06   3.1799316e+01
   2.5721820e+06   4.6142578e+01
   2.5722380e+06   8.2214355e+01
   2.5722610e+06   4.3457031e+01
   2.5723630e+06   3.2653809e+01
   2.5723870e+06   4.4494629e+01
   2.5747730e+06   5.0781250e+01
   2.5751770e+06   3.3996582e+01
   2.5752870e+06   3.2043457e+01
   2.5786210e+06   3.3264160e+01
   2.5810240e+06   3.7170410e+01
   2.5826830e+06   3.5522461e+01
   2.5857950e+06   3.6682129e+01
   2.5886740e+06   3.8146973e+01
   2.5913880e+06   3.7109375e+01
   2.5987250e+06   3.3020020e+01
   2.6004370e+06   3.1860352e+01
   2.6037320e+06   3.3569336e+01
   2.6052040e+06   3.8940430e+01
   2.6067040e+06   3.8879395e+01
   2.6078740e+06   3.4362793e+01
   2.6095480e+06   3.9672852e+01
   2.6127110e+06   3.3386230e+01
   2.6157010e+06   3.7231445e+01
   2.6170320e+06   3.5339355e+01
   2.6192720e+06   3.5705566e+01
   2.6268980e+06   3.2226563e+01
   2.6319110e+06   3.7963867e+01
   2.6322920e+06   3.1127930e+01
   2.6344860e+06   3.6560059e+01
   2.6351300e+06   6.5490723e+01
   2.6353830e+06   3.1738281e+01
   2.6361080e+06   3.3813477e+01
   2.6361830e+06   3.4851074e+01
   2.6366140e+06   4.1687012e+01
   2.6367210e+06   3.7841797e+01
   2.6369460e+06   3.5766602e+01
   2.6380900e+06   3.1188965e+01
   2.6394740e+06   3.4484863e+01
   2.6414950e+06   3.3264160e+01
   2.6435870e+06   3.2470703e+01
   2.6455580e+06   3.3996582e+01
   2.6509180e+06   3.3569336e+01
   2.6569840e+06   3.2775879e+01
   2.6591250e+06   4.9743652e+01
   2.6591470e+06   3.4301758e+01
   2.6591710e+06   7.4035645e+01
   2.6591820e+06   3.6621094e+01
   2.6592110e+06   5.4260254e+01
   2.6592230e+06   3.1616211e+01
   2.6592610e+06   4.1564941e+01
   2.6593470e+06   3.4118652e+01
   2.6594140e+06   3.6437988e+01
   2.6594450e+06   6.6162109e+01
   2.6595490e+06   3.6926270e+01
   2.6595770e+06   3.3081055e+01
   2.6598130e+06   3.1921387e+01
   2.6598350e+06   4.3212891e+01
   2.6598950e+06   3.2348633e+01
   2.6626770e+06   3.3264160e+01
   2.6630970e+06   3.5644531e+01
   2.6660180e+06   3.3020020e+01
   2.6751900e+06   3.6315918e+01
   2.6780460e+06   3.3874512e+01
   2.6799710e+06   3.3264160e+01
   2.6914320e+06   3.8513184e+01
   2.6941270e+06   3.6987305e+01
   2.6976480e+06   3.3630371e+01
   2.7064890e+06   3.5705566e+01
   2.7134180e+06   4.7790527e+01
   2.7162410e+06   3.1433105e+01
   2.7197500e+06   5.6091309e+01
   2.7198690e+06   3.2409668e+01
   2.7200070e+06   4.2114258e+01
   2.7230460e+06   3.3142090e+01
   2.7238080e+06   3.4667969e+01
   2.7250060e+06   3.3508301e+01
   2.7273920e+06   3.1799316e+01
   2.7306790e+06   3.2165527e+01
   2.7349680e+06   3.8940430e+01
   2.7411250e+06   3.8940430e+01
   2.7430650e+06   3.5217285e+01
   2.7490100e+06   3.1860352e+01
   2.7604280e+06   3.4240723e+01
   2.7699250e+06   3.2348633e+01
   2.7712910e+06   5.7006836e+01
   2.7744960e+06   3.6254883e+01
   2.7760360e+06   3.3935547e+01
   2.7775240e+06   3.1921387e+01
   2.7825100e+06   3.8879395e+01
   2.7838010e+06   3.1494141e+01
   2.7864930e+06   3.7658691e+01
   2.7923400e+06   3.4912109e+01
   2.7943150e+06   3.1372070e+01
   2.7956390e+06   3.9489746e+01
   2.7987120e+06   3.1494141e+01
   2.8024870e+06   3.8574219e+01
   2.8071210e+06   3.1982422e+01
   2.8076870e+06   3.1250000e+01
   2.8102380e+06   3.2470703e+01
   2.8131900e+06   3.2226563e+01
   2.8190410e+06   3.2226563e+01
   2.8218060e+06   3.6560059e+01
   2.8251690e+06   3.4606934e+01
   2.8263810e+06   3.5156250e+01
   2.8298920e+06   4.4067383e+01
   2.8347000e+06   3.1921387e+01
   2.8415250e+06   4.8828125e+01
   2.8442570e+06   3.3691406e+01
   2.8458650e+06   4.4555664e+01
   2.8479430e+06   7.8918457e+01
   2.8487750e+06   3.2287598e+01
   2.8489020e+06   4.3762207e+01
   2.8493420e+06   3.3569336e+01
   2.8494410e+06   3.6132813e+01
   2.8496170e+06   3.6743164e+01
   2.8496310e+06   3.9733887e+01
   2.8497000e+06   4.8522949e+01
   2.8497540e+06   3.1738281e+01
   2.8498100e+06   3.5827637e+01
   2.8498360e+06   5.4565430e+01
   2.8498520e+06   3.7292480e+01
   2.8499830e+06   3.1799316e+01
   2.8500590e+06   3.3447266e+01
   2.8517110e+06   4.1748047e+01
   2.8522710e+06   3.3325195e+01
   2.8587300e+06   4.3701172e+01
   2.8654550e+06   3.8452148e+01
   2.8696420e+06   3.2226563e+01
   2.8744720e+06   4.1137695e+01
   2.8797730e+06   3.7109375e+01
   2.8852970e+06   3.9550781e+01
   2.8910800e+06   5.4565430e+01
   2.8937680e+06   3.2226563e+01
   2.8999740e+06   4.0161133e+01
   2.9029650e+06   3.2775879e+01
   2.9058820e+06   3.4179688e+01
   2.9071510e+06   3.1982422e+01
   2.9105570e+06   4.2480469e+01
   2.9113290e+06   3.3752441e+01
   2.9205410e+06   3.3264160e+01
   2.9264970e+06   3.1188965e+01
   2.9302060e+06   3.1860352e+01
   2.9331120e+06   3.1250000e+01
   2.9376290e+06   4.8400879e+01
   2.9432620e+06   5.0842285e+01
   2.9434260e+06   4.1503906e+01
   2.9435770e+06   5.2001953e+01
   2.9438570e+06   3.9245605e+01
   2.9441590e+06   5.3039551e+01
   2.9443470e+06   3.1677246e+01
   2.9444850e+06   3.2226563e+01
   2.9445580e+06   3.1555176e+01
   2.9445720e+06   3.9916992e+01
   2.9449790e+06   5.5969238e+01
   2.9454980e+06   3.3264160e+01
   2.9478530e+06   3.1677246e+01
   2.9484590e+06   3.5278320e+01
   2.9597370e+06   4.4189453e+01
   2.9642010e+06   3.7841797e+01
   2.9649570e+06   3.6254883e+01
   2.9719340e+06   3.1494141e+01
   2.9724570e+06   6.8847656e+01
   2.9758730e+06   3.7963867e+01
   2.9777460e+06   3.1921387e+01
   2.9843780e+06   4.0588379e+01
   2.9893520e+06   3.6010742e+01
   2.9917500e+06   3.7719727e+01
   2.9940820e+06   3.2714844e+01
   2.9986190e+06   3.9184570e+01
   3.0016170e+06   3.4606934e+01
   3.0040340e+06   3.6071777e+01
   3.0102630e+06   3.1860352e+01
   3.0190820e+06   3.6926270e+01
   3.0198590e+06   5.3283691e+01
   3.0209660e+06   3.4423828e+01
   3.0210740e+06   8.1298828e+01
   3.0227130e+06   3.5217285e+01
   3.0229420e+06   7.6782227e+01
   3.0230070e+06   5.2978516e+01
   3.0231730e+06   4.2663574e+01
   3.0232200e+06   3.6193848e+01
   3.0233700e+06   3.3508301e+01
   3.0233910e+06   4.2663574e+01
   3.0235880e+06   3.8940430e+01
   3.0235980e+06   4.5104980e+01
   3.0238350e+06   5.2185059e+01
   3.0238980e+06   3.8940430e+01
   3.0240100e+06   3.4423828e+01
   3.0241400e+06   4.5288086e+01
   3.0245360e+06   3.1311035e+01
   3.0319580e+06   3.1555176e+01
   3.0328050e+06   3.3264160e+01
   3.0347330e+06   3.2836914e+01
   3.0367780e+06   3.6071777e+01
   3.0499580e+06   3.7841797e+01
   3.0505890e+06   3.4667969e+01
   3.0515070e+06   4.4677734e+01
   3.0516360e+06   3.3874512e+01
   3.0538730e+06   4.3212891e+01
   3.0540070e+06   6.3415527e+01
   3.0541070e+06   3.3508301e+01
   3.0567700e+06   4.1809082e+01
   3.0576340e+06   3.9489746e+01
   3.0596750e+06   3.3081055e+01
   3.0620590e+06   4.2846680e+01
   3.0624480e+06   3.5461426e+01
   3.0648650e+06   3.3935547e+01
   3.0672740e+06   3.4484863e+01
   3.0678720e+06   3.4667969e+01
   3.0776780e+06   3.4606934e+01
   3.0805230e+06   3.1616211e+01
   3.0849850e+06   3.6499023e+01
   3.0929590e+06   3.4729004e+01
   3.1027940e+06   5.0659180e+01
   3.1044030e+06   3.3386230e+01
   3.1056500e+06   3.3630371e+01
   3.1067790e+06   3.4240723e+01
   3.1133480e+06   3.3569336e+01
   3.1159380e+06   3.3569336e+01
   3.1174490e+06   3.1982422e+01
   3.1212950e+06   3.7109375e+01
   3.1253570e+06   3.1860352e+01
   3.1273050e+06   3.3020020e+01
   3.1305110e+06   5.4626465e+01
   3.1327740e+06   3.4240723e+01
   3.1398010e+06   3.3569336e+01
   3.1409430e+06   3.2348633e+01
   3.1443000e+06   3.3020020e+01
   3.1455500e+06   4.0771484e+01
   3.1489560e+06   3.4606934e+01
   3.1510570e+06   3.4973145e+01
   3.1546320e+06   5.2673340e+01
   3.1564870e+06   4.9316406e+01
   3.1577630e+06   4.2358398e+01
   3.1674310e+06   3.2104492e+01
   3.1677670e+06   1.0229492e+02
   3.1678700e+06   4.1442871e+01
   3.1679630e+06   3.8696289e+01
   3.1680050e+06   4.2236328e+01
   3.1682080e+06   3.5217285e+01
   3.1684530e+06   4.3395996e+01
   3.1686020e+06   3.1616211e+01
   3.1686980e+06   3.3264160e+01
   3.1688410e+06   3.7353516e+01
   3.1692540e+06   3.9489746e+01
   3.1701600e+06   4.2846680e+01
   3.1707630e+06   3.3508301e+01
   3.1708270e+06   3.2470703e+01
   3.1745570e+06   3.4790039e+01
   3.1764830e+06   3.1250000e+01
   3.1787930e+06   3.6376953e+01
   3.1799400e+06   3.9428711e+01
   3.1827980e+06   3.3142090e+01
   3.1905920e+06   3.3630371e+01
   3.1968620e+06   4.3212891e+01
   3.2014240e+06   4.0710449e+01
   3.2089370e+06   4.7119141e+01
   3.2124360e+06   3.7841797e+01
   3.2141740e+06   5.5664063e+01
   3.2144390e+06   3.5583496e+01
   3.2144500e+06   4.0954590e+01
   3.2179620e+06   3.2653809e+01
   3.2198070e+06   3.2714844e+01
   3.2239060e+06   5.6213379e+01
   3.2251950e+06   3.2104492e+01
   3.2270530e+06   4.6264648e+01
   3.2292590e+06   3.3081055e+01
   3.2325200e+06   3.6315918e+01
   3.2338100e+06   3.5949707e+01
   3.2345290e+06   4.0466309e+01
   3.2360910e+06   3.1555176e+01
   3.2424850e+06   3.2104492e+01
   3.2450420e+06   3.3813477e+01
   3.2490040e+06   3.3203125e+01
   3.2535640e+06   3.3325195e+01
   3.2545100e+06   3.1799316e+01
   3.2555050e+06   4.5227051e+01
   3.2566090e+06   4.2358398e+01
   3.2651560e+06   3.4301758e+01
   3.2666470e+06   3.2470703e+01
   3.2686710e+06   3.6193848e+01
   3.2727300e+06   3.3203125e+01
   3.2779100e+06   3.2592773e+01
   3.2789980e+06   3.2653809e+01
   3.2860520e+06   3.5156250e+01
   3.2867270e+06   3.3874512e+01
   3.2875260e+06   3.2653809e+01
   3.2901240e+06   3.3264160e+01
   3.2924150e+06   3.2287598e+01
   3.2933760e+06   3.8757324e+01
   3.2943850e+06   3.4973145e+01
   3.2976460e+06   3.2531738e+01
   3.3020280e+06   4.2358398e+01
   3.3142070e+06   5.1818848e+01
   3.3171380e+06   3.3142090e+01
   3.3227670e+06   3.5217285e+01
   3.3263950e+06   3.2897949e+01
   3.3293190e+06   3.7902832e+01
   3.3327440e+06   3.9489746e+01
   3.3362780e+06   3.1616211e+01
   3.3437180e+06   3.7536621e+01
   3.3452820e+06   3.1433105e+01
   3.3476490e+06   4.9377441e+01
   3.3476920e+06   5.9448242e+01
   3.3477100e+06   4.2541504e+01
   3.3477370e+06   3.9855957e+01
   3.3477570e+06   3.6682129e+01
   3.3477790e+06   4.6081543e+01
   3.3478630e+06   3.3813477e+01
   3.3478960e+06   3.5827637e+01
   3.3479400e+06   3.6499023e+01
   3.3479620e+06   3.7109375e+01
   3.3479970e+06   3.5156250e+01
   3.3504890e+06   4.1748047e+01
   3.3515500e+06   3.8330078e+01
   3.3519890e+06   3.1799316e+01
   3.3553060e+06   3.4240723e+01
   3.3565210e+06   3.6804199e+01
   3.3709290e+06   3.8452148e+01
   3.3723240e+06   3.6926270e+01
   3.3746100e+06   3.6499023e+01
   3.3768030e+06   3.2775879e+01
   3.3781480e+06   4.0527344e+01
   3.3795960e+06   3.1433105e+01
   3.3894260e+06   3.4851074e+01
   3.3898080e+06   3.4545898e+01
   3.3916280e+06   3.3142090e+01
   3.3927630e+06   3.3264160e+01
   3.3937200e+06   3.5156250e+01
   3.4050610e+06   3.1616211e+01
   3.4070220e+06   3.5949707e+01
   3.4097140e+06   3.1372070e+01
   3.4107450e+06   3.6987305e+01
   3.4114240e+06   3.5888672e+01
   3.4163560e+06   5.3894043e+01
   3.4163890e+06   3.8391113e+01
   3.4170860e+06   3.3264160e+01
   3.4187260e+06   3.6376953e+01
   3.4202910e+06   3.4301758e+01
   3.4217220e+06   3.1372070e+01
   3.4255110e+06   3.8269043e+01
   3.4265940e+06   3.6499023e+01
   3.4288720e+06   6.3171387e+01
   3.4314920e+06   3.7353516e+01
   3.4333770e+06   3.3020020e+01
   3.4355710e+06   3.5766602e+01
   3.4374210e+06   4.1381836e+01
   3.4431750e+06   3.8635254e+01
   3.4481020e+06   3.8269043e+01
   3.4538250e+06   3.3264160e+01
   3.4559720e+06   3.2287598e+01
   3.4604120e+06   3.4484863e+01
   3.4631700e+06   3.1799316e+01
   3.4634060e+06   3.9367676e+01
   3.4648960e+06   3.9611816e+01
   3.4694490e+06   3.2287598e+01
   3.4710130e+06   3.5217285e+01
   3.4797940e+06   3.2592773e+01
   3.4832250e+06   6.2133789e+01
   3.4832500e+06   3.7048340e+01
   3.4832630e+06   3.4606934e+01
   3.4832830e+06   6.1096191e+01
   3.4832940e+06   5.1940918e+01
   3.4833280e+06   5.3466797e+01
   3.4833530e+06   3.7963867e+01
   3.4833910e+06   5.3588867e+01
   3.4834150e+06   3.4851074e+01
   3.4834570e+06   3.1982422e+01
   3.4834790e+06   3.1982422e+01
   3.4835310e+06   3.2897949e+01
   3.4835670e+06   6.2683105e+01
   3.4837200e+06   3.4484863e+01
   3.4863730e+06   3.2897949e+01
   3.4935380e+06   3.1555176e+01
   3.4953650e+06   3.2287598e+01
   3.4982100e+06   3.2775879e+01
   3.5113400e+06   3.7414551e+01
   3.5126400e+06   3.5583496e+01
   3.5141850e+06   3.9245605e+01
   3.5146160e+06   3.5095215e+01
   3.5163050e+06   3.7170410e+01
   3.5176750e+06   3.1494141e+01
   3.5238890e+06   5.6396484e+01
   3.5246510e+06   4.2724609e+01
   3.5328080e+06   3.1494141e+01
   3.5351660e+06   3.2043457e+01
   3.5368510e+06   3.3752441e+01
   3.5383610e+06   4.2419434e+01
   3.5396720e+06   4.1687012e+01
   3.5483140e+06   3.8757324e+01
   3.5500660e+06   3.2287598e+01
   3.5510210e+06   3.3264160e+01
   3.5521980e+06   4.0222168e+01
   3.5540840e+06   3.2958984e+01
   3.5603630e+06   3.4484863e+01
   3.5633440e+06   3.8513184e+01
   3.5683750e+06   3.1860352e+01
   3.5799420e+06   3.8269043e+01
   3.5837760e+06   3.1860352e+01
   3.5844990e+06   3.1372070e+01
   3.5916630e+06   4.1748047e+01
   3.5922590e+06   3.4057617e+01
   3.5942950e+06   6.0607910e+01
   3.5943200e+06   3.7353516e+01
   3.5943340e+06   6.9641113e+01
   3.5943550e+06   5.1635742e+01
   3.5943800e+06   5.4443359e+01
   3.5943930e+06   6.3720703e+01
   3.5944200e+06   3.9611816e+01
   3.5944460e+06   5.5114746e+01
   3.5944770e+06   3.3813477e+01
   3.5945470e+06   3.7658691e+01
   3.5946060e+06   3.3447266e+01
   3.5946160e+06   4.6508789e+01
   3.5946850e+06   5.5969238e+01
   3.5947400e+06   3.4179688e+01
   3.5948260e+06   3.4545898e+01
   3.5949640e+06   3.2470703e+01
   3.5952530e+06   4.4921875e+01
   3.6111810e+06   3.5278320e+01
   3.6148010e+06   3.3874512e+01
   3.6164270e+06   3.5705566e+01
   3.6177890e+06   3.9062500e+01
   3.6192910e+06   3.1738281e+01
   3.6234410e+06   3.7475586e+01
   3.6373300e+06   3.1372070e+01
   3.6447890e+06   3.1860352e+01
   3.6449470e+06   3.2043457e+01
   3.6473960e+06   3.5339355e+01
   3.6531650e+06   3.1860352e+01
   3.6584830e+06   3.1494141e+01
   3.6597580e+06   3.2043457e+01
   3.6608820e+06   3.2470703e+01
   3.6632630e+06   4.1137695e+01
   3.6683050e+06   3.6499023e+01
   3.6698000e+06   3.1311035e+01
   3.6726600e+06   3.5217285e+01
   3.6757500e+06   3.5705566e+01
   3.6765550e+06   5.7739258e+01
   3.6765940e+06   5.4199219e+01
   3.6766180e+06   3.3264160e+01
   3.6766310e+06   3.8024902e+01
   3.6766610e+06   4.8950195e+01
   3.6766770e+06   4.5898438e+01
   3.6767160e+06   3.4057617e+01
   3.6767410e+06   6.0058594e+01
   3.6767940e+06   3.2653809e+01
   3.6768480e+06   3.4057617e+01
   3.6768750e+06   3.3020020e+01
   3.6769320e+06   3.2165527e+01
   3.6769550e+06   6.4453125e+01
   3.6770690e+06   3.5705566e+01
   3.6771260e+06   3.6743164e+01
   3.6773240e+06   3.3142090e+01
   3.6773760e+06   3.2714844e+01
   3.6777050e+06   3.5400391e+01
   3.6804870e+06   3.6132813e+01
   3.6824890e+06   3.2653809e+01
   3.6856340e+06   3.5766602e+01
   3.6904000e+06   4.0222168e+01
   3.6964280e+06   3.3996582e+01
   3.6979140e+06   3.4606934e+01
   3.7037870e+06   3.3264160e+01
   3.7057810e+06   3.3447266e+01
   3.7114450e+06   3.3020020e+01
   3.7169220e+06   3.8879395e+01
   3.7195520e+06   3.4301758e+01
   3.7229920e+06   5.0476074e+01
   3.7230230e+06   3.4057617e+01
   3.7231920e+06   5.1940918e+01
   3.7232070e+06   3.4545898e+01
   3.7241120e+06   3.3874512e+01
   3.7253000e+06   3.4179688e+01
   3.7254480e+06   3.4912109e+01
   3.7254820e+06   6.3415527e+01
   3.7255090e+06   4.9804688e+01
   3.7255610e+06   4.4738770e+01
   3.7256080e+06   3.8696289e+01
   3.7266660e+06   4.5715332e+01
   3.7283480e+06   3.8085938e+01
   3.7326590e+06   4.1870117e+01
   3.7416950e+06   3.3691406e+01
   3.7432440e+06   3.4729004e+01
   3.7456250e+06   3.4729004e+01
   3.7524770e+06   3.1433105e+01
   3.7575670e+06   3.6804199e+01
   3.7584160e+06   3.5827637e+01
   3.7598310e+06   3.3569336e+01
   3.7607020e+06   5.4931641e+01
   3.7610650e+06   5.5664062e+01
   3.7615170e+06   4.4921875e+01
   3.7623930e+06   4.2053223e+01
   3.7648630e+06   3.9855957e+01
   3.7724680e+06   3.5034180e+01
   3.7731390e+06   4.2419434e+01
   3.7771690e+06   3.2348633e+01
   3.7783260e+06   4.7851563e+01
   3.7784180e+06   5.0170898e+01
   3.7785720e+06   3.5644531e+01
   3.7786010e+06   4.9255371e+01
   3.7814060e+06   3.2287598e+01
   3.7835050e+06   3.8879395e+01
   3.7849050e+06   3.4790039e+01
   3.7858630e+06   3.5583496e+01
   3.7871230e+06   3.2531738e+01
   3.7905650e+06   3.3508301e+01
   3.7906190e+06   9.3017578e+01
   3.7906320e+06   4.5043945e+01
   3.7907170e+06   4.4372559e+01
   3.7907590e+06   3.2470703e+01
   3.7907830e+06   3.8879395e+01
   3.7908760e+06   3.7841797e+01
   3.7909360e+06   3.1799316e+01
   3.7912250e+06   4.8767090e+01
   3.7914410e+06   4.1381836e+01
   3.7917410e+06   3.2226563e+01
   3.7991650e+06   3.7841797e+01
   3.7998740e+06   3.2714844e+01
   3.8004670e+06   3.6010742e+01
   3.8064080e+06   3.2287598e+01
   3.8094370e+06   3.6682129e+01
   3.8113150e+06   3.2226563e+01
   3.8155450e+06   3.2226563e+01
   3.8234170e+06   3.1982422e+01
   3.8260260e+06   3.4301758e+01
   3.8287320e+06   3.9489746e+01
   3.8304990e+06   3.1677246e+01
   3.8318300e+06   3.2775879e+01
   3.8346160e+06   3.2165527e+01
   3.8393300e+06   3.3874512e+01
   3.8428340e+06   3.4179688e+01
   3.8452790e+06   4.1503906e+01
   3.8538740e+06   3.3264160e+01
   3.8545100e+06   3.2287598e+01
   3.8563000e+06   5.6396484e+01
   3.8571320e+06   4.2236328e+01
   3.8654890e+06   3.5034180e+01
   3.8681710e+06   3.1616211e+01
   3.8704990e+06   3.2775879e+01
   3.8714790e+06   3.3020020e+01
   3.8761780e+06   3.3264160e+01
   3.8811130e+06   3.7841797e+01
   3.8869940e+06   3.9550781e+01
   3.8892350e+06   3.1921387e+01
   3.8935550e+06   5.2795410e+01
   3.8936060e+06   3.6560059e+01
   3.8936240e+06   5.7373047e+01
   3.8936420e+06   4.7607422e+01
   3.8936680e+06   3.3752441e+01
   3.8937020e+06   3.4362793e+01
   3.8937250e+06   4.2541504e+01
   3.8937600e+06   4.4677734e+01
   3.8937720e+06   3.5949707e+01
   3.8938620e+06   3.3996582e+01
   3.8938890e+06   3.4118652e+01
   3.8939040e+06   6.4086914e+01
   3.8939390e+06   3.6010742e+01
   3.8940900e+06   3.4790039e+01
   3.8941620e+06   3.6865234e+01
   3.8943820e+06   3.1250000e+01
   3.8945780e+06   3.2226563e+01
   3.9085480e+06   4.2175293e+01
   3.9124690e+06   3.2531738e+01
   3.9147840e+06   3.3386230e+01
   3.9171510e+06   3.1555176e+01
   3.9214270e+06   3.9611816e+01
   3.9225580e+06   3.5217285e+01
   3.9313660e+06   3.2226563e+01
   3.9331560e+06   3.2714844e+01
   3.9349200e+06   4.0649414e+01
   3.9366770e+06   3.7658691e+01
   3.9393570e+06   3.1311035e+01
   3.9463120e+06   3.7597656e+01
   3.9485740e+06   3.9184570e+01
   3.9514260e+06   3.3813477e+01
   3.9553010e+06   3.3447266e+01
   3.9587970e+06   3.1738281e+01
   3.9607220e+06   3.4606934e+01
   3.9621090e+06   4.2175293e+01
   3.9623460e+06   4.2846680e+01
   3.9623680e+06   7.4462891e+01
   3.9644990e+06   3.4912109e+01
   3.9693350e+06   3.7292480e+01
   3.9700220e+06   3.1738281e+01
   3.9701390e+06   5.4016113e+01
   3.9701580e+06   3.9550781e+01
   3.9708400e+06   5.6579590e+01
   3.9708680e+06   4.1564941e+01
   3.9708780e+06   4.2785645e+01
   3.9709170e+06   3.6376953e+01
   3.9709510e+06   5.5114746e+01
   3.9709970e+06   5.0109863e+01
   3.9710300e+06   3.6254883e+01
   3.9711260e+06   5.0598145e+01
   3.9712410e+06   3.3264160e+01
   3.9716740e+06   3.4606934e+01
   3.9771400e+06   3.3264160e+01
   3.9792900e+06   3.7597656e+01
   3.9843250e+06   3.2592773e+01
   3.9871720e+06   3.2592773e+01
   3.9906420e+06   3.2226563e+01
   3.9922510e+06   3.3691406e+01
   3.9936990e+06   3.2714844e+01
   4.0024810e+06   3.6743164e+01
   4.0042700e+06   3.1616211e+01
   4.0072740e+06   3.4179688e+01
   4.0110710e+06   3.6376953e+01
   4.0135950e+06   3.3996582e+01
   4.0157850e+06   3.3996582e+01
   4.0184540e+06   3.3569336e+01
   4.0210380e+06   3.1250000e+01
   4.0252350e+06   3.4790039e+01
   4.0302900e+06   3.8391113e+01
   4.0322720e+06   3.1982422e+01
   4.0337670e+06   3.2348633e+01
   4.0386110e+06   3.2348633e+01
   4.0473890e+06   3.4606934e+01
   4.0487220e+06   3.9611816e+01
   4.0527190e+06   4.8217773e+01
   4.0528440e+06   6.2622070e+01
   4.0550840e+06   5.0659180e+01
   4.0567920e+06   4.1137695e+01
   4.0618200e+06   3.1494141e+01
   4.0644200e+06   3.4240723e+01
   4.0671650e+06   3.1555176e+01
   4.0693930e+06   3.3081055e+01
   4.0767890e+06   3.4606934e+01
   4.0799810e+06   3.7292480e+01
   4.0843960e+06   3.4057617e+01
   4.0860330e+06   3.3325195e+01
   4.0870970e+06   3.1982422e+01
   4.0908020e+06   3.1616211e+01
   4.0915860e+06   3.1860352e+01
   4.0964900e+06   3.5766602e+01
   4.0999710e+06   3.1616211e+01
   4.1009090e+06   3.2897949e+01
   4.1016030e+06   3.2165527e+01
   4.1053990e+06   3.6071777e+01
   4.1102890e+06   3.7109375e+01
   4.1109240e+06   3.4729004e+01
   4.1142550e+06   4.0527344e+01
   4.1187840e+06   4.3334961e+01
   4.1219090e+06   3.3325195e+01
   4.1220880e+06   4.1870117e+01
   4.1221190e+06   4.5410156e+01
   4.1222710e+06   3.4362793e+01
   4.1224960e+06   3.1799316e+01
   4.1225630e+06   6.8420410e+01
   4.1225830e+06   3.8330078e+01
   4.1227780e+06   3.3264160e+01
   4.1230060e+06   5.3771973e+01
   4.1233290e+06   4.3762207e+01
   4.1237920e+06   4.9072266e+01
   4.1243420e+06   3.1982422e+01
   4.1244510e+06   3.6010742e+01
   4.1245070e+06   4.0222168e+01
   4.1245740e+06   3.4423828e+01
   4.1245970e+06   5.1208496e+01
   4.1247230e+06   3.9062500e+01
   4.1250030e+06   3.1372070e+01
   4.1251380e+06   3.2775879e+01
   4.1251940e+06   3.8574219e+01
   4.1252330e+06   3.3264160e+01
   4.1265300e+06   3.1616211e+01
   4.1417590e+06   3.5888672e+01
   4.1447340e+06   3.4606934e+01
   4.1457050e+06   4.1320801e+01
   4.1654920e+06   3.4545898e+01
   4.1679850e+06   3.6621094e+01
   4.1742940e+06   3.2653809e+01
   4.1753330e+06   3.2104492e+01
   4.1835260e+06   3.6315918e+01
   4.1854050e+06   3.4118652e+01
   4.1867080e+06   3.3264160e+01
   4.1899920e+06   3.4484863e+01
   4.1937990e+06   3.2653809e+01
   4.1977110e+06   3.4423828e+01
   4.2056810e+06   3.4057617e+01
   4.2101520e+06   3.4545898e+01
   4.2149010e+06   5.0537109e+01
   4.2149430e+06   3.2836914e+01
   4.2150100e+06   3.9916992e+01
   4.2150880e+06   4.7912598e+01
   4.2151200e+06   6.1645508e+01
   4.2158130e+06   7.5927734e+01
   4.2160690e+06   3.2104492e+01
   4.2161940e+06   3.7353516e+01
   4.2162610e+06   4.1259766e+01
   4.2175780e+06   4.3090820e+01
   4.2186410e+06   3.9245605e+01
   4.2213390e+06   3.2165527e+01
   4.2223770e+06   3.4973145e+01
   4.2292310e+06   3.6010742e+01
   4.2339090e+06   3.2836914e+01
   4.2379550e+06   3.6987305e+01
   4.2402010e+06   3.6865234e+01
   4.2414820e+06   3.2653809e+01
   4.2443840e+06   3.6499023e+01
   4.2465930e+06   3.5461426e+01
   4.2471290e+06   3.1616211e+01
   4.2515290e+06   3.1799316e+01
   4.2529320e+06   3.4606934e+01
   4.2541100e+06   3.8330078e+01
   4.2548720e+06   3.9916992e+01
   4.2559160e+06   3.5095215e+01
   4.2576510e+06   3.1799316e+01
   4.2614520e+06   3.3203125e+01
   4.2626380e+06   3.1433105e+01
   4.2652690e+06   3.2043457e+01
   4.2687120e+06   3.2714844e+01
   4.2701100e+06   3.4301758e+01
   4.2763250e+06   4.3212891e+01
   4.2769070e+06   3.9123535e+01
   4.2816880e+06   3.3752441e+01
   4.2846820e+06   3.5034180e+01
   4.2870650e+06   3.5339355e+01
   4.2884680e+06   4.7180176e+01
   4.2885040e+06   3.5766602e+01
   4.2885150e+06   6.3171387e+01
   4.2885460e+06   7.6171875e+01
   4.2885680e+06   6.3720703e+01
   4.2885940e+06   3.3142090e+01
   4.2886230e+06   3.2409668e+01
   4.2887100e+06   3.2653809e+01
   4.2887390e+06   4.0527344e+01
   4.2888490e+06   3.5705566e+01
   4.2890260e+06   3.1921387e+01
   4.2974010e+06   3.1616211e+01
   4.3079610e+06   3.8330078e+01
   4.3096180e+06   3.6987305e+01
   4.3107950e+06   3.1555176e+01
   4.3168720e+06   3.2775879e+01
   4.3245970e+06   3.2165527e+01
   4.3268740e+06   4.0283203e+01
   4.3310770e+06   3.6010742e+01
   4.3342030e+06   3.5522461e+01
   4.3350980e+06   3.1921387e+01
   4.3408370e+06   4.0832520e+01
   4.3471290e+06   3.8696289e+01
   4.3482790e+06   3.9733887e+01
   4.3535910e+06   3.5888672e+01
   4.3612420e+06   3.3142090e+01
   4.3650600e+06   3.2897949e+01
   4.3666790e+06   3.2470703e+01
   4.3685770e+06   3.1860352e+01
   4.3716550e+06   3.2348633e+01
   4.3727440e+06   3.2348633e+01
   4.3745470e+06   3.3264160e+01
   4.3786030e+06   3.3874512e+01
   4.3808510e+06   3.8146973e+01
   4.3808880e+06   3.8818359e+01
   4.3809110e+06   4.2236328e+01
   4.3809400e+06   7.5927734e+01
   4.3809530e+06   5.6579590e+01
   4.3809750e+06   3.1433105e+01
   4.3809940e+06   5.6518555e+01
   4.3810080e+06   3.2531738e+01
   4.3810360e+06   6.1096191e+01
   4.3810600e+06   3.3020020e+01
   4.3810760e+06   3.5949707e+01
   4.3811600e+06   3.9733887e+01
   4.3812040e+06   3.9611816e+01
   4.3813540e+06   3.6621094e+01
   4.3813730e+06   3.4606934e+01
   4.3814650e+06   3.1616211e+01
   4.3831270e+06   3.1738281e+01
   4.3838420e+06   3.5339355e+01
   4.4048110e+06   3.1311035e+01
   4.4096750e+06   3.1860352e+01
   4.4104540e+06   3.1860352e+01
   4.4137030e+06   3.6560059e+01
   4.4164880e+06   4.2114258e+01
   4.4242850e+06   3.1555176e+01
   4.4303820e+06   4.2541504e+01
   4.4338630e+06   3.1921387e+01
   4.4340960e+06   5.2612305e+01
   4.4345130e+06   3.6376953e+01
   4.4352170e+06   4.2968750e+01
   4.4412060e+06   3.1372070e+01
   4.4446840e+06   3.2714844e+01
   4.4486100e+06   3.2409668e+01
   4.4504770e+06   3.2714844e+01
   4.4522360e+06   3.2287598e+01
   4.4543080e+06   3.3386230e+01
   4.4562290e+06   5.6884766e+01
   4.4600250e+06   3.2897949e+01
   4.4640320e+06   3.4973145e+01
   4.4715060e+06   3.5949707e+01
   4.4729390e+06   3.1555176e+01
   4.4812000e+06   5.0476074e+01
   4.4830420e+06   3.5278320e+01
   4.4861070e+06   3.6010742e+01
   4.4902290e+06   3.3874512e+01
   4.4941490e+06   4.1320801e+01
   4.5032920e+06   3.3142090e+01
   4.5053130e+06   3.7780762e+01
   4.5094090e+06   3.3447266e+01
   4.5123070e+06   3.2531738e+01
   4.5142960e+06   4.8583984e+01
   4.5143390e+06   5.2978516e+01
   4.5145900e+06   4.6447754e+01
   4.5147530e+06   4.1259766e+01
   4.5147970e+06   4.3762207e+01
   4.5150070e+06   5.4748535e+01
   4.5151650e+06   4.2236328e+01
   4.5152650e+06   3.4912109e+01
   4.5175950e+06   4.3273926e+01
   4.5176570e+06   6.7260742e+01
   4.5176750e+06   3.5583496e+01
   4.5177270e+06   3.5644531e+01
   4.5177860e+06   4.2541504e+01
   4.5178040e+06   5.0537109e+01
   4.5179020e+06   3.3264160e+01
   4.5179800e+06   3.5461426e+01
   4.5180390e+06   3.3203125e+01
   4.5180770e+06   3.4423828e+01
   4.5181190e+06   3.2836914e+01
   4.5181870e+06   4.2846680e+01
   4.5182590e+06   3.2165527e+01
   4.5183060e+06   3.1250000e+01
   4.5183260e+06   4.1931152e+01
   4.5184480e+06   4.1259766e+01
   4.5187510e+06   4.1687012e+01
   4.5192500e+06   3.1799316e+01
   4.5200360e+06   3.4301758e+01
   4.5205460e+06   3.5034180e+01
   4.5207390e+06   3.8574219e+01
   4.5209060e+06   4.1259766e+01
   4.5275840e+06   3.1433105e+01
   4.5363080e+06   4.2297363e+01
   4.5523770e+06   3.4484863e+01
   4.5534890e+06   3.2165527e+01
   4.5540980e+06   3.2104492e+01
   4.5589630e+06   4.1748047e+01
   4.5616880e+06   3.2470703e+01
   4.5673960e+06   4.1503906e+01
   4.5683630e+06   3.6254883e+01
   4.5727520e+06   3.9428711e+01
   4.5794790e+06   3.1860352e+01
   4.5801070e+06   3.7048340e+01
   4.5864850e+06   3.3325195e+01
   4.5884380e+06   3.1677246e+01
   4.5935130e+06   3.2653809e+01
   4.6003190e+06   3.6865234e+01
   4.6025200e+06   3.6071777e+01
   4.6035820e+06   4.1625977e+01
   4.6068070e+06   3.4545898e+01
   4.6092310e+06   3.4362793e+01
   4.6102860e+06   3.6804199e+01
   4.6140970e+06   3.3447266e+01
   4.6168660e+06   3.1311035e+01
   4.6180710e+06   3.7780762e+01
   4.6196110e+06   4.0710449e+01
   4.6233200e+06   3.6499023e+01
   4.6257000e+06   5.1269531e+01
   4.6263810e+06   3.4057617e+01
   4.6294190e+06   3.3508301e+01
   4.6330030e+06   3.7597656e+01
   4.6372980e+06   3.5217285e+01
   4.6392650e+06   3.4301758e+01
   4.6432080e+06   3.1616211e+01
   4.6456360e+06   3.5461426e+01
   4.6463850e+06   3.3386230e+01
   4.6485410e+06   3.2775879e+01
   4.6549750e+06   4.3823242e+01
   4.6566040e+06   3.2165527e+01
   4.6573940e+06   3.2165527e+01
   4.6602920e+06   3.2287598e+01
   4.6612800e+06   3.5034180e+01
   4.6689520e+06   4.1015625e+01
   4.6710830e+06   3.7170410e+01
   4.6762640e+06   5.4443359e+01
   4.6768540e+06   3.7902832e+01
   4.6791290e+06   3.6987305e+01
   4.6802180e+06   6.0363770e+01
   4.6838490e+06   3.3081055e+01
   4.6868270e+06   3.6682129e+01
   4.6927750e+06   3.2836914e+01
   4.6979050e+06   4.1442871e+01
   4.7054520e+06   4.3579102e+01
   4.7057440e+06   3.3020020e+01
   4.7073420e+06   3.4790039e+01
   4.7090290e+06   3.1799316e+01
   4.7105020e+06   3.2836914e+01
   4.7133770e+06   3.9367676e+01
   4.7135500e+06   3.2592773e+01
   4.7135870e+06   5.1330566e+01
   4.7139540e+06   3.5522461e+01
   4.7140790e+06   6.3232422e+01
   4.7210980e+06   3.3447266e+01
   4.7211100e+06   4.3945313e+01
   4.7212150e+06   4.9377441e+01
   4.7214670e+06   4.8095703e+01
   4.7221770e+06   3.1921387e+01
   4.7224100e+06   4.9011230e+01
   4.7226750e+06   3.2775879e+01
   4.7227910e+06   5.1391602e+01
   4.7258080e+06   3.1677246e+01
   4.7282550e+06   3.2226563e+01
   4.7297630e+06   3.5095215e+01
   4.7311780e+06   3.4118652e+01
   4.7325800e+06   3.7048340e+01
   4.7357240e+06   3.6865234e+01
   4.7426660e+06   3.6010742e+01
   4.7541650e+06   3.1250000e+01
   4.7562300e+06   3.1982422e+01
   4.7597150e+06   4.0771484e+01
   4.7632470e+06   3.9672852e+01
   4.7679680e+06   3.3874512e+01
   4.7730020e+06   3.3203125e+01
   4.7758050e+06   4.0466309e+01
   4.7784190e+06   3.1433105e+01
   4.7784310e+06   6.4453125e+01
   4.7788220e+06   5.9509277e+01
   4.7811140e+06   3.2958984e+01
   4.7834430e+06   4.6203613e+01
   4.7835290e+06   3.2348633e+01
   4.7835650e+06   3.4423828e+01
   4.7836400e+06   4.3090820e+01
   4.7837160e+06   3.1616211e+01
   4.7840740e+06   4.7058105e+01
   4.7854630e+06   4.6203613e+01
   4.7855300e+06   3.5400391e+01
   4.7875940e+06   3.4484863e+01
   4.7995010e+06   3.5278320e+01
   4.8003730e+06   3.3142090e+01
   4.8082360e+06   3.5949707e+01
   4.8132400e+06   3.1921387e+01
   4.8144360e+06   4.6447754e+01
   4.8152490e+06   3.1433105e+01
   4.8174750e+06   3.2653809e+01
   4.8184840e+06   3.3264160e+01
   4.8223830e+06   3.1982422e+01
   4.8233600e+06   3.6621094e+01
   4.8245790e+06   3.3508301e+01
   4.8281320e+06   3.1860352e+01
   4.8293400e+06   6.9580078e+01
   4.8293960e+06   5.0170898e+01
   4.8300590e+06   4.1625977e+01
   4.8302310e+06   4.4311523e+01
   4.8338540e+06   3.4484863e+01
   4.8362090e+06   3.2714844e+01
   4.8391970e+06   3.6071777e+01
   4.8397130e+06   3.9611816e+01
   4.8467450e+06   4.1687012e+01
   4.8501520e+06   3.8696289e+01
   4.8516720e+06   4.4189453e+01
   4.8529160e+06   3.7475586e+01
   4.8575850e+06   3.4179688e+01
   4.8586910e+06   3.2714844e+01
   4.8597260e+06   3.3874512e+01
   4.8629260e+06   3.1738281e+01
   4.8645080e+06   4.0954590e+01
   4.8645490e+06   6.6528320e+01
   4.8645820e+06   4.3823242e+01
   4.8647170e+06   3.4301758e+01
   4.8648080e+06   5.3955078e+01
   4.8650270e+06   4.3945313e+01
   4.8653020e+06   5.6152344e+01
   4.8655520e+06   4.9377441e+01
   4.8657240e+06   3.3508301e+01
   4.8659780e+06   3.1860352e+01
   4.8659910e+06   4.5104980e+01
   4.8660970e+06   3.7353516e+01
   4.8661540e+06   3.9550781e+01
   4.8661670e+06   3.7841797e+01
   4.8662240e+06   3.1311035e+01
   4.8664860e+06   3.9306641e+01
   4.8666240e+06   3.5461426e+01
   4.8668040e+06   3.8574219e+01
   4.8700330e+06   3.2897949e+01
   4.8723970e+06   3.7963867e+01
   4.8798620e+06   3.2470703e+01
   4.8813660e+06   3.5278320e+01
   4.8849840e+06   3.2897949e+01
   4.8866440e+06   3.1250000e+01
   4.8885840e+06   4.0954590e+01
   4.8952210e+06   3.9123535e+01
   4.9027230e+06   3.1433105e+01
   4.9040360e+06   3.8879395e+01
   4.9047150e+06   3.3020020e+01
   4.9058020e+06   3.5400391e+01
   4.9092380e+06   3.2531738e+01
   4.9145700e+06   3.9916992e+01
   4.9162970e+06   3.3569336e+01
   4.9167710e+06   3.2897949e+01
   4.9178670e+06   3.4729004e+01
   4.9250750e+06   3.2836914e+01
   4.9262350e+06   3.5400391e+01
   4.9329130e+06   3.2226563e+01
   4.9360810e+06   3.5034180e+01
   4.9372530e+06   3.2531738e+01
   4.9380420e+06   3.3081055e+01
   4.9383590e+06   3.2470703e+01
   4.9437450e+06   3.2409668e+01
   4.9464510e+06   3.3386230e+01
   4.9495000e+06   3.9001465e+01
   4.9525310e+06   3.2592773e+01
   4.9619590e+06   3.1677246e+01
   4.9630990e+06   3.2531738e+01
   4.9643520e+06   3.6499023e+01
   4.9675900e+06   3.2592773e+01
   4.9730560e+06   3.3142090e+01
   4.9783960e+06   3.8391113e+01
   4.9824530e+06   3.1494141e+01
   4.9867110e+06   4.1381836e+01
   4.9877070e+06   3.7658691e+01
   4.9896080e+06   5.4504395e+01
   4.9942970e+06   3.4667969e+01
   5.0036890e+06   3.5095215e+01
   5.0097100e+06   4.1015625e+01
   5.0142100e+06   5.4992676e+01
   5.0150940e+06   4.1259766e+01
   5.0163150e+06   5.1757813e+01
   5.0163540e+06   3.9062500e+01
   5.0163990e+06   4.4921875e+01
   5.0164290e+06   3.1982422e+01
   5.0164510e+06   3.9855957e+01
   5.0164810e+06   5.8166504e+01
   5.0165700e+06   3.3752441e+01
   5.0167410e+06   4.6264648e+01
   5.0168010e+06   4.1137695e+01
   5.0170060e+06   3.2470703e+01
   5.0174620e+06   3.9794922e+01
   5.0200180e+06   3.3020020e+01
   5.0210650e+06   3.2287598e+01
   5.0257020e+06   3.4118652e+01
   5.0323980e+06   3.5522461e+01
   5.0356520e+06   3.1494141e+01
   5.0431890e+06   3.2165527e+01
   5.0479470e+06   3.6437988e+01
   5.0544700e+06   4.1259766e+01
   5.0586970e+06   3.2104492e+01
   5.0627020e+06   3.6865234e+01
   5.0641510e+06   3.1982422e+01
   5.0650810e+06   3.3630371e+01
   5.0688500e+06   3.2958984e+01
   5.0697560e+06   4.0222168e+01
   5.0724310e+06   3.3264160e+01
   5.0748720e+06   3.4301758e+01
   5.0776820e+06   3.6010742e+01
   5.0812600e+06   3.4545898e+01
   5.0874510e+06   3.8513184e+01
   5.0933090e+06   3.2226563e+01
   5.0945990e+06   3.2531738e+01
   5.0946720e+06   3.4912109e+01
   5.1013490e+06   3.2043457e+01
   5.1075660e+06   3.1555176e+01
   5.1119860e+06   3.3752441e+01
   5.1155550e+06   3.3874512e+01
   5.1192750e+06   4.0771484e+01
   5.1203760e+06   3.5583496e+01
   5.1237640e+06   3.8085938e+01
   5.1250030e+06   3.4423828e+01
   5.1253000e+06   3.1616211e+01
   5.1273950e+06   3.2043457e+01
   5.1309460e+06   5.2551270e+01
   5.1309720e+06   3.7414551e+01
   5.1310370e+06   7.1716309e+01
   5.1310570e+06   4.2541504e+01
   5.1311100e+06   6.3842773e+01
   5.1311360e+06   6.1950684e+01
   5.1311610e+06   4.2053223e+01
   5.1312020e+06   3.4057617e+01
   5.1313670e+06   4.0100098e+01
   5.1315990e+06   3.5156250e+01
   5.1316660e+06   3.3508301e+01
   5.1318190e+06   3.2470703e+01
   5.1358740e+06   3.3752441e+01
   5.1450040e+06   3.4973145e+01
   5.1545580e+06   3.2897949e+01
   5.1621700e+06   3.4912109e+01
   5.1691150e+06   3.7902832e+01
   5.1734380e+06   3.3020020e+01
   5.1751080e+06   3.6071777e+01
   5.1843150e+06   4.2053223e+01
   5.1892200e+06   3.5034180e+01
   5.1913560e+06   3.4912109e+01
   5.1947130e+06   3.9489746e+01
   5.1971140e+06   5.8593750e+01
   5.1974250e+06   3.9611816e+01
   5.2025860e+06   3.2653809e+01
   5.2036350e+06   3.3447266e+01
   5.2077160e+06   4.7973633e+01
   5.2087030e+06   3.2531738e+01
   5.2090800e+06   4.3334961e+01
   5.2098290e+06   4.6020508e+01
   5.2104700e+06   3.3325195e+01
   5.2203570e+06   3.4606934e+01
   5.2252300e+06   3.2348633e+01
   5.2269050e+06   3.8879395e+01
   5.2360190e+06   3.3447266e+01
   5.2401510e+06   3.1555176e+01
   5.2444590e+06   3.1677246e+01
   5.2454610e+06   3.1921387e+01
   5.2466650e+06   3.2287598e+01
   5.2482860e+06   3.7231445e+01
   5.2488880e+06   3.2714844e+01
   5.2499890e+06   3.3630371e+01
   5.2520950e+06   4.1259766e+01
   5.2621890e+06   3.2226563e+01
   5.2630690e+06   3.4118652e+01
   5.2667400e+06   3.5644531e+01
   5.2684270e+06   3.9672852e+01
   5.2702300e+06   3.4484863e+01
   5.2718790e+06   4.8583984e+01
   5.2719710e+06   3.2531738e+01
   5.2720070e+06   7.2692871e+01
   5.2720690e+06   4.7180176e+01
   5.2720930e+06   3.6437988e+01
   5.2722110e+06   5.6213379e+01
   5.2726520e+06   5.1452637e+01
   5.2742520e+06   4.6508789e+01
   5.2743060e+06   3.5156250e+01
   5.2743440e+06   4.2297363e+01
   5.2743690e+06   6.4575195e+01
   5.2743960e+06   3.2714844e+01
   5.2744350e+06   3.3996582e+01
   5.2745180e+06   5.1147461e+01
   5.2745550e+06   3.2775879e+01
   5.2773400e+06   3.2531738e+01
   5.2902340e+06   3.3569336e+01
   5.2967580e+06   4.0405273e+01
   5.3025230e+06   3.6804199e+01
   5.3043330e+06   3.4057617e+01
   5.3057460e+06   3.6071777e+01
   5.3070990e+06   3.1677246e+01
   5.3080520e+06   3.5888672e+01
   5.3280550e+06   3.3325195e+01
   5.3286050e+06   3.4484863e+01
   5.3313450e+06   3.5522461e+01
   5.3324990e+06   3.5888672e+01
   5.3379870e+06   3.2287598e+01
   5.3395080e+06   3.2470703e+01
   5.3414080e+06   5.9936523e+01
   5.3417720e+06   4.9499512e+01
   5.3471550e+06   3.9306641e+01
   5.3500330e+06   3.1494141e+01
   5.3600800e+06   3.3874512e+01
   5.3766990e+06   3.3691406e+01
   5.3801590e+06   3.1677246e+01
   5.3829060e+06   3.9794922e+01
   5.3836890e+06   3.2104492e+01
   5.3961070e+06   3.3447266e+01
   5.3970520e+06   3.3020020e+01
   5.4004360e+06   3.3325195e+01
   5.4019420e+06   3.2165527e+01
   5.4029950e+06   3.3691406e+01
   5.4065230e+06   3.1433105e+01
   5.4108910e+06   3.6987305e+01
   5.4153060e+06   3.5278320e+01
   5.4271050e+06   5.0537109e+01
   5.4271820e+06   6.4025879e+01
   5.4272070e+06   4.8950195e+01
   5.4272840e+06   7.4340820e+01
   5.4273450e+06   3.2775879e+01
   5.4274990e+06   7.4584961e+01
   5.4277820e+06   5.8166504e+01
   5.4280750e+06   3.2409668e+01
   5.4281120e+06   4.7424316e+01
   5.4281560e+06   3.3142090e+01
   5.4282290e+06   4.3518066e+01
   5.4283960e+06   4.0405273e+01
   5.4284960e+06   3.4423828e+01
   5.4285810e+06   3.9001465e+01
   5.4288000e+06   3.1372070e+01
   5.4289720e+06   3.5644531e+01
   5.4315820e+06   3.5766602e+01
   5.4352310e+06   3.2165527e+01
   5.4376930e+06   3.2592773e+01
   5.4393660e+06   4.9255371e+01
   5.4394170e+06   3.5461426e+01
   5.4394520e+06   6.6894531e+01
   5.4394740e+06   3.5156250e+01
   5.4395030e+06   3.7963867e+01
   5.4395340e+06   4.1198730e+01
   5.4397150e+06   3.4790039e+01
   5.4399770e+06   3.4545898e+01
   5.4436730e+06   3.3508301e+01
   5.4465750e+06   3.1616211e+01
   5.4477900e+06   3.2409668e+01
   5.4522670e+06   3.1372070e+01
   5.4555970e+06   3.2409668e+01
   5.4592220e+06   5.2062988e+01
   5.4635510e+06   3.2104492e+01
   5.4641860e+06   3.4606934e+01
   5.4682040e+06   3.9062500e+01
   5.4699740e+06   3.5827637e+01
   5.4716300e+06   3.1555176e+01
   5.4772650e+06   3.4484863e+01
   5.4842990e+06   3.2775879e+01
   5.4969380e+06   4.5410156e+01
   5.4976860e+06   5.5725098e+01
   5.5072330e+06   3.4973145e+01
   5.5139630e+06   3.3813477e+01
   5.5191920e+06   4.1992188e+01
   5.5215810e+06   3.2165527e+01
   5.5323630e+06   3.1250000e+01
   5.5390550e+06   3.9733887e+01
   5.5431290e+06   3.7292480e+01
   5.5461950e+06   3.9184570e+01
   5.5489990e+06   3.2287598e+01
   5.5511310e+06   3.3203125e+01
   5.5579340e+06   5.8532715e+01
   5.5579600e+06   4.9194336e+01
   5.5676980e+06   3.6499023e+01
   5.5685230e+06   3.5339355e+01
   5.5786280e+06   3.1250000e+01
   5.5821940e+06   3.9916992e+01
   5.5864300e+06   3.3447266e+01
   5.5894870e+06   3.1982422e+01
   5.5953210e+06   3.2592773e+01
   5.5988010e+06   3.4973145e+01
   5.5997810e+06   4.0466309e+01
   5.6006870e+06   3.4790039e+01
   5.6037450e+06   4.5776367e+01
   5.6037860e+06   4.1625977e+01
   5.6038130e+06   5.9997559e+01
   5.6038230e+06   3.6193848e+01
   5.6038670e+06   4.1748047e+01
   5.6038880e+06   5.6213379e+01
   5.6039370e+06   3.3935547e+01
   5.6039630e+06   3.4179688e+01
   5.6040000e+06   6.6711426e+01
   5.6040130e+06   6.3232422e+01
   5.6040250e+06   4.0649414e+01
   5.6040470e+06   3.1372070e+01
   5.6040720e+06   3.3081055e+01
   5.6040990e+06   3.5827637e+01
   5.6041500e+06   5.2673340e+01
   5.6041630e+06   3.8574219e+01
   5.6042290e+06   5.0048828e+01
   5.6042420e+06   5.7312012e+01
   5.6042720e+06   3.7963867e+01
   5.6042980e+06   3.4179688e+01
   5.6043360e+06   3.7353516e+01
   5.6043650e+06   3.9428711e+01
   5.6043750e+06   3.4118652e+01
   5.6044570e+06   4.1320801e+01
   5.6045050e+06   3.3081055e+01
   5.6046190e+06   3.7719727e+01
   5.6046320e+06   3.6254883e+01
   5.6047150e+06   3.4301758e+01
   5.6050970e+06   4.8156738e+01
   5.6051220e+06   3.5827637e+01
   5.6053660e+06   3.1738281e+01
   5.6060090e+06   4.4128418e+01
   5.6170790e+06   3.3264160e+01
   5.6199680e+06   3.5827637e+01
   5.6230720e+06   4.3090820e+01
   5.6272260e+06   3.1921387e+01
   5.6285260e+06   3.2592773e+01
   5.6306060e+06   3.7536621e+01
   5.6423830e+06   3.1433105e+01
   5.6488550e+06   3.4667969e+01
   5.6543850e+06   3.1738281e+01
   5.6553690e+06   3.4179688e+01
   5.6622520e+06   3.2836914e+01
   5.6703610e+06   3.1616211e+01
   5.6721240e+06   4.0893555e+01
   5.6738440e+06   3.4912109e+01
   5.6742370e+06   3.1494141e+01
   5.6767370e+06   4.9011230e+01
   5.6821550e+06   3.1311035e+01
   5.6921540e+06   3.2348633e+01
   5.6966490e+06   3.2836914e+01
   5.6981340e+06   3.5095215e+01
   5.7010410e+06   3.3752441e+01
   5.7068610e+06   3.5034180e+01
   5.7095960e+06   3.4729004e+01
   5.7103990e+06   3.3142090e+01
   5.7132790e+06   3.3325195e+01
   5.7218310e+06   3.1860352e+01
   5.7236050e+06   3.4973145e+01
   5.7312440e+06   3.3630371e+01
   5.7384300e+06   3.8818359e+01
   5.7437610e+06   3.4118652e+01
   5.7445220e+06   3.8696289e+01
   5.7497550e+06   3.5095215e+01
   5.7545740e+06   3.2348633e+01
   5.7552990e+06   3.5827637e+01
   5.7576910e+06   3.2714844e+01
   5.7591280e+06   3.4484863e+01
   5.7600170e+06   3.2714844e+01
   5.7627160e+06   3.5278320e+01
   5.7638380e+06   3.2470703e+01
   5.7685090e+06   3.2226563e+01
   5.7690920e+06   3.7597656e+01
   5.7745450e+06   4.1503906e+01
   5.7804590e+06   3.2104492e+01
   5.7812340e+06   3.2897949e+01
   5.7840450e+06   3.8635254e+01
   5.7886530e+06   3.4179688e+01
   5.7912870e+06   5.6579590e+01
   5.7950470e+06   4.0832520e+01
   5.8000510e+06   3.7719727e+01
   5.8017830e+06   4.1748047e+01
   5.8030320e+06   5.1025391e+01
   5.8030630e+06   3.9550781e+01
   5.8030950e+06   7.3059082e+01
   5.8031180e+06   4.2907715e+01
   5.8031480e+06   4.8095703e+01
   5.8031720e+06   5.3710938e+01
   5.8032100e+06   3.3752441e+01
   5.8032700e+06   5.0964355e+01
   5.8033780e+06   3.1982422e+01
   5.8033890e+06   4.1748047e+01
   5.8036590e+06   4.1320801e+01
   5.8036940e+06   3.1677246e+01
   5.8089150e+06   3.1616211e+01
   5.8115600e+06   3.2714844e+01
   5.8137600e+06   4.2236328e+01
   5.8150000e+06   3.4606934e+01
   5.8182530e+06   4.0405273e+01
   5.8193450e+06   3.1738281e+01
   5.8229640e+06   3.2714844e+01
   5.8236790e+06   3.2348633e+01
   5.8242940e+06   3.1372070e+01
   5.8272520e+06   3.3142090e+01
   5.8278210e+06   3.3813477e+01
   5.8350940e+06   3.3203125e+01
   5.8376140e+06   3.3996582e+01
   5.8382220e+06   3.3447266e+01
   5.8394240e+06   3.4912109e+01
   5.8434530e+06   3.3081055e+01
   5.8464690e+06   3.1372070e+01
   5.8506620e+06   3.4240723e+01
   5.8529410e+06   3.4301758e+01
   5.8594240e+06   4.3640137e+01
   5.8614810e+06   3.8818359e+01
   5.8642750e+06   3.2775879e+01
   5.8656080e+06   4.3151855e+01
   5.8665650e+06   4.3579102e+01
   5.8666070e+06   3.1555176e+01
   5.8666350e+06   4.3701172e+01
   5.8670110e+06   3.3081055e+01
   5.8670520e+06   4.3579102e+01
   5.8693040e+06   3.8208008e+01
   5.8773210e+06   3.7048340e+01
   5.8843360e+06   3.7719727e+01
   5.8897870e+06   3.4423828e+01
   5.8953820e+06   3.7170410e+01
   5.8975950e+06   3.3569336e+01
   5.8999310e+06   3.7536621e+01
   5.9026050e+06   3.2287598e+01
   5.9090760e+06   3.6376953e+01
   5.9095950e+06   3.2165527e+01
   5.9159380e+06   3.2165527e+01
   5.9174000e+06   3.4667969e+01
   5.9206140e+06   3.1372070e+01
   5.9264740e+06   3.1677246e+01
   5.9273680e+06   4.1809082e+01
   5.9284530e+06   3.7292480e+01
   5.9317640e+06   3.3691406e+01
   5.9375240e+06   3.2592773e+01
   5.9504480e+06   3.2409668e+01
   5.9544690e+06   3.5705566e+01
   5.9556990e+06   3.6926270e+01
   5.9605770e+06   5.0598145e+01
   5.9617920e+06   3.2897949e+01
   5.9657280e+06   3.3935547e+01
   5.9672740e+06   3.2714844e+01
   5.9686850e+06   5.3039551e+01
   5.9687260e+06   5.5664063e+01
   5.9687470e+06   8.4106445e+01
   5.9687930e+06   3.4790039e+01
   5.9688110e+06   4.2907715e+01
   5.9688290e+06   4.8095703e+01
   5.9688470e+06   3.1555176e+01
   5.9688900e+06   3.5339355e+01
   5.9689120e+06   3.4301758e+01
   5.9689770e+06   3.7719727e+01
   5.9690360e+06   4.2541504e+01
   5.9690990e+06   3.8024902e+01
   5.9691360e+06   3.2104492e+01
   5.9692010e+06   3.3447266e+01
   5.9695230e+06   4.2297363e+01
   5.9695480e+06   3.2592773e+01
   5.9700910e+06   3.1616211e+01
   5.9701210e+06   4.2541504e+01
   5.9712610e+06   4.7607422e+01
   5.9739460e+06   3.3752441e+01
   5.9769810e+06   3.5888672e+01
   5.9811330e+06   3.5217285e+01
   5.9822580e+06   3.2958984e+01
   5.9867100e+06   3.9062500e+01
   5.9910230e+06   3.3691406e+01
   5.9950450e+06   4.4494629e+01
