   5.9980000e+06   0.0000000e+00
   2.3040000e+03   3.3081055e+01
   5.8960000e+03   3.4790039e+01
   9.8160000e+03   3.9489746e+01
   2.1661000e+04   3.3081055e+01
   2.7971000e+04   4.6752930e+01
   3.4368000e+04   3.7353516e+01
   4.3238000e+04   3.7475586e+01
   5.1327000e+04   3.4362793e+01
   5.2055000e+04   3.6621094e+01
   5.2071000e+04   3.2836914e+01
   5.2103000e+04   3.9489746e+01
   5.2121000e+04   3.2836914e+01
   5.2151000e+04   5.3283691e+01
   5.2164000e+04   4.7790527e+01
   5.2206000e+04   3.2775879e+01
   5.2222000e+04   3.1860352e+01
   5.2272000e+04   3.5888672e+01
   5.2294000e+04   3.9916992e+01
   5.2332000e+04   3.2104492e+01
   5.2466000e+04   3.1677246e+01
   5.2531000e+04   3.5400391e+01
   5.2635000e+04   3.5034180e+01
   5.2667000e+04   3.2653809e+01
   8.9980000e+04   3.9916992e+01
   1.0504400e+05   3.4179688e+01
   1.0600900e+05   3.7109375e+01
   1.0666100e+05   3.4790039e+01
   1.2243600e+05   3.3142090e+01
   1.2987100e+05   4.0405273e+01
   1.6925900e+05   3.4973145e+01
   1.7044000e+05   4.3395996e+01
   1.7059200e+05   3.2836914e+01
   1.7116300e+05   3.3203125e+01
   1.7132700e+05   4.8950195e+01
   1.7367500e+05   3.4667969e+01
   1.7398800e+05   3.6743164e+01
   1.7407200e+05   3.4301758e+01
   1.7445700e+05   4.2419434e+01
   1.9129000e+05   3.7109375e+01
   2.0004800e+05   3.3569336e+01
   2.0026800e+05   3.4667969e+01
   2.0038800e+05   3.2348633e+01
   2.0044300e+05   3.5888672e+01
   2.3849800e+05   3.9245605e+01
   2.5937100e+05   3.2104492e+01
   2.5954000e+05   3.2409668e+01
   2.7618800e+05   4.7302246e+01
   2.7651000e+05   3.6376953e+01
   2.9512900e+05   3.7292480e+01
   3.2307100e+05   3.2714844e+01
   3.2309400e+05   4.1442871e+01
   3.2311500e+05   4.4006348e+01
   3.2313400e+05   3.3630371e+01
   3.2315300e+05   3.6926270e+01
   3.2319200e+05   3.2409668e+01
   3.2321400e+05   3.8940430e+01
   3.2323800e+05   3.8513184e+01
   3.2325100e+05   3.3630371e+01
   3.2327400e+05   4.5837402e+01
   3.2330000e+05   3.2775879e+01
   3.2332700e+05   3.2104492e+01
   3.2335000e+05   3.7963867e+01
   3.2337400e+05   3.2653809e+01
   3.2339900e+05   3.7109375e+01
   3.2345300e+05   4.0344238e+01
   3.2349900e+05   5.0842285e+01
   3.2355200e+05   3.2592773e+01
   3.2367000e+05   3.2348633e+01
   3.2372800e+05   3.3447266e+01
   3.2398400e+05   3.2348633e+01
   3.2402000e+05   3.4301758e+01
   3.2415000e+05   3.2958984e+01
   3.2432600e+05   3.2775879e+01
   3.2441300e+05   3.1860352e+01
   3.2445300e+05   3.3508301e+01
   3.2449300e+05   3.3508301e+01
   3.2466100e+05   3.8024902e+01
   3.2506200e+05   3.6560059e+01
   3.2516900e+05   3.7475586e+01
   3.2595300e+05   3.5095215e+01
   3.2621700e+05   3.6010742e+01
   3.2720000e+05   3.4606934e+01
   3.2762800e+05   3.7109375e+01
   3.2829900e+05   3.4179688e+01
   3.2847200e+05   3.3325195e+01
   4.0525400e+05   3.5827637e+01
   4.0845500e+05   3.3325195e+01
   4.1169200e+05   3.4301758e+01
   4.3026100e+05   4.0100098e+01
   4.5028300e+05   3.6987305e+01
   4.5203000e+05   3.1494141e+01
   4.6573200e+05   3.4851074e+01
   4.8071600e+05   3.4729004e+01
   4.8462300e+05   3.6682129e+01
   4.8655900e+05   3.3081055e+01
   4.8757300e+05   3.9245605e+01
   4.8834400e+05   3.7780762e+01
   5.1696700e+05   3.7841797e+01
   5.3430100e+05   3.3996582e+01
   5.3925000e+05   3.1677246e+01
   5.6908900e+05   3.6254883e+01
   5.7029000e+05   3.5705566e+01
   5.7032500e+05   3.3325195e+01
   5.7035600e+05   3.8146973e+01
   5.7039200e+05   4.4738770e+01
   5.7041500e+05   4.9133301e+01
   5.7045400e+05   3.6865234e+01
   5.7047900e+05   4.2480469e+01
   5.7053300e+05   4.1076660e+01
   5.7054700e+05   3.8757324e+01
   5.7060000e+05   3.3386230e+01
   5.7062900e+05   5.3955078e+01
   5.7071000e+05   3.6376953e+01
   5.7103100e+05   3.4240723e+01
   5.7119800e+05   3.3447266e+01
   5.7136100e+05   3.4912109e+01
   5.8930000e+05   3.3386230e+01
   5.9054500e+05   3.4118652e+01
   5.9072800e+05   3.4545898e+01
   5.9126500e+05   3.7414551e+01
   5.9140400e+05   3.4362793e+01
   5.9174700e+05   3.6926270e+01
   5.9180000e+05   4.1076660e+01
   5.9183400e+05   4.4921875e+01
   5.9198000e+05   3.6926270e+01
   5.9227700e+05   3.9428711e+01
   5.9235200e+05   3.2165527e+01
   5.9242000e+05   3.1494141e+01
   5.9244800e+05   3.5461426e+01
   5.9261200e+05   3.7353516e+01
   6.0480600e+05   3.1494141e+01
   6.0720700e+05   3.3874512e+01
   6.0830700e+05   3.6071777e+01
   6.1480700e+05   3.1494141e+01
   6.2715600e+05   3.3813477e+01
   6.6259900e+05   3.6560059e+01
   6.6266100e+05   3.4912109e+01
   6.6279000e+05   3.1494141e+01
   6.6282400e+05   3.5034180e+01
   6.6289700e+05   4.4250488e+01
   7.1539000e+05   3.3264160e+01
   7.3023600e+05   3.3874512e+01
   7.3590000e+05   3.3447266e+01
   7.3659200e+05   3.5766602e+01
   7.3671400e+05   3.1555176e+01
   7.3673800e+05   3.2104492e+01
   7.3676200e+05   4.2602539e+01
   7.3680500e+05   4.3762207e+01
   7.3681700e+05   3.3020020e+01
   7.3685300e+05   4.3640137e+01
   7.3711700e+05   4.1015625e+01
   7.3713000e+05   4.0649414e+01
   7.3719700e+05   3.2348633e+01
   7.3724800e+05   3.7780762e+01
   7.5506000e+05   3.6071777e+01
   7.8491200e+05   3.1799316e+01
   7.8862800e+05   3.4423828e+01
   8.1056800e+05   5.1879883e+01
   8.1060200e+05   4.1503906e+01
   8.1063200e+05   3.4912109e+01
   8.1065100e+05   4.1015625e+01
   8.1067400e+05   3.2775879e+01
   8.1069500e+05   3.7780762e+01
   8.1120000e+05   3.8085938e+01
   8.4242600e+05   4.0588379e+01
   8.4364600e+05   3.2470703e+01
   8.6674500e+05   3.4667969e+01
   8.7973300e+05   3.8024902e+01
   8.8603800e+05   3.1738281e+01
   8.8751000e+05   3.3325195e+01
   9.0419300e+05   3.4545898e+01
   9.0458500e+05   5.0964355e+01
   9.1387100e+05   3.3325195e+01
   9.1556400e+05   3.2714844e+01
   9.1954500e+05   3.2104492e+01
   9.2559200e+05   3.9489746e+01
   9.2778900e+05   3.7231445e+01
   9.3176900e+05   3.5827637e+01
   9.3298200e+05   3.3081055e+01
   9.3401300e+05   3.9550781e+01
   9.3410900e+05   3.6071777e+01
   9.4990200e+05   3.5644531e+01
   9.5532600e+05   3.3325195e+01
   9.5790100e+05   3.3569336e+01
   9.5804400e+05   3.6315918e+01
   9.5810500e+05   4.0588379e+01
   9.7733400e+05   3.3569336e+01
   1.0039130e+06   3.2958984e+01
   1.0319650e+06   3.6621094e+01
   1.0437480e+06   4.2053223e+01
   1.0464700e+06   3.8024902e+01
   1.0466510e+06   4.0344238e+01
   1.0670750e+06   3.4301758e+01
   1.0720880e+06   3.6376953e+01
   1.0725410e+06   3.7414551e+01
   1.0811000e+06   3.7109375e+01
   1.0811150e+06   3.2226563e+01
   1.0811250e+06   5.2734375e+01
   1.0811530e+06   3.3325195e+01
   1.0811670e+06   4.2785645e+01
   1.0811920e+06   4.3823242e+01
   1.0812360e+06   3.3996582e+01
   1.0812620e+06   3.1982422e+01
   1.0812720e+06   3.6193848e+01
   1.0813390e+06   4.8278809e+01
   1.0813670e+06   3.5217285e+01
   1.0813950e+06   3.3691406e+01
   1.0814120e+06   3.1799316e+01
   1.0818730e+06   3.3203125e+01
   1.0819700e+06   3.2470703e+01
   1.0821860e+06   3.1738281e+01
   1.0826970e+06   3.5217285e+01
   1.0831260e+06   3.8818359e+01
   1.0852270e+06   3.5095215e+01
   1.1138160e+06   4.0039063e+01
   1.1245790e+06   3.1921387e+01
   1.1337810e+06   3.5400391e+01
   1.1911990e+06   3.5217285e+01
   1.2120490e+06   3.4790039e+01
   1.2145910e+06   3.6743164e+01
   1.2167660e+06   4.1564941e+01
   1.2196520e+06   4.1809082e+01
   1.2307780e+06   4.0527344e+01
   1.2346370e+06   3.5339355e+01
   1.2361640e+06   3.7841797e+01
   1.2361910e+06   4.7729492e+01
   1.2362150e+06   3.4423828e+01
   1.2362380e+06   4.2663574e+01
   1.2362710e+06   4.2724609e+01
   1.2362910e+06   3.2775879e+01
   1.2363560e+06   4.5959473e+01
   1.2363950e+06   4.1748047e+01
   1.2365200e+06   3.5949707e+01
   1.2365860e+06   3.2409668e+01
   1.2366270e+06   5.3161621e+01
   1.2371180e+06   3.4301758e+01
   1.2533270e+06   3.2348633e+01
   1.2538450e+06   3.6621094e+01
   1.2640700e+06   3.2348633e+01
   1.2747650e+06   3.4118652e+01
   1.2750350e+06   3.3569336e+01
   1.2760920e+06   3.3813477e+01
   1.2936040e+06   3.5095215e+01
   1.3093410e+06   3.3691406e+01
   1.3288440e+06   3.6804199e+01
   1.3289950e+06   3.3203125e+01
   1.3292120e+06   3.6560059e+01
   1.3293740e+06   3.1494141e+01
   1.3296980e+06   3.2897949e+01
   1.3301900e+06   3.8513184e+01
   1.3303360e+06   3.1616211e+01
   1.3305780e+06   3.1616211e+01
   1.3404410e+06   3.7719727e+01
   1.3523530e+06   3.1494141e+01
   1.3750000e+06   3.3996582e+01
   1.3751020e+06   3.7292480e+01
   1.3751430e+06   4.1870117e+01
   1.3751970e+06   3.2714844e+01
   1.3752610e+06   3.4667969e+01
   1.3753140e+06   4.6447754e+01
   1.3753360e+06   3.6254883e+01
   1.3753820e+06   3.4240723e+01
   1.3754030e+06   4.0161133e+01
   1.3754530e+06   3.6132813e+01
   1.3754820e+06   5.1879883e+01
   1.3755230e+06   3.4606934e+01
   1.3755670e+06   3.4057617e+01
   1.3755810e+06   3.5217285e+01
   1.3756010e+06   4.4006348e+01
   1.3757370e+06   3.2043457e+01
   1.3757480e+06   3.2958984e+01
   1.3758440e+06   3.3386230e+01
   1.3758750e+06   3.5278320e+01
   1.3759020e+06   3.6376953e+01
   1.3759980e+06   3.1616211e+01
   1.3760210e+06   3.2653809e+01
   1.3761280e+06   3.4118652e+01
   1.3761630e+06   3.2104492e+01
   1.3768300e+06   3.4851074e+01
   1.4427020e+06   3.7170410e+01
   1.4558720e+06   3.5400391e+01
   1.4567860e+06   3.4118652e+01
   1.4978910e+06   3.5095215e+01
   1.5064680e+06   3.2775879e+01
   1.5107720e+06   3.9916992e+01
   1.5128710e+06   4.0710449e+01
   1.5187530e+06   3.3935547e+01
   1.5200350e+06   3.2226563e+01
   1.5236610e+06   3.1555176e+01
   1.5247570e+06   3.2958984e+01
   1.5267280e+06   3.9184570e+01
   1.5397080e+06   3.5461426e+01
   1.5767030e+06   3.1494141e+01
   1.5836390e+06   3.3203125e+01
   1.5991390e+06   3.1494141e+01
   1.6033240e+06   3.7231445e+01
   1.6043820e+06   3.4545898e+01
   1.6044580e+06   3.3386230e+01
   1.6200670e+06   3.1860352e+01
   1.6201600e+06   3.2775879e+01
   1.6202330e+06   3.5156250e+01
   1.6202700e+06   3.9428711e+01
   1.6203050e+06   3.8024902e+01
   1.6203370e+06   3.6682129e+01
   1.6203930e+06   3.7536621e+01
   1.6204330e+06   6.0424805e+01
   1.6205150e+06   3.4667969e+01
   1.6205410e+06   4.0100098e+01
   1.6206530e+06   3.7841797e+01
   1.6206860e+06   3.4912109e+01
   1.6207100e+06   4.5288086e+01
   1.6207640e+06   3.8085938e+01
   1.6208010e+06   3.6010742e+01
   1.6208410e+06   3.9550781e+01
   1.6209710e+06   3.4790039e+01
   1.6210050e+06   3.1921387e+01
   1.6212040e+06   3.2897949e+01
   1.6212410e+06   3.4179688e+01
   1.6439660e+06   4.0405273e+01
   1.6453230e+06   3.6315918e+01
   1.6652430e+06   3.1921387e+01
   1.6750420e+06   3.1799316e+01
   1.6909920e+06   3.3935547e+01
   1.7050330e+06   3.1677246e+01
   1.7115040e+06   3.6987305e+01
   1.7123840e+06   3.4423828e+01
   1.7124350e+06   3.2592773e+01
   1.7124800e+06   3.8696289e+01
   1.7125300e+06   3.6743164e+01
   1.7126130e+06   3.1616211e+01
   1.7127090e+06   3.3203125e+01
   1.7381550e+06   3.1738281e+01
   1.7422410e+06   3.9184570e+01
   1.7562910e+06   3.3142090e+01
   1.7595690e+06   3.4301758e+01
   1.7603500e+06   3.3020020e+01
   1.7699930e+06   3.3996582e+01
   1.7777160e+06   3.1860352e+01
   1.7838470e+06   3.3630371e+01
   1.8077360e+06   3.5583496e+01
   1.8106040e+06   3.9184570e+01
   1.8106290e+06   5.3405762e+01
   1.8106460e+06   3.6682129e+01
   1.8106800e+06   4.0954590e+01
   1.8106930e+06   4.6997070e+01
   1.8107080e+06   3.1677246e+01
   1.8107480e+06   3.7658691e+01
   1.8109290e+06   3.9733887e+01
   1.8109430e+06   3.4851074e+01
   1.8239940e+06   3.1799316e+01
   1.8295000e+06   3.1738281e+01
   1.8295450e+06   4.5349121e+01
   1.8295770e+06   3.7353516e+01
   1.8296280e+06   3.5034180e+01
   1.8296740e+06   3.6560059e+01
   1.8296890e+06   4.1015625e+01
   1.8297030e+06   3.4851074e+01
   1.8297510e+06   3.2287598e+01
   1.8298500e+06   4.7241211e+01
   1.8300270e+06   3.5461426e+01
   1.8300600e+06   3.1494141e+01
   1.8301210e+06   3.5156250e+01
   1.8301590e+06   4.1381836e+01
   1.8302690e+06   3.3569336e+01
   1.8303040e+06   3.4118652e+01
   1.8308480e+06   3.8146973e+01
   1.8308800e+06   3.1799316e+01
   1.8520600e+06   3.3203125e+01
   1.8876600e+06   4.0649414e+01
   1.8909960e+06   4.2480469e+01
   1.9477390e+06   3.5583496e+01
   1.9694410e+06   3.2104492e+01
   1.9720620e+06   3.5095215e+01
   1.9732550e+06   3.5949707e+01
   1.9806350e+06   3.4851074e+01
   1.9811250e+06   3.6010742e+01
   1.9811630e+06   3.6865234e+01
   1.9813090e+06   3.4301758e+01
   1.9857910e+06   3.3630371e+01
   2.0220800e+06   3.6499023e+01
   2.0324310e+06   3.5705566e+01
   2.0404870e+06   3.3752441e+01
   2.0406190e+06   3.2409668e+01
   2.0413340e+06   3.8269043e+01
   2.0419320e+06   3.5156250e+01
   2.0581630e+06   3.7048340e+01
   2.0595680e+06   3.8635254e+01
   2.0596010e+06   3.3325195e+01
   2.0596180e+06   3.1616211e+01
   2.0596540e+06   5.4199219e+01
   2.0596910e+06   4.5043945e+01
   2.0597250e+06   3.3325195e+01
   2.0597710e+06   3.5217285e+01
   2.0598370e+06   3.8940430e+01
   2.0598700e+06   3.8085938e+01
   2.0600200e+06   3.4179688e+01
   2.0734030e+06   3.5644531e+01
   2.0858230e+06   3.1799316e+01
   2.1245890e+06   3.2287598e+01
   2.1412390e+06   3.5461426e+01
   2.1452370e+06   3.9123535e+01
   2.1456010e+06   3.3203125e+01
   2.1492520e+06   3.4973145e+01
   2.1494540e+06   3.9611816e+01
   2.1496510e+06   4.6142578e+01
   2.1536410e+06   3.3081055e+01
   2.1657330e+06   3.2653809e+01
   2.2320460e+06   3.4240723e+01
   2.2516150e+06   3.3630371e+01
   2.2538410e+06   4.6752930e+01
   2.2539500e+06   3.4545898e+01
   2.2560970e+06   3.2226563e+01
   2.2561380e+06   3.7597656e+01
   2.2819630e+06   3.7658691e+01
   2.2993750e+06   3.3203125e+01
   2.3095170e+06   4.0649414e+01
   2.3096330e+06   3.4362793e+01
   2.3096880e+06   3.2958984e+01
   2.3097610e+06   4.8156738e+01
   2.3098000e+06   3.9733887e+01
   2.3103170e+06   3.1921387e+01
   2.3103420e+06   3.3325195e+01
   2.3124460e+06   3.3142090e+01
   2.3147770e+06   4.3151855e+01
   2.3202650e+06   3.7719727e+01
   2.3412140e+06   3.6743164e+01
   2.3659450e+06   3.8208008e+01
   2.3659710e+06   4.0405273e+01
   2.3660020e+06   4.0039063e+01
   2.3660180e+06   3.4423828e+01
   2.3660300e+06   3.2348633e+01
   2.3661390e+06   3.5095215e+01
   2.3662620e+06   3.6010742e+01
   2.3664320e+06   3.2714844e+01
   2.3869860e+06   3.5644531e+01
   2.3907130e+06   3.2287598e+01
   2.4042780e+06   3.8940430e+01
   2.4199790e+06   3.8574219e+01
   2.4201210e+06   4.9072266e+01
   2.4407250e+06   3.6193848e+01
   2.4408690e+06   3.7292480e+01
   2.4564800e+06   3.1555176e+01
   2.4565480e+06   3.5217285e+01
   2.4565850e+06   3.6499023e+01
   2.4569500e+06   3.3752441e+01
   2.4752440e+06   4.5349121e+01
   2.4752870e+06   3.4729004e+01
   2.4755560e+06   3.2592773e+01
   2.4888720e+06   3.5034180e+01
   2.5136650e+06   3.4790039e+01
   2.5228740e+06   3.1555176e+01
   2.5230440e+06   3.2836914e+01
   2.5237080e+06   3.3203125e+01
   2.5383080e+06   4.4433594e+01
   2.5383420e+06   3.5095215e+01
   2.5383670e+06   4.3823242e+01
   2.5750590e+06   3.3569336e+01
   2.5753750e+06   3.6437988e+01
   2.5754320e+06   3.3142090e+01
   2.5754740e+06   4.0771484e+01
   2.5755080e+06   4.6386719e+01
   2.5762490e+06   3.3447266e+01
   2.5770440e+06   3.7475586e+01
   2.6173060e+06   3.2531738e+01
   2.6573000e+06   3.5156250e+01
   2.6590800e+06   3.6254883e+01
   2.6591210e+06   3.5339355e+01
   2.6591490e+06   3.7170410e+01
   2.6591760e+06   3.9306641e+01
   2.6592010e+06   4.5227051e+01
   2.6592170e+06   3.1677246e+01
   2.6592360e+06   3.8879395e+01
   2.6592950e+06   3.9245605e+01
   2.6593310e+06   3.8085938e+01
   2.6593600e+06   4.2358398e+01
   2.6594050e+06   3.9489746e+01
   2.6594450e+06   3.3630371e+01
   2.6594940e+06   4.0100098e+01
   2.6596180e+06   3.1860352e+01
   2.6596940e+06   4.2358398e+01
   2.6598360e+06   3.8635254e+01
   2.6602470e+06   3.9306641e+01
   2.7192310e+06   3.2409668e+01
   2.7195330e+06   3.3813477e+01
   2.7196110e+06   3.9916992e+01
   2.7196490e+06   3.9428711e+01
   2.7197460e+06   3.2470703e+01
   2.7197860e+06   3.2287598e+01
   2.7198180e+06   3.2653809e+01
   2.7369060e+06   3.4118652e+01
   2.7413240e+06   3.4667969e+01
   2.7430210e+06   3.5888672e+01
   2.7473390e+06   3.7048340e+01
   2.7604410e+06   3.4179688e+01
   2.7673200e+06   3.1799316e+01
   2.7720170e+06   3.9916992e+01
   2.7883940e+06   3.8269043e+01
   2.7885610e+06   3.6499023e+01
   2.8450720e+06   3.3203125e+01
   2.8482830e+06   3.4545898e+01
   2.8484290e+06   3.3752441e+01
   2.8486110e+06   3.2653809e+01
   2.8487740e+06   3.6621094e+01
   2.8492250e+06   3.2043457e+01
   2.8493760e+06   3.7902832e+01
   2.8495290e+06   3.2043457e+01
   2.8496010e+06   3.2409668e+01
   2.8496830e+06   3.2470703e+01
   2.8497060e+06   3.8146973e+01
   2.8720210e+06   3.5156250e+01
   2.8811300e+06   3.2226563e+01
   2.8812030e+06   3.2592773e+01
   2.8862370e+06   3.2836914e+01
   2.8898610e+06   3.3447266e+01
   2.9006210e+06   3.2226563e+01
   2.9071020e+06   4.6203613e+01
   2.9072950e+06   3.5095215e+01
   2.9091710e+06   3.1799316e+01
   2.9109950e+06   3.4912109e+01
   2.9183440e+06   3.1982422e+01
   2.9250800e+06   3.8635254e+01
   2.9296650e+06   3.5766602e+01
   2.9464790e+06   3.3508301e+01
   2.9470090e+06   3.4057617e+01
   2.9513620e+06   3.4179688e+01
   2.9718900e+06   3.4118652e+01
   2.9725060e+06   3.4118652e+01
   2.9795010e+06   3.6743164e+01
   2.9932740e+06   3.2653809e+01
   2.9943580e+06   4.2907715e+01
   2.9970010e+06   3.3203125e+01
   2.9974340e+06   3.5705566e+01
   3.0106800e+06   3.4912109e+01
   3.0116310e+06   3.5095215e+01
   3.0207970e+06   3.7109375e+01
   3.0219710e+06   3.2836914e+01
   3.0221160e+06   3.1921387e+01
   3.0221840e+06   3.4973145e+01
   3.0222360e+06   4.0954590e+01
   3.0232050e+06   4.7119141e+01
   3.0233070e+06   3.6071777e+01
   3.0233630e+06   3.4851074e+01
   3.0233960e+06   3.5705566e+01
   3.0235130e+06   4.4921875e+01
   3.0236270e+06   4.2053223e+01
   3.0236650e+06   3.7658691e+01
   3.0239530e+06   3.5583496e+01
   3.0240610e+06   3.3813477e+01
   3.0241130e+06   3.5095215e+01
   3.0243000e+06   4.1748047e+01
   3.0245090e+06   3.3386230e+01
   3.0568950e+06   3.6743164e+01
   3.0776950e+06   3.4606934e+01
   3.0899390e+06   3.5278320e+01
   3.0962180e+06   3.4545898e+01
   3.1101140e+06   4.1198730e+01
   3.1127240e+06   3.6804199e+01
   3.1141820e+06   3.3630371e+01
   3.1383690e+06   3.2531738e+01
   3.1384680e+06   3.1433105e+01
   3.1566530e+06   3.4973145e+01
   3.1579230e+06   3.7048340e+01
   3.1661130e+06   3.5278320e+01
   3.1663060e+06   3.6071777e+01
   3.1686080e+06   3.3630371e+01
   3.1708000e+06   3.3081055e+01
   3.1708190e+06   3.8696289e+01
   3.2564360e+06   4.3212891e+01
   3.2793870e+06   3.1921387e+01
   3.2913190e+06   3.3874512e+01
   3.3027050e+06   3.5278320e+01
   3.3156200e+06   3.7780762e+01
   3.3173730e+06   3.5156250e+01
   3.3228930e+06   3.3935547e+01
   3.3236230e+06   3.1616211e+01
   3.3476270e+06   3.4667969e+01
   3.3476730e+06   3.9001465e+01
   3.3476990e+06   5.4504395e+01
   3.3477450e+06   3.2714844e+01
   3.3477700e+06   4.8095703e+01
   3.3478010e+06   3.2165527e+01
   3.3479110e+06   4.1931152e+01
   3.4284700e+06   3.3447266e+01
   3.4285340e+06   3.4423828e+01
   3.4289860e+06   3.2409668e+01
   3.4291820e+06   4.0710449e+01
   3.4292720e+06   3.7048340e+01
   3.4440280e+06   3.1677246e+01
   3.4576870e+06   3.7719727e+01
   3.4702190e+06   3.4423828e+01
   3.4771960e+06   3.3569336e+01
   3.4816060e+06   4.0405273e+01
   3.4818330e+06   3.2104492e+01
   3.4820000e+06   3.6193848e+01
   3.4831060e+06   3.6987305e+01
   3.4831640e+06   3.8513184e+01
   3.4832020e+06   4.1442871e+01
   3.4833110e+06   3.5766602e+01
   3.4834130e+06   3.3447266e+01
   3.4834480e+06   4.0771484e+01
   3.4836070e+06   3.2592773e+01
   3.4838850e+06   3.5095215e+01
   3.4840130e+06   3.4057617e+01
   3.5254950e+06   3.2897949e+01
   3.5257610e+06   3.9123535e+01
   3.5258130e+06   3.7414551e+01
   3.5451200e+06   4.0222168e+01
   3.5941450e+06   4.1137695e+01
   3.5942490e+06   3.1494141e+01
   3.5942710e+06   4.0039063e+01
   3.5942960e+06   4.5410156e+01
   3.5943360e+06   4.2968750e+01
   3.5943500e+06   3.1677246e+01
   3.5943840e+06   3.5827637e+01
   3.5944110e+06   3.1616211e+01
   3.5944460e+06   3.2043457e+01
   3.5944940e+06   3.2836914e+01
   3.5945710e+06   3.4606934e+01
   3.5947220e+06   3.5156250e+01
   3.6269720e+06   3.6743164e+01
   3.6520010e+06   3.5461426e+01
   3.6656280e+06   3.2226563e+01
   3.6672620e+06   3.2104492e+01
   3.6765020e+06   4.5654297e+01
   3.6765270e+06   3.2531738e+01
   3.6765820e+06   3.2531738e+01
   3.6766270e+06   4.0649414e+01
   3.6766710e+06   5.0048828e+01
   3.6766940e+06   3.4362793e+01
   3.6767710e+06   3.2531738e+01
   3.6768830e+06   3.7109375e+01
   3.6770300e+06   3.2165527e+01
   3.6771060e+06   3.4179688e+01
   3.6968190e+06   3.4729004e+01
   3.6975540e+06   3.4301758e+01
   3.7151030e+06   3.5217285e+01
   3.7154970e+06   3.4973145e+01
   3.7155600e+06   3.2714844e+01
   3.7229650e+06   3.2409668e+01
   3.7230850e+06   3.5583496e+01
   3.7231860e+06   3.3569336e+01
   3.7254770e+06   3.6682129e+01
   3.7255910e+06   3.3569336e+01
   3.7692180e+06   3.4057617e+01
   3.7827910e+06   3.2592773e+01
   3.7905180e+06   3.2958984e+01
   3.7905620e+06   3.2226563e+01
   3.7906400e+06   3.3691406e+01
   3.7907520e+06   3.6926270e+01
   3.8072650e+06   3.4851074e+01
   3.8187510e+06   3.5644531e+01
   3.8236900e+06   3.6682129e+01
   3.8371740e+06   3.4545898e+01
   3.8376760e+06   3.2836914e+01
   3.8467990e+06   3.4118652e+01
   3.8565390e+06   3.7292480e+01
   3.8570120e+06   3.6376953e+01
   3.8572260e+06   3.3630371e+01
   3.8668950e+06   3.4545898e+01
   3.8685950e+06   4.3395996e+01
   3.8836990e+06   3.3569336e+01
   3.8847620e+06   3.2958984e+01
   3.8903850e+06   3.1677246e+01
   3.8935430e+06   3.9916992e+01
   3.8935650e+06   4.1320801e+01
   3.8935900e+06   4.5288086e+01
   3.8936320e+06   3.2836914e+01
   3.8936680e+06   4.4006348e+01
   3.8937000e+06   3.3630371e+01
   3.8937450e+06   3.5705566e+01
   3.8938530e+06   3.7292480e+01
   3.8939110e+06   3.5400391e+01
   3.9087590e+06   3.8146973e+01
   3.9479560e+06   3.6376953e+01
   3.9504790e+06   3.7475586e+01
   3.9697570e+06   3.4545898e+01
   3.9701490e+06   3.6437988e+01
   3.9708470e+06   4.4128418e+01
   3.9708770e+06   3.8696289e+01
   3.9709020e+06   3.1799316e+01
   3.9709480e+06   3.1677246e+01
   3.9709640e+06   3.8574219e+01
   3.9710530e+06   3.2470703e+01
   3.9923400e+06   3.9794922e+01
   3.9928930e+06   3.1616211e+01
   4.0523030e+06   3.3081055e+01
   4.0525890e+06   4.1137695e+01
   4.0526280e+06   3.3813477e+01
   4.0526700e+06   3.2836914e+01
   4.0527380e+06   3.2470703e+01
   4.0528130e+06   3.1860352e+01
   4.0539900e+06   3.9001465e+01
   4.0546460e+06   3.8452148e+01
   4.1032770e+06   3.3386230e+01
   4.1047930e+06   3.4118652e+01
   4.1229740e+06   3.4057617e+01
   4.1233740e+06   3.7780762e+01
   4.1236180e+06   3.1616211e+01
   4.1243990e+06   3.1738281e+01
   4.1244710e+06   3.6437988e+01
   4.1245280e+06   3.4545898e+01
   4.1245690e+06   3.1982422e+01
   4.1249310e+06   3.6804199e+01
   4.1249850e+06   3.2043457e+01
   4.1250570e+06   4.2480469e+01
   4.1253080e+06   3.1860352e+01
   4.1812480e+06   3.8330078e+01
   4.2125410e+06   3.4667969e+01
   4.2143740e+06   3.3569336e+01
   4.2145750e+06   3.1921387e+01
   4.2147580e+06   3.3996582e+01
   4.2148690e+06   3.4423828e+01
   4.2149070e+06   3.4423828e+01
   4.2149430e+06   3.3081055e+01
   4.2151020e+06   3.1433105e+01
   4.2167830e+06   4.2541504e+01
   4.2456870e+06   3.1555176e+01
   4.2884000e+06   4.4067383e+01
   4.2884670e+06   3.2897949e+01
   4.2884920e+06   3.9611816e+01
   4.2885140e+06   3.1616211e+01
   4.2886260e+06   3.4973145e+01
   4.2887510e+06   4.1564941e+01
   4.2889350e+06   3.8330078e+01
   4.2890950e+06   3.1677246e+01
   4.3073750e+06   3.1433105e+01
   4.3096480e+06   3.6987305e+01
   4.3174800e+06   3.3935547e+01
   4.3221770e+06   3.3020020e+01
   4.3242470e+06   3.6315918e+01
   4.3351040e+06   3.6560059e+01
   4.3808930e+06   4.1442871e+01
   4.3809230e+06   5.1696777e+01
   4.3809490e+06   4.2846680e+01
   4.3809730e+06   3.6010742e+01
   4.3809980e+06   3.1982422e+01
   4.3810360e+06   4.1198730e+01
   4.3810930e+06   4.4189453e+01
   4.3811490e+06   4.0161133e+01
   4.3812830e+06   4.0771484e+01
   4.3813500e+06   3.3996582e+01
   4.4071910e+06   3.8024902e+01
   4.4285710e+06   3.8635254e+01
   4.4297500e+06   3.6254883e+01
   4.4322500e+06   3.2165527e+01
   4.4337420e+06   3.2775879e+01
   4.4345070e+06   3.4790039e+01
   4.4354410e+06   3.5827637e+01
   4.4362510e+06   3.5217285e+01
   4.4561150e+06   3.2775879e+01
   4.4764860e+06   3.3508301e+01
   4.4800880e+06   3.2775879e+01
   4.4802410e+06   3.1616211e+01
   4.4805870e+06   4.0649414e+01
   4.4806620e+06   3.4057617e+01
   4.4808120e+06   3.7963867e+01
   4.5150880e+06   3.2043457e+01
   4.5152840e+06   4.0405273e+01
   4.5175900e+06   3.6071777e+01
   4.5176300e+06   4.2114258e+01
   4.5176700e+06   3.8391113e+01
   4.5177440e+06   3.8452148e+01
   4.5177650e+06   4.2114258e+01
   4.5178560e+06   3.8818359e+01
   4.5178870e+06   3.6865234e+01
   4.5178980e+06   3.2714844e+01
   4.5179520e+06   3.1799316e+01
   4.5181560e+06   3.5522461e+01
   4.5181920e+06   4.4494629e+01
   4.5182260e+06   3.1433105e+01
   4.5183180e+06   4.7241211e+01
   4.5184030e+06   3.6315918e+01
   4.5186630e+06   3.3203125e+01
   4.5187260e+06   3.6621094e+01
   4.5188020e+06   3.1494141e+01
   4.5188490e+06   3.1982422e+01
   4.5190790e+06   3.1921387e+01
   4.5516250e+06   3.1738281e+01
   4.5565910e+06   3.2775879e+01
   4.5688520e+06   4.0527344e+01
   4.5690880e+06   3.2958984e+01
   4.5784540e+06   3.1433105e+01
   4.5787310e+06   3.3447266e+01
   4.5791370e+06   3.6132813e+01
   4.5793040e+06   3.4179688e+01
   4.5799590e+06   4.1076660e+01
   4.5867510e+06   3.1616211e+01
   4.5870050e+06   3.2165527e+01
   4.6121200e+06   3.2104492e+01
   4.6124150e+06   3.4912109e+01
   4.6125090e+06   3.3203125e+01
   4.6125930e+06   3.1677246e+01
   4.6133210e+06   4.2297363e+01
   4.6326220e+06   3.7109375e+01
   4.6394200e+06   3.2409668e+01
   4.6494300e+06   3.9672852e+01
   4.6566290e+06   3.5400391e+01
   4.6604570e+06   3.5705566e+01
   4.6700110e+06   3.3996582e+01
   4.6765140e+06   3.9916992e+01
   4.6770080e+06   3.6315918e+01
   4.6800440e+06   4.4433594e+01
   4.6883790e+06   3.7048340e+01
   4.6908700e+06   3.3996582e+01
   4.6913280e+06   3.5278320e+01
   4.7029600e+06   3.1677246e+01
   4.7139010e+06   3.4057617e+01
   4.7144180e+06   3.4362793e+01
   4.7210160e+06   3.1433105e+01
   4.7210670e+06   4.2053223e+01
   4.7210990e+06   3.3996582e+01
   4.7214720e+06   3.2836914e+01
   4.7219950e+06   3.3813477e+01
   4.7221730e+06   3.9123535e+01
   4.7225970e+06   3.4057617e+01
   4.7776160e+06   3.4484863e+01
   4.7834470e+06   3.4301758e+01
   4.7834770e+06   4.7790527e+01
   4.7835410e+06   3.5156250e+01
   4.7851500e+06   3.5034180e+01
   4.8131710e+06   3.4423828e+01
   4.8224080e+06   3.3569336e+01
   4.8234690e+06   3.2409668e+01
   4.8306480e+06   3.3569336e+01
   4.8360980e+06   4.3701172e+01
   4.8606130e+06   3.2775879e+01
   4.8626890e+06   3.5644531e+01
   4.8651320e+06   4.1992188e+01
   4.8657040e+06   4.2419434e+01
   4.8658110e+06   3.6682129e+01
   4.8659320e+06   3.2287598e+01
   4.8660640e+06   3.8513184e+01
   4.8661130e+06   3.3508301e+01
   4.8662130e+06   4.7790527e+01
   4.8662390e+06   4.5227051e+01
   4.8662780e+06   3.2470703e+01
   4.8663160e+06   3.9916992e+01
   4.8664490e+06   3.2409668e+01
   4.8664730e+06   3.6926270e+01
   4.8666110e+06   3.2165527e+01
   4.8666740e+06   3.7048340e+01
   4.8667700e+06   3.2409668e+01
   4.8668190e+06   3.2287598e+01
   4.8685310e+06   4.4372559e+01
   4.8974920e+06   3.5400391e+01
   4.8978460e+06   3.2104492e+01
   4.9097640e+06   3.7292480e+01
   4.9187280e+06   3.6071777e+01
   4.9193610e+06   3.5888672e+01
   4.9195320e+06   3.3325195e+01
   4.9196930e+06   3.3996582e+01
   4.9200810e+06   4.0588379e+01
   4.9201430e+06   3.2409668e+01
   4.9210020e+06   3.4545898e+01
   4.9261170e+06   3.7109375e+01
   4.9262000e+06   3.2653809e+01
   4.9346280e+06   3.1921387e+01
   4.9361310e+06   3.2104492e+01
   4.9374390e+06   3.2897949e+01
   4.9381290e+06   3.7902832e+01
   4.9382100e+06   3.2043457e+01
   4.9390390e+06   3.6315918e+01
   4.9393380e+06   3.1433105e+01
   4.9538800e+06   3.1860352e+01
   4.9656800e+06   3.2348633e+01
   4.9669020e+06   3.4729004e+01
   4.9680450e+06   3.7048340e+01
   4.9720160e+06   3.5949707e+01
   4.9865200e+06   3.1738281e+01
   4.9871870e+06   3.7475586e+01
   4.9900940e+06   3.2958984e+01
   4.9902050e+06   3.3996582e+01
   4.9976580e+06   3.7353516e+01
   5.0000370e+06   4.2480469e+01
   5.0071900e+06   3.7109375e+01
   5.0102100e+06   3.3874512e+01
   5.0115260e+06   3.7780762e+01
   5.0126870e+06   3.1799316e+01
   5.0134600e+06   3.3752441e+01
   5.0151090e+06   4.2724609e+01
   5.0162380e+06   3.2531738e+01
   5.0162630e+06   3.6865234e+01
   5.0163350e+06   3.8391113e+01
   5.0164880e+06   3.5217285e+01
   5.0206370e+06   3.7536621e+01
   5.0222850e+06   3.4912109e+01
   5.0412380e+06   3.4973145e+01
   5.0604350e+06   3.5583496e+01
   5.0620840e+06   3.6804199e+01
   5.0684190e+06   3.7292480e+01
   5.0772860e+06   3.3813477e+01
   5.0888730e+06   3.7170410e+01
   5.0915050e+06   3.5095215e+01
   5.0997240e+06   4.0771484e+01
   5.1002150e+06   3.7109375e+01
   5.1008440e+06   3.2043457e+01
   5.1131690e+06   3.3935547e+01
   5.1132870e+06   3.5156250e+01
   5.1137930e+06   3.3874512e+01
   5.1141540e+06   4.0100098e+01
   5.1146280e+06   3.7963867e+01
   5.1283190e+06   3.3874512e+01
   5.1308080e+06   3.5217285e+01
   5.1309210e+06   3.6682129e+01
   5.1309480e+06   3.4118652e+01
   5.1309770e+06   3.2775879e+01
   5.1310380e+06   3.4729004e+01
   5.1311800e+06   4.3762207e+01
   5.1312110e+06   3.6437988e+01
   5.1312880e+06   3.7048340e+01
   5.1501940e+06   3.1494141e+01
   5.1733860e+06   3.3691406e+01
   5.1809250e+06   3.3447266e+01
   5.1835700e+06   3.5034180e+01
   5.1880320e+06   3.4301758e+01
   5.1940010e+06   3.2165527e+01
   5.1941020e+06   3.2836914e+01
   5.1977150e+06   4.0954590e+01
   5.1985240e+06   3.5949707e+01
   5.2054500e+06   3.3752441e+01
   5.2061590e+06   3.4057617e+01
   5.2063280e+06   3.2226563e+01
   5.2083340e+06   3.9855957e+01
   5.2083580e+06   3.1555176e+01
   5.2084690e+06   3.3874512e+01
   5.2085270e+06   3.2470703e+01
   5.2087770e+06   3.1494141e+01
   5.2089880e+06   3.8818359e+01
   5.2091370e+06   3.3203125e+01
   5.2092040e+06   3.2775879e+01
   5.2096530e+06   3.4729004e+01
   5.2428320e+06   3.5583496e+01
   5.2741720e+06   3.1494141e+01
   5.2742050e+06   3.1738281e+01
   5.2742320e+06   4.3273926e+01
   5.2742600e+06   3.2348633e+01
   5.2742730e+06   3.1433105e+01
   5.2742990e+06   3.5400391e+01
   5.2743290e+06   3.5156250e+01
   5.2743570e+06   3.6865234e+01
   5.2743850e+06   3.1433105e+01
   5.2744670e+06   3.2470703e+01
   5.2745060e+06   3.8696289e+01
   5.2745610e+06   3.1494141e+01
   5.2746840e+06   3.6315918e+01
   5.3249480e+06   3.6865234e+01
   5.3416800e+06   3.3813477e+01
   5.3577340e+06   3.1738281e+01
   5.3668660e+06   3.9733887e+01
   5.3674800e+06   3.7109375e+01
   5.3676730e+06   3.5644531e+01
   5.3679440e+06   3.4729004e+01
   5.3729930e+06   3.1799316e+01
   5.3742740e+06   3.1982422e+01
   5.3873430e+06   3.4118652e+01
   5.3880440e+06   3.5034180e+01
   5.4095380e+06   3.4545898e+01
   5.4213490e+06   3.1555176e+01
   5.4251050e+06   3.2897949e+01
   5.4259760e+06   4.0954590e+01
   5.4282420e+06   3.5766602e+01
   5.4393390e+06   4.2907715e+01
   5.4393980e+06   4.1748047e+01
   5.4394800e+06   3.6499023e+01
   5.4424360e+06   3.2348633e+01
   5.4823970e+06   3.5888672e+01
   5.4826130e+06   3.4851074e+01
   5.4826930e+06   3.5278320e+01
   5.4829810e+06   3.3325195e+01
   5.4830500e+06   3.2104492e+01
   5.4843640e+06   3.1616211e+01
   5.5242790e+06   3.1677246e+01
   5.5329930e+06   3.2958984e+01
   5.5331630e+06   3.9367676e+01
   5.5580350e+06   3.2775879e+01
   5.6037200e+06   4.0466309e+01
   5.6037420e+06   3.8513184e+01
   5.6037700e+06   4.2175293e+01
   5.6037930e+06   3.9550781e+01
   5.6038190e+06   3.8574219e+01
   5.6038770e+06   3.3447266e+01
   5.6039050e+06   3.5949707e+01
   5.6039510e+06   3.6315918e+01
   5.6041250e+06   3.6193848e+01
   5.6042810e+06   4.1931152e+01
   5.6044530e+06   3.2104492e+01
   5.6045380e+06   3.8146973e+01
   5.6051010e+06   3.3081055e+01
   5.6571590e+06   3.8635254e+01
   5.6589720e+06   3.3325195e+01
   5.6594990e+06   3.1433105e+01
   5.6666170e+06   3.4851074e+01
   5.6669660e+06   3.3325195e+01
   5.6681380e+06   3.3630371e+01
   5.6690400e+06   3.7048340e+01
   5.6741430e+06   3.2043457e+01
   5.6861210e+06   3.8024902e+01
   5.6957320e+06   4.2053223e+01
   5.7035300e+06   3.8330078e+01
   5.7154530e+06   3.3447266e+01
   5.7175330e+06   3.7597656e+01
   5.7176320e+06   3.8269043e+01
   5.7284460e+06   3.2592773e+01
   5.7334650e+06   3.4362793e+01
   5.7405330e+06   3.2409668e+01
   5.7465090e+06   3.8330078e+01
   5.7501940e+06   3.5339355e+01
   5.7656360e+06   3.3020020e+01
   5.7662580e+06   3.3813477e+01
   5.7758470e+06   3.5827637e+01
   5.8029400e+06   3.2409668e+01
   5.8029860e+06   3.2165527e+01
   5.8030180e+06   3.1799316e+01
   5.8030620e+06   3.1433105e+01
   5.8031100e+06   3.3569336e+01
   5.8031340e+06   3.2470703e+01
   5.8032220e+06   3.6926270e+01
   5.8326840e+06   3.3508301e+01
   5.8372450e+06   3.1616211e+01
   5.8421590e+06   3.2897949e+01
   5.8525730e+06   3.7170410e+01
   5.8632040e+06   3.3752441e+01
   5.8632840e+06   3.3996582e+01
   5.8633850e+06   4.4006348e+01
   5.8638470e+06   3.1494141e+01
   5.8924740e+06   3.1555176e+01
   5.8925230e+06   3.6437988e+01
   5.8951310e+06   3.1860352e+01
   5.9058150e+06   3.2592773e+01
   5.9138470e+06   3.3264160e+01
   5.9139600e+06   3.8818359e+01
   5.9231110e+06   4.2419434e+01
   5.9233490e+06   3.5400391e+01
   5.9405110e+06   3.1860352e+01
   5.9686430e+06   3.3081055e+01
   5.9688750e+06   3.4423828e+01
   5.9691220e+06   3.3752441e+01
