   5.9980000e+06   0.0000000e+00
   5.1300000e+03   3.3935547e+01
   1.2153000e+04   3.6071777e+01
   1.5533000e+04   3.8208008e+01
   1.5546000e+04   3.3874512e+01
   2.7968000e+04   3.1677246e+01
   5.1324000e+04   3.6682129e+01
   5.2051000e+04   3.3325195e+01
   5.2077000e+04   3.9184570e+01
   5.2088000e+04   5.5786133e+01
   5.2109000e+04   3.9062500e+01
   5.2130000e+04   3.2836914e+01
   5.2141000e+04   6.6162109e+01
   5.2163000e+04   3.5644531e+01
   5.2208000e+04   4.5288086e+01
   5.2232000e+04   4.1870117e+01
   5.2283000e+04   3.3813477e+01
   5.2318000e+04   3.2958984e+01
   5.2343000e+04   3.9306641e+01
   5.2493000e+04   3.5522461e+01
   5.2536000e+04   3.5339355e+01
   5.2637000e+04   3.1799316e+01
   5.8124000e+04   3.1738281e+01
   7.1816000e+04   3.3813477e+01
   7.3064000e+04   3.2104492e+01
   7.9540000e+04   3.5278320e+01
   8.2860000e+04   3.2287598e+01
   8.3296000e+04   3.1311035e+01
   8.9977000e+04   3.2409668e+01
   9.2453000e+04   3.2043457e+01
   9.7493000e+04   3.2043457e+01
   9.9205000e+04   3.2836914e+01
   1.0134000e+05   4.0893555e+01
   1.0504100e+05   3.4484863e+01
   1.0600600e+05   3.2165527e+01
   1.0660200e+05   3.5705566e+01
   1.0665700e+05   3.6254883e+01
   1.0929100e+05   3.2592773e+01
   1.1190200e+05   3.2287598e+01
   1.2235600e+05   3.4973145e+01
   1.2986800e+05   3.4362793e+01
   1.5301100e+05   3.1372070e+01
   1.5876500e+05   3.1250000e+01
   1.6011200e+05   3.1188965e+01
   1.6925600e+05   3.9306641e+01
   1.7058900e+05   3.3142090e+01
   1.7115200e+05   3.7841797e+01
   1.7132400e+05   3.5095215e+01
   1.7406900e+05   3.2775879e+01
   1.7445400e+05   3.1738281e+01
   1.9129100e+05   3.3691406e+01
   2.0004500e+05   3.2714844e+01
   2.0044000e+05   4.1687012e+01
   2.0351500e+05   3.1066895e+01
   2.0463500e+05   3.3264160e+01
   2.0597100e+05   3.4729004e+01
   2.3849600e+05   3.3996582e+01
   2.4394900e+05   3.3874512e+01
   2.4771900e+05   3.2287598e+01
   2.5056300e+05   3.2104492e+01
   2.5957100e+05   3.1066895e+01
   2.6549000e+05   3.1127930e+01
   2.7191800e+05   3.1799316e+01
   2.8036900e+05   3.1127930e+01
   2.8341000e+05   3.4545898e+01
   2.8494100e+05   3.3569336e+01
   2.8807400e+05   3.1250000e+01
   3.0129800e+05   3.4851074e+01
   3.0171400e+05   3.2653809e+01
   3.1363000e+05   3.2958984e+01
   3.2306400e+05   3.5339355e+01
   3.2308200e+05   7.9101563e+01
   3.2309800e+05   5.5603027e+01
   3.2313700e+05   4.4067383e+01
   3.2316000e+05   3.4851074e+01
   3.2321000e+05   3.7780762e+01
   3.2322000e+05   3.4362793e+01
   3.2324100e+05   4.0771484e+01
   3.2327300e+05   4.1015625e+01
   3.2328700e+05   3.9428711e+01
   3.2330100e+05   3.5949707e+01
   3.2332900e+05   3.2348633e+01
   3.2341300e+05   3.1494141e+01
   3.2350100e+05   3.9794922e+01
   3.2353300e+05   3.3203125e+01
   3.2355200e+05   3.3752441e+01
   3.2361100e+05   3.3264160e+01
   3.2364500e+05   3.8574219e+01
   3.2365800e+05   3.1250000e+01
   3.2385300e+05   3.4423828e+01
   3.2398400e+05   3.2104492e+01
   3.2433200e+05   3.2409668e+01
   3.2465700e+05   3.2104492e+01
   3.2489700e+05   3.3142090e+01
   3.2516600e+05   3.4179688e+01
   3.2595000e+05   3.1921387e+01
   3.2621300e+05   3.5034180e+01
   3.2719700e+05   3.9062500e+01
   3.3017400e+05   3.3142090e+01
   3.5515300e+05   3.2165527e+01
   4.0134500e+05   3.3081055e+01
   4.0525100e+05   3.3752441e+01
   4.0845200e+05   3.1433105e+01
   4.1139400e+05   3.5644531e+01
   4.3325800e+05   3.1127930e+01
   4.5202700e+05   3.1127930e+01
   4.6168600e+05   3.1372070e+01
   4.7012400e+05   3.2653809e+01
   4.7379300e+05   3.3142090e+01
   4.7862000e+05   3.2531738e+01
   4.8071300e+05   3.4423828e+01
   4.8499200e+05   3.1860352e+01
   4.8593400e+05   3.6437988e+01
   4.8758500e+05   3.4790039e+01
   5.0235500e+05   3.3813477e+01
   5.0822100e+05   3.1066895e+01
   5.2227000e+05   3.1066895e+01
   5.2891500e+05   3.2653809e+01
   5.3077200e+05   3.2897949e+01
   5.3429800e+05   3.4729004e+01
   5.3924600e+05   3.1372070e+01
   5.6908600e+05   3.2287598e+01
   5.7032500e+05   3.4057617e+01
   5.7037400e+05   4.5654297e+01
   5.7039000e+05   5.2673340e+01
   5.7040200e+05   3.2409668e+01
   5.7043100e+05   4.9926758e+01
   5.7045200e+05   4.3029785e+01
   5.7046600e+05   3.6560059e+01
   5.7050400e+05   3.5827637e+01
   5.7051400e+05   3.2531738e+01
   5.7053200e+05   3.7719727e+01
   5.7060300e+05   6.7016602e+01
   5.7062400e+05   4.2663574e+01
   5.7070000e+05   3.5095215e+01
   5.7088300e+05   3.2348633e+01
   5.7307000e+05   3.1311035e+01
   5.7607700e+05   3.7658691e+01
   5.9054200e+05   3.2714844e+01
   5.9130000e+05   3.2043457e+01
   5.9174400e+05   3.2531738e+01
   5.9180700e+05   3.9611816e+01
   5.9183000e+05   3.2714844e+01
   5.9197100e+05   3.3569336e+01
   5.9227500e+05   3.6987305e+01
   5.9230300e+05   3.4423828e+01
   5.9233800e+05   3.2592773e+01
   5.9241600e+05   3.2165527e+01
   5.9260900e+05   3.2592773e+01
   5.9298200e+05   3.4484863e+01
   5.9592500e+05   3.2348633e+01
   6.0488800e+05   3.1311035e+01
   6.0495500e+05   4.3334961e+01
   6.0720400e+05   3.3264160e+01
   6.0736900e+05   3.1738281e+01
   6.1547600e+05   3.2775879e+01
   6.2058300e+05   3.6926270e+01
   6.2715300e+05   3.6071777e+01
   6.3883200e+05   3.1066895e+01
   6.4542200e+05   3.7109375e+01
   6.5871700e+05   3.1494141e+01
   6.6246100e+05   3.8635254e+01
   6.6251100e+05   4.5043945e+01
   6.6253400e+05   4.9621582e+01
   6.6255700e+05   3.2226562e+01
   6.6262100e+05   3.8391113e+01
   6.6279900e+05   3.5888672e+01
   6.6280900e+05   4.1931152e+01
   6.6289600e+05   4.9499512e+01
   6.6311900e+05   3.1921387e+01
   6.7173500e+05   3.2653809e+01
   6.8534200e+05   3.4118652e+01
   6.8942900e+05   3.2897949e+01
   7.0425200e+05   3.4484863e+01
   7.0614800e+05   3.2958984e+01
   7.1135600e+05   3.2104492e+01
   7.1671900e+05   3.5156250e+01
   7.1843400e+05   3.4484863e+01
   7.3589800e+05   4.1320801e+01
   7.3655600e+05   3.4362793e+01
   7.3666600e+05   3.7109375e+01
   7.3668100e+05   6.3415527e+01
   7.3669200e+05   4.5288086e+01
   7.3678700e+05   3.1127930e+01
   7.3701000e+05   3.3386230e+01
   7.3712900e+05   3.7841797e+01
   7.3728700e+05   4.0039063e+01
   7.3743200e+05   3.1433105e+01
   7.5948600e+05   3.2592773e+01
   7.7206300e+05   3.2531738e+01
   7.7940700e+05   3.4545898e+01
   7.8490900e+05   4.0161133e+01
   7.8862500e+05   3.3874512e+01
   7.9708400e+05   3.2226562e+01
   7.9891200e+05   3.2348633e+01
   8.0844100e+05   3.3752441e+01
   8.1042500e+05   3.1250000e+01
   8.1051400e+05   3.2714844e+01
   8.1053000e+05   3.5766602e+01
   8.1055200e+05   3.3935547e+01
   8.1057900e+05   4.6142578e+01
   8.1059900e+05   4.7607422e+01
   8.1115100e+05   4.1748047e+01
   8.3245300e+05   3.2409668e+01
   8.4364300e+05   3.2714844e+01
   8.5285000e+05   3.4179688e+01
   8.6171600e+05   3.4118652e+01
   8.6635700e+05   3.3447266e+01
   8.7378600e+05   3.1372070e+01
   8.7559100e+05   3.1616211e+01
   8.7604900e+05   3.9916992e+01
   8.8153100e+05   3.9245605e+01
   8.8716100e+05   3.6804199e+01
   8.8750700e+05   3.1433105e+01
   8.9087800e+05   3.1921387e+01
   9.0419000e+05   3.4179688e+01
   9.0458200e+05   3.2958984e+01
   9.1380800e+05   3.2958984e+01
   9.1387000e+05   3.1677246e+01
   9.1402800e+05   3.1616211e+01
   9.1794200e+05   3.1433105e+01
   9.2558900e+05   3.1127930e+01
   9.2896200e+05   3.3142090e+01
   9.3176600e+05   3.2653809e+01
   9.3243800e+05   3.1616211e+01
   9.3317000e+05   3.5583496e+01
   9.3363000e+05   3.6132813e+01
   9.3408200e+05   3.7170410e+01
   9.3412300e+05   3.3081055e+01
   9.3664600e+05   3.3691406e+01
   9.4031900e+05   3.3996582e+01
   9.4123400e+05   3.4301758e+01
   9.4284700e+05   3.3264160e+01
   9.4372000e+05   3.3935547e+01
   9.4674300e+05   3.2104492e+01
   9.4989900e+05   3.4362793e+01
   9.5093800e+05   3.3020020e+01
   9.5206400e+05   3.2409668e+01
   9.5481000e+05   3.6315918e+01
   9.5532300e+05   3.1372070e+01
   9.6326600e+05   3.6987305e+01
   9.8268400e+05   3.1066895e+01
   9.9444500e+05   3.1433105e+01
   9.9768600e+05   3.1127930e+01
   1.0019050e+06   3.9916992e+01
   1.0036820e+06   3.3508301e+01
   1.0039100e+06   3.1677246e+01
   1.0177260e+06   3.2348633e+01
   1.0348840e+06   3.5827637e+01
   1.0437450e+06   3.1494141e+01
   1.0462850e+06   3.1799316e+01
   1.0583300e+06   3.2836914e+01
   1.0610600e+06   3.2775879e+01
   1.0713770e+06   3.1127930e+01
   1.0718770e+06   3.2043457e+01
   1.0720820e+06   3.6010742e+01
   1.0725390e+06   3.1677246e+01
   1.0799480e+06   3.4912109e+01
   1.0810230e+06   3.5644531e+01
   1.0810600e+06   8.5876465e+01
   1.0810900e+06   4.5288086e+01
   1.0811040e+06   6.7077637e+01
   1.0811420e+06   3.6499023e+01
   1.0811670e+06   3.3752441e+01
   1.0811980e+06   3.4057617e+01
   1.0812080e+06   3.1738281e+01
   1.0812470e+06   3.2226563e+01
   1.0812720e+06   3.4973145e+01
   1.0813400e+06   4.6997070e+01
   1.0813970e+06   3.2958984e+01
   1.0814400e+06   3.4790039e+01
   1.0814830e+06   3.1982422e+01
   1.0815870e+06   3.4423828e+01
   1.0817060e+06   3.1066895e+01
   1.0818770e+06   3.2592773e+01
   1.0821900e+06   3.5156250e+01
   1.0826970e+06   3.3691406e+01
   1.1135070e+06   3.1860352e+01
   1.1138130e+06   3.2043457e+01
   1.1169760e+06   3.1066895e+01
   1.1188170e+06   3.1372070e+01
   1.1295710e+06   3.4423828e+01
   1.1517470e+06   3.5156250e+01
   1.1558000e+06   3.4057617e+01
   1.1581190e+06   3.1066895e+01
   1.1777610e+06   3.2409668e+01
   1.1798070e+06   3.7048340e+01
   1.1809340e+06   3.1860352e+01
   1.1817360e+06   3.3020020e+01
   1.1844180e+06   3.4973145e+01
   1.1857120e+06   3.3691406e+01
   1.1911960e+06   3.3325195e+01
   1.1918280e+06   3.1799316e+01
   1.2059690e+06   3.3142090e+01
   1.2108570e+06   3.2165527e+01
   1.2120460e+06   3.5888672e+01
   1.2157140e+06   3.4606934e+01
   1.2281670e+06   3.9733887e+01
   1.2307750e+06   3.3752441e+01
   1.2361320e+06   3.3081055e+01
   1.2361440e+06   7.2570801e+01
   1.2361620e+06   4.0771484e+01
   1.2361940e+06   5.9570313e+01
   1.2362070e+06   3.2165527e+01
   1.2362360e+06   4.4860840e+01
   1.2362760e+06   3.4362793e+01
   1.2362970e+06   3.9367676e+01
   1.2363150e+06   5.0109863e+01
   1.2363540e+06   3.3996582e+01
   1.2364200e+06   5.3283691e+01
   1.2401560e+06   3.1921387e+01
   1.2439710e+06   3.9672852e+01
   1.2533240e+06   3.8818359e+01
   1.2538420e+06   3.3935547e+01
   1.2577050e+06   3.3630371e+01
   1.2760890e+06   3.3081055e+01
   1.2814890e+06   3.1982422e+01
   1.2935770e+06   3.6987305e+01
   1.3241350e+06   3.1433105e+01
   1.3254370e+06   3.1250000e+01
   1.3260300e+06   4.0283203e+01
   1.3270600e+06   3.2104492e+01
   1.3294250e+06   3.1433105e+01
   1.3299690e+06   5.2124023e+01
   1.3299980e+06   4.5898438e+01
   1.3301870e+06   4.0954590e+01
   1.3305540e+06   4.0405273e+01
   1.3305750e+06   3.2958984e+01
   1.3411010e+06   3.1066895e+01
   1.3481130e+06   3.1738281e+01
   1.3607540e+06   3.2409668e+01
   1.3634280e+06   3.1799316e+01
   1.3729420e+06   3.2165527e+01
   1.3741580e+06   3.5400391e+01
   1.3748430e+06   3.5034180e+01
   1.3749970e+06   3.2165527e+01
   1.3751010e+06   3.5095215e+01
   1.3752310e+06   3.8452148e+01
   1.3752450e+06   3.1860352e+01
   1.3753140e+06   3.5461426e+01
   1.3753700e+06   3.9550781e+01
   1.3753970e+06   3.7414551e+01
   1.3754140e+06   3.8146973e+01
   1.3754660e+06   4.1809082e+01
   1.3755160e+06   3.7536621e+01
   1.3755850e+06   3.2531738e+01
   1.3755970e+06   4.2358398e+01
   1.3756810e+06   3.3874512e+01
   1.3756930e+06   3.3447266e+01
   1.3757100e+06   3.2958984e+01
   1.3757580e+06   5.1330566e+01
   1.3757900e+06   3.1738281e+01
   1.3758420e+06   3.8024902e+01
   1.3758570e+06   4.2053223e+01
   1.3758970e+06   3.3996582e+01
   1.3760220e+06   5.4443359e+01
   1.3761520e+06   4.3395996e+01
   1.3926200e+06   3.3874512e+01
   1.4055900e+06   3.6437988e+01
   1.4141030e+06   3.2592773e+01
   1.4206350e+06   3.4790039e+01
   1.4219270e+06   3.7048340e+01
   1.4321690e+06   3.1433105e+01
   1.4343560e+06   3.3569336e+01
   1.4363120e+06   3.3569336e+01
   1.4426990e+06   3.2897949e+01
   1.4567830e+06   3.2714844e+01
   1.4647190e+06   3.1616211e+01
   1.4833140e+06   4.0100098e+01
   1.4903090e+06   3.4667969e+01
   1.4978920e+06   3.3569336e+01
   1.5064650e+06   3.2897949e+01
   1.5107690e+06   3.3264160e+01
   1.5138500e+06   3.3508301e+01
   1.5230340e+06   3.6682129e+01
   1.5267250e+06   3.3203125e+01
   1.5384340e+06   3.8818359e+01
   1.5668070e+06   4.4372559e+01
   1.5738930e+06   3.1311035e+01
   1.5805620e+06   3.4729004e+01
   1.5991360e+06   3.7048340e+01
   1.6007540e+06   3.3264160e+01
   1.6038020e+06   3.3691406e+01
   1.6043790e+06   3.1860352e+01
   1.6044550e+06   3.2165527e+01
   1.6057960e+06   3.7963867e+01
   1.6168240e+06   3.2592773e+01
   1.6200190e+06   3.2470703e+01
   1.6200770e+06   3.2409668e+01
   1.6201570e+06   3.7963867e+01
   1.6203900e+06   3.2531738e+01
   1.6204260e+06   3.6254883e+01
   1.6205380e+06   3.4240723e+01
   1.6205520e+06   3.2287598e+01
   1.6205760e+06   3.4362793e+01
   1.6205950e+06   3.1433105e+01
   1.6206950e+06   5.1086426e+01
   1.6207970e+06   3.7292480e+01
   1.6208130e+06   3.1982422e+01
   1.6208380e+06   3.1250000e+01
   1.6208630e+06   3.9672852e+01
   1.6212040e+06   3.2226563e+01
   1.6212310e+06   5.7250977e+01
   1.6214250e+06   3.1494141e+01
   1.6439610e+06   3.3569336e+01
   1.6444840e+06   3.2348633e+01
   1.6453200e+06   3.1372070e+01
   1.6488580e+06   3.4423828e+01
   1.6525570e+06   3.4423828e+01
   1.6616800e+06   3.6865234e+01
   1.6647770e+06   3.6743164e+01
   1.6652450e+06   3.3935547e+01
   1.6728210e+06   3.1799316e+01
   1.6816540e+06   3.1494141e+01
   1.6926960e+06   3.5522461e+01
   1.6950220e+06   3.4362793e+01
   1.7089240e+06   3.2653809e+01
   1.7123820e+06   3.5644531e+01
   1.7123950e+06   4.2236328e+01
   1.7124280e+06   3.5766602e+01
   1.7125060e+06   3.9672852e+01
   1.7125340e+06   3.5278320e+01
   1.7293210e+06   3.2653809e+01
   1.7361100e+06   3.2897949e+01
   1.7373570e+06   3.2348633e+01
   1.7422380e+06   5.5297852e+01
   1.7571810e+06   3.1677246e+01
   1.7603530e+06   3.8452148e+01
   1.7642530e+06   3.2226563e+01
   1.7678810e+06   3.5827637e+01
   1.7692740e+06   3.3874512e+01
   1.7699900e+06   3.1982422e+01
   1.7705640e+06   3.3203125e+01
   1.7777640e+06   3.1555176e+01
   1.7823690e+06   3.4240723e+01
   1.7838440e+06   3.2653809e+01
   1.7840780e+06   3.3020020e+01
   1.8016780e+06   3.1127930e+01
   1.8077330e+06   3.2287598e+01
   1.8077900e+06   3.2104492e+01
   1.8102420e+06   3.4606934e+01
   1.8105780e+06   3.2104492e+01
   1.8105890e+06   5.2917480e+01
   1.8106030e+06   5.9814453e+01
   1.8106390e+06   4.4494629e+01
   1.8106850e+06   3.3691406e+01
   1.8107100e+06   3.6193848e+01
   1.8108000e+06   3.1555176e+01
   1.8108290e+06   3.4118652e+01
   1.8206870e+06   3.3813477e+01
   1.8287340e+06   3.5522461e+01
   1.8290810e+06   3.4973145e+01
   1.8294970e+06   3.3203125e+01
   1.8296490e+06   3.6621094e+01
   1.8297620e+06   3.2226563e+01
   1.8300790e+06   3.1677246e+01
   1.8301470e+06   4.2663574e+01
   1.8308480e+06   3.3264160e+01
   1.8308910e+06   3.6743164e+01
   1.8616010e+06   6.6345215e+01
   1.8616270e+06   3.2348633e+01
   1.8621080e+06   3.6315918e+01
   1.8694620e+06   3.6682129e+01
   1.8752360e+06   3.4423828e+01
   1.8765180e+06   3.2287598e+01
   1.8823590e+06   3.1372070e+01
   1.8876570e+06   3.3142090e+01
   1.8878480e+06   3.1250000e+01
   1.8908590e+06   3.7109375e+01
   1.8909710e+06   4.2724609e+01
   1.8916800e+06   3.7475586e+01
   1.8917030e+06   4.3212891e+01
   1.8957180e+06   3.5217285e+01
   1.9061510e+06   3.2897949e+01
   1.9161130e+06   3.1066895e+01
   1.9216610e+06   4.1748047e+01
   1.9260020e+06   3.3996582e+01
   1.9404650e+06   3.2836914e+01
   1.9443410e+06   3.8513184e+01
   1.9477360e+06   3.4057617e+01
   1.9642980e+06   3.2348633e+01
   1.9718670e+06   3.1738281e+01
   1.9720740e+06   3.4973145e+01
   1.9725390e+06   3.7048340e+01
   1.9800110e+06   3.2226563e+01
   1.9806320e+06   3.4423828e+01
   1.9811220e+06   3.6499023e+01
   1.9813070e+06   3.7597656e+01
   1.9813750e+06   3.1494141e+01
   2.0056920e+06   3.3325195e+01
   2.0100230e+06   3.2653809e+01
   2.0210250e+06   3.1982422e+01
   2.0282460e+06   3.2043457e+01
   2.0324280e+06   3.2348633e+01
   2.0362360e+06   3.1982422e+01
   2.0404840e+06   3.1127930e+01
   2.0406170e+06   3.1250000e+01
   2.0419460e+06   4.7668457e+01
   2.0451110e+06   3.5339355e+01
   2.0456890e+06   3.6071777e+01
   2.0589790e+06   3.5522461e+01
   2.0595950e+06   5.5175781e+01
   2.0596230e+06   3.9672852e+01
   2.0596360e+06   5.2917480e+01
   2.0596640e+06   4.3212891e+01
   2.0596950e+06   3.1738281e+01
   2.0597070e+06   5.1635742e+01
   2.0597510e+06   3.1250000e+01
   2.0597770e+06   4.2297363e+01
   2.0734000e+06   3.4484863e+01
   2.0853520e+06   3.3508301e+01
   2.0918480e+06   3.4729004e+01
   2.0988650e+06   3.1494141e+01
   2.1025590e+06   3.2897949e+01
   2.1052250e+06   3.5583496e+01
   2.1141040e+06   3.7170410e+01
   2.1229950e+06   3.3386230e+01
   2.1262630e+06   3.3935547e+01
   2.1412360e+06   3.1860352e+01
   2.1443140e+06   3.5156250e+01
   2.1470100e+06   3.1494141e+01
   2.1492530e+06   3.3020020e+01
   2.1494510e+06   3.2348633e+01
   2.1496480e+06   3.2531738e+01
   2.1504050e+06   3.5827637e+01
   2.1524240e+06   3.8330078e+01
   2.1531010e+06   3.3874512e+01
   2.1534240e+06   3.4179688e+01
   2.1537000e+06   3.2714844e+01
   2.1539090e+06   4.0466309e+01
   2.1572200e+06   3.4912109e+01
   2.1657300e+06   3.6926270e+01
   2.1789570e+06   3.1677246e+01
   2.1874010e+06   3.5156250e+01
   2.2127740e+06   3.1494141e+01
   2.2216330e+06   3.1616211e+01
   2.2293760e+06   3.2897949e+01
   2.2322070e+06   3.7719727e+01
   2.2380690e+06   4.2480469e+01
   2.2470930e+06   3.2470703e+01
   2.2526040e+06   3.1127930e+01
   2.2539470e+06   3.3325195e+01
   2.2560530e+06   3.2043457e+01
   2.2560770e+06   3.3264160e+01
   2.2560940e+06   3.2287598e+01
   2.2561150e+06   5.6152344e+01
   2.2677650e+06   3.3386230e+01
   2.2728500e+06   3.8391113e+01
   2.2819600e+06   3.3325195e+01
   2.2993720e+06   3.3020020e+01
   2.3070170e+06   3.2287598e+01
   2.3096850e+06   3.7170410e+01
   2.3102580e+06   3.5156250e+01
   2.3106250e+06   3.8452148e+01
   2.3114910e+06   3.4057617e+01
   2.3124430e+06   3.6926270e+01
   2.3147740e+06   3.1127930e+01
   2.3202620e+06   3.4362793e+01
   2.3275840e+06   3.6437988e+01
   2.3290630e+06   3.4179688e+01
   2.3339520e+06   3.3142090e+01
   2.3384470e+06   3.4667969e+01
   2.3411770e+06   3.8024902e+01
   2.3411970e+06   4.4616699e+01
   2.3412180e+06   3.1250000e+01
   2.3412850e+06   3.2775879e+01
   2.3530850e+06   3.1616211e+01
   2.3561810e+06   3.1188965e+01
   2.3580730e+06   3.3813477e+01
   2.3658900e+06   3.5095215e+01
   2.3659460e+06   6.3476563e+01
   2.3659560e+06   6.3903809e+01
   2.3659960e+06   5.7617188e+01
   2.3660280e+06   4.2114258e+01
   2.3779190e+06   3.7048340e+01
   2.3907100e+06   3.7048340e+01
   2.4016970e+06   3.3386230e+01
   2.4042750e+06   3.2714844e+01
   2.4111830e+06   3.1555176e+01
   2.4199830e+06   3.3325195e+01
   2.4200230e+06   4.8156738e+01
   2.4200400e+06   3.9672852e+01
   2.4201050e+06   4.9499512e+01
   2.4201230e+06   4.1687012e+01
   2.4202170e+06   3.2775879e+01
   2.4407260e+06   3.5034180e+01
   2.4407680e+06   5.1269531e+01
   2.4408660e+06   3.2592773e+01
   2.4408770e+06   3.1372070e+01
   2.4409610e+06   3.2409668e+01
   2.4412820e+06   3.5034180e+01
   2.4512100e+06   3.1188965e+01
   2.4563410e+06   5.2124023e+01
   2.4563620e+06   5.6823730e+01
   2.4565060e+06   3.1982422e+01
   2.4752410e+06   4.7119141e+01
   2.4752760e+06   4.1320801e+01
   2.4752950e+06   3.3935547e+01
   2.4755540e+06   3.1555176e+01
   2.4766210e+06   3.5766602e+01
   2.4888690e+06   3.1311035e+01
   2.4889490e+06   4.1259766e+01
   2.4889690e+06   4.5715332e+01
   2.4894740e+06   3.1127930e+01
   2.4975300e+06   3.3996582e+01
   2.5008470e+06   3.7353516e+01
   2.5136620e+06   3.2409668e+01
   2.5230060e+06   3.4912109e+01
   2.5230370e+06   3.3508301e+01
   2.5230620e+06   4.0588379e+01
   2.5230890e+06   3.6437988e+01
   2.5231750e+06   3.3020020e+01
   2.5233210e+06   3.1677246e+01
   2.5382400e+06   3.4118652e+01
   2.5383020e+06   3.2836914e+01
   2.5383150e+06   3.5522461e+01
   2.5383410e+06   4.8706055e+01
   2.5478910e+06   3.2775879e+01
   2.5569320e+06   3.3142090e+01
   2.5753670e+06   3.1799316e+01
   2.5754710e+06   3.9855957e+01
   2.5762460e+06   3.7353516e+01
   2.5768950e+06   3.3203125e+01
   2.5770410e+06   3.1066895e+01
   2.5777380e+06   3.4057617e+01
   2.5848740e+06   3.3996582e+01
   2.5880670e+06   3.1311035e+01
   2.6016370e+06   3.1433105e+01
   2.6020300e+06   3.1982422e+01
   2.6173030e+06   3.1738281e+01
   2.6206600e+06   3.1494141e+01
   2.6235620e+06   3.4606934e+01
   2.6272510e+06   3.3569336e+01
   2.6288870e+06   3.4729004e+01
   2.6508470e+06   3.3325195e+01
   2.6534440e+06   3.3874512e+01
   2.6589720e+06   3.1921387e+01
   2.6590680e+06   3.9062500e+01
   2.6591030e+06   7.1899414e+01
   2.6591210e+06   3.5583496e+01
   2.6591460e+06   4.0588379e+01
   2.6591780e+06   3.6743164e+01
   2.6592290e+06   4.1320801e+01
   2.6592550e+06   4.1931152e+01
   2.6593040e+06   3.2165527e+01
   2.6593400e+06   4.2541504e+01
   2.6595240e+06   3.1921387e+01
   2.6597330e+06   3.8757324e+01
   2.6599580e+06   3.2592773e+01
   2.6624890e+06   3.2470703e+01
   2.6844910e+06   3.5034180e+01
   2.7192150e+06   3.8330078e+01
   2.7192720e+06   4.2114258e+01
   2.7194520e+06   3.8818359e+01
   2.7195100e+06   3.5827637e+01
   2.7195300e+06   4.2907715e+01
   2.7196460e+06   3.1494141e+01
   2.7196730e+06   3.3081055e+01
   2.7197830e+06   3.1250000e+01
   2.7198230e+06   3.1066895e+01
   2.7310220e+06   3.2287598e+01
   2.7359120e+06   3.1799316e+01
   2.7411990e+06   3.8146973e+01
   2.7413210e+06   3.6254883e+01
   2.7472240e+06   3.2348633e+01
   2.7473370e+06   3.5217285e+01
   2.7604380e+06   3.7536621e+01
   2.7673210e+06   4.1320801e+01
   2.7712460e+06   4.0039063e+01
   2.7720140e+06   3.4118652e+01
   2.7739570e+06   3.1494141e+01
   2.7742180e+06   3.5217285e+01
   2.7786900e+06   4.0161133e+01
   2.7839820e+06   3.4057617e+01
   2.7851810e+06   3.1372070e+01
   2.7883910e+06   3.4912109e+01
   2.7885460e+06   3.3691406e+01
   2.7919720e+06   4.2053223e+01
   2.7930140e+06   3.1127930e+01
   2.7933520e+06   3.2043457e+01
   2.8105140e+06   3.6743164e+01
   2.8388150e+06   3.6376953e+01
   2.8450690e+06   3.1433105e+01
   2.8457850e+06   3.3691406e+01
   2.8486070e+06   3.3020020e+01
   2.8487030e+06   3.3691406e+01
   2.8487710e+06   3.2775879e+01
   2.8487830e+06   4.1992188e+01
   2.8488070e+06   3.6071777e+01
   2.8492220e+06   3.6437988e+01
   2.8495100e+06   4.0771484e+01
   2.8495250e+06   3.9245605e+01
   2.8495600e+06   4.4067383e+01
   2.8495740e+06   3.6499023e+01
   2.8495920e+06   3.2958984e+01
   2.8496770e+06   3.7963867e+01
   2.8498170e+06   3.3264160e+01
   2.8720180e+06   3.3508301e+01
   2.8777270e+06   3.1921387e+01
   2.8785690e+06   3.4790039e+01
   2.8811270e+06   3.3447266e+01
   2.8823290e+06   3.2470703e+01
   2.8852590e+06   3.6193848e+01
   2.8853090e+06   3.2226562e+01
   2.8898580e+06   3.5888672e+01
   2.8911780e+06   3.4301758e+01
   2.9006180e+06   3.2104492e+01
   2.9069960e+06   3.1433105e+01
   2.9070990e+06   4.4433594e+01
   2.9071640e+06   3.2531738e+01
   2.9109920e+06   3.5217285e+01
   2.9110920e+06   3.4118652e+01
   2.9199850e+06   3.4423828e+01
   2.9219630e+06   4.3090820e+01
   2.9250380e+06   3.5034180e+01
   2.9278270e+06   3.1982422e+01
   2.9296620e+06   3.6682129e+01
   2.9336130e+06   3.1921387e+01
   2.9399270e+06   3.2592773e+01
   2.9400910e+06   3.2165527e+01
   2.9408270e+06   3.5583496e+01
   2.9425190e+06   3.1188965e+01
   2.9471360e+06   3.1311035e+01
   2.9471840e+06   3.1066895e+01
   2.9484240e+06   3.4179688e+01
   2.9513590e+06   3.3874512e+01
   2.9554650e+06   3.3569336e+01
   2.9602380e+06   3.4240723e+01
   2.9695590e+06   3.1127930e+01
   2.9795110e+06   3.2470703e+01
   2.9816870e+06   3.2653809e+01
   2.9943550e+06   3.3813477e+01
   2.9971330e+06   4.2480469e+01
   2.9974310e+06   3.6682129e+01
   2.9974940e+06   3.1372070e+01
   3.0106770e+06   4.1992188e+01
   3.0116280e+06   3.2775879e+01
   3.0160260e+06   3.7292480e+01
   3.0177320e+06   3.1311035e+01
   3.0207940e+06   3.3325195e+01
   3.0222000e+06   4.0100098e+01
   3.0229290e+06   3.2043457e+01
   3.0233430e+06   3.1616211e+01
   3.0233620e+06   3.5827637e+01
   3.0233930e+06   3.3569336e+01
   3.0235100e+06   3.3813477e+01
   3.0236240e+06   4.1442871e+01
   3.0238030e+06   3.2104492e+01
   3.0241010e+06   3.3325195e+01
   3.0463350e+06   3.2226563e+01
   3.0663290e+06   3.5278320e+01
   3.0837050e+06   3.0883789e+01
   3.0895360e+06   3.3020020e+01
   3.1101110e+06   3.3020020e+01
   3.1142740e+06   3.1311035e+01
   3.1383660e+06   3.1005859e+01
   3.1385370e+06   3.2165527e+01
   3.1460130e+06   3.4790039e+01
   3.1555800e+06   3.0883789e+01
   3.1579200e+06   3.1433105e+01
   3.1594020e+06   3.1494141e+01
   3.1594700e+06   3.7292480e+01
   3.1651380e+06   3.9916992e+01
   3.1655790e+06   3.6743164e+01
   3.1661100e+06   3.6315918e+01
   3.1661650e+06   3.3691406e+01
   3.1707630e+06   4.0527344e+01
   3.1708590e+06   3.2165527e+01
   3.1743640e+06   3.1921387e+01
   3.1885350e+06   3.1372070e+01
   3.1997610e+06   3.1494141e+01
   3.2045270e+06   3.1677246e+01
   3.2151270e+06   3.1372070e+01
   3.2284450e+06   3.3447266e+01
   3.2432310e+06   3.1616211e+01
   3.2518010e+06   3.1982422e+01
   3.2564330e+06   3.3203125e+01
   3.2681040e+06   3.4240723e+01
   3.2820490e+06   3.1127930e+01
   3.2833090e+06   3.2409668e+01
   3.2851070e+06   3.3081055e+01
   3.2866700e+06   3.1005859e+01
   3.2906370e+06   3.1433105e+01
   3.2913160e+06   3.1127930e+01
   3.3027020e+06   3.4240723e+01
   3.3137680e+06   3.0944824e+01
   3.3151300e+06   3.4545898e+01
   3.3185840e+06   3.5339355e+01
   3.3210250e+06   3.2531738e+01
   3.3230240e+06   3.1066895e+01
   3.3230930e+06   3.4606934e+01
   3.3290190e+06   3.0639648e+01
   3.3369230e+06   3.1494141e+01
   3.3370290e+06   3.3203125e+01
   3.3386640e+06   3.2470703e+01
   3.3463000e+06   3.2958984e+01
   3.3472050e+06   3.0883789e+01
   3.3475580e+06   3.1005859e+01
   3.3476140e+06   6.1523438e+01
   3.3476310e+06   5.1696777e+01
   3.3476610e+06   6.5734863e+01
   3.3476780e+06   3.9367676e+01
   3.3476940e+06   3.2592773e+01
   3.3477500e+06   4.1870117e+01
   3.3477610e+06   3.9367676e+01
   3.3477840e+06   3.1921387e+01
   3.3478350e+06   3.0883789e+01
   3.3479040e+06   3.6804199e+01
   3.3479370e+06   3.5156250e+01
   3.3479660e+06   3.5217285e+01
   3.3480130e+06   3.0883789e+01
   3.3484540e+06   3.1311035e+01
   3.3700360e+06   4.0161133e+01
   3.3718780e+06   3.0517578e+01
   3.3817500e+06   3.1127930e+01
   3.3828720e+06   3.2531738e+01
   3.4152850e+06   3.1188965e+01
   3.4163740e+06   3.1799316e+01
   3.4165490e+06   3.1555176e+01
   3.4170150e+06   3.1372070e+01
   3.4171460e+06   3.2287598e+01
   3.4209400e+06   3.1555176e+01
   3.4220100e+06   3.2409668e+01
   3.4280350e+06   3.1188965e+01
   3.4280970e+06   3.0883789e+01
   3.4284070e+06   3.5156250e+01
   3.4284670e+06   3.3874512e+01
   3.4285170e+06   3.8757324e+01
   3.4287610e+06   3.2348633e+01
   3.4291860e+06   3.2165527e+01
   3.4292690e+06   3.0761719e+01
   3.4420330e+06   3.2714844e+01
   3.4424790e+06   3.3325195e+01
   3.4474690e+06   3.1494141e+01
   3.4488330e+06   3.2958984e+01
   3.4576840e+06   3.1982422e+01
   3.4579110e+06   3.5278320e+01
   3.4596790e+06   3.4667969e+01
   3.4626420e+06   3.0944824e+01
   3.4771940e+06   3.2531738e+01
   3.4815750e+06   3.8635254e+01
   3.4816750e+06   3.3447266e+01
   3.4817170e+06   3.2287598e+01
   3.4817350e+06   3.2165527e+01
   3.4818300e+06   3.4240723e+01
   3.4831030e+06   3.1738281e+01
   3.4831380e+06   3.6010742e+01
   3.4831870e+06   3.1188965e+01
   3.4832210e+06   8.1909180e+01
   3.4832360e+06   4.3518066e+01
   3.4832660e+06   3.0700684e+01
   3.4832870e+06   3.3691406e+01
   3.4833010e+06   3.9245605e+01
   3.4833130e+06   3.3386230e+01
   3.4834040e+06   3.8146973e+01
   3.4834440e+06   3.2775879e+01
   3.4835050e+06   3.4118652e+01
   3.4835200e+06   3.1738281e+01
   3.5095890e+06   3.3508301e+01
   3.5230660e+06   3.3386230e+01
   3.5238100e+06   3.4851074e+01
   3.5256560e+06   3.1677246e+01
   3.5257580e+06   3.3935547e+01
   3.5345540e+06   3.1921387e+01
   3.5451180e+06   3.4606934e+01
   3.5451320e+06   4.0100098e+01
   3.5452170e+06   3.7231445e+01
   3.5453350e+06   3.4484863e+01
   3.5453620e+06   4.0954590e+01
   3.5457720e+06   3.2531738e+01
   3.5546350e+06   3.4851074e+01
   3.5607990e+06   3.3813477e+01
   3.5626060e+06   3.1616211e+01
   3.5704720e+06   3.3752441e+01
   3.5728420e+06   3.3142090e+01
   3.5794460e+06   3.6987305e+01
   3.5824250e+06   3.2836914e+01
   3.5868100e+06   3.2836914e+01
   3.5941420e+06   3.1188965e+01
   3.5942420e+06   3.4667969e+01
   3.5942740e+06   6.7626953e+01
   3.5943310e+06   3.1555176e+01
   3.5943470e+06   5.8593750e+01
   3.5943670e+06   3.3996582e+01
   3.5943940e+06   3.5156250e+01
   3.5946260e+06   3.3874512e+01
   3.6201460e+06   3.4484863e+01
   3.6239670e+06   3.5034180e+01
   3.6269690e+06   3.1494141e+01
   3.6430810e+06   3.2836914e+01
   3.6476440e+06   3.3508301e+01
   3.6519980e+06   3.3569336e+01
   3.6644360e+06   4.0771484e+01
   3.6672600e+06   4.0100098e+01
   3.6703710e+06   3.1250000e+01
   3.6738350e+06   3.1921387e+01
   3.6752690e+06   3.0517578e+01
   3.6764560e+06   3.1677246e+01
   3.6764760e+06   3.1494141e+01
   3.6765310e+06   6.6589355e+01
   3.6765430e+06   4.3518066e+01
   3.6766040e+06   3.3325195e+01
   3.6766710e+06   3.1860352e+01
   3.6767020e+06   3.9062500e+01
   3.6767800e+06   3.6804199e+01
   3.6770300e+06   3.1921387e+01
   3.6950810e+06   3.3935547e+01
   3.7032670e+06   3.1799316e+01
   3.7129130e+06   3.6926270e+01
   3.7154940e+06   3.0761719e+01
   3.7157690e+06   3.2714844e+01
   3.7197970e+06   3.1982422e+01
   3.7228670e+06   3.4912109e+01
   3.7229420e+06   4.6936035e+01
   3.7229840e+06   3.1616211e+01
   3.7230430e+06   4.3701172e+01
   3.7232070e+06   3.2714844e+01
   3.7232450e+06   4.1198730e+01
   3.7254740e+06   3.1738281e+01
   3.7255220e+06   3.1799316e+01
   3.7385930e+06   3.3386230e+01
   3.7394040e+06   3.1616211e+01
   3.7492250e+06   4.0405273e+01
   3.7530810e+06   3.2958984e+01
   3.7557110e+06   3.2348633e+01
   3.7558200e+06   3.4301758e+01
   3.7560220e+06   3.3874512e+01
   3.7562030e+06   3.3264160e+01
   3.7617370e+06   3.1433105e+01
   3.7647540e+06   3.1372070e+01
   3.7722110e+06   3.1494141e+01
   3.7769390e+06   3.0761719e+01
   3.7850260e+06   3.6499023e+01
   3.7904560e+06   3.5888672e+01
   3.7904860e+06   3.2592773e+01
   3.7905090e+06   3.2470703e+01
   3.7905190e+06   4.1137695e+01
   3.7905570e+06   4.9133301e+01
   3.7906120e+06   3.6804199e+01
   3.7906250e+06   4.7729492e+01
   3.7906640e+06   3.1005859e+01
   3.7907470e+06   3.2897949e+01
   3.7908300e+06   3.2287598e+01
   3.7909030e+06   3.0578613e+01
   3.7926450e+06   3.1860352e+01
   3.8043470e+06   3.2775879e+01
   3.8072620e+06   3.2287598e+01
   3.8127830e+06   3.0883789e+01
   3.8187490e+06   4.2907715e+01
   3.8236870e+06   3.2409668e+01
   3.8256010e+06   3.1921387e+01
   3.8363600e+06   3.0944824e+01
   3.8364380e+06   3.2836914e+01
   3.8367300e+06   4.0893555e+01
   3.8371710e+06   3.4057617e+01
   3.8373900e+06   3.0700684e+01
   3.8376730e+06   3.1066895e+01
   3.8467960e+06   3.7048340e+01
   3.8565370e+06   3.8940430e+01
   3.8636760e+06   3.0700684e+01
   3.8685920e+06   3.1799316e+01
   3.8777220e+06   3.2592773e+01
   3.8809080e+06   3.4973145e+01
   3.8837100e+06   4.0771484e+01
   3.8843940e+06   3.0700684e+01
   3.8847590e+06   3.0944824e+01
   3.8852090e+06   3.9978027e+01
   3.8933950e+06   3.0578613e+01
   3.8934940e+06   3.2287598e+01
   3.8935120e+06   3.4179688e+01
   3.8935260e+06   3.2470703e+01
   3.8935560e+06   3.8940430e+01
   3.8935690e+06   4.8278809e+01
   3.8935810e+06   3.3447266e+01
   3.8936260e+06   3.3569336e+01
   3.8936410e+06   3.8696289e+01
   3.8936730e+06   3.0700684e+01
   3.8936970e+06   3.1066895e+01
   3.8937420e+06   3.1066895e+01
   3.9170400e+06   3.5461426e+01
   3.9385970e+06   3.4057617e+01
   3.9388570e+06   3.3691406e+01
   3.9390500e+06   3.3813477e+01
   3.9461470e+06   3.2104492e+01
   3.9479530e+06   3.2287598e+01
   3.9504760e+06   3.3264160e+01
   3.9552740e+06   3.1372070e+01
   3.9582380e+06   3.2958984e+01
   3.9697630e+06   3.0761719e+01
   3.9699880e+06   4.0771484e+01
   3.9700110e+06   3.2165527e+01
   3.9700430e+06   4.0405273e+01
   3.9701450e+06   3.5583496e+01
   3.9708370e+06   3.7841797e+01
   3.9709640e+06   3.0517578e+01
   3.9799140e+06   3.0517578e+01
   3.9829560e+06   3.2470703e+01
   3.9922730e+06   4.0832520e+01
   3.9923370e+06   3.5217285e+01
   3.9928900e+06   3.1677246e+01
   3.9930300e+06   4.0588379e+01
   3.9930500e+06   3.2165527e+01
   3.9931550e+06   3.7597656e+01
   3.9932120e+06   4.3151855e+01
   4.0013730e+06   3.5766602e+01
   4.0131910e+06   3.4179688e+01
   4.0196920e+06   3.2958984e+01
   4.0403660e+06   3.2714844e+01
   4.0403950e+06   3.3447266e+01
   4.0412130e+06   3.0517578e+01
   4.0423860e+06   3.3691406e+01
   4.0518270e+06   3.3752441e+01
   4.0522610e+06   3.3996582e+01
   4.0523000e+06   3.1921387e+01
   4.0524930e+06   3.8513184e+01
   4.0525540e+06   3.1921387e+01
   4.0526250e+06   3.5034180e+01
   4.0526870e+06   3.2104492e+01
   4.0527340e+06   3.4179688e+01
   4.0534700e+06   3.1372070e+01
   4.0535410e+06   3.4484863e+01
   4.0539400e+06   3.3325195e+01
   4.0539870e+06   3.1127930e+01
   4.0546430e+06   3.7658691e+01
   4.0619890e+06   3.1677246e+01
   4.0692270e+06   3.1494141e+01
   4.0742120e+06   3.2958984e+01
   4.0848840e+06   3.3569336e+01
   4.1001420e+06   3.2653809e+01
   4.1032730e+06   3.2226563e+01
   4.1046580e+06   3.1555176e+01
   4.1047900e+06   3.1250000e+01
   4.1092640e+06   3.3386230e+01
   4.1175980e+06   3.0517578e+01
   4.1191660e+06   4.3090820e+01
   4.1229710e+06   3.4667969e+01
   4.1231630e+06   3.1555176e+01
   4.1233710e+06   3.0822754e+01
   4.1244680e+06   4.2053223e+01
   4.1245040e+06   3.9855957e+01
   4.1245460e+06   4.8156738e+01
   4.1249700e+06   3.0700684e+01
   4.1249840e+06   3.7597656e+01
   4.1250380e+06   3.1555176e+01
   4.1250990e+06   3.2714844e+01
   4.1251170e+06   3.2043457e+01
   4.1251800e+06   4.7973633e+01
   4.1252200e+06   3.3630371e+01
   4.1252470e+06   3.1494141e+01
   4.1252900e+06   3.1555176e+01
   4.1333010e+06   3.3630371e+01
   4.1368200e+06   3.1860352e+01
   4.1696620e+06   3.2165527e+01
   4.1795190e+06   3.1372070e+01
   4.1834420e+06   3.1311035e+01
   4.1869230e+06   3.1311035e+01
   4.1904290e+06   3.3447266e+01
   4.1923840e+06   3.2226563e+01
   4.1950700e+06   3.5522461e+01
   4.2135200e+06   3.3813477e+01
   4.2141140e+06   3.2714844e+01
   4.2143280e+06   3.2836914e+01
   4.2145720e+06   3.2043457e+01
   4.2146200e+06   3.1250000e+01
   4.2146360e+06   3.3386230e+01
   4.2147140e+06   3.6376953e+01
   4.2147480e+06   3.1494141e+01
   4.2149390e+06   3.0700684e+01
   4.2159950e+06   3.0883789e+01
   4.2167800e+06   3.0578613e+01
   4.2217330e+06   3.4545898e+01
   4.2367900e+06   3.1799316e+01
   4.2456250e+06   3.0578613e+01
   4.2476020e+06   3.2592773e+01
   4.2481460e+06   3.3935547e+01
   4.2483120e+06   3.4606934e+01
   4.2483460e+06   3.2043457e+01
   4.2491210e+06   3.6804199e+01
   4.2748020e+06   3.6926270e+01
   4.2883970e+06   3.3447266e+01
   4.2884090e+06   3.7170410e+01
   4.2884440e+06   4.3029785e+01
   4.2884580e+06   3.9855957e+01
   4.2884830e+06   3.8391113e+01
   4.2884940e+06   3.7353516e+01
   4.2885370e+06   3.6437988e+01
   4.2886930e+06   3.0517578e+01
   4.2887480e+06   3.4179688e+01
   4.3073720e+06   3.4545898e+01
   4.3075120e+06   4.0283203e+01
   4.3180460e+06   3.2775879e+01
   4.3184550e+06   3.2043457e+01
   4.3221740e+06   3.2592773e+01
   4.3351010e+06   3.2714844e+01
   4.3696320e+06   3.1738281e+01
   4.3709720e+06   3.2592773e+01
   4.3808310e+06   3.3325195e+01
   4.3808600e+06   3.1311035e+01
   4.3808860e+06   4.3945313e+01
   4.3809060e+06   3.2836914e+01
   4.3809390e+06   3.4179688e+01
   4.3809560e+06   6.8542480e+01
   4.3809840e+06   3.7780762e+01
   4.3810050e+06   3.0822754e+01
   4.3810290e+06   3.6926270e+01
   4.3813480e+06   3.2531738e+01
   4.3845640e+06   3.3630371e+01
   4.4061620e+06   3.2592773e+01
   4.4076250e+06   3.6743164e+01
   4.4239680e+06   3.0883789e+01
   4.4280470e+06   3.9062500e+01
   4.4310910e+06   3.2470703e+01
   4.4362480e+06   4.2602539e+01
   4.4399420e+06   3.1738281e+01
   4.4478380e+06   3.0944824e+01
   4.4525260e+06   3.4118652e+01
   4.4539110e+06   3.1066895e+01
   4.4561120e+06   3.9978027e+01
   4.4633450e+06   3.1921387e+01
   4.4653180e+06   3.2653809e+01
   4.4658630e+06   3.4118652e+01
   4.4659370e+06   3.4973145e+01
   4.4689190e+06   3.0822754e+01
   4.4764890e+06   3.8085938e+01
   4.4788370e+06   3.1677246e+01
   4.4790320e+06   3.0517578e+01
   4.4790490e+06   3.5095215e+01
   4.4800860e+06   4.0954590e+01
   4.4801800e+06   3.3386230e+01
   4.4804150e+06   3.3020020e+01
   4.4805840e+06   3.4545898e+01
   4.4807270e+06   3.8146973e+01
   4.4808090e+06   3.3630371e+01
   4.4810010e+06   3.4790039e+01
   4.4968360e+06   3.1677246e+01
   4.5107010e+06   3.2714844e+01
   4.5143730e+06   4.7241211e+01
   4.5175410e+06   3.5217285e+01
   4.5175600e+06   4.2480469e+01
   4.5175920e+06   3.6682129e+01
   4.5176130e+06   3.3691406e+01
   4.5176370e+06   4.0710449e+01
   4.5176550e+06   4.9194336e+01
   4.5177380e+06   3.5095215e+01
   4.5177480e+06   5.0842285e+01
   4.5177760e+06   4.1870117e+01
   4.5178150e+06   4.2785645e+01
   4.5178390e+06   4.0344238e+01
   4.5178500e+06   3.9489746e+01
   4.5180110e+06   3.5217285e+01
   4.5180630e+06   3.2165527e+01
   4.5180870e+06   4.2175293e+01
   4.5182800e+06   3.1860352e+01
   4.5183200e+06   3.2104492e+01
   4.5184410e+06   3.4057617e+01
   4.5186760e+06   3.0639648e+01
   4.5188400e+06   3.2348633e+01
   4.5564440e+06   4.2236328e+01
   4.5565880e+06   3.1738281e+01
   4.5684210e+06   3.1677246e+01
   4.5714290e+06   3.2043457e+01
   4.5749020e+06   3.0578613e+01
   4.5784440e+06   3.2592773e+01
   4.5786010e+06   3.5095215e+01
   4.5786800e+06   3.1250000e+01
   4.5787070e+06   3.2104492e+01
   4.5788310e+06   3.1921387e+01
   4.5864620e+06   3.1616211e+01
   4.5910770e+06   3.0517578e+01
   4.6077610e+06   3.1250000e+01
   4.6119000e+06   3.3020020e+01
   4.6120070e+06   3.2897949e+01
   4.6120630e+06   3.1433105e+01
   4.6122140e+06   3.3752441e+01
   4.6122890e+06   3.4118652e+01
   4.6123140e+06   4.2846680e+01
   4.6123470e+06   3.2226563e+01
   4.6125060e+06   3.6437988e+01
   4.6125670e+06   3.4240723e+01
   4.6125900e+06   3.4179688e+01
   4.6155850e+06   3.2409668e+01
   4.6203350e+06   3.7475586e+01
   4.6285350e+06   3.4729004e+01
   4.6326190e+06   3.2592773e+01
   4.6377930e+06   3.2470703e+01
   4.6394170e+06   3.3630371e+01
   4.6409820e+06   3.5583496e+01
   4.6415540e+06   3.4057617e+01
   4.6487840e+06   3.0761719e+01
   4.6530930e+06   3.1921387e+01
   4.6568950e+06   3.1799316e+01
   4.6604540e+06   3.3813477e+01
   4.6612720e+06   3.2104492e+01
   4.6695580e+06   3.2714844e+01
   4.6700080e+06   3.3386230e+01
   4.6721270e+06   3.4362793e+01
   4.6767920e+06   3.8574219e+01
   4.6769120e+06   3.7597656e+01
   4.6770050e+06   3.3020020e+01
   4.6773090e+06   3.1188965e+01
   4.6791400e+06   3.3203125e+01
   4.6800410e+06   3.3752441e+01
   4.6886680e+06   3.1982422e+01
   4.6908670e+06   3.5888672e+01
   4.7022160e+06   3.6621094e+01
   4.7110040e+06   3.4118652e+01
   4.7144150e+06   3.1982422e+01
   4.7146720e+06   3.3752441e+01
   4.7210250e+06   3.9489746e+01
   4.7210750e+06   3.1738281e+01
   4.7211050e+06   3.4484863e+01
   4.7211540e+06   3.2104492e+01
   4.7221700e+06   3.8085938e+01
   4.7224430e+06   3.0944824e+01
   4.7225230e+06   3.0639648e+01
   4.7225800e+06   3.4729004e+01
   4.7226090e+06   4.6936035e+01
   4.7226200e+06   3.2836914e+01
   4.7564610e+06   3.3325195e+01
   4.7638540e+06   3.1616211e+01
   4.7732250e+06   3.1127930e+01
   4.7755920e+06   3.4240723e+01
   4.7762130e+06   3.2897949e+01
   4.7795190e+06   3.1616211e+01
   4.7795490e+06   3.3630371e+01
   4.7833690e+06   3.6499023e+01
   4.7834140e+06   3.2958984e+01
   4.7834420e+06   3.1311035e+01
   4.7834950e+06   5.0781250e+01
   4.7835380e+06   3.2714844e+01
   4.7835980e+06   3.0822754e+01
   4.7851290e+06   3.3935547e+01
   4.8131680e+06   3.1066895e+01
   4.8227490e+06   3.1250000e+01
   4.8261360e+06   3.3264160e+01
   4.8286440e+06   3.5827637e+01
   4.8301460e+06   3.4851074e+01
   4.8306450e+06   3.2348633e+01
   4.8360950e+06   3.4057617e+01
   4.8473890e+06   3.3203125e+01
   4.8509500e+06   3.2897949e+01
   4.8539760e+06   3.5156250e+01
   4.8628230e+06   4.1442871e+01
   4.8648310e+06   3.0822754e+01
   4.8656630e+06   4.0039063e+01
   4.8657300e+06   3.1616211e+01
   4.8658080e+06   3.2836914e+01
   4.8659270e+06   3.4179688e+01
   4.8659960e+06   4.1381836e+01
   4.8660910e+06   3.4057617e+01
   4.8661130e+06   4.6752930e+01
   4.8661340e+06   3.3264160e+01
   4.8662240e+06   7.6110840e+01
   4.8662380e+06   3.6499023e+01
   4.8663230e+06   3.1494141e+01
   4.8663370e+06   3.4179688e+01
   4.8664430e+06   3.7170410e+01
   4.8664710e+06   4.6691895e+01
   4.8664820e+06   3.1066895e+01
   4.8666230e+06   4.4372559e+01
   4.8668780e+06   3.3264160e+01
   4.8669870e+06   3.2409668e+01
   4.8670600e+06   4.8339844e+01
   4.8685280e+06   3.4667969e+01
   4.8704860e+06   3.8146973e+01
   4.8716990e+06   3.1494141e+01
   4.8974890e+06   3.4790039e+01
   4.8978430e+06   3.0578613e+01
   4.9034760e+06   3.1250000e+01
   4.9086740e+06   3.4484863e+01
   4.9097610e+06   4.3273926e+01
   4.9187250e+06   3.1005859e+01
   4.9194190e+06   3.7414551e+01
   4.9195290e+06   3.4790039e+01
   4.9196010e+06   3.5278320e+01
   4.9196660e+06   3.3203125e+01
   4.9196900e+06   3.4423828e+01
   4.9197930e+06   3.2836914e+01
   4.9198670e+06   4.5043945e+01
   4.9199040e+06   3.1188965e+01
   4.9200890e+06   3.2165527e+01
   4.9261140e+06   3.1066895e+01
   4.9344250e+06   3.5583496e+01
   4.9349260e+06   3.2409668e+01
   4.9361280e+06   3.0639648e+01
   4.9371850e+06   3.6254883e+01
   4.9377210e+06   4.3334961e+01
   4.9379280e+06   3.2470703e+01
   4.9379750e+06   3.7414551e+01
   4.9381260e+06   3.1921387e+01
   4.9393350e+06   3.1555176e+01
   4.9506490e+06   3.2287598e+01
   4.9629080e+06   3.1250000e+01
   4.9656770e+06   3.4362793e+01
   4.9668990e+06   3.1494141e+01
   4.9680420e+06   3.2958984e+01
   4.9680900e+06   5.7983398e+01
   4.9684450e+06   3.2958984e+01
   4.9690580e+06   3.0822754e+01
   4.9720130e+06   3.2714844e+01
   4.9751030e+06   3.1433105e+01
   4.9756280e+06   3.2409668e+01
   4.9808220e+06   3.4912109e+01
   4.9840380e+06   3.8146973e+01
   4.9896280e+06   4.4860840e+01
   4.9899530e+06   3.2836914e+01
   4.9902030e+06   3.5644531e+01
   4.9913030e+06   3.0944824e+01
   4.9976550e+06   3.2775879e+01
   4.9984490e+06   3.7841797e+01
   4.9985220e+06   3.9978027e+01
   5.0000420e+06   3.2226563e+01
   5.0053910e+06   3.1188965e+01
   5.0062970e+06   3.1250000e+01
   5.0101070e+06   3.1494141e+01
   5.0110590e+06   3.0883789e+01
   5.0115230e+06   3.8330078e+01
   5.0118240e+06   3.8146973e+01
   5.0126850e+06   4.1503906e+01
   5.0161940e+06   3.5278320e+01
   5.0162330e+06   3.7414551e+01
   5.0162610e+06   4.6203613e+01
   5.0163020e+06   3.4057617e+01
   5.0163430e+06   4.2846680e+01
   5.0163560e+06   3.3203125e+01
   5.0163730e+06   3.7353516e+01
   5.0164550e+06   3.6071777e+01
   5.0196460e+06   3.2958984e+01
   5.0206340e+06   3.6071777e+01
   5.0208600e+06   3.2104492e+01
   5.0222820e+06   3.3996582e+01
   5.0357430e+06   3.2348633e+01
   5.0412360e+06   3.2470703e+01
   5.0416740e+06   3.2226563e+01
   5.0491880e+06   3.3508301e+01
   5.0557570e+06   3.2043457e+01
   5.0684160e+06   3.0822754e+01
   5.0684990e+06   3.8574219e+01
   5.0689430e+06   3.4606934e+01
   5.0721450e+06   3.1127930e+01
   5.0747080e+06   3.1005859e+01
   5.0772830e+06   3.1982422e+01
   5.0789010e+06   3.7231445e+01
   5.0801300e+06   3.1555176e+01
   5.0847310e+06   3.0761719e+01
   5.0879960e+06   3.0517578e+01
   5.0896840e+06   3.1616211e+01
   5.0898030e+06   3.1677246e+01
   5.0926010e+06   3.3569336e+01
   5.0991570e+06   4.7424316e+01
   5.0995190e+06   3.1005859e+01
   5.0995660e+06   3.2836914e+01
   5.0997210e+06   3.0822754e+01
   5.0998660e+06   3.1127930e+01
   5.1003030e+06   3.3508301e+01
   5.1077730e+06   3.2287598e+01
   5.1131720e+06   3.6315918e+01
   5.1132840e+06   3.6010742e+01
   5.1133440e+06   3.6437988e+01
   5.1139640e+06   3.3691406e+01
   5.1140880e+06   3.5583496e+01
   5.1143740e+06   3.3508301e+01
   5.1146250e+06   3.3386230e+01
   5.1171990e+06   3.1250000e+01
   5.1283160e+06   3.3630371e+01
   5.1290110e+06   3.2592773e+01
   5.1306950e+06   3.4240723e+01
   5.1307900e+06   3.3630371e+01
   5.1308910e+06   3.6254883e+01
   5.1309140e+06   6.2072754e+01
   5.1309400e+06   3.1738281e+01
   5.1310050e+06   3.8940430e+01
   5.1310300e+06   3.4851074e+01
   5.1310840e+06   3.1372070e+01
   5.1311290e+06   3.2226563e+01
   5.1312010e+06   3.1250000e+01
   5.1312530e+06   3.4545898e+01
   5.1576550e+06   3.3264160e+01
   5.1612720e+06   3.3386230e+01
   5.1703140e+06   3.1311035e+01
   5.1715420e+06   3.1188965e+01
   5.1733830e+06   3.1677246e+01
   5.1807570e+06   3.3020020e+01
   5.1835670e+06   3.3081055e+01
   5.1880290e+06   3.4118652e+01
   5.1908190e+06   3.0700684e+01
   5.1939980e+06   3.8574219e+01
   5.1949860e+06   3.4362793e+01
   5.1985210e+06   3.3020020e+01
   5.2056670e+06   3.5034180e+01
   5.2057270e+06   3.7353516e+01
   5.2059640e+06   3.0639648e+01
   5.2063250e+06   3.1188965e+01
   5.2073830e+06   3.3813477e+01
   5.2081170e+06   3.2653809e+01
   5.2083540e+06   3.5583496e+01
   5.2089610e+06   4.6203613e+01
   5.2089850e+06   3.2836914e+01
   5.2096500e+06   3.3264160e+01
   5.2229320e+06   3.3020020e+01
   5.2331880e+06   3.0578613e+01
   5.2358250e+06   3.1005859e+01
   5.2429780e+06   4.0466309e+01
   5.2435410e+06   3.2653809e+01
   5.2494140e+06   3.0517578e+01
   5.2536020e+06   3.1311035e+01
   5.2699700e+06   3.2043457e+01
   5.2720660e+06   3.8757324e+01
   5.2741440e+06   3.0517578e+01
   5.2741680e+06   3.4545898e+01
   5.2741950e+06   3.9733887e+01
   5.2742070e+06   5.1269531e+01
   5.2742450e+06   5.2490234e+01
   5.2742710e+06   3.6315918e+01
   5.2743050e+06   4.8034668e+01
   5.2743160e+06   3.1188965e+01
   5.2743520e+06   3.1188965e+01
   5.2743840e+06   3.6499023e+01
   5.2744110e+06   4.0954590e+01
   5.2745890e+06   4.1381836e+01
   5.2888860e+06   3.5644531e+01
   5.3164170e+06   3.4912109e+01
   5.3393670e+06   3.1066895e+01
   5.3433440e+06   3.1494141e+01
   5.3462540e+06   3.1494141e+01
   5.3510630e+06   3.1250000e+01
   5.3542030e+06   3.4179688e+01
   5.3556880e+06   3.3752441e+01
   5.3577310e+06   3.1677246e+01
   5.3581260e+06   4.4616699e+01
   5.3588150e+06   3.3142090e+01
   5.3639010e+06   3.2226563e+01
   5.3668630e+06   3.5095215e+01
   5.3670080e+06   3.0822754e+01
   5.3687100e+06   3.1127930e+01
   5.3693230e+06   3.4301758e+01
   5.3805760e+06   3.0822754e+01
   5.3870500e+06   3.1188965e+01
   5.3880410e+06   3.3020020e+01
   5.3892680e+06   3.1066895e+01
   5.4019470e+06   3.1005859e+01
   5.4090710e+06   3.4790039e+01
   5.4095520e+06   3.6804199e+01
   5.4213460e+06   3.1188965e+01
   5.4261040e+06   3.0517578e+01
   5.4278620e+06   3.6193848e+01
   5.4392910e+06   3.3996582e+01
   5.4393210e+06   4.1320801e+01
   5.4393490e+06   4.1503906e+01
   5.4393740e+06   6.5795898e+01
   5.4393990e+06   4.2846680e+01
   5.4394220e+06   3.1677246e+01
   5.4394450e+06   3.5766602e+01
   5.4422880e+06   3.5766602e+01
   5.4783600e+06   3.6865234e+01
   5.4824510e+06   3.0517578e+01
   5.4825560e+06   3.0639648e+01
   5.4826100e+06   3.8818359e+01
   5.4826900e+06   4.5532227e+01
   5.4827500e+06   3.8269043e+01
   5.4829270e+06   3.4484863e+01
   5.4829850e+06   3.4301758e+01
   5.4973900e+06   3.4179688e+01
   5.4979330e+06   3.1860352e+01
   5.5116220e+06   3.2531738e+01
   5.5122920e+06   3.2287598e+01
   5.5323310e+06   3.3386230e+01
   5.5576770e+06   3.1066895e+01
   5.5580280e+06   3.1005859e+01
   5.5940590e+06   3.0517578e+01
   5.6036690e+06   4.2175293e+01
   5.6037060e+06   5.3222656e+01
   5.6037240e+06   6.9824219e+01
   5.6037340e+06   3.1494141e+01
   5.6037650e+06   3.2348633e+01
   5.6037940e+06   3.2348633e+01
   5.6038330e+06   3.0822754e+01
   5.6038840e+06   3.2592773e+01
   5.6039080e+06   4.9499512e+01
   5.6039870e+06   3.7475586e+01
   5.6041250e+06   3.0944824e+01
   5.6042390e+06   3.2897949e+01
   5.6043220e+06   3.2348633e+01
   5.6044390e+06   3.3691406e+01
   5.6049870e+06   3.6743164e+01
   5.6456500e+06   3.1616211e+01
   5.6571560e+06   3.4484863e+01
   5.6571840e+06   3.5949707e+01
   5.6577850e+06   3.2409668e+01
   5.6608230e+06   3.1066895e+01
   5.6669340e+06   3.4790039e+01
   5.6676160e+06   4.2846680e+01
   5.6681340e+06   3.1188965e+01
   5.6684850e+06   3.2958984e+01
   5.6741400e+06   3.4179688e+01
   5.6748630e+06   3.0700684e+01
   5.6770250e+06   3.1188965e+01
   5.6791980e+06   3.4729004e+01
   5.6855140e+06   3.4545898e+01
   5.6914740e+06   3.3935547e+01
   5.6916940e+06   3.1494141e+01
   5.6920190e+06   3.1372070e+01
   5.6923280e+06   3.2226563e+01
   5.6957290e+06   3.1677246e+01
   5.7154510e+06   3.2714844e+01
   5.7158800e+06   3.1738281e+01
   5.7176290e+06   3.6804199e+01
   5.7182750e+06   3.6376953e+01
   5.7193780e+06   3.1250000e+01
   5.7224170e+06   3.2653809e+01
   5.7315380e+06   3.3386230e+01
   5.7331200e+06   3.2104492e+01
   5.7363670e+06   3.6437988e+01
   5.7405290e+06   3.1738281e+01
   5.7501910e+06   3.4484863e+01
   5.7534190e+06   3.1616211e+01
   5.7614290e+06   3.2775879e+01
   5.7656330e+06   3.1555176e+01
   5.7677530e+06   3.7719727e+01
   5.7684450e+06   3.5888672e+01
   5.7861290e+06   3.7170410e+01
   5.7912500e+06   3.0700684e+01
   5.7959570e+06   3.7048340e+01
   5.8009580e+06   3.2165527e+01
   5.8029370e+06   3.1372070e+01
   5.8029660e+06   4.1748047e+01
   5.8029920e+06   3.3142090e+01
   5.8030180e+06   8.2092285e+01
   5.8030340e+06   3.7597656e+01
   5.8030620e+06   3.6071777e+01
   5.8031110e+06   3.1982422e+01
   5.8031350e+06   4.5166016e+01
   5.8031610e+06   3.5583496e+01
   5.8040230e+06   3.2775879e+01
   5.8372700e+06   3.8818359e+01
   5.8427870e+06   3.3142090e+01
   5.8525700e+06   3.1677246e+01
   5.8573380e+06   3.6804199e+01
   5.8589840e+06   3.1433105e+01
   5.8631690e+06   3.2592773e+01
   5.8632070e+06   4.7119141e+01
   5.8633820e+06   3.2226563e+01
   5.8639040e+06   3.1677246e+01
   5.8717480e+06   3.0700684e+01
   5.8771950e+06   4.1748047e+01
   5.8795600e+06   3.7048340e+01
   5.8919010e+06   3.5095215e+01
   5.8920740e+06   3.0517578e+01
   5.8923210e+06   3.1372070e+01
   5.8924220e+06   3.1860352e+01
   5.8924690e+06   3.1799316e+01
   5.8951280e+06   3.1799316e+01
   5.9054840e+06   3.0761719e+01
   5.9058190e+06   5.8532715e+01
   5.9079640e+06   3.1250000e+01
   5.9138440e+06   3.2531738e+01
   5.9139580e+06   3.2287598e+01
   5.9217470e+06   3.4423828e+01
   5.9228040e+06   3.3081055e+01
   5.9230220e+06   4.5532227e+01
   5.9231080e+06   4.3640137e+01
   5.9232620e+06   3.2714844e+01
   5.9281700e+06   3.0761719e+01
   5.9405910e+06   3.2287598e+01
   5.9445360e+06   3.0517578e+01
   5.9654020e+06   3.0822754e+01
   5.9656020e+06   3.1616211e+01
   5.9685950e+06   3.4790039e+01
   5.9686230e+06   3.7414551e+01
   5.9686830e+06   3.3691406e+01
   5.9687380e+06   3.1494141e+01
   5.9688720e+06   3.0700684e+01
   5.9693180e+06   3.5400391e+01
