   5.9980000e+06   0.0000000e+00
   2.6092000e+04   3.5034180e+01
   2.7803000e+04   7.0434570e+01
   2.7888000e+04   5.5969238e+01
   2.7946000e+04   3.5217285e+01
   2.8013000e+04   7.8125000e+01
   5.2168000e+04   6.8054199e+01
   5.2188000e+04   2.4914551e+02
   5.2206000e+04   3.9062500e+01
   5.2244000e+04   5.0598145e+01
   5.2262000e+04   1.2701416e+02
   5.2356000e+04   5.7250977e+01
   5.2370000e+04   9.1735840e+01
   5.2453000e+04   7.0800781e+01
   5.2478000e+04   3.8574219e+01
   5.2549000e+04   4.8828125e+01
   5.2698000e+04   8.6791992e+01
   5.2871000e+04   4.4433594e+01
   5.3310000e+04   5.6518555e+01
   5.3948000e+04   6.9335938e+01
   5.4794000e+04   4.1320801e+01
   9.6354000e+04   3.5827637e+01
   1.4877400e+05   4.0039063e+01
   2.5499700e+05   3.4667969e+01
   2.9759200e+05   3.7475586e+01
   3.2315500e+05   3.6987305e+01
   3.2317400e+05   6.5368652e+01
   3.2319000e+05   2.3950195e+02
   3.2320500e+05   3.6193848e+01
   3.2321900e+05   3.7048340e+01
   3.2322900e+05   3.8757324e+01
   3.2325800e+05   6.6955566e+01
   3.2327000e+05   5.7983398e+01
   3.2329500e+05   5.6274414e+01
   3.2333400e+05   6.3293457e+01
   3.2334400e+05   4.2419434e+01
   3.2337600e+05   6.2927246e+01
   3.2341500e+05   6.7443848e+01
   3.2347500e+05   3.8635254e+01
   3.2353000e+05   6.5185547e+01
   3.2360200e+05   4.0405273e+01
   3.2375700e+05   6.3171387e+01
   3.2392200e+05   5.5419922e+01
   3.2403300e+05   5.1635742e+01
   3.2411400e+05   6.0180664e+01
   3.2417000e+05   3.4240723e+01
   3.2424100e+05   5.5236816e+01
   3.2426200e+05   3.4729004e+01
   3.2432100e+05   5.1879883e+01
   3.2449700e+05   6.2988281e+01
   3.2459700e+05   6.2500000e+01
   3.2469300e+05   3.9672852e+01
   3.2484000e+05   5.4504395e+01
   3.2517700e+05   5.7495117e+01
   4.3758800e+05   3.7597656e+01
   4.6370100e+05   3.5034180e+01
   5.7043100e+05   3.5278320e+01
   5.7045800e+05   3.8757324e+01
   5.7048100e+05   1.7010498e+02
   5.7050100e+05   4.4189453e+01
   5.7052400e+05   4.3945313e+01
   5.7054600e+05   4.2297363e+01
   5.7056300e+05   1.0064697e+02
   5.7058700e+05   5.4260254e+01
   5.7060200e+05   3.9367676e+01
   5.7064500e+05   8.2397461e+01
   5.7065600e+05   4.6447754e+01
   5.7073200e+05   7.0617676e+01
   5.7076200e+05   3.6376953e+01
   5.7078400e+05   7.1228027e+01
   5.7082500e+05   6.4880371e+01
   5.7087200e+05   4.9926758e+01
   5.7093100e+05   3.5888672e+01
   5.7094200e+05   4.3090820e+01
   5.7096700e+05   4.5043945e+01
   5.7106000e+05   5.8532715e+01
   5.7122600e+05   5.1208496e+01
   5.7154300e+05   4.0344238e+01
   5.7160900e+05   3.5705566e+01
   5.8347900e+05   3.5949707e+01
   5.9200700e+05   3.4973145e+01
   5.9218800e+05   3.4423828e+01
   6.4491300e+05   3.5461426e+01
   6.6297600e+05   3.5278320e+01
   7.3217400e+05   4.1442871e+01
   7.3678500e+05   4.7912598e+01
   7.3681200e+05   1.8402100e+02
   7.3684100e+05   4.6630859e+01
   7.3687300e+05   8.2702637e+01
   7.3695900e+05   4.9560547e+01
   7.3698000e+05   1.3293457e+02
   7.3699300e+05   3.8696289e+01
   7.3705900e+05   7.2387695e+01
   7.3708000e+05   7.5805664e+01
   7.3709100e+05   6.9396973e+01
   7.3720700e+05   4.3273926e+01
   7.3721900e+05   4.6813965e+01
   7.3735900e+05   3.5339355e+01
   7.3797900e+05   5.7617188e+01
   7.8354300e+05   3.5949707e+01
   8.1063200e+05   6.8481445e+01
   8.1064500e+05   4.3457031e+01
   8.1067700e+05   5.3771973e+01
   8.1069000e+05   2.1093750e+02
   8.1070000e+05   3.6804199e+01
   8.1076200e+05   3.8940430e+01
   8.1077800e+05   5.2795410e+01
   8.1090200e+05   7.1716309e+01
   8.1091800e+05   6.8298340e+01
   8.1105300e+05   1.8231201e+02
   8.1106300e+05   8.6853027e+01
   8.1122500e+05   8.9599609e+01
   8.1123500e+05   3.8635254e+01
   9.5774300e+05   6.0241699e+01
   9.5792600e+05   4.7729492e+01
   9.5813800e+05   1.2609863e+02
   1.0811370e+06   3.4912109e+01
   1.0811520e+06   6.3293457e+01
   1.0811740e+06   1.4770508e+02
   1.0812040e+06   5.7495117e+01
   1.0812520e+06   1.3018799e+02
   1.0812620e+06   6.5795898e+01
   1.0813390e+06   3.4606934e+01
   1.0813610e+06   1.4202881e+02
   1.0813820e+06   4.8278809e+01
   1.0814000e+06   4.2236328e+01
   1.0814390e+06   6.6650391e+01
   1.0814570e+06   4.4494629e+01
   1.0814780e+06   4.9743652e+01
   1.0815240e+06   6.4270020e+01
   1.0815890e+06   4.7058105e+01
   1.0816680e+06   4.9072266e+01
   1.0817930e+06   5.4382324e+01
   1.0819730e+06   4.1748047e+01
   1.0821100e+06   5.4565430e+01
   1.0824380e+06   5.4870605e+01
   1.0826910e+06   6.1889648e+01
   1.0836850e+06   6.5124512e+01
   1.1508860e+06   3.5278320e+01
   1.1552840e+06   3.4301758e+01
   1.1910830e+06   3.5156250e+01
   1.1967570e+06   3.9062500e+01
   1.2337580e+06   7.3486328e+01
   1.2362530e+06   6.0180664e+01
   1.2362720e+06   1.6101074e+02
   1.2363020e+06   4.8034668e+01
   1.2363220e+06   6.8847656e+01
   1.2363490e+06   1.6064453e+02
   1.2363830e+06   4.7607422e+01
   1.2364040e+06   3.8574219e+01
   1.2364390e+06   4.8583984e+01
   1.2364490e+06   7.5866699e+01
   1.2364810e+06   5.6030273e+01
   1.2365290e+06   9.3383789e+01
   1.2365390e+06   5.2124023e+01
   1.2366210e+06   4.0283203e+01
   1.2367190e+06   4.9865723e+01
   1.2367890e+06   8.0932617e+01
   1.2368380e+06   6.0424805e+01
   1.2489830e+06   3.5156250e+01
   1.2675310e+06   3.4179688e+01
   1.2937560e+06   3.5278320e+01
   1.3344760e+06   3.4362793e+01
   1.3752090e+06   7.9711914e+01
   1.3753270e+06   6.5612793e+01
   1.3754380e+06   4.6020508e+01
   1.3755730e+06   2.2760010e+02
   1.3756320e+06   6.5185547e+01
   1.3757020e+06   8.6853027e+01
   1.3757130e+06   3.9184570e+01
   1.3757480e+06   4.5288086e+01
   1.3758420e+06   1.4715576e+02
   1.3758660e+06   4.5043945e+01
   1.3760100e+06   1.5380859e+02
   1.5398230e+06   3.4301758e+01
   1.5895500e+06   3.4912109e+01
   1.6204580e+06   3.6254883e+01
   1.6205380e+06   7.0251465e+01
   1.6206090e+06   4.7790527e+01
   1.6207790e+06   1.2231445e+02
   1.6208460e+06   6.4575195e+01
   1.6209980e+06   2.0269775e+02
   1.6210910e+06   4.2297363e+01
   1.6211310e+06   7.8308105e+01
   1.6211800e+06   1.7108154e+02
   1.6212020e+06   4.0100098e+01
   1.6213810e+06   1.7675781e+02
   1.6213950e+06   4.5532227e+01
   1.6215260e+06   8.7707520e+01
   1.7125510e+06   1.1712646e+02
   1.7125610e+06   5.0781250e+01
   1.7125920e+06   8.2519531e+01
   1.7126070e+06   7.3486328e+01
   1.7127790e+06   3.6193848e+01
   1.7128110e+06   5.0781250e+01
   1.7128220e+06   9.5214844e+01
   1.7807250e+06   3.4606934e+01
   1.8107120e+06   3.5827637e+01
   1.8107400e+06   2.1228027e+02
   1.8107620e+06   5.4138184e+01
   1.8108140e+06   6.3110352e+01
   1.8108450e+06   4.1564941e+01
   1.8108870e+06   9.8693848e+01
   1.8108990e+06   4.4006348e+01
   1.8109150e+06   5.8410645e+01
   1.8109430e+06   5.1086426e+01
   1.8109580e+06   3.6437988e+01
   1.8111000e+06   4.6325684e+01
   1.8111220e+06   8.4594727e+01
   1.8111350e+06   4.6569824e+01
   1.8112010e+06   4.1503906e+01
   1.8114090e+06   6.5124512e+01
   1.8116020e+06   5.7128906e+01
   1.8117490e+06   4.1137695e+01
   1.8119380e+06   4.6508789e+01
   1.8121210e+06   4.1259766e+01
   1.8122280e+06   3.8574219e+01
   1.8122750e+06   4.2846680e+01
   1.8125080e+06   3.7902832e+01
   1.8127050e+06   4.3884277e+01
   1.8132370e+06   6.3537598e+01
   1.8136580e+06   4.2358398e+01
   1.8140930e+06   3.6254883e+01
   1.8145710e+06   6.3476563e+01
   1.8877280e+06   3.4179688e+01
   1.9082810e+06   3.5705566e+01
   1.9450220e+06   3.5095215e+01
   1.9580400e+06   3.5522461e+01
   1.9931740e+06   7.4645996e+01
   2.0597010e+06   4.4738770e+01
   2.0597260e+06   2.2338867e+02
   2.0597680e+06   4.8828125e+01
   2.0598100e+06   3.5766602e+01
   2.0598270e+06   1.5997314e+02
   2.0598380e+06   8.2824707e+01
   2.0598860e+06   3.4729004e+01
   2.0599470e+06   6.1584473e+01
   2.0599670e+06   8.6242676e+01
   2.0600820e+06   5.2612305e+01
   2.0600940e+06   9.3872070e+01
   2.0602830e+06   7.1533203e+01
   2.0603010e+06   4.5227051e+01
   2.0604610e+06   4.4921875e+01
   2.0609100e+06   6.4270020e+01
   2.0875580e+06   3.4851074e+01
   2.1062510e+06   3.6743164e+01
   2.1342910e+06   3.7231445e+01
   2.2198300e+06   3.4240723e+01
   2.2321830e+06   3.5400391e+01
   2.2535720e+06   6.1645508e+01
   2.2537300e+06   7.7758789e+01
   2.2540370e+06   5.1574707e+01
   2.2558390e+06   3.4973145e+01
   2.3416160e+06   1.2145996e+02
   2.3419980e+06   7.9101563e+01
   2.3660400e+06   3.4240723e+01
   2.3660640e+06   6.7016602e+01
   2.3660790e+06   7.9223633e+01
   2.3661010e+06   2.0208740e+02
   2.3661120e+06   4.6630859e+01
   2.3663500e+06   1.1004639e+02
   2.3663620e+06   3.8391113e+01
   2.3664510e+06   5.1391602e+01
   2.3666100e+06   4.7973633e+01
   2.3666340e+06   3.4545898e+01
   2.3667430e+06   4.6813965e+01
   2.3668960e+06   5.4138184e+01
   2.3672360e+06   6.6284180e+01
   2.3673440e+06   3.9001465e+01
   2.3675690e+06   3.8635254e+01
   2.3678180e+06   5.6091309e+01
   2.3682170e+06   5.1452637e+01
   2.3687500e+06   6.6284180e+01
   2.3708640e+06   3.4606934e+01
   2.4296380e+06   3.4790039e+01
   2.4579320e+06   5.5786133e+01
   2.4579920e+06   4.2053223e+01
   2.4580410e+06   7.9284668e+01
   2.5232270e+06   1.7907715e+02
   2.5232420e+06   7.4707031e+01
   2.5232730e+06   3.9855957e+01
   2.5236060e+06   7.7697754e+01
   2.5241300e+06   7.3486328e+01
   2.5385930e+06   1.2451172e+02
   2.6123140e+06   3.4423828e+01
   2.6550700e+06   3.6315918e+01
   2.6591990e+06   3.8940430e+01
   2.6592280e+06   1.9732666e+02
   2.6592500e+06   3.6987305e+01
   2.6592830e+06   6.7016602e+01
   2.6593040e+06   1.4514160e+02
   2.6593260e+06   4.9560547e+01
   2.6593570e+06   4.2968750e+01
   2.6593890e+06   1.0308838e+02
   2.6594160e+06   4.5410156e+01
   2.6594770e+06   4.0222168e+01
   2.6594890e+06   8.6303711e+01
   2.6595590e+06   4.6447754e+01
   2.6595920e+06   8.5021973e+01
   2.6596830e+06   4.1992188e+01
   2.6596930e+06   7.4157715e+01
   2.6597040e+06   3.6804199e+01
   2.6598150e+06   4.6691895e+01
   2.6599030e+06   5.7189941e+01
   2.6601930e+06   3.8574219e+01
   2.6604360e+06   5.4016113e+01
   2.6607250e+06   5.2978516e+01
   2.6608200e+06   3.6010742e+01
   2.6610480e+06   4.9865723e+01
   2.6618240e+06   3.7048340e+01
   2.6619240e+06   3.6926270e+01
   2.6649590e+06   3.4179688e+01
   2.7198390e+06   5.8776855e+01
   2.7198690e+06   1.1352539e+02
   2.7198940e+06   3.9306641e+01
   2.8478250e+06   5.9143066e+01
   2.8479000e+06   3.7780762e+01
   2.8491150e+06   1.8389893e+02
   2.8496670e+06   5.3771973e+01
   2.8496800e+06   3.6315918e+01
   2.8497020e+06   7.1044922e+01
   2.8497800e+06   1.0278320e+02
   2.8500200e+06   9.3566895e+01
   2.8500470e+06   3.8452148e+01
   2.9291590e+06   3.4240723e+01
   2.9703820e+06   3.5766602e+01
   3.0209470e+06   1.4062500e+02
   3.0210420e+06   3.9733887e+01
   3.0231190e+06   8.1298828e+01
   3.0237120e+06   9.1369629e+01
   3.0330470e+06   3.5949707e+01
   3.0531140e+06   3.3935547e+01
   3.1500470e+06   3.4118652e+01
   3.1685680e+06   6.5307617e+01
   3.1687390e+06   6.1157227e+01
   3.3477300e+06   8.5388184e+01
   3.3477420e+06   1.3360596e+02
   3.3477640e+06   3.3630371e+01
   3.3478100e+06   5.7434082e+01
   3.3478270e+06   1.4276123e+02
   3.3478990e+06   6.2622070e+01
   3.3479170e+06   1.2316895e+02
   3.3479790e+06   3.4729004e+01
   3.3480050e+06   9.2590332e+01
   3.3480220e+06   4.3212891e+01
   3.3480880e+06   3.8696289e+01
   3.3481050e+06   5.3344727e+01
   3.3481780e+06   5.3161621e+01
   3.3482530e+06   5.8288574e+01
   3.3484100e+06   5.4504395e+01
   3.3484680e+06   5.4016113e+01
   3.3486170e+06   6.5246582e+01
   3.3486900e+06   4.9011230e+01
   3.3489300e+06   4.7119141e+01
   3.3500790e+06   3.8818359e+01
   3.3514080e+06   3.6987305e+01
   3.4152880e+06   4.0649414e+01
   3.4180280e+06   6.5124512e+01
   3.4832990e+06   3.4179688e+01
   3.4833140e+06   2.0782471e+02
   3.4833280e+06   7.7270508e+01
   3.4833500e+06   5.1147461e+01
   3.4833930e+06   1.6296387e+02
   3.4834040e+06   9.8937988e+01
   3.4834970e+06   1.3079834e+02
   3.4835070e+06   4.1259766e+01
   3.4835390e+06   5.2856445e+01
   3.4835860e+06   8.7524414e+01
   3.4835970e+06   5.4992676e+01
   3.4836700e+06   7.6782227e+01
   3.4837030e+06   6.2866211e+01
   3.4837940e+06   6.4147949e+01
   3.4838600e+06   5.9326172e+01
   3.4838940e+06   3.5827637e+01
   3.4840780e+06   7.9467773e+01
   3.4842660e+06   5.5541992e+01
   3.4848700e+06   1.1346436e+02
   3.4848800e+06   3.4057617e+01
   3.5096100e+06   3.4667969e+01
   3.5257210e+06   9.6313477e+01
   3.5799840e+06   3.3874512e+01
   3.5943780e+06   6.2927246e+01
   3.5944030e+06   8.1481934e+01
   3.5944280e+06   3.7475586e+01
   3.5944680e+06   3.6621094e+01
   3.5945150e+06   9.3933105e+01
   3.5945420e+06   4.7607422e+01
   3.5946260e+06   1.3061523e+02
   3.5946400e+06   8.3740234e+01
   3.5947340e+06   3.5583496e+01
   3.5947460e+06   3.9672852e+01
   3.5947820e+06   5.4931641e+01
   3.5948520e+06   7.0251465e+01
   3.5949520e+06   5.4809570e+01
   3.5950940e+06   1.0101318e+02
   3.5951430e+06   3.3630371e+01
   3.5952500e+06   4.0710449e+01
   3.5954410e+06   4.5532227e+01
   3.5955680e+06   1.1279297e+02
   3.6529400e+06   3.6071777e+01
   3.6766440e+06   6.6711426e+01
   3.6766630e+06   1.1767578e+02
   3.6766870e+06   3.7475586e+01
   3.6767100e+06   4.3701172e+01
   3.6767550e+06   1.5447998e+02
   3.6768670e+06   5.1513672e+01
   3.6768820e+06   8.0627441e+01
   3.6769970e+06   5.1025391e+01
   3.6770160e+06   1.2750244e+02
   3.6770300e+06   3.3996582e+01
   3.6771050e+06   4.6936035e+01
   3.6771150e+06   6.2194824e+01
   3.6772390e+06   9.6801758e+01
   3.7232950e+06   1.0021973e+02
   3.7253510e+06   4.1809082e+01
   3.7253620e+06   8.6425781e+01
   3.7254140e+06   5.7434082e+01
   3.7255530e+06   8.3312988e+01
   3.7255650e+06   3.6682129e+01
   3.7372180e+06   3.3691406e+01
   3.7533010e+06   3.6132813e+01
   3.7637270e+06   3.4423828e+01
   3.7906520e+06   3.6193848e+01
   3.7906960e+06   3.7170410e+01
   3.7907140e+06   1.9708252e+02
   3.7907480e+06   3.6987305e+01
   3.7907590e+06   4.6936035e+01
   3.7909290e+06   6.9946289e+01
   3.7911560e+06   1.7010498e+02
   3.8936730e+06   5.3588867e+01
   3.8937150e+06   4.1137695e+01
   3.8937670e+06   5.3894043e+01
   3.8937860e+06   4.6691895e+01
   3.8938380e+06   1.6784668e+02
   3.8938970e+06   5.2795410e+01
   3.8940070e+06   5.9631348e+01
   3.8940680e+06   3.9794922e+01
   3.8941820e+06   1.7504883e+02
   3.8944260e+06   4.9438477e+01
   3.9708050e+06   1.9958496e+02
   3.9708280e+06   5.6884766e+01
   3.9708730e+06   6.4147949e+01
   3.9708980e+06   1.5313721e+02
   3.9709210e+06   3.9184570e+01
   3.9709320e+06   4.4860840e+01
   3.9709800e+06   7.9040527e+01
   3.9710070e+06   5.2917480e+01
   3.9710800e+06   4.1442871e+01
   3.9711010e+06   1.1975098e+02
   3.9711370e+06   4.5532227e+01
   3.9712540e+06   5.0415039e+01
   3.9712660e+06   3.7231445e+01
   3.9936690e+06   3.4240723e+01
   4.1152110e+06   3.4057617e+01
   4.1230790e+06   7.2326660e+01
   4.1231270e+06   4.1442871e+01
   4.1244430e+06   3.8940430e+01
   4.1244610e+06   2.1258545e+02
   4.1244730e+06   4.3762207e+01
   4.1244990e+06   4.9804688e+01
   4.1245690e+06   4.8278809e+01
   4.1245990e+06   8.5083008e+01
   4.1250090e+06   1.1041260e+02
   4.1251550e+06   6.2316895e+01
   4.1252110e+06   9.4482422e+01
   4.1252220e+06   5.6335449e+01
   4.1252810e+06   7.1350098e+01
   4.1253530e+06   1.1822510e+02
   4.1255460e+06   9.7473145e+01
   4.1255560e+06   3.6499023e+01
   4.1255940e+06   4.8034668e+01
   4.1782520e+06   3.4729004e+01
   4.1951010e+06   4.3090820e+01
   4.1951790e+06   4.9438477e+01
   4.2148910e+06   6.6650391e+01
   4.2149490e+06   3.6010742e+01
   4.2150150e+06   1.2841797e+02
   4.2150570e+06   7.6965332e+01
   4.2692280e+06   3.8146973e+01
   4.2885280e+06   3.6865234e+01
   4.2885400e+06   6.8908691e+01
   4.2885610e+06   1.7120361e+02
   4.2885710e+06   6.2683105e+01
   4.2886480e+06   6.8054199e+01
   4.2886630e+06   1.6400146e+02
   4.2886750e+06   3.3691406e+01
   4.2887400e+06   4.4372559e+01
   4.2887820e+06   5.7434082e+01
   4.2887940e+06   3.8146973e+01
   4.2888530e+06   4.6325684e+01
   4.2888700e+06   4.7973633e+01
   4.2889140e+06   7.3486328e+01
   4.2889240e+06   4.6875000e+01
   4.2889770e+06   5.2551270e+01
   4.2890880e+06   3.8574219e+01
   4.2891000e+06   4.0832520e+01
   4.2891620e+06   5.7067871e+01
   4.2894820e+06   1.5325928e+02
   4.3809340e+06   3.3996582e+01
   4.3809550e+06   6.3842773e+01
   4.3809740e+06   8.6669922e+01
   4.3809980e+06   1.3787842e+02
   4.3810460e+06   5.5725098e+01
   4.3810860e+06   7.3913574e+01
   4.3811440e+06   4.1564941e+01
   4.3811880e+06   6.0180664e+01
   4.3812700e+06   3.6804199e+01
   4.3813340e+06   4.6691895e+01
   4.3813500e+06   6.5734863e+01
   4.3813810e+06   6.2927246e+01
   4.3814380e+06   3.4851074e+01
   4.3814660e+06   6.6833496e+01
   4.3814790e+06   3.9550781e+01
   4.3815090e+06   3.4790039e+01
   4.3816040e+06   8.3923340e+01
   4.3817500e+06   5.0842285e+01
   4.3817610e+06   3.5949707e+01
   4.3819610e+06   6.3781738e+01
   4.3823320e+06   7.4218750e+01
   4.4559800e+06   5.7434082e+01
   4.4560650e+06   5.9082031e+01
   4.5142880e+06   6.9824219e+01
   4.5143530e+06   3.4240723e+01
   4.5143970e+06   3.6560059e+01
   4.5144190e+06   8.0688477e+01
   4.5144390e+06   1.1181641e+02
   4.5176930e+06   3.4973145e+01
   4.5177130e+06   1.0943604e+02
   4.5177300e+06   1.9519043e+02
   4.5177670e+06   3.3996582e+01
   4.5178090e+06   7.2875977e+01
   4.5178360e+06   3.5888672e+01
   4.5178950e+06   7.9650879e+01
   4.5179060e+06   3.9367676e+01
   4.5179440e+06   3.3630371e+01
   4.5179620e+06   3.5583496e+01
   4.5179970e+06   6.3903809e+01
   4.5180080e+06   5.6274414e+01
   4.5180260e+06   4.7790527e+01
   4.5181020e+06   5.6213379e+01
   4.5181120e+06   4.4616699e+01
   4.5182570e+06   4.2907715e+01
   4.5184520e+06   5.9570313e+01
   4.5185680e+06   4.1748047e+01
   4.5186910e+06   6.5124512e+01
   4.5192620e+06   5.5480957e+01
   4.5194330e+06   3.4912109e+01
   4.5197930e+06   4.5410156e+01
   4.5198470e+06   5.6823730e+01
   4.5198650e+06   4.5166016e+01
   4.6691140e+06   1.9171143e+02
   4.6799870e+06   4.9133301e+01
   4.6802210e+06   1.0516357e+02
   4.6904120e+06   1.0601807e+02
   4.6910660e+06   9.7473145e+01
   4.7020210e+06   4.6936035e+01
   4.7021180e+06   5.7922363e+01
   4.7022050e+06   4.6264648e+01
   4.7030920e+06   1.1535645e+02
   4.7141450e+06   1.0845947e+02
   4.7148320e+06   1.7370605e+02
   4.7215390e+06   6.8298340e+01
   4.7216650e+06   1.0076904e+02
   4.7221200e+06   6.8725586e+01
   4.7222920e+06   8.7524414e+01
   4.7227520e+06   5.4504395e+01
   4.7440160e+06   6.5429688e+01
   4.7564670e+06   3.6010742e+01
   4.7608920e+06   4.0527344e+01
   4.7609610e+06   5.2795410e+01
   4.7610410e+06   3.9367676e+01
   4.7611740e+06   1.7767334e+02
   4.7754890e+06   3.7231445e+01
   4.7783090e+06   3.6560059e+01
   4.7837050e+06   5.0781250e+01
   4.7837210e+06   1.9067383e+02
   4.8292490e+06   3.9367676e+01
   4.8649020e+06   4.8767090e+01
   4.8654480e+06   5.6640625e+01
   4.8662300e+06   4.1442871e+01
   4.8662810e+06   9.3017578e+01
   4.8663310e+06   5.5786133e+01
   4.8664170e+06   9.7595215e+01
   4.8664800e+06   7.5622559e+01
   4.8665300e+06   6.3415527e+01
   4.8665480e+06   5.2978516e+01
   4.8666310e+06   4.6630859e+01
   4.8666410e+06   5.6579590e+01
   4.8667220e+06   6.2500000e+01
   4.8667760e+06   5.0903320e+01
   4.8670370e+06   4.5715332e+01
   4.8672320e+06   1.0705566e+02
   4.9402040e+06   5.9692383e+01
   4.9669250e+06   3.3935547e+01
   4.9894480e+06   6.7260742e+01
   4.9895460e+06   5.4321289e+01
   4.9896410e+06   3.8391113e+01
   5.0164330e+06   4.0161133e+01
   5.0164540e+06   2.1276855e+02
   5.0165060e+06   3.8391113e+01
   5.0165860e+06   7.3120117e+01
   5.0166040e+06   8.9233398e+01
   5.0169420e+06   5.9020996e+01
   5.0170580e+06   9.8022461e+01
   5.0174060e+06   9.3566895e+01
   5.0174170e+06   3.5095215e+01
   5.1310350e+06   3.6743164e+01
   5.1310640e+06   1.2335205e+02
   5.1310880e+06   4.0161133e+01
   5.1310980e+06   9.5031738e+01
   5.1311160e+06   4.0771484e+01
   5.1311930e+06   1.7230225e+02
   5.1312410e+06   3.9306641e+01
   5.1312530e+06   4.8400879e+01
   5.1313550e+06   7.7636719e+01
   5.1313980e+06   4.9072266e+01
   5.1315720e+06   6.6711426e+01
   5.1317120e+06   7.8430176e+01
   5.1856190e+06   3.6132813e+01
   5.2086140e+06   1.1291504e+02
   5.2086480e+06   4.1198730e+01
   5.2087850e+06   6.2927246e+01
   5.2088130e+06   1.6467285e+02
   5.2743150e+06   6.2438965e+01
   5.2743270e+06   2.0642090e+02
   5.2743440e+06   1.1401367e+02
   5.2743560e+06   3.8635254e+01
   5.2744060e+06   9.5886230e+01
   5.2744260e+06   4.7668457e+01
   5.2745130e+06   8.0139160e+01
   5.2745230e+06   5.9631348e+01
   5.2746070e+06   5.0231934e+01
   5.2746650e+06   4.6386719e+01
   5.2746790e+06   3.8330078e+01
   5.2748870e+06   1.3891602e+02
   5.2749660e+06   7.5012207e+01
   5.3938190e+06   3.8574219e+01
   5.4278580e+06   7.4401855e+01
   5.4281430e+06   5.8898926e+01
   5.4282600e+06   2.0098877e+02
   5.4395600e+06   5.0231934e+01
   5.5062530e+06   3.4118652e+01
   5.5862200e+06   3.6376953e+01
   5.6038370e+06   6.9335938e+01
   5.6038580e+06   1.9537354e+02
   5.6038820e+06   5.1513672e+01
   5.6039450e+06   2.1038818e+02
   5.6040310e+06   1.1035156e+02
   5.6041020e+06   7.0678711e+01
   5.6041130e+06   6.2683105e+01
   5.6041930e+06   4.4555664e+01
   5.6042510e+06   5.8044434e+01
   5.6043560e+06   3.8757324e+01
   5.6045040e+06   5.2368164e+01
   5.6046440e+06   3.5705566e+01
   5.6047640e+06   4.6386719e+01
   5.6049320e+06   3.7292480e+01
   5.6050770e+06   5.3283691e+01
   5.6053050e+06   5.4809570e+01
   5.6054710e+06   3.8635254e+01
   5.6056420e+06   3.9062500e+01
   5.6068380e+06   3.4423828e+01
   5.6998830e+06   7.5378418e+01
   5.7000170e+06   5.2917480e+01
   5.7003800e+06   3.9123535e+01
   5.7016520e+06   6.1035156e+01
   5.7017260e+06   3.6132813e+01
   5.7018540e+06   3.6560059e+01
   5.7184390e+06   6.3781738e+01
   5.7185370e+06   5.3833008e+01
   5.7186150e+06   3.7475586e+01
   5.8031210e+06   4.1687012e+01
   5.8031470e+06   5.1147461e+01
   5.8031780e+06   1.3842773e+02
   5.8031990e+06   3.4179688e+01
   5.8032420e+06   6.7077637e+01
   5.8032620e+06   4.2358398e+01
   5.8033080e+06   1.7205811e+02
   5.8033240e+06   5.9204102e+01
   5.8034550e+06   4.8400879e+01
   5.8034650e+06   9.8022461e+01
   5.8036640e+06   1.2261963e+02
   5.8641000e+06   6.6650391e+01
   5.8642040e+06   4.9255371e+01
   5.8890210e+06   3.7719727e+01
   5.9291690e+06   3.9245605e+01
   5.9687860e+06   5.6030273e+01
   5.9688010e+06   1.8310547e+02
   5.9689020e+06   6.4453125e+01
   5.9689460e+06   6.4147949e+01
   5.9691370e+06   6.3232422e+01
   5.9692190e+06   8.4533691e+01
   5.9692750e+06   3.9794922e+01
   5.9694300e+06   5.1147461e+01
   5.9697240e+06   1.6595459e+02
   5.9697430e+06   3.5461426e+01
