   5.9980000e+06   0.0000000e+00
   2.7920000e+04   4.1320801e+01
   5.2109000e+04   4.0466309e+01
   5.2152000e+04   3.8146973e+01
   5.2205000e+04   3.7170410e+01
   5.2457000e+04   3.6071777e+01
   3.2310700e+05   4.6264648e+01
   3.2312000e+05   3.7902832e+01
   3.2454200e+05   3.6193848e+01
   3.2579900e+05   3.7780762e+01
   5.7039200e+05   5.4748535e+01
   5.7136900e+05   4.0100098e+01
   5.9197200e+05   4.8645020e+01
   7.3673900e+05   4.3579102e+01
   7.3681200e+05   3.6926270e+01
   7.3719000e+05   3.5522461e+01
   7.3728000e+05   3.9184570e+01
   8.1057200e+05   6.0791016e+01
   8.1063300e+05   4.1198730e+01
   8.1099800e+05   3.6987305e+01
   8.1112200e+05   4.1625977e+01
   9.0052900e+05   3.4851074e+01
   9.5798100e+05   5.9082031e+01
   1.0810960e+06   3.8146973e+01
   1.0811490e+06   3.4179688e+01
   1.0812470e+06   4.3640137e+01
   1.0815260e+06   3.7048340e+01
   1.2361670e+06   3.6132813e+01
   1.2362190e+06   4.1137695e+01
   1.2365290e+06   3.8940430e+01
   1.3753620e+06   5.2307129e+01
   1.3757680e+06   3.5766602e+01
   1.5545310e+06   3.5583496e+01
   1.6203700e+06   4.0588379e+01
   1.6208050e+06   4.5715332e+01
   1.6210070e+06   3.5156250e+01
   1.7126050e+06   3.5583496e+01
   1.7129120e+06   3.4973145e+01
   1.7130690e+06   3.7902832e+01
   1.8106490e+06   3.4179688e+01
   1.8297780e+06   5.2307129e+01
   2.0596450e+06   4.7729492e+01
   2.0597500e+06   3.9428711e+01
   2.2539520e+06   4.6936035e+01
   2.3543630e+06   3.4362793e+01
   2.3663970e+06   4.3273926e+01
   2.4579260e+06   5.5480957e+01
   2.4579970e+06   4.0344238e+01
   2.4607940e+06   3.5095215e+01
   2.5230730e+06   4.2053223e+01
   2.6591480e+06   5.3100586e+01
   2.6592050e+06   5.1696777e+01
   2.7198560e+06   4.6020508e+01
   2.8479510e+06   3.9978027e+01
   3.0209470e+06   4.7363281e+01
   3.1687840e+06   5.1940918e+01
   3.2086980e+06   3.6743164e+01
   3.3477520e+06   3.4118652e+01
   3.3479520e+06   3.4301758e+01
   3.3481590e+06   3.8452148e+01
   3.3489460e+06   3.4423828e+01
   3.4163300e+06   3.8818359e+01
   3.4164580e+06   3.6926270e+01
   3.4170690e+06   4.1137695e+01
   3.4180240e+06   4.6569824e+01
   3.4832350e+06   4.4738770e+01
   3.4835460e+06   3.4851074e+01
   3.5943240e+06   3.7902832e+01
   3.5945820e+06   3.5888672e+01
   3.5946790e+06   3.7658691e+01
   3.5950080e+06   4.1381836e+01
   3.6765730e+06   4.1442871e+01
   3.6767030e+06   3.7231445e+01
   3.6769460e+06   3.4118652e+01
   3.7254630e+06   3.7231445e+01
   3.7255090e+06   3.9184570e+01
   3.7907030e+06   3.4179688e+01
   3.8937100e+06   3.7170410e+01
   3.8940770e+06   4.0527344e+01
   3.8943800e+06   4.5410156e+01
   3.9708650e+06   3.4301758e+01
   3.9708880e+06   3.8208008e+01
   4.1245010e+06   4.5104980e+01
   4.2149520e+06   3.9001465e+01
   4.2885040e+06   3.7597656e+01
   4.3809070e+06   3.6071777e+01
   4.3809630e+06   3.4301758e+01
   4.3810620e+06   3.5461426e+01
   4.3811750e+06   3.7109375e+01
   4.3813360e+06   3.9001465e+01
   4.3815160e+06   3.5339355e+01
   4.5176680e+06   3.5461426e+01
   4.5176950e+06   3.4118652e+01
   4.5180800e+06   3.7170410e+01
   4.5183100e+06   3.5705566e+01
   4.5189740e+06   3.6132813e+01
   4.6800820e+06   3.4301758e+01
   4.7226910e+06   5.0415039e+01
   4.8654090e+06   3.5217285e+01
   4.8662790e+06   4.6630859e+01
   4.8666590e+06   3.8635254e+01
   5.0163900e+06   3.6621094e+01
   5.0164600e+06   3.7414551e+01
   5.1310010e+06   4.0222168e+01
   5.2086800e+06   3.6926270e+01
   5.2567710e+06   3.5278320e+01
   5.2742620e+06   3.7719727e+01
   5.4280650e+06   4.2053223e+01
   5.4624020e+06   3.4851074e+01
   5.6037430e+06   5.2795410e+01
   5.6041190e+06   4.0100098e+01
   5.6053090e+06   3.5766602e+01
   5.6741730e+06   3.6682129e+01
   5.7960530e+06   4.6020508e+01
   5.8030460e+06   4.4189453e+01
   5.8031520e+06   3.4179688e+01
   5.9686700e+06   4.0222168e+01
   5.9691820e+06   4.5410156e+01
