   5.9980000e+06   0.0000000e+00
   3.2315700e+05   3.6926270e+01
   3.2319500e+05   3.5522461e+01
   5.7083900e+05   3.5644531e+01
   7.3678800e+05   3.6743164e+01
   1.0812310e+06   3.5888672e+01
   1.2363320e+06   3.7109375e+01
   2.0597540e+06   3.8513184e+01
   2.6594550e+06   3.5644531e+01
   2.7582680e+06   3.6865234e+01
   3.3477970e+06   3.7475586e+01
   3.5943570e+06   3.5461426e+01
   3.5944950e+06   3.5522461e+01
   3.6766460e+06   3.6071777e+01
   3.8936640e+06   3.4729004e+01
   4.3811190e+06   3.8208008e+01
   4.3994930e+06   3.5278320e+01
   4.5176900e+06   3.5095215e+01
   4.9909120e+06   3.4729004e+01
   5.4223840e+06   3.5400391e+01
   5.6042700e+06   3.9001465e+01
   5.8033140e+06   3.5705566e+01
