   5.9980000e+06   0.0000000e+00
   7.2000000e+02   4.2846680e+01
   3.9470000e+03   3.9306641e+01
   6.5530000e+03   3.9916992e+01
   8.9270000e+03   3.6071777e+01
   1.4869000e+04   3.6499023e+01
   1.5965000e+04   3.8574219e+01
   1.9523000e+04   3.8757324e+01
   2.0662000e+04   4.1198730e+01
   2.2521000e+04   4.3090820e+01
   2.3668000e+04   4.8278809e+01
   2.6470000e+04   2.8021240e+02
   2.7481000e+04   3.8146973e+01
   2.7824000e+04   4.5532227e+01
   2.8057000e+04   2.8057861e+02
   2.8081000e+04   3.6193848e+01
   2.8213000e+04   2.4072266e+02
   2.9979000e+04   4.4616699e+01
   3.1391000e+04   4.0954590e+01
   3.2345000e+04   4.7180176e+01
   3.4539000e+04   4.3212891e+01
   3.6506000e+04   3.7963867e+01
   3.9236000e+04   4.3090820e+01
   4.0247000e+04   3.5644531e+01
   4.1174000e+04   4.2419434e+01
   4.2288000e+04   4.9987793e+01
   4.3887000e+04   3.5827637e+01
   4.6347000e+04   4.0832520e+01
   5.0105000e+04   4.7302246e+01
   5.1610000e+04   3.7109375e+01
   5.2117000e+04   3.5583496e+01
   5.2152000e+04   4.2724609e+01
   5.2172000e+04   3.5766602e+01
   5.2183000e+04   2.8967285e+02
   5.2245000e+04   1.5905762e+02
   5.2315000e+04   5.7067871e+01
   5.2354000e+04   3.8085938e+01
   5.2393000e+04   1.0723877e+02
   5.2446000e+04   3.7292480e+01
   5.2634000e+04   4.2053223e+01
   5.2658000e+04   1.7565918e+02
   5.2792000e+04   1.5942383e+02
   5.3640000e+04   1.9537354e+02
   5.3929000e+04   1.8927002e+02
   5.4265000e+04   1.7706299e+02
   5.4511000e+04   1.5863037e+02
   5.4804000e+04   1.7138672e+02
   5.5091000e+04   1.4910889e+02
   5.5397000e+04   1.3665771e+02
   5.5759000e+04   1.5368652e+02
   5.5937000e+04   6.2133789e+01
   5.6196000e+04   1.2347412e+02
   5.8104000e+04   3.5156250e+01
   5.8572000e+04   5.3771973e+01
   6.0012000e+04   5.0415039e+01
   6.1021000e+04   4.7912598e+01
   6.2577000e+04   4.2785645e+01
   6.6943000e+04   4.0954590e+01
   6.8174000e+04   3.8696289e+01
   6.9214000e+04   3.5583496e+01
   7.1853000e+04   3.6254883e+01
   7.3046000e+04   3.7902832e+01
   7.4901000e+04   3.5339355e+01
   7.6890000e+04   4.0832520e+01
   7.7174000e+04   4.0222168e+01
   7.7870000e+04   4.3334961e+01
   8.2601000e+04   3.8757324e+01
   8.6048000e+04   3.5827637e+01
   9.0051000e+04   3.5888672e+01
   9.4630000e+04   3.5278320e+01
   9.7195000e+04   3.6865234e+01
   9.8838000e+04   3.5461426e+01
   9.9986000e+04   3.8818359e+01
   1.0112600e+05   3.5156250e+01
   1.0179400e+05   4.3762207e+01
   1.0387300e+05   4.4555664e+01
   1.0913500e+05   3.5400391e+01
   1.1169300e+05   3.7536621e+01
   1.1337100e+05   3.5827637e+01
   1.1587500e+05   4.5288086e+01
   1.1662700e+05   4.6447754e+01
   1.1735400e+05   4.1198730e+01
   1.1862500e+05   4.1015625e+01
   1.2177900e+05   4.3090820e+01
   1.2332400e+05   3.6560059e+01
   1.2918200e+05   4.0283203e+01
   1.3134700e+05   4.0405273e+01
   1.3208400e+05   3.7292480e+01
   1.3212900e+05   3.9245605e+01
   1.3439100e+05   4.3884277e+01
   1.3630400e+05   4.9255371e+01
   1.3731000e+05   3.6071777e+01
   1.3879500e+05   3.5827637e+01
   1.4294000e+05   4.7851563e+01
   1.4431200e+05   3.6499023e+01
   1.4587600e+05   3.8635254e+01
   1.4803900e+05   4.0588379e+01
   1.4934900e+05   3.9306641e+01
   1.5515600e+05   4.4616699e+01
   1.5740000e+05   3.9794922e+01
   1.5878100e+05   4.2236328e+01
   1.6271200e+05   4.2968750e+01
   1.6426600e+05   4.1381836e+01
   1.6929000e+05   3.9611816e+01
   1.7034700e+05   3.6560059e+01
   1.7121600e+05   3.7963867e+01
   1.7440400e+05   3.9489746e+01
   1.7620300e+05   4.2907715e+01
   1.7748900e+05   4.0954590e+01
   1.7988800e+05   3.6926270e+01
   1.8089300e+05   3.8085938e+01
   1.8235800e+05   3.6254883e+01
   1.8320600e+05   4.5227051e+01
   1.8445200e+05   4.4006348e+01
   1.8788600e+05   3.7597656e+01
   1.8918400e+05   3.7170410e+01
   1.9076900e+05   3.6987305e+01
   1.9148200e+05   5.4321289e+01
   1.9261400e+05   4.5715332e+01
   1.9578000e+05   4.0466309e+01
   1.9642800e+05   4.3762207e+01
   1.9766700e+05   3.8208008e+01
   1.9872600e+05   4.0039063e+01
   1.9930800e+05   3.7658691e+01
   2.0410400e+05   4.4860840e+01
   2.0599500e+05   3.9184570e+01
   2.0966700e+05   3.8146973e+01
   2.1279700e+05   3.8818359e+01
   2.1421500e+05   3.6926270e+01
   2.1853800e+05   4.3151855e+01
   2.2146200e+05   3.7902832e+01
   2.2294000e+05   3.6499023e+01
   2.2606500e+05   4.3151855e+01
   2.2796000e+05   3.9978027e+01
   2.3449000e+05   4.8034668e+01
   2.3474200e+05   5.0476074e+01
   2.3653200e+05   4.8400879e+01
   2.3791500e+05   4.0161133e+01
   2.4253700e+05   3.7292480e+01
   2.4352500e+05   4.9072266e+01
   2.4679000e+05   3.7841797e+01
   2.5092200e+05   4.1687012e+01
   2.5365700e+05   3.7963867e+01
   2.5551500e+05   4.6386719e+01
   2.5743000e+05   4.1748047e+01
   2.5851200e+05   4.2297363e+01
   2.6208400e+05   4.1442871e+01
   2.6379800e+05   4.6752930e+01
   2.6510900e+05   4.2785645e+01
   2.7232200e+05   3.7048340e+01
   2.7426600e+05   4.2480469e+01
   2.7491000e+05   4.4738770e+01
   2.7583600e+05   4.5410156e+01
   2.7599800e+05   4.2785645e+01
   2.7626600e+05   2.9754639e+02
   2.7964400e+05   3.6804199e+01
   2.8110500e+05   4.3029785e+01
   2.8365900e+05   3.5034180e+01
   2.8535000e+05   4.5166016e+01
   2.8774100e+05   3.7109375e+01
   2.9217700e+05   3.8879395e+01
   2.9368500e+05   3.6926270e+01
   2.9807300e+05   3.7963867e+01
   3.0046100e+05   5.0537109e+01
   3.0197600e+05   4.2175293e+01
   3.0223700e+05   3.6132813e+01
   3.0349700e+05   4.0649414e+01
   3.0484400e+05   4.7546387e+01
   3.0686300e+05   3.5583496e+01
   3.1030200e+05   3.7048340e+01
   3.1113600e+05   4.1137695e+01
   3.1387200e+05   4.0771484e+01
   3.2007500e+05   3.7170410e+01
   3.2313300e+05   3.8085938e+01
   3.2317800e+05   2.6995850e+02
   3.2322700e+05   3.8024902e+01
   3.2323900e+05   1.7193604e+02
   3.2326400e+05   3.6071777e+01
   3.2334800e+05   1.7053223e+02
   3.2339600e+05   3.5278320e+01
   3.2347400e+05   3.9733887e+01
   3.2352000e+05   1.4776611e+02
   3.2353300e+05   4.8461914e+01
   3.2360200e+05   3.5522461e+01
   3.2369100e+05   1.5582275e+02
   3.2378700e+05   4.2907715e+01
   3.2394800e+05   3.9428711e+01
   3.2429800e+05   4.4677734e+01
   3.2432700e+05   3.6560059e+01
   3.2441500e+05   4.3273926e+01
   3.2467700e+05   3.9245605e+01
   3.2517200e+05   3.6254883e+01
   3.2573600e+05   2.2650146e+02
   3.2661100e+05   3.8024902e+01
   3.2662200e+05   3.7658691e+01
   3.2678200e+05   3.5278320e+01
   3.2692200e+05   3.5095215e+01
   3.2709500e+05   3.6560059e+01
   3.2762900e+05   4.8034668e+01
   3.4586100e+05   5.2062988e+01
   3.4591900e+05   3.8085938e+01
   3.4768600e+05   4.0649414e+01
   3.5265000e+05   4.4799805e+01
   3.5840300e+05   4.4555664e+01
   3.6074000e+05   3.5583496e+01
   3.6433600e+05   3.8391113e+01
   3.6667200e+05   4.7241211e+01
   3.7045000e+05   4.6142578e+01
   3.8021200e+05   5.0109863e+01
   3.8184900e+05   4.1137695e+01
   3.8315300e+05   4.4189453e+01
   3.8715100e+05   3.8513184e+01
   3.8812700e+05   4.8889160e+01
   3.9045700e+05   3.7292480e+01
   3.9163300e+05   4.0649414e+01
   3.9391400e+05   4.7973633e+01
   3.9575400e+05   3.7170410e+01
   3.9830200e+05   4.8217773e+01
   4.0346900e+05   4.7119141e+01
   4.0642800e+05   4.6875000e+01
   4.0879700e+05   4.0466309e+01
   4.0955900e+05   4.1442871e+01
   4.2172600e+05   3.6071777e+01
   4.2412800e+05   3.7231445e+01
   4.2554100e+05   3.6560059e+01
   4.2784900e+05   3.7963867e+01
   4.2973100e+05   4.3701172e+01
   4.3277200e+05   4.5532227e+01
   4.3458600e+05   5.1330566e+01
   4.3532500e+05   5.6274414e+01
   4.3865000e+05   3.5583496e+01
   4.3982700e+05   5.3771973e+01
   4.4032500e+05   3.9489746e+01
   4.4170400e+05   4.3090820e+01
   4.4324900e+05   4.3518066e+01
   4.4578500e+05   3.9184570e+01
   4.4798300e+05   4.2297363e+01
   4.5095700e+05   4.2846680e+01
   4.5266900e+05   3.9550781e+01
   4.5407300e+05   3.7170410e+01
   4.5499300e+05   3.7414551e+01
   4.5933900e+05   3.6743164e+01
   4.5954800e+05   4.3151855e+01
   4.6236100e+05   4.2236328e+01
   4.6576900e+05   4.2724609e+01
   4.6695300e+05   3.9367676e+01
   4.6863300e+05   4.4677734e+01
   4.6920500e+05   4.6813965e+01
   4.7226200e+05   5.4260254e+01
   4.7485400e+05   4.3518066e+01
   4.7554200e+05   3.6437988e+01
   4.7641800e+05   3.7536621e+01
   4.7878100e+05   4.6691895e+01
   4.7957700e+05   4.2480469e+01
   4.8106000e+05   3.5339355e+01
   4.8307500e+05   4.3273926e+01
   4.8540100e+05   4.2846680e+01
   4.8751400e+05   2.8375244e+02
   4.8773100e+05   3.5034180e+01
   4.8780000e+05   2.4444580e+02
   4.8781000e+05   5.5725098e+01
   4.9032900e+05   3.5095215e+01
   4.9132400e+05   4.3945313e+01
   4.9263700e+05   4.0222168e+01
   4.9351400e+05   4.0893555e+01
   4.9562200e+05   3.6743164e+01
   4.9662000e+05   4.2175293e+01
   4.9792400e+05   4.5410156e+01
   5.0044900e+05   4.1503906e+01
   5.0147200e+05   3.9550781e+01
   5.1275400e+05   4.2541504e+01
   5.1379300e+05   4.8339844e+01
   5.1505600e+05   4.0466309e+01
   5.1610900e+05   3.7353516e+01
   5.2006600e+05   3.9611816e+01
   5.2332600e+05   3.6132813e+01
   5.2527000e+05   3.6315918e+01
   5.2612900e+05   3.6743164e+01
   5.2751600e+05   5.3833008e+01
   5.2837100e+05   3.5644531e+01
   5.3163300e+05   4.7241211e+01
   5.3414500e+05   4.4799805e+01
   5.3448500e+05   2.9632568e+02
   5.3772600e+05   3.7536621e+01
   5.4233000e+05   3.7597656e+01
   5.4351300e+05   3.6071777e+01
   5.4473900e+05   4.0832520e+01
   5.4588900e+05   4.1564941e+01
   5.4732700e+05   4.6630859e+01
   5.4974800e+05   2.3529053e+02
   5.5179500e+05   4.5227051e+01
   5.5690100e+05   3.5034180e+01
   5.5799600e+05   4.1748047e+01
   5.5927900e+05   4.2968750e+01
   5.6062200e+05   3.8085938e+01
   5.6080800e+05   4.1320801e+01
   5.6355500e+05   3.6621094e+01
   5.6489000e+05   4.6875000e+01
   5.6695600e+05   4.6447754e+01
   5.7039300e+05   3.6376953e+01
   5.7041700e+05   3.8391113e+01
   5.7043800e+05   4.0954590e+01
   5.7048000e+05   2.9205322e+02
   5.7054600e+05   1.6339111e+02
   5.7057900e+05   3.7658691e+01
   5.7065200e+05   1.7169189e+02
   5.7077400e+05   1.6192627e+02
   5.7082300e+05   4.0222168e+01
   5.7084200e+05   3.5583496e+01
   5.7115000e+05   1.9146729e+02
   5.7159500e+05   2.0147705e+02
   5.7191300e+05   2.0184326e+02
   5.7214700e+05   1.6296387e+02
   5.7235000e+05   1.4099121e+02
   5.7269200e+05   1.6339111e+02
   5.7299700e+05   1.5612793e+02
   5.7321300e+05   3.7231445e+01
   5.7326100e+05   1.3787842e+02
   5.7358500e+05   1.4477539e+02
   5.7765100e+05   3.5583496e+01
   5.8111700e+05   4.1687012e+01
   5.8295300e+05   3.6560059e+01
   5.8523300e+05   4.0954590e+01
   5.8755100e+05   4.5227051e+01
   5.9028600e+05   3.6376953e+01
   5.9134800e+05   4.3640137e+01
   5.9218200e+05   4.4311523e+01
   5.9257300e+05   3.5339355e+01
   5.9382300e+05   4.4128418e+01
   5.9774900e+05   5.0598145e+01
   6.0205100e+05   4.1381836e+01
   6.0494600e+05   4.1259766e+01
   6.0669700e+05   3.7048340e+01
   6.0898900e+05   3.6682129e+01
   6.1120200e+05   4.4006348e+01
   6.1341500e+05   4.3457031e+01
   6.1538900e+05   3.8757324e+01
   6.1812700e+05   4.7180176e+01
   6.1989900e+05   4.0893555e+01
   6.2218500e+05   4.5654297e+01
   6.2496100e+05   3.6010742e+01
   6.2771600e+05   3.8452148e+01
   6.3151200e+05   3.6743164e+01
   6.3273900e+05   3.6010742e+01
   6.3393100e+05   3.8085938e+01
   6.3779600e+05   3.5339355e+01
   6.4087200e+05   4.5410156e+01
   6.4310700e+05   3.8391113e+01
   6.4406100e+05   4.3029785e+01
   6.5234500e+05   3.7475586e+01
   6.5320300e+05   3.5278320e+01
   6.5395000e+05   4.9804688e+01
   6.5828300e+05   4.0954590e+01
   6.6263200e+05   3.9123535e+01
   6.6271900e+05   5.0842285e+01
   6.6278300e+05   3.7536621e+01
   6.6282400e+05   3.9367676e+01
   6.6301300e+05   2.6501465e+02
   6.6303700e+05   3.9916992e+01
   6.6332100e+05   2.2247314e+02
   6.6333200e+05   4.5166016e+01
   6.6618200e+05   3.8513184e+01
   6.6746500e+05   3.9123535e+01
   6.6991400e+05   3.8269043e+01
   6.7218900e+05   3.6865234e+01
   6.7654800e+05   4.1015625e+01
   6.8062100e+05   3.7841797e+01
   6.8180300e+05   3.5095215e+01
   6.8558500e+05   4.6142578e+01
   6.8735000e+05   3.9855957e+01
   6.9163400e+05   4.2846680e+01
   6.9284000e+05   4.9682617e+01
   6.9527200e+05   4.6752930e+01
   6.9765000e+05   3.5705566e+01
   6.9987500e+05   4.1992188e+01
   7.0306500e+05   4.2724609e+01
   7.0603600e+05   4.0161133e+01
   7.0695700e+05   4.3151855e+01
   7.0999700e+05   4.4433594e+01
   7.1279600e+05   3.9916992e+01
   7.1615800e+05   3.5705566e+01
   7.1875600e+05   4.1625977e+01
   7.2037400e+05   3.7353516e+01
   7.2306700e+05   4.0893555e+01
   7.2586700e+05   4.6813965e+01
   7.2695000e+05   4.2907715e+01
   7.3047000e+05   3.6254883e+01
   7.3215700e+05   4.0100098e+01
   7.3662900e+05   4.6630859e+01
   7.3670700e+05   4.0405273e+01
   7.3674200e+05   4.2480469e+01
   7.3678000e+05   4.3762207e+01
   7.3681600e+05   3.5400391e+01
   7.3682600e+05   9.8937988e+01
   7.3690600e+05   1.4031982e+02
   7.3701200e+05   1.7309570e+02
   7.3702400e+05   7.3242188e+01
   7.3710000e+05   1.4599609e+02
   7.3711000e+05   3.7658691e+01
   7.3729600e+05   2.1197510e+02
   7.3747300e+05   3.7780762e+01
   7.3766500e+05   4.2114258e+01
   7.3795300e+05   2.1411133e+02
   7.3878100e+05   3.5095215e+01
   7.4561700e+05   3.9672852e+01
   7.5096600e+05   3.6071777e+01
   7.5188400e+05   4.5898438e+01
   7.5371500e+05   4.9438477e+01
   7.5716100e+05   4.0466309e+01
   7.5938000e+05   4.3579102e+01
   7.6172500e+05   4.9255371e+01
   7.6337800e+05   4.0893555e+01
   7.6467700e+05   4.2663574e+01
   7.6624900e+05   4.2968750e+01
   7.6755400e+05   4.3029785e+01
   7.6930000e+05   3.5583496e+01
   7.7627900e+05   3.8452148e+01
   7.7789000e+05   4.3151855e+01
   7.8475600e+05   3.6193848e+01
   7.8743800e+05   4.1259766e+01
   7.9090200e+05   3.5949707e+01
   7.9388100e+05   3.5461426e+01
   7.9525600e+05   5.0842285e+01
   7.9694400e+05   4.0283203e+01
   7.9753200e+05   4.6264648e+01
   7.9999100e+05   4.0710449e+01
   8.0093500e+05   4.1625977e+01
   8.0408100e+05   3.7719727e+01
   8.0526800e+05   3.6560059e+01
   8.0753400e+05   3.9733887e+01
   8.0859200e+05   4.1748047e+01
   8.1044100e+05   3.7353516e+01
   8.1064000e+05   3.9245605e+01
   8.1068700e+05   2.8491211e+02
   8.1074300e+05   3.6132813e+01
   8.1084300e+05   2.3828125e+02
   8.1096400e+05   1.8762207e+02
   8.1104100e+05   3.5278320e+01
   8.1803700e+05   4.1809082e+01
   8.2222100e+05   4.2846680e+01
   8.2341500e+05   3.9367676e+01
   8.2444500e+05   4.2358398e+01
   8.3037600e+05   3.6010742e+01
   8.3330400e+05   3.5644531e+01
   8.3460000e+05   3.7597656e+01
   8.3876900e+05   4.5288086e+01
   8.4013500e+05   3.6376953e+01
   8.4237000e+05   3.7902832e+01
   8.4446700e+05   3.9855957e+01
   8.4763900e+05   3.7353516e+01
   8.4834100e+05   3.5888672e+01
   8.5054400e+05   5.1635742e+01
   8.5180900e+05   5.2062988e+01
   8.5492800e+05   4.1198730e+01
   8.5941300e+05   4.1320801e+01
   8.6111900e+05   4.0100098e+01
   8.6179100e+05   4.9743652e+01
   8.6397200e+05   3.7170410e+01
   8.6527600e+05   4.4433594e+01
   8.6602500e+05   3.8757324e+01
   8.6847200e+05   3.8391113e+01
   8.7102200e+05   4.2114258e+01
   8.7215400e+05   3.9611816e+01
   8.7376200e+05   4.1503906e+01
   8.7908400e+05   3.9123535e+01
   8.7987000e+05   4.2785645e+01
   8.8300100e+05   3.5400391e+01
   8.8540300e+05   3.6193848e+01
   8.8707500e+05   4.0893555e+01
   8.9042600e+05   3.8330078e+01
   8.9288600e+05   4.6997070e+01
   8.9413200e+05   3.9489746e+01
   8.9600700e+05   4.0588379e+01
   8.9821500e+05   4.1992188e+01
   8.9909100e+05   4.9316406e+01
   9.0127600e+05   4.1503906e+01
   9.0257200e+05   4.5288086e+01
   9.0378800e+05   3.5278320e+01
   9.0492700e+05   3.6682129e+01
   9.0696400e+05   3.7353516e+01
   9.0872300e+05   4.4555664e+01
   9.0970600e+05   3.6193848e+01
   9.1169400e+05   4.4372559e+01
   9.1374800e+05   3.7719727e+01
   9.1938000e+05   5.4443359e+01
   9.2339000e+05   4.5104980e+01
   9.2405800e+05   4.2480469e+01
   9.2577700e+05   4.3273926e+01
   9.2737400e+05   3.5949707e+01
   9.3323200e+05   3.9001465e+01
   9.3826500e+05   3.9855957e+01
   9.3915600e+05   3.7292480e+01
   9.4310400e+05   3.9184570e+01
   9.4412800e+05   3.7658691e+01
   9.4536900e+05   4.7851563e+01
   9.4853000e+05   4.2480469e+01
   9.5275100e+05   3.7353516e+01
   9.5549500e+05   3.9367676e+01
   9.5747900e+05   3.5156250e+01
   9.5759100e+05   2.7032471e+02
   9.5763400e+05   4.0466309e+01
   9.5784900e+05   2.5256348e+02
   9.5786200e+05   3.6376953e+01
   9.5800000e+05   1.9360352e+02
   9.5801100e+05   3.9245605e+01
   9.5805100e+05   3.5400391e+01
   9.6251900e+05   3.5766602e+01
   9.6815600e+05   3.6132813e+01
   9.7014900e+05   3.6865234e+01
   9.7521300e+05   4.4982910e+01
   9.7800700e+05   3.8818359e+01
   9.8477300e+05   3.7963867e+01
   9.8696800e+05   4.3884277e+01
   9.8786400e+05   4.3395996e+01
   9.9039600e+05   4.0954590e+01
   9.9283200e+05   4.4372559e+01
   9.9361500e+05   3.7109375e+01
   9.9567300e+05   3.7231445e+01
   1.0019540e+06   4.3945313e+01
   1.0054540e+06   4.3334961e+01
   1.0080050e+06   4.2907715e+01
   1.0097910e+06   3.5034180e+01
   1.0120450e+06   4.4006348e+01
   1.0137200e+06   4.1442871e+01
   1.0157770e+06   4.5349121e+01
   1.0170960e+06   3.7475586e+01
   1.0198610e+06   4.3090820e+01
   1.0209060e+06   3.5400391e+01
   1.0220280e+06   3.6926270e+01
   1.0226160e+06   4.3212891e+01
   1.0251620e+06   3.6621094e+01
   1.0270800e+06   3.9489746e+01
   1.0296940e+06   4.3457031e+01
   1.0328300e+06   4.2419434e+01
   1.0385210e+06   3.5217285e+01
   1.0411490e+06   4.0710449e+01
   1.0428710e+06   4.5410156e+01
   1.0444930e+06   4.2297363e+01
   1.0454990e+06   3.7597656e+01
   1.0457540e+06   3.7414551e+01
   1.0457820e+06   2.9705811e+02
   1.0460200e+06   2.2540283e+02
   1.0460310e+06   4.2114258e+01
   1.0465270e+06   2.2796631e+02
   1.0493890e+06   4.0344238e+01
   1.0557440e+06   3.9062500e+01
   1.0595200e+06   3.6926270e+01
   1.0617700e+06   4.7729492e+01
   1.0625330e+06   4.9621582e+01
   1.0685790e+06   3.5644531e+01
   1.0707390e+06   3.6010742e+01
   1.0757700e+06   4.1503906e+01
   1.0769020e+06   4.7302246e+01
   1.0798700e+06   3.8146973e+01
   1.0810940e+06   3.8574219e+01
   1.0811180e+06   4.4006348e+01
   1.0811450e+06   4.5043945e+01
   1.0811740e+06   2.5982666e+02
   1.0811910e+06   4.0466309e+01
   1.0812290e+06   1.5740967e+02
   1.0812460e+06   4.4006348e+01
   1.0814050e+06   3.7719727e+01
   1.0814400e+06   2.1484375e+02
   1.0816020e+06   4.7790527e+01
   1.0816330e+06   1.5960693e+02
   1.0826520e+06   2.2607422e+02
   1.0828990e+06   2.1710205e+02
   1.0830890e+06   1.7333984e+02
   1.0833070e+06   1.7529297e+02
   1.0834920e+06   1.7449951e+02
   1.0837050e+06   1.6900635e+02
   1.0839380e+06   1.2695313e+02
   1.0841480e+06   1.4862061e+02
   1.0843580e+06   1.2518311e+02
   1.0848740e+06   1.5643311e+02
   1.0853830e+06   4.0832520e+01
   1.0944320e+06   4.1015625e+01
   1.1011600e+06   3.8818359e+01
   1.1057810e+06   3.5644531e+01
   1.1080890e+06   4.4799805e+01
   1.1109030e+06   3.5156250e+01
   1.1153220e+06   3.7109375e+01
   1.1163930e+06   4.1870117e+01
   1.1182040e+06   3.8818359e+01
   1.1231820e+06   3.5949707e+01
   1.1234120e+06   4.2236328e+01
   1.1243770e+06   4.3395996e+01
   1.1301030e+06   3.8452148e+01
   1.1336450e+06   3.5217285e+01
   1.1355040e+06   4.0771484e+01
   1.1367670e+06   3.6865234e+01
   1.1392730e+06   3.9978027e+01
   1.1454720e+06   4.4677734e+01
   1.1521410e+06   4.2785645e+01
   1.1593570e+06   4.8583984e+01
   1.1626660e+06   4.1931152e+01
   1.1650850e+06   3.6132813e+01
   1.1688980e+06   3.7109375e+01
   1.1713070e+06   4.5959473e+01
   1.1740820e+06   3.5278320e+01
   1.1810860e+06   4.0344238e+01
   1.1834810e+06   4.4494629e+01
   1.1838750e+06   4.0405273e+01
   1.1851370e+06   4.6569824e+01
   1.1903290e+06   4.6936035e+01
   1.1915440e+06   3.8574219e+01
   1.1953210e+06   3.7231445e+01
   1.1987010e+06   3.8940430e+01
   1.2043700e+06   4.4189453e+01
   1.2054830e+06   3.5644531e+01
   1.2069140e+06   4.0344238e+01
   1.2090140e+06   4.6020508e+01
   1.2095850e+06   4.4006348e+01
   1.2115120e+06   5.3710938e+01
   1.2142090e+06   4.5532227e+01
   1.2193720e+06   5.2490234e+01
   1.2213430e+06   4.3945313e+01
   1.2220160e+06   3.9428711e+01
   1.2254160e+06   4.7973633e+01
   1.2276550e+06   4.0588379e+01
   1.2288550e+06   3.6682129e+01
   1.2292470e+06   3.8269043e+01
   1.2328610e+06   3.6499023e+01
   1.2333580e+06   3.7963867e+01
   1.2334290e+06   2.5598145e+02
   1.2362010e+06   4.7119141e+01
   1.2362460e+06   3.8818359e+01
   1.2363130e+06   2.6330566e+02
   1.2363430e+06   3.6132813e+01
   1.2364080e+06   3.8085938e+01
   1.2365090e+06   2.0086670e+02
   1.2365300e+06   4.5104980e+01
   1.2388320e+06   4.4128418e+01
   1.2394500e+06   3.6010742e+01
   1.2399120e+06   4.7485352e+01
   1.2400720e+06   3.7353516e+01
   1.2418500e+06   3.5705566e+01
   1.2424090e+06   3.8330078e+01
   1.2478290e+06   4.2907715e+01
   1.2547500e+06   4.9621582e+01
   1.2562870e+06   3.8208008e+01
   1.2598380e+06   3.7353516e+01
   1.2605330e+06   4.6997070e+01
   1.2688190e+06   4.6203613e+01
   1.2702900e+06   4.4006348e+01
   1.2718370e+06   3.8757324e+01
   1.2727980e+06   4.0283203e+01
   1.2751120e+06   5.0659180e+01
   1.2776680e+06   3.7780762e+01
   1.2789210e+06   4.0222168e+01
   1.2849590e+06   3.7475586e+01
   1.2858460e+06   4.1809082e+01
   1.2869750e+06   3.8085938e+01
   1.2884760e+06   4.1992188e+01
   1.2896530e+06   3.7231445e+01
   1.2920360e+06   3.9611816e+01
   1.2954570e+06   3.9794922e+01
   1.2975610e+06   3.6376953e+01
   1.3003260e+06   4.1442871e+01
   1.3021920e+06   4.2602539e+01
   1.3037580e+06   3.7231445e+01
   1.3053690e+06   4.2724609e+01
   1.3063930e+06   3.5461426e+01
   1.3087330e+06   3.5644531e+01
   1.3109610e+06   3.8269043e+01
   1.3130590e+06   3.7658691e+01
   1.3167280e+06   3.9428711e+01
   1.3212870e+06   4.0100098e+01
   1.3223460e+06   4.2358398e+01
   1.3265160e+06   3.5461426e+01
   1.3312820e+06   4.6508789e+01
   1.3340250e+06   4.2358398e+01
   1.3347630e+06   4.9743652e+01
   1.3359370e+06   4.5471191e+01
   1.3394080e+06   4.4189453e+01
   1.3434720e+06   3.6254883e+01
   1.3471990e+06   4.0588379e+01
   1.3528980e+06   4.6020508e+01
   1.3532550e+06   3.7963867e+01
   1.3564440e+06   3.7170410e+01
   1.3581970e+06   3.7902832e+01
   1.3591190e+06   5.3039551e+01
   1.3600710e+06   4.5288086e+01
   1.3624800e+06   3.6132813e+01
   1.3630740e+06   3.5888672e+01
   1.3651660e+06   3.5034180e+01
   1.3667580e+06   3.9733887e+01
   1.3690220e+06   4.2785645e+01
   1.3693870e+06   3.9794922e+01
   1.3703570e+06   3.9611816e+01
   1.3739460e+06   3.8330078e+01
   1.3751490e+06   3.0438232e+02
   1.3752540e+06   2.5152588e+02
   1.3752650e+06   3.5888672e+01
   1.3753600e+06   3.9489746e+01
   1.3753780e+06   1.9860840e+02
   1.3754030e+06   3.8696289e+01
   1.3754270e+06   3.7292480e+01
   1.3755170e+06   2.1051025e+02
   1.3756000e+06   3.7231445e+01
   1.3756370e+06   1.8231201e+02
   1.3757950e+06   3.6987305e+01
   1.3835540e+06   2.7557373e+02
   1.3859880e+06   4.5715332e+01
   1.3938510e+06   3.5644531e+01
   1.3972570e+06   4.3395996e+01
   1.3987250e+06   4.4311523e+01
   1.4023870e+06   3.8269043e+01
   1.4056370e+06   3.7048340e+01
   1.4067670e+06   3.9245605e+01
   1.4096270e+06   3.6010742e+01
   1.4096480e+06   4.0344238e+01
   1.4102330e+06   3.5461426e+01
   1.4142930e+06   4.1259766e+01
   1.4180550e+06   3.8757324e+01
   1.4199950e+06   4.1442871e+01
   1.4247520e+06   3.8513184e+01
   1.4277020e+06   3.6926270e+01
   1.4284380e+06   4.1320801e+01
   1.4308060e+06   3.9794922e+01
   1.4335450e+06   4.6264648e+01
   1.4348900e+06   4.2602539e+01
   1.4364790e+06   4.2602539e+01
   1.4373160e+06   3.7231445e+01
   1.4399280e+06   3.5522461e+01
   1.4442210e+06   3.5522461e+01
   1.4453890e+06   4.7912598e+01
   1.4493430e+06   3.8940430e+01
   1.4505270e+06   4.3212891e+01
   1.4548270e+06   4.5593262e+01
   1.4553320e+06   3.8024902e+01
   1.4567110e+06   3.5156250e+01
   1.4572780e+06   4.1564941e+01
   1.4603420e+06   4.5166016e+01
   1.4627930e+06   5.6091309e+01
   1.4639560e+06   4.1625977e+01
   1.4643060e+06   3.5522461e+01
   1.4653050e+06   4.4982910e+01
   1.4744170e+06   3.7109375e+01
   1.4777400e+06   3.8574219e+01
   1.4797490e+06   3.8085938e+01
   1.4839060e+06   3.7231445e+01
   1.4849320e+06   3.8146973e+01
   1.4883740e+06   4.4494629e+01
   1.4897820e+06   3.5522461e+01
   1.4922350e+06   3.6560059e+01
   1.4972890e+06   3.7475586e+01
   1.5000530e+06   3.5949707e+01
   1.5017460e+06   3.8146973e+01
   1.5038790e+06   4.0649414e+01
   1.5053930e+06   4.1381836e+01
   1.5087820e+06   4.0100098e+01
   1.5102440e+06   3.7292480e+01
   1.5115290e+06   3.7475586e+01
   1.5151440e+06   3.8513184e+01
   1.5185580e+06   3.5217285e+01
   1.5224730e+06   4.3518066e+01
   1.5255920e+06   4.0710449e+01
   1.5263500e+06   4.4921875e+01
   1.5280690e+06   3.8330078e+01
   1.5290150e+06   3.7109375e+01
   1.5332660e+06   3.7353516e+01
   1.5344270e+06   3.9550781e+01
   1.5367250e+06   2.6110840e+02
   1.5369440e+06   3.5034180e+01
   1.5370860e+06   2.5982666e+02
   1.5372950e+06   3.5827637e+01
   1.5376350e+06   2.3895264e+02
   1.5376450e+06   4.5288086e+01
   1.5380060e+06   3.6254883e+01
   1.5399520e+06   2.3522949e+02
   1.5400310e+06   3.5949707e+01
   1.5465100e+06   4.4982910e+01
   1.5517850e+06   3.9489746e+01
   1.5530890e+06   4.4189453e+01
   1.5538660e+06   4.3212891e+01
   1.5629200e+06   3.8696289e+01
   1.5660890e+06   3.6071777e+01
   1.5668100e+06   4.7363281e+01
   1.5714330e+06   4.9682617e+01
   1.5731230e+06   4.8156738e+01
   1.5741690e+06   3.6254883e+01
   1.5763350e+06   4.1625977e+01
   1.5820990e+06   3.8574219e+01
   1.5828920e+06   3.5888672e+01
   1.5831800e+06   3.5217285e+01
   1.5846240e+06   3.6987305e+01
   1.5855680e+06   4.8767090e+01
   1.5864500e+06   4.9499512e+01
   1.5911560e+06   3.8940430e+01
   1.5920530e+06   3.6437988e+01
   1.5933960e+06   4.4799805e+01
   1.5956910e+06   3.6254883e+01
   1.5986250e+06   3.8513184e+01
   1.5995320e+06   4.6569824e+01
   1.6081000e+06   3.8269043e+01
   1.6086110e+06   3.5827637e+01
   1.6110100e+06   3.9794922e+01
   1.6145600e+06   3.5888672e+01
   1.6155010e+06   3.6132813e+01
   1.6182170e+06   4.2114258e+01
   1.6187620e+06   3.9184570e+01
   1.6202060e+06   3.5644531e+01
   1.6205950e+06   3.9306641e+01
   1.6206130e+06   2.8576660e+02
   1.6208530e+06   3.7170410e+01
   1.6210630e+06   3.5217285e+01
   1.6212820e+06   3.5766602e+01
   1.6299680e+06   4.0222168e+01
   1.6320150e+06   4.1931152e+01
   1.6395070e+06   4.2724609e+01
   1.6414190e+06   5.2246094e+01
   1.6485580e+06   3.6560059e+01
   1.6511170e+06   4.0222168e+01
   1.6537530e+06   4.1381836e+01
   1.6558600e+06   3.6254883e+01
   1.6559400e+06   2.2521973e+02
   1.6561730e+06   3.6682129e+01
   1.6578200e+06   4.9804688e+01
   1.6668020e+06   3.9794922e+01
   1.6739280e+06   4.5043945e+01
   1.6757390e+06   4.4433594e+01
   1.6789550e+06   4.2785645e+01
   1.6832900e+06   3.5339355e+01
   1.6846130e+06   3.9672852e+01
   1.6852440e+06   4.1809082e+01
   1.6869110e+06   4.4799805e+01
   1.6883350e+06   4.0832520e+01
   1.6931830e+06   3.6315918e+01
   1.6942750e+06   3.5766602e+01
   1.6970470e+06   4.3212891e+01
   1.6986080e+06   4.3212891e+01
   1.7002540e+06   4.4799805e+01
   1.7034300e+06   5.0231934e+01
   1.7051060e+06   5.0292969e+01
   1.7070020e+06   3.5217285e+01
   1.7084600e+06   4.3457031e+01
   1.7110790e+06   4.0527344e+01
   1.7124070e+06   3.6071777e+01
   1.7124240e+06   3.5278320e+01
   1.7125730e+06   2.7209473e+02
   1.7126480e+06   2.1154785e+02
   1.7126640e+06   4.5532227e+01
   1.7128220e+06   2.1099854e+02
   1.7129940e+06   2.1466064e+02
   1.7130230e+06   4.1870117e+01
   1.7164620e+06   4.0588379e+01
   1.7221010e+06   3.6865234e+01
   1.7236470e+06   4.0039063e+01
   1.7244690e+06   4.7485352e+01
   1.7268400e+06   4.1687012e+01
   1.7279540e+06   3.8879395e+01
   1.7319630e+06   3.5034180e+01
   1.7362390e+06   3.5644531e+01
   1.7410750e+06   3.6193848e+01
   1.7470080e+06   3.5278320e+01
   1.7486820e+06   4.0405273e+01
   1.7524800e+06   4.1015625e+01
   1.7539720e+06   3.8330078e+01
   1.7564210e+06   4.1870117e+01
   1.7574230e+06   4.3945313e+01
   1.7587880e+06   3.7963867e+01
   1.7650260e+06   3.7414551e+01
   1.7664920e+06   4.1442871e+01
   1.7670600e+06   4.5898438e+01
   1.7700780e+06   3.5949707e+01
   1.7741100e+06   3.9123535e+01
   1.7752340e+06   3.8635254e+01
   1.7760660e+06   4.1442871e+01
   1.7797260e+06   3.9855957e+01
   1.7809180e+06   3.5766602e+01
   1.7819820e+06   1.6693115e+02
   1.7822700e+06   2.7093506e+02
   1.7822800e+06   5.3955078e+01
   1.7831570e+06   3.5156250e+01
   1.7839220e+06   4.0466309e+01
   1.7840050e+06   2.6336670e+02
   1.7907830e+06   5.1391602e+01
   1.7985810e+06   5.4748535e+01
   1.8026090e+06   3.8696289e+01
   1.8035960e+06   3.9794922e+01
   1.8042230e+06   4.4311523e+01
   1.8055330e+06   4.7607422e+01
   1.8099430e+06   4.4128418e+01
   1.8106820e+06   3.9306641e+01
   1.8107370e+06   2.3089600e+02
   1.8107540e+06   4.9987793e+01
   1.8107980e+06   1.6864014e+02
   1.8108180e+06   3.5095215e+01
   1.8108510e+06   4.8217773e+01
   1.8108790e+06   1.5661621e+02
   1.8108920e+06   3.5705566e+01
   1.8109640e+06   1.2713623e+02
   1.8111120e+06   1.3006592e+02
   1.8112180e+06   1.3891602e+02
   1.8112280e+06   3.9794922e+01
   1.8115260e+06   1.7944336e+02
   1.8117360e+06   1.8524170e+02
   1.8119370e+06   1.8383789e+02
   1.8122790e+06   1.6986084e+02
   1.8126750e+06   1.7333984e+02
   1.8128580e+06   1.5460205e+02
   1.8132340e+06   1.6864014e+02
   1.8133020e+06   3.8146973e+01
   1.8134400e+06   1.4758301e+02
   1.8138420e+06   1.6986084e+02
   1.8142790e+06   1.3397217e+02
   1.8145780e+06   1.5203857e+02
   1.8149940e+06   4.3945313e+01
   1.8152100e+06   1.5045166e+02
   1.8189820e+06   3.5034180e+01
   1.8296230e+06   3.8330078e+01
   1.8298700e+06   3.8513184e+01
   1.8344770e+06   4.1625977e+01
   1.8412100e+06   4.2724609e+01
   1.8434390e+06   3.5766602e+01
   1.8448820e+06   3.5217285e+01
   1.8471530e+06   5.1208496e+01
   1.8498980e+06   4.4189453e+01
   1.8532200e+06   4.4067383e+01
   1.8557760e+06   4.0893555e+01
   1.8584990e+06   4.3457031e+01
   1.8616300e+06   4.4982910e+01
   1.8660670e+06   3.5705566e+01
   1.8727300e+06   3.8452148e+01
   1.8816580e+06   3.8024902e+01
   1.8837110e+06   4.1381836e+01
   1.8858090e+06   4.0771484e+01
   1.8877860e+06   4.0283203e+01
   1.8904070e+06   4.1381836e+01
   1.8912290e+06   3.6682129e+01
   1.8986120e+06   3.5156250e+01
   1.9065020e+06   4.2114258e+01
   1.9088970e+06   3.8024902e+01
   1.9104020e+06   5.2001953e+01
   1.9143140e+06   3.5339355e+01
   1.9189680e+06   3.7109375e+01
   1.9227360e+06   3.9794922e+01
   1.9249070e+06   3.6926270e+01
   1.9262320e+06   3.6926270e+01
   1.9276970e+06   4.5593262e+01
   1.9299570e+06   4.2602539e+01
   1.9305460e+06   4.9255371e+01
   1.9341210e+06   3.9123535e+01
   1.9379380e+06   3.9062500e+01
   1.9391640e+06   4.4067383e+01
   1.9402810e+06   5.0170898e+01
   1.9437280e+06   5.5297852e+01
   1.9450040e+06   2.9571533e+02
   1.9453350e+06   3.6743164e+01
   1.9512160e+06   3.5461426e+01
   1.9558490e+06   3.9062500e+01
   1.9589770e+06   4.1625977e+01
   1.9600390e+06   3.7963867e+01
   1.9615350e+06   4.0893555e+01
   1.9667470e+06   4.8339844e+01
   1.9721640e+06   3.8635254e+01
   1.9764250e+06   3.8513184e+01
   1.9798390e+06   3.6804199e+01
   1.9811750e+06   3.7902832e+01
   1.9841640e+06   4.1931152e+01
   1.9853500e+06   3.6865234e+01
   1.9876800e+06   4.1015625e+01
   1.9894210e+06   3.5766602e+01
   1.9905430e+06   4.3762207e+01
   1.9914900e+06   3.7963867e+01
   1.9926390e+06   2.9199219e+02
   1.9926700e+06   4.0527344e+01
   1.9927300e+06   4.5410156e+01
   1.9928000e+06   2.2924805e+02
   1.9928100e+06   4.9987793e+01
   1.9928960e+06   4.1687012e+01
   1.9931750e+06   2.2937012e+02
   1.9931860e+06   4.0405273e+01
   1.9978190e+06   3.7963867e+01
   1.9991880e+06   3.9184570e+01
   2.0003030e+06   3.5766602e+01
   2.0052660e+06   4.0222168e+01
   2.0065880e+06   4.1687012e+01
   2.0091980e+06   3.7780762e+01
   2.0105330e+06   4.0710449e+01
   2.0119380e+06   4.0771484e+01
   2.0140310e+06   3.6560059e+01
   2.0162200e+06   3.9672852e+01
   2.0170730e+06   3.7475586e+01
   2.0191380e+06   3.5339355e+01
   2.0219820e+06   3.5583496e+01
   2.0245320e+06   3.5522461e+01
   2.0267100e+06   4.4738770e+01
   2.0310240e+06   3.9916992e+01
   2.0320950e+06   5.2246094e+01
   2.0333400e+06   3.6132813e+01
   2.0344060e+06   4.1687012e+01
   2.0364230e+06   3.7841797e+01
   2.0386740e+06   4.0466309e+01
   2.0400690e+06   3.9123535e+01
   2.0429660e+06   4.3579102e+01
   2.0443520e+06   3.8513184e+01
   2.0472440e+06   4.0161133e+01
   2.0534920e+06   4.7485352e+01
   2.0557590e+06   4.9499512e+01
   2.0566380e+06   3.9367676e+01
   2.0584180e+06   3.7963867e+01
   2.0596380e+06   3.9306641e+01
   2.0596870e+06   4.2053223e+01
   2.0597160e+06   4.1870117e+01
   2.0597550e+06   3.8940430e+01
   2.0597700e+06   1.9763184e+02
   2.0598400e+06   1.3165283e+02
   2.0599350e+06   1.4916992e+02
   2.0600660e+06   1.2329102e+02
   2.0601740e+06   1.1737061e+02
   2.0603270e+06   1.5570068e+02
   2.0606180e+06   2.0074463e+02
   2.0609050e+06   1.8865967e+02
   2.0612960e+06   1.9604492e+02
   2.0617930e+06   1.7352295e+02
   2.0689670e+06   4.4494629e+01
   2.0717670e+06   4.1015625e+01
   2.0764020e+06   3.6804199e+01
   2.0813360e+06   4.4372559e+01
   2.0850230e+06   4.1503906e+01
   2.0879620e+06   3.9855957e+01
   2.0925640e+06   3.9245605e+01
   2.0942030e+06   3.9123535e+01
   2.0997480e+06   3.8024902e+01
   2.1016990e+06   3.8513184e+01
   2.1085490e+06   4.7180176e+01
   2.1109250e+06   4.6508789e+01
   2.1120630e+06   5.1330566e+01
   2.1158280e+06   3.8940430e+01
   2.1218610e+06   3.6254883e+01
   2.1271700e+06   4.6386719e+01
   2.1289070e+06   3.6193848e+01
   2.1331340e+06   4.4799805e+01
   2.1354600e+06   4.8950195e+01
   2.1406000e+06   4.9072266e+01
   2.1420370e+06   5.1452637e+01
   2.1428650e+06   4.2358398e+01
   2.1448620e+06   4.8645020e+01
   2.1496470e+06   3.6682129e+01
   2.1554810e+06   3.5034180e+01
   2.1584460e+06   4.9133301e+01
   2.1611920e+06   4.4250488e+01
   2.1687120e+06   3.6376953e+01
   2.1698280e+06   4.6630859e+01
   2.1722810e+06   3.8513184e+01
   2.1744520e+06   4.6875000e+01
   2.1769180e+06   3.9367676e+01
   2.1831770e+06   3.5034180e+01
   2.1867490e+06   4.0161133e+01
   2.1877440e+06   4.1442871e+01
   2.1903480e+06   4.4189453e+01
   2.1930120e+06   3.5156250e+01
   2.1954090e+06   4.2968750e+01
   2.1969440e+06   3.8696289e+01
   2.1988130e+06   4.3518066e+01
   2.2032770e+06   4.1198730e+01
   2.2138260e+06   4.3701172e+01
   2.2156190e+06   3.5583496e+01
   2.2163520e+06   4.6569824e+01
   2.2185850e+06   3.7170410e+01
   2.2245440e+06   4.5776367e+01
   2.2254360e+06   4.5227051e+01
   2.2254820e+06   3.6804199e+01
   2.2330630e+06   5.2612305e+01
   2.2340210e+06   3.9062500e+01
   2.2410630e+06   3.8818359e+01
   2.2432670e+06   4.2541504e+01
   2.2457270e+06   4.6752930e+01
   2.2474000e+06   3.7414551e+01
   2.2490090e+06   4.1748047e+01
   2.2504290e+06   3.5705566e+01
   2.2531780e+06   3.6865234e+01
   2.2533170e+06   2.7795410e+02
   2.2534570e+06   2.5976563e+02
   2.2534700e+06   4.1625977e+01
   2.2535900e+06   2.3516846e+02
   2.2537870e+06   2.3809814e+02
   2.2557700e+06   2.1948242e+02
   2.2561750e+06   3.5217285e+01
   2.2562230e+06   2.0104980e+02
   2.2572350e+06   2.2143555e+02
   2.2578660e+06   1.9982910e+02
   2.2609770e+06   4.5410156e+01
   2.2670820e+06   4.1931152e+01
   2.2690590e+06   3.7902832e+01
   2.2704830e+06   3.9489746e+01
   2.2738340e+06   3.6071777e+01
   2.2829480e+06   5.0720215e+01
   2.2838590e+06   5.1025391e+01
   2.2856240e+06   3.6865234e+01
   2.2934060e+06   3.6621094e+01
   2.2944950e+06   4.5593262e+01
   2.2962900e+06   5.0292969e+01
   2.2974210e+06   4.3029785e+01
   2.3007240e+06   3.6560059e+01
   2.3067350e+06   4.0100098e+01
   2.3095130e+06   3.7353516e+01
   2.3103930e+06   5.1940918e+01
   2.3129860e+06   2.8802490e+02
   2.3166740e+06   3.5827637e+01
   2.3180860e+06   4.1625977e+01
   2.3219720e+06   5.3894043e+01
   2.3242440e+06   4.4128418e+01
   2.3295780e+06   3.7414551e+01
   2.3318010e+06   4.5776367e+01
   2.3332120e+06   4.7668457e+01
   2.3345010e+06   4.5104980e+01
   2.3353110e+06   4.2724609e+01
   2.3400080e+06   3.6071777e+01
   2.3412160e+06   3.5095215e+01
   2.3412530e+06   4.6081543e+01
   2.3413220e+06   4.2907715e+01
   2.3414440e+06   2.9229736e+02
   2.3414550e+06   4.2602539e+01
   2.3416660e+06   2.3968506e+02
   2.3416790e+06   4.5959473e+01
   2.3419720e+06   3.9855957e+01
   2.3458150e+06   4.6569824e+01
   2.3483640e+06   4.0893555e+01
   2.3560860e+06   4.9621582e+01
   2.3580200e+06   3.5827637e+01
   2.3599030e+06   3.6621094e+01
   2.3611930e+06   3.7109375e+01
   2.3631080e+06   3.6987305e+01
   2.3659910e+06   4.2968750e+01
   2.3660350e+06   3.8940430e+01
   2.3660600e+06   3.0035400e+02
   2.3660710e+06   4.2602539e+01
   2.3661310e+06   1.7022705e+02
   2.3661800e+06   4.4616699e+01
   2.3662370e+06   1.7663574e+02
   2.3663280e+06   3.6010742e+01
   2.3664000e+06   4.1381836e+01
   2.3664320e+06   2.2540283e+02
   2.3667900e+06   2.0208740e+02
   2.3670750e+06   1.7834473e+02
   2.3675280e+06   1.9189453e+02
   2.3677000e+06   3.5766602e+01
   2.3677770e+06   1.7730713e+02
   2.3682140e+06   4.6142578e+01
   2.3682350e+06   1.5588379e+02
   2.3685820e+06   1.7578125e+02
   2.3691310e+06   1.7071533e+02
   2.3697270e+06   1.7523193e+02
   2.3711340e+06   1.7529297e+02
   2.3714770e+06   4.3884277e+01
   2.3745910e+06   4.6142578e+01
   2.3759040e+06   3.9733887e+01
   2.3789300e+06   3.5095215e+01
   2.3892130e+06   3.7048340e+01
   2.3936450e+06   5.2978516e+01
   2.3959320e+06   3.6804199e+01
   2.3989530e+06   3.9611816e+01
   2.4002250e+06   4.1015625e+01
   2.4023170e+06   5.1635742e+01
   2.4042610e+06   4.4128418e+01
   2.4076530e+06   4.3762207e+01
   2.4088830e+06   3.7353516e+01
   2.4115670e+06   4.1442871e+01
   2.4151870e+06   3.5705566e+01
   2.4165580e+06   4.1992188e+01
   2.4201620e+06   4.1259766e+01
   2.4202480e+06   3.9672852e+01
   2.4204620e+06   2.7960205e+02
   2.4206700e+06   3.5705566e+01
   2.4225790e+06   3.6560059e+01
   2.4249150e+06   3.6254883e+01
   2.4274400e+06   4.2236328e+01
   2.4314730e+06   4.8583984e+01
   2.4334000e+06   4.6569824e+01
   2.4365030e+06   3.5949707e+01
   2.4377710e+06   3.5339355e+01
   2.4415040e+06   3.9733887e+01
   2.4449560e+06   4.4616699e+01
   2.4475310e+06   5.1452637e+01
   2.4491100e+06   4.7363281e+01
   2.4514340e+06   4.9377441e+01
   2.4565090e+06   3.8452148e+01
   2.4566490e+06   2.8240967e+02
   2.4567740e+06   3.5522461e+01
   2.4580460e+06   3.9794922e+01
   2.4580840e+06   2.6037598e+02
   2.4596880e+06   3.6071777e+01
   2.4608740e+06   3.6376953e+01
   2.4699980e+06   3.5705566e+01
   2.4726690e+06   3.7658691e+01
   2.4849130e+06   3.7658691e+01
   2.4861940e+06   4.3151855e+01
   2.4911750e+06   3.7292480e+01
   2.4922470e+06   4.2053223e+01
   2.4940230e+06   4.2419434e+01
   2.4950540e+06   4.3151855e+01
   2.4979980e+06   3.8818359e+01
   2.4994080e+06   3.7902832e+01
   2.5006190e+06   3.9306641e+01
   2.5083120e+06   4.3823242e+01
   2.5137660e+06   4.1076660e+01
   2.5158430e+06   4.5715332e+01
   2.5168390e+06   4.0893555e+01
   2.5181240e+06   4.1381836e+01
   2.5191970e+06   3.8635254e+01
   2.5230720e+06   5.3527832e+01
   2.5230990e+06   4.5227051e+01
   2.5231950e+06   3.6743164e+01
   2.5232180e+06   2.7673340e+02
   2.5234180e+06   2.6531982e+02
   2.5236980e+06   2.5036621e+02
   2.5237180e+06   3.5766602e+01
   2.5242980e+06   2.1563721e+02
   2.5252360e+06   2.0355225e+02
   2.5279860e+06   3.8818359e+01
   2.5305710e+06   3.6926270e+01
   2.5324660e+06   5.2185059e+01
   2.5351230e+06   5.0231934e+01
   2.5383800e+06   3.5400391e+01
   2.5384020e+06   3.5278320e+01
   2.5385070e+06   2.7008057e+02
   2.5433300e+06   4.3273926e+01
   2.5443370e+06   3.8452148e+01
   2.5455730e+06   4.4982910e+01
   2.5481170e+06   3.6926270e+01
   2.5495270e+06   4.2358398e+01
   2.5509190e+06   4.1076660e+01
   2.5530900e+06   3.9428711e+01
   2.5565060e+06   3.9245605e+01
   2.5571830e+06   4.7851563e+01
   2.5607370e+06   4.1503906e+01
   2.5660250e+06   3.8940430e+01
   2.5713950e+06   4.4433594e+01
   2.5723240e+06   2.5854492e+02
   2.5723640e+06   4.3945313e+01
   2.5727980e+06   2.7532959e+02
   2.5739530e+06   4.3518066e+01
   2.5754870e+06   3.5522461e+01
   2.5786220e+06   3.5339355e+01
   2.5798700e+06   3.7231445e+01
   2.5810250e+06   3.8757324e+01
   2.5826840e+06   4.9194336e+01
   2.5886750e+06   3.6376953e+01
   2.5905960e+06   3.7170410e+01
   2.5931390e+06   4.2358398e+01
   2.5966770e+06   3.9978027e+01
   2.5987270e+06   4.0344238e+01
   2.6004380e+06   4.0954590e+01
   2.6017500e+06   3.7048340e+01
   2.6020070e+06   3.6682129e+01
   2.6052050e+06   3.6560059e+01
   2.6095490e+06   4.0832520e+01
   2.6106180e+06   3.7963867e+01
   2.6121060e+06   4.3640137e+01
   2.6139200e+06   4.1687012e+01
   2.6157020e+06   4.6020508e+01
   2.6183540e+06   4.8095703e+01
   2.6207070e+06   3.5644531e+01
   2.6232210e+06   4.7729492e+01
   2.6250210e+06   3.5949707e+01
   2.6268990e+06   4.1564941e+01
   2.6291170e+06   4.5104980e+01
   2.6315760e+06   3.6437988e+01
   2.6319120e+06   4.5043945e+01
   2.6344830e+06   3.6376953e+01
   2.6350860e+06   3.6132813e+01
   2.6353400e+06   2.2900391e+02
   2.6369480e+06   4.0161133e+01
   2.6394750e+06   4.1137695e+01
   2.6414970e+06   4.1320801e+01
   2.6435890e+06   4.2602539e+01
   2.6509180e+06   3.9916992e+01
   2.6536520e+06   3.6560059e+01
   2.6546630e+06   3.6376953e+01
   2.6555570e+06   3.7597656e+01
   2.6555990e+06   3.6865234e+01
   2.6585680e+06   3.9550781e+01
   2.6591050e+06   3.5400391e+01
   2.6591470e+06   3.5644531e+01
   2.6591710e+06   4.3518066e+01
   2.6592020e+06   4.9926758e+01
   2.6592260e+06   2.6623535e+02
   2.6592560e+06   4.3945313e+01
   2.6592850e+06   1.7047119e+02
   2.6592970e+06   3.9306641e+01
   2.6593420e+06   3.5705566e+01
   2.6593630e+06   1.6137695e+02
   2.6593770e+06   4.4250488e+01
   2.6594250e+06   3.8269043e+01
   2.6594430e+06   1.6699219e+02
   2.6594550e+06   4.0954590e+01
   2.6595340e+06   1.1022949e+02
   2.6595450e+06   5.0354004e+01
   2.6595850e+06   4.2724609e+01
   2.6596960e+06   1.6809082e+02
   2.6598170e+06   1.2280273e+02
   2.6600740e+06   1.5893555e+02
   2.6602710e+06   1.7938232e+02
   2.6604590e+06   1.6070557e+02
   2.6607010e+06   1.6357422e+02
   2.6609130e+06   1.5832520e+02
   2.6610850e+06   1.5093994e+02
   2.6613060e+06   1.4111328e+02
   2.6615530e+06   1.4587402e+02
   2.6618490e+06   1.2030029e+02
   2.6626790e+06   4.2053223e+01
   2.6629780e+06   3.8757324e+01
   2.6630980e+06   3.9001465e+01
   2.6660190e+06   3.6987305e+01
   2.6751910e+06   4.5654297e+01
   2.6764160e+06   3.8146973e+01
   2.6780470e+06   4.1442871e+01
   2.6895730e+06   4.4860840e+01
   2.6923690e+06   4.5043945e+01
   2.6941280e+06   3.6743164e+01
   2.6955270e+06   4.1625977e+01
   2.6976490e+06   4.0954590e+01
   2.6999520e+06   3.8391113e+01
   2.7010140e+06   3.9672852e+01
   2.7042600e+06   4.1809082e+01
   2.7063830e+06   3.8574219e+01
   2.7064910e+06   4.3273926e+01
   2.7078310e+06   3.5217285e+01
   2.7125710e+06   3.8513184e+01
   2.7134190e+06   3.7414551e+01
   2.7162420e+06   4.1076660e+01
   2.7200060e+06   3.9489746e+01
   2.7202510e+06   2.6562500e+02
   2.7238090e+06   4.2236328e+01
   2.7273930e+06   3.7536621e+01
   2.7306800e+06   5.2429199e+01
   2.7349700e+06   3.6254883e+01
   2.7414320e+06   3.5583496e+01
   2.7420900e+06   3.5095215e+01
   2.7457140e+06   3.7048340e+01
   2.7505540e+06   4.4067383e+01
   2.7534430e+06   3.7170410e+01
   2.7566560e+06   4.1442871e+01
   2.7604300e+06   4.2785645e+01
   2.7648710e+06   3.7109375e+01
   2.7661230e+06   3.5339355e+01
   2.7682570e+06   4.3640137e+01
   2.7775250e+06   3.7780762e+01
   2.7793760e+06   4.0832520e+01
   2.7825110e+06   3.6865234e+01
   2.7838010e+06   3.5095215e+01
   2.7856690e+06   3.5095215e+01
   2.7864940e+06   4.3457031e+01
   2.7881410e+06   3.7414551e+01
   2.7956400e+06   4.5959473e+01
   2.7987090e+06   3.8208008e+01
   2.8039310e+06   3.9733887e+01
   2.8071220e+06   4.4372559e+01
   2.8088650e+06   4.0588379e+01
   2.8102400e+06   4.2175293e+01
   2.8117810e+06   3.9733887e+01
   2.8131910e+06   4.0710449e+01
   2.8160660e+06   4.4372559e+01
   2.8190420e+06   4.0649414e+01
   2.8209000e+06   4.0954590e+01
   2.8218070e+06   4.8522949e+01
   2.8230260e+06   4.5898438e+01
   2.8263810e+06   3.5705566e+01
   2.8298930e+06   4.4372559e+01
   2.8310190e+06   3.6560059e+01
   2.8327770e+06   3.8879395e+01
   2.8347010e+06   5.6396484e+01
   2.8371570e+06   5.5114746e+01
   2.8395260e+06   4.2419434e+01
   2.8408210e+06   3.6743164e+01
   2.8414070e+06   3.5827637e+01
   2.8442570e+06   3.7475586e+01
   2.8475130e+06   3.9306641e+01
   2.8478920e+06   4.2480469e+01
   2.8479040e+06   2.9675293e+02
   2.8496030e+06   4.5104980e+01
   2.8496180e+06   2.4487305e+02
   2.8496280e+06   4.7363281e+01
   2.8497050e+06   3.7536621e+01
   2.8497560e+06   2.3260498e+02
   2.8498130e+06   3.9672852e+01
   2.8500950e+06   2.3931885e+02
   2.8501060e+06   3.5766602e+01
   2.8537670e+06   4.0100098e+01
   2.8587310e+06   4.1320801e+01
   2.8611560e+06   3.5522461e+01
   2.8635940e+06   4.1076660e+01
   2.8654570e+06   3.7292480e+01
   2.8688950e+06   3.5766602e+01
   2.8696440e+06   4.3579102e+01
   2.8715670e+06   3.5522461e+01
   2.8735660e+06   3.9245605e+01
   2.8818010e+06   4.6813965e+01
   2.8852980e+06   3.5522461e+01
   2.8912040e+06   3.6010742e+01
   2.8925590e+06   4.1687012e+01
   2.8948140e+06   4.7058105e+01
   2.8990640e+06   3.8085938e+01
   2.8999750e+06   4.7912598e+01
   2.9050590e+06   3.6865234e+01
   2.9073100e+06   3.5888672e+01
   2.9113300e+06   3.8085938e+01
   2.9147910e+06   4.1564941e+01
   2.9167230e+06   5.5541992e+01
   2.9197540e+06   4.1931152e+01
   2.9205430e+06   3.8269043e+01
   2.9235840e+06   3.6132813e+01
   2.9250660e+06   3.9001465e+01
   2.9269370e+06   3.5705566e+01
   2.9302060e+06   4.5104980e+01
   2.9331130e+06   3.9184570e+01
   2.9381400e+06   4.3762207e+01
   2.9397630e+06   3.7597656e+01
   2.9401040e+06   3.5583496e+01
   2.9404960e+06   3.7475586e+01
   2.9425100e+06   3.6621094e+01
   2.9432960e+06   3.6315918e+01
   2.9435180e+06   2.4304199e+02
   2.9435510e+06   4.4860840e+01
   2.9438390e+06   2.1856689e+02
   2.9438520e+06   3.9489746e+01
   2.9442790e+06   2.5299072e+02
   2.9442920e+06   3.6804199e+01
   2.9444760e+06   2.1112061e+02
   2.9446180e+06   3.6254883e+01
   2.9478540e+06   4.7424316e+01
   2.9499010e+06   4.1015625e+01
   2.9514640e+06   3.6682129e+01
   2.9614940e+06   4.3945313e+01
   2.9642020e+06   4.4189453e+01
   2.9649580e+06   3.5766602e+01
   2.9696640e+06   3.5644531e+01
   2.9719350e+06   3.7292480e+01
   2.9808470e+06   4.8156738e+01
   2.9817970e+06   4.5227051e+01
   2.9855100e+06   4.9316406e+01
   2.9881920e+06   4.1687012e+01
   2.9902510e+06   3.9428711e+01
   2.9917510e+06   4.6020508e+01
   2.9953100e+06   3.9245605e+01
   2.9960110e+06   4.9255371e+01
   2.9986200e+06   3.5644531e+01
   2.9992190e+06   3.5278320e+01
   3.0016180e+06   4.3151855e+01
   3.0032370e+06   4.1442871e+01
   3.0040340e+06   3.9428711e+01
   3.0050900e+06   3.5583496e+01
   3.0057730e+06   3.9367676e+01
   3.0141510e+06   3.6621094e+01
   3.0157680e+06   3.6560059e+01
   3.0190830e+06   3.7597656e+01
   3.0209580e+06   3.9001465e+01
   3.0210640e+06   2.4859619e+02
   3.0228330e+06   2.2735596e+02
   3.0230380e+06   2.4627686e+02
   3.0233750e+06   2.5860596e+02
   3.0234030e+06   4.5776367e+01
   3.0236270e+06   2.1484375e+02
   3.0239010e+06   5.2246094e+01
   3.0367790e+06   3.8085938e+01
   3.0378640e+06   3.9794922e+01
   3.0396860e+06   4.3334961e+01
   3.0416480e+06   4.1992188e+01
   3.0434200e+06   4.2175293e+01
   3.0476060e+06   4.1442871e+01
   3.0499590e+06   4.0283203e+01
   3.0505900e+06   5.8349609e+01
   3.0537680e+06   3.9855957e+01
   3.0541320e+06   2.3266602e+02
   3.0567710e+06   3.9672852e+01
   3.0648670e+06   3.8635254e+01
   3.0654980e+06   3.7536621e+01
   3.0697480e+06   4.0161133e+01
   3.0707820e+06   3.6010742e+01
   3.0753380e+06   5.2795410e+01
   3.0776790e+06   3.5278320e+01
   3.0827170e+06   3.9489746e+01
   3.0836940e+06   3.8574219e+01
   3.0849870e+06   4.1748047e+01
   3.0909100e+06   4.5227051e+01
   3.0959470e+06   3.9978027e+01
   3.0979190e+06   4.5837402e+01
   3.0990360e+06   4.2907715e+01
   3.1034200e+06   4.0405273e+01
   3.1110600e+06   3.6376953e+01
   3.1165690e+06   4.3029785e+01
   3.1174500e+06   3.7353516e+01
   3.1233930e+06   3.6071777e+01
   3.1240800e+06   3.7963867e+01
   3.1273050e+06   3.7536621e+01
   3.1293790e+06   3.7414551e+01
   3.1314780e+06   4.1625977e+01
   3.1327750e+06   3.4973145e+01
   3.1335520e+06   3.9367676e+01
   3.1370020e+06   3.4851074e+01
   3.1422420e+06   3.4851074e+01
   3.1443020e+06   3.5461426e+01
   3.1455520e+06   3.9367676e+01
   3.1510590e+06   3.4912109e+01
   3.1517420e+06   3.7597656e+01
   3.1533910e+06   3.9550781e+01
   3.1555790e+06   3.5339355e+01
   3.1577640e+06   3.9611816e+01
   3.1592880e+06   3.7353516e+01
   3.1633070e+06   4.8706055e+01
   3.1676390e+06   3.9550781e+01
   3.1680550e+06   2.8765869e+02
   3.1680660e+06   3.5278320e+01
   3.1683920e+06   3.6926270e+01
   3.1684190e+06   2.2180176e+02
   3.1684310e+06   4.8156738e+01
   3.1685530e+06   2.0507813e+02
   3.1688050e+06   3.5644531e+01
   3.1700340e+06   3.5217285e+01
   3.1703820e+06   2.5701904e+02
   3.1787930e+06   3.5644531e+01
   3.1799410e+06   4.1687012e+01
   3.1829660e+06   4.1809082e+01
   3.1844850e+06   3.5339355e+01
   3.1855950e+06   4.1076660e+01
   3.1878570e+06   4.1687012e+01
   3.1891070e+06   4.6630859e+01
   3.1905940e+06   3.6132813e+01
   3.1952540e+06   4.4067383e+01
   3.1962350e+06   3.6071777e+01
   3.2025180e+06   4.0588379e+01
   3.2045330e+06   4.0222168e+01
   3.2057640e+06   4.4250488e+01
   3.2114330e+06   3.7353516e+01
   3.2124380e+06   3.7658691e+01
   3.2143910e+06   3.9489746e+01
   3.2144430e+06   4.1381836e+01
   3.2144560e+06   2.2888184e+02
   3.2164410e+06   4.1564941e+01
   3.2172230e+06   3.9001465e+01
   3.2232070e+06   3.9306641e+01
   3.2270540e+06   3.5339355e+01
   3.2286470e+06   4.1381836e+01
   3.2292610e+06   3.7658691e+01
   3.2325210e+06   3.6621094e+01
   3.2360930e+06   3.6682129e+01
   3.2375680e+06   4.1870117e+01
   3.2399950e+06   4.1137695e+01
   3.2417250e+06   4.1809082e+01
   3.2424870e+06   4.8706055e+01
   3.2450430e+06   3.6193848e+01
   3.2458790e+06   3.5705566e+01
   3.2474070e+06   3.7353516e+01
   3.2490040e+06   3.9306641e+01
   3.2497270e+06   4.1381836e+01
   3.2513220e+06   3.4912109e+01
   3.2555060e+06   3.7841797e+01
   3.2566100e+06   3.7719727e+01
   3.2592680e+06   3.5888672e+01
   3.2606540e+06   3.6804199e+01
   3.2643520e+06   3.5766602e+01
   3.2651580e+06   3.6621094e+01
   3.2686730e+06   4.6875000e+01
   3.2704250e+06   4.2114258e+01
   3.2727310e+06   3.8269043e+01
   3.2733910e+06   4.6447754e+01
   3.2745290e+06   3.9489746e+01
   3.2759400e+06   4.6997070e+01
   3.2789990e+06   4.5837402e+01
   3.2824920e+06   4.4311523e+01
   3.2844420e+06   4.2541504e+01
   3.2860520e+06   3.6437988e+01
   3.2867270e+06   3.5949707e+01
   3.2901250e+06   3.8146973e+01
   3.2913030e+06   4.1076660e+01
   3.2940550e+06   3.8269043e+01
   3.2943860e+06   4.4921875e+01
   3.2955670e+06   4.5776367e+01
   3.2965790e+06   4.3579102e+01
   3.2992830e+06   3.8879395e+01
   3.3020290e+06   4.4677734e+01
   3.3077530e+06   4.5288086e+01
   3.3100350e+06   4.1015625e+01
   3.3128650e+06   4.1625977e+01
   3.3171400e+06   4.1625977e+01
   3.3188590e+06   3.6560059e+01
   3.3200480e+06   3.8513184e+01
   3.3227690e+06   4.4433594e+01
   3.3247510e+06   3.6132813e+01
   3.3263960e+06   4.3518066e+01
   3.3277230e+06   4.0771484e+01
   3.3327450e+06   4.0344238e+01
   3.3379050e+06   3.4973145e+01
   3.3433340e+06   3.5400391e+01
   3.3452830e+06   4.3457031e+01
   3.3461610e+06   3.4851074e+01
   3.3476570e+06   4.0222168e+01
   3.3476810e+06   3.8879395e+01
   3.3477090e+06   3.5339355e+01
   3.3477210e+06   3.8513184e+01
   3.3477500e+06   3.6437988e+01
   3.3477660e+06   2.6116943e+02
   3.3478580e+06   3.6254883e+01
   3.3478720e+06   2.3931885e+02
   3.3479110e+06   3.7353516e+01
   3.3479560e+06   1.7431641e+02
   3.3480820e+06   3.6132813e+01
   3.3481390e+06   1.9104004e+02
   3.3481500e+06   3.5583496e+01
   3.3482500e+06   1.5856934e+02
   3.3482700e+06   3.6987305e+01
   3.3485130e+06   2.0434570e+02
   3.3489190e+06   1.6815186e+02
   3.3492180e+06   1.9409180e+02
   3.3494170e+06   1.5643311e+02
   3.3496420e+06   1.5625000e+02
   3.3498920e+06   1.4782715e+02
   3.3501000e+06   1.5344238e+02
   3.3503040e+06   1.1486816e+02
   3.3504890e+06   3.5644531e+01
   3.3508980e+06   4.2175293e+01
   3.3511120e+06   3.8085938e+01
   3.3513070e+06   1.6076660e+02
   3.3515510e+06   3.4973145e+01
   3.3515960e+06   3.8940430e+01
   3.3669710e+06   3.9672852e+01
   3.3709300e+06   3.5888672e+01
   3.3722710e+06   3.8208008e+01
   3.3753930e+06   3.6987305e+01
   3.3758800e+06   4.4799805e+01
   3.3768050e+06   4.5715332e+01
   3.3781500e+06   4.2724609e+01
   3.3796480e+06   3.7597656e+01
   3.3835380e+06   3.7353516e+01
   3.3880050e+06   4.3090820e+01
   3.3911800e+06   3.6193848e+01
   3.3927640e+06   3.7536621e+01
   3.3955720e+06   3.6254883e+01
   3.3983780e+06   3.7841797e+01
   3.4003280e+06   4.4433594e+01
   3.4039370e+06   4.1625977e+01
   3.4050620e+06   4.6142578e+01
   3.4070230e+06   3.6560059e+01
   3.4107470e+06   4.6203613e+01
   3.4114250e+06   3.8208008e+01
   3.4134170e+06   4.0527344e+01
   3.4163830e+06   3.5095215e+01
   3.4165260e+06   3.6132813e+01
   3.4187270e+06   3.9245605e+01
   3.4202930e+06   3.5705566e+01
   3.4241230e+06   4.1870117e+01
   3.4255120e+06   3.9794922e+01
   3.4265950e+06   4.6142578e+01
   3.4288700e+06   3.5705566e+01
   3.4314940e+06   4.6142578e+01
   3.4355720e+06   3.4973145e+01
   3.4363690e+06   3.9916992e+01
   3.4414000e+06   4.3212891e+01
   3.4454300e+06   4.3151855e+01
   3.4481030e+06   4.1320801e+01
   3.4512230e+06   3.5278320e+01
   3.4538250e+06   4.0161133e+01
   3.4586430e+06   4.6020508e+01
   3.4604130e+06   3.6132813e+01
   3.4612080e+06   3.7963867e+01
   3.4634080e+06   3.4973145e+01
   3.4648970e+06   3.8391113e+01
   3.4676580e+06   4.5043945e+01
   3.4703000e+06   3.5339355e+01
   3.4710150e+06   3.9062500e+01
   3.4719090e+06   3.6193848e+01
   3.4732510e+06   3.7109375e+01
   3.4799020e+06   3.6804199e+01
   3.4832070e+06   3.8757324e+01
   3.4833070e+06   2.5671387e+02
   3.4833240e+06   3.4912109e+01
   3.4833660e+06   4.1564941e+01
   3.4833970e+06   2.3547363e+02
   3.4834200e+06   4.7546387e+01
   3.4834800e+06   1.6931152e+02
   3.4834950e+06   4.0100098e+01
   3.4836040e+06   1.5679932e+02
   3.4837030e+06   3.4851074e+01
   3.4837840e+06   1.4825439e+02
   3.4844630e+06   1.7987061e+02
   3.4863750e+06   5.2734375e+01
   3.4977730e+06   3.6315918e+01
   3.5057180e+06   3.5034180e+01
   3.5067590e+06   3.5278320e+01
   3.5091880e+06   4.1442871e+01
   3.5146170e+06   3.7170410e+01
   3.5158700e+06   3.5278320e+01
   3.5163070e+06   4.3518066e+01
   3.5247030e+06   3.7963867e+01
   3.5248080e+06   3.5888672e+01
   3.5256630e+06   3.8452148e+01
   3.5261290e+06   2.1868896e+02
   3.5282010e+06   5.0231934e+01
   3.5328100e+06   3.5644531e+01
   3.5351660e+06   3.7170410e+01
   3.5368520e+06   3.5034180e+01
   3.5413230e+06   3.9733887e+01
   3.5453260e+06   3.7475586e+01
   3.5483160e+06   4.1870117e+01
   3.5510220e+06   3.4851074e+01
   3.5540850e+06   3.9611816e+01
   3.5543280e+06   3.8696289e+01
   3.5567010e+06   3.5888672e+01
   3.5572800e+06   4.0466309e+01
   3.5603640e+06   3.9062500e+01
   3.5660050e+06   4.1076660e+01
   3.5666300e+06   3.6010742e+01
   3.5676080e+06   4.2236328e+01
   3.5683760e+06   3.7048340e+01
   3.5705700e+06   3.6560059e+01
   3.5729380e+06   4.4799805e+01
   3.5756010e+06   4.6142578e+01
   3.5772040e+06   3.8879395e+01
   3.5799430e+06   3.8024902e+01
   3.5820560e+06   4.1015625e+01
   3.5874370e+06   3.9428711e+01
   3.5896620e+06   3.9123535e+01
   3.5907250e+06   3.7231445e+01
   3.5916640e+06   4.2114258e+01
   3.5942960e+06   3.9123535e+01
   3.5943820e+06   3.7109375e+01
   3.5943950e+06   1.0504150e+02
   3.5944300e+06   3.5766602e+01
   3.5944620e+06   2.1667480e+02
   3.5944900e+06   3.7048340e+01
   3.5945370e+06   1.1132812e+02
   3.5945860e+06   3.7597656e+01
   3.5946380e+06   1.1907959e+02
   3.5946520e+06   3.6926270e+01
   3.5947420e+06   4.0893555e+01
   3.5947990e+06   1.4392090e+02
   3.5949420e+06   1.3421631e+02
   3.5951040e+06   1.5649414e+02
   3.5952910e+06   3.6682129e+01
   3.5954760e+06   1.9763184e+02
   3.5957970e+06   1.9793701e+02
   3.5963320e+06   1.9720459e+02
   3.5965890e+06   1.6290283e+02
   3.5969160e+06   1.7230225e+02
   3.6045980e+06   4.7302246e+01
   3.6054870e+06   3.8818359e+01
   3.6082890e+06   3.8818359e+01
   3.6100490e+06   3.6254883e+01
   3.6148010e+06   4.0161133e+01
   3.6164280e+06   3.9123535e+01
   3.6177910e+06   4.3823242e+01
   3.6192920e+06   3.5034180e+01
   3.6210200e+06   3.6743164e+01
   3.6234420e+06   4.0222168e+01
   3.6265490e+06   4.4189453e+01
   3.6278240e+06   4.3579102e+01
   3.6321010e+06   3.6254883e+01
   3.6349340e+06   4.0039063e+01
   3.6373310e+06   4.0771484e+01
   3.6413510e+06   3.9062500e+01
   3.6420190e+06   3.8635254e+01
   3.6508060e+06   3.8513184e+01
   3.6531660e+06   4.6875000e+01
   3.6551360e+06   3.5400391e+01
   3.6584840e+06   4.7424316e+01
   3.6597590e+06   5.0415039e+01
   3.6608830e+06   3.9428711e+01
   3.6653910e+06   4.3518066e+01
   3.6683060e+06   3.4973145e+01
   3.6698010e+06   4.0832520e+01
   3.6716830e+06   3.5644531e+01
   3.6742620e+06   4.0649414e+01
   3.6765950e+06   3.7658691e+01
   3.6766250e+06   3.9489746e+01
   3.6766490e+06   2.9101563e+02
   3.6767250e+06   2.2351074e+02
   3.6767370e+06   3.5217285e+01
   3.6767580e+06   3.9367676e+01
   3.6767750e+06   4.9133301e+01
   3.6768120e+06   1.5039063e+02
   3.6770080e+06   2.0623779e+02
   3.6770460e+06   3.6499023e+01
   3.6771550e+06   1.6314697e+02
   3.6773500e+06   1.8151855e+02
   3.6778210e+06   2.0123291e+02
   3.6824910e+06   4.0466309e+01
   3.6856360e+06   4.2663574e+01
   3.6904020e+06   3.8818359e+01
   3.6929810e+06   3.5156250e+01
   3.6964290e+06   4.2236328e+01
   3.6979140e+06   3.7292480e+01
   3.7013400e+06   4.0893555e+01
   3.7045300e+06   3.8513184e+01
   3.7229660e+06   4.2724609e+01
   3.7231970e+06   2.2851563e+02
   3.7232250e+06   3.4851074e+01
   3.7247510e+06   3.5949707e+01
   3.7252970e+06   3.6132813e+01
   3.7255060e+06   3.6193848e+01
   3.7256080e+06   2.0861816e+02
   3.7266670e+06   4.1259766e+01
   3.7270390e+06   3.9367676e+01
   3.7283490e+06   3.6926270e+01
   3.7288680e+06   4.6569824e+01
   3.7326600e+06   4.6752930e+01
   3.7351560e+06   3.8208008e+01
   3.7388240e+06   4.4677734e+01
   3.7406280e+06   3.6437988e+01
   3.7416960e+06   4.3701172e+01
   3.7456270e+06   3.9733887e+01
   3.7488740e+06   3.9733887e+01
   3.7524780e+06   3.5217285e+01
   3.7575690e+06   4.5104980e+01
   3.7584170e+06   3.7109375e+01
   3.7599210e+06   3.5644531e+01
   3.7648630e+06   3.9794922e+01
   3.7677010e+06   4.3395996e+01
   3.7759530e+06   4.0039063e+01
   3.7786020e+06   2.4591064e+02
   3.7849050e+06   3.5766602e+01
   3.7858640e+06   4.7302246e+01
   3.7889030e+06   3.5522461e+01
   3.7899510e+06   4.0283203e+01
   3.7905330e+06   3.6193848e+01
   3.7906320e+06   3.7719727e+01
   3.7906460e+06   8.3435059e+01
   3.7906730e+06   3.7780762e+01
   3.7907580e+06   2.0898438e+02
   3.7907830e+06   4.2846680e+01
   3.7908770e+06   1.7572021e+02
   3.7910480e+06   1.6802979e+02
   3.7910770e+06   3.7292480e+01
   3.7913060e+06   1.7083740e+02
   3.7985260e+06   4.1381836e+01
   3.7991660e+06   4.8278809e+01
   3.8004680e+06   4.6264648e+01
   3.8019160e+06   3.6315918e+01
   3.8049240e+06   4.4250488e+01
   3.8064100e+06   4.4555664e+01
   3.8155460e+06   4.0832520e+01
   3.8175210e+06   3.8208008e+01
   3.8200050e+06   3.6865234e+01
   3.8211560e+06   4.0344238e+01
   3.8234170e+06   4.4494629e+01
   3.8260270e+06   3.6010742e+01
   3.8287330e+06   3.8085938e+01
   3.8304990e+06   4.2053223e+01
   3.8323210e+06   4.6508789e+01
   3.8346170e+06   4.3701172e+01
   3.8407010e+06   4.6875000e+01
   3.8428350e+06   3.8330078e+01
   3.8439170e+06   4.0344238e+01
   3.8452810e+06   4.4738770e+01
   3.8477430e+06   4.4006348e+01
   3.8485410e+06   3.8146973e+01
   3.8498810e+06   3.6315918e+01
   3.8507140e+06   3.5217285e+01
   3.8522380e+06   4.2907715e+01
   3.8538710e+06   3.7780762e+01
   3.8555120e+06   3.7353516e+01
   3.8561180e+06   3.8940430e+01
   3.8562360e+06   2.9541016e+02
   3.8566260e+06   2.3950195e+02
   3.8566390e+06   5.4748535e+01
   3.8602920e+06   3.8085938e+01
   3.8621930e+06   4.6997070e+01
   3.8654900e+06   4.2053223e+01
   3.8672860e+06   3.9916992e+01
   3.8705000e+06   4.3823242e+01
   3.8714800e+06   3.8330078e+01
   3.8751330e+06   3.5949707e+01
   3.8811140e+06   4.0771484e+01
   3.8820270e+06   3.9245605e+01
   3.8851920e+06   3.9001465e+01
   3.8852280e+06   3.6865234e+01
   3.8892370e+06   3.7231445e+01
   3.8906280e+06   4.2053223e+01
   3.8935970e+06   3.8696289e+01
   3.8936290e+06   3.8452148e+01
   3.8936550e+06   4.1137695e+01
   3.8936670e+06   3.9733887e+01
   3.8936870e+06   2.9864502e+02
   3.8937610e+06   1.9445801e+02
   3.8938600e+06   1.4953613e+02
   3.8939110e+06   4.4189453e+01
   3.8940220e+06   1.6436768e+02
   3.8942870e+06   2.1392822e+02
   3.8944690e+06   1.9012451e+02
   3.8944870e+06   3.6743164e+01
   3.8947900e+06   2.1710205e+02
   3.8952740e+06   1.8048096e+02
   3.8956200e+06   1.6571045e+02
   3.8963470e+06   1.8267822e+02
   3.8986660e+06   3.5156250e+01
   3.9025300e+06   5.1086426e+01
   3.9055790e+06   3.7963867e+01
   3.9085490e+06   4.1076660e+01
   3.9100080e+06   3.7109375e+01
   3.9147850e+06   4.4982910e+01
   3.9171510e+06   3.9733887e+01
   3.9179390e+06   5.1940918e+01
   3.9194670e+06   4.7424316e+01
   3.9214280e+06   3.9916992e+01
   3.9225600e+06   3.5644531e+01
   3.9236240e+06   4.1015625e+01
   3.9289810e+06   3.9733887e+01
   3.9309580e+06   4.8278809e+01
   3.9322380e+06   4.1442871e+01
   3.9331570e+06   4.8339844e+01
   3.9357310e+06   3.7719727e+01
   3.9366790e+06   3.6621094e+01
   3.9393570e+06   4.0466309e+01
   3.9413040e+06   3.4912109e+01
   3.9422030e+06   4.0405273e+01
   3.9463130e+06   3.7475586e+01
   3.9507030e+06   4.7790527e+01
   3.9514270e+06   4.0344238e+01
   3.9553020e+06   3.7170410e+01
   3.9562730e+06   4.0527344e+01
   3.9587980e+06   4.6691895e+01
   3.9610310e+06   4.9072266e+01
   3.9619650e+06   4.0527344e+01
   3.9624280e+06   2.6971436e+02
   3.9645000e+06   4.2419434e+01
   3.9652510e+06   3.7353516e+01
   3.9664840e+06   3.5583496e+01
   3.9700350e+06   3.5644531e+01
   3.9708380e+06   4.9682617e+01
   3.9709050e+06   3.6193848e+01
   3.9709230e+06   2.5604248e+02
   3.9709760e+06   3.7231445e+01
   3.9710580e+06   2.4243164e+02
   3.9711910e+06   2.0501709e+02
   3.9771400e+06   3.6560059e+01
   3.9805220e+06   3.7231445e+01
   3.9827230e+06   3.6132813e+01
   3.9843270e+06   3.9245605e+01
   3.9871740e+06   4.1503906e+01
   3.9899860e+06   4.6081543e+01
   3.9955410e+06   3.5461426e+01
   3.9964400e+06   4.6081543e+01
   4.0005510e+06   3.5949707e+01
   4.0024830e+06   3.4912109e+01
   4.0042710e+06   3.7048340e+01
   4.0072750e+06   3.6437988e+01
   4.0102470e+06   3.8940430e+01
   4.0110710e+06   3.5217285e+01
   4.0135960e+06   4.7302246e+01
   4.0145080e+06   3.8940430e+01
   4.0157850e+06   3.6071777e+01
   4.0168160e+06   4.0527344e+01
   4.0182610e+06   3.5644531e+01
   4.0210380e+06   3.7902832e+01
   4.0223950e+06   3.8146973e+01
   4.0237460e+06   3.5278320e+01
   4.0302920e+06   3.9916992e+01
   4.0322740e+06   4.0039063e+01
   4.0337690e+06   4.3823242e+01
   4.0432590e+06   3.7231445e+01
   4.0487230e+06   3.6743164e+01
   4.0530990e+06   4.2724609e+01
   4.0575350e+06   3.7048340e+01
   4.0583740e+06   4.3762207e+01
   4.0608050e+06   4.1320801e+01
   4.0631470e+06   3.8940430e+01
   4.0644200e+06   3.7963867e+01
   4.0684130e+06   4.4982910e+01
   4.0693940e+06   3.6682129e+01
   4.0710320e+06   4.7180176e+01
   4.0726030e+06   3.7414551e+01
   4.0737720e+06   3.6010742e+01
   4.0752840e+06   4.1809082e+01
   4.0767900e+06   4.4189453e+01
   4.0799820e+06   3.8513184e+01
   4.0814280e+06   3.7719727e+01
   4.0825000e+06   4.2114258e+01
   4.0843970e+06   4.5776367e+01
   4.0895640e+06   3.8757324e+01
   4.0926120e+06   3.5400391e+01
   4.0946230e+06   3.9123535e+01
   4.0964910e+06   4.4067383e+01
   4.0972160e+06   3.8574219e+01
   4.1009090e+06   3.7536621e+01
   4.1015230e+06   3.8574219e+01
   4.1055190e+06   3.8696289e+01
   4.1072710e+06   5.1696777e+01
   4.1085670e+06   3.5339355e+01
   4.1109240e+06   3.5400391e+01
   4.1125620e+06   4.1381836e+01
   4.1142560e+06   4.1320801e+01
   4.1160370e+06   3.7109375e+01
   4.1187860e+06   4.3762207e+01
   4.1194010e+06   4.7302246e+01
   4.1219090e+06   3.8818359e+01
   4.1222730e+06   2.3962402e+02
   4.1224960e+06   3.6010742e+01
   4.1225550e+06   2.1636963e+02
   4.1228060e+06   1.4489746e+02
   4.1228220e+06   4.0527344e+01
   4.1230760e+06   2.2198486e+02
   4.1243800e+06   3.8513184e+01
   4.1244940e+06   4.2663574e+01
   4.1245590e+06   3.5217285e+01
   4.1246500e+06   2.2235107e+02
   4.1246630e+06   3.5339355e+01
   4.1251230e+06   3.8757324e+01
   4.1251520e+06   2.2558594e+02
   4.1299330e+06   4.1992188e+01
   4.1332410e+06   3.5522461e+01
   4.1417610e+06   4.0893555e+01
   4.1428870e+06   3.5644531e+01
   4.1447350e+06   3.5461426e+01
   4.1505090e+06   3.5827637e+01
   4.1515690e+06   3.5888672e+01
   4.1565840e+06   4.1381836e+01
   4.1579740e+06   4.0649414e+01
   4.1594370e+06   3.9794922e+01
   4.1628570e+06   4.4555664e+01
   4.1635950e+06   5.0354004e+01
   4.1679860e+06   3.8452148e+01
   4.1690890e+06   4.1748047e+01
   4.1742950e+06   4.2419434e+01
   4.1753340e+06   3.5156250e+01
   4.1780880e+06   3.5400391e+01
   4.1797850e+06   3.5827637e+01
   4.1815800e+06   3.7963867e+01
   4.1820850e+06   3.5095215e+01
   4.1835270e+06   5.0537109e+01
   4.1867090e+06   4.7973633e+01
   4.1925800e+06   4.1320801e+01
   4.1938000e+06   3.5034180e+01
   4.1954050e+06   3.7292480e+01
   4.1966100e+06   3.5339355e+01
   4.1977120e+06   3.4912109e+01
   4.1991310e+06   3.4851074e+01
   4.2009730e+06   3.8085938e+01
   4.2022250e+06   3.7719727e+01
   4.2056820e+06   4.4799805e+01
   4.2148780e+06   3.5949707e+01
   4.2149600e+06   3.8818359e+01
   4.2149920e+06   2.7276611e+02
   4.2150820e+06   4.7546387e+01
   4.2151090e+06   2.0190430e+02
   4.2159050e+06   2.3553467e+02
   4.2159160e+06   3.5705566e+01
   4.2170900e+06   4.9682617e+01
   4.2175790e+06   3.9794922e+01
   4.2186430e+06   3.5461426e+01
   4.2237850e+06   3.7109375e+01
   4.2248240e+06   5.1025391e+01
   4.2256260e+06   3.6437988e+01
   4.2339100e+06   4.7912598e+01
   4.2379560e+06   4.1748047e+01
   4.2393920e+06   4.1931152e+01
   4.2414790e+06   3.8208008e+01
   4.2416000e+06   4.3395996e+01
   4.2443850e+06   3.7292480e+01
   4.2457760e+06   4.7790527e+01
   4.2471310e+06   4.4189453e+01
   4.2482960e+06   3.6315918e+01
   4.2541110e+06   3.5034180e+01
   4.2548730e+06   4.1259766e+01
   4.2559170e+06   4.3029785e+01
   4.2576520e+06   4.2297363e+01
   4.2614530e+06   5.4260254e+01
   4.2626400e+06   3.8330078e+01
   4.2687140e+06   3.8635254e+01
   4.2699380e+06   3.6926270e+01
   4.2701110e+06   3.8757324e+01
   4.2711630e+06   4.4494629e+01
   4.2757210e+06   3.5095215e+01
   4.2788860e+06   3.5522461e+01
   4.2803750e+06   3.6682129e+01
   4.2826390e+06   4.1687012e+01
   4.2846830e+06   3.5095215e+01
   4.2885480e+06   2.5256348e+02
   4.2886290e+06   2.1612549e+02
   4.2887220e+06   1.7340088e+02
   4.2888400e+06   1.7645264e+02
   4.2889790e+06   1.4221191e+02
   4.2891830e+06   2.0373535e+02
   4.2894490e+06   2.0257568e+02
   4.2898260e+06   1.7529297e+02
   4.2903180e+06   1.9128418e+02
   4.2909140e+06   1.7974854e+02
   4.2974020e+06   4.1564941e+01
   4.2984000e+06   3.9306641e+01
   4.2999180e+06   3.8452148e+01
   4.3035420e+06   4.1809082e+01
   4.3052200e+06   3.5766602e+01
   4.3079620e+06   3.8146973e+01
   4.3131190e+06   4.7363281e+01
   4.3150540e+06   4.1381836e+01
   4.3168740e+06   3.9184570e+01
   4.3192640e+06   3.5705566e+01
   4.3248810e+06   3.5217285e+01
   4.3268760e+06   5.0598145e+01
   4.3278140e+06   3.8574219e+01
   4.3310780e+06   4.2907715e+01
   4.3324400e+06   3.8452148e+01
   4.3335410e+06   3.5644531e+01
   4.3342040e+06   4.3029785e+01
   4.3350990e+06   3.6254883e+01
   4.3358210e+06   3.7048340e+01
   4.3373000e+06   3.9611816e+01
   4.3395250e+06   3.9916992e+01
   4.3437120e+06   3.8757324e+01
   4.3459110e+06   4.6875000e+01
   4.3471290e+06   3.5766602e+01
   4.3482800e+06   3.5400391e+01
   4.3505440e+06   3.9123535e+01
   4.3535920e+06   3.5644531e+01
   4.3554490e+06   4.1076660e+01
   4.3568850e+06   3.9245605e+01
   4.3588160e+06   3.7231445e+01
   4.3650620e+06   3.6804199e+01
   4.3685780e+06   3.5949707e+01
   4.3707730e+06   3.7475586e+01
   4.3745480e+06   4.5104980e+01
   4.3774080e+06   3.5156250e+01
   4.3786040e+06   4.9682617e+01
   4.3804320e+06   4.4189453e+01
   4.3808510e+06   4.1381836e+01
   4.3808910e+06   3.5705566e+01
   4.3809280e+06   4.1748047e+01
   4.3809770e+06   4.9621582e+01
   4.3809890e+06   7.0800781e+01
   4.3810400e+06   3.5583496e+01
   4.3810950e+06   3.5217285e+01
   4.3811240e+06   1.8737793e+02
   4.3812330e+06   1.7736816e+02
   4.3814130e+06   1.8444824e+02
   4.3818120e+06   1.9915771e+02
   4.3834420e+06   4.1381836e+01
   4.3843860e+06   4.2175293e+01
   4.3898740e+06   4.3029785e+01
   4.3930200e+06   3.7231445e+01
   4.4024870e+06   4.1442871e+01
   4.4052570e+06   3.7597656e+01
   4.4063560e+06   4.0893555e+01
   4.4096760e+06   4.1564941e+01
   4.4137040e+06   4.3273926e+01
   4.4242860e+06   4.0039063e+01
   4.4270270e+06   3.9489746e+01
   4.4338640e+06   3.6132813e+01
   4.4342130e+06   2.6129150e+02
   4.4342230e+06   4.7668457e+01
   4.4401000e+06   3.4912109e+01
   4.4412070e+06   3.7841797e+01
   4.4428740e+06   3.8818359e+01
   4.4446850e+06   4.4433594e+01
   4.4457630e+06   5.1879883e+01
   4.4486040e+06   3.8513184e+01
   4.4504780e+06   3.8269043e+01
   4.4543100e+06   4.0893555e+01
   4.4562240e+06   2.8326416e+02
   4.4562340e+06   4.8339844e+01
   4.4600260e+06   3.8940430e+01
   4.4640340e+06   4.3212891e+01
   4.4649860e+06   3.6621094e+01
   4.4660810e+06   4.0100098e+01
   4.4707100e+06   4.0405273e+01
   4.4715070e+06   4.6264648e+01
   4.4744820e+06   4.0466309e+01
   4.4760470e+06   4.0100098e+01
   4.4804410e+06   3.5400391e+01
   4.4807780e+06   3.7719727e+01
   4.4808970e+06   3.4973145e+01
   4.4810270e+06   4.3884277e+01
   4.4861080e+06   4.1137695e+01
   4.4879950e+06   3.8635254e+01
   4.4902300e+06   3.9855957e+01
   4.4922060e+06   4.3273926e+01
   4.4941520e+06   3.6193848e+01
   4.4961610e+06   3.4851074e+01
   4.5013060e+06   4.9072266e+01
   4.5020790e+06   4.0893555e+01
   4.5032930e+06   4.4921875e+01
   4.5062060e+06   3.6865234e+01
   4.5069810e+06   4.1564941e+01
   4.5088560e+06   3.5095215e+01
   4.5112930e+06   3.6499023e+01
   4.5143300e+06   3.0749512e+02
   4.5150460e+06   3.6437988e+01
   4.5151250e+06   2.8094482e+02
   4.5152650e+06   3.8208008e+01
   4.5176320e+06   3.9123535e+01
   4.5176710e+06   4.0588379e+01
   4.5177150e+06   2.4078369e+02
   4.5177250e+06   4.8950195e+01
   4.5178810e+06   3.6315918e+01
   4.5179040e+06   2.2125244e+02
   4.5180770e+06   3.5156250e+01
   4.5181780e+06   6.8786621e+01
   4.5183680e+06   1.9329834e+02
   4.5185490e+06   3.5339355e+01
   4.5187520e+06   3.8574219e+01
   4.5192500e+06   4.0161133e+01
   4.5205470e+06   4.1076660e+01
   4.5207400e+06   3.6560059e+01
   4.5213890e+06   3.6926270e+01
   4.5232180e+06   4.5349121e+01
   4.5244560e+06   3.5888672e+01
   4.5342370e+06   3.8635254e+01
   4.5381710e+06   4.1503906e+01
   4.5387770e+06   3.6132813e+01
   4.5416140e+06   4.5715332e+01
   4.5428500e+06   3.6437988e+01
   4.5442080e+06   4.0283203e+01
   4.5468660e+06   3.5888672e+01
   4.5490840e+06   4.5471191e+01
   4.5523790e+06   5.0292969e+01
   4.5534900e+06   4.0771484e+01
   4.5540980e+06   3.6743164e+01
   4.5579020e+06   3.5278320e+01
   4.5589650e+06   4.7424316e+01
   4.5595700e+06   4.3518066e+01
   4.5616890e+06   5.2001953e+01
   4.5638640e+06   4.1442871e+01
   4.5644530e+06   3.7353516e+01
   4.5683630e+06   4.8522949e+01
   4.5694110e+06   3.4912109e+01
   4.5713130e+06   3.9672852e+01
   4.5727520e+06   4.4006348e+01
   4.5737970e+06   3.4973145e+01
   4.5745060e+06   3.6071777e+01
   4.5757720e+06   4.6630859e+01
   4.5762630e+06   3.6376953e+01
   4.5789320e+06   4.0466309e+01
   4.5799320e+06   3.7292480e+01
   4.5801080e+06   4.3029785e+01
   4.5826390e+06   4.3090820e+01
   4.5835670e+06   4.0832520e+01
   4.5884380e+06   4.8583984e+01
   4.5899160e+06   4.0954590e+01
   4.5935140e+06   4.6569824e+01
   4.5988350e+06   3.6071777e+01
   4.6003210e+06   4.1015625e+01
   4.6011650e+06   3.8330078e+01
   4.6024550e+06   3.6865234e+01
   4.6035830e+06   4.7729492e+01
   4.6062840e+06   4.3701172e+01
   4.6068080e+06   3.7475586e+01
   4.6083380e+06   3.6499023e+01
   4.6096420e+06   3.5705566e+01
   4.6099120e+06   4.2053223e+01
   4.6102860e+06   4.7302246e+01
   4.6119990e+06   3.9245605e+01
   4.6130830e+06   3.6926270e+01
   4.6150990e+06   4.3518066e+01
   4.6168670e+06   4.6142578e+01
   4.6187370e+06   3.8879395e+01
   4.6196110e+06   3.6193848e+01
   4.6233210e+06   3.5156250e+01
   4.6248170e+06   3.6376953e+01
   4.6263830e+06   3.9062500e+01
   4.6271250e+06   3.8391113e+01
   4.6285090e+06   3.7170410e+01
   4.6290060e+06   3.9794922e+01
   4.6294200e+06   4.3090820e+01
   4.6330040e+06   4.0832520e+01
   4.6372990e+06   3.6743164e+01
   4.6397180e+06   3.5034180e+01
   4.6432090e+06   3.6499023e+01
   4.6463860e+06   3.5095215e+01
   4.6485420e+06   3.6926270e+01
   4.6571790e+06   3.5156250e+01
   4.6612810e+06   3.8757324e+01
   4.6625600e+06   4.1748047e+01
   4.6670260e+06   4.9194336e+01
   4.6689530e+06   4.2175293e+01
   4.6726900e+06   4.7302246e+01
   4.6737690e+06   4.0222168e+01
   4.6791300e+06   4.4738770e+01
   4.6801820e+06   2.4316406e+02
   4.6801930e+06   4.8034668e+01
   4.6822720e+06   3.6132813e+01
   4.6838500e+06   3.6926270e+01
   4.6860030e+06   4.1076660e+01
   4.6868280e+06   3.4973145e+01
   4.6927750e+06   3.7109375e+01
   4.6942450e+06   3.4851074e+01
   4.7027250e+06   4.0100098e+01
   4.7090300e+06   4.2968750e+01
   4.7133780e+06   3.9062500e+01
   4.7136750e+06   3.8208008e+01
   4.7138750e+06   2.3394775e+02
   4.7142420e+06   3.5705566e+01
   4.7143160e+06   3.7780762e+01
   4.7165230e+06   3.6560059e+01
   4.7211550e+06   3.5888672e+01
   4.7212540e+06   2.7648926e+02
   4.7214400e+06   3.7658691e+01
   4.7221750e+06   3.6987305e+01
   4.7226330e+06   3.9062500e+01
   4.7227550e+06   3.6010742e+01
   4.7227700e+06   2.1203613e+02
   4.7258100e+06   3.5217285e+01
   4.7282560e+06   3.7475586e+01
   4.7297640e+06   3.9489746e+01
   4.7311790e+06   4.6569824e+01
   4.7357250e+06   3.7719727e+01
   4.7371430e+06   3.5095215e+01
   4.7412720e+06   3.6804199e+01
   4.7426670e+06   3.5217285e+01
   4.7440320e+06   4.1015625e+01
   4.7479620e+06   4.1259766e+01
   4.7488100e+06   4.1687012e+01
   4.7503230e+06   3.5095215e+01
   4.7516800e+06   4.3212891e+01
   4.7542540e+06   3.8696289e+01
   4.7562310e+06   3.7109375e+01
   4.7587240e+06   4.6813965e+01
   4.7597160e+06   4.3395996e+01
   4.7629990e+06   4.1015625e+01
   4.7679690e+06   4.0283203e+01
   4.7700050e+06   3.6376953e+01
   4.7715770e+06   4.3518066e+01
   4.7730030e+06   4.7851563e+01
   4.7739990e+06   4.7241211e+01
   4.7753490e+06   3.5034180e+01
   4.7758060e+06   4.3945313e+01
   4.7780910e+06   3.9123535e+01
   4.7784500e+06   2.2625732e+02
   4.7811150e+06   3.9916992e+01
   4.7827600e+06   4.7546387e+01
   4.7834340e+06   4.1381836e+01
   4.7835890e+06   2.9101563e+02
   4.7838160e+06   2.3406982e+02
   4.7875950e+06   4.2907715e+01
   4.7896140e+06   3.9794922e+01
   4.7927780e+06   3.9001465e+01
   4.7941620e+06   3.6682129e+01
   4.7965180e+06   4.6386719e+01
   4.7976180e+06   3.5339355e+01
   4.8021130e+06   4.0832520e+01
   4.8039680e+06   3.5583496e+01
   4.8082370e+06   4.0893555e+01
   4.8116080e+06   3.8391113e+01
   4.8165960e+06   3.7353516e+01
   4.8193560e+06   5.0720215e+01
   4.8258560e+06   3.7841797e+01
   4.8289640e+06   3.7597656e+01
   4.8292460e+06   3.6254883e+01
   4.8296180e+06   2.4981689e+02
   4.8301150e+06   2.2204590e+02
   4.8350970e+06   4.1625977e+01
   4.8432210e+06   3.9001465e+01
   4.8440730e+06   4.3151855e+01
   4.8477610e+06   3.7475586e+01
   4.8501540e+06   4.7485352e+01
   4.8507480e+06   4.3090820e+01
   4.8516730e+06   4.9072266e+01
   4.8539800e+06   3.8879395e+01
   4.8554040e+06   3.4851074e+01
   4.8586920e+06   3.6010742e+01
   4.8606720e+06   4.1198730e+01
   4.8636990e+06   3.6926270e+01
   4.8646530e+06   2.8912354e+02
   4.8646630e+06   4.9743652e+01
   4.8650060e+06   2.6959229e+02
   4.8650710e+06   4.1137695e+01
   4.8652310e+06   2.0794678e+02
   4.8652410e+06   3.9733887e+01
   4.8654540e+06   3.7902832e+01
   4.8657250e+06   3.9489746e+01
   4.8661610e+06   3.6437988e+01
   4.8663630e+06   2.4029541e+02
   4.8663810e+06   4.0222168e+01
   4.8665980e+06   4.3823242e+01
   4.8666880e+06   4.0710449e+01
   4.8667970e+06   3.5095215e+01
   4.8706320e+06   3.6193848e+01
   4.8761880e+06   4.3640137e+01
   4.8798640e+06   5.0842285e+01
   4.8838640e+06   3.4851074e+01
   4.8849850e+06   3.6682129e+01
   4.8876650e+06   4.0405273e+01
   4.8928770e+06   3.7780762e+01
   4.8979720e+06   3.9245605e+01
   4.9002180e+06   3.8391113e+01
   4.9040380e+06   4.0527344e+01
   4.9047150e+06   3.5217285e+01
   4.9107570e+06   4.3945313e+01
   4.9135220e+06   4.7363281e+01
   4.9145710e+06   3.7109375e+01
   4.9167730e+06   3.9367676e+01
   4.9178690e+06   3.7231445e+01
   4.9206860e+06   3.7048340e+01
   4.9212860e+06   3.9062500e+01
   4.9242440e+06   3.5949707e+01
   4.9262370e+06   4.2175293e+01
   4.9274090e+06   3.8452148e+01
   4.9290490e+06   3.6071777e+01
   4.9304340e+06   3.5095215e+01
   4.9311690e+06   3.6987305e+01
   4.9360820e+06   3.5949707e+01
   4.9372090e+06   3.5095215e+01
   4.9392360e+06   3.5217285e+01
   4.9400470e+06   3.5583496e+01
   4.9429990e+06   3.7780762e+01
   4.9457430e+06   3.7353516e+01
   4.9487010e+06   3.5034180e+01
   4.9504500e+06   3.5888672e+01
   4.9525320e+06   3.7353516e+01
   4.9575390e+06   5.0231934e+01
   4.9583580e+06   3.7170410e+01
   4.9585670e+06   3.8024902e+01
   4.9619610e+06   4.1564941e+01
   4.9631000e+06   4.5043945e+01
   4.9643530e+06   3.5949707e+01
   4.9744120e+06   3.8146973e+01
   4.9764820e+06   4.8889160e+01
   4.9773020e+06   3.4912109e+01
   4.9781160e+06   3.9978027e+01
   4.9783970e+06   3.6499023e+01
   4.9818220e+06   4.3518066e+01
   4.9824540e+06   3.8879395e+01
   4.9846550e+06   4.3212891e+01
   4.9853910e+06   3.7231445e+01
   4.9867120e+06   3.4912109e+01
   4.9891130e+06   3.9245605e+01
   4.9896280e+06   4.4860840e+01
   4.9897020e+06   3.6254883e+01
   4.9919510e+06   4.4616699e+01
   4.9932200e+06   3.5949707e+01
   4.9942980e+06   3.8330078e+01
   4.9977320e+06   3.5827637e+01
   4.9983850e+06   4.0649414e+01
   5.0002260e+06   3.6621094e+01
   5.0036910e+06   3.6071777e+01
   5.0078850e+06   4.0954590e+01
   5.0124930e+06   3.8635254e+01
   5.0127600e+06   3.6743164e+01
   5.0163660e+06   3.5461426e+01
   5.0164340e+06   2.9766846e+02
   5.0166250e+06   2.2576904e+02
   5.0167890e+06   1.9628906e+02
   5.0169870e+06   1.9500732e+02
   5.0170170e+06   3.6743164e+01
   5.0173550e+06   3.7414551e+01
   5.0200200e+06   4.5043945e+01
   5.0257030e+06   3.8696289e+01
   5.0278050e+06   4.4738770e+01
   5.0287160e+06   3.8391113e+01
   5.0294520e+06   3.6376953e+01
   5.0304630e+06   4.9316406e+01
   5.0308310e+06   3.9184570e+01
   5.0323980e+06   3.5217285e+01
   5.0356950e+06   2.5964355e+02
   5.0362680e+06   2.3858643e+02
   5.0362940e+06   4.7241211e+01
   5.0366590e+06   3.8269043e+01
   5.0371900e+06   3.9672852e+01
   5.0401030e+06   3.5339355e+01
   5.0479490e+06   3.5095215e+01
   5.0522240e+06   3.9306641e+01
   5.0544710e+06   3.6987305e+01
   5.0568140e+06   4.3029785e+01
   5.0588840e+06   3.7231445e+01
   5.0598970e+06   4.5715332e+01
   5.0627030e+06   3.8269043e+01
   5.0661760e+06   3.4912109e+01
   5.0673200e+06   4.1687012e+01
   5.0724320e+06   4.1748047e+01
   5.0748730e+06   3.9916992e+01
   5.0765870e+06   4.4799805e+01
   5.0776840e+06   3.8574219e+01
   5.0812610e+06   3.5156250e+01
   5.0846910e+06   3.7292480e+01
   5.0865730e+06   3.8391113e+01
   5.0883260e+06   3.5827637e+01
   5.0957780e+06   4.0466309e+01
   5.0967730e+06   3.8696289e+01
   5.0973960e+06   3.5217285e+01
   5.1013500e+06   4.2236328e+01
   5.1042300e+06   4.4006348e+01
   5.1059310e+06   4.0405273e+01
   5.1091890e+06   3.7048340e+01
   5.1105680e+06   4.0710449e+01
   5.1133260e+06   3.5644531e+01
   5.1155570e+06   3.5034180e+01
   5.1167810e+06   3.6376953e+01
   5.1176510e+06   3.4973145e+01
   5.1192760e+06   5.2856445e+01
   5.1228210e+06   3.7902832e+01
   5.1237650e+06   3.5766602e+01
   5.1250030e+06   4.2175293e+01
   5.1309590e+06   3.9611816e+01
   5.1309750e+06   4.0710449e+01
   5.1310000e+06   3.6315918e+01
   5.1310820e+06   2.8826904e+02
   5.1310920e+06   6.9641113e+01
   5.1311710e+06   2.2015381e+02
   5.1312630e+06   1.8945313e+02
   5.1313780e+06   1.6827393e+02
   5.1376170e+06   3.6743164e+01
   5.1428500e+06   4.5288086e+01
   5.1450050e+06   3.7841797e+01
   5.1468210e+06   3.5827637e+01
   5.1515580e+06   3.9367676e+01
   5.1522400e+06   3.7170410e+01
   5.1545580e+06   3.5339355e+01
   5.1557700e+06   4.3762207e+01
   5.1585470e+06   4.1137695e+01
   5.1621710e+06   3.5339355e+01
   5.1676500e+06   4.1137695e+01
   5.1681240e+06   3.4973145e+01
   5.1691160e+06   4.2907715e+01
   5.1703220e+06   3.6865234e+01
   5.1769020e+06   4.0649414e+01
   5.1776920e+06   3.9489746e+01
   5.1813330e+06   4.3518066e+01
   5.1828640e+06   3.5644531e+01
   5.1860380e+06   3.6560059e+01
   5.1881010e+06   3.4851074e+01
   5.1892210e+06   3.8635254e+01
   5.1899110e+06   3.6437988e+01
   5.1913570e+06   3.5705566e+01
   5.1930950e+06   3.5522461e+01
   5.1939940e+06   4.4921875e+01
   5.1947130e+06   3.6254883e+01
   5.1974260e+06   3.5461426e+01
   5.1976810e+06   4.0405273e+01
   5.1998690e+06   5.1330566e+01
   5.2012220e+06   3.9672852e+01
   5.2025870e+06   3.7963867e+01
   5.2036370e+06   3.6499023e+01
   5.2043980e+06   3.7475586e+01
   5.2079590e+06   2.9571533e+02
   5.2085580e+06   3.6560059e+01
   5.2093100e+06   3.4851074e+01
   5.2120250e+06   3.6560059e+01
   5.2138410e+06   4.1687012e+01
   5.2160700e+06   3.4912109e+01
   5.2179800e+06   4.2968750e+01
   5.2193420e+06   3.7109375e+01
   5.2203580e+06   3.6193848e+01
   5.2241890e+06   3.9733887e+01
   5.2252310e+06   3.7414551e+01
   5.2300970e+06   3.7292480e+01
   5.2337730e+06   3.6560059e+01
   5.2381750e+06   3.9001465e+01
   5.2415090e+06   3.7536621e+01
   5.2444590e+06   4.0039063e+01
   5.2454620e+06   3.7109375e+01
   5.2473550e+06   3.8940430e+01
   5.2482870e+06   3.5278320e+01
   5.2488890e+06   4.0039063e+01
   5.2503650e+06   4.3945313e+01
   5.2507160e+06   3.8024902e+01
   5.2517100e+06   3.9367676e+01
   5.2529020e+06   3.8452148e+01
   5.2542350e+06   3.6193848e+01
   5.2558310e+06   3.6437988e+01
   5.2561300e+06   3.5034180e+01
   5.2591120e+06   4.4799805e+01
   5.2599940e+06   4.5227051e+01
   5.2630690e+06   4.1625977e+01
   5.2639990e+06   3.8085938e+01
   5.2667410e+06   4.9865723e+01
   5.2678620e+06   3.6621094e+01
   5.2684290e+06   3.4973145e+01
   5.2702310e+06   3.6926270e+01
   5.2718990e+06   3.4912109e+01
   5.2719560e+06   3.7353516e+01
   5.2720150e+06   2.5292969e+02
   5.2724400e+06   2.5286865e+02
   5.2742000e+06   4.0954590e+01
   5.2742840e+06   3.8208008e+01
   5.2743020e+06   3.5156250e+01
   5.2743130e+06   3.5644531e+01
   5.2743500e+06   2.4951172e+02
   5.2743810e+06   4.5043945e+01
   5.2744330e+06   4.1320801e+01
   5.2744440e+06   1.9421387e+02
   5.2748220e+06   1.7169189e+02
   5.2754920e+06   2.1905518e+02
   5.2829470e+06   3.5644531e+01
   5.2909370e+06   3.7170410e+01
   5.2933520e+06   4.0039063e+01
   5.2944870e+06   3.5461426e+01
   5.2981650e+06   3.4973145e+01
   5.3025240e+06   4.6508789e+01
   5.3033580e+06   4.2358398e+01
   5.3043340e+06   3.5034180e+01
   5.3057480e+06   4.2785645e+01
   5.3080530e+06   4.4738770e+01
   5.3125970e+06   3.6560059e+01
   5.3139880e+06   3.9123535e+01
   5.3150860e+06   4.2541504e+01
   5.3164790e+06   3.8330078e+01
   5.3170950e+06   3.4912109e+01
   5.3179140e+06   4.1015625e+01
   5.3196090e+06   3.5949707e+01
   5.3262250e+06   3.8391113e+01
   5.3280560e+06   3.8452148e+01
   5.3301120e+06   3.5461426e+01
   5.3313460e+06   3.6010742e+01
   5.3325000e+06   3.5522461e+01
   5.3379880e+06   3.5766602e+01
   5.3411740e+06   4.4250488e+01
   5.3439680e+06   4.3945313e+01
   5.3447010e+06   3.9733887e+01
   5.3461480e+06   3.7719727e+01
   5.3500350e+06   4.1198730e+01
   5.3512550e+06   3.9916992e+01
   5.3543450e+06   3.7963867e+01
   5.3659590e+06   3.5644531e+01
   5.3699870e+06   4.2114258e+01
   5.3713350e+06   3.6804199e+01
   5.3746780e+06   3.9306641e+01
   5.3759480e+06   3.4973145e+01
   5.3767000e+06   3.6621094e+01
   5.3771540e+06   3.9001465e+01
   5.3793160e+06   4.2907715e+01
   5.3829070e+06   3.8818359e+01
   5.3859900e+06   4.1381836e+01
   5.3904850e+06   4.1442871e+01
   5.3919750e+06   4.9621582e+01
   5.3933400e+06   4.1442871e+01
   5.3970520e+06   3.9062500e+01
   5.3985250e+06   3.5339355e+01
   5.4011650e+06   3.6499023e+01
   5.4019440e+06   4.1564941e+01
   5.4065240e+06   4.1687012e+01
   5.4077400e+06   3.9794922e+01
   5.4090240e+06   4.2358398e+01
   5.4101180e+06   4.0527344e+01
   5.4127540e+06   3.7231445e+01
   5.4153070e+06   3.6132813e+01
   5.4209190e+06   4.5043945e+01
   5.4217380e+06   3.9489746e+01
   5.4271930e+06   2.9412842e+02
   5.4273930e+06   2.6635742e+02
   5.4274030e+06   4.5043945e+01
   5.4276240e+06   2.6605225e+02
   5.4277030e+06   3.8391113e+01
   5.4278220e+06   1.8151855e+02
   5.4279830e+06   1.8542480e+02
   5.4280140e+06   3.6071777e+01
   5.4315840e+06   3.4973145e+01
   5.4328910e+06   3.5217285e+01
   5.4352320e+06   4.0344238e+01
   5.4365870e+06   3.8574219e+01
   5.4376950e+06   4.2480469e+01
   5.4386120e+06   3.5034180e+01
   5.4394450e+06   4.0588379e+01
   5.4395030e+06   2.0465088e+02
   5.4395170e+06   3.5278320e+01
   5.4397710e+06   2.1221924e+02
   5.4439060e+06   3.7292480e+01
   5.4451610e+06   3.6254883e+01
   5.4465750e+06   3.4851074e+01
   5.4477900e+06   4.0344238e+01
   5.4489440e+06   4.9072266e+01
   5.4499630e+06   4.0344238e+01
   5.4522670e+06   3.7231445e+01
   5.4534600e+06   3.8452148e+01
   5.4571110e+06   3.9306641e+01
   5.4590320e+06   3.9367676e+01
   5.4596560e+06   4.3151855e+01
   5.4627520e+06   4.6142578e+01
   5.4664740e+06   4.5532227e+01
   5.4682050e+06   3.7902832e+01
   5.4699750e+06   3.8757324e+01
   5.4716190e+06   3.8696289e+01
   5.4731900e+06   3.7963867e+01
   5.4748950e+06   4.0283203e+01
   5.4756660e+06   3.9428711e+01
   5.4806110e+06   3.4912109e+01
   5.4813040e+06   4.7485352e+01
   5.4871340e+06   3.6621094e+01
   5.4890480e+06   3.7170410e+01
   5.4969390e+06   3.5827637e+01
   5.4979200e+06   3.5583496e+01
   5.5101740e+06   3.6071777e+01
   5.5118530e+06   3.5034180e+01
   5.5139650e+06   4.8339844e+01
   5.5155110e+06   3.5583496e+01
   5.5174340e+06   4.2602539e+01
   5.5191930e+06   4.2968750e+01
   5.5286940e+06   4.0954590e+01
   5.5323650e+06   3.5949707e+01
   5.5329030e+06   3.5644531e+01
   5.5406720e+06   4.0832520e+01
   5.5511330e+06   3.7048340e+01
   5.5523880e+06   3.8696289e+01
   5.5557790e+06   3.7780762e+01
   5.5576780e+06   2.4859619e+02
   5.5579700e+06   2.1478271e+02
   5.5588150e+06   3.6926270e+01
   5.5620210e+06   3.6865234e+01
   5.5631040e+06   3.8024902e+01
   5.5637160e+06   4.5349121e+01
   5.5647390e+06   3.6315918e+01
   5.5656060e+06   4.2358398e+01
   5.5676990e+06   3.5278320e+01
   5.5685240e+06   4.4006348e+01
   5.5698990e+06   4.4067383e+01
   5.5710020e+06   4.0161133e+01
   5.5762880e+06   3.6010742e+01
   5.5821950e+06   4.2053223e+01
   5.5864300e+06   3.7414551e+01
   5.5902460e+06   3.8879395e+01
   5.5933930e+06   4.3029785e+01
   5.5946220e+06   3.9550781e+01
   5.5967470e+06   3.7902832e+01
   5.5997820e+06   4.1748047e+01
   5.6037350e+06   3.8574219e+01
   5.6038200e+06   4.0954590e+01
   5.6038620e+06   2.8833008e+02
   5.6038950e+06   4.9377441e+01
   5.6039840e+06   2.1917725e+02
   5.6040120e+06   3.8818359e+01
   5.6040840e+06   1.4862061e+02
   5.6042250e+06   1.3555908e+02
   5.6043310e+06   3.7597656e+01
   5.6043660e+06   4.2114258e+01
   5.6044350e+06   1.4709473e+02
   5.6047180e+06   1.7242432e+02
   5.6051190e+06   1.8481445e+02
   5.6053530e+06   1.6900635e+02
   5.6055790e+06   1.5142822e+02
   5.6058110e+06   1.4514160e+02
   5.6060310e+06   1.4361572e+02
   5.6062650e+06   1.2939453e+02
   5.6065730e+06   1.3165283e+02
   5.6068340e+06   1.3317871e+02
   5.6076750e+06   3.5339355e+01
   5.6079540e+06   4.8095703e+01
   5.6081630e+06   3.6254883e+01
   5.6087460e+06   4.0832520e+01
   5.6199700e+06   3.7963867e+01
   5.6230730e+06   3.6010742e+01
   5.6244320e+06   3.7109375e+01
   5.6285270e+06   3.8696289e+01
   5.6306070e+06   4.1015625e+01
   5.6314390e+06   3.7719727e+01
   5.6377840e+06   3.6254883e+01
   5.6415240e+06   3.8879395e+01
   5.6423840e+06   3.5583496e+01
   5.6439870e+06   3.8513184e+01
   5.6455120e+06   3.7536621e+01
   5.6488560e+06   3.7780762e+01
   5.6529980e+06   4.0222168e+01
   5.6543870e+06   4.4250488e+01
   5.6553700e+06   3.7963867e+01
   5.6622530e+06   4.4006348e+01
   5.6639340e+06   3.8696289e+01
   5.6650590e+06   3.5766602e+01
   5.6663170e+06   4.2419434e+01
   5.6681660e+06   3.9062500e+01
   5.6703620e+06   4.6081543e+01
   5.6742040e+06   3.6071777e+01
   5.6750300e+06   4.8889160e+01
   5.6802000e+06   5.3649902e+01
   5.6857600e+06   4.2541504e+01
   5.6870970e+06   5.2490234e+01
   5.6884420e+06   4.1442871e+01
   5.6981350e+06   3.6743164e+01
   5.7010420e+06   3.7292480e+01
   5.7068620e+06   3.7780762e+01
   5.7095970e+06   3.9184570e+01
   5.7112770e+06   3.4851074e+01
   5.7132700e+06   4.1137695e+01
   5.7147910e+06   3.5949707e+01
   5.7218330e+06   4.1198730e+01
   5.7251870e+06   4.0832520e+01
   5.7270020e+06   4.0466309e+01
   5.7279300e+06   4.2785645e+01
   5.7297290e+06   3.5217285e+01
   5.7312460e+06   4.5593262e+01
   5.7342500e+06   3.8696289e+01
   5.7384310e+06   3.6621094e+01
   5.7400280e+06   4.2236328e+01
   5.7429900e+06   3.7597656e+01
   5.7445230e+06   3.5156250e+01
   5.7522540e+06   4.4860840e+01
   5.7545750e+06   3.8024902e+01
   5.7554990e+06   4.5166016e+01
   5.7555150e+06   4.3457031e+01
   5.7576920e+06   3.8818359e+01
   5.7591290e+06   3.5095215e+01
   5.7699280e+06   3.5705566e+01
   5.7780460e+06   3.6804199e+01
   5.7792940e+06   4.1137695e+01
   5.7820420e+06   3.8208008e+01
   5.7835680e+06   4.2480469e+01
   5.7854460e+06   4.4982910e+01
   5.7879010e+06   3.7719727e+01
   5.7898310e+06   3.7170410e+01
   5.7932490e+06   3.8513184e+01
   5.7959640e+06   5.0109863e+01
   5.7960530e+06   3.9001465e+01
   5.8000520e+06   3.7963867e+01
   5.8030400e+06   3.9733887e+01
   5.8030930e+06   3.5766602e+01
   5.8031210e+06   2.5531006e+02
   5.8032140e+06   2.1075439e+02
   5.8033120e+06   1.5802002e+02
   5.8034200e+06   1.6827393e+02
   5.8034800e+06   3.6865234e+01
   5.8035690e+06   1.8530273e+02
   5.8037250e+06   1.3842773e+02
   5.8040110e+06   1.9122314e+02
   5.8045360e+06   2.0159912e+02
   5.8115610e+06   4.4006348e+01
   5.8137610e+06   3.7841797e+01
   5.8150010e+06   4.5959473e+01
   5.8158460e+06   3.9001465e+01
   5.8163080e+06   4.1198730e+01
   5.8182540e+06   3.5278320e+01
   5.8193460e+06   4.0954590e+01
   5.8272530e+06   3.6865234e+01
   5.8284660e+06   3.5705566e+01
   5.8350960e+06   4.1870117e+01
   5.8382230e+06   4.1992188e+01
   5.8394250e+06   3.8330078e+01
   5.8412970e+06   3.7353516e+01
   5.8422410e+06   3.8757324e+01
   5.8464700e+06   3.5339355e+01
   5.8496940e+06   4.1931152e+01
   5.8552880e+06   4.2907715e+01
   5.8614830e+06   3.4851074e+01
   5.8624120e+06   3.8146973e+01
   5.8637370e+06   3.7170410e+01
   5.8641770e+06   2.2119141e+02
   5.8666070e+06   3.8146973e+01
   5.8671650e+06   2.6721191e+02
   5.8721210e+06   3.6621094e+01
   5.8752220e+06   3.8513184e+01
   5.8766460e+06   4.0893555e+01
   5.8810120e+06   3.9489746e+01
   5.8819260e+06   4.0344238e+01
   5.8862130e+06   3.9184570e+01
   5.8913030e+06   3.8879395e+01
   5.8945750e+06   3.9611816e+01
   5.8953830e+06   3.8940430e+01
   5.8975960e+06   3.7841797e+01
   5.9090760e+06   4.0710449e+01
   5.9159390e+06   3.7048340e+01
   5.9174010e+06   3.7902832e+01
   5.9231050e+06   4.0771484e+01
   5.9259350e+06   3.5888672e+01
   5.9273690e+06   3.7414551e+01
   5.9284540e+06   3.8024902e+01
   5.9299110e+06   3.9001465e+01
   5.9323490e+06   4.5654297e+01
   5.9395440e+06   3.4912109e+01
   5.9414170e+06   4.0771484e+01
   5.9427110e+06   3.9184570e+01
   5.9449510e+06   3.5766602e+01
   5.9450790e+06   3.6560059e+01
   5.9483020e+06   3.6865234e+01
   5.9492200e+06   3.7597656e+01
   5.9504500e+06   3.6193848e+01
   5.9523560e+06   3.6926270e+01
   5.9597790e+06   4.0527344e+01
   5.9610950e+06   3.6071777e+01
   5.9617930e+06   4.2236328e+01
   5.9642960e+06   3.6132813e+01
   5.9657290e+06   3.7536621e+01
   5.9672750e+06   3.7414551e+01
   5.9686220e+06   3.7841797e+01
   5.9686730e+06   4.0771484e+01
   5.9687000e+06   3.5095215e+01
   5.9687520e+06   2.9174805e+02
   5.9688630e+06   2.0819092e+02
   5.9688810e+06   3.6193848e+01
   5.9689650e+06   1.7663574e+02
   5.9691420e+06   2.1362305e+02
   5.9692590e+06   3.6315918e+01
   5.9693100e+06   1.4416504e+02
   5.9695020e+06   1.9024658e+02
   5.9697030e+06   1.8389893e+02
   5.9700830e+06   2.0965576e+02
   5.9706350e+06   3.9184570e+01
   5.9713570e+06   1.7938232e+02
   5.9739480e+06   3.5034180e+01
   5.9757050e+06   3.4912109e+01
   5.9769820e+06   3.8330078e+01
   5.9791760e+06   4.1870117e+01
   5.9811340e+06   4.6752930e+01
   5.9822590e+06   3.4851074e+01
   5.9867110e+06   3.9123535e+01
   5.9873760e+06   3.4912109e+01
   5.9920130e+06   3.5400391e+01
   5.9934430e+06   3.8879395e+01
