   5.9980000e+06   0.0000000e+00
   2.6395000e+04   3.6682129e+01
   2.6414000e+04   4.1564941e+01
   2.7937000e+04   5.5297852e+01
   2.7969000e+04   3.3752441e+01
   4.3236000e+04   3.0517578e+01
   4.3768000e+04   3.6254883e+01
   5.2055000e+04   3.3325195e+01
   5.2095000e+04   5.1513672e+01
   5.2132000e+04   4.4189453e+01
   5.2163000e+04   3.5339355e+01
   5.2197000e+04   3.0578613e+01
   5.2232000e+04   3.9001465e+01
   5.2265000e+04   3.5034180e+01
   5.2293000e+04   2.9174805e+01
   5.2319000e+04   3.1066895e+01
   5.2337000e+04   3.7414551e+01
   5.2361000e+04   4.4311523e+01
   5.2377000e+04   3.7902832e+01
   5.2393000e+04   3.1372070e+01
   5.2427000e+04   3.5400391e+01
   5.2476000e+04   4.0405273e+01
   5.2528000e+04   3.1250000e+01
   5.2543000e+04   3.0761719e+01
   5.2634000e+04   4.1198730e+01
   5.2647000e+04   4.4616699e+01
   5.2671000e+04   3.8574219e+01
   5.2944000e+04   3.0517578e+01
   5.3904000e+04   3.6132813e+01
   7.9541000e+04   3.1860352e+01
   8.8391000e+04   3.0578613e+01
   9.2453000e+04   3.3569336e+01
   1.0504200e+05   2.9174805e+01
   1.2451900e+05   3.2409668e+01
   1.6588400e+05   3.1982422e+01
   1.6691000e+05   2.8930664e+01
   1.7062900e+05   3.1188965e+01
   1.7113300e+05   3.3264160e+01
   1.7115500e+05   3.2592773e+01
   1.7144900e+05   4.6936035e+01
   1.7407000e+05   2.8991699e+01
   1.7449700e+05   2.8625488e+01
   1.9905500e+05   2.9846191e+01
   2.0004500e+05   3.2165527e+01
   2.0043000e+05   9.5275879e+01
   2.0044100e+05   4.3701172e+01
   2.0597200e+05   2.9113770e+01
   2.2865900e+05   3.0212402e+01
   2.5861500e+05   3.0883789e+01
   2.5937900e+05   3.1066895e+01
   2.5943700e+05   3.8269043e+01
   2.7617200e+05   2.9235840e+01
   2.7619000e+05   7.9956055e+01
   2.7626900e+05   4.5959473e+01
   2.7632200e+05   2.8869629e+01
   3.0176600e+05   2.9113770e+01
   3.0187400e+05   3.0029297e+01
   3.2009900e+05   3.9001465e+01
   3.2010900e+05   8.8806152e+01
   3.2306900e+05   3.8574219e+01
   3.2309200e+05   6.8176270e+01
   3.2310300e+05   3.4912109e+01
   3.2313000e+05   4.7851563e+01
   3.2316300e+05   3.5400391e+01
   3.2318400e+05   5.2429199e+01
   3.2324100e+05   2.8930664e+01
   3.2327100e+05   3.9611816e+01
   3.2329100e+05   3.2775879e+01
   3.2332400e+05   4.7912598e+01
   3.2336100e+05   3.1921387e+01
   3.2339600e+05   3.3325195e+01
   3.2345100e+05   3.6437988e+01
   3.2349900e+05   3.8635254e+01
   3.2354900e+05   3.0456543e+01
   3.2363300e+05   3.9001465e+01
   3.2365000e+05   3.5949707e+01
   3.2368100e+05   3.3874512e+01
   3.2372800e+05   3.0212402e+01
   3.2376100e+05   4.3395996e+01
   3.2384700e+05   3.2348633e+01
   3.2403200e+05   2.9235840e+01
   3.2406700e+05   2.8930664e+01
   3.2414700e+05   4.1503906e+01
   3.2427600e+05   3.3203125e+01
   3.2428600e+05   3.1799316e+01
   3.2430800e+05   3.4729004e+01
   3.2433400e+05   2.9113770e+01
   3.2439400e+05   3.8574219e+01
   3.2621400e+05   2.9235840e+01
   3.2646300e+05   3.1982422e+01
   3.2719700e+05   3.3142090e+01
   4.4689500e+05   3.3264160e+01
   4.7862100e+05   2.8625488e+01
   4.8747600e+05   2.9785156e+01
   4.8757000e+05   3.2531738e+01
   4.8759800e+05   2.8930664e+01
   4.8773800e+05   3.0456543e+01
   4.8786200e+05   2.8564453e+01
   4.8793500e+05   2.9418945e+01
   4.8833200e+05   2.8747559e+01
   5.2618900e+05   5.1391602e+01
   5.4957300e+05   3.0090332e+01
   5.6422100e+05   2.9235840e+01
   5.6908700e+05   2.9052734e+01
   5.6927600e+05   3.6621094e+01
   5.7036900e+05   4.5288086e+01
   5.7040200e+05   6.5856934e+01
   5.7041700e+05   3.2043457e+01
   5.7042700e+05   3.0639648e+01
   5.7044500e+05   3.0273438e+01
   5.7045900e+05   2.8686523e+01
   5.7050900e+05   3.8085938e+01
   5.7054600e+05   3.5400391e+01
   5.7060200e+05   4.6142578e+01
   5.7062600e+05   3.3081055e+01
   5.7068400e+05   3.1555176e+01
   5.7070800e+05   3.2775879e+01
   5.7073400e+05   3.1127930e+01
   5.7074900e+05   3.1127930e+01
   5.7080700e+05   3.1066895e+01
   5.7082100e+05   3.0029297e+01
   5.7084600e+05   3.3325195e+01
   5.7088400e+05   3.3142090e+01
   5.7089900e+05   3.4606934e+01
   5.7107500e+05   4.2297363e+01
   5.7135600e+05   3.3081055e+01
   5.7152500e+05   3.2165527e+01
   5.7190300e+05   2.8808594e+01
   5.7227600e+05   3.6865234e+01
   5.9145000e+05   4.1015625e+01
   5.9183100e+05   2.9541016e+01
   5.9195100e+05   4.8889160e+01
   5.9197400e+05   3.6499023e+01
   5.9202600e+05   2.9785156e+01
   5.9245200e+05   8.3679199e+01
   5.9250900e+05   3.2958984e+01
   5.9253200e+05   4.5471191e+01
   5.9255700e+05   3.3874512e+01
   5.9258800e+05   2.8930664e+01
   5.9261100e+05   3.2287598e+01
   6.0488900e+05   3.2226563e+01
   6.0737000e+05   2.9296875e+01
   6.1548700e+05   2.8625488e+01
   6.4542300e+05   2.9113770e+01
   6.5982600e+05   2.9907227e+01
   6.6253500e+05   3.3142090e+01
   6.6258700e+05   3.7475586e+01
   6.6263700e+05   5.5541992e+01
   6.6265000e+05   3.0212402e+01
   6.6268400e+05   3.1188965e+01
   6.6277700e+05   8.4167480e+01
   6.6278800e+05   3.9001465e+01
   6.6281500e+05   3.2836914e+01
   6.6286800e+05   3.8879395e+01
   6.6288100e+05   8.6181641e+01
   6.7420500e+05   2.9052734e+01
   7.3525000e+05   2.9296875e+01
   7.3658900e+05   4.1503906e+01
   7.3661600e+05   2.8564453e+01
   7.3669000e+05   4.9255371e+01
   7.3671200e+05   6.7260742e+01
   7.3675800e+05   4.3273926e+01
   7.3678700e+05   3.6132813e+01
   7.3680700e+05   2.9724121e+01
   7.3683300e+05   3.0395508e+01
   7.3690900e+05   4.2968750e+01
   7.3692200e+05   2.8686523e+01
   7.3696300e+05   3.2470703e+01
   7.3701200e+05   3.0883789e+01
   7.3703900e+05   3.1005859e+01
   7.3716600e+05   4.6264648e+01
   7.3722400e+05   3.0212402e+01
   7.3725100e+05   2.9052734e+01
   7.3729300e+05   2.8869629e+01
   7.6413900e+05   3.0395508e+01
   7.7986800e+05   2.9602051e+01
   8.1054300e+05   7.2570801e+01
   8.1055300e+05   3.4606934e+01
   8.1058100e+05   3.3325195e+01
   8.1060600e+05   4.8156738e+01
   8.1069600e+05   3.4118652e+01
   8.1070800e+05   6.0913086e+01
   8.1076700e+05   3.5034180e+01
   8.1107200e+05   2.9907227e+01
   8.1115200e+05   3.2775879e+01
   8.7378700e+05   3.3081055e+01
   8.7559200e+05   3.1188965e+01
   8.7973100e+05   2.9541016e+01
   9.0054100e+05   9.0698242e+01
   9.0419100e+05   3.0395508e+01
   9.3243900e+05   2.9602051e+01
   9.3410600e+05   3.5095215e+01
   9.5206500e+05   3.0822754e+01
   9.5754800e+05   3.0822754e+01
   9.5760700e+05   4.1809082e+01
   9.5770200e+05   3.1066895e+01
   9.5782100e+05   3.4484863e+01
   9.5805200e+05   3.6254883e+01
   9.5806400e+05   7.9284668e+01
   9.5810400e+05   2.8869629e+01
   9.7733200e+05   3.2043457e+01
   9.9927000e+05   3.1433105e+01
   1.0036830e+06   2.9357910e+01
   1.0319630e+06   3.6926270e+01
   1.0456550e+06   3.0883789e+01
   1.0458010e+06   3.5156250e+01
   1.0458420e+06   4.4799805e+01
   1.0464490e+06   3.4240723e+01
   1.0670730e+06   2.9907227e+01
   1.0720830e+06   2.9418945e+01
   1.0725210e+06   2.9724121e+01
   1.0810590e+06   4.8950195e+01
   1.0810850e+06   4.7302246e+01
   1.0811150e+06   4.1320801e+01
   1.0811290e+06   3.4790039e+01
   1.0811480e+06   3.5461426e+01
   1.0811650e+06   4.0466309e+01
   1.0812150e+06   3.4606934e+01
   1.0812430e+06   3.0334473e+01
   1.0812880e+06   3.0029297e+01
   1.0813370e+06   3.1066895e+01
   1.0813730e+06   6.1767578e+01
   1.0814120e+06   3.3813477e+01
   1.0814490e+06   3.6010742e+01
   1.0814690e+06   3.1921387e+01
   1.0814810e+06   4.5043945e+01
   1.0815590e+06   3.6071777e+01
   1.0815700e+06   3.3935547e+01
   1.0816260e+06   3.7536621e+01
   1.0816910e+06   2.9235840e+01
   1.0819830e+06   3.2104492e+01
   1.0821840e+06   3.1555176e+01
   1.0823420e+06   3.1188965e+01
   1.0833300e+06   3.4423828e+01
   1.1991930e+06   3.0761719e+01
   1.2014200e+06   2.8564453e+01
   1.2120470e+06   3.0944824e+01
   1.2280380e+06   2.8991699e+01
   1.2334910e+06   3.3996582e+01
   1.2335480e+06   4.6875000e+01
   1.2338010e+06   3.7170410e+01
   1.2361500e+06   3.5034180e+01
   1.2361600e+06   5.1330566e+01
   1.2361810e+06   5.2978516e+01
   1.2362000e+06   3.7109375e+01
   1.2362120e+06   3.3935547e+01
   1.2362340e+06   3.6743164e+01
   1.2362740e+06   3.0517578e+01
   1.2362890e+06   4.9865723e+01
   1.2363450e+06   4.7729492e+01
   1.2363820e+06   4.0832520e+01
   1.2364220e+06   3.2226563e+01
   1.2364900e+06   3.3081055e+01
   1.2365940e+06   4.3640137e+01
   1.2366080e+06   3.3996582e+01
   1.2367230e+06   3.1433105e+01
   1.2370300e+06   3.4912109e+01
   1.2640680e+06   3.0700684e+01
   1.3260300e+06   3.2165527e+01
   1.3748440e+06   3.1860352e+01
   1.3751970e+06   3.1066895e+01
   1.3752560e+06   4.2358398e+01
   1.3752770e+06   3.3386230e+01
   1.3753110e+06   3.0639648e+01
   1.3754020e+06   3.9367676e+01
   1.3754140e+06   3.9428711e+01
   1.3754790e+06   3.5827637e+01
   1.3755150e+06   4.7912598e+01
   1.3755310e+06   4.3395996e+01
   1.3755650e+06   2.9724121e+01
   1.3755980e+06   4.3579102e+01
   1.3756120e+06   3.9611816e+01
   1.3756320e+06   5.5053711e+01
   1.3756790e+06   3.0578613e+01
   1.3757070e+06   3.1433105e+01
   1.3757570e+06   3.8391113e+01
   1.3757790e+06   3.0029297e+01
   1.3758170e+06   3.1066895e+01
   1.3758420e+06   3.3081055e+01
   1.3758720e+06   3.4240723e+01
   1.3758950e+06   3.0639648e+01
   1.3761260e+06   2.9174805e+01
   1.3761610e+06   3.0456543e+01
   1.3768280e+06   2.8808594e+01
   1.4119110e+06   2.8686523e+01
   1.4546610e+06   3.1494141e+01
   1.5267260e+06   2.9479980e+01
   1.5369200e+06   3.3264160e+01
   1.5384760e+06   3.0883789e+01
   1.5397060e+06   2.9052734e+01
   1.5398310e+06   3.3142090e+01
   1.5399010e+06   3.6865234e+01
   1.5900930e+06   3.1860352e+01
   1.6020580e+06   3.2775879e+01
   1.6202670e+06   3.2653809e+01
   1.6203020e+06   3.4973145e+01
   1.6203330e+06   2.9418945e+01
   1.6203510e+06   5.9936523e+01
   1.6203900e+06   3.4912109e+01
   1.6204070e+06   5.1391602e+01
   1.6204200e+06   3.2836914e+01
   1.6204640e+06   3.1005859e+01
   1.6205040e+06   4.9316406e+01
   1.6205390e+06   3.2104492e+01
   1.6205690e+06   3.6682129e+01
   1.6206510e+06   3.0395508e+01
   1.6207130e+06   5.4443359e+01
   1.6207620e+06   2.9296875e+01
   1.6207980e+06   3.7475586e+01
   1.6208410e+06   3.4851074e+01
   1.6210020e+06   3.0822754e+01
   1.6210820e+06   3.7048340e+01
   1.6212870e+06   4.0710449e+01
   1.6214260e+06   3.9001465e+01
   1.6439350e+06   2.9968262e+01
   1.6557050e+06   3.3386230e+01
   1.6747540e+06   2.9174805e+01
   1.7123830e+06   3.5583496e+01
   1.7124230e+06   6.3659668e+01
   1.7124510e+06   6.4941406e+01
   1.7124680e+06   4.1198730e+01
   1.7124780e+06   3.3874512e+01
   1.7127910e+06   4.3334961e+01
   1.7129200e+06   2.9113770e+01
   1.7820180e+06   4.9926758e+01
   1.7820430e+06   2.8564453e+01
   1.7838450e+06   3.1860352e+01
   1.7839090e+06   2.8747559e+01
   1.7839500e+06   2.9846191e+01
   1.7840990e+06   3.6865234e+01
   1.8105410e+06   3.0273438e+01
   1.8106040e+06   6.4758301e+01
   1.8106190e+06   4.4311523e+01
   1.8106430e+06   4.5593262e+01
   1.8106580e+06   3.6499023e+01
   1.8106780e+06   4.3151855e+01
   1.8106890e+06   5.2734375e+01
   1.8107090e+06   3.1066895e+01
   1.8107970e+06   3.6560059e+01
   1.8109270e+06   2.9663086e+01
   1.8109470e+06   3.8208008e+01
   1.8110170e+06   3.3264160e+01
   1.8112500e+06   3.1494141e+01
   1.8116790e+06   3.2775879e+01
   1.8123910e+06   3.3203125e+01
   1.8296100e+06   3.2043457e+01
   1.8296870e+06   2.9479980e+01
   1.8297730e+06   3.2775879e+01
   1.8298480e+06   3.3630371e+01
   1.8301190e+06   3.1311035e+01
   1.8308790e+06   3.6071777e+01
   1.8615930e+06   2.8686523e+01
   1.8621270e+06   2.9174805e+01
   1.8917040e+06   2.9357910e+01
   1.9449310e+06   2.9113770e+01
   1.9720590e+06   3.1799316e+01
   1.9730610e+06   2.8747559e+01
   1.9809180e+06   3.1921387e+01
   1.9809950e+06   2.8930664e+01
   1.9811230e+06   3.1250000e+01
   1.9926640e+06   3.1127930e+01
   1.9927320e+06   2.9479980e+01
   1.9928660e+06   3.1127930e+01
   1.9930580e+06   4.2358398e+01
   1.9931850e+06   3.6437988e+01
   2.0210260e+06   3.0944824e+01
   2.0595660e+06   3.4606934e+01
   2.0595970e+06   4.4067383e+01
   2.0596160e+06   3.0700684e+01
   2.0596400e+06   4.4067383e+01
   2.0596910e+06   3.6560059e+01
   2.0597370e+06   3.8513184e+01
   2.0597600e+06   4.0588379e+01
   2.0597850e+06   3.3813477e+01
   2.0598020e+06   2.9174805e+01
   2.0598350e+06   3.3203125e+01
   2.0598600e+06   3.4301758e+01
   2.0598850e+06   3.4423828e+01
   2.0598950e+06   3.2897949e+01
   2.0599890e+06   3.3447266e+01
   2.0611460e+06   3.6804199e+01
   2.0615630e+06   3.2470703e+01
   2.0625930e+06   3.1005859e+01
   2.0734010e+06   3.5827637e+01
   2.1507160e+06   3.2287598e+01
   2.1534240e+06   3.0883789e+01
   2.1654340e+06   3.6132813e+01
   2.1657200e+06   3.1860352e+01
   2.2185010e+06   2.9785156e+01
   2.2380710e+06   2.9663086e+01
   2.2532530e+06   3.0700684e+01
   2.2533090e+06   3.1311035e+01
   2.2533380e+06   3.5583496e+01
   2.2534560e+06   2.9113770e+01
   2.2538050e+06   2.9907227e+01
   2.2557440e+06   3.0029297e+01
   2.2558150e+06   2.9418945e+01
   2.2559390e+06   3.3996582e+01
   2.2559890e+06   4.9987793e+01
   2.2561220e+06   4.4860840e+01
   2.2943460e+06   2.9663086e+01
   2.3097920e+06   3.0273438e+01
   2.3104670e+06   3.3813477e+01
   2.3105710e+06   2.8869629e+01
   2.3127540e+06   3.0700684e+01
   2.3130170e+06   3.1616211e+01
   2.3411170e+06   3.0090332e+01
   2.3411810e+06   3.8330078e+01
   2.3411920e+06   5.7067871e+01
   2.3412030e+06   3.9794922e+01
   2.3412370e+06   5.6823730e+01
   2.3412550e+06   3.9062500e+01
   2.3659140e+06   3.1188965e+01
   2.3659370e+06   3.8269043e+01
   2.3659480e+06   3.2653809e+01
   2.3659600e+06   5.8776855e+01
   2.3659880e+06   4.0039063e+01
   2.3660100e+06   3.1250000e+01
   2.3660470e+06   3.2287598e+01
   2.3660970e+06   4.9926758e+01
   2.3662680e+06   3.4790039e+01
   2.3673730e+06   3.5766602e+01
   2.4200550e+06   2.8564453e+01
   2.4200980e+06   5.7312012e+01
   2.4201210e+06   3.3447266e+01
   2.4202100e+06   3.6804199e+01
   2.4407940e+06   3.2043457e+01
   2.4408670e+06   3.5766602e+01
   2.4409820e+06   3.8085938e+01
   2.4410060e+06   3.2653809e+01
   2.4563320e+06   2.9052734e+01
   2.4565460e+06   4.8095703e+01
   2.4565640e+06   3.5217285e+01
   2.4565830e+06   3.3630371e+01
   2.4569730e+06   3.4545898e+01
   2.4752840e+06   4.0100098e+01
   2.4888700e+06   2.9052734e+01
   2.4889690e+06   3.1005859e+01
   2.4889840e+06   3.9123535e+01
   2.5009310e+06   2.9907227e+01
   2.5136630e+06   2.8869629e+01
   2.5230310e+06   3.2165527e+01
   2.5230580e+06   5.6579590e+01
   2.5230760e+06   6.4941406e+01
   2.5231030e+06   4.5104980e+01
   2.5231420e+06   3.4118652e+01
   2.5234380e+06   2.8564453e+01
   2.5382380e+06   3.1005859e+01
   2.5383170e+06   3.1311035e+01
   2.5383360e+06   4.5837402e+01
   2.5383650e+06   5.8288574e+01
   2.5383810e+06   3.3508301e+01
   2.5384190e+06   3.2958984e+01
   2.5384410e+06   3.3386230e+01
   2.5755060e+06   3.1921387e+01
   2.6324350e+06   2.8625488e+01
   2.6351510e+06   3.2958984e+01
   2.6534450e+06   3.2043457e+01
   2.6590860e+06   3.4790039e+01
   2.6590990e+06   7.9589844e+01
   2.6591150e+06   4.2175293e+01
   2.6591310e+06   4.9011230e+01
   2.6591740e+06   4.9133301e+01
   2.6592080e+06   4.2541504e+01
   2.6592280e+06   3.3630371e+01
   2.6592540e+06   3.9733887e+01
   2.6593260e+06   4.7180176e+01
   2.6593890e+06   3.4790039e+01
   2.6594520e+06   3.6865234e+01
   2.6594910e+06   3.1127930e+01
   2.6595190e+06   3.2653809e+01
   2.6595350e+06   3.4057617e+01
   2.6596150e+06   3.2043457e+01
   2.6598360e+06   3.6254883e+01
   2.6945610e+06   2.8930664e+01
   2.7194530e+06   3.3752441e+01
   2.7195310e+06   3.6437988e+01
   2.7195570e+06   5.4382324e+01
   2.7197400e+06   4.6508789e+01
   2.7197840e+06   3.0273438e+01
   2.7198170e+06   3.4423828e+01
   2.7198670e+06   4.1076660e+01
   2.7286950e+06   2.8991699e+01
   2.7472240e+06   3.1982422e+01
   2.7473370e+06   3.2531738e+01
   2.7661430e+06   2.9724121e+01
   2.7886850e+06   2.9235840e+01
   2.8482420e+06   3.4790039e+01
   2.8484160e+06   3.0029297e+01
   2.8484560e+06   2.9052734e+01
   2.8486080e+06   2.9846191e+01
   2.8492230e+06   3.1433105e+01
   2.8493740e+06   3.1005859e+01
   2.8495060e+06   3.3874512e+01
   2.8495470e+06   5.8471680e+01
   2.8495660e+06   5.8959961e+01
   2.8495760e+06   2.8930664e+01
   2.8496020e+06   5.2673340e+01
   2.8496580e+06   3.0761719e+01
   2.8496940e+06   4.3579102e+01
   2.8498760e+06   3.1799316e+01
   2.8720190e+06   3.0395508e+01
   2.8895640e+06   2.9541016e+01
   2.9006190e+06   3.1616211e+01
   2.9044870e+06   3.6010742e+01
   2.9091690e+06   3.1005859e+01
   2.9109940e+06   3.1799316e+01
   2.9425200e+06   2.9296875e+01
   2.9442050e+06   2.8869629e+01
   2.9464760e+06   3.0090332e+01
   3.0210900e+06   3.0090332e+01
   3.0219690e+06   2.9296875e+01
   3.0221140e+06   3.2897949e+01
   3.0222500e+06   3.1555176e+01
   3.0222990e+06   4.2968750e+01
   3.0229110e+06   2.9907227e+01
   3.0229450e+06   4.3151855e+01
   3.0230000e+06   2.9479980e+01
   3.0232310e+06   3.1188965e+01
   3.0233440e+06   2.9479980e+01
   3.0233770e+06   4.7180176e+01
   3.0233940e+06   3.0456543e+01
   3.0234930e+06   3.2470703e+01
   3.0235110e+06   2.9907227e+01
   3.0236970e+06   6.9458008e+01
   3.0238060e+06   3.9245605e+01
   3.0241180e+06   3.8940430e+01
   3.0540340e+06   3.8879395e+01
   3.1679990e+06   3.0761719e+01
   3.1706900e+06   4.3029785e+01
   3.1707530e+06   2.9052734e+01
   3.1708000e+06   7.1899414e+01
   3.1708170e+06   2.9724121e+01
   3.1708500e+06   3.1616211e+01
   3.1708610e+06   3.8024902e+01
   3.1908290e+06   2.9907227e+01
   3.2144520e+06   3.7231445e+01
   3.2151270e+06   3.2531738e+01
   3.2912930e+06   2.9418945e+01
   3.2913170e+06   2.9663086e+01
   3.3475720e+06   3.2714844e+01
   3.3476050e+06   4.8645020e+01
   3.3476160e+06   5.6152344e+01
   3.3476370e+06   6.2500000e+01
   3.3476480e+06   3.8757324e+01
   3.3476720e+06   5.9326172e+01
   3.3476990e+06   3.3569336e+01
   3.3477300e+06   3.0517578e+01
   3.3477600e+06   3.2897949e+01
   3.3477760e+06   4.6630859e+01
   3.3477980e+06   3.7841797e+01
   3.3478280e+06   3.8696289e+01
   3.3478660e+06   3.1921387e+01
   3.3479500e+06   4.2724609e+01
   3.3480890e+06   3.5095215e+01
   3.3481090e+06   3.0700684e+01
   3.3481620e+06   3.0334473e+01
   3.3481840e+06   3.7963867e+01
   3.3483170e+06   3.4179688e+01
   3.3484460e+06   2.9052734e+01
   3.3484580e+06   3.5400391e+01
   3.3498260e+06   3.3447266e+01
   3.4152860e+06   3.2043457e+01
   3.4163750e+06   2.9663086e+01
   3.4180000e+06   2.9602051e+01
   3.4292580e+06   2.9907227e+01
   3.4294030e+06   4.8156738e+01
   3.4489610e+06   3.1188965e+01
   3.4819440e+06   4.5349121e+01
   3.4831040e+06   2.8991699e+01
   3.4831790e+06   4.6020508e+01
   3.4832020e+06   4.1992188e+01
   3.4832270e+06   4.2175293e+01
   3.4832840e+06   4.3212891e+01
   3.4833510e+06   5.4687500e+01
   3.4833630e+06   4.3334961e+01
   3.4833920e+06   3.4301758e+01
   3.4834310e+06   2.9357910e+01
   3.4834670e+06   2.9541016e+01
   3.4834770e+06   2.9235840e+01
   3.4835980e+06   3.6987305e+01
   3.4837710e+06   3.1677246e+01
   3.4842440e+06   2.9357910e+01
   3.5240850e+06   3.1616211e+01
   3.5250160e+06   3.0822754e+01
   3.5258980e+06   4.2846680e+01
   3.5260170e+06   2.9724121e+01
   3.5445820e+06   3.0212402e+01
   3.5452180e+06   2.9357910e+01
   3.5453090e+06   3.1860352e+01
   3.5453890e+06   8.2946777e+01
   3.5458760e+06   3.5888672e+01
   3.5465410e+06   2.9602051e+01
   3.5466170e+06   4.1625977e+01
   3.5942600e+06   3.8452148e+01
   3.5942710e+06   4.7668457e+01
   3.5942830e+06   4.8034668e+01
   3.5943110e+06   5.0048828e+01
   3.5943600e+06   6.5124512e+01
   3.5944090e+06   6.1096191e+01
   3.5944440e+06   4.0466309e+01
   3.5944770e+06   2.9479980e+01
   3.5945280e+06   2.9174805e+01
   3.5945690e+06   3.1738281e+01
   3.5946260e+06   2.9174805e+01
   3.5947200e+06   3.6315918e+01
   3.5951880e+06   3.6621094e+01
   3.5967670e+06   3.4057617e+01
   3.6500690e+06   2.9724121e+01
   3.6765010e+06   5.2185059e+01
   3.6765140e+06   4.1564941e+01
   3.6765510e+06   6.3842773e+01
   3.6766080e+06   3.1494141e+01
   3.6766180e+06   3.1860352e+01
   3.6766690e+06   3.1188965e+01
   3.6766900e+06   3.1372070e+01
   3.6767380e+06   4.0344238e+01
   3.6767910e+06   3.8635254e+01
   3.6768810e+06   3.4362793e+01
   3.6769260e+06   2.9846191e+01
   3.6770250e+06   3.0822754e+01
   3.7152680e+06   2.9052734e+01
   3.7230150e+06   4.8034668e+01
   3.7230350e+06   4.5959473e+01
   3.7230830e+06   3.2897949e+01
   3.7231160e+06   5.8593750e+01
   3.7232370e+06   4.0283203e+01
   3.7254950e+06   3.5461426e+01
   3.7255230e+06   3.6926270e+01
   3.7255350e+06   7.3242188e+01
   3.7255650e+06   4.8645020e+01
   3.7255840e+06   4.4677734e+01
   3.7560140e+06   2.9479980e+01
   3.7785470e+06   3.5705566e+01
   3.7904870e+06   3.2958984e+01
   3.7905150e+06   4.3395996e+01
   3.7905250e+06   4.8767090e+01
   3.7905350e+06   3.2470703e+01
   3.7905590e+06   5.0109863e+01
   3.7905740e+06   4.7241211e+01
   3.7906060e+06   3.0090332e+01
   3.7906300e+06   3.6926270e+01
   3.7907490e+06   3.4179688e+01
   3.7908380e+06   3.1738281e+01
   3.7909080e+06   3.0212402e+01
   3.7909530e+06   3.1494141e+01
   3.8371740e+06   3.0822754e+01
   3.8467970e+06   2.9663086e+01
   3.8565110e+06   5.0231934e+01
   3.8565380e+06   3.1799316e+01
   3.8685930e+06   2.9541016e+01
   3.8852100e+06   3.1921387e+01
   3.8935010e+06   3.0090332e+01
   3.8935430e+06   5.7312012e+01
   3.8935540e+06   4.8217773e+01
   3.8935660e+06   3.0578613e+01
   3.8935880e+06   4.7790527e+01
   3.8936300e+06   3.3996582e+01
   3.8936610e+06   3.2165527e+01
   3.8937330e+06   3.1982422e+01
   3.8937640e+06   3.0761719e+01
   3.8937800e+06   2.9846191e+01
   3.8938740e+06   2.9418945e+01
   3.8938950e+06   2.9235840e+01
   3.8941470e+06   3.4362793e+01
   3.8942180e+06   2.9724121e+01
   3.8943070e+06   3.1494141e+01
   3.8948700e+06   2.8991699e+01
   3.9624710e+06   3.4729004e+01
   3.9699950e+06   3.1311035e+01
   3.9700120e+06   3.4606934e+01
   3.9700420e+06   5.1818848e+01
   3.9706170e+06   2.9541016e+01
   3.9708750e+06   3.9855957e+01
   3.9708950e+06   5.2856445e+01
   3.9709190e+06   3.5644531e+01
   3.9709420e+06   5.1940918e+01
   3.9709620e+06   3.3264160e+01
   3.9709730e+06   2.9663086e+01
   3.9932650e+06   2.9357910e+01
   4.0403960e+06   3.0639648e+01
   4.0525530e+06   3.0944824e+01
   4.0526080e+06   3.4301758e+01
   4.0527210e+06   4.4738770e+01
   4.0527350e+06   3.0334473e+01
   4.0527890e+06   4.3640137e+01
   4.0528110e+06   3.1677246e+01
   4.0528240e+06   3.2958984e+01
   4.0546440e+06   3.0029297e+01
   4.0548240e+06   4.2663574e+01
   4.0692280e+06   3.0883789e+01
   4.1191670e+06   3.0212402e+01
   4.1223090e+06   2.9357910e+01
   4.1224970e+06   2.9602051e+01
   4.1227390e+06   2.9174805e+01
   4.1229000e+06   3.6437988e+01
   4.1231630e+06   3.1921387e+01
   4.1235890e+06   2.9479980e+01
   4.1244900e+06   2.9479980e+01
   4.1245190e+06   6.4331055e+01
   4.1245480e+06   4.2236328e+01
   4.1245690e+06   6.0241699e+01
   4.1250790e+06   3.0212402e+01
   4.1251170e+06   5.2429199e+01
   4.1251320e+06   3.2531738e+01
   4.1251840e+06   3.0700684e+01
   4.1252050e+06   3.5888672e+01
   4.1252350e+06   4.3273926e+01
   4.1253260e+06   3.2470703e+01
   4.1904300e+06   3.0700684e+01
   4.2147230e+06   4.9865723e+01
   4.2149050e+06   3.4545898e+01
   4.2149220e+06   4.1992188e+01
   4.2149700e+06   4.2053223e+01
   4.2149860e+06   4.5959473e+01
   4.2150050e+06   3.4851074e+01
   4.2151000e+06   2.9418945e+01
   4.2156330e+06   4.8522949e+01
   4.2455380e+06   3.1127930e+01
   4.2884220e+06   3.4240723e+01
   4.2884330e+06   4.2602539e+01
   4.2884770e+06   4.0649414e+01
   4.2884900e+06   3.5888672e+01
   4.2885250e+06   3.9062500e+01
   4.2885410e+06   2.9602051e+01
   4.2886240e+06   3.6010742e+01
   4.2886570e+06   4.5043945e+01
   4.2886970e+06   3.2104492e+01
   4.2887480e+06   2.9174805e+01
   4.2887880e+06   3.2592773e+01
   4.2889370e+06   3.0273438e+01
   4.2889580e+06   2.9541016e+01
   4.2892310e+06   3.4423828e+01
   4.2896310e+06   4.0893555e+01
   4.2914670e+06   3.8757324e+01
   4.3121080e+06   3.2775879e+01
   4.3242470e+06   2.9052734e+01
   4.3808290e+06   3.0151367e+01
   4.3808460e+06   5.0415039e+01
   4.3808570e+06   4.0527344e+01
   4.3808900e+06   7.5927734e+01
   4.3809020e+06   3.0700684e+01
   4.3809270e+06   3.1677246e+01
   4.3809460e+06   2.9479980e+01
   4.3809670e+06   4.9560547e+01
   4.3810040e+06   3.2043457e+01
   4.3810340e+06   4.6569824e+01
   4.3810520e+06   2.9663086e+01
   4.3810680e+06   3.3935547e+01
   4.3811180e+06   3.9733887e+01
   4.3812310e+06   2.9174805e+01
   4.3812810e+06   3.5339355e+01
   4.3816170e+06   3.0029297e+01
   4.3845650e+06   2.9235840e+01
   4.4255450e+06   3.0334473e+01
   4.4297480e+06   2.9907227e+01
   4.4340600e+06   4.6386719e+01
   4.4362490e+06   3.0273438e+01
   4.4561130e+06   4.9682617e+01
   4.4808450e+06   3.3874512e+01
   4.4809030e+06   3.3386230e+01
   4.5143480e+06   3.1311035e+01
   4.5146370e+06   4.3884277e+01
   4.5175660e+06   5.3344727e+01
   4.5175880e+06   4.4494629e+01
   4.5176000e+06   5.3649902e+01
   4.5176120e+06   2.9296875e+01
   4.5176350e+06   5.4260254e+01
   4.5176820e+06   3.5400391e+01
   4.5177100e+06   5.0476074e+01
   4.5177310e+06   3.5583496e+01
   4.5177420e+06   4.5837402e+01
   4.5177570e+06   3.4912109e+01
   4.5178210e+06   3.2592773e+01
   4.5178420e+06   3.8269043e+01
   4.5178540e+06   4.1809082e+01
   4.5179020e+06   3.4362793e+01
   4.5179140e+06   3.2104492e+01
   4.5179500e+06   5.1330566e+01
   4.5179780e+06   3.1494141e+01
   4.5180410e+06   3.5949707e+01
   4.5180680e+06   4.6386719e+01
   4.5180960e+06   2.9724121e+01
   4.5181360e+06   3.0273438e+01
   4.5182080e+06   3.8513184e+01
   4.5182420e+06   2.9052734e+01
   4.5182800e+06   2.9052734e+01
   4.5183100e+06   3.0944824e+01
   4.5186460e+06   3.4606934e+01
   4.5567080e+06   2.9052734e+01
   4.5787290e+06   2.9052734e+01
   4.5879140e+06   2.9174805e+01
   4.5938410e+06   2.9357910e+01
   4.6119010e+06   2.9541016e+01
   4.6123480e+06   3.1372070e+01
   4.6125920e+06   2.9479980e+01
   4.6133620e+06   4.6386719e+01
   4.6203360e+06   3.4057617e+01
   4.6284310e+06   3.0883789e+01
   4.6583170e+06   4.1564941e+01
   4.6612730e+06   3.5034180e+01
   4.6700090e+06   2.9357910e+01
   4.6702610e+06   3.0456543e+01
   4.6765120e+06   3.1188965e+01
   4.6801490e+06   3.7536621e+01
   4.6888580e+06   3.3264160e+01
   4.6889490e+06   2.9235840e+01
   4.6910200e+06   3.8269043e+01
   4.6914460e+06   3.4057617e+01
   4.7136780e+06   2.9296875e+01
   4.7138620e+06   4.5654297e+01
   4.7140600e+06   3.2531738e+01
   4.7144080e+06   3.8879395e+01
   4.7210560e+06   3.1433105e+01
   4.7210890e+06   3.1555176e+01
   4.7211030e+06   3.8452148e+01
   4.7211310e+06   3.2470703e+01
   4.7214720e+06   3.3996582e+01
   4.7224440e+06   3.1311035e+01
   4.7225240e+06   3.3813477e+01
   4.7225670e+06   3.6437988e+01
   4.7225830e+06   5.7189941e+01
   4.7226420e+06   3.3569336e+01
   4.7226900e+06   6.0974121e+01
   4.7834150e+06   4.1015625e+01
   4.7834360e+06   3.7475586e+01
   4.7834560e+06   5.5175781e+01
   4.7835030e+06   4.1992188e+01
   4.8296500e+06   3.8513184e+01
   4.8626870e+06   2.9357910e+01
   4.8645440e+06   3.7963867e+01
   4.8645720e+06   3.3935547e+01
   4.8650230e+06   4.9987793e+01
   4.8656480e+06   3.6193848e+01
   4.8657200e+06   5.9020996e+01
   4.8659470e+06   5.5541992e+01
   4.8660950e+06   4.0527344e+01
   4.8661210e+06   3.0639648e+01
   4.8662430e+06   3.3142090e+01
   4.8663550e+06   2.9113770e+01
   4.8666080e+06   3.3020020e+01
   4.8666470e+06   3.3691406e+01
   4.8666590e+06   4.2358398e+01
   4.8667690e+06   3.0334473e+01
   4.8667840e+06   7.5683594e+01
   4.8668800e+06   3.0700684e+01
   4.8670440e+06   3.0944824e+01
   4.8712480e+06   3.2165527e+01
   4.9208990e+06   3.3081055e+01
   4.9210330e+06   3.1311035e+01
   4.9375930e+06   4.4555664e+01
   4.9379290e+06   3.5095215e+01
   4.9379760e+06   2.9113770e+01
   4.9383010e+06   2.9113770e+01
   4.9384240e+06   4.1564941e+01
   4.9683100e+06   3.2165527e+01
   4.9991540e+06   3.1494141e+01
   5.0162070e+06   5.0842285e+01
   5.0162350e+06   3.8269043e+01
   5.0162610e+06   4.7851563e+01
   5.0162730e+06   3.0151367e+01
   5.0163160e+06   3.2958984e+01
   5.0163330e+06   5.7312012e+01
   5.0163700e+06   3.0090332e+01
   5.0164560e+06   3.8818359e+01
   5.0169230e+06   3.4179688e+01
   5.0428710e+06   2.9541016e+01
   5.0627210e+06   3.3813477e+01
   5.0684170e+06   2.9357910e+01
   5.0879970e+06   3.2836914e+01
   5.0930600e+06   3.0151367e+01
   5.0964980e+06   3.1250000e+01
   5.0990580e+06   2.9479980e+01
   5.1003570e+06   3.8818359e+01
   5.1308050e+06   3.4667969e+01
   5.1309180e+06   3.6499023e+01
   5.1309480e+06   3.5705566e+01
   5.1309600e+06   3.2897949e+01
   5.1309760e+06   3.0395508e+01
   5.1310090e+06   3.4301758e+01
   5.1310350e+06   3.3569336e+01
   5.1310490e+06   3.0151367e+01
   5.1310820e+06   4.0161133e+01
   5.1311340e+06   3.9428711e+01
   5.1311740e+06   4.2785645e+01
   5.1311990e+06   2.9418945e+01
   5.1312760e+06   4.0588379e+01
   5.1321270e+06   2.9296875e+01
   5.1979750e+06   3.2348633e+01
   5.2052700e+06   2.9663086e+01
   5.2056670e+06   2.9724121e+01
   5.2061740e+06   4.2846680e+01
   5.2063430e+06   3.5278320e+01
   5.2078080e+06   3.0456543e+01
   5.2085210e+06   2.9541016e+01
   5.2086470e+06   8.2153320e+01
   5.2428300e+06   3.1860352e+01
   5.2741840e+06   4.3762207e+01
   5.2742030e+06   2.9663086e+01
   5.2742250e+06   6.3354492e+01
   5.2742400e+06   2.9541016e+01
   5.2742570e+06   5.4870605e+01
   5.2742970e+06   3.4118652e+01
   5.2743270e+06   4.3273926e+01
   5.2743460e+06   3.0151367e+01
   5.2743620e+06   3.0456543e+01
   5.2744010e+06   3.1616211e+01
   5.2744120e+06   3.6865234e+01
   5.2744480e+06   3.5522461e+01
   5.2745040e+06   3.5034180e+01
   5.2745860e+06   2.9174805e+01
   5.2750230e+06   4.0161133e+01
   5.2761410e+06   3.2226563e+01
   5.3687110e+06   2.9541016e+01
   5.3742710e+06   2.9541016e+01
   5.3973020e+06   2.9846191e+01
   5.4213470e+06   3.1677246e+01
   5.4259740e+06   3.0456543e+01
   5.4273210e+06   3.1372070e+01
   5.4276870e+06   3.4790039e+01
   5.4393010e+06   2.9418945e+01
   5.4393310e+06   6.6711426e+01
   5.4393550e+06   5.1574707e+01
   5.4393660e+06   5.5603027e+01
   5.4393840e+06   3.1555176e+01
   5.4395850e+06   3.8940430e+01
   5.4397810e+06   2.9602051e+01
   5.4829400e+06   5.9631348e+01
   5.5577270e+06   4.0466309e+01
   5.5577630e+06   2.9296875e+01
   5.6036930e+06   5.7434082e+01
   5.6037190e+06   4.5776367e+01
   5.6037360e+06   5.9020996e+01
   5.6037640e+06   4.1564941e+01
   5.6037920e+06   3.4301758e+01
   5.6038500e+06   5.8532715e+01
   5.6038910e+06   4.2663574e+01
   5.6039270e+06   3.2653809e+01
   5.6039620e+06   4.2358398e+01
   5.6040140e+06   3.1555176e+01
   5.6040560e+06   4.1809082e+01
   5.6040880e+06   3.2714844e+01
   5.6041020e+06   4.9743652e+01
   5.6041680e+06   2.9357910e+01
   5.6041940e+06   4.0893555e+01
   5.6042780e+06   3.2104492e+01
   5.6044250e+06   3.0578613e+01
   5.6045240e+06   2.9479980e+01
   5.6047410e+06   2.9052734e+01
   5.6065650e+06   2.9418945e+01
   5.6577860e+06   2.8991699e+01
   5.6588150e+06   3.2409668e+01
   5.7182760e+06   2.9418945e+01
   5.7194400e+06   4.0527344e+01
   5.7405300e+06   3.0395508e+01
   5.7534200e+06   3.2958984e+01
   5.7960200e+06   3.7719727e+01
   5.8029380e+06   2.9663086e+01
   5.8029650e+06   7.4218750e+01
   5.8029870e+06   4.2297363e+01
   5.8029980e+06   5.9082031e+01
   5.8030250e+06   3.8757324e+01
   5.8030510e+06   2.8991699e+01
   5.8030710e+06   2.9602051e+01
   5.8030950e+06   3.1311035e+01
   5.8031080e+06   4.4433594e+01
   5.8031330e+06   3.5766602e+01
   5.8032200e+06   3.2165527e+01
   5.8032300e+06   2.9907227e+01
   5.8033290e+06   2.9541016e+01
   5.8039400e+06   3.1311035e+01
   5.8292030e+06   3.1250000e+01
   5.8421570e+06   2.9052734e+01
   5.8638400e+06   2.9602051e+01
   5.8639520e+06   3.7597656e+01
   5.8686960e+06   2.9846191e+01
   5.8924860e+06   5.3649902e+01
   5.9079670e+06   3.1250000e+01
   5.9231090e+06   3.2104492e+01
   5.9445370e+06   3.7719727e+01
   5.9685770e+06   5.8227539e+01
   5.9686030e+06   3.6193848e+01
   5.9686230e+06   4.7729492e+01
   5.9686330e+06   3.7109375e+01
   5.9686450e+06   3.3569336e+01
   5.9686710e+06   5.8715820e+01
   5.9687070e+06   3.3813477e+01
   5.9687380e+06   3.3813477e+01
   5.9687770e+06   3.6376953e+01
   5.9688730e+06   3.2043457e+01
   5.9968510e+06   3.2531738e+01
