   5.9980000e+06   0.0000000e+00
   2.6146000e+04   6.4575195e+01
   2.6174000e+04   8.0749512e+01
   2.6217000e+04   3.4606934e+01
   2.6329000e+04   7.3791504e+01
   2.6340000e+04   4.8156738e+01
   2.6399000e+04   3.5217285e+01
   2.8037000e+04   5.8349609e+01
   2.8059000e+04   4.9011230e+01
   2.8152000e+04   4.8645020e+01
   5.1925000e+04   4.8828125e+01
   5.2021000e+04   4.9133301e+01
   5.2053000e+04   5.9509277e+01
   5.2071000e+04   5.8776855e+01
   5.2087000e+04   1.2927246e+02
   5.2113000e+04   4.3090820e+01
   5.2129000e+04   4.3334961e+01
   5.2146000e+04   1.1444092e+02
   5.2166000e+04   3.4851074e+01
   5.2198000e+04   3.7109375e+01
   5.2242000e+04   3.3142090e+01
   5.2283000e+04   4.5776367e+01
   5.2323000e+04   3.6499023e+01
   5.2389000e+04   4.8828125e+01
   5.2405000e+04   1.2890625e+02
   5.2491000e+04   3.8269043e+01
   5.2502000e+04   1.4129639e+02
   5.2545000e+04   3.6499023e+01
   5.2580000e+04   4.1564941e+01
   5.2657000e+04   1.0986328e+02
   5.2669000e+04   5.3833008e+01
   5.2778000e+04   4.8400879e+01
   5.2898000e+04   3.8757324e+01
   5.2979000e+04   3.7841797e+01
   5.3002000e+04   3.1799316e+01
   5.3171000e+04   4.4311523e+01
   5.3431000e+04   3.5583496e+01
   5.3470000e+04   4.7790527e+01
   6.3916000e+04   3.1982422e+01
   1.3231900e+05   6.5979004e+01
   1.3235800e+05   4.6936035e+01
   1.3248600e+05   5.5236816e+01
   1.6940900e+05   3.1433105e+01
   1.7062200e+05   6.2255859e+01
   2.5900400e+05   3.1616211e+01
   2.5907400e+05   4.5959473e+01
   2.5920500e+05   3.3691406e+01
   2.5922500e+05   5.5297852e+01
   2.5950300e+05   5.2795410e+01
   2.7580000e+05   5.5053711e+01
   2.7598100e+05   6.1401367e+01
   2.7607100e+05   3.2287598e+01
   2.7610400e+05   6.8786621e+01
   2.7617700e+05   6.7504883e+01
   2.7620500e+05   3.4729004e+01
   2.7624600e+05   3.1311035e+01
   2.7634800e+05   5.6640625e+01
   3.0177000e+05   5.6457520e+01
   3.0220400e+05   6.0119629e+01
   3.1999700e+05   6.5734863e+01
   3.2007900e+05   4.6691895e+01
   3.2009700e+05   4.5837402e+01
   3.2299900e+05   6.6650391e+01
   3.2305000e+05   6.2316895e+01
   3.2307700e+05   1.1895752e+02
   3.2309800e+05   3.5522461e+01
   3.2311200e+05   6.7260742e+01
   3.2313200e+05   1.1230469e+02
   3.2314400e+05   3.9184570e+01
   3.2316900e+05   4.0893555e+01
   3.2318700e+05   5.0109863e+01
   3.2321600e+05   9.6618652e+01
   3.2322700e+05   4.4006348e+01
   3.2324800e+05   3.8940430e+01
   3.2326600e+05   4.0100098e+01
   3.2331300e+05   3.2165527e+01
   3.2334700e+05   1.1206055e+02
   3.2338200e+05   4.9743652e+01
   3.2340800e+05   3.3325195e+01
   3.2345000e+05   3.8818359e+01
   3.2348000e+05   1.1889648e+02
   3.2353800e+05   3.6010742e+01
   3.2355100e+05   7.4096680e+01
   3.2362000e+05   3.2592773e+01
   3.2365200e+05   7.0800781e+01
   3.2374200e+05   1.0711670e+02
   3.2376100e+05   3.9855957e+01
   3.2385000e+05   9.6862793e+01
   3.2386200e+05   3.9855957e+01
   3.2388300e+05   4.7180176e+01
   3.2399500e+05   8.1237793e+01
   3.2401600e+05   5.2856445e+01
   3.2418400e+05   3.1799316e+01
   3.2438200e+05   3.3691406e+01
   3.2439800e+05   1.1798096e+02
   3.2441600e+05   5.2917480e+01
   3.2442900e+05   5.4382324e+01
   3.2449300e+05   4.2175293e+01
   3.2743500e+05   3.1860352e+01
   3.4666700e+05   3.1188965e+01
   4.1135700e+05   4.7424316e+01
   4.1139900e+05   7.1166992e+01
   4.1142600e+05   6.0607910e+01
   4.1148400e+05   4.8217773e+01
   4.1157800e+05   3.6621094e+01
   4.1170200e+05   4.7668457e+01
   4.1175900e+05   4.0893555e+01
   4.1208400e+05   5.4077148e+01
   4.8740400e+05   3.3752441e+01
   4.8762800e+05   3.1127930e+01
   4.8805700e+05   5.0354004e+01
   5.2613600e+05   3.1982422e+01
   5.4953200e+05   3.1250000e+01
   5.5365500e+05   7.3913574e+01
   5.7026900e+05   6.2622070e+01
   5.7031600e+05   3.0944824e+01
   5.7035100e+05   6.7871094e+01
   5.7038200e+05   1.9122314e+02
   5.7040200e+05   4.9560547e+01
   5.7043200e+05   5.6457520e+01
   5.7044500e+05   4.0832520e+01
   5.7045900e+05   4.8706055e+01
   5.7049100e+05   1.1157227e+02
   5.7053500e+05   3.5949707e+01
   5.7057400e+05   3.4057617e+01
   5.7058500e+05   4.3640137e+01
   5.7065400e+05   4.0100098e+01
   5.7071200e+05   3.6376953e+01
   5.7073300e+05   1.6180420e+02
   5.7082100e+05   4.3945313e+01
   5.7093900e+05   4.3884277e+01
   5.7102300e+05   3.6071777e+01
   5.7109900e+05   4.9682617e+01
   5.7112300e+05   3.1555176e+01
   5.7130300e+05   6.5612793e+01
   5.7148100e+05   5.4626465e+01
   5.7178100e+05   3.6682129e+01
   5.9147800e+05   5.5297852e+01
   5.9194400e+05   6.1035156e+01
   5.9198300e+05   3.9367676e+01
   5.9200500e+05   5.8471680e+01
   5.9250600e+05   5.9204102e+01
   5.9256300e+05   4.6936035e+01
   6.6254300e+05   6.6162109e+01
   6.6260400e+05   5.9936523e+01
   6.6262100e+05   7.7392578e+01
   6.6266900e+05   5.8349609e+01
   6.6269200e+05   4.1442871e+01
   6.6277400e+05   3.4484863e+01
   6.6278900e+05   6.5002441e+01
   6.6281400e+05   3.1127930e+01
   6.6284700e+05   5.7617188e+01
   6.6286600e+05   3.1372070e+01
   6.6293400e+05   3.6987305e+01
   6.6296000e+05   4.5166016e+01
   7.3493200e+05   3.1860352e+01
   7.3519900e+05   4.9316406e+01
   7.3529400e+05   4.4067383e+01
   7.3531000e+05   6.2438965e+01
   7.3646800e+05   5.2185059e+01
   7.3651700e+05   3.2043457e+01
   7.3657900e+05   5.3955078e+01
   7.3660400e+05   4.2297363e+01
   7.3664700e+05   8.4167480e+01
   7.3666500e+05   4.5715332e+01
   7.3669400e+05   1.1541748e+02
   7.3670800e+05   1.1877441e+02
   7.3673600e+05   3.1494141e+01
   7.3674600e+05   3.7597656e+01
   7.3677300e+05   1.3562012e+02
   7.3680000e+05   3.2043457e+01
   7.3681400e+05   3.2470703e+01
   7.3684100e+05   3.7048340e+01
   7.3685400e+05   3.7475586e+01
   7.3691100e+05   3.3752441e+01
   7.3693900e+05   1.3000488e+02
   7.3698500e+05   3.1921387e+01
   7.3702500e+05   3.7109375e+01
   7.3713300e+05   1.6070557e+02
   7.3723500e+05   3.5888672e+01
   7.3739400e+05   4.3945312e+01
   7.3743600e+05   3.8757324e+01
   7.3752100e+05   3.2836914e+01
   7.3775500e+05   6.1279297e+01
   7.3802800e+05   3.2226563e+01
   7.3812700e+05   3.2043457e+01
   7.3865000e+05   3.4667969e+01
   7.3880700e+05   3.1066895e+01
   7.3908100e+05   3.3203125e+01
   8.1024600e+05   5.6213379e+01
   8.1041500e+05   4.8583984e+01
   8.1051300e+05   4.2541504e+01
   8.1052500e+05   9.3505859e+01
   8.1055000e+05   3.2836914e+01
   8.1057500e+05   9.6618652e+01
   8.1060400e+05   1.4062500e+02
   8.1062800e+05   4.5776367e+01
   8.1065700e+05   3.3691406e+01
   8.1068600e+05   3.9489746e+01
   8.1078000e+05   4.7424316e+01
   8.1119900e+05   4.1809082e+01
   9.5747600e+05   3.1738281e+01
   9.5753800e+05   3.2714844e+01
   9.5763500e+05   3.2287598e+01
   9.5769600e+05   4.6875000e+01
   9.5779700e+05   4.0710449e+01
   9.5781800e+05   3.9184570e+01
   9.5787800e+05   3.2897949e+01
   9.5789500e+05   6.9885254e+01
   9.5796700e+05   3.2287598e+01
   9.5800900e+05   4.9560547e+01
   9.5808800e+05   4.8522949e+01
   1.0037290e+06   3.9062500e+01
   1.0455790e+06   3.2592773e+01
   1.0456190e+06   3.3569336e+01
   1.0456880e+06   5.5603027e+01
   1.0457000e+06   7.5927734e+01
   1.0457890e+06   5.5114746e+01
   1.0458050e+06   5.7861328e+01
   1.0458330e+06   4.1564941e+01
   1.0458730e+06   5.8044434e+01
   1.0463440e+06   4.3945313e+01
   1.0465320e+06   5.8898926e+01
   1.0724700e+06   4.0893555e+01
   1.0724820e+06   6.7199707e+01
   1.0725440e+06   3.6376953e+01
   1.0726730e+06   3.3874512e+01
   1.0727300e+06   3.1372070e+01
   1.0809830e+06   4.2419434e+01
   1.0810390e+06   7.0434570e+01
   1.0810570e+06   4.5166016e+01
   1.0810900e+06   6.8298340e+01
   1.0811190e+06   4.3457031e+01
   1.0811490e+06   4.5349121e+01
   1.0811720e+06   4.7607422e+01
   1.0812060e+06   1.0192871e+02
   1.0812320e+06   4.6203613e+01
   1.0812700e+06   4.7180176e+01
   1.0812830e+06   1.2200928e+02
   1.0813010e+06   3.4179688e+01
   1.0813670e+06   3.9611816e+01
   1.0814160e+06   3.2470703e+01
   1.0814950e+06   1.3726807e+02
   1.0815880e+06   4.3090820e+01
   1.0817100e+06   1.2286377e+02
   1.0817890e+06   5.0659180e+01
   1.0818790e+06   3.6315918e+01
   1.0819870e+06   4.6264648e+01
   1.0821240e+06   4.2907715e+01
   1.0823330e+06   5.5053711e+01
   1.0823720e+06   4.0100098e+01
   1.0831240e+06   3.3447266e+01
   1.0835620e+06   3.3813477e+01
   1.1952310e+06   3.2165527e+01
   1.2333070e+06   3.5034180e+01
   1.2334190e+06   3.2165527e+01
   1.2335120e+06   3.2531738e+01
   1.2337970e+06   4.4189453e+01
   1.2358280e+06   3.1555176e+01
   1.2360650e+06   5.5175781e+01
   1.2361340e+06   6.5612793e+01
   1.2361570e+06   1.9189453e+02
   1.2361690e+06   3.4240723e+01
   1.2361830e+06   4.2846680e+01
   1.2362180e+06   1.2054443e+02
   1.2362290e+06   3.0944824e+01
   1.2362840e+06   4.3884277e+01
   1.2362960e+06   3.4851074e+01
   1.2363140e+06   4.0222168e+01
   1.2363350e+06   4.4006348e+01
   1.2363880e+06   3.1127930e+01
   1.2364020e+06   1.5454102e+02
   1.2365020e+06   5.4809570e+01
   1.2365230e+06   3.3569336e+01
   1.2365390e+06   1.0894775e+02
   1.2366270e+06   6.4208984e+01
   1.2368280e+06   6.5307617e+01
   1.2479610e+06   3.7902832e+01
   1.3750980e+06   3.2165527e+01
   1.3751630e+06   3.2531738e+01
   1.3752320e+06   3.2470703e+01
   1.3752610e+06   4.7607422e+01
   1.3752870e+06   3.6132813e+01
   1.3753390e+06   4.6752930e+01
   1.3754270e+06   3.9550781e+01
   1.3754530e+06   5.7556152e+01
   1.3755060e+06   5.7617188e+01
   1.3755630e+06   6.1096191e+01
   1.3756010e+06   3.3996582e+01
   1.3756210e+06   5.0781250e+01
   1.3756660e+06   1.6723633e+02
   1.3756940e+06   5.6457520e+01
   1.3757910e+06   4.6447754e+01
   1.3758620e+06   6.5307617e+01
   1.3758720e+06   7.5195313e+01
   1.3759370e+06   3.1250000e+01
   1.3768820e+06   4.0466309e+01
   1.5366730e+06   3.2104492e+01
   1.5368370e+06   6.8847656e+01
   1.5369290e+06   4.4128418e+01
   1.5396720e+06   3.1799316e+01
   1.5403640e+06   3.1860352e+01
   1.6204020e+06   5.3100586e+01
   1.6204210e+06   4.6691895e+01
   1.6204510e+06   1.2927246e+02
   1.6204670e+06   4.5532227e+01
   1.6205320e+06   4.7729492e+01
   1.6205540e+06   5.6457520e+01
   1.6207170e+06   3.1799316e+01
   1.6207840e+06   3.7109375e+01
   1.6210320e+06   5.4687500e+01
   1.6210970e+06   3.1250000e+01
   1.6211430e+06   3.3874512e+01
   1.6211590e+06   4.9133301e+01
   1.6212300e+06   5.7373047e+01
   1.6212550e+06   4.4799805e+01
   1.6212850e+06   3.1250000e+01
   1.6213030e+06   5.5053711e+01
   1.6213310e+06   1.6857910e+02
   1.6213410e+06   3.3752441e+01
   1.6213690e+06   3.8879395e+01
   1.6215220e+06   3.2348633e+01
   1.6219170e+06   3.1494141e+01
   1.6558040e+06   3.1860352e+01
   1.7122090e+06   6.1950684e+01
   1.7123000e+06   3.1372070e+01
   1.7123240e+06   5.7983398e+01
   1.7124050e+06   5.0659180e+01
   1.7124150e+06   1.2841797e+02
   1.7124270e+06   6.5979004e+01
   1.7124450e+06   3.2287598e+01
   1.7124740e+06   7.3486328e+01
   1.7125010e+06   3.8208008e+01
   1.7125360e+06   4.0771484e+01
   1.7125460e+06   4.1931152e+01
   1.7125650e+06   3.1005859e+01
   1.7126240e+06   5.9509277e+01
   1.7126560e+06   3.3630371e+01
   1.7126880e+06   3.2043457e+01
   1.7127970e+06   3.5705566e+01
   1.7128100e+06   6.3110352e+01
   1.7130730e+06   4.1381836e+01
   1.7819110e+06   4.1015625e+01
   1.7820570e+06   3.3142090e+01
   1.7821130e+06   5.2978516e+01
   1.7824120e+06   3.4973145e+01
   1.7840200e+06   3.8696289e+01
   1.8103620e+06   5.0598145e+01
   1.8105130e+06   5.3283691e+01
   1.8105230e+06   3.6132813e+01
   1.8105810e+06   5.6152344e+01
   1.8105930e+06   4.8095703e+01
   1.8106190e+06   7.3852539e+01
   1.8106480e+06   2.1081543e+02
   1.8106680e+06   4.6081543e+01
   1.8106920e+06   3.1494141e+01
   1.8107250e+06   6.4453125e+01
   1.8107780e+06   4.8034668e+01
   1.8107890e+06   3.7414551e+01
   1.8108110e+06   4.3395996e+01
   1.8108890e+06   3.2348633e+01
   1.8109240e+06   3.9123535e+01
   1.8110360e+06   3.6560059e+01
   1.8110490e+06   5.0292969e+01
   1.8110980e+06   3.3508301e+01
   1.8113210e+06   5.2246094e+01
   1.8113540e+06   3.1982422e+01
   1.8114380e+06   3.3081055e+01
   1.8115630e+06   3.1311035e+01
   1.8298130e+06   6.2255859e+01
   1.8298450e+06   5.4199219e+01
   1.8298640e+06   4.9621582e+01
   1.8300330e+06   5.2001953e+01
   1.8303100e+06   6.8237305e+01
   1.8303250e+06   3.1127930e+01
   1.8306420e+06   4.0893555e+01
   1.8308220e+06   5.2185059e+01
   1.8309330e+06   4.2907715e+01
   1.8311480e+06   4.0649414e+01
   1.8314620e+06   4.2114258e+01
   1.8316830e+06   3.7963867e+01
   1.8322700e+06   3.1982422e+01
   1.8615430e+06   5.1879883e+01
   1.8616810e+06   3.4790039e+01
   1.8618060e+06   3.8452148e+01
   1.8620570e+06   5.1147461e+01
   1.8622850e+06   3.6193848e+01
   1.8624830e+06   3.8146973e+01
   1.8627760e+06   4.5898438e+01
   1.8909440e+06   4.3212891e+01
   1.8911280e+06   3.9367676e+01
   1.9448670e+06   3.2104492e+01
   1.9449040e+06   7.3181152e+01
   1.9450040e+06   3.1005859e+01
   1.9451520e+06   3.1921387e+01
   1.9813500e+06   6.5856934e+01
   1.9814020e+06   7.2570801e+01
   1.9814250e+06   4.6020508e+01
   1.9925250e+06   4.3334961e+01
   1.9926500e+06   3.1127930e+01
   1.9927530e+06   3.1372070e+01
   2.0595180e+06   6.5246582e+01
   2.0595800e+06   5.7861328e+01
   2.0595940e+06   4.7546387e+01
   2.0596100e+06   4.7485352e+01
   2.0596340e+06   4.1809082e+01
   2.0596550e+06   4.7363281e+01
   2.0597040e+06   3.6804199e+01
   2.0597170e+06   1.2322998e+02
   2.0597580e+06   4.7729492e+01
   2.0598000e+06   5.2978516e+01
   2.0599280e+06   5.8593750e+01
   2.0600140e+06   3.1555176e+01
   2.0600360e+06   3.6315918e+01
   2.0600470e+06   1.4794922e+02
   2.0601100e+06   3.6987305e+01
   2.0602270e+06   5.5297852e+01
   2.0604280e+06   6.2011719e+01
   2.0605970e+06   4.6997070e+01
   2.0606950e+06   4.8889160e+01
   2.0618700e+06   3.2775879e+01
   2.0732500e+06   3.2714844e+01
   2.0881560e+06   3.3264160e+01
   2.1650070e+06   3.1188965e+01
   2.1650300e+06   5.2490234e+01
   2.1651180e+06   7.1838379e+01
   2.1651360e+06   5.4321289e+01
   2.1651990e+06   5.7861328e+01
   2.1652840e+06   8.2702637e+01
   2.1654570e+06   6.4697266e+01
   2.2530610e+06   3.4423828e+01
   2.2533640e+06   4.1748047e+01
   2.2534520e+06   4.0039063e+01
   2.2534730e+06   3.3325195e+01
   2.2535850e+06   7.8063965e+01
   2.2536540e+06   5.0903320e+01
   2.2536640e+06   5.3894043e+01
   2.2537720e+06   5.4260254e+01
   2.2538130e+06   3.9672852e+01
   2.2538310e+06   4.8583984e+01
   2.2539540e+06   6.8481445e+01
   2.2541050e+06   4.0588379e+01
   2.2557330e+06   3.8146973e+01
   2.2558170e+06   5.1574707e+01
   2.2558600e+06   6.2072754e+01
   2.2559370e+06   5.1879883e+01
   2.2559660e+06   6.2988281e+01
   2.2560140e+06   3.8208008e+01
   2.2560430e+06   3.9672852e+01
   2.2560640e+06   7.1105957e+01
   2.2561000e+06   3.1677246e+01
   2.2561290e+06   3.2409668e+01
   2.2561430e+06   3.2592773e+01
   2.2561670e+06   3.2409668e+01
   2.2564390e+06   3.0944824e+01
   2.3100880e+06   5.7861328e+01
   2.3114930e+06   5.2124023e+01
   2.3124230e+06   3.1860352e+01
   2.3124610e+06   5.8288574e+01
   2.3128590e+06   3.1494141e+01
   2.3129280e+06   3.1738281e+01
   2.3277950e+06   3.1860352e+01
   2.3406760e+06   4.7912598e+01
   2.3410970e+06   5.0170898e+01
   2.3411820e+06   6.2805176e+01
   2.3412090e+06   6.8542480e+01
   2.3412470e+06   5.2001953e+01
   2.3412840e+06   4.6630859e+01
   2.3413290e+06   5.2734375e+01
   2.3414370e+06   3.5583496e+01
   2.3415990e+06   3.7475586e+01
   2.3417860e+06   4.3823242e+01
   2.3423180e+06   4.0466309e+01
   2.3544110e+06   3.1250000e+01
   2.3657620e+06   4.2968750e+01
   2.3658630e+06   5.5786133e+01
   2.3659170e+06   5.0781250e+01
   2.3659410e+06   7.9040527e+01
   2.3659620e+06   4.4738770e+01
   2.3659860e+06   5.2978516e+01
   2.3660140e+06   3.7231445e+01
   2.3660280e+06   4.0039063e+01
   2.3660460e+06   4.8461914e+01
   2.3660880e+06   4.5593262e+01
   2.3661140e+06   4.3151855e+01
   2.3661410e+06   4.4982910e+01
   2.3662060e+06   6.7260742e+01
   2.3662350e+06   3.0944824e+01
   2.3663160e+06   6.3720703e+01
   2.3663880e+06   3.1250000e+01
   2.3664670e+06   3.4545898e+01
   2.3665550e+06   3.0944824e+01
   2.3666110e+06   3.3935547e+01
   2.3667290e+06   4.0405273e+01
   2.3674360e+06   3.2531738e+01
   2.3869960e+06   3.1311035e+01
   2.3906420e+06   5.8532715e+01
   2.4199930e+06   4.1381836e+01
   2.4200830e+06   5.1513672e+01
   2.4201270e+06   3.9611816e+01
   2.4201400e+06   3.3081055e+01
   2.4201660e+06   4.4799805e+01
   2.4202000e+06   6.5979004e+01
   2.4202280e+06   3.5705566e+01
   2.4202560e+06   5.0048828e+01
   2.4203030e+06   5.5236816e+01
   2.4203780e+06   3.0944824e+01
   2.4206220e+06   3.5278320e+01
   2.4208550e+06   4.1503906e+01
   2.4407530e+06   5.4748535e+01
   2.4408520e+06   5.1635742e+01
   2.4409390e+06   3.6254883e+01
   2.4409590e+06   6.6589355e+01
   2.4410440e+06   4.4067383e+01
   2.4412370e+06   3.8879395e+01
   2.4414590e+06   4.2175293e+01
   2.4563090e+06   6.2316895e+01
   2.4563540e+06   3.1921387e+01
   2.4564020e+06   4.2053223e+01
   2.4564760e+06   3.7414551e+01
   2.4565060e+06   4.6813965e+01
   2.4565410e+06   4.7912598e+01
   2.4565950e+06   4.0100098e+01
   2.4566210e+06   6.4575195e+01
   2.4566360e+06   3.6254883e+01
   2.4752600e+06   5.5664063e+01
   2.4753720e+06   4.8034668e+01
   2.4889330e+06   5.1818848e+01
   2.5009020e+06   4.0527344e+01
   2.5010080e+06   3.9978027e+01
   2.5012550e+06   4.1748047e+01
   2.5228910e+06   4.1503906e+01
   2.5229070e+06   3.2348633e+01
   2.5229840e+06   3.1616211e+01
   2.5230210e+06   3.3935547e+01
   2.5230360e+06   5.5541992e+01
   2.5230790e+06   4.3090820e+01
   2.5231000e+06   5.9936523e+01
   2.5231730e+06   6.5368652e+01
   2.5232010e+06   4.3884277e+01
   2.5233840e+06   3.1127930e+01
   2.5236410e+06   4.2541504e+01
   2.5252280e+06   3.3264160e+01
   2.5381630e+06   5.8166504e+01
   2.5382680e+06   4.6997070e+01
   2.5382940e+06   3.2653809e+01
   2.5383350e+06   8.8928223e+01
   2.5383620e+06   3.4179688e+01
   2.5383990e+06   6.2744141e+01
   2.5384440e+06   3.2165527e+01
   2.6351500e+06   3.1127930e+01
   2.6590240e+06   4.3334961e+01
   2.6590670e+06   3.4667969e+01
   2.6590810e+06   4.0344238e+01
   2.6590920e+06   8.6242676e+01
   2.6591200e+06   1.2988281e+02
   2.6591460e+06   5.2978516e+01
   2.6591670e+06   5.7678223e+01
   2.6591840e+06   4.3151855e+01
   2.6592210e+06   3.8085938e+01
   2.6592410e+06   1.4862061e+02
   2.6592590e+06   3.5095215e+01
   2.6592790e+06   3.3020020e+01
   2.6593090e+06   5.3833008e+01
   2.6593410e+06   3.6071777e+01
   2.6593770e+06   3.1250000e+01
   2.6594070e+06   3.1860352e+01
   2.6594330e+06   1.4910889e+02
   2.6594650e+06   3.5400391e+01
   2.6595120e+06   4.8339844e+01
   2.6595490e+06   4.4311523e+01
   2.6596340e+06   4.0771484e+01
   2.6596590e+06   1.6119385e+02
   2.6597130e+06   3.1921387e+01
   2.6598130e+06   3.7963867e+01
   2.6598980e+06   4.5898437e+01
   2.6600510e+06   4.8339844e+01
   2.6600670e+06   3.6743164e+01
   2.6602910e+06   4.8461914e+01
   2.6886710e+06   3.3447266e+01
   2.7197120e+06   5.4870605e+01
   2.7198300e+06   6.0791016e+01
   2.7472110e+06   3.9733887e+01
   2.7473110e+06   3.8452148e+01
   2.7974470e+06   3.4484863e+01
   2.8488590e+06   5.1757813e+01
   2.8488880e+06   6.5063477e+01
   2.8491400e+06   5.1391602e+01
   2.8492950e+06   5.2734375e+01
   2.8494430e+06   5.0231934e+01
   2.8494920e+06   3.8818359e+01
   2.8495210e+06   4.9255371e+01
   2.8495500e+06   4.7363281e+01
   2.8495830e+06   4.7546387e+01
   2.8495950e+06   7.5500488e+01
   2.8496200e+06   5.2246094e+01
   2.8496510e+06   4.8645020e+01
   2.8496770e+06   1.3916016e+02
   2.8497170e+06   3.4118652e+01
   2.8498180e+06   5.4382324e+01
   2.8510210e+06   3.1921387e+01
   2.9434990e+06   3.1372070e+01
   2.9436960e+06   3.1127930e+01
   2.9439660e+06   3.1921387e+01
   3.0190730e+06   4.9682617e+01
   3.0227850e+06   3.6682129e+01
   3.0228300e+06   4.5715332e+01
   3.0229290e+06   3.2348633e+01
   3.0229730e+06   3.1799316e+01
   3.0230280e+06   5.6579590e+01
   3.0230840e+06   5.8349609e+01
   3.0231940e+06   4.4738770e+01
   3.0232310e+06   7.3486328e+01
   3.0232700e+06   4.9926758e+01
   3.0233090e+06   3.2897949e+01
   3.0233550e+06   4.7424316e+01
   3.0235150e+06   5.6945801e+01
   3.0235370e+06   3.9001465e+01
   3.0236250e+06   5.8959961e+01
   3.0238220e+06   3.3081055e+01
   3.0238670e+06   4.3090820e+01
   3.0239800e+06   3.9306641e+01
   3.0240190e+06   3.3874512e+01
   3.0240720e+06   3.9489746e+01
   3.0240830e+06   3.9184570e+01
   3.0241240e+06   4.5227051e+01
   3.0243220e+06   3.3569336e+01
   3.0245140e+06   3.1372070e+01
   3.0247440e+06   3.2714844e+01
   3.1681360e+06   7.4035645e+01
   3.1681490e+06   3.4301758e+01
   3.1682530e+06   5.3833008e+01
   3.1682890e+06   4.7790527e+01
   3.1684270e+06   3.4973145e+01
   3.1684930e+06   5.4626465e+01
   3.1685310e+06   4.2663574e+01
   3.1686240e+06   3.6010742e+01
   3.1704030e+06   4.6508789e+01
   3.1705930e+06   5.1147461e+01
   3.1706800e+06   3.9428711e+01
   3.1707390e+06   3.9794922e+01
   3.1707610e+06   4.1748047e+01
   3.1707810e+06   6.9152832e+01
   3.1708410e+06   4.3823242e+01
   3.1708740e+06   6.3049316e+01
   3.2144750e+06   5.7617188e+01
   3.2146410e+06   5.7067871e+01
   3.3114960e+06   5.8898926e+01
   3.3230850e+06   5.2490234e+01
   3.3474860e+06   3.2348633e+01
   3.3475150e+06   5.1025391e+01
   3.3475770e+06   3.8696289e+01
   3.3476040e+06   8.4960938e+01
   3.3476360e+06   1.8115234e+02
   3.3476500e+06   6.1645508e+01
   3.3476810e+06   5.0659180e+01
   3.3477140e+06   3.5705566e+01
   3.3477360e+06   1.1517334e+02
   3.3477510e+06   4.5104980e+01
   3.3477730e+06   3.7353516e+01
   3.3478020e+06   4.0832520e+01
   3.3478320e+06   4.4311523e+01
   3.3479050e+06   1.6149902e+02
   3.3479370e+06   3.6315918e+01
   3.3479700e+06   3.3691406e+01
   3.3480000e+06   3.8330078e+01
   3.3480300e+06   3.2592773e+01
   3.3480960e+06   4.0283203e+01
   3.3481070e+06   1.2097168e+02
   3.3481550e+06   3.1250000e+01
   3.3482010e+06   4.0527344e+01
   3.3483040e+06   5.2917480e+01
   3.3484270e+06   4.8522949e+01
   3.3486080e+06   7.2326660e+01
   3.3487900e+06   4.4067383e+01
   3.4830140e+06   5.3833008e+01
   3.4831270e+06   4.7607422e+01
   3.4831630e+06   3.3020020e+01
   3.4831920e+06   7.6354980e+01
   3.4832200e+06   1.7211914e+02
   3.4832330e+06   5.5969238e+01
   3.4832590e+06   5.0109863e+01
   3.4833000e+06   1.3793945e+02
   3.4833250e+06   3.4484863e+01
   3.4833400e+06   3.5522461e+01
   3.4833680e+06   7.0129395e+01
   3.4834820e+06   5.4565430e+01
   3.4834970e+06   1.6119385e+02
   3.4835450e+06   3.9489746e+01
   3.4835780e+06   3.9794922e+01
   3.4836610e+06   3.2226563e+01
   3.4836950e+06   4.2541504e+01
   3.4837130e+06   5.4016113e+01
   3.4839360e+06   4.4372559e+01
   3.5239640e+06   4.5471191e+01
   3.5252540e+06   3.2043457e+01
   3.5589760e+06   3.3325195e+01
   3.5939130e+06   3.2226563e+01
   3.5939690e+06   5.9692383e+01
   3.5941650e+06   5.5541992e+01
   3.5941870e+06   3.3264160e+01
   3.5942280e+06   3.7170410e+01
   3.5942580e+06   5.7250977e+01
   3.5942800e+06   3.9062500e+01
   3.5942920e+06   5.4260254e+01
   3.5943060e+06   1.6247559e+02
   3.5943200e+06   4.5654297e+01
   3.5943410e+06   3.8085938e+01
   3.5943660e+06   3.3996582e+01
   3.5943810e+06   4.8156738e+01
   3.5944310e+06   6.0546875e+01
   3.5945300e+06   7.0251465e+01
   3.5946560e+06   4.0954590e+01
   3.5947080e+06   6.2744141e+01
   3.5947680e+06   3.3020020e+01
   3.5947920e+06   3.3569336e+01
   3.5949210e+06   3.1311035e+01
   3.5949710e+06   5.5664063e+01
   3.5950450e+06   3.1372070e+01
   3.5950690e+06   3.2470703e+01
   3.5952010e+06   5.9020996e+01
   3.5953500e+06   3.3020020e+01
   3.5954600e+06   4.4433594e+01
   3.5964660e+06   3.3691406e+01
   3.6135120e+06   4.5166016e+01
   3.6318170e+06   3.1311035e+01
   3.6763910e+06   5.0170898e+01
   3.6764740e+06   3.6254883e+01
   3.6765000e+06   3.2165527e+01
   3.6765160e+06   4.8278809e+01
   3.6765370e+06   3.2165527e+01
   3.6765580e+06   4.4189453e+01
   3.6765700e+06   1.6735840e+02
   3.6766130e+06   3.5766602e+01
   3.6766500e+06   4.3518066e+01
   3.6766760e+06   5.5480957e+01
   3.6767280e+06   3.4240723e+01
   3.6767500e+06   3.1250000e+01
   3.6767660e+06   3.4667969e+01
   3.6767960e+06   3.2043457e+01
   3.6768420e+06   6.4697266e+01
   3.6768920e+06   1.6149902e+02
   3.6769400e+06   7.0190430e+01
   3.6770940e+06   3.1494141e+01
   3.6773540e+06   4.1442871e+01
   3.7148840e+06   3.1127930e+01
   3.7228780e+06   5.8227539e+01
   3.7229750e+06   5.0842285e+01
   3.7229940e+06   5.2734375e+01
   3.7230370e+06   7.5256348e+01
   3.7230570e+06   5.3771973e+01
   3.7230930e+06   3.3752441e+01
   3.7231990e+06   3.1982422e+01
   3.7233780e+06   3.3508301e+01
   3.7236380e+06   3.5766602e+01
   3.7256110e+06   3.1799316e+01
   3.7364390e+06   5.5541992e+01
   3.7786520e+06   4.2236328e+01
   3.7789440e+06   3.2043457e+01
   3.7903350e+06   4.0771484e+01
   3.7904350e+06   5.5541992e+01
   3.7904870e+06   7.5988770e+01
   3.7905050e+06   4.5959473e+01
   3.7905190e+06   5.9631348e+01
   3.7905510e+06   1.8408203e+02
   3.7905650e+06   3.5644531e+01
   3.7906020e+06   3.1982422e+01
   3.7906160e+06   4.9987793e+01
   3.7907340e+06   6.5124512e+01
   3.7908570e+06   3.1799316e+01
   3.7919210e+06   3.4362793e+01
   3.8073920e+06   5.4016113e+01
   3.8933420e+06   4.5837402e+01
   3.8934590e+06   6.2255859e+01
   3.8935200e+06   4.2297363e+01
   3.8935410e+06   7.8430176e+01
   3.8935570e+06   3.7719727e+01
   3.8935790e+06   1.5802002e+02
   3.8936120e+06   4.7302246e+01
   3.8936490e+06   6.3293457e+01
   3.8936620e+06   4.9987793e+01
   3.8937240e+06   3.2287598e+01
   3.8937410e+06   4.4616699e+01
   3.8937690e+06   4.3090820e+01
   3.8938410e+06   3.7231445e+01
   3.8938900e+06   6.4575195e+01
   3.8940090e+06   4.8706055e+01
   3.8940390e+06   6.2927246e+01
   3.8940750e+06   3.1494141e+01
   3.8941800e+06   3.3142090e+01
   3.8942950e+06   3.1494141e+01
   3.8943210e+06   6.8115234e+01
   3.8945470e+06   3.1677246e+01
   3.8952620e+06   3.2226563e+01
   3.9625250e+06   3.5583496e+01
   3.9625420e+06   6.9396973e+01
   3.9697370e+06   4.4067383e+01
   3.9698930e+06   4.5654297e+01
   3.9699920e+06   4.9682617e+01
   3.9700660e+06   4.0344238e+01
   3.9701290e+06   4.2968750e+01
   3.9706970e+06   3.3264160e+01
   3.9708210e+06   3.3813477e+01
   3.9708620e+06   4.0588379e+01
   3.9708810e+06   3.1982422e+01
   3.9709450e+06   5.2246094e+01
   3.9709830e+06   3.4301758e+01
   3.9709960e+06   4.3090820e+01
   3.9710530e+06   5.0109863e+01
   3.9710770e+06   5.2490234e+01
   3.9711740e+06   5.0903320e+01
   3.9712060e+06   7.4035645e+01
   3.9713160e+06   4.0405273e+01
   3.9920900e+06   4.8095703e+01
   3.9922190e+06   6.1523438e+01
   3.9923150e+06   3.1616211e+01
   3.9923420e+06   4.2541504e+01
   3.9923980e+06   3.1677246e+01
   3.9931490e+06   3.1188965e+01
   4.0529440e+06   5.4748535e+01
   4.0546440e+06   3.3264160e+01
   4.1222680e+06   3.2531738e+01
   4.1223930e+06   3.2531738e+01
   4.1224450e+06   3.9367676e+01
   4.1226240e+06   4.7973633e+01
   4.1227340e+06   3.8879395e+01
   4.1227590e+06   4.0710449e+01
   4.1245100e+06   3.2165527e+01
   4.1245360e+06   5.4565430e+01
   4.1245810e+06   1.7016602e+02
   4.1246230e+06   5.7617188e+01
   4.1246790e+06   3.3081055e+01
   4.1247210e+06   3.3264160e+01
   4.1249170e+06   4.2846680e+01
   4.1250220e+06   4.9194336e+01
   4.1250960e+06   3.9672852e+01
   4.1251210e+06   5.5603027e+01
   4.1251560e+06   6.6711426e+01
   4.1251940e+06   3.6743164e+01
   4.1252040e+06   5.3161621e+01
   4.1253220e+06   3.1982422e+01
   4.1953350e+06   7.4157715e+01
   4.2150450e+06   6.0424805e+01
   4.2150670e+06   3.4118652e+01
   4.2152220e+06   5.4138184e+01
   4.2155670e+06   3.4057617e+01
   4.2160040e+06   3.5522461e+01
   4.2881260e+06   3.3813477e+01
   4.2883450e+06   6.4758301e+01
   4.2884250e+06   6.8420410e+01
   4.2884390e+06   4.3884277e+01
   4.2884570e+06   3.2653809e+01
   4.2884850e+06   8.0200195e+01
   4.2884960e+06   5.7800293e+01
   4.2885340e+06   4.1381836e+01
   4.2885470e+06   5.1940918e+01
   4.2885870e+06   4.4982910e+01
   4.2886250e+06   5.3955078e+01
   4.2886600e+06   5.6945801e+01
   4.2887780e+06   4.1015625e+01
   4.2890530e+06   4.9133301e+01
   4.2891460e+06   3.6926270e+01
   4.2892060e+06   3.9123535e+01
   4.3807820e+06   6.7077637e+01
   4.3808360e+06   5.5358887e+01
   4.3808650e+06   3.8940430e+01
   4.3808860e+06   3.9123535e+01
   4.3809060e+06   1.6809082e+02
   4.3809300e+06   6.7138672e+01
   4.3809420e+06   4.1320801e+01
   4.3809730e+06   3.9672852e+01
   4.3810250e+06   6.4025879e+01
   4.3810440e+06   3.3020020e+01
   4.3810830e+06   3.7963867e+01
   4.3811040e+06   3.3813477e+01
   4.3811160e+06   3.8024902e+01
   4.3812190e+06   5.8654785e+01
   4.3812490e+06   3.3691406e+01
   4.3814290e+06   3.1494141e+01
   4.3814400e+06   3.2043457e+01
   4.3886620e+06   3.2043457e+01
   4.3893180e+06   3.6376953e+01
   4.4566690e+06   3.1372070e+01
   4.4806530e+06   3.6804199e+01
   4.4810900e+06   3.7841797e+01
   4.4811080e+06   1.6638184e+02
   4.4811570e+06   4.1809082e+01
   4.5143430e+06   6.3293457e+01
   4.5144410e+06   3.4484863e+01
   4.5146190e+06   3.4423828e+01
   4.5149810e+06   3.1250000e+01
   4.5174750e+06   5.8471680e+01
   4.5175590e+06   4.4982910e+01
   4.5175820e+06   6.4636230e+01
   4.5176040e+06   1.6198730e+02
   4.5176320e+06   1.0260010e+02
   4.5176590e+06   1.3946533e+02
   4.5176780e+06   4.0832520e+01
   4.5176990e+06   3.9001465e+01
   4.5177190e+06   9.5214844e+01
   4.5177520e+06   3.3935547e+01
   4.5178230e+06   1.3201904e+02
   4.5178770e+06   3.3142090e+01
   4.5179050e+06   3.5034180e+01
   4.5179170e+06   1.1529541e+02
   4.5179440e+06   4.0710449e+01
   4.5180320e+06   1.1907959e+02
   4.5180510e+06   4.7668457e+01
   4.5182770e+06   1.3128662e+02
   4.5188090e+06   3.3020020e+01
   4.5189670e+06   3.7536621e+01
   4.5191010e+06   3.8696289e+01
   4.5207470e+06   3.1433105e+01
   4.5505350e+06   3.1677246e+01
   4.5785300e+06   3.3630371e+01
   4.6133590e+06   3.2714844e+01
   4.6580850e+06   3.6621094e+01
   4.6581640e+06   3.3874512e+01
   4.7140900e+06   3.8146973e+01
   4.7143130e+06   6.6467285e+01
   4.7143840e+06   3.6926270e+01
   4.7144900e+06   3.2409668e+01
   4.7209180e+06   5.5969238e+01
   4.7210290e+06   5.9204102e+01
   4.7210560e+06   5.3283691e+01
   4.7210910e+06   3.3264160e+01
   4.7211250e+06   6.0485840e+01
   4.7211530e+06   1.3476563e+02
   4.7211710e+06   4.1198730e+01
   4.7213150e+06   3.5461426e+01
   4.7215640e+06   4.2358398e+01
   4.7833500e+06   5.5725098e+01
   4.7833960e+06   3.5217285e+01
   4.7834230e+06   8.5083008e+01
   4.7834380e+06   3.6010742e+01
   4.7834690e+06   1.3354492e+02
   4.7834810e+06   4.3518066e+01
   4.7835060e+06   4.2663574e+01
   4.7835850e+06   4.1687012e+01
   4.7837160e+06   4.1809082e+01
   4.7838430e+06   3.2775879e+01
   4.7840010e+06   3.1127930e+01
   4.7842580e+06   3.4912109e+01
   4.8230710e+06   5.1635742e+01
   4.8297110e+06   3.2592773e+01
   4.8304300e+06   3.1921387e+01
   4.8644840e+06   3.1127930e+01
   4.8645600e+06   5.5786133e+01
   4.8646080e+06   3.5766602e+01
   4.8646640e+06   6.7321777e+01
   4.8647140e+06   5.5358887e+01
   4.8647600e+06   3.2592773e+01
   4.8647720e+06   4.4555664e+01
   4.8647930e+06   3.7597656e+01
   4.8648750e+06   4.6508789e+01
   4.8649020e+06   4.3945313e+01
   4.8651310e+06   3.6071777e+01
   4.8653220e+06   4.8522949e+01
   4.8653810e+06   3.8696289e+01
   4.8654160e+06   4.2053223e+01
   4.8660390e+06   4.3762207e+01
   4.8660830e+06   1.2316895e+02
   4.8662080e+06   3.6010742e+01
   4.8663520e+06   5.4016113e+01
   4.8664100e+06   4.6203613e+01
   4.8664910e+06   3.2836914e+01
   4.8666000e+06   3.8269043e+01
   4.8667450e+06   4.2602539e+01
   4.8668640e+06   3.2958984e+01
   5.0161490e+06   4.5471191e+01
   5.0162040e+06   3.9062500e+01
   5.0162460e+06   4.8889160e+01
   5.0162770e+06   6.3598633e+01
   5.0163210e+06   4.0466309e+01
   5.0163430e+06   9.7595215e+01
   5.0163550e+06   4.2419434e+01
   5.0163700e+06   3.2409668e+01
   5.0163840e+06   4.1442871e+01
   5.0164150e+06   4.1381836e+01
   5.0164300e+06   4.0466309e+01
   5.0165030e+06   3.7841797e+01
   5.0165370e+06   3.3386230e+01
   5.0170090e+06   3.2897949e+01
   5.0172240e+06   3.1677246e+01
   5.1307200e+06   5.8959961e+01
   5.1308240e+06   7.1472168e+01
   5.1309040e+06   5.7250977e+01
   5.1309260e+06   7.0495605e+01
   5.1309570e+06   4.4677734e+01
   5.1309680e+06   4.4250488e+01
   5.1309940e+06   3.8574219e+01
   5.1310040e+06   1.9128418e+02
   5.1310320e+06   4.1992188e+01
   5.1310980e+06   3.5644531e+01
   5.1311830e+06   3.9611816e+01
   5.1316190e+06   3.2348633e+01
   5.2076900e+06   3.5034180e+01
   5.2080690e+06   3.7048340e+01
   5.2085390e+06   4.5043945e+01
   5.2717120e+06   7.0983887e+01
   5.2718140e+06   4.7729492e+01
   5.2718370e+06   6.7382813e+01
   5.2718920e+06   5.4016113e+01
   5.2719150e+06   5.6274414e+01
   5.2719840e+06   3.1433105e+01
   5.2720600e+06   3.4362793e+01
   5.2721730e+06   5.5969238e+01
   5.2741080e+06   5.8837891e+01
   5.2741860e+06   7.0861816e+01
   5.2741970e+06   5.6213379e+01
   5.2742100e+06   4.5959473e+01
   5.2742350e+06   4.4006348e+01
   5.2742620e+06   5.8898926e+01
   5.2742990e+06   1.5783691e+02
   5.2743230e+06   3.8574219e+01
   5.2743940e+06   1.0357666e+02
   5.2744080e+06   4.5410156e+01
   5.2744470e+06   3.2653809e+01
   5.2745060e+06   3.5156250e+01
   5.2745170e+06   3.4667969e+01
   5.2748170e+06   3.1616211e+01
   5.3206840e+06   3.1372070e+01
   5.4273580e+06   3.9978027e+01
   5.4273950e+06   5.8227539e+01
   5.4274310e+06   5.7739258e+01
   5.4274710e+06   4.7302246e+01
   5.4275030e+06   4.3212891e+01
   5.4275260e+06   4.4494629e+01
   5.4275860e+06   3.2470703e+01
   5.4277040e+06   4.6752930e+01
   5.4277150e+06   3.8513184e+01
   5.4277410e+06   4.6936035e+01
   5.4277980e+06   3.5705566e+01
   5.4278670e+06   3.2226563e+01
   5.4279140e+06   4.4006348e+01
   5.4392210e+06   5.7556152e+01
   5.4393110e+06   5.0109863e+01
   5.4393340e+06   7.7819824e+01
   5.4393500e+06   6.6650391e+01
   5.4393850e+06   1.6931152e+02
   5.4393990e+06   6.8237305e+01
   5.4394240e+06   4.1076660e+01
   5.4395390e+06   3.2104492e+01
   5.4402500e+06   3.8879395e+01
   5.5575910e+06   3.3081055e+01
   5.5577110e+06   3.3020020e+01
   5.5585180e+06   3.1127930e+01
   5.6036340e+06   5.5419922e+01
   5.6036910e+06   8.3923340e+01
   5.6037040e+06   7.1350098e+01
   5.6037340e+06   4.0405273e+01
   5.6037490e+06   6.6162109e+01
   5.6037600e+06   4.5166016e+01
   5.6037890e+06   4.9499512e+01
   5.6038200e+06   4.2236328e+01
   5.6038540e+06   3.5705566e+01
   5.6038790e+06   1.2646484e+02
   5.6039530e+06   3.8452148e+01
   5.6040720e+06   3.5644531e+01
   5.6041010e+06   1.4483643e+02
   5.6041940e+06   4.0710449e+01
   5.6042250e+06   5.6701660e+01
   5.6042450e+06   3.4118652e+01
   5.6043170e+06   3.2897949e+01
   5.6043700e+06   4.1687012e+01
   5.6044160e+06   1.3696289e+02
   5.8028700e+06   5.1757813e+01
   5.8029590e+06   5.4626465e+01
   5.8029730e+06   3.7109375e+01
   5.8030000e+06   3.4912109e+01
   5.8030290e+06   5.1269531e+01
   5.8030440e+06   1.6479492e+02
   5.8030800e+06   4.8278809e+01
   5.8030950e+06   3.7536621e+01
   5.8031100e+06   3.9611816e+01
   5.8031270e+06   4.1992188e+01
   5.8031410e+06   3.6987305e+01
   5.8031600e+06   3.3813477e+01
   5.8031910e+06   5.1696777e+01
   5.8033200e+06   3.8757324e+01
   5.8033330e+06   3.6132813e+01
   5.8034630e+06   3.1677246e+01
   5.8034890e+06   4.8217773e+01
   5.8036290e+06   3.6621094e+01
   5.8036620e+06   3.3386230e+01
   5.8038490e+06   3.7475586e+01
   5.8041760e+06   4.7912598e+01
   5.8638480e+06   3.1738281e+01
   5.8641430e+06   3.8574219e+01
   5.8673060e+06   3.2958984e+01
   5.9140590e+06   3.6315918e+01
   5.9684870e+06   4.6875000e+01
   5.9685900e+06   1.1724854e+02
   5.9686040e+06   3.4912109e+01
   5.9686200e+06   4.6936035e+01
   5.9686520e+06   6.9091797e+01
   5.9686680e+06   5.4565430e+01
   5.9687250e+06   6.2072754e+01
   5.9687620e+06   5.3955078e+01
   5.9688140e+06   3.8452148e+01
   5.9689200e+06   4.7912598e+01
   5.9690370e+06   3.2043457e+01
   5.9691310e+06   3.2409668e+01
   5.9692540e+06   4.3884277e+01
   5.9693100e+06   4.6020508e+01
   5.9694520e+06   3.6437988e+01
   5.9696280e+06   5.0598145e+01
   5.9696500e+06   3.6621094e+01
   5.9697460e+06   3.8146973e+01
   5.9699680e+06   5.1757813e+01
