   2.9990000e+06   0.0000000e+00
   1.0400000e+03   2.0088501e+03
   1.0610000e+03   7.6904297e+01
   1.0880000e+03   4.5654297e+01
   1.1110000e+03   4.8400879e+01
   1.1720000e+03   4.5959473e+01
   1.2200000e+03   5.8410645e+01
   4.4973000e+04   3.3142090e+01
   4.5842000e+04   3.5888672e+01
   4.5890000e+04   9.6313477e+01
   4.5945000e+04   4.4494629e+01
   4.5970000e+04   4.3395996e+01
   4.5986000e+04   7.2021484e+01
   4.6053000e+04   3.5339355e+01
   4.6066000e+04   7.2692871e+01
   4.6146000e+04   4.4738770e+01
   4.6200000e+04   4.0100098e+01
   5.1056000e+04   3.9999390e+03
   5.1075000e+04   9.3017578e+01
   5.1104000e+04   3.3935547e+01
   5.1121000e+04   5.2185059e+01
   5.1175000e+04   3.5827637e+01
   7.4754000e+04   3.6682129e+01
   7.6597000e+04   3.4179688e+01
   1.0106800e+05   2.0117188e+03
   1.0108800e+05   7.8430176e+01
   1.0111200e+05   4.4067383e+01
   1.0113700e+05   8.0993652e+01
   1.0116200e+05   4.6081543e+01
   1.0118500e+05   3.5888672e+01
   1.0121200e+05   1.0961914e+02
   1.0123000e+05   4.5471191e+01
   1.0126100e+05   4.1748047e+01
   1.0130400e+05   3.3142090e+01
   1.0136500e+05   3.5827637e+01
   1.0139500e+05   4.6264648e+01
   1.0144600e+05   3.7292480e+01
   1.0152900e+05   3.9367676e+01
   1.0154600e+05   6.4819336e+01
   1.0156600e+05   4.4006348e+01
   1.0164000e+05   3.3874512e+01
   1.0167200e+05   3.7902832e+01
   1.0169400e+05   3.8757324e+01
   1.0173200e+05   3.6437988e+01
   1.0177200e+05   3.3142090e+01
   1.0178600e+05   3.3081055e+01
   1.0181900e+05   3.5766602e+01
   1.0184400e+05   3.3142090e+01
   1.0186300e+05   3.2958984e+01
   1.0203600e+05   3.7292480e+01
   1.0209300e+05   4.9743652e+01
   1.2899700e+05   7.7575684e+01
   1.2902700e+05   7.1838379e+01
   1.2906400e+05   4.7546387e+01
   1.2909100e+05   3.7902832e+01
   1.2913900e+05   4.8950195e+01
   1.2918300e+05   3.4057617e+01
   1.2921500e+05   3.3935547e+01
   1.2926300e+05   6.3171387e+01
   1.2929600e+05   3.3325195e+01
   1.2936800e+05   3.6010742e+01
   1.2949200e+05   4.7180176e+01
   1.2953700e+05   3.8024902e+01
   1.2966300e+05   3.3142090e+01
   1.4739900e+05   6.3171387e+01
   1.4742500e+05   5.6396484e+01
   1.4745000e+05   5.0537109e+01
   1.4748500e+05   6.3537598e+01
   1.4752100e+05   3.3752441e+01
   1.4758500e+05   7.4890137e+01
   1.4760400e+05   5.1513672e+01
   1.4763000e+05   3.5705566e+01
   1.4764600e+05   4.6813965e+01
   1.4766600e+05   4.3334961e+01
   1.5108200e+05   2.0095215e+03
   1.5110300e+05   8.7341309e+01
   1.5113100e+05   3.7292480e+01
   1.5115200e+05   6.0180664e+01
   1.5119500e+05   4.0344238e+01
   1.5122500e+05   3.7231445e+01
   1.6452100e+05   3.6621094e+01
   1.6455400e+05   5.8410645e+01
   1.6458700e+05   5.5541992e+01
   1.6461300e+05   4.0954590e+01
   1.6463100e+05   7.1228027e+01
   1.6466600e+05   3.9367676e+01
   1.6469700e+05   3.7353516e+01
   1.6476800e+05   4.3884277e+01
   1.6482200e+05   4.5715332e+01
   1.6496800e+05   3.9855957e+01
   1.7509600e+05   3.6254883e+01
   1.7512200e+05   4.4067383e+01
   1.7515400e+05   7.0251465e+01
   1.7517000e+05   4.5166016e+01
   1.7520700e+05   3.3081055e+01
   1.7533600e+05   4.7973633e+01
   1.7535700e+05   6.2500000e+01
   1.9399400e+05   3.5461426e+01
   1.9400700e+05   3.9184570e+01
   2.0109800e+05   3.9999390e+03
   2.0111700e+05   8.1970215e+01
   2.0114400e+05   4.3151855e+01
   2.0115600e+05   4.1931152e+01
   2.0116700e+05   5.2734375e+01
   2.0119000e+05   5.7861328e+01
   2.0121200e+05   4.8522949e+01
   2.0122200e+05   3.5034180e+01
   2.0125300e+05   4.1137695e+01
   2.0133700e+05   5.4016113e+01
   2.0139200e+05   4.4372559e+01
   2.0140300e+05   6.3781738e+01
   2.0167200e+05   4.1442871e+01
   2.0173300e+05   3.5400391e+01
   2.0175300e+05   6.4453125e+01
   2.0180000e+05   3.7963867e+01
   2.0192900e+05   3.5705566e+01
   2.1514200e+05   7.7453613e+01
   2.1524900e+05   5.5725098e+01
   2.2796200e+05   4.3457031e+01
   2.2799100e+05   7.8674316e+01
   2.2800500e+05   3.4179688e+01
   2.2805200e+05   5.6152344e+01
   2.2806500e+05   5.6640625e+01
   2.2807600e+05   3.3264160e+01
   2.2814800e+05   5.6335449e+01
   2.2820300e+05   3.6682129e+01
   2.2824300e+05   5.0354004e+01
   2.2831600e+05   3.3630371e+01
   2.2837300e+05   3.3142090e+01
   2.4667200e+05   5.2856445e+01
   2.4668500e+05   6.4880371e+01
   2.4672700e+05   3.4851074e+01
   2.4675000e+05   4.4067383e+01
   2.4681700e+05   3.6437988e+01
   2.4687700e+05   3.5827637e+01
   2.4688900e+05   3.9733887e+01
   2.4692300e+05   5.0292969e+01
   2.4701600e+05   4.4189453e+01
   2.5111200e+05   3.9999390e+03
   2.5113100e+05   8.5327148e+01
   2.5115600e+05   5.0170898e+01
   2.5116900e+05   4.2724609e+01
   2.5119100e+05   4.1931152e+01
   2.5121700e+05   3.5766602e+01
   2.5125300e+05   3.8330078e+01
   2.5700900e+05   5.2978516e+01
   2.5725900e+05   3.6560059e+01
   2.7839700e+05   4.2297363e+01
   2.7841200e+05   3.9611816e+01
   2.7843600e+05   5.7617187e+01
   2.7847900e+05   3.9062500e+01
   2.7851200e+05   4.4067383e+01
   2.7852500e+05   7.1777344e+01
   2.7863100e+05   4.0100098e+01
   2.7867600e+05   4.8461914e+01
   2.8806900e+05   4.3273926e+01
   3.0112400e+05   2.0065308e+03
   3.0114500e+05   8.4350586e+01
   3.0117200e+05   5.0292969e+01
   3.0119900e+05   5.1330566e+01
   3.0121000e+05   4.3395996e+01
   3.0124900e+05   5.2368164e+01
   3.0126100e+05   3.8818359e+01
   3.0130900e+05   5.5786133e+01
   3.0132900e+05   4.7668457e+01
   3.0188700e+05   3.9367676e+01
   3.0256300e+05   3.3752441e+01
   3.0900400e+05   3.3142090e+01
   3.0914600e+05   7.9101563e+01
   3.0924700e+05   6.6955566e+01
   3.0931800e+05   3.4423828e+01
   3.3986500e+05   3.4606934e+01
   3.5114000e+05   3.9999390e+03
   3.5115800e+05   7.9040527e+01
   3.5118500e+05   5.1574707e+01
   3.5119800e+05   4.4372559e+01
   3.5122800e+05   5.7373047e+01
   3.5125000e+05   5.0537109e+01
   3.5130400e+05   4.9438477e+01
   3.5134700e+05   3.8269043e+01
   3.5143400e+05   3.4423828e+01
   3.9249900e+05   3.5217285e+01
   4.0010900e+05   3.6193848e+01
   4.0115200e+05   2.0084229e+03
   4.0117200e+05   8.1237793e+01
   4.0119800e+05   4.0893555e+01
   4.0122600e+05   8.8439941e+01
   4.0125600e+05   4.0527344e+01
   4.0128800e+05   5.2124023e+01
   4.0133800e+05   5.2307129e+01
   4.0140400e+05   3.5461426e+01
   4.0175600e+05   3.3325195e+01
   4.5116800e+05   3.9999390e+03
   4.5118600e+05   8.4777832e+01
   4.5121200e+05   4.0771484e+01
   4.5123900e+05   4.6020508e+01
   4.5125100e+05   5.9692383e+01
   4.5127500e+05   3.9245605e+01
   4.5130200e+05   7.0190430e+01
   4.5133500e+05   5.7739258e+01
   4.5136000e+05   3.6254883e+01
   4.5139800e+05   3.4118652e+01
   4.5143300e+05   5.1696777e+01
   4.5271300e+05   3.3142090e+01
   4.6326900e+05   5.2551270e+01
   4.6332700e+05   5.9631348e+01
   4.6336100e+05   4.2968750e+01
   4.6338100e+05   4.4738770e+01
   4.6339900e+05   5.0415039e+01
   4.6348600e+05   6.4270020e+01
   4.6349800e+05   3.5034180e+01
   5.0118000e+05   2.0079346e+03
   5.0120000e+05   9.0515137e+01
   5.0122800e+05   4.1198730e+01
   5.0125700e+05   6.0546875e+01
   5.0128800e+05   4.0527344e+01
   5.0134600e+05   5.4931641e+01
   5.0136800e+05   4.9560547e+01
   5.3950100e+05   3.4362793e+01
   5.5114000e+05   3.3203125e+01
   5.5119400e+05   2.0022583e+03
   5.5121400e+05   9.5886230e+01
   5.5124100e+05   4.0527344e+01
   5.5126900e+05   3.3630371e+01
   5.5129600e+05   3.5522461e+01
   5.5132200e+05   5.4687500e+01
   5.5136500e+05   5.8715820e+01
   5.5409800e+05   3.3386230e+01
   5.7464300e+05   3.4118652e+01
   5.8604200e+05   3.4729004e+01
   5.8872200e+05   3.3935547e+01
   6.0120800e+05   2.0116577e+03
   6.0122800e+05   9.7290039e+01
   6.0125500e+05   4.5654297e+01
   6.0127900e+05   5.6884766e+01
   6.0131300e+05   7.4768066e+01
   6.0135800e+05   4.3273926e+01
   6.0142800e+05   4.7912598e+01
   6.0145600e+05   4.1259766e+01
   6.2383100e+05   3.3020020e+01
   6.4710600e+05   3.4423828e+01
   6.5047400e+05   3.6499023e+01
   6.5122200e+05   2.0111694e+03
   6.5124200e+05   8.8317871e+01
   6.5126800e+05   4.7973633e+01
   6.5129700e+05   8.9294434e+01
   6.5133000e+05   6.0913086e+01
   6.5135500e+05   4.6813965e+01
   6.5141600e+05   3.8269043e+01
   6.7225500e+05   5.5664063e+01
   6.7228100e+05   7.5012207e+01
   6.7230800e+05   4.5898438e+01
   6.7234300e+05   5.5419922e+01
   6.7238900e+05   3.5034180e+01
   6.7239900e+05   3.8269043e+01
   6.7244600e+05   5.0964355e+01
   6.7246600e+05   3.6682129e+01
   6.7251800e+05   3.3569336e+01
   6.7254500e+05   4.8339844e+01
   6.7260500e+05   3.7231445e+01
   6.7264300e+05   3.3569336e+01
   6.7271300e+05   3.3447266e+01
   6.7287000e+05   3.9306641e+01
   6.7293000e+05   5.2001953e+01
   6.7332700e+05   4.0222168e+01
   6.9612100e+05   3.4179688e+01
   7.0123600e+05   2.0111084e+03
   7.0125600e+05   8.0078125e+01
   7.0128100e+05   4.0344238e+01
   7.0131200e+05   8.2641602e+01
   7.0135900e+05   4.5959473e+01
   7.0137400e+05   5.6518555e+01
   7.0140500e+05   3.7292480e+01
   7.2925100e+05   3.4545898e+01
   7.5125200e+05   3.9999390e+03
   7.5127000e+05   9.2956543e+01
   7.5129700e+05   3.8269043e+01
   7.5131900e+05   6.2500000e+01
   7.5135400e+05   5.0354004e+01
   7.5143100e+05   6.6650391e+01
   7.5149300e+05   3.4790039e+01
   7.7005700e+05   3.3020020e+01
   8.0126600e+05   3.9999390e+03
   8.0128400e+05   9.0942383e+01
   8.0131100e+05   3.9245605e+01
   8.0133200e+05   6.0302734e+01
   8.0135100e+05   4.0405273e+01
   8.0137300e+05   4.0100098e+01
   8.0140700e+05   3.4667969e+01
   8.0147800e+05   4.0466309e+01
   8.3162900e+05   3.4851074e+01
   8.5127800e+05   2.0094604e+03
   8.5129800e+05   9.1308594e+01
   8.5132400e+05   3.6437988e+01
   8.5135500e+05   6.9030762e+01
   8.5139700e+05   4.1076660e+01
   8.5140900e+05   7.5805664e+01
   8.5141900e+05   3.7902832e+01
   8.5152900e+05   4.9743652e+01
   8.6728000e+05   3.3020020e+01
   8.8243200e+05   3.4729004e+01
   9.0129200e+05   2.0075684e+03
   9.0131200e+05   9.4543457e+01
   9.0133800e+05   4.1442871e+01
   9.0136200e+05   6.3903809e+01
   9.0140200e+05   3.6132813e+01
   9.0142900e+05   5.0781250e+01
   9.0146700e+05   3.7719727e+01
   9.0170200e+05   3.3630371e+01
   9.0291200e+05   7.4462891e+01
   9.0297800e+05   3.6315918e+01
   9.0303000e+05   3.6804199e+01
   9.0318900e+05   4.3273926e+01
   9.3443300e+05   3.4301758e+01
   9.5130600e+05   2.0081177e+03
   9.5132600e+05   9.1308594e+01
   9.5135300e+05   4.6142578e+01
   9.5137400e+05   4.2846680e+01
   9.5138600e+05   7.9345703e+01
   9.5140700e+05   3.5949707e+01
   9.5144200e+05   5.0598145e+01
   9.5148300e+05   5.2917480e+01
   9.5150700e+05   3.8818359e+01
   9.5152800e+05   3.3081055e+01
   9.6377600e+05   3.7353516e+01
   9.7310800e+05   3.2958984e+01
   9.7526900e+05   3.5217285e+01
   9.7746400e+05   4.0161133e+01
   9.8261900e+05   3.3996582e+01
   1.0013200e+06   2.0065308e+03
   1.0013400e+06   9.5642090e+01
   1.0013670e+06   3.9245605e+01
   1.0013950e+06   4.8950195e+01
   1.0014130e+06   5.5908203e+01
   1.0014270e+06   4.5104980e+01
   1.0015120e+06   5.0598145e+01
   1.0020610e+06   3.4912109e+01
   1.0024790e+06   3.7292480e+01
   1.0037130e+06   3.6254883e+01
   1.0173490e+06   3.4423828e+01
   1.0497170e+06   4.0039063e+01
   1.0513340e+06   2.0056152e+03
   1.0513540e+06   8.5327148e+01
   1.0513810e+06   3.6987305e+01
   1.0514020e+06   4.1992188e+01
   1.0514200e+06   5.8349609e+01
   1.0514460e+06   3.8085938e+01
   1.0514730e+06   4.6264648e+01
   1.0515110e+06   4.5776367e+01
   1.0677510e+06   3.3142090e+01
   1.0789310e+06   3.6071777e+01
   1.0797500e+06   3.3447266e+01
   1.1013500e+06   3.9999390e+03
   1.1013680e+06   9.6130371e+01
   1.1013940e+06   4.5959473e+01
   1.1014140e+06   5.2917480e+01
   1.1014340e+06   7.3120117e+01
   1.1014650e+06   4.5227051e+01
   1.1014950e+06   5.3344727e+01
   1.1248430e+06   3.3020020e+01
   1.1513640e+06   3.9999390e+03
   1.1513820e+06   9.8876953e+01
   1.1514080e+06   3.4912109e+01
   1.1514340e+06   4.8950195e+01
   1.1514550e+06   6.0180664e+01
   1.1514870e+06   5.2246094e+01
   1.1515020e+06   5.7739258e+01
   1.1515690e+06   3.3020020e+01
   1.1516330e+06   6.0363770e+01
   1.1811870e+06   3.6376953e+01
   1.1812390e+06   3.3264160e+01
   1.1812580e+06   5.5480957e+01
   1.1812870e+06   5.3771973e+01
   1.1813240e+06   5.0964355e+01
   1.1813750e+06   6.0302734e+01
   1.1814300e+06   3.5156250e+01
   1.1814840e+06   3.3935547e+01
   1.1815340e+06   4.1259766e+01
   1.1815640e+06   3.5095215e+01
   1.1815810e+06   3.4484863e+01
   1.1816230e+06   3.5888672e+01
   1.1819130e+06   7.0068359e+01
   1.1819700e+06   3.5400391e+01
   1.1821810e+06   3.7841797e+01
   1.1822180e+06   3.7109375e+01
   1.2012830e+06   3.4729004e+01
   1.2013760e+06   2.0093384e+03
   1.2013960e+06   8.4228516e+01
   1.2014240e+06   4.6325684e+01
   1.2014450e+06   4.5654297e+01
   1.2014910e+06   8.2031250e+01
   1.2015640e+06   4.1748047e+01
   1.2432620e+06   3.7841797e+01
   1.2434380e+06   5.0170898e+01
   1.2435020e+06   3.7780762e+01
   1.2513920e+06   3.9999390e+03
   1.2514100e+06   8.8623047e+01
   1.2514370e+06   5.8837891e+01
   1.2514650e+06   5.3833008e+01
   1.2515250e+06   4.4311523e+01
   1.2516150e+06   4.7546387e+01
   1.2516460e+06   5.4931641e+01
   1.2622160e+06   5.0964355e+01
   1.2748890e+06   3.3264160e+01
   1.2859470e+06   3.4606934e+01
   1.3014060e+06   3.9999390e+03
   1.3014240e+06   8.7890625e+01
   1.3014500e+06   5.1086426e+01
   1.3014790e+06   6.0302734e+01
   1.3014990e+06   4.1381836e+01
   1.3015130e+06   5.9448242e+01
   1.3015510e+06   3.7597656e+01
   1.3015610e+06   5.1391602e+01
   1.3015830e+06   4.5104980e+01
   1.3017300e+06   5.1269531e+01
   1.3017430e+06   3.3569336e+01
   1.3018540e+06   3.6926270e+01
   1.3022090e+06   6.5002441e+01
   1.3023090e+06   3.2958984e+01
   1.3023630e+06   3.4118652e+01
   1.3024150e+06   6.5917969e+01
   1.3024470e+06   3.3935547e+01
   1.3347200e+06   3.5339355e+01
   1.3347920e+06   4.4738770e+01
   1.3348520e+06   6.9519043e+01
   1.3348950e+06   3.4423828e+01
   1.3349170e+06   4.3701172e+01
   1.3349310e+06   5.5847168e+01
   1.3349710e+06   3.3935547e+01
   1.3350000e+06   4.2541504e+01
   1.3350490e+06   3.3752441e+01
   1.3350630e+06   3.4667969e+01
   1.3514200e+06   3.9999390e+03
   1.3514380e+06   8.0505371e+01
   1.3514650e+06   3.9367676e+01
   1.3514920e+06   7.0068359e+01
   1.3515420e+06   4.9072266e+01
   1.3515550e+06   3.3996582e+01
   1.3516050e+06   5.7434082e+01
   1.3516210e+06   3.7719727e+01
   1.3516450e+06   4.1198730e+01
   1.3519440e+06   4.8645020e+01
   1.3520400e+06   7.3242188e+01
   1.3520670e+06   3.6376953e+01
   1.3520830e+06   3.3996582e+01
   1.3521630e+06   3.4118652e+01
   1.3748430e+06   3.3508301e+01
   1.3917640e+06   4.3518066e+01
   1.3917870e+06   3.9550781e+01
   1.3918080e+06   6.5429688e+01
   1.3918220e+06   5.7189941e+01
   1.3918560e+06   4.2114258e+01
   1.3918990e+06   5.5236816e+01
   1.3919220e+06   5.2551270e+01
   1.3919790e+06   3.8146973e+01
   1.3920120e+06   3.4240723e+01
   1.3920240e+06   3.6437988e+01
   1.3920790e+06   3.3020020e+01
   1.3921050e+06   4.3640137e+01
   1.3921380e+06   3.6254883e+01
   1.3921730e+06   4.0527344e+01
   1.3922490e+06   4.0466309e+01
   1.3922610e+06   3.4179688e+01
   1.3923140e+06   4.0588379e+01
   1.3923280e+06   4.1992188e+01
   1.3923540e+06   3.7841797e+01
   1.3926140e+06   3.3386230e+01
   1.3927420e+06   4.5593262e+01
   1.3927520e+06   3.7109375e+01
   1.3935330e+06   3.7963867e+01
   1.3941280e+06   3.3508301e+01
   1.3942790e+06   3.8574219e+01
   1.3944620e+06   3.4301758e+01
   1.3946970e+06   4.0832520e+01
   1.3949560e+06   4.6691895e+01
   1.3952120e+06   3.3752441e+01
   1.3956970e+06   4.3945312e+01
   1.3967060e+06   3.3752441e+01
   1.3970990e+06   4.6508789e+01
   1.3988420e+06   3.3203125e+01
   1.4014320e+06   2.0092773e+03
   1.4014530e+06   7.3608398e+01
   1.4014830e+06   4.4250488e+01
   1.4015170e+06   4.7668457e+01
   1.4015560e+06   3.5278320e+01
   1.4106620e+06   3.5949707e+01
   1.4110970e+06   3.3386230e+01
   1.4123490e+06   3.6071777e+01
   1.4129630e+06   3.3386230e+01
   1.4153910e+06   3.5034180e+01
   1.4173340e+06   3.6071777e+01
   1.4385930e+06   4.1809082e+01
   1.4514460e+06   2.0087280e+03
   1.4514670e+06   8.1359863e+01
   1.4514930e+06   3.6315918e+01
   1.4515190e+06   4.3395996e+01
   1.4515500e+06   7.1166992e+01
   1.4661240e+06   7.9650879e+01
   1.4664990e+06   5.5236816e+01
   1.4747550e+06   3.4423828e+01
   1.4756890e+06   3.4851074e+01
   1.4799800e+06   3.4057617e+01
   1.4987170e+06   3.5461426e+01
   1.4987290e+06   7.5561523e+01
   1.4988220e+06   6.0974121e+01
   1.4988580e+06   5.0720215e+01
   1.4988770e+06   3.6376953e+01
   1.4989310e+06   5.6335449e+01
   1.5000250e+06   3.6315918e+01
   1.5014600e+06   2.0062256e+03
   1.5014810e+06   8.3923340e+01
   1.5015090e+06   3.8635254e+01
   1.5015360e+06   5.0231934e+01
   1.5016240e+06   3.6376953e+01
   1.5016760e+06   3.4179688e+01
   1.5078360e+06   4.0832520e+01
   1.5079700e+06   3.7780762e+01
   1.5080690e+06   3.5644531e+01
   1.5080920e+06   3.6987305e+01
   1.5081410e+06   3.4057617e+01
   1.5081620e+06   6.0852051e+01
   1.5083740e+06   6.7138672e+01
   1.5182620e+06   7.4707031e+01
   1.5278510e+06   3.3996582e+01
   1.5338570e+06   4.7668457e+01
   1.5338920e+06   6.7443848e+01
   1.5339820e+06   3.9489746e+01
   1.5339930e+06   4.7485352e+01
   1.5340360e+06   4.3579102e+01
   1.5341330e+06   7.7392578e+01
   1.5341710e+06   3.9306641e+01
   1.5342150e+06   3.5339355e+01
   1.5344040e+06   3.6437988e+01
   1.5344610e+06   3.3691406e+01
   1.5514740e+06   2.0130615e+03
   1.5514950e+06   8.4411621e+01
   1.5515230e+06   3.8452148e+01
   1.5515400e+06   4.8339844e+01
   1.5515610e+06   5.1330566e+01
   1.5515990e+06   4.3334961e+01
   1.5516270e+06   5.2429199e+01
   1.5516510e+06   3.6499023e+01
   1.5516950e+06   4.3273926e+01
   1.5517910e+06   6.0363770e+01
   1.5518550e+06   3.3020020e+01
   1.5519020e+06   5.9570313e+01
   1.5519730e+06   3.3935547e+01
   1.5519900e+06   5.2246094e+01
   1.5520310e+06   5.2490234e+01
   1.5520430e+06   4.3395996e+01
   1.5520830e+06   3.4179688e+01
   1.5521080e+06   4.2114258e+01
   1.5522690e+06   3.7780762e+01
   1.5523260e+06   3.3691406e+01
   1.5524710e+06   4.1076660e+01
   1.5527800e+06   4.2602539e+01
   1.5661260e+06   3.9184570e+01
   1.5776430e+06   7.1655273e+01
   1.5777080e+06   3.3569336e+01
   1.5777180e+06   4.7912598e+01
   1.5777390e+06   6.9396973e+01
   1.5777760e+06   3.3508301e+01
   1.5778040e+06   4.6569824e+01
   1.5778190e+06   4.5471191e+01
   1.5778630e+06   3.7902832e+01
   1.5779410e+06   3.3264160e+01
   1.5779680e+06   3.8513184e+01
   1.5780210e+06   5.9326172e+01
   1.5781710e+06   3.3874512e+01
   1.5884680e+06   6.5856934e+01
   1.5890770e+06   5.7312012e+01
   1.5891370e+06   3.3203125e+01
   1.6014880e+06   2.0099487e+03
   1.6015090e+06   7.8613281e+01
   1.6015370e+06   3.9611816e+01
   1.6015660e+06   4.8034668e+01
   1.6016320e+06   3.4301758e+01
   1.6016490e+06   4.9987793e+01
   1.6017310e+06   4.7180176e+01
   1.6017590e+06   3.6437988e+01
   1.6020520e+06   4.2419434e+01
   1.6020790e+06   9.2346191e+01
   1.6021530e+06   5.2917480e+01
   1.6021760e+06   3.6315918e+01
   1.6022570e+06   3.5461426e+01
   1.6024250e+06   4.5715332e+01
   1.6204420e+06   6.3415527e+01
   1.6205000e+06   3.3813477e+01
   1.6286030e+06   6.2988281e+01
   1.6286590e+06   5.7739258e+01
   1.6286910e+06   3.3020020e+01
   1.6287080e+06   7.3852539e+01
   1.6287340e+06   3.8818359e+01
   1.6287830e+06   5.6335449e+01
   1.6287930e+06   4.1564941e+01
   1.6288220e+06   3.8024902e+01
   1.6289280e+06   7.3059082e+01
   1.6290840e+06   3.5705566e+01
   1.6291000e+06   6.1157227e+01
   1.6464640e+06   6.5673828e+01
   1.6465710e+06   5.4809570e+01
   1.6466110e+06   5.8959961e+01
   1.6466290e+06   4.2907715e+01
   1.6466550e+06   6.0241699e+01
   1.6467420e+06   3.6071777e+01
   1.6468730e+06   3.9916992e+01
   1.6515020e+06   2.0085449e+03
   1.6515230e+06   8.6181641e+01
   1.6515520e+06   3.6743164e+01
   1.6515810e+06   4.5227051e+01
   1.6516460e+06   4.2419434e+01
   1.6516650e+06   4.7119141e+01
   1.6516780e+06   4.8767090e+01
   1.6556060e+06   3.3264160e+01
   1.6570920e+06   3.6376953e+01
   1.6571240e+06   5.7312012e+01
   1.6572290e+06   3.6499023e+01
   1.6572390e+06   8.7463379e+01
   1.6573540e+06   4.9133301e+01
   1.6573910e+06   3.3081055e+01
   1.6756740e+06   7.3486328e+01
   1.6757150e+06   3.6926270e+01
   1.6758020e+06   5.8105469e+01
   1.6758650e+06   3.5400391e+01
   1.6758830e+06   3.3874512e+01
   1.6759560e+06   5.5114746e+01
   1.6759870e+06   4.0283203e+01
   1.6760110e+06   3.5522461e+01
   1.6859650e+06   3.4790039e+01
   1.7015180e+06   3.9999390e+03
   1.7015370e+06   7.7880859e+01
   1.7015660e+06   3.3020020e+01
   1.7015880e+06   1.0064697e+02
   1.7016600e+06   3.5705566e+01
   1.7016790e+06   3.3081055e+01
   1.7018080e+06   3.6804199e+01
   1.7109590e+06   6.4941406e+01
   1.7110170e+06   4.6325684e+01
   1.7110400e+06   6.5612793e+01
   1.7111300e+06   3.4851074e+01
   1.7285780e+06   4.0466309e+01
   1.7289510e+06   6.6345215e+01
   1.7289890e+06   4.0100098e+01
   1.7290410e+06   3.6682129e+01
   1.7290730e+06   9.3139648e+01
   1.7515300e+06   2.0125122e+03
   1.7515510e+06   8.1176758e+01
   1.7515780e+06   3.5339355e+01
   1.7515910e+06   3.9672852e+01
   1.7516100e+06   6.8725586e+01
   1.7516550e+06   4.9133301e+01
   1.7516790e+06   4.5593262e+01
   1.7517060e+06   3.3569336e+01
   1.7517730e+06   3.3752441e+01
   1.8015440e+06   2.0077515e+03
   1.8015650e+06   8.1542969e+01
   1.8015920e+06   4.9621582e+01
   1.8016100e+06   3.7353516e+01
   1.8016290e+06   8.1848145e+01
   1.8016950e+06   4.9560547e+01
   1.8017230e+06   4.2480469e+01
   1.8017340e+06   4.6569824e+01
   1.8468990e+06   3.3081055e+01
   1.8515600e+06   3.9999390e+03
   1.8515780e+06   7.7392578e+01
   1.8516060e+06   3.5461426e+01
   1.8516390e+06   4.5349121e+01
   1.8516630e+06   5.8044434e+01
   1.8517070e+06   4.6569824e+01
   1.8517340e+06   6.9641113e+01
   1.8518940e+06   3.6682129e+01
   1.8519270e+06   3.5217285e+01
   1.8524860e+06   6.6589355e+01
   1.8525450e+06   4.8217773e+01
   1.9015740e+06   3.9999390e+03
   1.9015920e+06   8.1970215e+01
   1.9016190e+06   3.3691406e+01
   1.9016430e+06   7.4829102e+01
   1.9016940e+06   4.3090820e+01
   1.9017120e+06   6.3537598e+01
   1.9017310e+06   3.7475586e+01
   1.9017930e+06   7.9650879e+01
   1.9254270e+06   3.4790039e+01
   1.9515860e+06   2.0074463e+03
   1.9516060e+06   8.6730957e+01
   1.9516340e+06   4.2602539e+01
   1.9516700e+06   5.9509277e+01
   1.9516850e+06   3.7048340e+01
   1.9517080e+06   3.8085938e+01
   1.9517660e+06   4.2541504e+01
   1.9735950e+06   3.8391113e+01
   2.0016000e+06   2.0095825e+03
   2.0016200e+06   8.2214355e+01
   2.0016460e+06   3.6315918e+01
   2.0016750e+06   6.4208984e+01
   2.0017010e+06   5.3771973e+01
   2.0017440e+06   5.1940918e+01
   2.0017990e+06   3.7475586e+01
   2.0018280e+06   4.3518066e+01
   2.0018820e+06   3.3325195e+01
   2.0018990e+06   3.9123535e+01
   2.0082480e+06   3.6437988e+01
   2.0224080e+06   3.3020020e+01
   2.0429060e+06   3.2958984e+01
   2.0516160e+06   3.9999390e+03
   2.0516340e+06   7.9528809e+01
   2.0516610e+06   4.7180176e+01
   2.0516860e+06   5.5725098e+01
   2.0517560e+06   4.2785645e+01
   2.0517800e+06   3.9245605e+01
   2.0519170e+06   4.4677734e+01
   2.0525570e+06   3.5766602e+01
   2.0807690e+06   4.0588379e+01
   2.1016280e+06   2.0078125e+03
   2.1016480e+06   8.5449219e+01
   2.1016750e+06   3.8391113e+01
   2.1016940e+06   4.2419434e+01
   2.1017140e+06   5.9204102e+01
   2.1017470e+06   4.4860840e+01
   2.1017740e+06   5.2062988e+01
   2.1194480e+06   3.3264160e+01
   2.1516440e+06   3.9999390e+03
   2.1516620e+06   8.7219238e+01
   2.1516900e+06   4.1931152e+01
   2.1517040e+06   4.2297363e+01
   2.1517280e+06   9.1552734e+01
   2.1518520e+06   4.6447754e+01
   2.1519550e+06   3.4057617e+01
   2.1921050e+06   3.3142090e+01
   2.2016560e+06   2.0062866e+03
   2.2016760e+06   9.0759277e+01
   2.2017030e+06   3.5522461e+01
   2.2017300e+06   5.5541992e+01
   2.2017600e+06   6.8664551e+01
   2.2018090e+06   4.3090820e+01
   2.2018270e+06   3.3935547e+01
   2.2018480e+06   4.6447754e+01
   2.2024620e+06   3.3569336e+01
   2.2516720e+06   3.9999390e+03
   2.2516900e+06   8.3007813e+01
   2.2517160e+06   4.0405273e+01
   2.2517460e+06   6.4208984e+01
   2.2517570e+06   4.6569824e+01
   2.2517940e+06   4.4067383e+01
   2.2518140e+06   3.7536621e+01
   2.2518480e+06   3.5095215e+01
   2.2519400e+06   4.5227051e+01
   2.2519570e+06   4.5410156e+01
   2.2666400e+06   4.0405273e+01
   2.2762420e+06   3.8085938e+01
   2.3016860e+06   3.9999390e+03
   2.3017040e+06   9.0026855e+01
   2.3017310e+06   4.1198730e+01
   2.3017590e+06   5.4138184e+01
   2.3018090e+06   4.5410156e+01
   2.3018730e+06   6.1096191e+01
   2.3019090e+06   4.6569824e+01
   2.3099240e+06   3.3325195e+01
   2.3257450e+06   3.6437988e+01
   2.3310670e+06   3.5949707e+01
   2.3492850e+06   3.6315918e+01
   2.3516980e+06   2.0086060e+03
   2.3517180e+06   7.9467773e+01
   2.3517450e+06   4.5471191e+01
   2.3517720e+06   3.8146973e+01
   2.3518320e+06   4.2419434e+01
   2.3519120e+06   7.4401855e+01
   2.3519260e+06   3.4362793e+01
   2.3520660e+06   3.5461426e+01
   2.3523790e+06   3.3630371e+01
   2.3524520e+06   3.7841797e+01
   2.3525550e+06   3.7902832e+01
   2.3526460e+06   3.6376953e+01
   2.3526660e+06   4.3823242e+01
   2.3526800e+06   3.7048340e+01
   2.3527450e+06   3.6926270e+01
   2.3860390e+06   3.3020020e+01
   2.4017140e+06   3.9999390e+03
   2.4017320e+06   8.1481934e+01
   2.4017600e+06   3.8024902e+01
   2.4017890e+06   9.5458984e+01
   2.4018190e+06   3.8452148e+01
   2.4018550e+06   5.4504395e+01
   2.4018830e+06   5.5541992e+01
   2.4019460e+06   3.9001465e+01
   2.4167330e+06   3.3386230e+01
   2.4454400e+06   3.5217285e+01
   2.4517260e+06   2.0086060e+03
   2.4517460e+06   7.8063965e+01
   2.4517730e+06   4.0039063e+01
   2.4518030e+06   4.7058105e+01
   2.4518210e+06   4.7485352e+01
   2.4518770e+06   4.6875000e+01
   2.4519020e+06   5.7250977e+01
   2.4520040e+06   3.7170410e+01
   2.4520350e+06   3.4851074e+01
   2.4520780e+06   3.3630371e+01
   2.4523950e+06   3.5095215e+01
   2.4531850e+06   3.7841797e+01
   2.4532100e+06   5.9997559e+01
   2.4532580e+06   3.6499023e+01
   2.5133300e+06   3.4973145e+01
   2.5296080e+06   4.8645020e+01
   2.5296390e+06   4.2724609e+01
   2.5296700e+06   3.4790039e+01
   2.5296830e+06   4.2541504e+01
   2.5296930e+06   5.2612305e+01
   2.5297200e+06   3.7292480e+01
   2.5297560e+06   3.4484863e+01
   2.5297900e+06   4.9072266e+01
   2.5298170e+06   4.3640137e+01
   2.5298620e+06   3.9184570e+01
   2.5298890e+06   3.6193848e+01
   2.5298990e+06   6.4941406e+01
   2.5299540e+06   3.5766602e+01
   2.5300280e+06   4.0527344e+01
   2.5300430e+06   3.4179688e+01
   2.5300760e+06   5.5175781e+01
   2.5301120e+06   3.3813477e+01
   2.5302610e+06   4.1625977e+01
   2.5303130e+06   3.7292480e+01
   2.5303250e+06   5.9997559e+01
   2.5304430e+06   3.3874512e+01
   2.5304630e+06   3.5705566e+01
   2.5306270e+06   4.0832520e+01
   2.5307060e+06   3.3142090e+01
   2.5307430e+06   4.5654297e+01
   2.5307730e+06   3.4240723e+01
   2.5308370e+06   3.4118652e+01
   2.5309580e+06   3.8940430e+01
   2.5309810e+06   3.8024902e+01
   2.5310290e+06   3.4118652e+01
   2.5310540e+06   3.4362793e+01
   2.5315190e+06   3.9550781e+01
   2.5316400e+06   3.2958984e+01
   2.5322240e+06   4.2785645e+01
   2.5324270e+06   4.3518066e+01
   2.5326020e+06   3.5278320e+01
   2.5328550e+06   4.4799805e+01
   2.5331590e+06   4.2968750e+01
   2.5335360e+06   4.8095703e+01
   2.5358890e+06   3.3081055e+01
   2.5396070e+06   3.5949707e+01
   2.5612800e+06   3.4423828e+01
   2.5999320e+06   4.3151855e+01
   2.6003700e+06   3.3325195e+01
   2.6007580e+06   3.4790039e+01
   2.6185250e+06   3.3203125e+01
   2.6190120e+06   7.2875977e+01
   2.6196380e+06   3.9306641e+01
   2.6196540e+06   5.3222656e+01
   2.6423880e+06   3.3508301e+01
   2.6498240e+06   5.3161621e+01
   2.6498650e+06   7.6416016e+01
   2.6498930e+06   3.3691406e+01
   2.6499460e+06   3.5461426e+01
   2.6828260e+06   3.8696289e+01
   2.6828600e+06   4.4860840e+01
   2.6829210e+06   5.6274414e+01
   2.7193040e+06   4.2602539e+01
   2.7193290e+06   4.0405273e+01
   2.7194420e+06   7.7453613e+01
   2.7350480e+06   3.3203125e+01
   2.7595080e+06   3.6987305e+01
   2.7717380e+06   3.6254883e+01
   2.7841380e+06   3.4179688e+01
   2.8147920e+06   3.3813477e+01
   2.8353620e+06   3.6437988e+01
   2.8624990e+06   6.9458008e+01
   2.8698330e+06   3.7170410e+01
   2.9059260e+06   3.3447266e+01
   2.9169760e+06   3.7170410e+01
   2.9757590e+06   3.5949707e+01
