   2.9990000e+06   0.0000000e+00
   1.0420000e+03   3.9999390e+03
   1.0760000e+03   5.6274414e+01
   1.0880000e+03   3.4545898e+01
   1.1210000e+03   6.2011719e+01
   1.1420000e+03   8.5693359e+01
   1.0236000e+04   3.3996582e+01
   1.7154000e+04   3.6682129e+01
   2.5365000e+04   3.5217285e+01
   2.6741000e+04   3.4423828e+01
   2.7416000e+04   3.2592773e+01
   2.8486000e+04   3.8146973e+01
   3.4558000e+04   3.3813477e+01
   3.7606000e+04   3.3813477e+01
   3.9633000e+04   3.2348633e+01
   4.2812000e+04   3.3813477e+01
   4.5850000e+04   4.5898438e+01
   4.5872000e+04   4.6203613e+01
   4.5908000e+04   6.7138672e+01
   4.5951000e+04   3.3020020e+01
   4.5971000e+04   3.7292480e+01
   4.5990000e+04   5.7495117e+01
   4.6015000e+04   5.3039551e+01
   4.6027000e+04   4.1992188e+01
   4.6059000e+04   4.3457031e+01
   4.6080000e+04   3.8757324e+01
   4.6094000e+04   4.6997070e+01
   4.6125000e+04   4.6386719e+01
   4.6149000e+04   3.8513184e+01
   4.6223000e+04   3.4240723e+01
   4.6297000e+04   3.3264160e+01
   5.1054000e+04   2.0109253e+03
   5.1073000e+04   3.4301758e+01
   5.1107000e+04   4.8278809e+01
   5.1123000e+04   3.6132813e+01
   5.1147000e+04   6.1096191e+01
   5.1158000e+04   5.9814453e+01
   5.4768000e+04   3.2714844e+01
   5.7667000e+04   3.3264160e+01
   6.1127000e+04   3.3020020e+01
   6.2386000e+04   3.3752441e+01
   6.4807000e+04   3.7292480e+01
   6.6742000e+04   3.3386230e+01
   6.6776000e+04   3.3264160e+01
   7.2903000e+04   3.4362793e+01
   7.4460000e+04   3.6071777e+01
   7.4613000e+04   4.1015625e+01
   8.5547000e+04   3.2897949e+01
   8.9396000e+04   3.8085938e+01
   9.0567000e+04   3.3447266e+01
   9.1160000e+04   3.9245605e+01
   9.6191000e+04   3.3447266e+01
   9.7169000e+04   3.5400391e+01
   9.8182000e+04   3.3081055e+01
   9.8613000e+04   3.6254883e+01
   1.0106800e+05   2.0064697e+03
   1.0110400e+05   7.2570801e+01
   1.0112300e+05   4.1748047e+01
   1.0114500e+05   4.0466309e+01
   1.0117600e+05   5.6762695e+01
   1.0118700e+05   4.3701172e+01
   1.0121800e+05   3.5705566e+01
   1.0124600e+05   3.6743164e+01
   1.0128400e+05   5.7128906e+01
   1.0130600e+05   3.4790039e+01
   1.0132800e+05   4.5837402e+01
   1.0137800e+05   3.5583496e+01
   1.0141900e+05   3.5034180e+01
   1.0154700e+05   7.7758789e+01
   1.0157000e+05   5.5480957e+01
   1.0158300e+05   3.9428711e+01
   1.0160100e+05   3.2287598e+01
   1.0165400e+05   3.6071777e+01
   1.0168400e+05   3.7963867e+01
   1.0173100e+05   3.2348633e+01
   1.0174300e+05   5.3833008e+01
   1.0180000e+05   3.5583496e+01
   1.0182000e+05   3.9978027e+01
   1.0186500e+05   4.5837402e+01
   1.0192900e+05   3.8879395e+01
   1.0203100e+05   4.8156738e+01
   1.0205600e+05   3.4912109e+01
   1.1354900e+05   3.6682129e+01
   1.1501100e+05   3.3996582e+01
   1.2635100e+05   3.2531738e+01
   1.2891800e+05   3.4729004e+01
   1.2897000e+05   4.5898438e+01
   1.2899000e+05   5.5541992e+01
   1.2901000e+05   7.3852539e+01
   1.2902700e+05   4.0710449e+01
   1.2905700e+05   3.6193848e+01
   1.2910400e+05   5.7373047e+01
   1.2913200e+05   4.0832520e+01
   1.2914700e+05   4.3945313e+01
   1.2920200e+05   3.7658691e+01
   1.2928000e+05   3.6254883e+01
   1.2929300e+05   4.9987793e+01
   1.2935600e+05   3.4179688e+01
   1.2941200e+05   4.1564941e+01
   1.2944000e+05   4.8767090e+01
   1.2946500e+05   3.5827637e+01
   1.2950400e+05   5.9509277e+01
   1.2961400e+05   3.2653809e+01
   1.4594800e+05   3.6682129e+01
   1.4653700e+05   3.2775879e+01
   1.4733200e+05   5.2856445e+01
   1.4736200e+05   4.8645020e+01
   1.4739300e+05   6.5795898e+01
   1.4740400e+05   3.4606934e+01
   1.4742500e+05   3.8940430e+01
   1.4745400e+05   3.2226563e+01
   1.4748100e+05   7.6171875e+01
   1.4755500e+05   4.4860840e+01
   1.4756900e+05   3.4545898e+01
   1.4764200e+05   3.6193848e+01
   1.4795100e+05   3.6499023e+01
   1.5108200e+05   2.0084839e+03
   1.5111900e+05   4.9865723e+01
   1.5113400e+05   3.3142090e+01
   1.5116400e+05   4.7058105e+01
   1.5117900e+05   3.6437988e+01
   1.5120300e+05   5.4687500e+01
   1.5121800e+05   3.7414551e+01
   1.5130200e+05   3.2104492e+01
   1.5836000e+05   3.2409668e+01
   1.6450200e+05   3.2958984e+01
   1.6451700e+05   5.2673340e+01
   1.6456500e+05   3.4729004e+01
   1.6459400e+05   7.6599121e+01
   1.6462900e+05   5.9326172e+01
   1.6465100e+05   4.2541504e+01
   1.6466800e+05   3.8269043e+01
   1.6471400e+05   3.7841797e+01
   1.6488500e+05   3.8330078e+01
   1.7501300e+05   5.3649902e+01
   1.7508500e+05   3.2409668e+01
   1.7511000e+05   4.6081543e+01
   1.7522000e+05   3.7414551e+01
   1.7525400e+05   3.6376953e+01
   1.7531100e+05   5.9265137e+01
   1.7540200e+05   3.3996582e+01
   1.8506200e+05   4.4250488e+01
   1.8508100e+05   4.9255371e+01
   1.8511200e+05   3.6560059e+01
   1.8515600e+05   4.9987793e+01
   1.8522800e+05   3.4729004e+01
   1.9004900e+05   3.2897949e+01
   1.9219800e+05   3.2165527e+01
   1.9379200e+05   4.1381836e+01
   1.9386300e+05   3.3508301e+01
   1.9393800e+05   3.6193848e+01
   1.9395800e+05   3.8391113e+01
   1.9407200e+05   3.3264160e+01
   2.0053900e+05   3.9367676e+01
   2.0085500e+05   3.2836914e+01
   2.0109600e+05   2.0032959e+03
   2.0110800e+05   3.2409668e+01
   2.0113300e+05   4.5776367e+01
   2.0114700e+05   4.2419434e+01
   2.0116800e+05   6.1645508e+01
   2.0119000e+05   8.0810547e+01
   2.0120600e+05   3.3813477e+01
   2.0123300e+05   3.6132813e+01
   2.0125700e+05   4.1625977e+01
   2.0128900e+05   4.6081543e+01
   2.0130800e+05   3.4118652e+01
   2.0135100e+05   4.0100098e+01
   2.0136400e+05   4.6264648e+01
   2.0140700e+05   3.7658691e+01
   2.0150400e+05   3.2287598e+01
   2.0159200e+05   3.8574219e+01
   2.0168700e+05   3.6254883e+01
   2.0175400e+05   4.7790527e+01
   2.0176500e+05   4.8828125e+01
   2.0179600e+05   3.6987305e+01
   2.0192100e+05   3.2226563e+01
   2.1493000e+05   4.7668457e+01
   2.1502000e+05   4.6081543e+01
   2.1514300e+05   3.6193848e+01
   2.1521500e+05   7.5439453e+01
   2.1524100e+05   3.5461426e+01
   2.2539200e+05   3.8391113e+01
   2.2788700e+05   3.3142090e+01
   2.2790200e+05   5.5969238e+01
   2.2793500e+05   6.7443848e+01
   2.2796200e+05   3.6621094e+01
   2.2799000e+05   4.1992188e+01
   2.2801600e+05   3.6132813e+01
   2.2804200e+05   4.4250488e+01
   2.2806500e+05   4.3518066e+01
   2.2809100e+05   4.4921875e+01
   2.2810900e+05   4.1198730e+01
   2.2814200e+05   5.0537109e+01
   2.2818700e+05   4.5593262e+01
   2.2822000e+05   3.6987305e+01
   2.2830300e+05   4.0832520e+01
   2.2836000e+05   3.3203125e+01
   2.2840700e+05   3.3752441e+01
   2.3769800e+05   6.0180664e+01
   2.3771800e+05   3.4301758e+01
   2.3775800e+05   3.8940430e+01
   2.3781400e+05   3.9550781e+01
   2.3782400e+05   4.4616699e+01
   2.3791000e+05   3.2348633e+01
   2.3793400e+05   4.2968750e+01
   2.4657900e+05   4.3029785e+01
   2.4661900e+05   4.3029785e+01
   2.4664800e+05   6.0485840e+01
   2.4668800e+05   3.4057617e+01
   2.4670200e+05   4.7363281e+01
   2.4674700e+05   5.1147461e+01
   2.4679600e+05   4.0649414e+01
   2.4682400e+05   5.9814453e+01
   2.4689600e+05   4.1076660e+01
   2.4691200e+05   3.2653809e+01
   2.4701700e+05   4.0649414e+01
   2.5111200e+05   3.9999390e+03
   2.5115000e+05   5.9692383e+01
   2.5116200e+05   5.3100586e+01
   2.5118400e+05   3.8635254e+01
   2.5120100e+05   5.9570313e+01
   2.5122400e+05   5.0964355e+01
   2.5124200e+05   3.2287598e+01
   2.5132700e+05   5.1696777e+01
   2.5681600e+05   3.4240723e+01
   2.5683100e+05   4.7302246e+01
   2.5687000e+05   3.8024902e+01
   2.5690000e+05   4.4616699e+01
   2.5691100e+05   5.5114746e+01
   2.5706100e+05   4.2480469e+01
   2.5711600e+05   3.6071777e+01
   2.6496400e+05   3.3386230e+01
   2.6527100e+05   4.0832520e+01
   2.7410800e+05   3.2836914e+01
   2.7826500e+05   4.2175293e+01
   2.7830900e+05   5.2734375e+01
   2.7834900e+05   4.3334961e+01
   2.7837800e+05   7.2021484e+01
   2.7840600e+05   3.4118652e+01
   2.7843600e+05   3.2592773e+01
   2.7846200e+05   5.0292969e+01
   2.7848700e+05   6.7626953e+01
   2.7850800e+05   6.7321777e+01
   2.7854800e+05   3.9794922e+01
   2.7856300e+05   3.8452148e+01
   2.7858500e+05   6.3781738e+01
   2.7863000e+05   3.2348633e+01
   2.7865700e+05   3.3752441e+01
   2.7867200e+05   4.2114258e+01
   2.8784200e+05   3.2409668e+01
   2.8787400e+05   7.5622559e+01
   2.8788800e+05   3.9245605e+01
   2.8796300e+05   3.2897949e+01
   2.8799300e+05   3.2531738e+01
   2.8807600e+05   3.4118652e+01
   2.8810600e+05   3.2531738e+01
   2.8823900e+05   3.2836914e+01
   2.9630800e+05   4.0954590e+01
   3.0112400e+05   2.0098877e+03
   3.0116100e+05   7.3730469e+01
   3.0118500e+05   4.3823242e+01
   3.0120000e+05   4.6264648e+01
   3.0122200e+05   3.8452148e+01
   3.0124900e+05   3.8391113e+01
   3.0127400e+05   5.4931641e+01
   3.0129500e+05   5.8593750e+01
   3.0133400e+05   4.1137695e+01
   3.0139200e+05   3.3691406e+01
   3.0140600e+05   3.9794922e+01
   3.0820500e+05   3.4179688e+01
   3.0890100e+05   3.6682129e+01
   3.0898100e+05   4.8950195e+01
   3.0899400e+05   3.8330078e+01
   3.0903900e+05   3.3508301e+01
   3.0905000e+05   5.2795410e+01
   3.0906000e+05   3.3081055e+01
   3.0914300e+05   3.2775879e+01
   3.0928000e+05   5.8044434e+01
   3.1712800e+05   3.2165527e+01
   3.1798800e+05   3.9306641e+01
   3.1801200e+05   4.9865723e+01
   3.1818100e+05   4.7668457e+01
   3.1829500e+05   4.1992188e+01
   3.2588400e+05   3.9428711e+01
   3.2599000e+05   3.4667969e+01
   3.3159300e+05   3.2714844e+01
   3.3206200e+05   3.6987305e+01
   3.3220700e+05   3.7353516e+01
   3.3229100e+05   4.2358398e+01
   3.3232400e+05   3.3813477e+01
   3.3973300e+05   4.0832520e+01
   3.3981200e+05   3.6071777e+01
   3.3995100e+05   3.4912109e+01
   3.4331900e+05   3.3630371e+01
   3.4666700e+05   3.4912109e+01
   3.4672700e+05   3.7719727e+01
   3.4676700e+05   3.7658691e+01
   3.5113800e+05   2.0172119e+03
   3.5114900e+05   4.6020508e+01
   3.5117500e+05   7.2937012e+01
   3.5118900e+05   3.2165527e+01
   3.5121200e+05   6.7260742e+01
   3.5122500e+05   5.7312012e+01
   3.5123700e+05   4.2480469e+01
   3.5127200e+05   3.5522461e+01
   3.5128900e+05   3.8452148e+01
   3.5134800e+05   5.4077148e+01
   3.5829100e+05   4.1198730e+01
   3.5858100e+05   3.3874512e+01
   3.7189200e+05   3.3752441e+01
   3.7810600e+05   3.2287598e+01
   3.8012300e+05   3.4240723e+01
   3.8923700e+05   3.4973145e+01
   3.9352500e+05   3.3386230e+01
   3.9693600e+05   3.3447266e+01
   4.0115200e+05   2.0086060e+03
   4.0119000e+05   7.7270508e+01
   4.0122200e+05   4.3579102e+01
   4.0124500e+05   6.1279297e+01
   4.0126900e+05   5.4809570e+01
   4.0128300e+05   3.3020020e+01
   4.0129300e+05   3.7780762e+01
   4.0132500e+05   3.9794922e+01
   4.0136100e+05   3.9489746e+01
   4.0140200e+05   4.5410156e+01
   4.0144000e+05   3.4179688e+01
   4.0178600e+05   6.0302734e+01
   4.0948500e+05   3.2958984e+01
   4.1612500e+05   3.2287598e+01
   4.1867800e+05   3.3508301e+01
   4.1967200e+05   3.4545898e+01
   4.2193400e+05   3.3996582e+01
   4.2439000e+05   3.3386230e+01
   4.3542400e+05   3.2470703e+01
   4.3615400e+05   3.2897949e+01
   4.3982200e+05   3.2775879e+01
   4.4132500e+05   3.2226563e+01
   4.4376700e+05   3.2592773e+01
   4.4842000e+05   3.3325195e+01
   4.5058100e+05   3.2775879e+01
   4.5116800e+05   3.9999390e+03
   4.5120400e+05   5.7617187e+01
   4.5121600e+05   4.4250488e+01
   4.5124800e+05   6.5490723e+01
   4.5126000e+05   5.5114746e+01
   4.5128900e+05   4.8400879e+01
   4.5130800e+05   4.2785645e+01
   4.5133200e+05   3.5949707e+01
   4.5140000e+05   3.3630371e+01
   4.5144600e+05   4.9377441e+01
   4.5293700e+05   3.2104492e+01
   4.6333600e+05   3.5949707e+01
   4.6336100e+05   4.8889160e+01
   4.6337700e+05   3.9306641e+01
   4.6340200e+05   5.3771973e+01
   4.6346100e+05   6.7993164e+01
   4.7279200e+05   3.4912109e+01
   4.7620900e+05   3.2348633e+01
   4.7923100e+05   3.2653809e+01
   4.8259600e+05   3.4851074e+01
   4.8666000e+05   3.8452148e+01
   4.9077500e+05   3.6193848e+01
   4.9651800e+05   3.2470703e+01
   4.9771100e+05   3.4484863e+01
   5.0118000e+05   2.0070801e+03
   5.0121600e+05   7.4584961e+01
   5.0123000e+05   3.6621094e+01
   5.0125800e+05   7.0495605e+01
   5.0127900e+05   6.2805176e+01
   5.0129200e+05   4.3457031e+01
   5.0132200e+05   5.1269531e+01
   5.0133300e+05   3.8146973e+01
   5.0145200e+05   3.4667969e+01
   5.0705000e+05   3.7353516e+01
   5.2799800e+05   3.2165527e+01
   5.3249400e+05   3.2775879e+01
   5.3831100e+05   3.6743164e+01
   5.4057500e+05   3.4423828e+01
   5.4464000e+05   3.4423828e+01
   5.4787800e+05   3.6254883e+01
   5.5119600e+05   3.9999390e+03
   5.5123000e+05   7.7270508e+01
   5.5126100e+05   4.3029785e+01
   5.5127400e+05   7.1472168e+01
   5.5128900e+05   8.2458496e+01
   5.5133400e+05   3.2348633e+01
   5.5134700e+05   6.1096191e+01
   5.5135900e+05   4.0893555e+01
   5.5171700e+05   4.8706055e+01
   5.6736700e+05   3.3874512e+01
   5.8067700e+05   3.2531738e+01
   5.8398500e+05   3.3325195e+01
   5.8438400e+05   3.4118652e+01
   5.8826100e+05   3.2714844e+01
   5.8948500e+05   3.4729004e+01
   6.0065900e+05   3.5034180e+01
   6.0121000e+05   3.9999390e+03
   6.0124400e+05   6.5429688e+01
   6.0127500e+05   5.4321289e+01
   6.0129300e+05   7.1899414e+01
   6.0130900e+05   4.8706055e+01
   6.0134800e+05   3.4545898e+01
   6.0143800e+05   3.3874512e+01
   6.0152300e+05   3.3935547e+01
   6.1628400e+05   3.3386230e+01
   6.2624100e+05   3.4362793e+01
   6.2726500e+05   3.2775879e+01
   6.3642900e+05   3.3203125e+01
   6.4471300e+05   3.3569336e+01
   6.5122400e+05   3.9999390e+03
   6.5126000e+05   4.8889160e+01
   6.5127200e+05   4.3212891e+01
   6.5130400e+05   8.1176758e+01
   6.5131700e+05   5.6518555e+01
   6.5136300e+05   4.0344238e+01
   6.5137300e+05   5.7128906e+01
   6.5144500e+05   3.2958984e+01
   6.5152300e+05   5.8959961e+01
   6.6368100e+05   3.8635254e+01
   6.7220000e+05   3.6560059e+01
   6.7223800e+05   3.2470703e+01
   6.7231100e+05   3.2897949e+01
   6.7232700e+05   6.4819336e+01
   6.7234500e+05   3.9978027e+01
   6.7239100e+05   5.4992676e+01
   6.7240200e+05   6.2683105e+01
   6.7242700e+05   5.1025391e+01
   6.7243900e+05   4.5288086e+01
   6.7248200e+05   4.1198730e+01
   6.7251600e+05   5.1696777e+01
   6.7253800e+05   4.5898438e+01
   6.7258000e+05   4.4494629e+01
   6.7262100e+05   4.2358398e+01
   6.7264500e+05   5.1452637e+01
   6.7268900e+05   3.9550781e+01
   6.7275600e+05   4.0710449e+01
   6.7276900e+05   3.5461426e+01
   6.9433300e+05   3.5461426e+01
   6.9809500e+05   3.4179688e+01
   7.0123800e+05   3.9999390e+03
   7.0127200e+05   7.1838379e+01
   7.0131000e+05   3.7780762e+01
   7.0132100e+05   5.0292969e+01
   7.0134100e+05   3.4179688e+01
   7.0136500e+05   3.5400391e+01
   7.0138500e+05   3.4790039e+01
   7.0139500e+05   3.6499023e+01
   7.0141100e+05   3.2409668e+01
   7.0147900e+05   3.8879395e+01
   7.0817000e+05   3.4118652e+01
   7.1445900e+05   3.3691406e+01
   7.1583100e+05   3.4118652e+01
   7.1877000e+05   3.4240723e+01
   7.3153800e+05   3.4973145e+01
   7.3188300e+05   3.5095215e+01
   7.3665600e+05   3.7170410e+01
   7.4358300e+05   3.3508301e+01
   7.4491100e+05   3.6743164e+01
   7.4877300e+05   4.0588379e+01
   7.5053900e+05   3.2958984e+01
   7.5125000e+05   2.0030518e+03
   7.5128600e+05   7.1044922e+01
   7.5130000e+05   3.8574219e+01
   7.5133200e+05   6.5917969e+01
   7.5134900e+05   5.9814453e+01
   7.5136100e+05   5.1391602e+01
   7.5145200e+05   5.4992676e+01
   7.5146300e+05   3.2714844e+01
   7.5150200e+05   3.2165527e+01
   7.6627000e+05   4.1198730e+01
   7.7743700e+05   3.3691406e+01
   7.8088200e+05   4.2175293e+01
   7.8329600e+05   3.2470703e+01
   7.8748300e+05   3.3874512e+01
   7.8996100e+05   3.6254883e+01
   7.9621300e+05   3.4545898e+01
   8.0126600e+05   3.9999390e+03
   8.0130000e+05   7.5744629e+01
   8.0131400e+05   4.8767090e+01
   8.0133900e+05   5.8654785e+01
   8.0135400e+05   5.8044434e+01
   8.0139500e+05   6.1096191e+01
   8.0140800e+05   4.2724609e+01
   8.0142900e+05   5.8044434e+01
   8.1109000e+05   3.2653809e+01
   8.2768300e+05   3.5095215e+01
   8.3362500e+05   3.2897949e+01
   8.4221300e+05   3.2287598e+01
   8.4929100e+05   3.2836914e+01
   8.5067000e+05   3.6193848e+01
   8.5128000e+05   3.9999390e+03
   8.5131400e+05   7.0617676e+01
   8.5134600e+05   5.9143066e+01
   8.5136100e+05   6.7016602e+01
   8.5137800e+05   3.3508301e+01
   8.5143100e+05   3.9794922e+01
   8.5144700e+05   6.2866211e+01
   8.5153300e+05   3.5400391e+01
   8.5155100e+05   6.2072754e+01
   8.6059000e+05   3.7048340e+01
   8.6736100e+05   3.4118652e+01
   8.7847000e+05   3.5705566e+01
   8.7953600e+05   3.6560059e+01
   8.8915000e+05   3.2409668e+01
   8.9559300e+05   3.6010742e+01
   9.0082500e+05   3.5949707e+01
   9.0129400e+05   3.9999390e+03
   9.0132800e+05   7.4707031e+01
   9.0134400e+05   4.2846680e+01
   9.0136100e+05   6.2194824e+01
   9.0137800e+05   5.7922363e+01
   9.0138900e+05   5.6823730e+01
   9.0140200e+05   3.5217285e+01
   9.0142600e+05   4.0771484e+01
   9.0148700e+05   3.9794922e+01
   9.0149700e+05   4.6081543e+01
   9.0302100e+05   3.5034180e+01
   9.0304500e+05   3.9001465e+01
   9.0308300e+05   3.3264160e+01
   9.0636300e+05   3.4545898e+01
   9.0728200e+05   3.2104492e+01
   9.1943600e+05   3.2348633e+01
   9.2145800e+05   3.2958984e+01
   9.2728800e+05   3.8085938e+01
   9.2833900e+05   3.3142090e+01
   9.3309200e+05   3.2287598e+01
   9.3870800e+05   3.7292480e+01
   9.5130600e+05   2.0150146e+03
   9.5131700e+05   3.3935547e+01
   9.5134200e+05   8.1970215e+01
   9.5136800e+05   3.6071777e+01
   9.5139300e+05   4.3212891e+01
   9.5141500e+05   4.2602539e+01
   9.5146400e+05   3.6804199e+01
   9.5147600e+05   5.6396484e+01
   9.5155100e+05   3.5522461e+01
   9.5572400e+05   3.3203125e+01
   9.6257300e+05   3.4118652e+01
   9.6568800e+05   3.3203125e+01
   9.6947600e+05   3.8574219e+01
   9.8099600e+05   3.3325195e+01
   9.8342800e+05   3.9062500e+01
   9.9680000e+05   3.6499023e+01
   9.9989300e+05   3.2897949e+01
   1.0013220e+06   3.9999390e+03
   1.0013560e+06   5.9875488e+01
   1.0013700e+06   4.7607422e+01
   1.0013980e+06   8.5449219e+01
   1.0014100e+06   6.3598633e+01
   1.0014200e+06   4.5532227e+01
   1.0014600e+06   3.4790039e+01
   1.0016070e+06   4.1748047e+01
   1.0022150e+06   3.3264160e+01
   1.0102430e+06   3.2104492e+01
   1.0208710e+06   3.4606934e+01
   1.0221970e+06   3.2226563e+01
   1.0234000e+06   3.3874512e+01
   1.0286500e+06   3.2714844e+01
   1.0315380e+06   3.4179688e+01
   1.0339720e+06   3.3264160e+01
   1.0513360e+06   3.9999390e+03
   1.0513470e+06   3.3874512e+01
   1.0513700e+06   8.3374023e+01
   1.0513920e+06   3.4973145e+01
   1.0514130e+06   4.9133301e+01
   1.0514280e+06   5.4199219e+01
   1.0514560e+06   4.3212891e+01
   1.0514840e+06   3.6132813e+01
   1.0515000e+06   5.7312012e+01
   1.0515310e+06   3.2165527e+01
   1.0568950e+06   3.7170410e+01
   1.0585040e+06   3.3569336e+01
   1.0674030e+06   3.5217285e+01
   1.0727960e+06   3.3264160e+01
   1.0759470e+06   3.7719727e+01
   1.0774900e+06   3.5461426e+01
   1.0778120e+06   4.9926758e+01
   1.0824010e+06   3.5156250e+01
   1.0893260e+06   3.5034180e+01
   1.0973030e+06   3.3813477e+01
   1.1013500e+06   3.9999390e+03
   1.1013610e+06   3.6560059e+01
   1.1013840e+06   6.2561035e+01
   1.1014260e+06   8.9233398e+01
   1.1014370e+06   6.7810059e+01
   1.1014940e+06   6.0607910e+01
   1.1015180e+06   4.9255371e+01
   1.1015580e+06   3.4240723e+01
   1.1015900e+06   4.1503906e+01
   1.1244420e+06   3.2348633e+01
   1.1288200e+06   3.4240723e+01
   1.1345430e+06   3.3935547e+01
   1.1376410e+06   3.4729004e+01
   1.1400370e+06   3.7414551e+01
   1.1411470e+06   3.3630371e+01
   1.1513620e+06   2.0063477e+03
   1.1513750e+06   3.6499023e+01
   1.1513980e+06   7.2326660e+01
   1.1514250e+06   3.2226563e+01
   1.1514460e+06   8.6975098e+01
   1.1514900e+06   4.8278809e+01
   1.1515250e+06   5.1269531e+01
   1.1515490e+06   3.3325195e+01
   1.1516000e+06   4.2968750e+01
   1.1516190e+06   3.2104492e+01
   1.1543780e+06   3.4118652e+01
   1.1611590e+06   3.3569336e+01
   1.1745160e+06   3.6682129e+01
   1.1812250e+06   3.2287598e+01
   1.1812860e+06   4.7363281e+01
   1.1813040e+06   8.2397461e+01
   1.1813360e+06   4.8706055e+01
   1.1813640e+06   5.3588867e+01
   1.1813750e+06   5.3344727e+01
   1.1813880e+06   3.3874512e+01
   1.1814210e+06   8.2580566e+01
   1.1814440e+06   3.7292480e+01
   1.1814630e+06   3.2287598e+01
   1.1814870e+06   4.0405273e+01
   1.1815280e+06   4.1687012e+01
   1.1815430e+06   3.3020020e+01
   1.1815830e+06   6.7932129e+01
   1.1816010e+06   3.2165527e+01
   1.1816430e+06   3.2775879e+01
   1.1816950e+06   4.2480469e+01
   1.1817150e+06   5.4443359e+01
   1.1817710e+06   4.4555664e+01
   1.1820010e+06   3.2104492e+01
   1.1898160e+06   3.3142090e+01
   1.1970120e+06   3.2714844e+01
   1.2013780e+06   3.9999390e+03
   1.2013880e+06   4.0527344e+01
   1.2014120e+06   6.7077637e+01
   1.2014440e+06   4.4128418e+01
   1.2014630e+06   7.4218750e+01
   1.2015030e+06   4.2663574e+01
   1.2016030e+06   3.7597656e+01
   1.2016570e+06   3.2714844e+01
   1.2066060e+06   3.2592773e+01
   1.2081690e+06   3.4118652e+01
   1.2096670e+06   3.3081055e+01
   1.2128210e+06   3.7597656e+01
   1.2139530e+06   3.5705566e+01
   1.2155960e+06   3.2775879e+01
   1.2196720e+06   3.2775879e+01
   1.2298650e+06   3.8757324e+01
   1.2373880e+06   3.5217285e+01
   1.2385270e+06   3.2714844e+01
   1.2399690e+06   3.2775879e+01
   1.2432510e+06   3.2226563e+01
   1.2432700e+06   5.2612305e+01
   1.2432800e+06   4.9987793e+01
   1.2433100e+06   3.7231445e+01
   1.2433660e+06   3.2165527e+01
   1.2433770e+06   6.2805176e+01
   1.2434610e+06   3.2409668e+01
   1.2435300e+06   3.7841797e+01
   1.2437690e+06   3.7414551e+01
   1.2441340e+06   3.4362793e+01
   1.2513900e+06   2.0112305e+03
   1.2514090e+06   4.1320801e+01
   1.2514260e+06   6.6406250e+01
   1.2514600e+06   3.5888672e+01
   1.2514720e+06   7.0922852e+01
   1.2514870e+06   3.4667969e+01
   1.2515090e+06   6.6833496e+01
   1.2515300e+06   4.7973633e+01
   1.2515470e+06   5.4992676e+01
   1.2701380e+06   3.3508301e+01
   1.2984750e+06   3.5400391e+01
   1.3005740e+06   3.6376953e+01
   1.3014060e+06   2.0071411e+03
   1.3014400e+06   7.3120117e+01
   1.3014770e+06   6.7199707e+01
   1.3014950e+06   4.0527344e+01
   1.3015090e+06   3.8879395e+01
   1.3015220e+06   3.8146973e+01
   1.3015530e+06   5.4504395e+01
   1.3015640e+06   4.7912598e+01
   1.3016100e+06   5.4870605e+01
   1.3016520e+06   5.1269531e+01
   1.3020660e+06   3.4545898e+01
   1.3021690e+06   3.4729004e+01
   1.3021940e+06   3.2775879e+01
   1.3023350e+06   3.9978027e+01
   1.3023750e+06   4.3945313e+01
   1.3082380e+06   3.4423828e+01
   1.3143970e+06   3.2409668e+01
   1.3347100e+06   6.4575195e+01
   1.3347940e+06   3.2104492e+01
   1.3348070e+06   6.5063477e+01
   1.3348490e+06   3.2958984e+01
   1.3349140e+06   3.4484863e+01
   1.3349300e+06   3.7353516e+01
   1.3349510e+06   6.7993164e+01
   1.3349850e+06   3.3752441e+01
   1.3351000e+06   3.3325195e+01
   1.3351160e+06   4.9072266e+01
   1.3463750e+06   3.3386230e+01
   1.3514180e+06   2.0077515e+03
   1.3514560e+06   5.7556152e+01
   1.3514790e+06   3.9306641e+01
   1.3514960e+06   4.5776367e+01
   1.3515090e+06   3.3691406e+01
   1.3515190e+06   4.1931152e+01
   1.3515550e+06   4.8095703e+01
   1.3515810e+06   6.6955566e+01
   1.3516000e+06   3.5644531e+01
   1.3516910e+06   3.3569336e+01
   1.3518730e+06   3.3264160e+01
   1.3518850e+06   4.4067383e+01
   1.3519210e+06   5.1818848e+01
   1.3520250e+06   3.5827637e+01
   1.3520720e+06   5.5786133e+01
   1.3521050e+06   3.8879395e+01
   1.3522290e+06   3.5034180e+01
   1.3639540e+06   3.2348633e+01
   1.3650650e+06   3.2958984e+01
   1.3696390e+06   3.6621094e+01
   1.3746430e+06   4.8767090e+01
   1.3747740e+06   4.3273926e+01
   1.3821920e+06   3.3874512e+01
   1.3858860e+06   3.2226563e+01
   1.3895630e+06   3.6499023e+01
   1.3904740e+06   3.2775879e+01
   1.3917570e+06   3.3020020e+01
   1.3918200e+06   3.3142090e+01
   1.3918480e+06   5.2490234e+01
   1.3918810e+06   4.2968750e+01
   1.3918930e+06   6.3110352e+01
   1.3919030e+06   5.9997559e+01
   1.3919190e+06   5.3833008e+01
   1.3919640e+06   4.5410156e+01
   1.3919860e+06   5.9448242e+01
   1.3920010e+06   4.9499512e+01
   1.3920120e+06   3.3569336e+01
   1.3920530e+06   3.4118652e+01
   1.3920630e+06   5.1452637e+01
   1.3920940e+06   3.4606934e+01
   1.3921340e+06   4.0954590e+01
   1.3921500e+06   5.5725098e+01
   1.3921710e+06   3.7292480e+01
   1.3922140e+06   3.7719727e+01
   1.3922450e+06   6.3171387e+01
   1.3922640e+06   3.3691406e+01
   1.3922880e+06   3.8391113e+01
   1.3922980e+06   3.8452148e+01
   1.3923130e+06   3.7780762e+01
   1.3923340e+06   5.7556152e+01
   1.3923650e+06   3.2653809e+01
   1.3923940e+06   4.5776367e+01
   1.3924260e+06   5.1147461e+01
   1.3924930e+06   3.7414551e+01
   1.3926240e+06   3.5949707e+01
   1.3926560e+06   4.6813965e+01
   1.3926960e+06   3.2470703e+01
   1.3927260e+06   3.3508301e+01
   1.3927410e+06   3.7475586e+01
   1.3927830e+06   3.2531738e+01
   1.3928480e+06   4.2968750e+01
   1.3928580e+06   3.4301758e+01
   1.3929190e+06   3.6560059e+01
   1.3929500e+06   3.5095215e+01
   1.3929640e+06   3.2958984e+01
   1.3930490e+06   3.5034180e+01
   1.3931730e+06   3.6071777e+01
   1.3932170e+06   3.7536621e+01
   1.3933020e+06   4.3518066e+01
   1.3934500e+06   4.2053223e+01
   1.3935320e+06   3.5400391e+01
   1.3935540e+06   3.8269043e+01
   1.3936220e+06   3.2409668e+01
   1.3936840e+06   3.2653809e+01
   1.3939710e+06   5.9509277e+01
   1.3941500e+06   4.4982910e+01
   1.4014320e+06   2.0071411e+03
   1.4014690e+06   5.5603027e+01
   1.4014870e+06   3.5522461e+01
   1.4015400e+06   3.7963867e+01
   1.4112430e+06   3.4912109e+01
   1.4116660e+06   3.2104492e+01
   1.4373790e+06   3.2714844e+01
   1.4393760e+06   3.2714844e+01
   1.4478590e+06   3.2653809e+01
   1.4497200e+06   3.6804199e+01
   1.4514460e+06   2.0070801e+03
   1.4514820e+06   5.0659180e+01
   1.4515030e+06   3.4973145e+01
   1.4515540e+06   3.2958984e+01
   1.4567510e+06   3.7292480e+01
   1.4664710e+06   3.5888672e+01
   1.5014600e+06   2.0057373e+03
   1.5014980e+06   9.1430664e+01
   1.5015110e+06   4.7973633e+01
   1.5015430e+06   3.4179688e+01
   1.5015740e+06   3.7170410e+01
   1.5015920e+06   6.6894531e+01
   1.5079730e+06   4.9072266e+01
   1.5080040e+06   4.0954590e+01
   1.5080460e+06   3.2958984e+01
   1.5080870e+06   3.4362793e+01
   1.5140330e+06   3.5095215e+01
   1.5184090e+06   3.4545898e+01
   1.5231730e+06   3.6376953e+01
   1.5305860e+06   3.6987305e+01
   1.5339510e+06   5.7739258e+01
   1.5339620e+06   5.3710938e+01
   1.5339760e+06   3.2714844e+01
   1.5340010e+06   4.4921875e+01
   1.5340680e+06   4.9194336e+01
   1.5341600e+06   5.7189941e+01
   1.5341740e+06   5.0659180e+01
   1.5514740e+06   2.0090942e+03
   1.5514930e+06   3.2470703e+01
   1.5515100e+06   7.2021484e+01
   1.5515390e+06   3.7353516e+01
   1.5515590e+06   9.4787598e+01
   1.5515690e+06   4.5043945e+01
   1.5515830e+06   4.3273926e+01
   1.5515950e+06   3.7475586e+01
   1.5516170e+06   4.6997070e+01
   1.5516410e+06   5.4565430e+01
   1.5518030e+06   3.7353516e+01
   1.5518410e+06   4.0954590e+01
   1.5518650e+06   6.1889648e+01
   1.5519070e+06   3.7841797e+01
   1.5519310e+06   4.3518066e+01
   1.5519550e+06   3.8391113e+01
   1.5519730e+06   3.6926270e+01
   1.5519870e+06   3.9428711e+01
   1.5520160e+06   3.8513184e+01
   1.5520440e+06   4.0771484e+01
   1.5520570e+06   3.3813477e+01
   1.5520760e+06   3.6743164e+01
   1.5521160e+06   3.8513184e+01
   1.5521430e+06   5.9692383e+01
   1.5521720e+06   3.2348633e+01
   1.5521870e+06   3.6071777e+01
   1.5522420e+06   3.2470703e+01
   1.5522620e+06   3.4790039e+01
   1.5523250e+06   3.8330078e+01
   1.5523720e+06   5.7373047e+01
   1.5523890e+06   3.2653809e+01
   1.5524640e+06   3.2592773e+01
   1.5525190e+06   3.2531738e+01
   1.5525550e+06   3.9306641e+01
   1.5765610e+06   3.2531738e+01
   1.5775920e+06   4.0893555e+01
   1.5776300e+06   6.0058594e+01
   1.5777250e+06   3.6865234e+01
   1.5777720e+06   4.0649414e+01
   1.5778040e+06   4.9743652e+01
   1.5778150e+06   4.5227051e+01
   1.5778310e+06   3.3508301e+01
   1.5778690e+06   3.4790039e+01
   1.5779760e+06   3.3935547e+01
   1.5884830e+06   3.7048340e+01
   1.5890010e+06   3.2958984e+01
   1.5938690e+06   3.2958984e+01
   1.5953890e+06   5.6152344e+01
   1.6014890e+06   1.8164062e+02
   1.6015260e+06   5.4138184e+01
   1.6015510e+06   4.1870117e+01
   1.6015780e+06   6.0546875e+01
   1.6015880e+06   5.9570313e+01
   1.6016270e+06   4.1381836e+01
   1.6016430e+06   4.6203613e+01
   1.6016860e+06   3.5827637e+01
   1.6017150e+06   4.4311523e+01
   1.6020390e+06   3.7353516e+01
   1.6020650e+06   4.6508789e+01
   1.6021080e+06   3.2775879e+01
   1.6021190e+06   7.6904297e+01
   1.6021490e+06   3.3020020e+01
   1.6022020e+06   3.8635254e+01
   1.6022470e+06   4.5043945e+01
   1.6022730e+06   5.6335449e+01
   1.6023590e+06   3.6560059e+01
   1.6204360e+06   4.2846680e+01
   1.6205120e+06   3.8818359e+01
   1.6284690e+06   3.4301758e+01
   1.6285240e+06   6.6650391e+01
   1.6285410e+06   3.5644531e+01
   1.6286110e+06   5.0537109e+01
   1.6286870e+06   3.6193848e+01
   1.6287110e+06   7.9772949e+01
   1.6287520e+06   3.7841797e+01
   1.6287900e+06   4.3945313e+01
   1.6288090e+06   3.6315918e+01
   1.6288320e+06   3.9855957e+01
   1.6288690e+06   3.3691406e+01
   1.6288900e+06   4.8767090e+01
   1.6289410e+06   3.4118652e+01
   1.6290150e+06   3.3447266e+01
   1.6290850e+06   3.3630371e+01
   1.6455620e+06   3.2958984e+01
   1.6463890e+06   3.2104492e+01
   1.6464840e+06   5.2185059e+01
   1.6464990e+06   3.3630371e+01
   1.6465250e+06   3.3447266e+01
   1.6465350e+06   3.4484863e+01
   1.6465590e+06   6.9274902e+01
   1.6465810e+06   3.3935547e+01
   1.6466160e+06   5.3894043e+01
   1.6466450e+06   5.0537109e+01
   1.6466720e+06   4.8767090e+01
   1.6466840e+06   3.6315918e+01
   1.6467330e+06   3.5095215e+01
   1.6467570e+06   4.3212891e+01
   1.6468540e+06   3.2592773e+01
   1.6515040e+06   2.0081787e+03
   1.6515140e+06   3.7719727e+01
   1.6515380e+06   5.9143066e+01
   1.6515570e+06   3.3142090e+01
   1.6515780e+06   4.5349121e+01
   1.6515950e+06   8.1298828e+01
   1.6516220e+06   4.4067383e+01
   1.6569840e+06   3.4362793e+01
   1.6570980e+06   4.2785645e+01
   1.6571670e+06   3.9855957e+01
   1.6571820e+06   5.6091309e+01
   1.6572010e+06   4.1137695e+01
   1.6572230e+06   3.3752441e+01
   1.6572640e+06   4.3762207e+01
   1.6572910e+06   3.6254883e+01
   1.6573380e+06   3.6010742e+01
   1.6573550e+06   3.2897949e+01
   1.6573750e+06   3.3630371e+01
   1.6680790e+06   3.3630371e+01
   1.6756350e+06   3.9550781e+01
   1.6756660e+06   3.2287598e+01
   1.6757100e+06   4.7119141e+01
   1.6758710e+06   6.5856934e+01
   1.6758810e+06   5.4626465e+01
   1.6759150e+06   3.6193848e+01
   1.6759690e+06   6.2561035e+01
   1.6760650e+06   3.3264160e+01
   1.6858430e+06   3.3264160e+01
   1.6859760e+06   3.6132813e+01
   1.6860420e+06   6.4697266e+01
   1.6861280e+06   3.3264160e+01
   1.6923830e+06   3.5278320e+01
   1.6938330e+06   3.3935547e+01
   1.7015160e+06   2.0121460e+03
   1.7015270e+06   3.6437988e+01
   1.7015670e+06   3.8574219e+01
   1.7015840e+06   4.1320801e+01
   1.7016210e+06   3.3325195e+01
   1.7016390e+06   3.4973145e+01
   1.7016670e+06   4.2114258e+01
   1.7017660e+06   3.2958984e+01
   1.7017860e+06   3.4301758e+01
   1.7108880e+06   5.0781250e+01
   1.7109630e+06   5.4138184e+01
   1.7109740e+06   4.5532227e+01
   1.7110250e+06   3.7475586e+01
   1.7110600e+06   5.2856445e+01
   1.7110740e+06   3.4240723e+01
   1.7111000e+06   5.1025391e+01
   1.7259330e+06   3.5827637e+01
   1.7286700e+06   3.5095215e+01
   1.7289150e+06   4.6508789e+01
   1.7289470e+06   6.3659668e+01
   1.7290060e+06   3.3325195e+01
   1.7290980e+06   3.6743164e+01
   1.7291700e+06   5.7678223e+01
   1.7292020e+06   3.6560059e+01
   1.7390280e+06   4.4799805e+01
   1.7392060e+06   4.5410156e+01
   1.7515300e+06   2.0104370e+03
   1.7515670e+06   6.2683105e+01
   1.7515920e+06   4.8583984e+01
   1.7516260e+06   4.6630859e+01
   1.7516410e+06   3.4545898e+01
   1.7516840e+06   4.1320801e+01
   1.7517320e+06   3.2165527e+01
   1.7629100e+06   4.6691895e+01
   1.7813650e+06   3.2348633e+01
   1.7901520e+06   3.8085938e+01
   1.7975200e+06   3.3569336e+01
   1.7989910e+06   3.3813477e+01
   1.8015440e+06   2.0051880e+03
   1.8015810e+06   5.4992676e+01
   1.8015960e+06   5.4931641e+01
   1.8016230e+06   3.9611816e+01
   1.8016450e+06   3.6499023e+01
   1.8016650e+06   6.9824219e+01
   1.8017070e+06   4.9560547e+01
   1.8017560e+06   4.3823242e+01
   1.8018390e+06   3.2531738e+01
   1.8021620e+06   3.2226563e+01
   1.8023050e+06   5.5297852e+01
   1.8023410e+06   4.8583984e+01
   1.8023630e+06   3.4179688e+01
   1.8122840e+06   3.3142090e+01
   1.8229980e+06   3.2897949e+01
   1.8345190e+06   3.3691406e+01
   1.8375930e+06   3.2653809e+01
   1.8395380e+06   3.7170410e+01
   1.8419000e+06   3.5034180e+01
   1.8453860e+06   3.4423828e+01
   1.8495410e+06   3.2714844e+01
   1.8495710e+06   3.2653809e+01
   1.8515600e+06   3.9999390e+03
   1.8515940e+06   6.4208984e+01
   1.8516400e+06   6.4941406e+01
   1.8516560e+06   5.8227539e+01
   1.8517100e+06   3.7109375e+01
   1.8517620e+06   5.7250977e+01
   1.8517800e+06   3.6315918e+01
   1.8518620e+06   3.2287598e+01
   1.8519990e+06   4.3151855e+01
   1.8520760e+06   3.4790039e+01
   1.8524050e+06   4.6936035e+01
   1.8524190e+06   3.2714844e+01
   1.8525310e+06   4.5349121e+01
   1.8525500e+06   4.0893555e+01
   1.8614990e+06   3.5461426e+01
   1.8620940e+06   3.2653809e+01
   1.8778290e+06   3.2897949e+01
   1.8836590e+06   3.4118652e+01
   1.8975230e+06   3.9001465e+01
   1.9015720e+06   2.0062256e+03
   1.9016080e+06   7.0129395e+01
   1.9016450e+06   4.2358398e+01
   1.9016670e+06   5.8654785e+01
   1.9016850e+06   4.6691895e+01
   1.9016970e+06   3.9672852e+01
   1.9017350e+06   5.9204102e+01
   1.9017700e+06   3.2226563e+01
   1.9018210e+06   4.4067383e+01
   1.9018800e+06   3.4912109e+01
   1.9025140e+06   3.2714844e+01
   1.9162260e+06   3.2714844e+01
   1.9204790e+06   3.5156250e+01
   1.9275030e+06   3.8452148e+01
   1.9377490e+06   3.2897949e+01
   1.9515860e+06   2.0056152e+03
   1.9515990e+06   3.3264160e+01
   1.9516240e+06   7.5622559e+01
   1.9516450e+06   4.0222168e+01
   1.9516650e+06   6.7932129e+01
   1.9516880e+06   4.0466309e+01
   1.9516990e+06   3.2409668e+01
   1.9517180e+06   3.2775879e+01
   1.9517750e+06   3.7597656e+01
   1.9518560e+06   3.6071777e+01
   1.9519290e+06   3.7658691e+01
   1.9589310e+06   3.3203125e+01
   1.9591040e+06   3.2104492e+01
   1.9641450e+06   3.5705566e+01
   1.9748890e+06   3.4118652e+01
   1.9761630e+06   3.5644531e+01
   1.9796330e+06   3.4301758e+01
   1.9996090e+06   3.9306641e+01
   2.0014020e+06   4.0161133e+01
   2.0016000e+06   2.0086670e+03
   2.0016380e+06   7.6721191e+01
   2.0016530e+06   3.3142090e+01
   2.0016750e+06   3.6865234e+01
   2.0017030e+06   6.9519043e+01
   2.0017390e+06   4.4189453e+01
   2.0017570e+06   6.4636230e+01
   2.0017700e+06   3.8574219e+01
   2.0017930e+06   5.3588867e+01
   2.0018450e+06   3.3508301e+01
   2.0018690e+06   4.8400879e+01
   2.0116630e+06   3.4423828e+01
   2.0265230e+06   3.2775879e+01
   2.0389510e+06   3.7170410e+01
   2.0395480e+06   3.4973145e+01
   2.0460860e+06   3.3264160e+01
   2.0516160e+06   3.9999390e+03
   2.0516320e+06   3.5278320e+01
   2.0516500e+06   7.8430176e+01
   2.0516760e+06   3.5583496e+01
   2.0516880e+06   4.6264648e+01
   2.0517050e+06   5.6457520e+01
   2.0517890e+06   4.1931152e+01
   2.0518100e+06   5.2612305e+01
   2.0518430e+06   3.5339355e+01
   2.0518640e+06   3.2653809e+01
   2.0518810e+06   5.2429199e+01
   2.0519360e+06   3.3813477e+01
   2.0829910e+06   3.2104492e+01
   2.0856650e+06   3.4973145e+01
   2.0880420e+06   3.4057617e+01
   2.0964220e+06   3.3996582e+01
   2.1016280e+06   2.0081787e+03
   2.1016640e+06   7.6110840e+01
   2.1017030e+06   5.4138184e+01
   2.1017130e+06   6.0180664e+01
   2.1017350e+06   5.7067871e+01
   2.1017610e+06   6.2133789e+01
   2.1017760e+06   7.2326660e+01
   2.1018380e+06   3.3508301e+01
   2.1018910e+06   3.3203125e+01
   2.1065260e+06   3.2409668e+01
   2.1083860e+06   3.4240723e+01
   2.1140780e+06   3.3630371e+01
   2.1164780e+06   3.2592773e+01
   2.1244150e+06   3.5034180e+01
   2.1256660e+06   3.4545898e+01
   2.1336800e+06   3.7231445e+01
   2.1458950e+06   3.7597656e+01
   2.1516420e+06   2.0086060e+03
   2.1516810e+06   6.3232422e+01
   2.1516920e+06   3.3996582e+01
   2.1517260e+06   5.6518555e+01
   2.1517530e+06   4.3212891e+01
   2.1517800e+06   3.3203125e+01
   2.1518530e+06   3.2531738e+01
   2.1594960e+06   3.2775879e+01
   2.1638250e+06   3.3081055e+01
   2.1676080e+06   3.2653809e+01
   2.1836440e+06   3.4423828e+01
   2.1920840e+06   3.7719727e+01
   2.1933760e+06   3.2470703e+01
   2.1952010e+06   3.2836914e+01
   2.1975300e+06   3.4851074e+01
   2.2016580e+06   3.9999390e+03
   2.2016690e+06   5.2673340e+01
   2.2016920e+06   6.7077637e+01
   2.2017310e+06   4.0771484e+01
   2.2017530e+06   6.5551758e+01
   2.2017820e+06   6.2194824e+01
   2.2018050e+06   5.2612305e+01
   2.2018390e+06   3.5705566e+01
   2.2019150e+06   3.3874512e+01
   2.2105180e+06   3.3447266e+01
   2.2139440e+06   3.3996582e+01
   2.2155750e+06   3.3447266e+01
   2.2252050e+06   3.3020020e+01
   2.2262350e+06   3.3142090e+01
   2.2320640e+06   3.3935547e+01
   2.2404710e+06   3.7719727e+01
   2.2454090e+06   3.4606934e+01
   2.2516700e+06   2.0056763e+03
   2.2516820e+06   3.6560059e+01
   2.2517060e+06   7.4890137e+01
   2.2517500e+06   3.3081055e+01
   2.2517600e+06   5.6030273e+01
   2.2517840e+06   4.3701172e+01
   2.2518060e+06   3.8635254e+01
   2.2518340e+06   3.2104492e+01
   2.2518590e+06   4.0466309e+01
   2.2520790e+06   5.6579590e+01
   2.2666000e+06   3.6437988e+01
   2.2666560e+06   3.6315918e+01
   2.2715440e+06   3.4484863e+01
   2.2858370e+06   3.8879395e+01
   2.2991490e+06   3.3081055e+01
   2.3016840e+06   2.0064697e+03
   2.3016950e+06   3.8085938e+01
   2.3017200e+06   8.7646484e+01
   2.3017640e+06   5.9509277e+01
   2.3017980e+06   4.2724609e+01
   2.3018080e+06   5.5664063e+01
   2.3018380e+06   5.9326172e+01
   2.3018770e+06   3.7902832e+01
   2.3019060e+06   3.8146973e+01
   2.3019380e+06   3.9855957e+01
   2.3019750e+06   5.1696777e+01
   2.3020090e+06   4.5288086e+01
   2.3144920e+06   3.4118652e+01
   2.3222030e+06   3.6926270e+01
   2.3278780e+06   3.3447266e+01
   2.3313620e+06   3.2897949e+01
   2.3496610e+06   3.2226563e+01
   2.3516980e+06   2.0090942e+03
   2.3517340e+06   7.1228027e+01
   2.3517600e+06   3.2531738e+01
   2.3517720e+06   6.1462402e+01
   2.3517950e+06   4.2602539e+01
   2.3518170e+06   5.1757813e+01
   2.3518600e+06   4.9316406e+01
   2.3518770e+06   4.3884277e+01
   2.3519130e+06   3.4667969e+01
   2.3519860e+06   3.7841797e+01
   2.3524510e+06   3.5278320e+01
   2.3525670e+06   3.7353516e+01
   2.3526640e+06   5.7434082e+01
   2.3526880e+06   3.9489746e+01
   2.3527770e+06   3.8024902e+01
   2.3692830e+06   3.3142090e+01
   2.3703130e+06   3.2775879e+01
   2.3737930e+06   3.5156250e+01
   2.3853930e+06   3.3569336e+01
   2.3892750e+06   4.3945313e+01
   2.3935540e+06   3.3813477e+01
   2.3977630e+06   3.3630371e+01
   2.4013280e+06   3.6254883e+01
   2.4017120e+06   2.0108643e+03
   2.4017260e+06   3.3996582e+01
   2.4017480e+06   4.6630859e+01
   2.4017640e+06   3.8696289e+01
   2.4017970e+06   5.8105469e+01
   2.4018110e+06   4.2480469e+01
   2.4018340e+06   3.8513184e+01
   2.4018770e+06   4.1137695e+01
   2.4018920e+06   6.2927246e+01
   2.4019160e+06   3.5034180e+01
   2.4019750e+06   4.0893555e+01
   2.4020030e+06   3.5217285e+01
   2.4026530e+06   3.8330078e+01
   2.4029750e+06   3.9794922e+01
   2.4265930e+06   3.3142090e+01
   2.4379480e+06   3.2531738e+01
   2.4485670e+06   3.2165527e+01
   2.4517260e+06   2.0117188e+03
   2.4517620e+06   7.5683594e+01
   2.4517990e+06   4.4311523e+01
   2.4518120e+06   7.4279785e+01
   2.4518230e+06   4.1564941e+01
   2.4518520e+06   4.7546387e+01
   2.4518700e+06   3.9428711e+01
   2.4518900e+06   3.2165527e+01
   2.4519350e+06   3.8269043e+01
   2.4532350e+06   3.2348633e+01
   2.4621990e+06   3.5766602e+01
   2.4702690e+06   3.2165527e+01
   2.4801330e+06   3.3142090e+01
   2.4839610e+06   3.8635254e+01
   2.4893860e+06   3.3752441e+01
   2.4941340e+06   3.3996582e+01
   2.4950900e+06   3.2104492e+01
   2.5137600e+06   3.2470703e+01
   2.5140940e+06   3.9245605e+01
   2.5188700e+06   3.6560059e+01
   2.5296080e+06   3.6437988e+01
   2.5296390e+06   3.7719727e+01
   2.5296680e+06   3.2836914e+01
   2.5296880e+06   5.9204102e+01
   2.5297080e+06   7.5256348e+01
   2.5297180e+06   5.9631348e+01
   2.5297480e+06   4.8095703e+01
   2.5297650e+06   4.6081543e+01
   2.5297900e+06   3.3691406e+01
   2.5298050e+06   3.2592773e+01
   2.5298350e+06   4.2358398e+01
   2.5298490e+06   4.1870117e+01
   2.5298730e+06   4.0466309e+01
   2.5299050e+06   3.6865234e+01
   2.5299260e+06   3.6804199e+01
   2.5299480e+06   3.5705566e+01
   2.5299660e+06   3.4301758e+01
   2.5299920e+06   3.3874512e+01
   2.5300140e+06   4.6936035e+01
   2.5300490e+06   3.4179688e+01
   2.5300590e+06   4.5593262e+01
   2.5300940e+06   4.1198730e+01
   2.5301230e+06   4.4006348e+01
   2.5301470e+06   4.0161133e+01
   2.5301940e+06   3.9916992e+01
   2.5302180e+06   3.7109375e+01
   2.5302520e+06   4.0100098e+01
   2.5303140e+06   3.3203125e+01
   2.5303370e+06   3.6621094e+01
   2.5303540e+06   3.6499023e+01
   2.5304330e+06   4.2968750e+01
   2.5304750e+06   3.2226563e+01
   2.5305080e+06   3.8085938e+01
   2.5305330e+06   3.5949707e+01
   2.5305640e+06   4.5410156e+01
   2.5306170e+06   3.5217285e+01
   2.5306440e+06   4.0649414e+01
   2.5307070e+06   4.6813965e+01
   2.5307590e+06   3.4606934e+01
   2.5308570e+06   3.9001465e+01
   2.5309600e+06   3.3935547e+01
   2.5310620e+06   3.4179688e+01
   2.5311510e+06   3.8146973e+01
   2.5313080e+06   3.2714844e+01
   2.5315490e+06   3.3447266e+01
   2.5316250e+06   3.4057617e+01
   2.5317380e+06   4.1992188e+01
   2.5364940e+06   3.5522461e+01
   2.5594850e+06   3.3691406e+01
   2.5651640e+06   3.5034180e+01
   2.6048380e+06   3.2531738e+01
   2.6154320e+06   3.4240723e+01
   2.6314330e+06   3.4362793e+01
   2.6497820e+06   4.0405273e+01
   2.6499650e+06   3.4118652e+01
   2.6499890e+06   6.2194824e+01
   2.6500510e+06   3.4606934e+01
   2.6545950e+06   3.9428711e+01
   2.6652010e+06   3.3569336e+01
   2.6725840e+06   3.4545898e+01
   2.6740700e+06   3.2348633e+01
   2.6755590e+06   4.2114258e+01
   2.6825820e+06   3.3691406e+01
   2.6826240e+06   4.5654297e+01
   2.6828600e+06   4.4738770e+01
   2.6829140e+06   4.1137695e+01
   2.6829250e+06   4.9926758e+01
   2.6829640e+06   3.3264160e+01
   2.6912620e+06   3.3691406e+01
   2.6920850e+06   3.3996582e+01
   2.6973300e+06   3.2104492e+01
   2.7192810e+06   3.3874512e+01
   2.7334430e+06   3.3691406e+01
   2.7480000e+06   3.9855957e+01
   2.7798070e+06   3.2897949e+01
   2.7823500e+06   3.3874512e+01
   2.7867240e+06   3.4057617e+01
   2.7904710e+06   3.3020020e+01
   2.8177970e+06   3.5400391e+01
   2.8213580e+06   3.6010742e+01
   2.8231690e+06   3.2165527e+01
   2.8248490e+06   3.2287598e+01
   2.8263370e+06   3.2775879e+01
   2.8677270e+06   3.2653809e+01
   2.8753170e+06   3.2165527e+01
   2.8877830e+06   3.3752441e+01
   2.8954900e+06   3.5156250e+01
   2.8981010e+06   3.4667969e+01
   2.9091600e+06   3.2165527e+01
   2.9184600e+06   3.4301758e+01
   2.9214390e+06   3.4973145e+01
   2.9220530e+06   3.3752441e+01
   2.9222790e+06   4.4128418e+01
   2.9248860e+06   3.2226563e+01
   2.9457750e+06   3.2165527e+01
   2.9694870e+06   3.3752441e+01
   2.9771760e+06   3.4179688e+01
   2.9978690e+06   3.3996582e+01
