   2.9990000e+06   0.0000000e+00
   9.3200000e+02   3.3813477e+01
   1.0400000e+03   2.0103149e+03
   1.0750000e+03   9.4848633e+01
   1.0880000e+03   1.2567139e+02
   1.0990000e+03   3.3630371e+01
   1.1150000e+03   9.0393066e+01
   1.1450000e+03   5.5969238e+01
   1.1870000e+03   4.6264648e+01
   1.2020000e+03   3.6071777e+01
   1.2430000e+03   5.1635742e+01
   1.3020000e+03   3.7658691e+01
   1.3930000e+03   3.8635254e+01
   1.4480000e+03   3.9978027e+01
   1.5040000e+03   4.7912598e+01
   1.5250000e+03   3.5583496e+01
   1.5740000e+03   3.9672852e+01
   1.6090000e+03   3.7109375e+01
   1.6250000e+03   4.9438477e+01
   1.6720000e+03   3.7597656e+01
   1.7010000e+03   6.2072754e+01
   1.7360000e+03   3.3630371e+01
   6.9030000e+03   4.0222168e+01
   7.5260000e+03   3.3996582e+01
   9.3030000e+03   4.9621582e+01
   9.9200000e+03   3.3691406e+01
   1.1261000e+04   3.5766602e+01
   1.2387000e+04   3.6682129e+01
   1.3781000e+04   4.5776367e+01
   1.4464000e+04   3.5339355e+01
   1.4634000e+04   6.6101074e+01
   1.5773000e+04   3.6193848e+01
   1.7303000e+04   5.1208496e+01
   2.1460000e+04   4.8400879e+01
   2.3664000e+04   5.4931641e+01
   2.5684000e+04   3.5522461e+01
   2.7266000e+04   4.0649414e+01
   2.7483000e+04   4.3273926e+01
   2.7511000e+04   3.4362793e+01
   2.9657000e+04   5.7006836e+01
   2.9934000e+04   5.0292969e+01
   3.0207000e+04   3.6376953e+01
   3.0764000e+04   3.4118652e+01
   3.0931000e+04   4.2419434e+01
   3.1888000e+04   4.8767090e+01
   3.2824000e+04   6.0668945e+01
   3.6067000e+04   4.4982910e+01
   3.8025000e+04   3.5766602e+01
   3.9388000e+04   3.4545898e+01
   3.9485000e+04   6.3537598e+01
   4.0125000e+04   3.9123535e+01
   4.0598000e+04   3.5949707e+01
   4.4382000e+04   3.9306641e+01
   4.5078000e+04   6.0974121e+01
   4.5216000e+04   3.8391113e+01
   4.5315000e+04   3.4484863e+01
   4.5680000e+04   6.5246582e+01
   4.5691000e+04   4.1442871e+01
   4.5760000e+04   3.6682129e+01
   4.5772000e+04   3.4729004e+01
   4.5793000e+04   7.1105957e+01
   4.5819000e+04   4.0100098e+01
   4.5845000e+04   7.9345703e+01
   4.5876000e+04   5.2429199e+01
   4.5891000e+04   3.9306641e+01
   4.5937000e+04   3.6132813e+01
   4.5963000e+04   3.4912109e+01
   4.5973000e+04   6.5490723e+01
   4.6002000e+04   4.7241211e+01
   4.6012000e+04   4.9621582e+01
   4.6037000e+04   4.1381836e+01
   4.6061000e+04   4.4921875e+01
   4.6104000e+04   3.8452148e+01
   4.6122000e+04   4.2114258e+01
   4.6145000e+04   3.7597656e+01
   4.6173000e+04   5.2856445e+01
   4.6185000e+04   5.3161621e+01
   4.6223000e+04   7.9589844e+01
   4.6262000e+04   3.5217285e+01
   5.1054000e+04   2.0061646e+03
   5.1067000e+04   8.2275391e+01
   5.1102000e+04   1.3665771e+02
   5.1128000e+04   4.1442871e+01
   5.1148000e+04   6.1584473e+01
   5.1173000e+04   3.6682129e+01
   5.1266000e+04   4.0100098e+01
   5.5190000e+04   3.5705566e+01
   5.5682000e+04   4.0161133e+01
   5.6095000e+04   3.8146973e+01
   6.0372000e+04   3.6499023e+01
   6.1888000e+04   5.6884766e+01
   6.4619000e+04   3.3874512e+01
   6.4666000e+04   5.8959961e+01
   6.5802000e+04   3.6437988e+01
   6.7857000e+04   6.7016602e+01
   7.2782000e+04   3.5095215e+01
   7.3852000e+04   4.7363281e+01
   7.3932000e+04   4.2968750e+01
   7.4049000e+04   8.1054688e+01
   7.4337000e+04   4.7424316e+01
   7.4372000e+04   3.8757324e+01
   7.4406000e+04   3.5278320e+01
   7.4472000e+04   3.8757324e+01
   7.4678000e+04   6.1706543e+01
   7.4746000e+04   3.4851074e+01
   7.4778000e+04   3.6193848e+01
   7.4811000e+04   4.4189453e+01
   7.5735000e+04   3.7597656e+01
   7.5969000e+04   3.7048340e+01
   8.3396000e+04   6.0668945e+01
   8.4533000e+04   3.3935547e+01
   9.0357000e+04   4.1748047e+01
   9.0885000e+04   3.4851074e+01
   9.1009000e+04   3.6254883e+01
   9.1039000e+04   6.8115234e+01
   9.1093000e+04   3.7353516e+01
   9.1111000e+04   3.6376953e+01
   9.1164000e+04   5.5969238e+01
   9.1239000e+04   3.4118652e+01
   9.1263000e+04   6.3903809e+01
   9.1296000e+04   4.0405273e+01
   9.8725000e+04   3.5766602e+01
   9.9563000e+04   3.5278320e+01
   1.0065400e+05   5.3283691e+01
   1.0083400e+05   5.1025391e+01
   1.0106800e+05   2.0092163e+03
   1.0108700e+05   1.4398193e+02
   1.0109700e+05   8.8256836e+01
   1.0112900e+05   9.6923828e+01
   1.0115500e+05   4.3945313e+01
   1.0116700e+05   4.1870117e+01
   1.0119300e+05   6.9763184e+01
   1.0120700e+05   5.5419922e+01
   1.0123900e+05   8.8439941e+01
   1.0127000e+05   4.2175293e+01
   1.0129400e+05   3.6499023e+01
   1.0133000e+05   5.3588867e+01
   1.0134000e+05   3.7231445e+01
   1.0143700e+05   3.7231445e+01
   1.0145300e+05   3.5095215e+01
   1.0147200e+05   5.1025391e+01
   1.0150300e+05   4.7058105e+01
   1.0152800e+05   8.3435059e+01
   1.0155000e+05   4.1015625e+01
   1.0157800e+05   8.8195801e+01
   1.0159000e+05   3.9367676e+01
   1.0162500e+05   3.3996582e+01
   1.0166100e+05   7.7941895e+01
   1.0167800e+05   6.5429688e+01
   1.0169700e+05   3.6743164e+01
   1.0174400e+05   3.7475586e+01
   1.0177400e+05   1.3647461e+02
   1.0179200e+05   4.3762207e+01
   1.0182400e+05   3.7170410e+01
   1.0185200e+05   4.3762207e+01
   1.0187900e+05   3.4851074e+01
   1.0190800e+05   4.2724609e+01
   1.0192200e+05   4.8828125e+01
   1.0193800e+05   4.2236328e+01
   1.0197300e+05   3.4667969e+01
   1.0201300e+05   4.3273926e+01
   1.0205200e+05   3.8208008e+01
   1.0206300e+05   4.0039063e+01
   1.0214000e+05   4.9072266e+01
   1.0216600e+05   3.8330078e+01
   1.0225800e+05   3.5156250e+01
   1.0663000e+05   3.6743164e+01
   1.0801500e+05   3.5461426e+01
   1.0829800e+05   3.4423828e+01
   1.0987500e+05   3.5644531e+01
   1.1053000e+05   3.5522461e+01
   1.1261200e+05   3.9245605e+01
   1.1323900e+05   6.7749023e+01
   1.1327400e+05   4.1320801e+01
   1.1719500e+05   6.6955566e+01
   1.1928700e+05   6.3842773e+01
   1.2038600e+05   5.6030273e+01
   1.2150200e+05   3.7292480e+01
   1.2326000e+05   5.9631348e+01
   1.2333000e+05   5.9936523e+01
   1.2624600e+05   5.0292969e+01
   1.2882200e+05   7.5927734e+01
   1.2884000e+05   6.4636230e+01
   1.2885800e+05   3.4484863e+01
   1.2890100e+05   3.6987305e+01
   1.2891100e+05   5.9204102e+01
   1.2895000e+05   6.2805176e+01
   1.2897300e+05   3.3630371e+01
   1.2899300e+05   5.3955078e+01
   1.2901100e+05   4.2053223e+01
   1.2903900e+05   4.0039063e+01
   1.2906000e+05   5.8715820e+01
   1.2908600e+05   5.0476074e+01
   1.2909900e+05   6.9091797e+01
   1.2912300e+05   5.6518555e+01
   1.2913600e+05   3.9001465e+01
   1.2916000e+05   3.9550781e+01
   1.2918200e+05   4.5227051e+01
   1.2921700e+05   5.5297852e+01
   1.2923100e+05   5.0231934e+01
   1.2924100e+05   4.6997070e+01
   1.2927900e+05   5.9448242e+01
   1.2929600e+05   5.1757813e+01
   1.2931800e+05   9.9304199e+01
   1.2932800e+05   4.3334961e+01
   1.2939900e+05   4.9682617e+01
   1.2942400e+05   6.2744141e+01
   1.2947400e+05   4.0039063e+01
   1.2949900e+05   3.4423828e+01
   1.2951100e+05   6.1584473e+01
   1.2953200e+05   4.2724609e+01
   1.2955200e+05   5.1208496e+01
   1.2962500e+05   4.1748047e+01
   1.2968600e+05   4.7058105e+01
   1.2979200e+05   3.6437988e+01
   1.2989400e+05   5.9448242e+01
   1.3579800e+05   3.5644531e+01
   1.3696500e+05   3.7597656e+01
   1.4011900e+05   7.2082520e+01
   1.4025800e+05   3.6376953e+01
   1.4082700e+05   3.7170410e+01
   1.4094600e+05   3.5949707e+01
   1.4101700e+05   6.0546875e+01
   1.4107500e+05   3.3569336e+01
   1.4155900e+05   4.5898438e+01
   1.4214200e+05   3.6743164e+01
   1.4399500e+05   6.3537598e+01
   1.4444200e+05   3.5644531e+01
   1.4602000e+05   5.2978516e+01
   1.4641300e+05   3.4179688e+01
   1.4694600e+05   3.6254883e+01
   1.4697300e+05   5.3771973e+01
   1.4721500e+05   4.0710449e+01
   1.4725900e+05   5.0903320e+01
   1.4727400e+05   7.0373535e+01
   1.4731200e+05   3.5034180e+01
   1.4733400e+05   4.8645020e+01
   1.4738600e+05   4.4494629e+01
   1.4741600e+05   4.3640137e+01
   1.4743500e+05   3.3752441e+01
   1.4745500e+05   5.2124023e+01
   1.4747000e+05   4.3945313e+01
   1.4748100e+05   4.5898438e+01
   1.4750300e+05   3.4912109e+01
   1.4752400e+05   3.9001465e+01
   1.4754700e+05   5.4382324e+01
   1.4757600e+05   3.7414551e+01
   1.4763700e+05   9.7229004e+01
   1.4765300e+05   5.9387207e+01
   1.4768000e+05   5.4260254e+01
   1.4774300e+05   5.8837891e+01
   1.4776400e+05   3.4423828e+01
   1.4778300e+05   4.0100098e+01
   1.4786200e+05   3.7902832e+01
   1.4793600e+05   4.3212891e+01
   1.4856000e+05   3.5522461e+01
   1.5108200e+05   2.0061646e+03
   1.5110200e+05   1.2390137e+02
   1.5111200e+05   7.5744629e+01
   1.5113200e+05   4.8217773e+01
   1.5115800e+05   6.4392090e+01
   1.5119100e+05   4.7363281e+01
   1.5124500e+05   3.3935547e+01
   1.5128800e+05   3.3691406e+01
   1.5135400e+05   5.6884766e+01
   1.5139900e+05   3.9367676e+01
   1.5817900e+05   3.3569336e+01
   1.6043400e+05   5.5114746e+01
   1.6410200e+05   3.8024902e+01
   1.6419700e+05   3.4240723e+01
   1.6430400e+05   4.4921875e+01
   1.6434700e+05   1.0760498e+02
   1.6438500e+05   3.8452148e+01
   1.6440400e+05   4.0100098e+01
   1.6442200e+05   3.4851074e+01
   1.6445700e+05   3.7170410e+01
   1.6449000e+05   4.1076660e+01
   1.6450500e+05   5.4992676e+01
   1.6452900e+05   5.3405762e+01
   1.6455000e+05   4.5043945e+01
   1.6457100e+05   3.6437988e+01
   1.6458900e+05   4.2236328e+01
   1.6461300e+05   5.5297852e+01
   1.6462500e+05   3.7841797e+01
   1.6463600e+05   7.0678711e+01
   1.6467100e+05   4.3212891e+01
   1.6470500e+05   8.0749512e+01
   1.6471900e+05   4.7668457e+01
   1.6474500e+05   4.7607422e+01
   1.6475800e+05   3.3874512e+01
   1.6482400e+05   3.3630371e+01
   1.6484000e+05   5.3161621e+01
   1.6485200e+05   3.6621094e+01
   1.6491700e+05   3.4545898e+01
   1.6510200e+05   6.3903809e+01
   1.7489500e+05   3.3935547e+01
   1.7491400e+05   7.7270508e+01
   1.7494000e+05   4.8217773e+01
   1.7496300e+05   8.1237793e+01
   1.7501900e+05   3.7658691e+01
   1.7504200e+05   4.7790527e+01
   1.7505900e+05   7.3608398e+01
   1.7512600e+05   3.5339355e+01
   1.7514700e+05   3.7597656e+01
   1.7516900e+05   4.4189453e+01
   1.7518400e+05   4.1564941e+01
   1.7520500e+05   4.9133301e+01
   1.7524100e+05   6.9702148e+01
   1.7525500e+05   8.9782715e+01
   1.7532500e+05   5.2429199e+01
   1.7534500e+05   3.3935547e+01
   1.7536600e+05   3.5156250e+01
   1.8437000e+05   4.1076660e+01
   1.8472300e+05   5.4931641e+01
   1.8484800e+05   3.6132813e+01
   1.8492100e+05   3.7475586e+01
   1.8496500e+05   3.5278320e+01
   1.8499100e+05   6.6772461e+01
   1.8504500e+05   3.9367676e+01
   1.8507700e+05   3.5339355e+01
   1.8510600e+05   4.9377441e+01
   1.8516400e+05   4.1992188e+01
   1.8519600e+05   3.6926270e+01
   1.8520900e+05   3.5400391e+01
   1.8525200e+05   3.3874512e+01
   1.8527200e+05   9.6496582e+01
   1.8531400e+05   3.9123535e+01
   1.8535200e+05   3.8513184e+01
   1.9268600e+05   3.7780762e+01
   1.9345700e+05   3.4545898e+01
   1.9350200e+05   3.4851074e+01
   1.9352100e+05   5.5419922e+01
   1.9359800e+05   3.5400391e+01
   1.9364600e+05   3.5705566e+01
   1.9366500e+05   6.2866211e+01
   1.9370500e+05   3.5827637e+01
   1.9372100e+05   4.5532227e+01
   1.9378500e+05   3.6010742e+01
   1.9382600e+05   3.6193848e+01
   1.9386400e+05   3.7902832e+01
   1.9389900e+05   3.5400391e+01
   1.9390900e+05   3.6254883e+01
   1.9394700e+05   3.7414551e+01
   1.9396100e+05   4.8706055e+01
   1.9400700e+05   4.8217773e+01
   1.9403000e+05   3.9245605e+01
   1.9416500e+05   3.6682129e+01
   2.0109600e+05   2.0090332e+03
   2.0111500e+05   8.2397461e+01
   2.0114400e+05   1.3659668e+02
   2.0117500e+05   6.9946289e+01
   2.0120500e+05   4.4128418e+01
   2.0121900e+05   4.2541504e+01
   2.0124100e+05   5.0964355e+01
   2.0128000e+05   4.2053223e+01
   2.0129500e+05   3.8757324e+01
   2.0131200e+05   3.4118652e+01
   2.0133500e+05   5.7373047e+01
   2.0141700e+05   5.0720215e+01
   2.0146600e+05   3.5766602e+01
   2.0150500e+05   4.0710449e+01
   2.0155100e+05   3.7231445e+01
   2.0157800e+05   6.0363770e+01
   2.0159200e+05   3.4423828e+01
   2.0160500e+05   6.6040039e+01
   2.0164100e+05   4.4006348e+01
   2.0167700e+05   3.7780762e+01
   2.0169500e+05   4.7485352e+01
   2.0171500e+05   4.2358398e+01
   2.0174500e+05   5.5725098e+01
   2.0176500e+05   3.9245605e+01
   2.0177500e+05   3.7902832e+01
   2.0179400e+05   5.6396484e+01
   2.0180900e+05   3.6132813e+01
   2.0183100e+05   4.3823242e+01
   2.0184600e+05   6.4575195e+01
   2.0187200e+05   5.3222656e+01
   2.0189800e+05   3.9611816e+01
   2.0192500e+05   3.8024902e+01
   2.0197300e+05   4.1503906e+01
   2.0201400e+05   5.0659180e+01
   2.0203900e+05   3.7414551e+01
   2.0216500e+05   3.6254883e+01
   2.1072100e+05   3.4606934e+01
   2.1267300e+05   3.6254883e+01
   2.1483200e+05   6.9580078e+01
   2.1489300e+05   3.6865234e+01
   2.1493700e+05   3.6926270e+01
   2.1495200e+05   4.9438477e+01
   2.1496900e+05   4.1809082e+01
   2.1500800e+05   3.9916992e+01
   2.1501900e+05   6.5551758e+01
   2.1507200e+05   4.1015625e+01
   2.1509000e+05   5.4321289e+01
   2.1512200e+05   3.7719727e+01
   2.1513300e+05   3.9062500e+01
   2.1519600e+05   6.1035156e+01
   2.1522200e+05   3.7780762e+01
   2.1523200e+05   3.9794922e+01
   2.1526600e+05   7.0068359e+01
   2.1579100e+05   3.6376953e+01
   2.2780000e+05   7.3791504e+01
   2.2782700e+05   5.2429199e+01
   2.2787800e+05   3.5522461e+01
   2.2789200e+05   5.3955078e+01
   2.2792500e+05   5.1391602e+01
   2.2793700e+05   3.4118652e+01
   2.2794900e+05   3.5400391e+01
   2.2797500e+05   5.0842285e+01
   2.2799100e+05   5.1269531e+01
   2.2801800e+05   4.0161133e+01
   2.2804700e+05   3.7658691e+01
   2.2805900e+05   4.7973633e+01
   2.2807800e+05   4.1870117e+01
   2.2809600e+05   5.9631348e+01
   2.2811400e+05   5.2612305e+01
   2.2813500e+05   4.3701172e+01
   2.2816900e+05   3.8940430e+01
   2.2818500e+05   1.2011719e+02
   2.2819900e+05   6.5063477e+01
   2.2823400e+05   4.1320801e+01
   2.2825800e+05   3.6132813e+01
   2.2832500e+05   3.6499023e+01
   2.2833600e+05   9.0576172e+01
   2.2840200e+05   3.6621094e+01
   2.2842800e+05   3.4729004e+01
   2.2847300e+05   6.1401367e+01
   2.2851600e+05   3.3935547e+01
   2.2869800e+05   3.7902832e+01
   2.3714100e+05   3.4240723e+01
   2.3741300e+05   3.6499023e+01
   2.3749700e+05   6.8786621e+01
   2.3755100e+05   6.8298340e+01
   2.3760800e+05   5.2001953e+01
   2.3765000e+05   3.8085938e+01
   2.3766600e+05   3.9062500e+01
   2.3771800e+05   6.7565918e+01
   2.3775200e+05   5.3466797e+01
   2.3777100e+05   4.4982910e+01
   2.3778100e+05   3.4667969e+01
   2.3780800e+05   4.0283203e+01
   2.3784300e+05   4.8950195e+01
   2.3787600e+05   6.2866211e+01
   2.3788800e+05   6.1706543e+01
   2.3797900e+05   3.4057617e+01
   2.3807500e+05   3.4973145e+01
   2.4634600e+05   4.1931152e+01
   2.4648300e+05   3.6987305e+01
   2.4651600e+05   4.4921875e+01
   2.4653600e+05   9.5031738e+01
   2.4654700e+05   5.4626465e+01
   2.4658300e+05   6.7626953e+01
   2.4659300e+05   4.8950195e+01
   2.4662100e+05   3.4912109e+01
   2.4665100e+05   7.7819824e+01
   2.4666800e+05   3.5888672e+01
   2.4670000e+05   8.4716797e+01
   2.4673900e+05   3.7719727e+01
   2.4678600e+05   7.2326660e+01
   2.4680200e+05   5.0537109e+01
   2.4683500e+05   4.0344238e+01
   2.4687900e+05   3.3569336e+01
   2.4689400e+05   3.7475586e+01
   2.4692100e+05   3.7414551e+01
   2.4694900e+05   3.7902832e+01
   2.4697000e+05   5.6762695e+01
   2.4698200e+05   3.6132813e+01
   2.4699500e+05   4.0832520e+01
   2.4711800e+05   4.1992188e+01
   2.4770300e+05   4.1870117e+01
   2.5111200e+05   3.9999390e+03
   2.5112300e+05   1.1315918e+02
   2.5115800e+05   1.2127686e+02
   2.5118900e+05   1.1846924e+02
   2.5121800e+05   3.9184570e+01
   2.5126200e+05   5.1818848e+01
   2.5127800e+05   4.1442871e+01
   2.5140700e+05   5.2490234e+01
   2.5648900e+05   3.5217285e+01
   2.5673500e+05   3.8696289e+01
   2.5676000e+05   7.7026367e+01
   2.5679100e+05   4.0771484e+01
   2.5681500e+05   5.9326172e+01
   2.5683000e+05   3.3752441e+01
   2.5684600e+05   4.1625977e+01
   2.5687900e+05   8.1176758e+01
   2.5689200e+05   5.1635742e+01
   2.5693500e+05   5.4199219e+01
   2.5696700e+05   3.9611816e+01
   2.5702100e+05   5.0720215e+01
   2.5705100e+05   3.7536621e+01
   2.5709300e+05   3.5095215e+01
   2.5714400e+05   5.1818848e+01
   2.5740100e+05   3.7109375e+01
   2.6439800e+05   3.6560059e+01
   2.6458200e+05   3.5461426e+01
   2.6501500e+05   3.8696289e+01
   2.6507800e+05   7.2937012e+01
   2.6512800e+05   3.7536621e+01
   2.6517500e+05   4.7424316e+01
   2.6520800e+05   3.8757324e+01
   2.6524800e+05   6.4147949e+01
   2.6528400e+05   3.7048340e+01
   2.6529900e+05   4.7485352e+01
   2.6531400e+05   4.3457031e+01
   2.6534600e+05   3.3935547e+01
   2.6536000e+05   3.5583496e+01
   2.6538500e+05   3.7048340e+01
   2.6545600e+05   4.2175293e+01
   2.6899500e+05   3.3569336e+01
   2.7223800e+05   4.0283203e+01
   2.7244200e+05   6.3659668e+01
   2.7262300e+05   7.3364258e+01
   2.7266200e+05   3.3874512e+01
   2.7272100e+05   3.4912109e+01
   2.7809400e+05   3.8024902e+01
   2.7819500e+05   6.2927246e+01
   2.7822200e+05   3.5827637e+01
   2.7824100e+05   6.8542480e+01
   2.7827000e+05   3.4973145e+01
   2.7832700e+05   5.5725098e+01
   2.7838900e+05   3.7109375e+01
   2.7841400e+05   8.6425781e+01
   2.7842500e+05   7.0190430e+01
   2.7844500e+05   5.4260254e+01
   2.7848600e+05   4.2968750e+01
   2.7852400e+05   6.0729980e+01
   2.7853900e+05   4.3701172e+01
   2.7855600e+05   6.8054199e+01
   2.7858400e+05   4.0222168e+01
   2.7861600e+05   3.5400391e+01
   2.7864800e+05   3.6254883e+01
   2.7870100e+05   4.9926758e+01
   2.7871100e+05   5.8715820e+01
   2.7881300e+05   4.1992188e+01
   2.7885000e+05   3.5217285e+01
   2.7886600e+05   5.9997559e+01
   2.8759800e+05   3.4545898e+01
   2.8768300e+05   3.6071777e+01
   2.8777100e+05   6.4880371e+01
   2.8780700e+05   3.6193848e+01
   2.8781800e+05   8.1848145e+01
   2.8783500e+05   4.8278809e+01
   2.8785200e+05   3.6315918e+01
   2.8789700e+05   4.2907715e+01
   2.8792700e+05   8.2763672e+01
   2.8794500e+05   4.4006348e+01
   2.8802300e+05   3.3813477e+01
   2.8805300e+05   5.4382324e+01
   2.8806600e+05   3.3630371e+01
   2.8808700e+05   3.4484863e+01
   2.9579300e+05   3.3630371e+01
   2.9599100e+05   3.4362793e+01
   2.9613500e+05   5.5297852e+01
   2.9614600e+05   7.1716309e+01
   2.9624300e+05   4.1442871e+01
   2.9626700e+05   3.6254883e+01
   2.9629700e+05   4.0466309e+01
   2.9635800e+05   5.8654785e+01
   2.9639300e+05   3.9550781e+01
   2.9641100e+05   3.4240723e+01
   2.9643700e+05   4.8828125e+01
   2.9645000e+05   3.5583496e+01
   2.9648600e+05   4.0039063e+01
   2.9650700e+05   3.6254883e+01
   2.9655500e+05   3.3996582e+01
   2.9660000e+05   5.7495117e+01
   2.9671400e+05   5.1879883e+01
   3.0112400e+05   2.0097046e+03
   3.0113700e+05   9.3933105e+01
   3.0117200e+05   1.3604736e+02
   3.0118700e+05   4.7241211e+01
   3.0120900e+05   8.7768555e+01
   3.0124100e+05   4.2358398e+01
   3.0127900e+05   3.7353516e+01
   3.0129400e+05   3.9855957e+01
   3.0135700e+05   4.3273926e+01
   3.0138000e+05   5.9570313e+01
   3.0180900e+05   6.1889648e+01
   3.0866500e+05   3.8085938e+01
   3.0884600e+05   3.9367676e+01
   3.0887600e+05   7.4401855e+01
   3.0891400e+05   5.5175781e+01
   3.0894400e+05   4.3029785e+01
   3.0896500e+05   4.7119141e+01
   3.0899700e+05   3.8085938e+01
   3.0902600e+05   5.5236816e+01
   3.0904300e+05   4.1748047e+01
   3.0905900e+05   3.7963867e+01
   3.0909500e+05   3.7109375e+01
   3.0913300e+05   3.7597656e+01
   3.0917300e+05   6.1035156e+01
   3.0918600e+05   6.4880371e+01
   3.0919900e+05   4.1015625e+01
   3.0921500e+05   4.3090820e+01
   3.0932600e+05   5.6335449e+01
   3.0934700e+05   7.1899414e+01
   3.0936500e+05   4.5654297e+01
   3.0940100e+05   3.9611816e+01
   3.0945300e+05   4.2785645e+01
   3.0954300e+05   3.7231445e+01
   3.1774200e+05   3.4973145e+01
   3.1777900e+05   5.1391602e+01
   3.1780000e+05   3.7841797e+01
   3.1782500e+05   3.8818359e+01
   3.1786900e+05   7.0007324e+01
   3.1789700e+05   4.9316406e+01
   3.1791900e+05   3.7414551e+01
   3.1792900e+05   3.5949707e+01
   3.1795800e+05   4.3029785e+01
   3.1799700e+05   4.4311523e+01
   3.1803200e+05   3.3691406e+01
   3.1809200e+05   3.9550781e+01
   3.1811200e+05   4.3701172e+01
   3.1814600e+05   3.8635254e+01
   3.1821300e+05   3.4362793e+01
   3.1826400e+05   3.7414551e+01
   3.1831000e+05   6.0852051e+01
   3.1832700e+05   5.3222656e+01
   3.1834000e+05   4.3945313e+01
   3.2566500e+05   3.3813477e+01
   3.2585000e+05   4.2663574e+01
   3.2586400e+05   5.6030273e+01
   3.2588100e+05   6.5490723e+01
   3.2593800e+05   3.3630371e+01
   3.2601100e+05   3.5949707e+01
   3.2678900e+05   5.1879883e+01
   3.3090400e+05   3.4484863e+01
   3.3134700e+05   4.8583984e+01
   3.3172900e+05   3.4667969e+01
   3.3179900e+05   4.0222168e+01
   3.3191200e+05   7.1228027e+01
   3.3193100e+05   4.5898438e+01
   3.3198000e+05   3.9367676e+01
   3.3200500e+05   5.8959961e+01
   3.3207700e+05   3.6499023e+01
   3.3211300e+05   7.0739746e+01
   3.3214100e+05   4.1931152e+01
   3.3216900e+05   3.7475586e+01
   3.3220100e+05   4.5104980e+01
   3.3227800e+05   3.9367676e+01
   3.3233400e+05   4.0954590e+01
   3.3243200e+05   5.1330566e+01
   3.3946300e+05   3.4484863e+01
   3.3958200e+05   3.5156250e+01
   3.3964800e+05   3.8574219e+01
   3.3968500e+05   5.9509277e+01
   3.3969900e+05   4.0405273e+01
   3.3971900e+05   6.6650391e+01
   3.3974000e+05   3.9550781e+01
   3.3977000e+05   3.3752441e+01
   3.3980300e+05   3.5583496e+01
   3.3982800e+05   4.2724609e+01
   3.3985400e+05   3.6804199e+01
   3.3987900e+05   4.9438477e+01
   3.3990400e+05   5.4138184e+01
   3.3998600e+05   3.5827637e+01
   3.4000700e+05   3.6132813e+01
   3.4627900e+05   3.4057617e+01
   3.4650400e+05   3.4667969e+01
   3.4652600e+05   3.3569336e+01
   3.4661000e+05   6.1157227e+01
   3.4666800e+05   4.3090820e+01
   3.4668000e+05   3.7780762e+01
   3.4670200e+05   4.4006348e+01
   3.4678300e+05   5.2001953e+01
   3.4690000e+05   4.4982910e+01
   3.5114000e+05   3.9999390e+03
   3.5115100e+05   9.8937988e+01
   3.5117300e+05   8.8684082e+01
   3.5118600e+05   1.2945557e+02
   3.5120600e+05   3.8940430e+01
   3.5122900e+05   6.8725586e+01
   3.5125400e+05   3.7475586e+01
   3.5129200e+05   5.2795410e+01
   3.5130500e+05   6.3354492e+01
   3.5139000e+05   3.9672852e+01
   3.5140500e+05   4.7546387e+01
   3.5151900e+05   3.7658691e+01
   3.5176600e+05   4.0161133e+01
   3.5188200e+05   3.4790039e+01
   3.5190500e+05   5.4992676e+01
   3.5202100e+05   4.3029785e+01
   3.5780400e+05   3.8879395e+01
   3.5796000e+05   3.4973145e+01
   3.5807400e+05   5.5847168e+01
   3.5810100e+05   3.5705566e+01
   3.5814500e+05   4.0710449e+01
   3.5828600e+05   4.9865723e+01
   3.5830200e+05   5.2429199e+01
   3.5834500e+05   4.2480469e+01
   3.5839200e+05   3.4057617e+01
   3.5847700e+05   4.8828125e+01
   3.5857400e+05   4.8095703e+01
   3.5861200e+05   3.9672852e+01
   3.6629600e+05   3.4545898e+01
   3.6652900e+05   5.4199219e+01
   3.6661900e+05   3.5461426e+01
   3.6666600e+05   3.9184570e+01
   3.6670000e+05   3.5278320e+01
   3.7285900e+05   3.8452148e+01
   3.7294700e+05   4.5410156e+01
   3.7310600e+05   6.4086914e+01
   3.7850300e+05   3.7170410e+01
   3.7856500e+05   3.7109375e+01
   3.7860900e+05   9.0393066e+01
   3.7865200e+05   3.4790039e+01
   3.7870400e+05   3.6499023e+01
   3.7876300e+05   3.6376953e+01
   3.7878000e+05   3.7231445e+01
   3.7901500e+05   4.2480469e+01
   3.8950300e+05   4.0588379e+01
   3.9371100e+05   5.0415039e+01
   3.9429300e+05   3.6621094e+01
   3.9441600e+05   4.3212891e+01
   3.9446700e+05   3.3813477e+01
   3.9470000e+05   5.8044434e+01
   3.9488700e+05   3.4240723e+01
   4.0115200e+05   2.0084229e+03
   4.0117100e+05   1.4270020e+02
   4.0118100e+05   1.0388184e+02
   4.0119700e+05   5.0659180e+01
   4.0122400e+05   5.2856445e+01
   4.0123400e+05   5.8349609e+01
   4.0127000e+05   5.2368164e+01
   4.0129600e+05   4.6020508e+01
   4.0134600e+05   6.0302734e+01
   4.0137800e+05   3.8452148e+01
   4.0140000e+05   4.7363281e+01
   4.0141100e+05   4.1687012e+01
   4.0151600e+05   4.3701172e+01
   4.0154300e+05   4.6813965e+01
   4.0156400e+05   4.5898438e+01
   4.0164200e+05   3.4484863e+01
   4.0170400e+05   3.5522461e+01
   4.0173400e+05   4.5776367e+01
   4.0175600e+05   3.6743164e+01
   4.0176600e+05   4.0466309e+01
   4.0179500e+05   5.9631348e+01
   4.0195900e+05   3.5156250e+01
   4.1117300e+05   3.9367676e+01
   4.1833600e+05   3.7963867e+01
   4.1838900e+05   3.4851074e+01
   4.1852800e+05   3.9611816e+01
   4.1862100e+05   3.8879395e+01
   4.1898400e+05   6.3964844e+01
   4.2527600e+05   3.3630371e+01
   4.2561400e+05   5.6091309e+01
   4.2588400e+05   8.0688477e+01
   4.2604100e+05   3.4667969e+01
   4.3607500e+05   4.8767090e+01
   4.4697900e+05   4.6020508e+01
   4.4804400e+05   3.6071777e+01
   4.4822100e+05   5.7983398e+01
   4.5055300e+05   3.3691406e+01
   4.5116800e+05   3.9999390e+03
   4.5118600e+05   9.8632813e+01
   4.5121400e+05   1.1810303e+02
   4.5123200e+05   3.9184570e+01
   4.5124800e+05   4.3823242e+01
   4.5126000e+05   9.5581055e+01
   4.5128400e+05   5.1940918e+01
   4.5132300e+05   4.6020508e+01
   4.5133600e+05   3.8330078e+01
   4.5136600e+05   5.3588867e+01
   4.5138900e+05   5.6762695e+01
   4.5143300e+05   4.3945313e+01
   4.5144900e+05   4.1809082e+01
   4.5152400e+05   3.3813477e+01
   4.5157100e+05   3.3691406e+01
   4.5165800e+05   3.5034180e+01
   4.5168200e+05   5.2551270e+01
   4.5184600e+05   4.2907715e+01
   4.5189000e+05   5.6701660e+01
   4.5191000e+05   4.1809082e+01
   4.5203800e+05   3.3813477e+01
   4.5215600e+05   3.4606934e+01
   4.6153100e+05   3.3935547e+01
   4.6316300e+05   3.7414551e+01
   4.6327800e+05   3.4667969e+01
   4.6335200e+05   3.3996582e+01
   4.6339300e+05   3.6682129e+01
   4.6341500e+05   6.1340332e+01
   4.6344500e+05   7.8125000e+01
   4.6347100e+05   4.9072266e+01
   4.6350900e+05   3.9062500e+01
   4.6356200e+05   5.0231934e+01
   4.6366000e+05   3.7841797e+01
   4.6368100e+05   6.5307617e+01
   4.6372900e+05   6.3598633e+01
   4.6490900e+05   3.7353516e+01
   4.6650900e+05   3.4179688e+01
   4.7469700e+05   3.3935547e+01
   4.7772900e+05   4.6142578e+01
   4.8258700e+05   4.3945313e+01
   4.9101100e+05   3.3935547e+01
   4.9287300e+05   5.4016113e+01
   4.9879600e+05   3.7109375e+01
   4.9984200e+05   3.6499023e+01
   4.9989900e+05   5.7312012e+01
   4.9999300e+05   3.7414551e+01
   5.0118000e+05   2.0058594e+03
   5.0120900e+05   1.2982178e+02
   5.0122500e+05   7.6904297e+01
   5.0125400e+05   5.0109863e+01
   5.0127600e+05   7.3852539e+01
   5.0129000e+05   3.7292480e+01
   5.0131200e+05   3.4973145e+01
   5.0137600e+05   3.9428711e+01
   5.0139400e+05   3.5217285e+01
   5.0141900e+05   6.9702148e+01
   5.0145200e+05   4.2541504e+01
   5.1138500e+05   4.7973633e+01
   5.1488100e+05   5.5114746e+01
   5.1981100e+05   5.1086426e+01
   5.2279800e+05   3.4851074e+01
   5.2685100e+05   5.1330566e+01
   5.3974000e+05   5.1330566e+01
   5.4365400e+05   3.4790039e+01
   5.4540200e+05   3.4118652e+01
   5.5119400e+05   2.0071411e+03
   5.5121400e+05   9.7167969e+01
   5.5124200e+05   1.4129639e+02
   5.5126700e+05   8.5205078e+01
   5.5128000e+05   1.0595703e+02
   5.5130300e+05   3.9001465e+01
   5.5132300e+05   3.7902832e+01
   5.5134800e+05   3.6987305e+01
   5.5137400e+05   3.4118652e+01
   5.5139600e+05   5.1818848e+01
   5.5145000e+05   7.4462891e+01
   5.5147600e+05   6.4147949e+01
   5.5149900e+05   4.3334961e+01
   5.5152000e+05   4.3029785e+01
   5.5205700e+05   4.5959473e+01
   5.5905900e+05   3.4423828e+01
   5.6477200e+05   5.0781250e+01
   5.6902900e+05   4.5471191e+01
   5.7297800e+05   5.2246094e+01
   5.7726800e+05   3.3752441e+01
   5.7936400e+05   4.2846680e+01
   5.8058600e+05   4.9926758e+01
   5.8460600e+05   4.4433594e+01
   5.8489200e+05   4.6386719e+01
   5.8845300e+05   5.4687500e+01
   5.9046200e+05   6.2255859e+01
   5.9307500e+05   5.5480957e+01
   5.9543800e+05   4.4311523e+01
   5.9671800e+05   4.6875000e+01
   6.0120800e+05   2.0042114e+03
   6.0122700e+05   7.4401855e+01
   6.0125500e+05   1.3665771e+02
   6.0127800e+05   4.6142578e+01
   6.0129500e+05   6.5734863e+01
   6.0135100e+05   3.6071777e+01
   6.0142700e+05   6.7871094e+01
   6.0145100e+05   4.6447754e+01
   6.0150800e+05   4.3395996e+01
   6.0160700e+05   3.6315918e+01
   6.0176200e+05   3.3691406e+01
   6.1469700e+05   4.1809082e+01
   6.1500900e+05   5.0415039e+01
   6.1823900e+05   4.4738770e+01
   6.2051400e+05   4.0283203e+01
   6.2213800e+05   3.7658691e+01
   6.2405900e+05   5.6701660e+01
   6.2436200e+05   3.6071777e+01
   6.2452600e+05   4.1931152e+01
   6.2868800e+05   3.8513184e+01
   6.2933000e+05   4.5104980e+01
   6.3463400e+05   3.3813477e+01
   6.3548500e+05   3.9855957e+01
   6.3790000e+05   3.5400391e+01
   6.4194400e+05   4.7546387e+01
   6.4274100e+05   3.7170410e+01
   6.4700000e+05   3.7780762e+01
   6.4805100e+05   4.5532227e+01
   6.4846000e+05   6.4575195e+01
   6.4877800e+05   3.4606934e+01
   6.5026600e+05   3.3874512e+01
   6.5122200e+05   2.0092163e+03
   6.5124200e+05   7.8918457e+01
   6.5127000e+05   1.2518311e+02
   6.5130500e+05   4.4189453e+01
   6.5131500e+05   6.9702148e+01
   6.5134100e+05   3.4057617e+01
   6.5136600e+05   4.4128418e+01
   6.5137600e+05   3.8208008e+01
   6.5143200e+05   3.3569336e+01
   6.5145100e+05   6.4453125e+01
   6.5149300e+05   3.6926270e+01
   6.5155600e+05   3.4118652e+01
   6.5158900e+05   3.6926270e+01
   6.5307500e+05   5.6579590e+01
   6.5325700e+05   4.5776367e+01
   6.5821100e+05   3.5278320e+01
   6.7031300e+05   3.5583496e+01
   6.7157100e+05   4.8278809e+01
   6.7222800e+05   4.1015625e+01
   6.7228600e+05   5.0415039e+01
   6.7235600e+05   3.7902832e+01
   6.7237700e+05   4.5898438e+01
   6.7239900e+05   7.8857422e+01
   6.7241500e+05   4.0283203e+01
   6.7245600e+05   4.9926758e+01
   6.7248100e+05   3.7658691e+01
   6.7250400e+05   1.0455322e+02
   6.7252500e+05   5.0964355e+01
   6.7253600e+05   8.2275391e+01
   6.7256200e+05   4.0405273e+01
   6.7257200e+05   6.3842773e+01
   6.7259200e+05   7.6904297e+01
   6.7260500e+05   7.3791504e+01
   6.7262400e+05   3.9245605e+01
   6.7266600e+05   3.6376953e+01
   6.7267600e+05   3.8940430e+01
   6.7271300e+05   8.2946777e+01
   6.7279000e+05   3.8024902e+01
   6.7282500e+05   3.8391113e+01
   6.7283800e+05   4.2114258e+01
   6.7290400e+05   3.5034180e+01
   6.7293700e+05   6.3171387e+01
   6.7303800e+05   4.0771484e+01
   6.7307900e+05   5.8837891e+01
   6.7325400e+05   3.6499023e+01
   6.7393300e+05   3.3752441e+01
   6.7395700e+05   3.5827637e+01
   6.8170700e+05   3.4729004e+01
   6.8450100e+05   5.7373047e+01
   6.8963700e+05   4.8217773e+01
   6.9018300e+05   3.4729004e+01
   6.9421800e+05   3.9733887e+01
   6.9631800e+05   4.9804688e+01
   6.9663000e+05   3.3691406e+01
   6.9890200e+05   5.5297852e+01
   7.0123800e+05   3.9999390e+03
   7.0124900e+05   8.4350586e+01
   7.0126900e+05   6.0729980e+01
   7.0128400e+05   1.4019775e+02
   7.0130100e+05   3.7780762e+01
   7.0132400e+05   5.7678223e+01
   7.0134400e+05   5.3833008e+01
   7.0136400e+05   3.9611816e+01
   7.0139300e+05   4.4494629e+01
   7.0141100e+05   3.5888672e+01
   7.0143000e+05   4.5288086e+01
   7.0145800e+05   7.9589844e+01
   7.0154700e+05   3.8391113e+01
   7.1066700e+05   3.5583496e+01
   7.1258500e+05   5.7006836e+01
   7.1790000e+05   4.5593262e+01
   7.2338400e+05   4.4860840e+01
   7.2506900e+05   5.4260254e+01
   7.2632700e+05   4.6569824e+01
   7.3000400e+05   3.6865234e+01
   7.3229600e+05   3.9184570e+01
   7.3576000e+05   5.0537109e+01
   7.3635800e+05   3.4118652e+01
   7.4196200e+05   4.1137695e+01
   7.4214200e+05   3.3813477e+01
   7.4491300e+05   4.0405273e+01
   7.4643600e+05   5.0842285e+01
   7.4890200e+05   3.8208008e+01
   7.5062900e+05   3.9001465e+01
   7.5075300e+05   5.5786133e+01
   7.5125200e+05   3.9999390e+03
   7.5127900e+05   9.8754883e+01
   7.5129800e+05   1.4941406e+02
   7.5132100e+05   6.2133789e+01
   7.5133400e+05   6.7687988e+01
   7.5136400e+05   4.2297363e+01
   7.5137400e+05   3.4057617e+01
   7.5139400e+05   4.1259766e+01
   7.5142600e+05   3.9367676e+01
   7.5145500e+05   4.1503906e+01
   7.5147700e+05   4.6447754e+01
   7.5150300e+05   5.4992676e+01
   7.5152400e+05   6.1279297e+01
   7.5160800e+05   3.4912109e+01
   7.5172600e+05   3.9550781e+01
   7.5224500e+05   3.4851074e+01
   7.5275700e+05   3.4851074e+01
   7.5326200e+05   4.5593262e+01
   7.5404600e+05   3.8330078e+01
   7.6110200e+05   4.7363281e+01
   7.6809900e+05   4.9011230e+01
   7.6949300e+05   3.4973145e+01
   7.7419700e+05   4.3579102e+01
   7.7855100e+05   4.8767090e+01
   7.8150700e+05   3.9672852e+01
   7.8218200e+05   4.0405273e+01
   7.8408400e+05   4.1442871e+01
   7.8518600e+05   3.5705566e+01
   7.8740300e+05   4.3457031e+01
   7.8858100e+05   3.5583496e+01
   7.9013200e+05   3.5766602e+01
   7.9047800e+05   4.9377441e+01
   7.9374300e+05   5.4809570e+01
   7.9506000e+05   4.5532227e+01
   7.9526500e+05   3.4362793e+01
   7.9621200e+05   4.5898438e+01
   8.0126400e+05   2.0098267e+03
   8.0128300e+05   7.1533203e+01
   8.0131100e+05   1.2133789e+02
   8.0134000e+05   5.3955078e+01
   8.0138100e+05   5.5541992e+01
   8.0139800e+05   4.2785645e+01
   8.0151000e+05   6.5185547e+01
   8.0153700e+05   3.9733887e+01
   8.0190300e+05   3.5217285e+01
   8.0237300e+05   3.7414551e+01
   8.0399400e+05   5.1086426e+01
   8.0809700e+05   3.4606934e+01
   8.0917100e+05   3.6010742e+01
   8.1444000e+05   4.5349121e+01
   8.1591700e+05   3.4301758e+01
   8.2274800e+05   5.2124023e+01
   8.2577100e+05   3.7597656e+01
   8.2648500e+05   3.6254883e+01
   8.2757900e+05   3.9611816e+01
   8.2821900e+05   4.4860840e+01
   8.2936900e+05   3.5888672e+01
   8.2939100e+05   4.9438477e+01
   8.3386700e+05   5.0292969e+01
   8.3561700e+05   3.5522461e+01
   8.4014300e+05   3.6499023e+01
   8.4119700e+05   3.9611816e+01
   8.4321500e+05   4.1625977e+01
   8.4728400e+05   4.1625977e+01
   8.4770500e+05   4.7668457e+01
   8.5049100e+05   6.6894531e+01
   8.5127800e+05   2.0112915e+03
   8.5129800e+05   1.0375977e+02
   8.5132600e+05   9.9670410e+01
   8.5135000e+05   4.1381836e+01
   8.5136300e+05   6.4270020e+01
   8.5137300e+05   6.6589355e+01
   8.5142000e+05   3.6621094e+01
   8.5143400e+05   6.1279297e+01
   8.5146000e+05   5.9753418e+01
   8.5150000e+05   6.0119629e+01
   8.5152000e+05   5.0598145e+01
   8.5177000e+05   4.1564941e+01
   8.5228100e+05   4.0832520e+01
   8.5241700e+05   6.5368652e+01
   8.5256600e+05   4.1809082e+01
   8.5292500e+05   3.7170410e+01
   8.5339800e+05   3.6621094e+01
   8.6655500e+05   5.2429199e+01
   8.6867400e+05   4.9682617e+01
   8.6989300e+05   3.3630371e+01
   8.7136700e+05   3.3569336e+01
   8.7371600e+05   4.5288086e+01
   8.7735200e+05   4.7607422e+01
   8.7859300e+05   4.6142578e+01
   8.8582400e+05   3.9306641e+01
   8.8949500e+05   4.9011230e+01
   8.9680700e+05   3.7963867e+01
   8.9753600e+05   3.6193848e+01
   8.9869100e+05   5.0231934e+01
   8.9982600e+05   3.7658691e+01
   9.0105300e+05   3.6437988e+01
   9.0129400e+05   3.9999390e+03
   9.0131100e+05   7.1777344e+01
   9.0133900e+05   1.3000488e+02
   9.0136500e+05   4.7058105e+01
   9.0137600e+05   3.3996582e+01
   9.0139300e+05   1.0345459e+02
   9.0143000e+05   3.5644531e+01
   9.0144100e+05   4.6875000e+01
   9.0148200e+05   3.7719727e+01
   9.0152200e+05   4.6936035e+01
   9.0155000e+05   7.9833984e+01
   9.0162100e+05   4.3701172e+01
   9.0276900e+05   4.1748047e+01
   9.0292300e+05   3.7231445e+01
   9.0294600e+05   3.9184570e+01
   9.0298300e+05   3.8635254e+01
   9.0300400e+05   4.1809082e+01
   9.0308900e+05   3.4729004e+01
   9.0310700e+05   5.4992676e+01
   9.0319700e+05   3.9062500e+01
   9.0325800e+05   3.6071777e+01
   9.0419000e+05   5.2856445e+01
   9.0426000e+05   3.5644531e+01
   9.0447500e+05   4.9011230e+01
   9.0476600e+05   4.2907715e+01
   9.0485100e+05   3.5400391e+01
   9.0501700e+05   3.5827637e+01
   9.0525400e+05   3.8269043e+01
   9.0553400e+05   3.4240723e+01
   9.0627400e+05   3.9184570e+01
   9.1179300e+05   3.5278320e+01
   9.1427500e+05   3.5034180e+01
   9.1789500e+05   3.8452148e+01
   9.1976600e+05   3.3752441e+01
   9.2145400e+05   5.1330566e+01
   9.2618400e+05   4.6386719e+01
   9.2764800e+05   3.3630371e+01
   9.3008700e+05   4.6630859e+01
   9.3359600e+05   4.8889160e+01
   9.3638200e+05   4.6020508e+01
   9.3884500e+05   3.4179688e+01
   9.4173600e+05   5.0109863e+01
   9.4441100e+05   4.6203613e+01
   9.4637600e+05   3.8330078e+01
   9.4872100e+05   3.5766602e+01
   9.4927000e+05   3.3691406e+01
   9.5073200e+05   3.5522461e+01
   9.5130600e+05   2.0084839e+03
   9.5132500e+05   5.9875488e+01
   9.5135400e+05   1.2304688e+02
   9.5138100e+05   5.5480957e+01
   9.5140500e+05   8.8867188e+01
   9.5148300e+05   3.4118652e+01
   9.5152200e+05   3.9794922e+01
   9.5154800e+05   3.6499023e+01
   9.5156200e+05   9.7656250e+01
   9.5166800e+05   3.5705566e+01
   9.5257400e+05   3.7902832e+01
   9.5268300e+05   3.9001465e+01
   9.5290200e+05   3.5034180e+01
   9.5319000e+05   4.4006348e+01
   9.5527500e+05   3.8146973e+01
   9.6483300e+05   3.3996582e+01
   9.6675000e+05   3.3874512e+01
   9.7097600e+05   6.1706543e+01
   9.7207100e+05   3.4301758e+01
   9.8060000e+05   4.6325684e+01
   9.8075400e+05   3.8391113e+01
   9.8107700e+05   3.3569336e+01
   9.8225700e+05   3.9184570e+01
   9.8331700e+05   4.0344238e+01
   9.8616100e+05   4.6936035e+01
   9.8973900e+05   3.5156250e+01
   9.9352200e+05   6.3293457e+01
   9.9591000e+05   4.9438477e+01
   9.9648500e+05   3.6865234e+01
   9.9895000e+05   4.6630859e+01
   9.9953700e+05   5.6762695e+01
   9.9963600e+05   4.4738770e+01
   1.0013220e+06   3.9999390e+03
   1.0013430e+06   1.0351563e+02
   1.0013670e+06   1.2548828e+02
   1.0013840e+06   4.3518066e+01
   1.0014110e+06   6.0180664e+01
   1.0014420e+06   4.9194336e+01
   1.0015510e+06   4.0100098e+01
   1.0015790e+06   7.2753906e+01
   1.0015940e+06   3.4301758e+01
   1.0022250e+06   3.5583496e+01
   1.0022770e+06   3.6193848e+01
   1.0026960e+06   3.8024902e+01
   1.0130870e+06   4.7058105e+01
   1.0179350e+06   3.3813477e+01
   1.0202720e+06   3.5705566e+01
   1.0265500e+06   5.8715820e+01
   1.0306620e+06   3.5522461e+01
   1.0311020e+06   4.9499512e+01
   1.0327380e+06   4.7180176e+01
   1.0369050e+06   4.7058105e+01
   1.0371240e+06   3.4790039e+01
   1.0432050e+06   3.4301758e+01
   1.0467090e+06   3.9428711e+01
   1.0495060e+06   3.3935547e+01
   1.0499570e+06   4.7607422e+01
   1.0513360e+06   3.9999390e+03
   1.0513460e+06   1.0278320e+02
   1.0513620e+06   8.6975098e+01
   1.0513820e+06   1.3647461e+02
   1.0514070e+06   4.1625977e+01
   1.0514230e+06   6.6406250e+01
   1.0514390e+06   3.8879395e+01
   1.0514580e+06   3.9855957e+01
   1.0514700e+06   4.4738770e+01
   1.0514980e+06   4.4372559e+01
   1.0515540e+06   4.4372559e+01
   1.0515760e+06   6.3232422e+01
   1.0516030e+06   4.6081543e+01
   1.0516890e+06   3.7048340e+01
   1.0522440e+06   3.3569336e+01
   1.0598360e+06   3.6193848e+01
   1.0657380e+06   3.9184570e+01
   1.0664190e+06   5.6091309e+01
   1.0677060e+06   3.7902832e+01
   1.0679670e+06   3.9123535e+01
   1.0771490e+06   3.4118652e+01
   1.0773800e+06   3.8879395e+01
   1.0786030e+06   5.9997559e+01
   1.0823570e+06   5.4992676e+01
   1.0851690e+06   4.2907715e+01
   1.0866820e+06   4.5532227e+01
   1.0877780e+06   5.1513672e+01
   1.0888730e+06   3.5034180e+01
   1.0926640e+06   3.6804199e+01
   1.0932770e+06   5.1696777e+01
   1.0944090e+06   3.5217285e+01
   1.0945930e+06   3.6865234e+01
   1.0950030e+06   3.4912109e+01
   1.0952630e+06   4.1809082e+01
   1.0952910e+06   3.9550781e+01
   1.0953760e+06   3.8146973e+01
   1.0955350e+06   4.0588379e+01
   1.0963690e+06   4.0588379e+01
   1.0972270e+06   3.7170410e+01
   1.1013500e+06   2.0119019e+03
   1.1013670e+06   7.0190430e+01
   1.1013960e+06   1.4038086e+02
   1.1014260e+06   5.8959961e+01
   1.1014470e+06   7.6904297e+01
   1.1014620e+06   5.5908203e+01
   1.1014890e+06   3.7109375e+01
   1.1015380e+06   3.9550781e+01
   1.1015490e+06   4.8034668e+01
   1.1015740e+06   5.9875488e+01
   1.1015970e+06   3.9794922e+01
   1.1016190e+06   8.2214355e+01
   1.1017000e+06   3.3813477e+01
   1.1030540e+06   3.4057617e+01
   1.1031310e+06   3.3996582e+01
   1.1031610e+06   3.5217285e+01
   1.1031760e+06   7.0312500e+01
   1.1033010e+06   3.4851074e+01
   1.1110070e+06   4.8645020e+01
   1.1140500e+06   3.5400391e+01
   1.1247610e+06   5.3833008e+01
   1.1271270e+06   3.4484863e+01
   1.1287150e+06   4.4799805e+01
   1.1291350e+06   3.4423828e+01
   1.1316140e+06   3.7170410e+01
   1.1319070e+06   4.7058105e+01
   1.1329090e+06   4.0588379e+01
   1.1333750e+06   5.9997559e+01
   1.1344820e+06   3.7353516e+01
   1.1359010e+06   3.7597656e+01
   1.1367340e+06   3.5156250e+01
   1.1420830e+06   3.6865234e+01
   1.1424810e+06   4.6508789e+01
   1.1513620e+06   2.0086060e+03
   1.1513820e+06   9.0454102e+01
   1.1514070e+06   1.4935303e+02
   1.1514320e+06   5.5786133e+01
   1.1514550e+06   1.0131836e+02
   1.1514830e+06   4.7058105e+01
   1.1515090e+06   3.4240723e+01
   1.1515680e+06   4.4433594e+01
   1.1516050e+06   5.3894043e+01
   1.1516360e+06   8.7768555e+01
   1.1516590e+06   4.4677734e+01
   1.1517560e+06   4.2968750e+01
   1.1518940e+06   3.5156250e+01
   1.1531700e+06   5.0292969e+01
   1.1533140e+06   3.8696289e+01
   1.1534590e+06   5.2856445e+01
   1.1538230e+06   5.4016113e+01
   1.1538750e+06   4.8522949e+01
   1.1539710e+06   3.7292480e+01
   1.1543370e+06   3.6865234e+01
   1.1546750e+06   3.7109375e+01
   1.1550860e+06   4.0100098e+01
   1.1551320e+06   3.4973145e+01
   1.1563930e+06   3.3691406e+01
   1.1636430e+06   3.8146973e+01
   1.1637280e+06   3.4606934e+01
   1.1700150e+06   3.4729004e+01
   1.1705880e+06   5.9020996e+01
   1.1776790e+06   3.4118652e+01
   1.1794480e+06   5.7006836e+01
   1.1804600e+06   5.1513672e+01
   1.1812100e+06   3.5278320e+01
   1.1812460e+06   3.6376953e+01
   1.1812730e+06   3.8391113e+01
   1.1813250e+06   4.4921875e+01
   1.1813370e+06   3.6865234e+01
   1.1813610e+06   5.3955078e+01
   1.1813790e+06   7.6782227e+01
   1.1814000e+06   4.8767090e+01
   1.1814130e+06   3.6193848e+01
   1.1814530e+06   3.9123535e+01
   1.1814760e+06   5.0720215e+01
   1.1814900e+06   7.5805664e+01
   1.1815180e+06   4.0771484e+01
   1.1815480e+06   3.6865234e+01
   1.1815730e+06   4.7668457e+01
   1.1815940e+06   6.5185547e+01
   1.1816490e+06   4.5959473e+01
   1.1816670e+06   5.7006836e+01
   1.1816950e+06   6.6894531e+01
   1.1817060e+06   3.9978027e+01
   1.1817370e+06   3.9489746e+01
   1.1817480e+06   6.3903809e+01
   1.1818330e+06   3.4301758e+01
   1.1818490e+06   6.1218262e+01
   1.1819330e+06   3.6010742e+01
   1.1820180e+06   3.4790039e+01
   1.1820490e+06   7.9956055e+01
   1.1820670e+06   3.3630371e+01
   1.1820870e+06   3.9855957e+01
   1.1821500e+06   3.4545898e+01
   1.1822230e+06   3.3691406e+01
   1.1888590e+06   3.9672852e+01
   1.1893270e+06   3.5583496e+01
   1.1901420e+06   3.7902832e+01
   1.1951500e+06   5.0659180e+01
   1.1974570e+06   3.3691406e+01
   1.1991070e+06   4.2358398e+01
   1.2000620e+06   4.0588379e+01
   1.2013760e+06   2.0072021e+03
   1.2013950e+06   1.6107178e+02
   1.2014140e+06   8.4411621e+01
   1.2014240e+06   5.3222656e+01
   1.2014370e+06   4.4799805e+01
   1.2014540e+06   7.0739746e+01
   1.2014660e+06   3.8085938e+01
   1.2014880e+06   3.7292480e+01
   1.2015320e+06   3.6315918e+01
   1.2015990e+06   5.0964355e+01
   1.2016110e+06   4.0893555e+01
   1.2016620e+06   4.0954590e+01
   1.2139580e+06   4.4494629e+01
   1.2140270e+06   3.4484863e+01
   1.2141630e+06   3.8452148e+01
   1.2193810e+06   3.8452148e+01
   1.2198720e+06   3.6010742e+01
   1.2204340e+06   4.9560547e+01
   1.2228620e+06   4.2846680e+01
   1.2252470e+06   5.1696777e+01
   1.2261030e+06   3.3752441e+01
   1.2269350e+06   4.2236328e+01
   1.2272460e+06   4.8889160e+01
   1.2298880e+06   3.9184570e+01
   1.2325440e+06   4.3701172e+01
   1.2336130e+06   3.8940430e+01
   1.2337290e+06   3.8879395e+01
   1.2338110e+06   3.6193848e+01
   1.2393600e+06   3.5644531e+01
   1.2410320e+06   3.7597656e+01
   1.2426300e+06   3.4851074e+01
   1.2428560e+06   3.3752441e+01
   1.2430050e+06   4.5288086e+01
   1.2431710e+06   3.8879395e+01
   1.2431880e+06   4.3273926e+01
   1.2432190e+06   6.9641113e+01
   1.2432570e+06   3.4545898e+01
   1.2433060e+06   6.1462402e+01
   1.2433260e+06   7.5500488e+01
   1.2433540e+06   4.5349121e+01
   1.2434090e+06   4.1503906e+01
   1.2434480e+06   3.4118652e+01
   1.2435190e+06   3.7902832e+01
   1.2435380e+06   3.7963867e+01
   1.2435620e+06   4.5898438e+01
   1.2439900e+06   3.9611816e+01
   1.2513900e+06   2.0120850e+03
   1.2514090e+06   1.0241699e+02
   1.2514380e+06   1.1822510e+02
   1.2514630e+06   3.7902832e+01
   1.2514840e+06   9.5031738e+01
   1.2515010e+06   5.8044434e+01
   1.2515450e+06   3.5705566e+01
   1.2515940e+06   3.5522461e+01
   1.2516120e+06   3.6437988e+01
   1.2516520e+06   4.5410156e+01
   1.2516750e+06   3.6010742e+01
   1.2516950e+06   5.9814453e+01
   1.2622660e+06   4.0954590e+01
   1.2623880e+06   3.3996582e+01
   1.2639280e+06   3.8085938e+01
   1.2741000e+06   3.4179688e+01
   1.2750390e+06   6.9274902e+01
   1.2753470e+06   5.0415039e+01
   1.2829330e+06   3.4973145e+01
   1.2831960e+06   5.5786133e+01
   1.2858050e+06   3.5705566e+01
   1.2859460e+06   3.6560059e+01
   1.2859960e+06   3.6743164e+01
   1.2870450e+06   3.7048340e+01
   1.2894740e+06   5.1696777e+01
   1.2902260e+06   3.5827637e+01
   1.2936810e+06   5.8776855e+01
   1.2942430e+06   3.9245605e+01
   1.2943180e+06   7.6843262e+01
   1.2982970e+06   4.3884277e+01
   1.3014040e+06   2.0069580e+03
   1.3014240e+06   6.1889648e+01
   1.3014510e+06   1.3653564e+02
   1.3014640e+06   3.3813477e+01
   1.3014910e+06   7.9650879e+01
   1.3015100e+06   5.2856445e+01
   1.3015390e+06   6.4636230e+01
   1.3015630e+06   6.1889648e+01
   1.3016060e+06   3.7780762e+01
   1.3016220e+06   6.1279297e+01
   1.3016450e+06   4.9255371e+01
   1.3016600e+06   3.4729004e+01
   1.3016830e+06   3.7902832e+01
   1.3018550e+06   3.7292480e+01
   1.3018980e+06   5.4809570e+01
   1.3019100e+06   3.4973145e+01
   1.3020020e+06   6.5795898e+01
   1.3020430e+06   3.5400391e+01
   1.3020650e+06   4.3762207e+01
   1.3021330e+06   3.8818359e+01
   1.3021750e+06   3.9672852e+01
   1.3021900e+06   5.2612305e+01
   1.3022550e+06   4.0222168e+01
   1.3022710e+06   5.5419922e+01
   1.3022820e+06   4.7790527e+01
   1.3023820e+06   3.5400391e+01
   1.3024040e+06   4.4494629e+01
   1.3024190e+06   5.0903320e+01
   1.3024290e+06   3.5278320e+01
   1.3024740e+06   5.2124023e+01
   1.3134800e+06   3.6987305e+01
   1.3186060e+06   3.5583496e+01
   1.3186660e+06   4.1992188e+01
   1.3187520e+06   6.7138672e+01
   1.3187700e+06   4.1137695e+01
   1.3188000e+06   3.6804199e+01
   1.3188740e+06   3.9001465e+01
   1.3188840e+06   4.8156738e+01
   1.3189210e+06   3.4118652e+01
   1.3190050e+06   3.8513184e+01
   1.3190190e+06   7.2021484e+01
   1.3190330e+06   5.0354004e+01
   1.3190670e+06   5.2429199e+01
   1.3248810e+06   3.8940430e+01
   1.3304390e+06   5.0292969e+01
   1.3317260e+06   4.4799805e+01
   1.3322520e+06   3.4118652e+01
   1.3335020e+06   3.5888672e+01
   1.3345820e+06   3.7170410e+01
   1.3346240e+06   7.7636719e+01
   1.3346390e+06   4.6508789e+01
   1.3347210e+06   4.0222168e+01
   1.3347400e+06   3.9916992e+01
   1.3347540e+06   3.4118652e+01
   1.3347660e+06   6.9824219e+01
   1.3347960e+06   4.3518066e+01
   1.3348160e+06   3.6193848e+01
   1.3348920e+06   4.9560547e+01
   1.3349190e+06   6.2133789e+01
   1.3349380e+06   4.3395996e+01
   1.3350160e+06   4.4982910e+01
   1.3350280e+06   4.7485352e+01
   1.3350490e+06   3.5156250e+01
   1.3350720e+06   3.9184570e+01
   1.3350920e+06   3.5583496e+01
   1.3352960e+06   4.2419434e+01
   1.3354310e+06   3.7170410e+01
   1.3466980e+06   3.6926270e+01
   1.3505820e+06   4.9011230e+01
   1.3514180e+06   2.0085449e+03
   1.3514370e+06   1.0748291e+02
   1.3514660e+06   1.4672852e+02
   1.3514790e+06   4.7058105e+01
   1.3515080e+06   6.4941406e+01
   1.3515380e+06   4.6386719e+01
   1.3515520e+06   4.1442871e+01
   1.3515820e+06   4.1687012e+01
   1.3516370e+06   3.7536621e+01
   1.3516660e+06   5.6640625e+01
   1.3516880e+06   3.4851074e+01
   1.3517920e+06   3.6010742e+01
   1.3518260e+06   5.2917480e+01
   1.3518640e+06   7.9040527e+01
   1.3519660e+06   6.7016602e+01
   1.3519900e+06   4.2053223e+01
   1.3520190e+06   5.2246094e+01
   1.3520470e+06   4.9499512e+01
   1.3520660e+06   3.7231445e+01
   1.3521020e+06   4.3090820e+01
   1.3521270e+06   3.6132813e+01
   1.3521870e+06   3.4545898e+01
   1.3523110e+06   3.4301758e+01
   1.3523290e+06   5.2062988e+01
   1.3523590e+06   5.2368164e+01
   1.3523970e+06   4.5166016e+01
   1.3525180e+06   3.4667969e+01
   1.3561230e+06   3.8391113e+01
   1.3641820e+06   4.2602539e+01
   1.3648110e+06   3.3630371e+01
   1.3650840e+06   4.7119141e+01
   1.3653040e+06   3.6682129e+01
   1.3654170e+06   3.5888672e+01
   1.3654500e+06   9.1247559e+01
   1.3718000e+06   4.7302246e+01
   1.3726550e+06   3.6804199e+01
   1.3742600e+06   3.7414551e+01
   1.3743100e+06   3.4362793e+01
   1.3744100e+06   4.9255371e+01
   1.3745110e+06   7.4645996e+01
   1.3745720e+06   4.2907715e+01
   1.3745860e+06   4.8217773e+01
   1.3746010e+06   3.7780762e+01
   1.3746660e+06   7.4707031e+01
   1.3746890e+06   4.5104980e+01
   1.3747880e+06   5.2612305e+01
   1.3748100e+06   3.7841797e+01
   1.3748310e+06   3.4790039e+01
   1.3748650e+06   4.6203613e+01
   1.3855000e+06   3.9916992e+01
   1.3856280e+06   3.4057617e+01
   1.3856840e+06   4.2236328e+01
   1.3857640e+06   7.1655273e+01
   1.3858300e+06   3.7536621e+01
   1.3858430e+06   3.5339355e+01
   1.3917720e+06   4.7363281e+01
   1.3918170e+06   3.4362793e+01
   1.3918380e+06   3.9611816e+01
   1.3918490e+06   3.6682129e+01
   1.3918730e+06   3.3813477e+01
   1.3918890e+06   8.3435059e+01
   1.3919150e+06   7.4218750e+01
   1.3919460e+06   6.8908691e+01
   1.3919700e+06   4.6997070e+01
   1.3919870e+06   9.8815918e+01
   1.3920040e+06   5.2734375e+01
   1.3920230e+06   5.1696777e+01
   1.3920490e+06   5.9265137e+01
   1.3920880e+06   3.5339355e+01
   1.3921090e+06   7.4401855e+01
   1.3921220e+06   1.2292480e+02
   1.3921380e+06   4.8706055e+01
   1.3921660e+06   4.5349121e+01
   1.3921760e+06   6.7016602e+01
   1.3922020e+06   5.2246094e+01
   1.3922250e+06   5.0537109e+01
   1.3922560e+06   8.0810547e+01
   1.3922730e+06   3.9794922e+01
   1.3922930e+06   4.6203613e+01
   1.3923130e+06   8.2946777e+01
   1.3923390e+06   6.5002441e+01
   1.3923520e+06   3.8391113e+01
   1.3923740e+06   4.1992188e+01
   1.3923920e+06   5.4626465e+01
   1.3924100e+06   3.7414551e+01
   1.3924290e+06   6.0791016e+01
   1.3924570e+06   9.2163086e+01
   1.3924700e+06   5.7922363e+01
   1.3925140e+06   3.8818359e+01
   1.3925360e+06   5.0476074e+01
   1.3925580e+06   6.1767578e+01
   1.3925700e+06   5.6091309e+01
   1.3925840e+06   3.9916992e+01
   1.3926120e+06   3.7048340e+01
   1.3926370e+06   6.2500000e+01
   1.3926520e+06   3.3935547e+01
   1.3926990e+06   3.5095215e+01
   1.3927220e+06   5.8776855e+01
   1.3927610e+06   4.0283203e+01
   1.3927900e+06   3.9794922e+01
   1.3928440e+06   4.3762207e+01
   1.3928570e+06   3.6865234e+01
   1.3928970e+06   3.7780762e+01
   1.3929350e+06   3.4606934e+01
   1.3930070e+06   3.4301758e+01
   1.3930530e+06   3.8269043e+01
   1.3930990e+06   5.2062988e+01
   1.3931240e+06   3.7170410e+01
   1.3931940e+06   3.6010742e+01
   1.3932190e+06   4.8156738e+01
   1.3932600e+06   3.4240723e+01
   1.3932810e+06   3.4301758e+01
   1.3933180e+06   3.5888672e+01
   1.3933690e+06   3.9855957e+01
   1.3934380e+06   3.4545898e+01
   1.3934680e+06   3.9794922e+01
   1.3935570e+06   4.5104980e+01
   1.3936510e+06   4.2175293e+01
   1.3937120e+06   3.6193848e+01
   1.3937660e+06   3.5400391e+01
   1.3937820e+06   4.8400879e+01
   1.3938020e+06   3.4545898e+01
   1.3939340e+06   3.5278320e+01
   1.3939500e+06   3.4057617e+01
   1.3940210e+06   3.8818359e+01
   1.3940430e+06   4.2602539e+01
   1.3942550e+06   3.5156250e+01
   1.3947560e+06   3.3630371e+01
   1.3971780e+06   3.6926270e+01
   1.3975480e+06   3.4606934e+01
   1.3978070e+06   3.3569336e+01
   1.3998260e+06   3.7109375e+01
   1.4008430e+06   4.0039063e+01
   1.4010770e+06   3.9550781e+01
   1.4014340e+06   3.9999390e+03
   1.4014530e+06   1.3867188e+02
   1.4014630e+06   5.0109863e+01
   1.4015070e+06   3.4423828e+01
   1.4015250e+06   3.5644531e+01
   1.4015430e+06   8.1359863e+01
   1.4015830e+06   3.4729004e+01
   1.4015950e+06   4.0954590e+01
   1.4017880e+06   3.5644531e+01
   1.4031530e+06   4.0893555e+01
   1.4049290e+06   3.4790039e+01
   1.4057810e+06   3.3752441e+01
   1.4069720e+06   3.9367676e+01
   1.4093930e+06   3.9123535e+01
   1.4113820e+06   3.3935547e+01
   1.4116960e+06   3.5522461e+01
   1.4122300e+06   3.9794922e+01
   1.4142370e+06   3.4057617e+01
   1.4161610e+06   3.5705566e+01
   1.4179750e+06   3.3630371e+01
   1.4188830e+06   6.2377930e+01
   1.4195870e+06   3.4118652e+01
   1.4202040e+06   6.7687988e+01
   1.4230550e+06   3.6682129e+01
   1.4236440e+06   3.3874512e+01
   1.4241420e+06   3.3996582e+01
   1.4244370e+06   3.9001465e+01
   1.4264110e+06   5.6762695e+01
   1.4275980e+06   3.3630371e+01
   1.4282960e+06   3.6499023e+01
   1.4298310e+06   7.2875977e+01
   1.4307440e+06   6.1218262e+01
   1.4308590e+06   3.7841797e+01
   1.4351110e+06   3.4790039e+01
   1.4359520e+06   3.5095215e+01
   1.4366380e+06   3.3691406e+01
   1.4369470e+06   3.4973145e+01
   1.4370650e+06   3.6437988e+01
   1.4374530e+06   3.4912109e+01
   1.4375960e+06   5.0048828e+01
   1.4377490e+06   3.6743164e+01
   1.4381280e+06   3.3691406e+01
   1.4384300e+06   5.0537109e+01
   1.4422550e+06   3.4423828e+01
   1.4450270e+06   3.3752441e+01
   1.4478120e+06   3.4240723e+01
   1.4478230e+06   7.4829102e+01
   1.4481370e+06   4.6447754e+01
   1.4483600e+06   3.9062500e+01
   1.4485350e+06   4.3945313e+01
   1.4486690e+06   3.3996582e+01
   1.4488680e+06   3.7048340e+01
   1.4492480e+06   3.3935547e+01
   1.4498280e+06   3.5339355e+01
   1.4502100e+06   3.5522461e+01
   1.4509650e+06   3.9428711e+01
   1.4514460e+06   2.0054321e+03
   1.4514650e+06   9.6557617e+01
   1.4514940e+06   1.2438965e+02
   1.4515120e+06   3.8146973e+01
   1.4515640e+06   6.5856934e+01
   1.4515930e+06   5.4260254e+01
   1.4516850e+06   4.1625977e+01
   1.4558910e+06   3.5461426e+01
   1.4565960e+06   3.4912109e+01
   1.4572890e+06   3.4118652e+01
   1.4573150e+06   3.6743164e+01
   1.4573260e+06   5.8410645e+01
   1.4573970e+06   4.6020508e+01
   1.4574760e+06   3.9855957e+01
   1.4575280e+06   4.2541504e+01
   1.4575450e+06   3.3630371e+01
   1.4653880e+06   3.6376953e+01
   1.4655220e+06   3.3996582e+01
   1.4655920e+06   4.4372559e+01
   1.4656190e+06   4.2602539e+01
   1.4656830e+06   4.0832520e+01
   1.4657600e+06   4.4799805e+01
   1.4657840e+06   7.3486328e+01
   1.4658010e+06   3.6193848e+01
   1.4658510e+06   3.9001465e+01
   1.4658890e+06   4.6264648e+01
   1.4659310e+06   3.9062500e+01
   1.4659860e+06   3.4484863e+01
   1.4660940e+06   4.4677734e+01
   1.4741510e+06   3.4423828e+01
   1.4745390e+06   6.8847656e+01
   1.4746830e+06   3.5949707e+01
   1.4748380e+06   4.1137695e+01
   1.4755880e+06   3.3569336e+01
   1.4757840e+06   6.1279297e+01
   1.4762520e+06   3.5156250e+01
   1.4817990e+06   3.4973145e+01
   1.4821780e+06   3.7963867e+01
   1.4823200e+06   3.9001465e+01
   1.4823430e+06   5.9875488e+01
   1.4824700e+06   3.6193848e+01
   1.4825170e+06   3.5339355e+01
   1.4825380e+06   3.8574219e+01
   1.4825690e+06   3.4606934e+01
   1.4826650e+06   3.6804199e+01
   1.4826800e+06   5.3222656e+01
   1.4827110e+06   4.5166016e+01
   1.4828720e+06   4.9194336e+01
   1.4828960e+06   3.6193848e+01
   1.4830110e+06   3.4240723e+01
   1.4839860e+06   5.7250977e+01
   1.4888420e+06   4.1076660e+01
   1.4910080e+06   5.9753418e+01
   1.4911080e+06   3.4790039e+01
   1.4911410e+06   3.4545898e+01
   1.4914070e+06   3.5339355e+01
   1.4918220e+06   3.6499023e+01
   1.4927070e+06   4.4738770e+01
   1.4936170e+06   3.4545898e+01
   1.4967530e+06   3.7170410e+01
   1.4976350e+06   3.5583496e+01
   1.4976970e+06   3.5400391e+01
   1.4979240e+06   3.6804199e+01
   1.4984080e+06   6.8054199e+01
   1.4985430e+06   3.9428711e+01
   1.4986300e+06   4.5104980e+01
   1.4987070e+06   3.5278320e+01
   1.4987770e+06   3.7048340e+01
   1.4988290e+06   3.5156250e+01
   1.5014620e+06   3.9999390e+03
   1.5014790e+06   1.3586426e+02
   1.5014930e+06   9.2529297e+01
   1.5015080e+06   4.7180176e+01
   1.5015290e+06   3.7719727e+01
   1.5015780e+06   7.1899414e+01
   1.5073380e+06   3.7658691e+01
   1.5074240e+06   3.8391113e+01
   1.5076650e+06   3.4667969e+01
   1.5077260e+06   3.6560059e+01
   1.5077580e+06   5.6945801e+01
   1.5078380e+06   5.4748535e+01
   1.5078630e+06   4.3090820e+01
   1.5079760e+06   7.7453613e+01
   1.5080430e+06   4.2358398e+01
   1.5081520e+06   4.0283203e+01
   1.5081970e+06   3.9855957e+01
   1.5082540e+06   5.4504395e+01
   1.5084010e+06   7.2204590e+01
   1.5160010e+06   3.3996582e+01
   1.5175860e+06   3.7902832e+01
   1.5177870e+06   3.6499023e+01
   1.5178630e+06   3.4606934e+01
   1.5179100e+06   3.3691406e+01
   1.5179540e+06   7.3608398e+01
   1.5181100e+06   3.9184570e+01
   1.5182470e+06   3.6987305e+01
   1.5183930e+06   3.5095215e+01
   1.5258680e+06   3.3874512e+01
   1.5262900e+06   3.4057617e+01
   1.5264470e+06   5.4626465e+01
   1.5266000e+06   3.9306641e+01
   1.5267680e+06   6.3964844e+01
   1.5268790e+06   3.8024902e+01
   1.5274540e+06   4.4982910e+01
   1.5275760e+06   4.1748047e+01
   1.5276500e+06   5.6396484e+01
   1.5331720e+06   3.5888672e+01
   1.5337350e+06   6.7260742e+01
   1.5337470e+06   4.5959473e+01
   1.5337900e+06   3.3813477e+01
   1.5338210e+06   4.9682617e+01
   1.5338370e+06   4.8706055e+01
   1.5338930e+06   3.9123535e+01
   1.5339110e+06   4.2907715e+01
   1.5339340e+06   6.1828613e+01
   1.5339490e+06   4.0466309e+01
   1.5339710e+06   4.2297363e+01
   1.5340000e+06   4.6630859e+01
   1.5340820e+06   3.5156250e+01
   1.5341520e+06   5.0170898e+01
   1.5341750e+06   4.3029785e+01
   1.5341860e+06   3.5949707e+01
   1.5342810e+06   7.0739746e+01
   1.5343090e+06   3.6804199e+01
   1.5343270e+06   4.1076660e+01
   1.5440240e+06   4.2724609e+01
   1.5441280e+06   4.0771484e+01
   1.5441910e+06   3.6682129e+01
   1.5447230e+06   3.5095215e+01
   1.5447730e+06   5.6823730e+01
   1.5448210e+06   3.9611816e+01
   1.5479640e+06   5.5297852e+01
   1.5514740e+06   2.0087280e+03
   1.5514940e+06   8.0688477e+01
   1.5515220e+06   1.2506104e+02
   1.5515330e+06   4.3334961e+01
   1.5515620e+06   7.3242188e+01
   1.5515890e+06   4.3701172e+01
   1.5516400e+06   5.5175781e+01
   1.5516620e+06   6.6162109e+01
   1.5517010e+06   6.7199707e+01
   1.5517370e+06   3.5400391e+01
   1.5517750e+06   4.7546387e+01
   1.5517880e+06   4.9804688e+01
   1.5518180e+06   3.5461426e+01
   1.5518560e+06   7.7331543e+01
   1.5518900e+06   3.7109375e+01
   1.5519000e+06   4.2907715e+01
   1.5519330e+06   3.8574219e+01
   1.5519570e+06   5.9875488e+01
   1.5519730e+06   4.8950195e+01
   1.5519960e+06   4.1442871e+01
   1.5520360e+06   4.2907715e+01
   1.5520570e+06   5.6091309e+01
   1.5520750e+06   4.3457031e+01
   1.5520940e+06   7.6171875e+01
   1.5521130e+06   3.6560059e+01
   1.5521410e+06   4.3823242e+01
   1.5521530e+06   7.2814941e+01
   1.5521720e+06   3.5217285e+01
   1.5522020e+06   3.9001465e+01
   1.5522420e+06   4.1320801e+01
   1.5522540e+06   3.5949707e+01
   1.5522750e+06   5.7189941e+01
   1.5522900e+06   4.1503906e+01
   1.5523320e+06   3.5400391e+01
   1.5523530e+06   5.5175781e+01
   1.5523640e+06   4.1809082e+01
   1.5523990e+06   3.3691406e+01
   1.5524200e+06   3.7475586e+01
   1.5524410e+06   3.5034180e+01
   1.5524760e+06   3.6743164e+01
   1.5635310e+06   3.4362793e+01
   1.5639260e+06   5.5419922e+01
   1.5645890e+06   6.8664551e+01
   1.5646620e+06   3.6560059e+01
   1.5647550e+06   3.8208008e+01
   1.5649200e+06   5.1391602e+01
   1.5655340e+06   3.4057617e+01
   1.5661970e+06   6.2316895e+01
   1.5699850e+06   3.6560059e+01
   1.5716070e+06   3.3569336e+01
   1.5720180e+06   5.9082031e+01
   1.5723420e+06   4.4372559e+01
   1.5749080e+06   4.3029785e+01
   1.5755180e+06   5.3100586e+01
   1.5755450e+06   4.1992188e+01
   1.5769500e+06   3.3569336e+01
   1.5774550e+06   5.6701660e+01
   1.5775000e+06   4.0893555e+01
   1.5775210e+06   3.6804199e+01
   1.5775370e+06   5.4077148e+01
   1.5775660e+06   4.4982910e+01
   1.5776010e+06   5.8410645e+01
   1.5776320e+06   3.8146973e+01
   1.5776450e+06   4.7180176e+01
   1.5776700e+06   3.6804199e+01
   1.5776840e+06   3.8513184e+01
   1.5777180e+06   4.2724609e+01
   1.5777330e+06   8.1298828e+01
   1.5777450e+06   5.2673340e+01
   1.5777640e+06   6.3537598e+01
   1.5778080e+06   3.6315918e+01
   1.5778290e+06   4.4616699e+01
   1.5778450e+06   4.4677734e+01
   1.5778770e+06   3.9001465e+01
   1.5779020e+06   4.4982910e+01
   1.5779200e+06   3.8757324e+01
   1.5779570e+06   4.4006348e+01
   1.5779850e+06   4.5654297e+01
   1.5780430e+06   4.3212891e+01
   1.5780530e+06   4.0527344e+01
   1.5780790e+06   3.5095215e+01
   1.5781200e+06   3.7048340e+01
   1.5782500e+06   5.8593750e+01
   1.5785010e+06   4.3395996e+01
   1.5869190e+06   3.4484863e+01
   1.5874600e+06   5.2917480e+01
   1.5876080e+06   4.6264648e+01
   1.5876510e+06   6.9458008e+01
   1.5877790e+06   3.6621094e+01
   1.5879170e+06   3.4301758e+01
   1.5879400e+06   4.1992188e+01
   1.5881750e+06   3.3996582e+01
   1.5883360e+06   5.3771973e+01
   1.5883780e+06   3.5705566e+01
   1.5891150e+06   4.9377441e+01
   1.5949440e+06   3.6682129e+01
   1.5949710e+06   4.5654297e+01
   1.5951790e+06   3.6682129e+01
   1.5952210e+06   4.2602539e+01
   1.5952420e+06   3.7292480e+01
   1.5953300e+06   3.3569336e+01
   1.5953500e+06   3.8024902e+01
   1.5954150e+06   4.3090820e+01
   1.5954280e+06   4.4311523e+01
   1.5954570e+06   6.6833496e+01
   1.6014880e+06   2.0056763e+03
   1.6015210e+06   8.1787109e+01
   1.6015360e+06   1.3543701e+02
   1.6015590e+06   5.5175781e+01
   1.6015780e+06   4.9926758e+01
   1.6016070e+06   3.3569336e+01
   1.6016420e+06   4.3212891e+01
   1.6016620e+06   3.3569336e+01
   1.6017010e+06   3.3569336e+01
   1.6017200e+06   4.4982910e+01
   1.6017430e+06   4.1931152e+01
   1.6017640e+06   5.0476074e+01
   1.6018100e+06   5.4931641e+01
   1.6018900e+06   4.4311523e+01
   1.6019060e+06   4.3701172e+01
   1.6019240e+06   4.0771484e+01
   1.6019710e+06   3.4851074e+01
   1.6020010e+06   4.7485352e+01
   1.6020490e+06   4.4189453e+01
   1.6020730e+06   5.2917480e+01
   1.6021050e+06   3.4606934e+01
   1.6021340e+06   6.2683105e+01
   1.6021790e+06   3.4301758e+01
   1.6021940e+06   3.9672852e+01
   1.6022180e+06   3.8208008e+01
   1.6022510e+06   3.5461426e+01
   1.6022680e+06   4.1748047e+01
   1.6022930e+06   5.1025391e+01
   1.6023100e+06   6.7199707e+01
   1.6023910e+06   5.4565430e+01
   1.6024040e+06   3.5705566e+01
   1.6024720e+06   4.3518066e+01
   1.6025010e+06   3.4545898e+01
   1.6025120e+06   3.9611816e+01
   1.6025700e+06   3.8024902e+01
   1.6026190e+06   3.6987305e+01
   1.6112150e+06   3.4729004e+01
   1.6122800e+06   3.4362793e+01
   1.6125360e+06   3.6437988e+01
   1.6128290e+06   3.4912109e+01
   1.6128760e+06   6.9763184e+01
   1.6128860e+06   6.2500000e+01
   1.6130820e+06   3.7963867e+01
   1.6130930e+06   3.4484863e+01
   1.6131400e+06   5.1635742e+01
   1.6141600e+06   3.6010742e+01
   1.6198780e+06   7.8674316e+01
   1.6200700e+06   3.5095215e+01
   1.6201130e+06   3.7719727e+01
   1.6201310e+06   6.6284180e+01
   1.6201490e+06   3.3752441e+01
   1.6204220e+06   5.8837891e+01
   1.6206330e+06   5.0659180e+01
   1.6212200e+06   3.4912109e+01
   1.6279230e+06   3.4545898e+01
   1.6283160e+06   3.4484863e+01
   1.6283780e+06   4.2785645e+01
   1.6284040e+06   5.3405762e+01
   1.6284540e+06   6.2377930e+01
   1.6284780e+06   3.7048340e+01
   1.6285110e+06   6.2255859e+01
   1.6285360e+06   3.4118652e+01
   1.6285830e+06   3.3752441e+01
   1.6286070e+06   5.7006836e+01
   1.6286350e+06   4.0954590e+01
   1.6286640e+06   3.5644531e+01
   1.6287000e+06   5.5603027e+01
   1.6287330e+06   9.2773438e+01
   1.6287600e+06   4.0283203e+01
   1.6287740e+06   4.0161133e+01
   1.6287940e+06   4.8217773e+01
   1.6288230e+06   9.1796875e+01
   1.6288560e+06   3.3996582e+01
   1.6288660e+06   4.4555664e+01
   1.6288830e+06   3.4057617e+01
   1.6288950e+06   4.6813965e+01
   1.6289360e+06   4.0344238e+01
   1.6289580e+06   4.0161133e+01
   1.6289690e+06   4.6752930e+01
   1.6290580e+06   4.5776367e+01
   1.6290680e+06   5.8837891e+01
   1.6386280e+06   3.5278320e+01
   1.6387980e+06   6.4025879e+01
   1.6388080e+06   3.4118652e+01
   1.6388360e+06   4.3090820e+01
   1.6388660e+06   3.6010742e+01
   1.6388920e+06   3.4057617e+01
   1.6389170e+06   3.4973145e+01
   1.6390570e+06   4.3457031e+01
   1.6390780e+06   5.7067871e+01
   1.6392110e+06   3.8391113e+01
   1.6458070e+06   3.9855957e+01
   1.6459010e+06   3.5217285e+01
   1.6461620e+06   3.3752441e+01
   1.6461830e+06   4.6386719e+01
   1.6462230e+06   6.7871094e+01
   1.6462830e+06   3.5583496e+01
   1.6462990e+06   4.1198730e+01
   1.6463500e+06   4.9072266e+01
   1.6463670e+06   3.3813477e+01
   1.6464450e+06   3.8208008e+01
   1.6464550e+06   5.0781250e+01
   1.6464700e+06   4.7973633e+01
   1.6465010e+06   4.2541504e+01
   1.6465310e+06   5.0903320e+01
   1.6465680e+06   4.0588379e+01
   1.6465960e+06   8.1665039e+01
   1.6466080e+06   4.1687012e+01
   1.6466180e+06   4.5898438e+01
   1.6466690e+06   4.4250488e+01
   1.6466860e+06   7.8247070e+01
   1.6467260e+06   7.1350098e+01
   1.6468330e+06   4.0161133e+01
   1.6469900e+06   3.6132813e+01
   1.6470010e+06   4.0222168e+01
   1.6515020e+06   2.0093994e+03
   1.6515150e+06   8.8562012e+01
   1.6515510e+06   1.3281250e+02
   1.6515800e+06   4.9377441e+01
   1.6516030e+06   6.5246582e+01
   1.6516280e+06   4.0039063e+01
   1.6516490e+06   4.4860840e+01
   1.6516700e+06   3.3691406e+01
   1.6517260e+06   3.6315918e+01
   1.6517550e+06   5.1635742e+01
   1.6568930e+06   3.8757324e+01
   1.6569280e+06   3.4179688e+01
   1.6569720e+06   6.4147949e+01
   1.6569850e+06   6.2194824e+01
   1.6570040e+06   4.7912598e+01
   1.6570300e+06   4.6325684e+01
   1.6570720e+06   4.4128418e+01
   1.6570860e+06   3.7780762e+01
   1.6571410e+06   4.0832520e+01
   1.6571570e+06   5.3588867e+01
   1.6571780e+06   5.5786133e+01
   1.6572130e+06   3.4545898e+01
   1.6572480e+06   7.1594238e+01
   1.6572680e+06   4.0222168e+01
   1.6572790e+06   3.7841797e+01
   1.6573290e+06   4.6813965e+01
   1.6573620e+06   5.2368164e+01
   1.6573810e+06   3.7902832e+01
   1.6573980e+06   3.5400391e+01
   1.6574660e+06   3.3996582e+01
   1.6575080e+06   3.6804199e+01
   1.6577360e+06   3.7658691e+01
   1.6659500e+06   3.4851074e+01
   1.6670620e+06   3.7109375e+01
   1.6671070e+06   3.3691406e+01
   1.6671210e+06   3.4545898e+01
   1.6671670e+06   5.7128906e+01
   1.6672400e+06   5.2856445e+01
   1.6672970e+06   6.1645508e+01
   1.6674290e+06   7.2021484e+01
   1.6676700e+06   3.4790039e+01
   1.6753930e+06   6.1523438e+01
   1.6754720e+06   3.3691406e+01
   1.6755170e+06   3.4912109e+01
   1.6755430e+06   7.5256348e+01
   1.6755680e+06   3.9733887e+01
   1.6755930e+06   3.7658691e+01
   1.6756200e+06   3.6987305e+01
   1.6756390e+06   3.4362793e+01
   1.6756750e+06   9.2895508e+01
   1.6757100e+06   3.8452148e+01
   1.6757510e+06   4.6508789e+01
   1.6758130e+06   3.9794922e+01
   1.6758280e+06   5.4016113e+01
   1.6758590e+06   6.6589355e+01
   1.6758920e+06   3.3813477e+01
   1.6759200e+06   4.7668457e+01
   1.6759410e+06   4.3823242e+01
   1.6760130e+06   4.7973633e+01
   1.6760830e+06   4.2236328e+01
   1.6761530e+06   5.1696777e+01
   1.6762020e+06   6.0729980e+01
   1.6850600e+06   3.6254883e+01
   1.6853870e+06   3.3630371e+01
   1.6855210e+06   3.8391113e+01
   1.6855720e+06   4.1870117e+01
   1.6856200e+06   4.1992188e+01
   1.6856610e+06   5.2673340e+01
   1.6856940e+06   3.8879395e+01
   1.6857190e+06   3.7048340e+01
   1.6857350e+06   4.8950195e+01
   1.6857510e+06   3.7475586e+01
   1.6858150e+06   3.9733887e+01
   1.6858290e+06   5.5725098e+01
   1.6858660e+06   4.4921875e+01
   1.6858960e+06   4.3273926e+01
   1.6859440e+06   4.7058105e+01
   1.6860050e+06   3.3813477e+01
   1.6860370e+06   5.4748535e+01
   1.6860510e+06   3.7414551e+01
   1.6860650e+06   3.6865234e+01
   1.6861090e+06   3.5156250e+01
   1.6943920e+06   3.5095215e+01
   1.6946990e+06   6.4941406e+01
   1.6949480e+06   6.5002441e+01
   1.6950110e+06   3.9123535e+01
   1.6950340e+06   3.4912109e+01
   1.7011190e+06   5.8959961e+01
   1.7011520e+06   4.5471191e+01
   1.7011650e+06   5.2124023e+01
   1.7011940e+06   4.5288086e+01
   1.7012500e+06   4.3701172e+01
   1.7013450e+06   3.6010742e+01
   1.7013700e+06   5.8959961e+01
   1.7014580e+06   4.2114258e+01
   1.7014950e+06   4.2907715e+01
   1.7015160e+06   2.0097046e+03
   1.7015340e+06   1.3250732e+02
   1.7015470e+06   8.2336426e+01
   1.7015750e+06   4.5898438e+01
   1.7016000e+06   7.3303223e+01
   1.7016200e+06   3.8696289e+01
   1.7016390e+06   4.5166016e+01
   1.7016670e+06   4.6325684e+01
   1.7016850e+06   4.3579102e+01
   1.7016950e+06   3.9855957e+01
   1.7018420e+06   3.4729004e+01
   1.7018550e+06   4.4616699e+01
   1.7019040e+06   4.8339844e+01
   1.7100030e+06   3.5583496e+01
   1.7105730e+06   4.3334961e+01
   1.7106180e+06   3.6560059e+01
   1.7106720e+06   3.7048340e+01
   1.7106970e+06   3.4423828e+01
   1.7107110e+06   5.6762695e+01
   1.7108180e+06   3.3691406e+01
   1.7108760e+06   6.4453125e+01
   1.7109120e+06   4.0039063e+01
   1.7109450e+06   3.7353516e+01
   1.7109880e+06   3.4240723e+01
   1.7110160e+06   4.7424316e+01
   1.7110540e+06   6.6711426e+01
   1.7110670e+06   3.7780762e+01
   1.7110900e+06   7.8063965e+01
   1.7111240e+06   4.0832520e+01
   1.7111650e+06   4.2236328e+01
   1.7112130e+06   4.9987793e+01
   1.7112680e+06   5.4199219e+01
   1.7208790e+06   4.2114258e+01
   1.7211330e+06   6.5551758e+01
   1.7211650e+06   5.0476074e+01
   1.7283100e+06   3.4912109e+01
   1.7283550e+06   3.7963867e+01
   1.7284620e+06   7.4157715e+01
   1.7284980e+06   3.8452148e+01
   1.7285150e+06   6.8054199e+01
   1.7286110e+06   3.3569336e+01
   1.7286350e+06   5.8227539e+01
   1.7287410e+06   3.7719727e+01
   1.7288420e+06   3.5461426e+01
   1.7288750e+06   5.5053711e+01
   1.7288950e+06   4.2602539e+01
   1.7289110e+06   3.3996582e+01
   1.7289440e+06   3.8391113e+01
   1.7289620e+06   3.8391113e+01
   1.7289800e+06   8.9843750e+01
   1.7290850e+06   3.6743164e+01
   1.7291100e+06   3.7353516e+01
   1.7291450e+06   5.4504395e+01
   1.7292590e+06   4.0954590e+01
   1.7293700e+06   4.4189453e+01
   1.7385450e+06   3.8330078e+01
   1.7387800e+06   5.1391602e+01
   1.7388380e+06   7.6354980e+01
   1.7388480e+06   5.9631348e+01
   1.7388860e+06   4.0832520e+01
   1.7389010e+06   3.3935547e+01
   1.7389240e+06   3.5400391e+01
   1.7389660e+06   4.1198730e+01
   1.7390230e+06   3.9733887e+01
   1.7390690e+06   6.9274902e+01
   1.7391400e+06   4.2663574e+01
   1.7391670e+06   3.9001465e+01
   1.7392670e+06   4.1687012e+01
   1.7392770e+06   3.6560059e+01
   1.7479570e+06   3.7231445e+01
   1.7481460e+06   4.0527344e+01
   1.7483250e+06   3.5766602e+01
   1.7483460e+06   3.3630371e+01
   1.7483950e+06   3.4484863e+01
   1.7484080e+06   3.6315918e+01
   1.7484510e+06   3.5278320e+01
   1.7484810e+06   5.9814453e+01
   1.7486760e+06   3.6987305e+01
   1.7493200e+06   5.7312012e+01
   1.7515300e+06   2.0041504e+03
   1.7515500e+06   5.8959961e+01
   1.7515780e+06   1.4990234e+02
   1.7515990e+06   4.6813965e+01
   1.7516280e+06   7.1105957e+01
   1.7516560e+06   3.8391113e+01
   1.7516780e+06   4.0466309e+01
   1.7517660e+06   5.5419922e+01
   1.7517780e+06   4.2480469e+01
   1.7518030e+06   3.8513184e+01
   1.7518950e+06   4.1320801e+01
   1.7627540e+06   4.2602539e+01
   1.7628120e+06   5.5786133e+01
   1.7629110e+06   3.7170410e+01
   1.7629360e+06   6.9213867e+01
   1.7629710e+06   3.6560059e+01
   1.7632530e+06   3.9428711e+01
   1.7634780e+06   3.9001465e+01
   1.7637680e+06   6.0791016e+01
   1.7641070e+06   4.2358398e+01
   1.7762100e+06   4.9865723e+01
   1.7763720e+06   6.0241699e+01
   1.7832680e+06   5.1513672e+01
   1.7852490e+06   3.4912109e+01
   1.7938420e+06   6.8481445e+01
   1.7980280e+06   3.7231445e+01
   1.7990440e+06   4.3212891e+01
   1.8000140e+06   5.0292969e+01
   1.8015440e+06   2.0065918e+03
   1.8015640e+06   5.5725098e+01
   1.8015920e+06   1.2939453e+02
   1.8016180e+06   8.9599609e+01
   1.8016280e+06   3.5095215e+01
   1.8016650e+06   5.8044434e+01
   1.8016950e+06   5.1208496e+01
   1.8017110e+06   6.1523438e+01
   1.8017410e+06   5.9265137e+01
   1.8017670e+06   6.5734863e+01
   1.8017920e+06   3.4118652e+01
   1.8018200e+06   4.3823242e+01
   1.8019230e+06   4.7729492e+01
   1.8020360e+06   5.4748535e+01
   1.8020540e+06   4.2602539e+01
   1.8021210e+06   5.4321289e+01
   1.8021670e+06   3.7536621e+01
   1.8021770e+06   3.8696289e+01
   1.8022330e+06   4.3457031e+01
   1.8022460e+06   3.8269043e+01
   1.8022630e+06   4.2358398e+01
   1.8023150e+06   3.5522461e+01
   1.8023530e+06   3.9916992e+01
   1.8023810e+06   3.9550781e+01
   1.8024160e+06   6.0852051e+01
   1.8024660e+06   3.6193848e+01
   1.8025410e+06   3.3935547e+01
   1.8025580e+06   3.5095215e+01
   1.8026420e+06   3.8696289e+01
   1.8028250e+06   3.4240723e+01
   1.8157710e+06   3.4301758e+01
   1.8169320e+06   5.0598145e+01
   1.8205820e+06   3.4545898e+01
   1.8305090e+06   3.6804199e+01
   1.8312570e+06   4.6447754e+01
   1.8322540e+06   4.7546387e+01
   1.8331610e+06   3.7109375e+01
   1.8375940e+06   5.4565430e+01
   1.8413150e+06   5.2185059e+01
   1.8435270e+06   3.4790039e+01
   1.8440770e+06   3.4545898e+01
   1.8452190e+06   3.4484863e+01
   1.8456010e+06   3.3996582e+01
   1.8515580e+06   2.0064697e+03
   1.8515770e+06   1.0034180e+02
   1.8516060e+06   1.2542725e+02
   1.8516430e+06   5.0659180e+01
   1.8516590e+06   4.6020508e+01
   1.8516870e+06   3.9611816e+01
   1.8517110e+06   3.3813477e+01
   1.8517270e+06   4.4799805e+01
   1.8517620e+06   3.4362793e+01
   1.8517850e+06   6.9458008e+01
   1.8518040e+06   4.3762207e+01
   1.8518190e+06   3.6743164e+01
   1.8518950e+06   4.5410156e+01
   1.8519440e+06   3.7170410e+01
   1.8520280e+06   3.7780762e+01
   1.8520650e+06   4.9865723e+01
   1.8521300e+06   4.1564941e+01
   1.8521530e+06   3.3691406e+01
   1.8522000e+06   3.6010742e+01
   1.8523060e+06   3.7658691e+01
   1.8523410e+06   4.4311523e+01
   1.8524240e+06   5.0415039e+01
   1.8524500e+06   5.4870605e+01
   1.8525160e+06   3.4973145e+01
   1.8525700e+06   3.4667969e+01
   1.8526750e+06   5.5969238e+01
   1.8528490e+06   4.2846680e+01
   1.8528750e+06   3.5827637e+01
   1.8659100e+06   3.3569336e+01
   1.8692580e+06   4.7424316e+01
   1.8703290e+06   3.5400391e+01
   1.8767300e+06   5.3466797e+01
   1.8792560e+06   3.6499023e+01
   1.8802060e+06   4.4738770e+01
   1.8816770e+06   3.6926270e+01
   1.8823200e+06   3.5888672e+01
   1.8956440e+06   4.6630859e+01
   1.8957440e+06   3.5827637e+01
   1.8992710e+06   5.1208496e+01
   1.8999270e+06   3.7475586e+01
   1.9015740e+06   3.9999390e+03
   1.9015910e+06   6.6894531e+01
   1.9016200e+06   1.3952637e+02
   1.9016360e+06   3.3630371e+01
   1.9016660e+06   7.4401855e+01
   1.9017010e+06   7.6538086e+01
   1.9017260e+06   4.3640137e+01
   1.9017420e+06   4.0771484e+01
   1.9017840e+06   4.1625977e+01
   1.9018240e+06   6.5856934e+01
   1.9018510e+06   3.9978027e+01
   1.9019060e+06   4.4738770e+01
   1.9020000e+06   3.4973145e+01
   1.9022920e+06   5.2978516e+01
   1.9023400e+06   3.8085938e+01
   1.9024480e+06   3.5034180e+01
   1.9024900e+06   6.3781738e+01
   1.9159470e+06   3.7963867e+01
   1.9181970e+06   4.8400879e+01
   1.9185050e+06   4.0039063e+01
   1.9208100e+06   3.5217285e+01
   1.9254090e+06   5.4138184e+01
   1.9276260e+06   4.0100098e+01
   1.9293940e+06   3.5400391e+01
   1.9411410e+06   4.6875000e+01
   1.9414990e+06   5.2185059e+01
   1.9426050e+06   3.3630371e+01
   1.9453500e+06   3.5095215e+01
   1.9497300e+06   5.9204102e+01
   1.9515860e+06   2.0037842e+03
   1.9516050e+06   8.2824707e+01
   1.9516340e+06   1.5625000e+02
   1.9516590e+06   5.0903320e+01
   1.9516760e+06   4.0039063e+01
   1.9516930e+06   7.4584961e+01
   1.9517100e+06   5.1269531e+01
   1.9517250e+06   3.4484863e+01
   1.9517440e+06   3.7170410e+01
   1.9517860e+06   4.1442871e+01
   1.9518350e+06   6.0913086e+01
   1.9518570e+06   5.9326172e+01
   1.9620640e+06   4.5654297e+01
   1.9750580e+06   4.7424316e+01
   1.9815590e+06   3.5949707e+01
   1.9826690e+06   4.3701172e+01
   1.9861470e+06   4.1809082e+01
   1.9910410e+06   3.8696289e+01
   1.9923170e+06   4.3029785e+01
   1.9926250e+06   3.6193848e+01
   1.9980910e+06   3.6010742e+01
   1.9983220e+06   5.1635742e+01
   2.0016000e+06   2.0061646e+03
   2.0016190e+06   8.9233398e+01
   2.0016480e+06   1.4514160e+02
   2.0016720e+06   4.1564941e+01
   2.0017010e+06   6.7138672e+01
   2.0017380e+06   3.7475586e+01
   2.0017560e+06   4.5288086e+01
   2.0018130e+06   5.4382324e+01
   2.0018390e+06   6.0180664e+01
   2.0018610e+06   3.7719727e+01
   2.0018930e+06   4.2602539e+01
   2.0019100e+06   3.3935547e+01
   2.0019830e+06   4.0161133e+01
   2.0129110e+06   4.7180176e+01
   2.0171080e+06   3.6132813e+01
   2.0205010e+06   3.7597656e+01
   2.0210120e+06   3.4362793e+01
   2.0230810e+06   6.0119629e+01
   2.0265640e+06   3.9062500e+01
   2.0267590e+06   3.8574219e+01
   2.0286550e+06   5.7922363e+01
   2.0329720e+06   3.5339355e+01
   2.0345510e+06   3.5522461e+01
   2.0403870e+06   3.5888672e+01
   2.0462020e+06   5.6640625e+01
   2.0501940e+06   3.5278320e+01
   2.0516140e+06   2.0113525e+03
   2.0516330e+06   6.2316895e+01
   2.0516620e+06   1.2860107e+02
   2.0516840e+06   9.5153809e+01
   2.0517220e+06   5.9692383e+01
   2.0517380e+06   3.6865234e+01
   2.0517770e+06   5.0781250e+01
   2.0517940e+06   4.1564941e+01
   2.0518400e+06   5.7739258e+01
   2.0518790e+06   3.3874512e+01
   2.0622870e+06   5.0842285e+01
   2.0636990e+06   3.5034180e+01
   2.0657080e+06   3.4118652e+01
   2.0688810e+06   3.4240723e+01
   2.0694990e+06   4.6569824e+01
   2.0714040e+06   3.4240723e+01
   2.0757940e+06   3.8757324e+01
   2.0766270e+06   3.4301758e+01
   2.0782080e+06   4.6325684e+01
   2.0846730e+06   5.4687500e+01
   2.0880340e+06   3.8208008e+01
   2.0887910e+06   3.3813477e+01
   2.0912950e+06   3.5644531e+01
   2.0928440e+06   3.5278320e+01
   2.0938760e+06   4.9072266e+01
   2.0962000e+06   3.7109375e+01
   2.0966580e+06   4.1687012e+01
   2.0989790e+06   3.8818359e+01
   2.1016280e+06   2.0067139e+03
   2.1016560e+06   7.7331543e+01
   2.1016760e+06   1.2298584e+02
   2.1017030e+06   3.9855957e+01
   2.1017260e+06   7.4523926e+01
   2.1017400e+06   4.3579102e+01
   2.1017600e+06   6.5124512e+01
   2.1017740e+06   5.3955078e+01
   2.1018190e+06   3.8269043e+01
   2.1018290e+06   3.3813477e+01
   2.1018620e+06   6.3842773e+01
   2.1018720e+06   3.5034180e+01
   2.1022110e+06   3.7231445e+01
   2.1123550e+06   4.6997070e+01
   2.1134200e+06   4.1320801e+01
   2.1155910e+06   5.8105469e+01
   2.1164020e+06   3.3996582e+01
   2.1166150e+06   4.5715332e+01
   2.1189980e+06   3.7719727e+01
   2.1244660e+06   3.6132813e+01
   2.1299410e+06   3.6926270e+01
   2.1323840e+06   4.6020508e+01
   2.1350810e+06   3.6987305e+01
   2.1391580e+06   4.2541504e+01
   2.1441450e+06   6.0424805e+01
   2.1468480e+06   3.6499023e+01
   2.1471360e+06   3.4851074e+01
   2.1498650e+06   4.3029785e+01
   2.1498920e+06   4.2846680e+01
   2.1510710e+06   3.6071777e+01
   2.1516420e+06   2.0081177e+03
   2.1516700e+06   8.7585449e+01
   2.1516900e+06   1.2133789e+02
   2.1517210e+06   4.7241211e+01
   2.1517510e+06   9.7106934e+01
   2.1517640e+06   3.4301758e+01
   2.1517770e+06   5.1391602e+01
   2.1518000e+06   3.5522461e+01
   2.1518500e+06   3.7048340e+01
   2.1519440e+06   6.1157227e+01
   2.1519540e+06   3.4729004e+01
   2.1520090e+06   3.5705566e+01
   2.1521600e+06   4.8461914e+01
   2.1617140e+06   5.3466797e+01
   2.1645350e+06   3.6987305e+01
   2.1708770e+06   3.4423828e+01
   2.1723730e+06   4.1503906e+01
   2.1789760e+06   3.5888672e+01
   2.1806520e+06   4.4189453e+01
   2.1815950e+06   4.4677734e+01
   2.1828010e+06   4.5898438e+01
   2.1831330e+06   3.6987305e+01
   2.1842570e+06   3.3813477e+01
   2.1866360e+06   3.6682129e+01
   2.1882900e+06   3.4667969e+01
   2.1897690e+06   4.2602539e+01
   2.1903930e+06   3.4667969e+01
   2.1908860e+06   5.7739258e+01
   2.1919970e+06   5.1879883e+01
   2.1923380e+06   3.8879395e+01
   2.1927310e+06   3.5400391e+01
   2.1938520e+06   3.6682129e+01
   2.1951670e+06   3.7658691e+01
   2.1974260e+06   3.7902832e+01
   2.2016580e+06   3.9999390e+03
   2.2016850e+06   8.9904785e+01
   2.2017040e+06   1.0760498e+02
   2.2017300e+06   3.6437988e+01
   2.2017510e+06   9.5031738e+01
   2.2017650e+06   3.6621094e+01
   2.2017820e+06   4.5471191e+01
   2.2018080e+06   3.8391113e+01
   2.2018910e+06   3.8208008e+01
   2.2019010e+06   6.3537598e+01
   2.2019280e+06   4.4189453e+01
   2.2020320e+06   3.5827637e+01
   2.2027030e+06   3.3569336e+01
   2.2027380e+06   4.9377441e+01
   2.2028010e+06   5.9020996e+01
   2.2035290e+06   4.4189453e+01
   2.2050200e+06   3.5156250e+01
   2.2062100e+06   3.9794922e+01
   2.2179360e+06   4.7546387e+01
   2.2196710e+06   3.9062500e+01
   2.2200450e+06   3.4545898e+01
   2.2236360e+06   5.2429199e+01
   2.2265030e+06   5.2795410e+01
   2.2294560e+06   4.4982910e+01
   2.2399980e+06   3.3752441e+01
   2.2415780e+06   3.5888672e+01
   2.2417480e+06   5.4687500e+01
   2.2429260e+06   3.8391113e+01
   2.2440490e+06   3.3996582e+01
   2.2478790e+06   3.4118652e+01
   2.2497150e+06   3.8024902e+01
   2.2502990e+06   4.6203613e+01
   2.2516700e+06   2.0061646e+03
   2.2516890e+06   8.1970215e+01
   2.2517180e+06   1.3208008e+02
   2.2517580e+06   3.6376953e+01
   2.2517810e+06   6.3720703e+01
   2.2518090e+06   5.1940918e+01
   2.2518300e+06   3.6560059e+01
   2.2518510e+06   5.2917480e+01
   2.2518980e+06   4.6264648e+01
   2.2519600e+06   6.1218262e+01
   2.2520740e+06   3.8757324e+01
   2.2522050e+06   4.1381836e+01
   2.2523530e+06   3.9733887e+01
   2.2526180e+06   3.8513184e+01
   2.2533410e+06   3.5400391e+01
   2.2534770e+06   3.5705566e+01
   2.2535040e+06   6.2438965e+01
   2.2535140e+06   3.4240723e+01
   2.2666210e+06   3.5888672e+01
   2.2668770e+06   3.6254883e+01
   2.2670230e+06   3.3813477e+01
   2.2670640e+06   4.3090820e+01
   2.2815260e+06   4.3212891e+01
   2.2844930e+06   3.7902832e+01
   2.2846140e+06   5.4260254e+01
   2.2927620e+06   5.3100586e+01
   2.2980070e+06   3.4179688e+01
   2.3016860e+06   2.0056152e+03
   2.3017040e+06   1.0729980e+02
   2.3017290e+06   9.8449707e+01
   2.3017590e+06   3.4301758e+01
   2.3017780e+06   5.8471680e+01
   2.3018010e+06   4.9804688e+01
   2.3018250e+06   5.7128906e+01
   2.3018580e+06   5.9997559e+01
   2.3019020e+06   4.5837402e+01
   2.3019230e+06   3.5705566e+01
   2.3019420e+06   3.8208008e+01
   2.3019760e+06   5.2612305e+01
   2.3021410e+06   3.6987305e+01
   2.3023560e+06   3.6621094e+01
   2.3027980e+06   3.9428711e+01
   2.3028770e+06   3.3691406e+01
   2.3033850e+06   4.0954590e+01
   2.3135760e+06   4.7485352e+01
   2.3145990e+06   3.6254883e+01
   2.3176720e+06   3.6254883e+01
   2.3176910e+06   4.3457031e+01
   2.3207700e+06   4.1931152e+01
   2.3225470e+06   3.5278320e+01
   2.3243660e+06   4.4616699e+01
   2.3304780e+06   3.3935547e+01
   2.3321380e+06   3.8635254e+01
   2.3343480e+06   3.9184570e+01
   2.3349500e+06   4.9133301e+01
   2.3352610e+06   4.3334961e+01
   2.3448480e+06   3.6499023e+01
   2.3511750e+06   4.6142578e+01
   2.3516980e+06   2.0073242e+03
   2.3517170e+06   6.1706543e+01
   2.3517460e+06   1.3024902e+02
   2.3517800e+06   4.4311523e+01
   2.3518110e+06   6.5002441e+01
   2.3518430e+06   6.8847656e+01
   2.3519010e+06   3.4240723e+01
   2.3519240e+06   4.7973633e+01
   2.3519900e+06   6.7077637e+01
   2.3520130e+06   4.4067383e+01
   2.3522130e+06   5.1208496e+01
   2.3523380e+06   4.1503906e+01
   2.3523490e+06   5.0109863e+01
   2.3525110e+06   8.3068848e+01
   2.3525380e+06   5.0109863e+01
   2.3525960e+06   3.9794922e+01
   2.3526250e+06   6.2072754e+01
   2.3526730e+06   4.9377441e+01
   2.3526910e+06   4.4555664e+01
   2.3527160e+06   4.7302246e+01
   2.3527500e+06   3.9184570e+01
   2.3528230e+06   5.1757813e+01
   2.3528440e+06   3.5827637e+01
   2.3528960e+06   3.7170410e+01
   2.3531150e+06   4.1320801e+01
   2.3532140e+06   3.9794922e+01
   2.3532840e+06   3.5827637e+01
   2.3639420e+06   3.9123535e+01
   2.3655870e+06   3.4606934e+01
   2.3671490e+06   3.9978027e+01
   2.3673250e+06   5.5236816e+01
   2.3693350e+06   3.9306641e+01
   2.3701550e+06   4.6630859e+01
   2.3757120e+06   4.1259766e+01
   2.3792260e+06   5.6640625e+01
   2.3816660e+06   3.4545898e+01
   2.3821700e+06   3.4667969e+01
   2.3854030e+06   4.4555664e+01
   2.3891860e+06   3.3813477e+01
   2.3894080e+06   5.2307129e+01
   2.3928010e+06   3.5034180e+01
   2.3942450e+06   5.5725098e+01
   2.3982680e+06   3.4301758e+01
   2.3988510e+06   3.4240723e+01
   2.4017120e+06   2.0105591e+03
   2.4017230e+06   1.1431885e+02
   2.4017390e+06   6.0485840e+01
   2.4017570e+06   6.4453125e+01
   2.4017840e+06   3.9550781e+01
   2.4018040e+06   9.8144531e+01
   2.4018390e+06   4.6142578e+01
   2.4018580e+06   3.8269043e+01
   2.4018720e+06   3.7353516e+01
   2.4019430e+06   4.7424316e+01
   2.4019610e+06   3.8391113e+01
   2.4020480e+06   3.7109375e+01
   2.4022390e+06   4.2053223e+01
   2.4022580e+06   4.8583984e+01
   2.4024590e+06   4.5043945e+01
   2.4026090e+06   3.9855957e+01
   2.4026560e+06   6.1279297e+01
   2.4028240e+06   3.6010742e+01
   2.4102430e+06   3.7963867e+01
   2.4235100e+06   3.5278320e+01
   2.4247130e+06   3.7536621e+01
   2.4343180e+06   3.4057617e+01
   2.4345500e+06   5.2062988e+01
   2.4354960e+06   3.3935547e+01
   2.4370390e+06   4.6691895e+01
   2.4382360e+06   3.9123535e+01
   2.4416210e+06   4.1870117e+01
   2.4432010e+06   3.4912109e+01
   2.4436820e+06   3.4362793e+01
   2.4504530e+06   4.6569824e+01
   2.4517280e+06   3.9999390e+03
   2.4517450e+06   9.5886230e+01
   2.4517740e+06   1.2854004e+02
   2.4518010e+06   3.9428711e+01
   2.4518410e+06   8.2702637e+01
   2.4518700e+06   7.3669434e+01
   2.4518990e+06   4.2724609e+01
   2.4519160e+06   3.3996582e+01
   2.4520090e+06   3.6499023e+01
   2.4521430e+06   3.6682129e+01
   2.4528250e+06   3.3813477e+01
   2.4530130e+06   6.7565918e+01
   2.4530480e+06   3.6254883e+01
   2.4530630e+06   3.5827637e+01
   2.4530900e+06   3.7048340e+01
   2.4532140e+06   7.4096680e+01
   2.4533810e+06   3.4606934e+01
   2.4661340e+06   5.3710938e+01
   2.4667860e+06   3.6071777e+01
   2.4689290e+06   5.5358887e+01
   2.4717010e+06   5.2734375e+01
   2.4747470e+06   3.6132813e+01
   2.4752910e+06   3.4362793e+01
   2.4799950e+06   3.5705566e+01
   2.4841040e+06   3.6315918e+01
   2.4849380e+06   4.6203613e+01
   2.4877690e+06   3.7048340e+01
   2.4909880e+06   3.4729004e+01
   2.4912500e+06   3.7170410e+01
   2.4924450e+06   3.3630371e+01
   2.4928370e+06   4.8339844e+01
   2.4938430e+06   3.6743164e+01
   2.4943980e+06   4.3212891e+01
   2.4981470e+06   4.7546387e+01
   2.5013590e+06   4.1625977e+01
   2.5020390e+06   4.0161133e+01
   2.5049140e+06   3.8024902e+01
   2.5084860e+06   4.7485352e+01
   2.5094930e+06   3.6010742e+01
   2.5128280e+06   5.2795410e+01
   2.5129570e+06   3.5339355e+01
   2.5133680e+06   5.5236816e+01
   2.5138930e+06   3.6499023e+01
   2.5155180e+06   3.4729004e+01
   2.5173400e+06   4.6447754e+01
   2.5205200e+06   4.9987793e+01
   2.5268390e+06   4.5410156e+01
   2.5285170e+06   4.7119141e+01
   2.5296740e+06   3.6560059e+01
   2.5296860e+06   6.9274902e+01
   2.5297250e+06   3.6315918e+01
   2.5297490e+06   6.4941406e+01
   2.5297620e+06   1.0528564e+02
   2.5297770e+06   1.0339355e+02
   2.5298090e+06   6.7932129e+01
   2.5298330e+06   5.4931641e+01
   2.5298630e+06   7.5195313e+01
   2.5298850e+06   5.8227539e+01
   2.5299010e+06   6.3415527e+01
   2.5299320e+06   6.6284180e+01
   2.5299590e+06   6.2988281e+01
   2.5299800e+06   4.3701172e+01
   2.5300040e+06   5.9387207e+01
   2.5300320e+06   4.2175293e+01
   2.5300490e+06   4.4250488e+01
   2.5300680e+06   4.2236328e+01
   2.5300840e+06   7.3120117e+01
   2.5300940e+06   6.2988281e+01
   2.5301140e+06   5.4870605e+01
   2.5301300e+06   6.6528320e+01
   2.5301410e+06   5.1086426e+01
   2.5301730e+06   3.8818359e+01
   2.5302040e+06   5.6030273e+01
   2.5302250e+06   5.4931641e+01
   2.5302430e+06   6.3537598e+01
   2.5302690e+06   3.6315918e+01
   2.5302810e+06   4.4982910e+01
   2.5303020e+06   5.2124023e+01
   2.5303170e+06   4.4738770e+01
   2.5303640e+06   5.2795410e+01
   2.5303900e+06   3.8635254e+01
   2.5304030e+06   4.1687012e+01
   2.5304340e+06   3.5644531e+01
   2.5304500e+06   5.3161621e+01
   2.5304720e+06   3.9672852e+01
   2.5305120e+06   5.5541992e+01
   2.5305260e+06   4.9316406e+01
   2.5305610e+06   5.1147461e+01
   2.5305730e+06   4.6691895e+01
   2.5306010e+06   3.6376953e+01
   2.5306230e+06   5.6701660e+01
   2.5306450e+06   3.6926270e+01
   2.5306550e+06   4.5288086e+01
   2.5306990e+06   3.3813477e+01
   2.5307280e+06   4.2907715e+01
   2.5307380e+06   5.1269531e+01
   2.5308050e+06   3.3691406e+01
   2.5308420e+06   3.7719727e+01
   2.5308570e+06   4.3762207e+01
   2.5308830e+06   3.3935547e+01
   2.5309010e+06   4.5532227e+01
   2.5309790e+06   3.5339355e+01
   2.5310140e+06   6.1157227e+01
   2.5310370e+06   3.5949707e+01
   2.5310500e+06   3.4118652e+01
   2.5311140e+06   3.7292480e+01
   2.5311660e+06   3.8696289e+01
   2.5312270e+06   3.6010742e+01
   2.5312390e+06   3.9489746e+01
   2.5313110e+06   3.8879395e+01
   2.5313320e+06   3.4729004e+01
   2.5313450e+06   5.3833008e+01
   2.5313620e+06   3.5034180e+01
   2.5314750e+06   3.6804199e+01
   2.5315030e+06   3.7475586e+01
   2.5315560e+06   4.0832520e+01
   2.5316380e+06   3.5522461e+01
   2.5317880e+06   3.9001465e+01
   2.5318180e+06   3.8024902e+01
   2.5319910e+06   3.7048340e+01
   2.5320140e+06   3.4484863e+01
   2.5322220e+06   3.4973145e+01
   2.5322530e+06   3.7719727e+01
   2.5324650e+06   3.4790039e+01
   2.5326270e+06   3.6560059e+01
   2.5329770e+06   3.5461426e+01
   2.5344750e+06   3.8024902e+01
   2.5346230e+06   3.8452148e+01
   2.5352380e+06   3.5583496e+01
   2.5363880e+06   3.7902832e+01
   2.5451170e+06   3.5522461e+01
   2.5493200e+06   3.8818359e+01
   2.5510160e+06   3.4240723e+01
   2.5518130e+06   4.9926758e+01
   2.5519880e+06   3.3874512e+01
   2.5535960e+06   3.4606934e+01
   2.5543700e+06   3.4301758e+01
   2.5575060e+06   3.7841797e+01
   2.5581780e+06   3.4667969e+01
   2.5582540e+06   3.4118652e+01
   2.5582690e+06   6.0424805e+01
   2.5598810e+06   4.7485352e+01
   2.5624670e+06   3.7414551e+01
   2.5632980e+06   3.5522461e+01
   2.5633900e+06   3.4362793e+01
   2.5643600e+06   3.4484863e+01
   2.5698440e+06   3.3691406e+01
   2.5701350e+06   3.4484863e+01
   2.5710860e+06   3.9062500e+01
   2.5714310e+06   3.6437988e+01
   2.5717720e+06   3.5034180e+01
   2.5723980e+06   3.4240723e+01
   2.5725380e+06   4.9987793e+01
   2.5742660e+06   4.0039063e+01
   2.5743410e+06   4.0466309e+01
   2.5822850e+06   3.5217285e+01
   2.5831490e+06   3.5705566e+01
   2.5853430e+06   5.6579590e+01
   2.5856310e+06   4.7851563e+01
   2.5860590e+06   3.7109375e+01
   2.5863010e+06   3.3691406e+01
   2.5865170e+06   3.6621094e+01
   2.5879940e+06   3.4362793e+01
   2.5936940e+06   3.6804199e+01
   2.5940640e+06   5.4016113e+01
   2.5959100e+06   3.7109375e+01
   2.5974350e+06   3.8696289e+01
   2.5978990e+06   3.8940430e+01
   2.5987100e+06   3.8330078e+01
   2.5989340e+06   3.6987305e+01
   2.5991730e+06   4.1259766e+01
   2.5994290e+06   3.3935547e+01
   2.5995110e+06   5.0415039e+01
   2.6006990e+06   3.3813477e+01
   2.6013450e+06   3.8635254e+01
   2.6017000e+06   4.0588379e+01
   2.6072640e+06   3.7414551e+01
   2.6081470e+06   6.9519043e+01
   2.6084040e+06   3.5095215e+01
   2.6089810e+06   3.4790039e+01
   2.6102970e+06   3.4729004e+01
   2.6161680e+06   3.5278320e+01
   2.6183510e+06   3.4423828e+01
   2.6184770e+06   7.1838379e+01
   2.6185470e+06   4.6997070e+01
   2.6186650e+06   3.4423828e+01
   2.6189860e+06   3.4667969e+01
   2.6261210e+06   4.1992188e+01
   2.6262730e+06   4.0039063e+01
   2.6275370e+06   6.4086914e+01
   2.6287550e+06   3.5217285e+01
   2.6289480e+06   4.4250488e+01
   2.6291060e+06   5.9143066e+01
   2.6294000e+06   5.2978516e+01
   2.6296240e+06   7.7148438e+01
   2.6300070e+06   3.6437988e+01
   2.6307620e+06   4.2785645e+01
   2.6353440e+06   3.9611816e+01
   2.6360680e+06   3.7292480e+01
   2.6367430e+06   3.4362793e+01
   2.6405770e+06   4.2907715e+01
   2.6415430e+06   3.3752441e+01
   2.6416880e+06   3.8330078e+01
   2.6418940e+06   3.3630371e+01
   2.6419960e+06   3.7109375e+01
   2.6428320e+06   4.8278809e+01
   2.6493570e+06   3.4484863e+01
   2.6494390e+06   3.6621094e+01
   2.6494730e+06   6.5185547e+01
   2.6495600e+06   3.8696289e+01
   2.6496750e+06   4.4189453e+01
   2.6497600e+06   3.4057617e+01
   2.6500790e+06   3.7841797e+01
   2.6574220e+06   3.3813477e+01
   2.6590190e+06   3.6376953e+01
   2.6590970e+06   3.8940430e+01
   2.6591570e+06   6.3781738e+01
   2.6592590e+06   3.3874512e+01
   2.6593520e+06   3.4362793e+01
   2.6608230e+06   4.6508789e+01
   2.6664060e+06   3.8391113e+01
   2.6731430e+06   5.2612305e+01
   2.6737380e+06   3.9978027e+01
   2.6738960e+06   3.3752441e+01
   2.6739330e+06   5.6091309e+01
   2.6739450e+06   3.7536621e+01
   2.6750190e+06   3.9062500e+01
   2.6814020e+06   4.9011230e+01
   2.6815060e+06   3.5888672e+01
   2.6816190e+06   3.7231445e+01
   2.6817150e+06   6.5612793e+01
   2.6820210e+06   3.4240723e+01
   2.6821450e+06   3.3752441e+01
   2.6821810e+06   3.4484863e+01
   2.6822080e+06   3.7170410e+01
   2.6822700e+06   6.7504883e+01
   2.6823370e+06   3.3630371e+01
   2.6823770e+06   3.5034180e+01
   2.6825020e+06   3.4057617e+01
   2.6826920e+06   3.4301758e+01
   2.6829960e+06   4.5898438e+01
   2.6914710e+06   5.2429199e+01
   2.6917870e+06   3.7231445e+01
   2.6920190e+06   6.2255859e+01
   2.6923000e+06   3.6254883e+01
   2.6924240e+06   3.4118652e+01
   2.6925350e+06   4.7668457e+01
   2.6926200e+06   5.8288574e+01
   2.6928590e+06   3.3569336e+01
   2.6938240e+06   4.0405273e+01
   2.6999120e+06   3.6499023e+01
   2.7000820e+06   4.5043945e+01
   2.7005980e+06   3.4057617e+01
   2.7022840e+06   3.3569336e+01
   2.7024690e+06   5.7617188e+01
   2.7057740e+06   3.6560059e+01
   2.7071050e+06   3.9855957e+01
   2.7097670e+06   3.3813477e+01
   2.7098020e+06   3.4545898e+01
   2.7100100e+06   5.1086426e+01
   2.7174990e+06   6.1828613e+01
   2.7176280e+06   3.3752441e+01
   2.7180550e+06   5.2612305e+01
   2.7181890e+06   5.9265137e+01
   2.7182210e+06   3.5827637e+01
   2.7182870e+06   3.9428711e+01
   2.7184760e+06   3.7353516e+01
   2.7186590e+06   4.1564941e+01
   2.7186760e+06   7.1166992e+01
   2.7187000e+06   3.8696289e+01
   2.7187750e+06   3.3752441e+01
   2.7190970e+06   4.5104980e+01
   2.7191180e+06   4.4799805e+01
   2.7191830e+06   3.5400391e+01
   2.7193950e+06   3.7658691e+01
   2.7270470e+06   3.5095215e+01
   2.7272410e+06   6.9396973e+01
   2.7331280e+06   3.5034180e+01
   2.7349830e+06   3.4606934e+01
   2.7406480e+06   4.0954590e+01
   2.7413800e+06   4.6569824e+01
   2.7425130e+06   7.0251465e+01
   2.7429190e+06   5.1452637e+01
   2.7430160e+06   3.6193848e+01
   2.7489640e+06   4.2114258e+01
   2.7492110e+06   4.1259766e+01
   2.7496030e+06   3.5156250e+01
   2.7498410e+06   5.0781250e+01
   2.7505280e+06   7.3974609e+01
   2.7510620e+06   3.8269043e+01
   2.7560840e+06   3.5034180e+01
   2.7579920e+06   3.8452148e+01
   2.7582190e+06   3.5827637e+01
   2.7583600e+06   3.6010742e+01
   2.7585330e+06   4.6203613e+01
   2.7585480e+06   4.0161133e+01
   2.7586160e+06   3.3996582e+01
   2.7593560e+06   3.3569336e+01
   2.7595050e+06   4.6325684e+01
   2.7595620e+06   4.5959473e+01
   2.7599560e+06   3.5034180e+01
   2.7645070e+06   4.4677734e+01
   2.7739410e+06   5.6396484e+01
   2.7741900e+06   3.7841797e+01
   2.7742190e+06   5.3039551e+01
   2.7742860e+06   3.6804199e+01
   2.7767220e+06   3.5339355e+01
   2.7820150e+06   5.5541992e+01
   2.7821730e+06   3.8330078e+01
   2.7822090e+06   3.5888672e+01
   2.7844280e+06   3.5705566e+01
   2.7846130e+06   3.4667969e+01
   2.7848450e+06   5.5358887e+01
   2.7917030e+06   5.5297852e+01
   2.7925360e+06   3.4118652e+01
   2.7952350e+06   3.8146973e+01
   2.8000550e+06   3.4301758e+01
   2.8006410e+06   3.5766602e+01
   2.8025240e+06   3.5583496e+01
   2.8096770e+06   5.3710938e+01
   2.8159320e+06   4.1381836e+01
   2.8162260e+06   3.6193848e+01
   2.8168370e+06   3.5827637e+01
   2.8214310e+06   4.2114258e+01
   2.8219480e+06   4.5837402e+01
   2.8231480e+06   4.8217773e+01
   2.8240590e+06   5.0048828e+01
   2.8317880e+06   3.6132813e+01
   2.8354740e+06   3.4484863e+01
   2.8396060e+06   4.7424316e+01
   2.8422920e+06   3.6499023e+01
   2.8425060e+06   5.3039551e+01
   2.8476190e+06   3.5339355e+01
   2.8508110e+06   3.7231445e+01
   2.8524460e+06   3.3935547e+01
   2.8529330e+06   5.7678223e+01
   2.8533110e+06   5.3710938e+01
   2.8565030e+06   3.9123535e+01
   2.8569070e+06   4.3457031e+01
   2.8591100e+06   4.2358398e+01
   2.8596450e+06   5.1330566e+01
   2.8597120e+06   3.4423828e+01
   2.8597680e+06   4.1870117e+01
   2.8604890e+06   4.1748047e+01
   2.8665430e+06   4.6203613e+01
   2.8678460e+06   4.8889160e+01
   2.8681300e+06   4.0100098e+01
   2.8689200e+06   4.3457031e+01
   2.8775900e+06   4.9865723e+01
   2.8794000e+06   3.4729004e+01
   2.8799510e+06   4.3884277e+01
   2.8804140e+06   3.7536621e+01
   2.8821860e+06   3.8391113e+01
   2.8920790e+06   3.3813477e+01
   2.8937110e+06   3.5217285e+01
   2.8954990e+06   4.6325684e+01
   2.9015440e+06   4.0466309e+01
   2.9054810e+06   3.6926270e+01
   2.9055960e+06   3.6743164e+01
   2.9057770e+06   3.9428711e+01
   2.9103640e+06   4.4067383e+01
   2.9141770e+06   5.1818848e+01
   2.9156300e+06   4.0466309e+01
   2.9161510e+06   6.7016602e+01
   2.9161930e+06   3.4057617e+01
   2.9179830e+06   3.4545898e+01
   2.9213610e+06   3.4057617e+01
   2.9220730e+06   3.7292480e+01
   2.9232220e+06   3.4118652e+01
   2.9237010e+06   3.4240723e+01
   2.9258600e+06   3.8085938e+01
   2.9302270e+06   3.4790039e+01
   2.9386920e+06   3.6315918e+01
   2.9418870e+06   4.1992188e+01
   2.9472860e+06   4.3151855e+01
   2.9493460e+06   5.4382324e+01
   2.9518960e+06   3.5400391e+01
   2.9575970e+06   4.5715332e+01
   2.9594710e+06   3.4790039e+01
   2.9626280e+06   3.5217285e+01
   2.9648960e+06   4.9255371e+01
   2.9668840e+06   5.0476074e+01
   2.9711570e+06   3.9978027e+01
   2.9718940e+06   4.4921875e+01
   2.9742450e+06   3.6682129e+01
   2.9780160e+06   5.0903320e+01
   2.9782150e+06   4.3151855e+01
   2.9784670e+06   3.4301758e+01
   2.9823230e+06   3.5339355e+01
   2.9828980e+06   3.6071777e+01
   2.9831660e+06   4.6386719e+01
   2.9835630e+06   3.5400391e+01
   2.9839330e+06   4.3090820e+01
   2.9866310e+06   5.5786133e+01
   2.9937290e+06   4.4799805e+01
   2.9968930e+06   3.4545898e+01
   2.9989800e+06   3.6926270e+01
