   2.9990000e+06   0.0000000e+00
   1.0400000e+03   2.0088501e+03
   4.6001000e+04   3.5461426e+01
   4.6065000e+04   3.7536621e+01
   4.6100000e+04   3.6621094e+01
   4.6130000e+04   3.4240723e+01
   4.6160000e+04   5.1208496e+01
   4.6191000e+04   3.4790039e+01
   4.6229000e+04   3.3935547e+01
   4.6255000e+04   3.4301758e+01
   4.6316000e+04   3.3752441e+01
   5.1054000e+04   2.0042725e+03
   5.1126000e+04   3.9611816e+01
   1.0106800e+05   2.0031738e+03
   1.0114200e+05   3.3691406e+01
   1.0117500e+05   3.3935547e+01
   1.0120000e+05   3.9428711e+01
   1.0123900e+05   3.7475586e+01
   1.0128400e+05   3.5583496e+01
   1.0132200e+05   3.3081055e+01
   1.0137700e+05   4.5349121e+01
   1.0143500e+05   4.4982910e+01
   1.0146500e+05   3.6987305e+01
   1.0151700e+05   3.8635254e+01
   1.0154600e+05   3.6926270e+01
   1.0158600e+05   3.4912109e+01
   1.0177100e+05   5.5114746e+01
   1.0181400e+05   3.2897949e+01
   1.0188700e+05   3.4606934e+01
   1.0194200e+05   3.4729004e+01
   1.2897900e+05   3.3569336e+01
   1.2908300e+05   3.3386230e+01
   1.2911200e+05   4.1931152e+01
   1.2913700e+05   3.8879395e+01
   1.2915500e+05   4.7973633e+01
   1.2918800e+05   4.9255371e+01
   1.2921900e+05   4.1687012e+01
   1.2924800e+05   3.5461426e+01
   1.2927800e+05   4.7790527e+01
   1.2930900e+05   5.5725098e+01
   1.2932500e+05   4.3273926e+01
   1.2934800e+05   3.3691406e+01
   1.2939700e+05   3.6926270e+01
   1.2940900e+05   3.8818359e+01
   1.2946000e+05   4.0161133e+01
   1.2948900e+05   4.2236328e+01
   1.2955200e+05   3.8391113e+01
   1.2966800e+05   3.5156250e+01
   1.2974900e+05   3.3142090e+01
   1.4750600e+05   3.4545898e+01
   1.4752900e+05   3.8330078e+01
   1.4756800e+05   3.7231445e+01
   1.4758200e+05   4.4555664e+01
   1.4764000e+05   4.5349121e+01
   1.5108200e+05   2.0082397e+03
   1.5128200e+05   3.7231445e+01
   1.6466600e+05   3.4484863e+01
   1.6470000e+05   3.7292480e+01
   1.6471300e+05   4.0527344e+01
   1.6472300e+05   3.8269043e+01
   1.6486700e+05   3.4179688e+01
   1.6492500e+05   4.4433594e+01
   1.7531900e+05   3.7353516e+01
   2.0109600e+05   2.0045776e+03
   2.0119500e+05   3.3691406e+01
   2.0123800e+05   3.8757324e+01
   2.0125000e+05   4.5043945e+01
   2.0130700e+05   3.7963867e+01
   2.0134000e+05   3.2958984e+01
   2.0138900e+05   3.7292480e+01
   2.0141900e+05   3.3264160e+01
   2.0144000e+05   3.4362793e+01
   2.0151500e+05   3.3081055e+01
   2.0155900e+05   3.5949707e+01
   2.0175200e+05   3.3264160e+01
   2.0178300e+05   5.0537109e+01
   2.0181900e+05   3.5705566e+01
   2.2803500e+05   3.6071777e+01
   2.2808100e+05   3.3386230e+01
   2.2811000e+05   3.4790039e+01
   2.2814800e+05   3.3203125e+01
   2.2816300e+05   3.6499023e+01
   2.2818700e+05   3.3020020e+01
   2.2825600e+05   3.6926270e+01
   2.2830000e+05   3.4851074e+01
   2.2832800e+05   3.2958984e+01
   2.3783200e+05   3.3630371e+01
   2.4679900e+05   4.1870117e+01
   2.4684800e+05   3.5034180e+01
   2.4688900e+05   5.2673340e+01
   2.4692000e+05   3.5095215e+01
   2.4693600e+05   4.1198730e+01
   2.4696100e+05   3.9001465e+01
   2.4705100e+05   3.4423828e+01
   2.4711200e+05   3.4362793e+01
   2.4717800e+05   4.2541504e+01
   2.5111000e+05   2.0120850e+03
   2.5124300e+05   3.6376953e+01
   2.5128300e+05   4.4250488e+01
   2.7854500e+05   3.6926270e+01
   2.7856500e+05   3.7841797e+01
   2.7860500e+05   3.6010742e+01
   2.7861900e+05   3.5949707e+01
   2.7865800e+05   3.5705566e+01
   2.7876100e+05   3.9978027e+01
   2.7880200e+05   3.4790039e+01
   3.0112400e+05   2.0067749e+03
   3.0118000e+05   3.4912109e+01
   3.0127300e+05   3.3569336e+01
   3.0130200e+05   3.3935547e+01
   3.0133800e+05   3.6499023e+01
   3.0166900e+05   3.2836914e+01
   3.0184600e+05   4.0710449e+01
   3.0914700e+05   3.5400391e+01
   3.0932700e+05   3.3203125e+01
   3.5113800e+05   2.0092773e+03
   3.5127400e+05   3.5949707e+01
   3.5131000e+05   3.9123535e+01
   3.5134900e+05   4.3640137e+01
   3.5136400e+05   4.1809082e+01
   4.0115400e+05   3.9999390e+03
   4.0121100e+05   3.8513184e+01
   4.0125500e+05   3.3142090e+01
   4.0127800e+05   3.4362793e+01
   4.0129800e+05   3.7475586e+01
   4.0131200e+05   4.4311523e+01
   4.0138600e+05   4.5349121e+01
   4.0148200e+05   3.6682129e+01
   4.5116600e+05   2.0083008e+03
   4.5130100e+05   3.4667969e+01
   4.5132800e+05   4.8645020e+01
   4.5135000e+05   4.1809082e+01
   4.5140100e+05   3.4667969e+01
   4.5145100e+05   3.9550781e+01
   4.5151000e+05   3.3264160e+01
   4.5153700e+05   3.5156250e+01
   4.6315500e+05   4.0222168e+01
   4.6317900e+05   4.8461914e+01
   4.6319600e+05   3.3020020e+01
   4.6327000e+05   3.6010742e+01
   4.6329200e+05   5.1635742e+01
   4.6331300e+05   3.3203125e+01
   4.6335900e+05   3.3020020e+01
   4.6338000e+05   4.7363281e+01
   5.0118000e+05   2.0058594e+03
   5.0123600e+05   3.3569336e+01
   5.0125200e+05   4.1442871e+01
   5.0129900e+05   3.3203125e+01
   5.0132500e+05   5.2062988e+01
   5.0135500e+05   3.6682129e+01
   5.0137800e+05   3.3142090e+01
   5.0148300e+05   3.4179688e+01
   5.0154700e+05   3.5888672e+01
   5.0173000e+05   3.7414551e+01
   5.5119600e+05   3.9999390e+03
   5.5126800e+05   4.4006348e+01
   5.5127800e+05   3.5705566e+01
   5.5131400e+05   3.5400391e+01
   5.5133700e+05   4.0039063e+01
   5.5138600e+05   3.7780762e+01
   5.5143400e+05   3.3752441e+01
   5.5148300e+05   3.4973145e+01
   5.5156800e+05   4.0710449e+01
   5.5207000e+05   3.7231445e+01
   6.0120800e+05   2.0155029e+03
   6.0127500e+05   3.3691406e+01
   6.0135100e+05   4.2236328e+01
   6.0137600e+05   4.1137695e+01
   6.0139100e+05   4.0771484e+01
   6.0146800e+05   4.7729492e+01
   6.5122200e+05   2.0062256e+03
   6.5129300e+05   3.8513184e+01
   6.5136800e+05   4.4311523e+01
   6.5138800e+05   3.3996582e+01
   6.5175800e+05   3.5827637e+01
   6.7202700e+05   3.8452148e+01
   6.7214000e+05   3.3081055e+01
   6.7226500e+05   4.1748047e+01
   6.7228400e+05   3.3630371e+01
   6.7236100e+05   3.4667969e+01
   6.7237400e+05   4.9194336e+01
   6.7238900e+05   3.5888672e+01
   6.7240900e+05   4.9194336e+01
   6.7244500e+05   4.0954590e+01
   6.7247300e+05   3.8574219e+01
   6.7249200e+05   3.8330078e+01
   6.7251500e+05   3.3386230e+01
   6.7254200e+05   5.6579590e+01
   6.7256200e+05   5.7739258e+01
   6.7257900e+05   3.7475586e+01
   6.7259200e+05   3.9794922e+01
   6.7260700e+05   3.6376953e+01
   6.7262800e+05   3.7902832e+01
   6.7268000e+05   4.1931152e+01
   6.7269900e+05   3.6193848e+01
   6.7276100e+05   3.7475586e+01
   7.0123600e+05   2.0086060e+03
   7.0131000e+05   3.7719727e+01
   7.0718400e+05   3.6132813e+01
   7.5125000e+05   2.0065308e+03
   7.5132300e+05   3.5095215e+01
   7.5139600e+05   3.3752441e+01
   7.5143800e+05   4.4250488e+01
   7.5145300e+05   3.4545898e+01
   8.0126400e+05   2.0105591e+03
   8.0140600e+05   3.4912109e+01
   8.0141800e+05   3.3508301e+01
   8.0162900e+05   3.3691406e+01
   8.0181100e+05   3.4606934e+01
   8.5128000e+05   2.0056152e+03
   8.5142300e+05   3.4484863e+01
   8.5144400e+05   5.6701660e+01
   8.5186700e+05   3.8513184e+01
   9.0129200e+05   2.0104980e+03
   9.0136700e+05   4.1259766e+01
   9.0139700e+05   3.8269043e+01
   9.0145900e+05   3.7109375e+01
   9.0153500e+05   4.1625977e+01
   9.3666200e+05   3.6865234e+01
   9.5130800e+05   3.9999390e+03
   9.5138000e+05   4.2907715e+01
   9.5144600e+05   4.5715332e+01
   9.5147500e+05   4.1137695e+01
   9.5261800e+05   3.3813477e+01
   9.8352200e+05   3.3325195e+01
   1.0013220e+06   3.9999390e+03
   1.0013910e+06   3.7414551e+01
   1.0014390e+06   3.6804199e+01
   1.0014530e+06   4.5288086e+01
   1.0014950e+06   3.5461426e+01
   1.0015110e+06   4.0222168e+01
   1.0017370e+06   4.0527344e+01
   1.0021480e+06   3.4362793e+01
   1.0023910e+06   3.5583496e+01
   1.0513360e+06   3.9999390e+03
   1.0514150e+06   3.3081055e+01
   1.0514850e+06   3.7963867e+01
   1.0515020e+06   3.6254883e+01
   1.1013500e+06   3.9999390e+03
   1.1014070e+06   3.3691406e+01
   1.1015330e+06   4.0405273e+01
   1.1015740e+06   3.5400391e+01
   1.1015880e+06   3.3508301e+01
   1.1021480e+06   3.7170410e+01
   1.1513620e+06   2.0094604e+03
   1.1514410e+06   3.3203125e+01
   1.1515140e+06   3.8757324e+01
   1.1516110e+06   3.3203125e+01
   1.1760460e+06   3.3935547e+01
   1.1810220e+06   3.4118652e+01
   1.1811420e+06   3.3691406e+01
   1.1811940e+06   3.3935547e+01
   1.1812160e+06   4.3762207e+01
   1.1812660e+06   3.2836914e+01
   1.1812960e+06   3.9794922e+01
   1.1813180e+06   3.8879395e+01
   1.1813360e+06   3.5583496e+01
   1.1813770e+06   4.2297363e+01
   1.1814000e+06   3.8635254e+01
   1.1814190e+06   4.0588379e+01
   1.1814440e+06   3.4912109e+01
   1.1814580e+06   4.1503906e+01
   1.1814740e+06   3.9733887e+01
   1.1815550e+06   4.0527344e+01
   1.1815650e+06   3.8269043e+01
   1.1815870e+06   3.6743164e+01
   1.1816020e+06   4.1015625e+01
   1.1816720e+06   3.8818359e+01
   1.1817000e+06   3.7902832e+01
   1.1818230e+06   3.7170410e+01
   1.1818400e+06   4.2907715e+01
   1.1822280e+06   3.3386230e+01
   1.2013780e+06   3.9999390e+03
   1.2014440e+06   3.7536621e+01
   1.2015330e+06   3.2958984e+01
   1.2435230e+06   3.3935547e+01
   1.2513900e+06   2.0082397e+03
   1.2514640e+06   3.9184570e+01
   1.2515190e+06   3.4667969e+01
   1.2515500e+06   3.3203125e+01
   1.2516460e+06   3.4301758e+01
   1.2768770e+06   3.3386230e+01
   1.2769170e+06   3.6071777e+01
   1.3014060e+06   3.9999390e+03
   1.3015230e+06   3.4973145e+01
   1.3015400e+06   3.5644531e+01
   1.3015900e+06   3.7658691e+01
   1.3016160e+06   3.7719727e+01
   1.3016540e+06   3.3874512e+01
   1.3016930e+06   3.7841797e+01
   1.3017640e+06   3.7109375e+01
   1.3085030e+06   3.3020020e+01
   1.3348650e+06   3.2836914e+01
   1.3349540e+06   3.6560059e+01
   1.3349640e+06   3.3996582e+01
   1.3351220e+06   3.3569336e+01
   1.3359090e+06   3.3630371e+01
   1.3514180e+06   2.0048218e+03
   1.3514920e+06   3.9733887e+01
   1.3515560e+06   3.6254883e+01
   1.3515730e+06   3.7475586e+01
   1.3515960e+06   4.9377441e+01
   1.3516710e+06   4.2419434e+01
   1.3521890e+06   3.3264160e+01
   1.3917220e+06   4.0832520e+01
   1.3917550e+06   3.7597656e+01
   1.3917750e+06   3.7048340e+01
   1.3918390e+06   4.0405273e+01
   1.3918670e+06   4.0710449e+01
   1.3919110e+06   4.6386719e+01
   1.3919380e+06   5.1452637e+01
   1.3919620e+06   4.6936035e+01
   1.3919930e+06   5.5847168e+01
   1.3920030e+06   4.2114258e+01
   1.3920140e+06   3.6682129e+01
   1.3920260e+06   6.5673828e+01
   1.3920540e+06   3.3874512e+01
   1.3920740e+06   4.1748047e+01
   1.3921070e+06   4.6630859e+01
   1.3921350e+06   3.3996582e+01
   1.3921790e+06   3.9001465e+01
   1.3922320e+06   3.4545898e+01
   1.3922640e+06   4.0344238e+01
   1.3922820e+06   3.6376953e+01
   1.3923060e+06   4.1015625e+01
   1.3923460e+06   3.8818359e+01
   1.3923640e+06   4.0649414e+01
   1.3924060e+06   3.9367676e+01
   1.3924350e+06   3.3020020e+01
   1.3925320e+06   3.7414551e+01
   1.3925440e+06   3.8391113e+01
   1.3925640e+06   3.5339355e+01
   1.3925940e+06   3.7963867e+01
   1.3926650e+06   3.6376953e+01
   1.3927190e+06   3.7292480e+01
   1.3927450e+06   4.4494629e+01
   1.3927820e+06   3.5766602e+01
   1.3928480e+06   4.6142578e+01
   1.3929980e+06   3.4667969e+01
   1.3930140e+06   3.3691406e+01
   1.3932000e+06   3.6376953e+01
   1.3932160e+06   3.6804199e+01
   1.3935210e+06   3.3447266e+01
   1.3936270e+06   4.1015625e+01
   1.3955890e+06   3.3020020e+01
   1.4014320e+06   2.0064087e+03
   1.4015780e+06   3.2897949e+01
   1.4514460e+06   2.0074463e+03
   1.4515040e+06   3.3630371e+01
   1.4515180e+06   3.7231445e+01
   1.4661150e+06   3.5705566e+01
   1.4990540e+06   3.7902832e+01
   1.5014600e+06   2.0040894e+03
   1.5016520e+06   3.9611816e+01
   1.5340050e+06   3.7353516e+01
   1.5341000e+06   4.9865723e+01
   1.5342020e+06   4.0466309e+01
   1.5342390e+06   3.3874512e+01
   1.5343370e+06   3.3325195e+01
   1.5514740e+06   2.0065918e+03
   1.5515270e+06   3.3203125e+01
   1.5515420e+06   3.6804199e+01
   1.5516250e+06   3.9733887e+01
   1.5516480e+06   3.5095215e+01
   1.5517710e+06   4.1931152e+01
   1.5518820e+06   4.0527344e+01
   1.5519300e+06   3.5156250e+01
   1.5519780e+06   3.7597656e+01
   1.5519940e+06   4.1015625e+01
   1.5520820e+06   3.6437988e+01
   1.5521430e+06   3.3874512e+01
   1.5521900e+06   4.2541504e+01
   1.5522050e+06   4.3457031e+01
   1.5522500e+06   3.4606934e+01
   1.5522750e+06   3.5583496e+01
   1.5523790e+06   3.9916992e+01
   1.5777320e+06   3.3569336e+01
   1.5778150e+06   3.2836914e+01
   1.5779220e+06   3.2958984e+01
   1.5779450e+06   3.4362793e+01
   1.5780010e+06   4.2480469e+01
   1.5780610e+06   3.5095215e+01
   1.5781080e+06   3.7475586e+01
   1.5782840e+06   3.4484863e+01
   1.6014880e+06   2.0090942e+03
   1.6015950e+06   3.7658691e+01
   1.6016820e+06   3.4240723e+01
   1.6017200e+06   4.0466309e+01
   1.6020560e+06   3.5034180e+01
   1.6021140e+06   3.7536621e+01
   1.6021970e+06   3.4301758e+01
   1.6022890e+06   3.9733887e+01
   1.6024270e+06   3.3935547e+01
   1.6285090e+06   3.3081055e+01
   1.6287240e+06   4.1198730e+01
   1.6287910e+06   3.4973145e+01
   1.6288230e+06   3.5888672e+01
   1.6288690e+06   3.6804199e+01
   1.6289110e+06   3.5644531e+01
   1.6290290e+06   3.3508301e+01
   1.6290480e+06   3.3935547e+01
   1.6293060e+06   3.6865234e+01
   1.6465040e+06   3.3813477e+01
   1.6466550e+06   3.3630371e+01
   1.6467220e+06   3.5278320e+01
   1.6467440e+06   3.7719727e+01
   1.6467560e+06   3.3569336e+01
   1.6515040e+06   3.9999390e+03
   1.6516570e+06   5.0659180e+01
   1.6757810e+06   3.4118652e+01
   1.6758810e+06   3.5888672e+01
   1.6759570e+06   3.8513184e+01
   1.6759920e+06   4.2053223e+01
   1.7015170e+06   1.6833496e+02
   1.7016560e+06   4.3029785e+01
   1.7019240e+06   3.5034180e+01
   1.7098600e+06   3.3142090e+01
   1.7110640e+06   3.3691406e+01
   1.7515320e+06   2.0054932e+03
   1.7517970e+06   3.5461426e+01
   1.8015440e+06   2.0054321e+03
   1.8016160e+06   3.6682129e+01
   1.8016700e+06   3.2897949e+01
   1.8017220e+06   4.5837402e+01
   1.8018290e+06   3.6010742e+01
   1.8018400e+06   3.6621094e+01
   1.8361600e+06   3.2958984e+01
   1.8364440e+06   3.3325195e+01
   1.8515580e+06   2.0073853e+03
   1.8516170e+06   3.3996582e+01
   1.8517140e+06   3.3325195e+01
   1.8517350e+06   3.5156250e+01
   1.8517470e+06   4.7241211e+01
   1.8517820e+06   3.3447266e+01
   1.8519250e+06   4.3029785e+01
   1.8523810e+06   3.6987305e+01
   1.8524670e+06   3.3020020e+01
   1.8525100e+06   3.6621094e+01
   1.8525290e+06   3.5461426e+01
   1.8526950e+06   3.5278320e+01
   1.9015740e+06   3.9999390e+03
   1.9016470e+06   3.3996582e+01
   1.9016940e+06   3.5217285e+01
   1.9017320e+06   3.9794922e+01
   1.9017450e+06   3.3264160e+01
   1.9017800e+06   3.7170410e+01
   1.9018200e+06   3.6437988e+01
   1.9515860e+06   2.0103760e+03
   1.9516610e+06   4.3579102e+01
   1.9517380e+06   3.5034180e+01
   1.9517830e+06   3.3874512e+01
   1.9518530e+06   4.2236328e+01
   1.9519140e+06   3.5095215e+01
   2.0016020e+06   3.9999390e+03
   2.0017430e+06   4.4006348e+01
   2.0017680e+06   3.4606934e+01
   2.0017980e+06   4.0588379e+01
   2.0018310e+06   3.4179688e+01
   2.0018490e+06   3.9001465e+01
   2.0038450e+06   3.2958984e+01
   2.0516160e+06   3.9999390e+03
   2.0516270e+06   3.4484863e+01
   2.0516850e+06   3.4423828e+01
   2.0517560e+06   3.6804199e+01
   2.1003060e+06   3.2897949e+01
   2.1016300e+06   3.9999390e+03
   2.1016840e+06   3.7292480e+01
   2.1016960e+06   3.3630371e+01
   2.1018120e+06   4.6508789e+01
   2.1018860e+06   3.4545898e+01
   2.1516440e+06   3.9999390e+03
   2.1517170e+06   4.0344238e+01
   2.2016560e+06   2.0103760e+03
   2.2017280e+06   3.2958984e+01
   2.2018170e+06   3.3264160e+01
   2.2018560e+06   4.5288086e+01
   2.2023730e+06   3.9001465e+01
   2.2023960e+06   3.8024902e+01
   2.2516720e+06   3.9999390e+03
   2.2517420e+06   4.4921875e+01
   2.2518040e+06   3.3569336e+01
   2.2518270e+06   5.3161621e+01
   2.2519350e+06   3.5034180e+01
   2.2520120e+06   3.5705566e+01
   2.2523210e+06   3.6926270e+01
   2.2660020e+06   3.7353516e+01
   2.2666350e+06   3.6621094e+01
   2.2666590e+06   4.5898438e+01
   2.3016840e+06   2.0083618e+03
   2.3017520e+06   3.6193848e+01
   2.3018150e+06   3.3142090e+01
   2.3018500e+06   4.1381836e+01
   2.3019170e+06   3.7353516e+01
   2.3019550e+06   3.2958984e+01
   2.3022290e+06   3.6987305e+01
   2.3517000e+06   3.9999390e+03
   2.3517720e+06   4.4067383e+01
   2.3518040e+06   3.6926270e+01
   2.3518230e+06   3.4362793e+01
   2.3518640e+06   3.8757324e+01
   2.3519040e+06   3.2897949e+01
   2.3520000e+06   3.8024902e+01
   2.3522130e+06   4.1992188e+01
   2.3522630e+06   3.3386230e+01
   2.3524140e+06   3.6499023e+01
   2.3524450e+06   3.5522461e+01
   2.3525380e+06   3.6437988e+01
   2.3525800e+06   3.3203125e+01
   2.3526640e+06   3.3325195e+01
   2.3526940e+06   3.4240723e+01
   2.3528390e+06   3.5461426e+01
   2.4017120e+06   2.0062866e+03
   2.4018780e+06   4.7546387e+01
   2.4018890e+06   4.5959473e+01
   2.4020030e+06   3.3630371e+01
   2.4021440e+06   4.2541504e+01
   2.4453720e+06   3.4118652e+01
   2.4517280e+06   3.9999390e+03
   2.4518550e+06   4.3579102e+01
   2.4518820e+06   3.7719727e+01
   2.4521100e+06   4.0466309e+01
   2.4524150e+06   3.4667969e+01
   2.4524760e+06   3.9001465e+01
   2.4525030e+06   4.2175293e+01
   2.4532230e+06   3.4240723e+01
   2.4537240e+06   3.6376953e+01
   2.5295400e+06   4.1015625e+01
   2.5295640e+06   3.5400391e+01
   2.5295830e+06   3.6926270e+01
   2.5296170e+06   3.4484863e+01
   2.5296490e+06   4.7119141e+01
   2.5297080e+06   3.7048340e+01
   2.5297190e+06   4.4128418e+01
   2.5297320e+06   4.0466309e+01
   2.5297590e+06   4.1015625e+01
   2.5297750e+06   3.5522461e+01
   2.5297910e+06   5.1330566e+01
   2.5298060e+06   4.1870117e+01
   2.5298320e+06   4.2419434e+01
   2.5298440e+06   4.0771484e+01
   2.5298550e+06   4.0649414e+01
   2.5298830e+06   3.4545898e+01
   2.5299300e+06   3.5705566e+01
   2.5299490e+06   3.9184570e+01
   2.5299780e+06   3.5400391e+01
   2.5299960e+06   3.7963867e+01
   2.5300220e+06   3.9245605e+01
   2.5300600e+06   3.7109375e+01
   2.5300940e+06   4.6386719e+01
   2.5301210e+06   4.1687012e+01
   2.5301360e+06   3.9733887e+01
   2.5301670e+06   3.2836914e+01
   2.5301910e+06   3.6804199e+01
   2.5302180e+06   3.3447266e+01
   2.5302350e+06   3.3691406e+01
   2.5302680e+06   3.5034180e+01
   2.5303170e+06   3.3264160e+01
   2.5303590e+06   3.7780762e+01
   2.5303980e+06   3.3508301e+01
   2.5304500e+06   3.5217285e+01
   2.5304900e+06   3.3203125e+01
   2.5305330e+06   3.2836914e+01
   2.5306430e+06   3.3020020e+01
   2.5307190e+06   3.4484863e+01
   2.5307400e+06   3.4484863e+01
   2.5307690e+06   3.8513184e+01
   2.5308320e+06   3.8208008e+01
   2.5309790e+06   4.0832520e+01
   2.5312210e+06   3.6621094e+01
   2.5316240e+06   3.6926270e+01
   2.5369420e+06   3.4423828e+01
   2.5481460e+06   3.4484863e+01
   2.6186900e+06   3.3630371e+01
   2.6330080e+06   3.3081055e+01
   2.7182400e+06   3.3447266e+01
   2.7586740e+06   3.3630371e+01
   2.7846080e+06   3.7658691e+01
   2.8133910e+06   3.3447266e+01
