   2.9990000e+06   0.0000000e+00
   1.0400000e+03   2.0086670e+03
   1.0740000e+03   1.6784668e+02
   1.0900000e+03   3.8574219e+01
   1.1070000e+03   1.4343262e+02
   1.1340000e+03   6.3537598e+01
   1.1540000e+03   5.6030273e+01
   1.1690000e+03   7.1411133e+01
   1.1970000e+03   4.2175293e+01
   1.2160000e+03   5.3771973e+01
   1.4190000e+03   3.6499023e+01
   1.6800000e+03   3.6987305e+01
   9.1320000e+03   3.6621094e+01
   9.2560000e+03   4.0405273e+01
   1.1852000e+04   4.0283203e+01
   2.1174000e+04   4.5288086e+01
   3.6479000e+04   3.8635254e+01
   4.5831000e+04   1.3873291e+02
   4.5854000e+04   5.2001953e+01
   4.5873000e+04   2.8186035e+02
   4.5913000e+04   1.9097900e+02
   4.5931000e+04   1.3647461e+02
   4.5971000e+04   5.9509277e+01
   4.5999000e+04   2.6281738e+02
   4.6022000e+04   3.9550781e+01
   4.6076000e+04   4.3701172e+01
   4.6093000e+04   4.9133301e+01
   4.6120000e+04   3.9794922e+01
   4.6133000e+04   4.4738770e+01
   4.6151000e+04   4.0100098e+01
   5.1054000e+04   2.0086670e+03
   5.1088000e+04   1.8920898e+02
   5.1121000e+04   1.2121582e+02
   5.1153000e+04   1.7218018e+02
   5.1187000e+04   5.4992676e+01
   5.1239000e+04   3.8574219e+01
   7.4107000e+04   3.5827637e+01
   7.4536000e+04   1.4080811e+02
   7.4569000e+04   6.4086914e+01
   9.0765000e+04   4.6020508e+01
   9.6222000e+04   3.5644531e+01
   9.9519000e+04   3.5644531e+01
   1.0106800e+05   2.0065918e+03
   1.0109000e+05   5.8044434e+01
   1.0110200e+05   1.6546631e+02
   1.0112400e+05   2.0794678e+02
   1.0114900e+05   8.1481934e+01
   1.0116700e+05   2.8942871e+02
   1.0118700e+05   3.8513184e+01
   1.0120800e+05   5.9448242e+01
   1.0122400e+05   1.2121582e+02
   1.0124600e+05   2.7636719e+02
   1.0129300e+05   4.5410156e+01
   1.0131600e+05   4.5715332e+01
   1.0137000e+05   3.6071777e+01
   1.0144600e+05   4.0649414e+01
   1.0147100e+05   1.2896729e+02
   1.0149000e+05   4.0039063e+01
   1.0150600e+05   1.6998291e+02
   1.0153000e+05   2.2967529e+02
   1.0154500e+05   4.8583984e+01
   1.0155600e+05   3.6499023e+01
   1.0158100e+05   4.2419434e+01
   1.0161900e+05   1.3391113e+02
   1.0163400e+05   4.3457031e+01
   1.0166000e+05   5.0842285e+01
   1.0167100e+05   4.0222168e+01
   1.0170500e+05   3.7475586e+01
   1.0172700e+05   2.2833252e+02
   1.0174500e+05   2.1307373e+02
   1.0178200e+05   3.9978027e+01
   1.0180300e+05   4.1259766e+01
   1.0185300e+05   1.5777588e+02
   1.0186900e+05   1.9763184e+02
   1.0189600e+05   3.7353516e+01
   1.0193800e+05   1.0156250e+02
   1.0196400e+05   1.3092041e+02
   1.0217000e+05   3.8574219e+01
   1.1555700e+05   3.7414551e+01
   1.1979600e+05   3.6010742e+01
   1.2780300e+05   3.9245605e+01
   1.2894300e+05   3.1353760e+02
   1.2895800e+05   4.2846680e+01
   1.2898000e+05   2.8137207e+02
   1.2899800e+05   4.9926758e+01
   1.2902000e+05   6.3659668e+01
   1.2904000e+05   1.1578369e+02
   1.2907500e+05   1.7980957e+02
   1.2912000e+05   4.1809082e+01
   1.2915200e+05   1.1962891e+02
   1.2918200e+05   2.5177002e+02
   1.2920000e+05   4.7912598e+01
   1.2921000e+05   3.7353516e+01
   1.2922700e+05   3.9855957e+01
   1.2924500e+05   5.6945801e+01
   1.2927000e+05   1.3336182e+02
   1.2928600e+05   1.5637207e+02
   1.2931000e+05   7.0617676e+01
   1.2933500e+05   6.4575195e+01
   1.2935200e+05   8.9965820e+01
   1.2937300e+05   4.5043945e+01
   1.2942700e+05   7.1838379e+01
   1.2945600e+05   1.9354248e+02
   1.2946700e+05   4.6142578e+01
   1.2950800e+05   4.0100098e+01
   1.2957700e+05   9.9487305e+01
   1.2959500e+05   4.0954590e+01
   1.2963500e+05   3.9123535e+01
   1.2971500e+05   3.7231445e+01
   1.2974200e+05   1.9561768e+02
   1.2975500e+05   4.5837402e+01
   1.4048300e+05   3.8146973e+01
   1.4335600e+05   4.1198730e+01
   1.4483500e+05   3.7292480e+01
   1.4727300e+05   4.0771484e+01
   1.4729600e+05   4.7607422e+01
   1.4732800e+05   1.9622803e+02
   1.4735100e+05   8.7158203e+01
   1.4736300e+05   3.2476807e+02
   1.4739200e+05   1.4672852e+02
   1.4741700e+05   3.6560059e+01
   1.4742800e+05   6.4880371e+01
   1.4746700e+05   1.1206055e+02
   1.4747800e+05   2.2570801e+02
   1.4750300e+05   4.7119141e+01
   1.4752200e+05   4.4250488e+01
   1.4755100e+05   1.4263916e+02
   1.4756700e+05   1.9219971e+02
   1.4761100e+05   5.1452637e+01
   1.4763500e+05   4.6142578e+01
   1.4766900e+05   1.4739990e+02
   1.4768300e+05   1.1047363e+02
   1.4770200e+05   1.5069580e+02
   1.4789300e+05   3.7109375e+01
   1.5108100e+05   8.4899902e+02
   1.5111600e+05   1.5905762e+02
   1.5115000e+05   1.3861084e+02
   1.5116100e+05   2.2113037e+02
   1.5118400e+05   2.3114014e+02
   1.5120200e+05   3.5400391e+01
   1.5121300e+05   4.6325684e+01
   1.6426100e+05   3.5705566e+01
   1.6444500e+05   4.6875000e+01
   1.6446200e+05   2.8540039e+02
   1.6450100e+05   1.6870117e+02
   1.6452600e+05   4.5104980e+01
   1.6455000e+05   1.1431885e+02
   1.6458100e+05   3.0578613e+02
   1.6461200e+05   1.5863037e+02
   1.6464700e+05   1.3922119e+02
   1.6465700e+05   4.4860840e+01
   1.6469300e+05   1.7083740e+02
   1.6471700e+05   5.1940918e+01
   1.6472700e+05   6.8359375e+01
   1.6475800e+05   3.8818359e+01
   1.6477800e+05   4.2907715e+01
   1.6481800e+05   5.6640625e+01
   1.6484600e+05   2.1221924e+02
   1.6486100e+05   4.6813965e+01
   1.6494100e+05   4.0710449e+01
   1.7474100e+05   3.5766602e+01
   1.7501600e+05   3.8635254e+01
   1.7504600e+05   4.6875000e+01
   1.7505700e+05   2.2290039e+02
   1.7509000e+05   2.5494385e+02
   1.7511100e+05   4.0771484e+01
   1.7514600e+05   1.6210938e+02
   1.7516100e+05   4.9926758e+01
   1.7517300e+05   4.6386719e+01
   1.7519300e+05   1.3397217e+02
   1.7529200e+05   1.1358643e+02
   1.7531100e+05   4.2541504e+01
   1.7534300e+05   5.2429199e+01
   1.7537600e+05   3.6560059e+01
   1.8478200e+05   3.6682129e+01
   1.8510900e+05   1.2902832e+02
   1.8524600e+05   4.7363281e+01
   1.8528600e+05   3.8757324e+01
   1.8988300e+05   3.5461426e+01
   1.9207700e+05   3.6560059e+01
   1.9375400e+05   3.6621094e+01
   1.9387800e+05   3.8208008e+01
   1.9393600e+05   1.3214111e+02
   1.9396100e+05   7.3791504e+01
   1.9398100e+05   1.8408203e+02
   1.9399100e+05   6.4697266e+01
   1.9400200e+05   2.6550293e+02
   2.0109800e+05   3.9999390e+03
   2.0111800e+05   5.1574707e+01
   2.0113200e+05   1.5100098e+02
   2.0116200e+05   2.4523926e+02
   2.0117700e+05   7.8308105e+01
   2.0121000e+05   6.7932129e+01
   2.0123000e+05   5.6640625e+01
   2.0125700e+05   4.8828125e+01
   2.0127000e+05   5.5786133e+01
   2.0129800e+05   4.1796875e+02
   2.0132200e+05   6.3964844e+01
   2.0137400e+05   6.8176270e+01
   2.0140200e+05   6.4514160e+01
   2.0146700e+05   2.1459961e+02
   2.0173000e+05   1.5783691e+02
   2.0174700e+05   2.8936768e+02
   2.0178200e+05   7.5622559e+01
   2.0179500e+05   5.4504395e+01
   2.0181500e+05   4.4616699e+01
   2.0184600e+05   5.0415039e+01
   2.0190800e+05   3.8757324e+01
   2.1461300e+05   3.6010742e+01
   2.1478900e+05   3.5949707e+01
   2.1490000e+05   3.5705566e+01
   2.1498900e+05   3.5766602e+01
   2.1505600e+05   2.5549316e+02
   2.1507900e+05   9.8449707e+01
   2.1511300e+05   1.8017578e+02
   2.1513100e+05   4.2175293e+01
   2.1515200e+05   3.5766602e+01
   2.1517400e+05   3.6010742e+01
   2.1518800e+05   5.0903320e+01
   2.1524500e+05   4.9316406e+01
   2.2303300e+05   3.6499023e+01
   2.2547500e+05   3.9550781e+01
   2.2787600e+05   3.9611816e+01
   2.2789700e+05   1.6729736e+02
   2.2791600e+05   2.7630615e+02
   2.2794100e+05   8.0688477e+01
   2.2795700e+05   1.7254639e+02
   2.2798000e+05   1.0644531e+02
   2.2800200e+05   1.7059326e+02
   2.2801400e+05   4.1137695e+01
   2.2803800e+05   1.3635254e+02
   2.2804800e+05   1.5307617e+02
   2.2807600e+05   3.9611816e+01
   2.2809400e+05   4.1870117e+01
   2.2813600e+05   1.8621826e+02
   2.2815200e+05   1.4862061e+02
   2.2818800e+05   2.2033691e+02
   2.2820200e+05   4.0649414e+01
   2.2821600e+05   6.1950684e+01
   2.2827100e+05   1.3336182e+02
   2.2829600e+05   5.9204102e+01
   2.2833700e+05   1.1425781e+02
   2.2835500e+05   5.9509277e+01
   2.2837200e+05   3.8635254e+01
   2.2841300e+05   1.6113281e+02
   2.2843400e+05   4.7607422e+01
   2.3771200e+05   3.7109375e+01
   2.3778000e+05   1.4990234e+02
   2.3783400e+05   3.9062500e+01
   2.3785000e+05   1.6552734e+02
   2.3789900e+05   3.6132813e+01
   2.3795500e+05   2.8143311e+02
   2.3800700e+05   5.7250977e+01
   2.4659000e+05   3.9611816e+01
   2.4660200e+05   4.3701172e+01
   2.4662300e+05   3.7170410e+01
   2.4664100e+05   1.2384033e+02
   2.4665600e+05   2.3193359e+02
   2.4668100e+05   4.8034668e+01
   2.4670200e+05   1.7852783e+02
   2.4672800e+05   5.5664063e+01
   2.4675100e+05   2.2430420e+02
   2.4677700e+05   2.1264648e+02
   2.4678700e+05   3.5705566e+01
   2.4680900e+05   6.5307617e+01
   2.4685800e+05   9.2346191e+01
   2.4687300e+05   3.5888672e+01
   2.4689700e+05   2.0825195e+02
   2.4691300e+05   1.7358398e+02
   2.4692700e+05   5.1269531e+01
   2.4697800e+05   4.4677734e+01
   2.4699700e+05   4.4128418e+01
   2.5111000e+05   2.0067749e+03
   2.5114500e+05   1.6412354e+02
   2.5116900e+05   3.9123535e+01
   2.5118000e+05   2.3010254e+02
   2.5122300e+05   2.9064941e+02
   2.5128200e+05   3.8818359e+01
   2.5141200e+05   3.5705566e+01
   2.5678700e+05   3.9489746e+01
   2.5680500e+05   3.5888672e+01
   2.5686200e+05   1.5447998e+02
   2.5688900e+05   7.7392578e+01
   2.5691000e+05   5.7739258e+01
   2.5693800e+05   1.3732910e+02
   2.5694800e+05   2.6934814e+02
   2.5697900e+05   5.7006836e+01
   2.5704400e+05   1.9378662e+02
   2.5706000e+05   3.6193848e+01
   2.5713900e+05   2.1350098e+02
   2.5721700e+05   1.2548828e+02
   2.6522300e+05   5.7983398e+01
   2.6529900e+05   2.5256348e+02
   2.6532200e+05   3.8879395e+01
   2.6543400e+05   3.7170410e+01
   2.6547100e+05   3.5827637e+01
   2.7604300e+05   4.1381836e+01
   2.7801800e+05   4.0222168e+01
   2.7831200e+05   3.5827637e+01
   2.7836400e+05   2.8979492e+02
   2.7838400e+05   3.6193848e+01
   2.7841100e+05   1.4770508e+02
   2.7844300e+05   1.0656738e+02
   2.7845800e+05   3.6499023e+01
   2.7848600e+05   2.2930908e+02
   2.7850400e+05   7.9589844e+01
   2.7852500e+05   4.2480469e+01
   2.7854000e+05   1.2982178e+02
   2.7855700e+05   1.0083008e+02
   2.7859300e+05   1.9732666e+02
   2.7862100e+05   3.9123535e+01
   2.7869200e+05   3.9916992e+01
   2.7878500e+05   1.4434814e+02
   2.8698200e+05   3.9123535e+01
   2.8784500e+05   3.9062500e+01
   2.8786900e+05   1.9616699e+02
   2.8788300e+05   2.5280762e+02
   2.8793100e+05   7.4035645e+01
   2.8794300e+05   1.7352295e+02
   2.8797000e+05   6.6467285e+01
   2.8823300e+05   1.3983154e+02
   2.9629500e+05   3.9855957e+01
   2.9630700e+05   3.9855957e+01
   2.9634000e+05   5.7678223e+01
   2.9639800e+05   3.6376953e+01
   2.9641600e+05   3.7719727e+01
   2.9643600e+05   1.2658691e+02
   2.9644900e+05   6.9580078e+01
   2.9647400e+05   3.7048340e+01
   2.9650500e+05   4.8034668e+01
   2.9659700e+05   3.8452148e+01
   3.0112400e+05   2.0083008e+03
   3.0116000e+05   1.7211914e+02
   3.0119200e+05   1.5869141e+02
   3.0120500e+05   1.9812012e+02
   3.0122600e+05   8.1787109e+01
   3.0124100e+05   2.7185059e+02
   3.0125700e+05   5.1086426e+01
   3.0128000e+05   4.1015625e+01
   3.0131800e+05   3.6621094e+01
   3.0141200e+05   3.7292480e+01
   3.0168500e+05   3.7902832e+01
   3.0890300e+05   3.7414551e+01
   3.0891900e+05   3.7841797e+01
   3.0898500e+05   5.8654785e+01
   3.0901200e+05   1.5856934e+02
   3.0903700e+05   2.3583984e+02
   3.0904700e+05   3.9611816e+01
   3.0906200e+05   3.6926270e+01
   3.0909700e+05   4.6386719e+01
   3.0911500e+05   1.5911865e+02
   3.0913500e+05   4.0161133e+01
   3.0918300e+05   2.1429443e+02
   3.0919900e+05   6.9458008e+01
   3.0923500e+05   1.3250732e+02
   3.0926300e+05   1.4422607e+02
   3.0929000e+05   5.8532715e+01
   3.0932700e+05   4.4860840e+01
   3.1798900e+05   3.6010742e+01
   3.1815400e+05   4.8828125e+01
   3.1819900e+05   4.4433594e+01
   3.2403500e+05   3.9916992e+01
   3.3203200e+05   4.3212891e+01
   3.3215100e+05   2.4298096e+02
   3.3219300e+05   1.4605713e+02
   3.3946000e+05   3.8330078e+01
   3.3965600e+05   3.9184570e+01
   3.3998400e+05   4.2968750e+01
   3.4661000e+05   3.6254883e+01
   3.4674700e+05   3.6926270e+01
   3.4680700e+05   4.3640137e+01
   3.4685100e+05   4.0222168e+01
   3.5114000e+05   3.9999390e+03
   3.5117200e+05   1.6650391e+02
   3.5120800e+05   1.8798828e+02
   3.5123100e+05   7.1655273e+01
   3.5125500e+05   3.7622070e+02
   3.5127600e+05   1.5875244e+02
   3.5131200e+05   3.6071777e+01
   3.5132900e+05   5.0659180e+01
   3.5133900e+05   5.9753418e+01
   3.5137800e+05   3.5888672e+01
   3.5141400e+05   2.2662354e+02
   3.5787100e+05   3.5583496e+01
   3.5812100e+05   3.8452148e+01
   3.5826000e+05   5.3833008e+01
   3.5828700e+05   1.3586426e+02
   3.5830300e+05   3.7231445e+01
   3.5833100e+05   1.6351318e+02
   3.5849400e+05   3.6254883e+01
   3.5857100e+05   4.0466309e+01
   3.6689100e+05   5.3649902e+01
   3.6871500e+05   3.7109375e+01
   3.7037100e+05   3.8391113e+01
   3.7861100e+05   3.6682129e+01
   3.9038000e+05   3.7353516e+01
   3.9297000e+05   3.6743164e+01
   3.9543100e+05   3.6376953e+01
   4.0115200e+05   2.0068970e+03
   4.0118600e+05   1.8811035e+02
   4.0122200e+05   2.1697998e+02
   4.0124200e+05   2.6538086e+02
   4.0126600e+05   5.5053711e+01
   4.0129700e+05   4.4372559e+01
   4.0133200e+05   2.1887207e+02
   4.0136000e+05   4.3090820e+01
   4.0166400e+05   1.3647461e+02
   4.0175000e+05   4.8950195e+01
   4.0181800e+05   2.5335693e+02
   4.0182900e+05   6.2011719e+01
   4.0205100e+05   4.0405273e+01
   4.1857500e+05   4.2724609e+01
   4.2318800e+05   3.9733887e+01
   4.2738400e+05   3.5461426e+01
   4.3413000e+05   3.5888672e+01
   4.3498700e+05   3.7414551e+01
   4.3568200e+05   4.2541504e+01
   4.4857800e+05   3.6987305e+01
   4.5116600e+05   2.0116577e+03
   4.5120000e+05   1.7791748e+02
   4.5121500e+05   3.9245605e+01
   4.5123400e+05   2.7819824e+02
   4.5125800e+05   3.2525635e+02
   4.5129200e+05   1.4367676e+02
   4.5131000e+05   4.7424316e+01
   4.5133000e+05   6.7260742e+01
   4.5135000e+05   2.2314453e+02
   4.5138000e+05   1.3354492e+02
   4.5139400e+05   3.6254883e+01
   4.5143000e+05   4.1137695e+01
   4.5144100e+05   5.2917480e+01
   4.5160900e+05   3.6071777e+01
   4.5163200e+05   3.9001465e+01
   4.6329300e+05   3.8208008e+01
   4.6331000e+05   4.7424316e+01
   4.6333500e+05   4.6997070e+01
   4.6335500e+05   3.6621094e+01
   4.6336800e+05   4.1564941e+01
   4.6339800e+05   2.3535156e+02
   4.6341700e+05   3.6499023e+01
   4.6344700e+05   1.3043213e+02
   4.6346000e+05   5.3100586e+01
   4.6349100e+05   4.3884277e+01
   4.6350500e+05   1.4703369e+02
   4.6354200e+05   1.8188477e+02
   4.6356400e+05   2.2619629e+02
   4.6359900e+05   1.3598633e+02
   4.6990400e+05   3.5522461e+01
   4.8633300e+05   3.6315918e+01
   4.9552700e+05   3.8024902e+01
   5.0118000e+05   2.0066528e+03
   5.0121300e+05   1.7620850e+02
   5.0122300e+05   5.5419922e+01
   5.0124500e+05   4.1809082e+01
   5.0125800e+05   8.2824707e+01
   5.0128700e+05   2.7728271e+02
   5.0131500e+05   1.8133545e+02
   5.0133300e+05   4.8767090e+01
   5.0139300e+05   5.2246094e+01
   5.0154900e+05   2.6049805e+02
   5.0166500e+05   4.7180176e+01
   5.0168200e+05   4.9133301e+01
   5.2286500e+05   3.8879395e+01
   5.3174800e+05   3.8513184e+01
   5.3305300e+05   3.6499023e+01
   5.3717100e+05   4.1564941e+01
   5.3739100e+05   3.7841797e+01
   5.5119600e+05   3.9999390e+03
   5.5122700e+05   1.7315674e+02
   5.5126100e+05   1.3995361e+02
   5.5127600e+05   2.6904297e+02
   5.5129800e+05   4.6569824e+01
   5.5132500e+05   1.3549805e+02
   5.5133700e+05   5.1879883e+01
   5.5139200e+05   5.1391602e+01
   5.5140900e+05   3.7231445e+01
   5.5145200e+05   1.7510986e+02
   5.5298900e+05   4.1809082e+01
   5.5772000e+05   3.9184570e+01
   5.6391800e+05   3.8818359e+01
   5.6827900e+05   3.8269043e+01
   5.7909200e+05   3.7719727e+01
   5.8398300e+05   3.6865234e+01
   5.9456800e+05   3.6071777e+01
   5.9989600e+05   3.5888672e+01
   6.0120900e+05   9.0087891e+01
   6.0124100e+05   1.8707275e+02
   6.0125700e+05   5.8105469e+01
   6.0127600e+05   2.8857422e+02
   6.0131300e+05   2.9321289e+02
   6.0135100e+05   1.6339111e+02
   6.0140700e+05   5.6640625e+01
   6.0143900e+05   2.4072266e+02
   6.0146500e+05   3.5766602e+01
   6.1147600e+05   3.7231445e+01
   6.3098000e+05   3.6071777e+01
   6.3471700e+05   4.0222168e+01
   6.4592000e+05   3.5461426e+01
   6.5122200e+05   2.0112305e+03
   6.5125500e+05   1.7596436e+02
   6.5128800e+05   2.6165771e+02
   6.5130900e+05   6.4697266e+01
   6.5132800e+05   6.6284180e+01
   6.5135200e+05   1.2017822e+02
   6.5136900e+05   7.0251465e+01
   6.5138200e+05   7.7697754e+01
   6.5142300e+05   5.0109863e+01
   6.5152100e+05   2.4194336e+02
   6.5154700e+05   3.8574219e+01
   6.5165800e+05   6.5246582e+01
   6.6711100e+05   3.8024902e+01
   6.7207000e+05   3.6071777e+01
   6.7238000e+05   6.3049316e+01
   6.7239200e+05   4.8706055e+01
   6.7240700e+05   4.0466309e+01
   6.7242000e+05   4.5837402e+01
   6.7245100e+05   2.9791260e+02
   6.7247700e+05   1.5997314e+02
   6.7250200e+05   5.5419922e+01
   6.7251800e+05   4.6630859e+01
   6.7254800e+05   2.5256348e+02
   6.7256500e+05   8.8562012e+01
   6.7258400e+05   3.9672852e+01
   6.7261800e+05   3.9978027e+01
   6.7264100e+05   2.3431396e+02
   6.7265600e+05   1.4666748e+02
   6.7268900e+05   3.6376953e+01
   6.7274100e+05   1.2255859e+02
   6.7277100e+05   1.9866943e+02
   6.7284200e+05   4.5410156e+01
   6.7286200e+05   1.3385010e+02
   6.7287900e+05   4.8339844e+01
   6.7942900e+05   3.5888672e+01
   6.9006800e+05   3.5644531e+01
   6.9758100e+05   3.9123535e+01
   6.9856700e+05   3.5583496e+01
   7.0039200e+05   3.9672852e+01
   7.0123600e+05   2.0087891e+03
   7.0127000e+05   1.7376709e+02
   7.0130100e+05   2.1337891e+02
   7.0131600e+05   6.2377930e+01
   7.0133500e+05   7.0312500e+01
   7.0135700e+05   4.6630859e+01
   7.0137600e+05   5.4382324e+01
   7.0142200e+05   6.1218262e+01
   7.2249400e+05   4.1320801e+01
   7.2567900e+05   3.7109375e+01
   7.2818400e+05   3.6254883e+01
   7.3591300e+05   3.6804199e+01
   7.4084100e+05   3.7780762e+01
   7.4292500e+05   3.5461426e+01
   7.5125200e+05   3.9999390e+03
   7.5128300e+05   1.8218994e+02
   7.5129700e+05   3.9062500e+01
   7.5132900e+05   2.8906250e+02
   7.5134300e+05   5.7189941e+01
   7.5137200e+05   1.6906738e+02
   7.5139100e+05   4.0100098e+01
   7.5143300e+05   1.2902832e+02
   7.5144300e+05   2.4291992e+02
   7.5163200e+05   5.4321289e+01
   7.5198500e+05   4.1809082e+01
   7.5707700e+05   3.5644531e+01
   7.6096900e+05   3.5522461e+01
   7.6345100e+05   4.4311523e+01
   7.7261900e+05   3.7414551e+01
   7.8766700e+05   3.5461426e+01
   7.9490300e+05   3.5400391e+01
   8.0126400e+05   2.0064697e+03
   8.0129700e+05   1.9311523e+02
   8.0131100e+05   4.3823242e+01
   8.0133500e+05   1.7327881e+02
   8.0136300e+05   6.1279297e+01
   8.0137600e+05   5.0354004e+01
   8.0140200e+05   2.7770996e+02
   8.0142600e+05   3.8391113e+01
   8.0146500e+05   6.7993164e+01
   8.0152500e+05   1.5014648e+02
   8.0199600e+05   3.7719727e+01
   8.1200000e+05   3.9062500e+01
   8.1592000e+05   3.8452148e+01
   8.2632100e+05   3.7292480e+01
   8.3889600e+05   3.5705566e+01
   8.4687000e+05   3.7658691e+01
   8.5127800e+05   2.0061646e+03
   8.5131100e+05   1.8182373e+02
   8.5132700e+05   3.8269043e+01
   8.5135400e+05   2.2515869e+02
   8.5137100e+05   2.8259277e+02
   8.5139200e+05   1.3293457e+02
   8.5142800e+05   4.0222168e+01
   8.5144700e+05   3.5583496e+01
   8.5164000e+05   5.5725098e+01
   8.5204400e+05   4.5654297e+01
   8.5337800e+05   5.4016113e+01
   8.6368000e+05   3.5461426e+01
   8.6385100e+05   5.2795410e+01
   8.9093700e+05   4.2907715e+01
   8.9110300e+05   4.4494629e+01
   9.0129200e+05   2.0119019e+03
   9.0132600e+05   1.7175293e+02
   9.0136200e+05   1.7254639e+02
   9.0137900e+05   3.0151367e+02
   9.0141300e+05   1.4526367e+02
   9.0144900e+05   1.1956787e+02
   9.0146700e+05   3.6010742e+01
   9.0149000e+05   5.9631348e+01
   9.0150200e+05   3.8269043e+01
   9.0170300e+05   4.1992188e+01
   9.0441700e+05   3.7414551e+01
   9.0644200e+05   4.4250488e+01
   9.1835900e+05   3.6987305e+01
   9.3912800e+05   3.5583496e+01
   9.4152100e+05   4.4921875e+01
   9.4337700e+05   4.1259766e+01
   9.4711500e+05   4.3457031e+01
   9.4885300e+05   4.6508789e+01
   9.5130600e+05   2.0073853e+03
   9.5133900e+05   1.8872070e+02
   9.5135200e+05   3.5888672e+01
   9.5136900e+05   1.8133545e+02
   9.5138100e+05   6.8908691e+01
   9.5139700e+05   4.9316406e+01
   9.5142400e+05   1.3946533e+02
   9.5144900e+05   7.1655273e+01
   9.5146100e+05   1.1151123e+02
   9.5162200e+05   5.7861328e+01
   9.5165400e+05   2.5274658e+02
   9.5167300e+05   3.6682129e+01
   9.5222300e+05   3.7658691e+01
   9.5552200e+05   3.6254883e+01
   9.6560500e+05   3.5888672e+01
   9.7600400e+05   3.6682129e+01
   9.8216900e+05   5.1391602e+01
   1.0013220e+06   3.9999390e+03
   1.0013530e+06   1.7254639e+02
   1.0013680e+06   3.6560059e+01
   1.0013860e+06   2.4383545e+02
   1.0014120e+06   3.8879395e+01
   1.0014380e+06   2.5921631e+02
   1.0014580e+06   5.6457520e+01
   1.0015700e+06   6.5917969e+01
   1.0016860e+06   3.9794922e+01
   1.0018610e+06   4.8461914e+01
   1.0021200e+06   3.7658691e+01
   1.0023300e+06   3.6743164e+01
   1.0151720e+06   3.7475586e+01
   1.0341500e+06   3.5949707e+01
   1.0352910e+06   3.9916992e+01
   1.0428800e+06   3.5705566e+01
   1.0513360e+06   3.9999390e+03
   1.0513670e+06   1.7773438e+02
   1.0513820e+06   4.8034668e+01
   1.0514100e+06   2.1368408e+02
   1.0514410e+06   3.0029297e+02
   1.0514660e+06   6.5368652e+01
   1.0514890e+06   1.8139648e+02
   1.0515040e+06   6.0424805e+01
   1.0519000e+06   3.7414551e+01
   1.0633240e+06   3.5766602e+01
   1.0640720e+06   3.6987305e+01
   1.0691930e+06   5.1696777e+01
   1.0738340e+06   3.5644531e+01
   1.0773230e+06   3.5583496e+01
   1.0797840e+06   4.3334961e+01
   1.0859060e+06   4.1137695e+01
   1.0957060e+06   3.5644531e+01
   1.0963600e+06   3.6743164e+01
   1.0972700e+06   4.1137695e+01
   1.1010460e+06   3.5766602e+01
   1.1013480e+06   2.0065918e+03
   1.1013810e+06   1.6375732e+02
   1.1014130e+06   2.0031738e+02
   1.1014270e+06   6.8786621e+01
   1.1014560e+06   2.9107666e+02
   1.1014760e+06   1.7944336e+02
   1.1014930e+06   4.5837402e+01
   1.1015560e+06   3.9062500e+01
   1.1015660e+06   4.8278809e+01
   1.1015960e+06   3.6010742e+01
   1.1017000e+06   5.7800293e+01
   1.1024850e+06   4.1015625e+01
   1.1035670e+06   3.7841797e+01
   1.1074310e+06   3.7048340e+01
   1.1156000e+06   4.1992188e+01
   1.1181690e+06   3.9001465e+01
   1.1217730e+06   3.5522461e+01
   1.1259570e+06   5.7373047e+01
   1.1306910e+06   3.8696289e+01
   1.1401360e+06   3.7231445e+01
   1.1513620e+06   2.0082397e+03
   1.1513720e+06   5.8410645e+01
   1.1513950e+06   1.8322754e+02
   1.1514300e+06   2.9119873e+02
   1.1514560e+06   1.1206055e+02
   1.1514670e+06   3.0352783e+02
   1.1515010e+06   8.7890625e+01
   1.1515190e+06   1.7852783e+02
   1.1516160e+06   5.5603027e+01
   1.1546820e+06   4.3029785e+01
   1.1639190e+06   3.6010742e+01
   1.1701200e+06   3.5400391e+01
   1.1812770e+06   4.4677734e+01
   1.1813190e+06   4.5471191e+01
   1.1813440e+06   2.8466797e+02
   1.1813730e+06   5.1757813e+01
   1.1813900e+06   1.6351318e+02
   1.1814100e+06   7.0251465e+01
   1.1814250e+06   1.9763184e+02
   1.1814520e+06   1.8402100e+02
   1.1814700e+06   6.2927246e+01
   1.1815130e+06   1.7071533e+02
   1.1815330e+06   5.7128906e+01
   1.1815560e+06   1.0095215e+02
   1.1816000e+06   3.9611816e+01
   1.1816330e+06   3.2641602e+02
   1.1816520e+06   3.7963867e+01
   1.1816920e+06   4.5898438e+01
   1.1817330e+06   1.5197754e+02
   1.1818410e+06   3.8208008e+01
   1.1818780e+06   4.0039063e+01
   1.1819780e+06   4.1564941e+01
   1.1821040e+06   1.3543701e+02
   1.1939100e+06   3.5583496e+01
   1.1974170e+06   3.5461426e+01
   1.2013760e+06   2.0204468e+03
   1.2014100e+06   1.6296387e+02
   1.2014350e+06   3.8085938e+01
   1.2014600e+06   1.1370850e+02
   1.2014860e+06   4.4555664e+01
   1.2015200e+06   5.2124023e+01
   1.2015370e+06   1.6040039e+02
   1.2015580e+06   1.9775391e+02
   1.2066310e+06   4.2358398e+01
   1.2098930e+06   4.1015625e+01
   1.2111400e+06   3.8330078e+01
   1.2166910e+06   3.7414551e+01
   1.2176920e+06   3.7170410e+01
   1.2247720e+06   3.9306641e+01
   1.2252990e+06   3.6376953e+01
   1.2280980e+06   3.9184570e+01
   1.2401420e+06   3.6376953e+01
   1.2431890e+06   4.2907715e+01
   1.2432430e+06   3.7292480e+01
   1.2432610e+06   4.0893555e+01
   1.2432950e+06   2.8466797e+02
   1.2433100e+06   3.6987305e+01
   1.2433400e+06   1.4282227e+02
   1.2433770e+06   1.7901611e+02
   1.2434060e+06   1.1169434e+02
   1.2434940e+06   1.8591309e+02
   1.2435130e+06   4.2236328e+01
   1.2435640e+06   5.4992676e+01
   1.2437620e+06   4.3945313e+01
   1.2508030e+06   3.6987305e+01
   1.2513900e+06   2.0090942e+03
   1.2514230e+06   1.9006348e+02
   1.2514570e+06   2.9736328e+02
   1.2514820e+06   8.0139160e+01
   1.2515130e+06   3.0566406e+02
   1.2515360e+06   3.6621094e+01
   1.2515660e+06   6.3964844e+01
   1.2595280e+06   3.6621094e+01
   1.2624620e+06   4.3640137e+01
   1.2826950e+06   3.7048340e+01
   1.2892220e+06   5.4870605e+01
   1.2907000e+06   3.8513184e+01
   1.2911270e+06   3.9184570e+01
   1.2943990e+06   1.4776611e+02
   1.2945410e+06   5.0964355e+01
   1.2948140e+06   5.3649902e+01
   1.2949640e+06   4.3518066e+01
   1.3014040e+06   2.0067749e+03
   1.3014370e+06   1.6699219e+02
   1.3014710e+06   1.3104248e+02
   1.3014980e+06   3.0133057e+02
   1.3015140e+06   8.5632324e+01
   1.3015310e+06   3.7963867e+01
   1.3015460e+06   5.7495117e+01
   1.3015890e+06   3.9123535e+01
   1.3016020e+06   2.4822998e+02
   1.3016150e+06   1.6522217e+02
   1.3016510e+06   5.9753418e+01
   1.3016950e+06   4.7424316e+01
   1.3017100e+06   1.5948486e+02
   1.3018310e+06   1.1358643e+02
   1.3019010e+06   3.6621094e+01
   1.3022510e+06   3.8818359e+01
   1.3023320e+06   3.7292480e+01
   1.3024970e+06   3.6926270e+01
   1.3120690e+06   3.5949707e+01
   1.3186520e+06   3.5400391e+01
   1.3187420e+06   1.3073730e+02
   1.3189340e+06   2.7294922e+02
   1.3189540e+06   4.0039063e+01
   1.3247200e+06   3.6621094e+01
   1.3347210e+06   1.3330078e+02
   1.3347600e+06   2.2302246e+02
   1.3347890e+06   7.0434570e+01
   1.3348010e+06   1.2713623e+02
   1.3348260e+06   4.8828125e+01
   1.3348570e+06   5.1818848e+01
   1.3348910e+06   4.7302246e+01
   1.3349010e+06   1.1364746e+02
   1.3349110e+06   1.9384766e+02
   1.3349500e+06   2.6696777e+02
   1.3350070e+06   6.7993164e+01
   1.3350310e+06   1.5106201e+02
   1.3350550e+06   4.0344238e+01
   1.3352320e+06   3.7170410e+01
   1.3357080e+06   3.8330078e+01
   1.3469030e+06   3.8513184e+01
   1.3514180e+06   2.0094604e+03
   1.3514510e+06   1.6131592e+02
   1.3514880e+06   2.0690918e+02
   1.3515130e+06   2.8363037e+02
   1.3515300e+06   5.9082031e+01
   1.3515650e+06   1.6870117e+02
   1.3515920e+06   5.8715820e+01
   1.3516040e+06   2.0111084e+02
   1.3518970e+06   6.3598633e+01
   1.3519120e+06   3.7231445e+01
   1.3519280e+06   1.2792969e+02
   1.3519770e+06   6.0302734e+01
   1.3520750e+06   2.4530029e+02
   1.3520880e+06   1.7657471e+02
   1.3521330e+06   6.2805176e+01
   1.3521530e+06   1.2768555e+02
   1.3620140e+06   3.8574219e+01
   1.3727280e+06   3.6926270e+01
   1.3745980e+06   4.4555664e+01
   1.3746150e+06   1.7687988e+02
   1.3746650e+06   4.5715332e+01
   1.3746770e+06   3.7902832e+01
   1.3747070e+06   1.7083740e+02
   1.3747620e+06   4.2419434e+01
   1.3747800e+06   5.8044434e+01
   1.3748680e+06   3.9062500e+01
   1.3783970e+06   3.6254883e+01
   1.3840660e+06   3.8208008e+01
   1.3910440e+06   3.6987305e+01
   1.3918420e+06   1.8072510e+02
   1.3918660e+06   4.4555664e+01
   1.3918830e+06   4.2053223e+01
   1.3919140e+06   3.0950928e+02
   1.3919260e+06   1.9451904e+02
   1.3919430e+06   3.6499023e+01
   1.3919700e+06   1.1267090e+02
   1.3919800e+06   1.7742920e+02
   1.3920080e+06   4.5654297e+01
   1.3920190e+06   4.8828125e+01
   1.3920500e+06   1.2475586e+02
   1.3920660e+06   1.3238525e+02
   1.3920930e+06   9.7351074e+01
   1.3921040e+06   7.6965332e+01
   1.3921290e+06   8.0566406e+01
   1.3921560e+06   1.7614746e+02
   1.3921700e+06   6.5063477e+01
   1.3921970e+06   6.3964844e+01
   1.3922300e+06   4.4006348e+01
   1.3922520e+06   2.4273682e+02
   1.3922800e+06   4.2602539e+01
   1.3922940e+06   4.5776367e+01
   1.3923040e+06   7.6660156e+01
   1.3923290e+06   4.4616699e+01
   1.3923430e+06   2.0385742e+02
   1.3923720e+06   4.6203613e+01
   1.3923900e+06   6.0485840e+01
   1.3924200e+06   5.9570313e+01
   1.3924370e+06   1.8347168e+02
   1.3924660e+06   4.4433594e+01
   1.3924910e+06   4.5227051e+01
   1.3925280e+06   1.3201904e+02
   1.3925680e+06   6.0302734e+01
   1.3925940e+06   4.3640137e+01
   1.3926390e+06   1.0992432e+02
   1.3926500e+06   6.0302734e+01
   1.3926750e+06   3.5888672e+01
   1.3927300e+06   5.6213379e+01
   1.3927410e+06   9.5764160e+01
   1.3927680e+06   5.4382324e+01
   1.3927920e+06   3.8940430e+01
   1.3928340e+06   7.6660156e+01
   1.3928480e+06   7.0190430e+01
   1.3928810e+06   4.0466309e+01
   1.3929720e+06   7.5927734e+01
   1.3929910e+06   8.3129883e+01
   1.3930170e+06   6.0668945e+01
   1.3930280e+06   3.5644531e+01
   1.3930690e+06   5.5480957e+01
   1.3930890e+06   4.7485352e+01
   1.3931150e+06   5.8715820e+01
   1.3931950e+06   9.6557617e+01
   1.3932230e+06   7.1228027e+01
   1.3933010e+06   5.5175781e+01
   1.3933220e+06   5.1879883e+01
   1.3933390e+06   8.2885742e+01
   1.3933770e+06   3.6621094e+01
   1.3934080e+06   5.0231934e+01
   1.3934250e+06   4.8522949e+01
   1.3934540e+06   6.6894531e+01
   1.3934640e+06   6.9763184e+01
   1.3935420e+06   8.1237793e+01
   1.3935700e+06   3.8757324e+01
   1.3935930e+06   5.7617188e+01
   1.3936080e+06   4.9804688e+01
   1.3936910e+06   7.1594238e+01
   1.3937420e+06   4.1687012e+01
   1.3938370e+06   5.3527832e+01
   1.3938920e+06   7.8674316e+01
   1.3939150e+06   7.1044922e+01
   1.3939340e+06   5.2062988e+01
   1.3940410e+06   7.7636719e+01
   1.3940540e+06   5.1330566e+01
   1.3942090e+06   4.3762207e+01
   1.3943060e+06   1.1737061e+02
   1.3950450e+06   3.9489746e+01
   1.3952280e+06   3.6865234e+01
   1.3957190e+06   3.8269043e+01
   1.4010480e+06   3.6804199e+01
   1.4014320e+06   2.0108032e+03
   1.4014430e+06   6.1767578e+01
   1.4014680e+06   1.6418457e+02
   1.4015020e+06   1.5844727e+02
   1.4015200e+06   4.2968750e+01
   1.4015380e+06   3.6987305e+01
   1.4118700e+06   3.5400391e+01
   1.4130940e+06   4.6569824e+01
   1.4289930e+06   3.5583496e+01
   1.4294010e+06   4.3212891e+01
   1.4296540e+06   3.6743164e+01
   1.4365720e+06   4.6752930e+01
   1.4374780e+06   3.6010742e+01
   1.4374940e+06   3.8452148e+01
   1.4386000e+06   3.8513184e+01
   1.4423870e+06   4.6875000e+01
   1.4505740e+06   3.7353516e+01
   1.4514480e+06   3.9999390e+03
   1.4514800e+06   1.7382813e+02
   1.4515140e+06   1.9641113e+02
   1.4515440e+06   1.8524170e+02
   1.4515700e+06   3.6437988e+01
   1.4516320e+06   3.8024902e+01
   1.4573780e+06   3.7170410e+01
   1.4574280e+06   3.5949707e+01
   1.4574610e+06   4.4799805e+01
   1.4579960e+06   3.5583496e+01
   1.4580680e+06   4.2236328e+01
   1.4657540e+06   5.2612305e+01
   1.4658230e+06   4.2480469e+01
   1.4659160e+06   6.9946289e+01
   1.4659430e+06   6.0363770e+01
   1.4660000e+06   4.2297363e+01
   1.4735970e+06   5.1452637e+01
   1.4747260e+06   4.8095703e+01
   1.4748430e+06   4.5043945e+01
   1.4748670e+06   4.1381836e+01
   1.4748920e+06   3.5522461e+01
   1.4752680e+06   4.1564941e+01
   1.4756550e+06   3.7353516e+01
   1.4825920e+06   4.0893555e+01
   1.4826210e+06   3.7841797e+01
   1.4826360e+06   3.7170410e+01
   1.4826830e+06   3.5461426e+01
   1.4907020e+06   5.0231934e+01
   1.4911220e+06   4.1259766e+01
   1.4969800e+06   5.3955078e+01
   1.4980010e+06   3.5583496e+01
   1.4984930e+06   4.2480469e+01
   1.4985200e+06   3.7414551e+01
   1.4985540e+06   6.8725586e+01
   1.4987590e+06   4.9316406e+01
   1.5014600e+06   2.0071411e+03
   1.5014940e+06   1.5887451e+02
   1.5015280e+06   1.5472412e+02
   1.5015400e+06   1.8432617e+02
   1.5015840e+06   5.8898926e+01
   1.5015990e+06   5.3039551e+01
   1.5016190e+06   3.9978027e+01
   1.5062770e+06   3.6560059e+01
   1.5075860e+06   4.0771484e+01
   1.5076670e+06   3.6804199e+01
   1.5078230e+06   4.2358398e+01
   1.5079100e+06   3.7719727e+01
   1.5079570e+06   4.2358398e+01
   1.5079960e+06   3.9428711e+01
   1.5080320e+06   5.8166504e+01
   1.5080890e+06   1.3787842e+02
   1.5081210e+06   2.7130127e+02
   1.5081480e+06   3.7414551e+01
   1.5081590e+06   3.6499023e+01
   1.5162100e+06   3.6132813e+01
   1.5178440e+06   4.3273926e+01
   1.5182920e+06   3.8818359e+01
   1.5257870e+06   4.3151855e+01
   1.5263520e+06   3.5644531e+01
   1.5273880e+06   4.3395996e+01
   1.5331930e+06   3.5888672e+01
   1.5336720e+06   3.9245605e+01
   1.5338030e+06   3.8757324e+01
   1.5338420e+06   4.5104980e+01
   1.5338560e+06   5.4504395e+01
   1.5339230e+06   3.7048340e+01
   1.5339640e+06   3.8757324e+01
   1.5339800e+06   2.9260254e+02
   1.5340190e+06   9.5764160e+01
   1.5340490e+06   4.3395996e+01
   1.5340820e+06   1.6967773e+02
   1.5340920e+06   3.7963867e+01
   1.5341260e+06   3.7902832e+01
   1.5341520e+06   4.2907715e+01
   1.5341960e+06   4.8034668e+01
   1.5456400e+06   5.1818848e+01
   1.5514740e+06   2.0094604e+03
   1.5515070e+06   1.8334961e+02
   1.5515420e+06   1.4587402e+02
   1.5515580e+06   5.9631348e+01
   1.5515780e+06   4.9194336e+01
   1.5515940e+06   4.1076660e+01
   1.5516210e+06   3.5644531e+01
   1.5516400e+06   3.6865234e+01
   1.5516660e+06   1.4898682e+02
   1.5516880e+06   3.8635254e+01
   1.5517480e+06   4.1198730e+01
   1.5517640e+06   9.6679687e+01
   1.5517840e+06   4.2663574e+01
   1.5518550e+06   1.2078857e+02
   1.5518830e+06   5.3527832e+01
   1.5519110e+06   2.7197266e+02
   1.5519460e+06   1.8511963e+02
   1.5519630e+06   4.1687012e+01
   1.5520200e+06   1.2255859e+02
   1.5520480e+06   2.3760986e+02
   1.5520590e+06   9.1247559e+01
   1.5520860e+06   8.6669922e+01
   1.5521250e+06   1.4434814e+02
   1.5521540e+06   1.9134521e+02
   1.5521730e+06   3.8513184e+01
   1.5522040e+06   1.1260986e+02
   1.5522570e+06   3.7414551e+01
   1.5522880e+06   1.7596436e+02
   1.5523020e+06   1.8469238e+02
   1.5523740e+06   3.9550781e+01
   1.5523980e+06   9.1918945e+01
   1.5524290e+06   1.0607910e+02
   1.5525280e+06   1.1376953e+02
   1.5525590e+06   1.7810059e+02
   1.5525750e+06   4.5227051e+01
   1.5704190e+06   3.6499023e+01
   1.5719950e+06   4.2602539e+01
   1.5775430e+06   5.7983398e+01
   1.5775890e+06   1.6644287e+02
   1.5776140e+06   4.7363281e+01
   1.5776240e+06   1.1486816e+02
   1.5776410e+06   4.0771484e+01
   1.5776810e+06   2.6318359e+02
   1.5776950e+06   4.0649414e+01
   1.5777110e+06   3.7414551e+01
   1.5777240e+06   4.1137695e+01
   1.5777520e+06   3.7414551e+01
   1.5777700e+06   4.1076660e+01
   1.5777970e+06   2.2277832e+02
   1.5778320e+06   1.1071777e+02
   1.5778530e+06   7.2387695e+01
   1.5778820e+06   1.4013672e+02
   1.5779020e+06   1.3342285e+02
   1.5779200e+06   3.6376953e+01
   1.5779430e+06   2.2229004e+02
   1.5779820e+06   9.2468262e+01
   1.5779930e+06   1.4904785e+02
   1.5849410e+06   3.5400391e+01
   1.5877610e+06   6.7565918e+01
   1.5878270e+06   4.0344238e+01
   1.5879230e+06   3.6865234e+01
   1.5879780e+06   5.6945801e+01
   1.5880490e+06   4.4433594e+01
   1.5884160e+06   4.1931152e+01
   1.5951810e+06   5.3405762e+01
   1.5953250e+06   3.6071777e+01
   1.5953910e+06   3.7292480e+01
   1.5954750e+06   3.7475586e+01
   1.6014880e+06   2.0103760e+03
   1.6015210e+06   1.6906738e+02
   1.6015360e+06   3.6010742e+01
   1.6015560e+06   2.9278564e+02
   1.6015680e+06   7.2326660e+01
   1.6015980e+06   2.9235840e+02
   1.6016110e+06   1.4019775e+02
   1.6016440e+06   4.6508789e+01
   1.6016610e+06   4.7973633e+01
   1.6016830e+06   4.6447754e+01
   1.6017470e+06   4.5654297e+01
   1.6017600e+06   7.1777344e+01
   1.6017860e+06   2.8662109e+02
   1.6018010e+06   4.9377441e+01
   1.6019590e+06   3.7414551e+01
   1.6019960e+06   1.2481689e+02
   1.6020370e+06   5.5541992e+01
   1.6021240e+06   3.7658691e+01
   1.6021430e+06   2.7728271e+02
   1.6021650e+06   3.9794922e+01
   1.6022330e+06   1.5002441e+02
   1.6022760e+06   1.8878174e+02
   1.6022950e+06   6.1950684e+01
   1.6023240e+06   3.6132812e+01
   1.6023880e+06   1.4117432e+02
   1.6023980e+06   1.1053467e+02
   1.6129420e+06   3.7841797e+01
   1.6131590e+06   4.7241211e+01
   1.6193310e+06   3.6987305e+01
   1.6194700e+06   3.7292480e+01
   1.6199600e+06   3.6376953e+01
   1.6201460e+06   4.1931152e+01
   1.6202180e+06   5.0048828e+01
   1.6203430e+06   3.9245605e+01
   1.6204510e+06   5.3283691e+01
   1.6205280e+06   3.6193848e+01
   1.6283830e+06   3.8513184e+01
   1.6285440e+06   5.3527832e+01
   1.6285670e+06   3.9367676e+01
   1.6285850e+06   1.8762207e+02
   1.6285970e+06   4.7668457e+01
   1.6286250e+06   4.4799805e+01
   1.6286460e+06   2.3754883e+02
   1.6286590e+06   1.5789795e+02
   1.6286890e+06   1.6644287e+02
   1.6287090e+06   4.9804688e+01
   1.6287300e+06   4.6264648e+01
   1.6287590e+06   2.4243164e+02
   1.6288190e+06   1.2396240e+02
   1.6288360e+06   4.3518066e+01
   1.6288570e+06   1.4129639e+02
   1.6289100e+06   3.6987305e+01
   1.6289330e+06   1.2854004e+02
   1.6289560e+06   5.1208496e+01
   1.6290050e+06   3.5766602e+01
   1.6290390e+06   2.2027588e+02
   1.6290570e+06   3.8879395e+01
   1.6290710e+06   3.5644531e+01
   1.6387650e+06   4.5104980e+01
   1.6388470e+06   4.0466309e+01
   1.6463300e+06   4.1381836e+01
   1.6463670e+06   3.5583496e+01
   1.6463990e+06   3.6254883e+01
   1.6464750e+06   6.5673828e+01
   1.6465000e+06   1.8621826e+02
   1.6465150e+06   4.3395996e+01
   1.6465450e+06   2.5360107e+02
   1.6465680e+06   1.1755371e+02
   1.6466040e+06   1.5563965e+02
   1.6466340e+06   5.5541992e+01
   1.6466550e+06   3.5888672e+01
   1.6466800e+06   4.1381836e+01
   1.6467110e+06   2.2033691e+02
   1.6515040e+06   3.9999390e+03
   1.6515360e+06   1.6375732e+02
   1.6515620e+06   3.7048340e+01
   1.6515740e+06   2.2021484e+02
   1.6516040e+06   6.8969727e+01
   1.6516160e+06   8.0383301e+01
   1.6517040e+06   2.5061035e+02
   1.6517140e+06   5.2307129e+01
   1.6518370e+06   3.8879395e+01
   1.6567410e+06   3.9978027e+01
   1.6570860e+06   4.5776367e+01
   1.6571080e+06   1.5087891e+02
   1.6571200e+06   3.5949707e+01
   1.6571480e+06   4.2114258e+01
   1.6571810e+06   3.6437988e+01
   1.6572290e+06   1.8328857e+02
   1.6572410e+06   2.6397705e+02
   1.6572740e+06   4.6020508e+01
   1.6572910e+06   5.7861328e+01
   1.6573570e+06   4.6752930e+01
   1.6573810e+06   2.1954346e+02
   1.6573970e+06   7.6965332e+01
   1.6574330e+06   1.1889648e+02
   1.6575130e+06   4.1076660e+01
   1.6670530e+06   3.6071777e+01
   1.6672400e+06   3.9733887e+01
   1.6673590e+06   5.0476074e+01
   1.6674500e+06   4.3762207e+01
   1.6755590e+06   3.8635254e+01
   1.6756030e+06   3.5949707e+01
   1.6756220e+06   4.4250488e+01
   1.6756540e+06   1.7181396e+02
   1.6756690e+06   3.6926270e+01
   1.6757020e+06   2.6489258e+02
   1.6757230e+06   3.8696289e+01
   1.6757480e+06   3.5949707e+01
   1.6757910e+06   3.7475586e+01
   1.6758090e+06   1.6680908e+02
   1.6758460e+06   4.1259766e+01
   1.6758640e+06   5.3100586e+01
   1.6759090e+06   4.1381836e+01
   1.6759420e+06   5.5969238e+01
   1.6759530e+06   1.3812256e+02
   1.6759710e+06   1.3403320e+02
   1.6760240e+06   4.3640137e+01
   1.6857500e+06   3.9794922e+01
   1.6857600e+06   4.1076660e+01
   1.6857870e+06   3.6621094e+01
   1.6858240e+06   7.8552246e+01
   1.6858610e+06   4.4433594e+01
   1.6858900e+06   4.1503906e+01
   1.6859060e+06   1.7175293e+02
   1.6859310e+06   3.6560059e+01
   1.6860480e+06   4.7973633e+01
   1.6947740e+06   3.5400391e+01
   1.7013160e+06   4.5410156e+01
   1.7013900e+06   3.5583496e+01
   1.7015180e+06   3.9999390e+03
   1.7015500e+06   1.8780518e+02
   1.7015720e+06   1.7810059e+02
   1.7015880e+06   2.9968262e+02
   1.7016060e+06   5.1818848e+01
   1.7016420e+06   1.3269043e+02
   1.7016720e+06   4.8950195e+01
   1.7017240e+06   1.0034180e+02
   1.7017460e+06   3.4948730e+02
   1.7017840e+06   4.2541504e+01
   1.7107180e+06   4.6081543e+01
   1.7108620e+06   4.3518066e+01
   1.7109130e+06   8.4655762e+01
   1.7109400e+06   1.8981934e+02
   1.7109510e+06   6.4025879e+01
   1.7109670e+06   1.4666748e+02
   1.7110060e+06   5.4992676e+01
   1.7110660e+06   1.4294434e+02
   1.7110950e+06   4.6142578e+01
   1.7111580e+06   4.9316406e+01
   1.7111840e+06   5.1635742e+01
   1.7248530e+06   3.7475586e+01
   1.7283560e+06   3.7353516e+01
   1.7285540e+06   4.0039063e+01
   1.7287790e+06   4.5776367e+01
   1.7288840e+06   4.1564941e+01
   1.7289480e+06   2.6245117e+02
   1.7289580e+06   5.9020996e+01
   1.7290070e+06   5.9204102e+01
   1.7291110e+06   4.7546387e+01
   1.7337610e+06   4.1870117e+01
   1.7384350e+06   3.5705566e+01
   1.7389820e+06   3.7597656e+01
   1.7390560e+06   4.2419434e+01
   1.7391410e+06   6.5612793e+01
   1.7391980e+06   3.9916992e+01
   1.7485610e+06   3.8818359e+01
   1.7490310e+06   4.4250488e+01
   1.7515320e+06   3.9999390e+03
   1.7515650e+06   1.6693115e+02
   1.7515960e+06   1.9653320e+02
   1.7516130e+06   8.1665039e+01
   1.7516310e+06   5.6823730e+01
   1.7516620e+06   2.9687500e+02
   1.7516820e+06   3.7841797e+01
   1.7516940e+06   4.1381836e+01
   1.7517310e+06   1.5039063e+02
   1.7517970e+06   1.0809326e+02
   1.7687370e+06   3.9733887e+01
   1.7810470e+06   3.9184570e+01
   1.7849400e+06   3.7109375e+01
   1.7876330e+06   3.5644531e+01
   1.7971170e+06   3.5522461e+01
   1.8015440e+06   2.0076294e+03
   1.8015780e+06   1.6613770e+02
   1.8016140e+06   2.0989990e+02
   1.8016330e+06   8.6669922e+01
   1.8016440e+06   2.9559326e+02
   1.8016760e+06   1.4569092e+02
   1.8016870e+06   3.9245605e+01
   1.8017230e+06   1.1389160e+02
   1.8017460e+06   4.0588379e+01
   1.8017650e+06   4.8400879e+01
   1.8017980e+06   1.5515137e+02
   1.8018120e+06   2.5622559e+02
   1.8018450e+06   4.2663574e+01
   1.8019300e+06   1.9110107e+02
   1.8019620e+06   3.8757324e+01
   1.8021520e+06   1.5533447e+02
   1.8022010e+06   5.3100586e+01
   1.8022300e+06   4.6997070e+01
   1.8022570e+06   4.0832520e+01
   1.8023160e+06   2.5744629e+02
   1.8023330e+06   5.2307129e+01
   1.8023590e+06   6.2500000e+01
   1.8024690e+06   4.1259766e+01
   1.8093610e+06   3.8208008e+01
   1.8130970e+06   3.6132813e+01
   1.8200210e+06   4.1503906e+01
   1.8214470e+06   3.7292480e+01
   1.8281940e+06   3.7841797e+01
   1.8335510e+06   3.5583496e+01
   1.8386960e+06   3.7902832e+01
   1.8418240e+06   4.9255371e+01
   1.8438730e+06   3.8146973e+01
   1.8475450e+06   4.0161133e+01
   1.8515600e+06   3.9999390e+03
   1.8515920e+06   1.6693115e+02
   1.8516290e+06   2.1099854e+02
   1.8516560e+06   3.0194092e+02
   1.8516800e+06   5.9265137e+01
   1.8517000e+06   4.2907715e+01
   1.8517330e+06   2.3992920e+02
   1.8517430e+06   1.1328125e+02
   1.8517650e+06   3.6987305e+01
   1.8517890e+06   1.3702393e+02
   1.8518180e+06   4.4006348e+01
   1.8518300e+06   3.6926270e+01
   1.8519110e+06   2.3370361e+02
   1.8519460e+06   1.4617920e+02
   1.8519660e+06   5.1513672e+01
   1.8520340e+06   3.5888672e+01
   1.8521380e+06   3.6621094e+01
   1.8523670e+06   3.7841797e+01
   1.8524750e+06   3.9550781e+01
   1.8525010e+06   4.9926758e+01
   1.8526080e+06   3.5522461e+01
   1.8594010e+06   4.0649414e+01
   1.8618800e+06   3.5766602e+01
   1.8622290e+06   3.7414551e+01
   1.8675740e+06   3.6682129e+01
   1.8764220e+06   4.0832520e+01
   1.8775600e+06   3.6804199e+01
   1.8912280e+06   3.6315918e+01
   1.8944700e+06   4.1442871e+01
   1.9015720e+06   2.0072021e+03
   1.9016050e+06   1.6772461e+02
   1.9016400e+06   1.3763428e+02
   1.9016500e+06   1.7974854e+02
   1.9016810e+06   4.2358398e+01
   1.9017020e+06   2.9193115e+02
   1.9017140e+06   1.6552734e+02
   1.9017610e+06   4.3884277e+01
   1.9018320e+06   1.5118408e+02
   1.9018470e+06   4.5959473e+01
   1.9024220e+06   3.5766602e+01
   1.9221980e+06   4.2602539e+01
   1.9292780e+06   3.8269043e+01
   1.9515860e+06   2.0084839e+03
   1.9516200e+06   1.8334961e+02
   1.9516540e+06   2.7172852e+02
   1.9516780e+06   2.3669434e+02
   1.9516960e+06   4.9926758e+01
   1.9517200e+06   1.3165283e+02
   1.9517430e+06   5.7312012e+01
   1.9517650e+06   4.4067383e+01
   1.9518280e+06   2.5616455e+02
   1.9518490e+06   8.2214355e+01
   1.9518590e+06   5.4199219e+01
   1.9664980e+06   3.5705566e+01
   1.9723440e+06   4.2602539e+01
   1.9744820e+06   3.5644531e+01
   1.9839790e+06   3.5766602e+01
   1.9889140e+06   4.0893555e+01
   1.9900520e+06   3.6804199e+01
   1.9963220e+06   3.8208008e+01
   1.9973840e+06   3.8146973e+01
   2.0005250e+06   3.7963867e+01
   2.0016020e+06   3.9999390e+03
   2.0016330e+06   1.6650391e+02
   2.0016680e+06   1.5863037e+02
   2.0016840e+06   8.6730957e+01
   2.0017050e+06   3.1195068e+02
   2.0017300e+06   1.3281250e+02
   2.0017400e+06   1.6845703e+02
   2.0017650e+06   3.8391113e+01
   2.0017830e+06   1.2957764e+02
   2.0018570e+06   9.0637207e+01
   2.0018870e+06   6.5490723e+01
   2.0023790e+06   4.3884277e+01
   2.0094110e+06   3.9367676e+01
   2.0199590e+06   3.7841797e+01
   2.0311060e+06   3.5522461e+01
   2.0330540e+06   4.6020508e+01
   2.0471450e+06   4.8950195e+01
   2.0514240e+06   4.2297363e+01
   2.0516140e+06   2.0143433e+03
   2.0516470e+06   1.6595459e+02
   2.0516600e+06   5.1208496e+01
   2.0516840e+06   2.4194336e+02
   2.0517070e+06   7.5439453e+01
   2.0517380e+06   1.5026855e+02
   2.0517620e+06   4.6691895e+01
   2.0517730e+06   4.0954590e+01
   2.0517980e+06   4.4189453e+01
   2.0518180e+06   2.0977783e+02
   2.0518300e+06   1.4166260e+02
   2.0520830e+06   6.1645508e+01
   2.0532070e+06   4.0710449e+01
   2.0573130e+06   3.8024902e+01
   2.0596040e+06   3.6743164e+01
   2.0671660e+06   3.6560059e+01
   2.0689270e+06   3.6499023e+01
   2.0724530e+06   3.8391113e+01
   2.0729430e+06   3.9672852e+01
   2.0963400e+06   3.6987305e+01
   2.1016280e+06   2.0036621e+03
   2.1016620e+06   1.8426514e+02
   2.1017000e+06   2.9541016e+02
   2.1017120e+06   8.5693359e+01
   2.1017570e+06   1.5014648e+02
   2.1017800e+06   1.9573975e+02
   2.1017960e+06   1.0198975e+02
   2.1018460e+06   3.6682129e+01
   2.1019240e+06   1.5283203e+02
   2.1020120e+06   4.2907715e+01
   2.1020740e+06   2.3065186e+02
   2.1066180e+06   3.6071777e+01
   2.1163720e+06   3.7780762e+01
   2.1403160e+06   4.7668457e+01
   2.1516420e+06   2.0067749e+03
   2.1516760e+06   1.6589355e+02
   2.1517100e+06   1.4514160e+02
   2.1517290e+06   6.4575195e+01
   2.1517530e+06   5.2429199e+01
   2.1517640e+06   3.0871582e+02
   2.1518040e+06   5.4626465e+01
   2.1518280e+06   4.1870117e+01
   2.1518650e+06   1.3946533e+02
   2.1519310e+06   4.4799805e+01
   2.1520310e+06   6.0546875e+01
   2.1592910e+06   3.6437988e+01
   2.1628720e+06   4.4250488e+01
   2.1739500e+06   3.9123535e+01
   2.1751170e+06   4.0527344e+01
   2.1831780e+06   3.5522461e+01
   2.1978160e+06   3.7109375e+01
   2.2016560e+06   2.0087891e+03
   2.2016900e+06   1.6070557e+02
   2.2017230e+06   2.6971436e+02
   2.2017340e+06   9.2773438e+01
   2.2017560e+06   2.8527832e+02
   2.2017740e+06   1.3903809e+02
   2.2017880e+06   7.9162598e+01
   2.2018400e+06   1.2255859e+02
   2.2018630e+06   1.9592285e+02
   2.2019030e+06   4.5654297e+01
   2.2019620e+06   5.2062988e+01
   2.2128150e+06   3.5888672e+01
   2.2137200e+06   4.2846680e+01
   2.2268250e+06   3.7109375e+01
   2.2509520e+06   3.7841797e+01
   2.2516720e+06   3.9999390e+03
   2.2517030e+06   1.7352295e+02
   2.2517380e+06   3.0389404e+02
   2.2517660e+06   7.3181152e+01
   2.2517940e+06   6.3171387e+01
   2.2518090e+06   1.3854980e+02
   2.2518350e+06   1.1383057e+02
   2.2518480e+06   4.3579102e+01
   2.2518700e+06   3.5827637e+01
   2.2519050e+06   2.4438477e+02
   2.2519210e+06   5.4260254e+01
   2.2519590e+06   1.5747070e+02
   2.2520240e+06   6.1828613e+01
   2.2522680e+06   2.4664307e+02
   2.2666720e+06   3.5827637e+01
   2.2734860e+06   3.5644531e+01
   2.2747340e+06   3.9916992e+01
   2.2865860e+06   3.9978027e+01
   2.3016860e+06   2.0092773e+03
   2.3017170e+06   1.7419434e+02
   2.3017520e+06   1.6040039e+02
   2.3017730e+06   2.7783203e+02
   2.3017890e+06   4.0466309e+01
   2.3018170e+06   1.4166260e+02
   2.3018310e+06   6.0852051e+01
   2.3018480e+06   3.5644531e+01
   2.3019320e+06   4.5166016e+01
   2.3019610e+06   2.5268555e+02
   2.3019760e+06   1.5637207e+02
   2.3020000e+06   5.2856445e+01
   2.3040110e+06   4.0771484e+01
   2.3074300e+06   3.6437988e+01
   2.3206740e+06   3.6560059e+01
   2.3358930e+06   5.2307129e+01
   2.3476170e+06   3.5766602e+01
   2.3510320e+06   3.6926270e+01
   2.3516980e+06   2.0075073e+03
   2.3517310e+06   1.7736816e+02
   2.3517470e+06   5.5419922e+01
   2.3517660e+06   2.0965576e+02
   2.3517880e+06   5.0231934e+01
   2.3518110e+06   3.9855957e+02
   2.3518310e+06   7.5317383e+01
   2.3518580e+06   7.7819824e+01
   2.3519060e+06   1.5435791e+02
   2.3519340e+06   8.9782715e+01
   2.3519580e+06   2.5378418e+02
   2.3521340e+06   5.6274414e+01
   2.3525670e+06   4.0893555e+01
   2.3525910e+06   4.5959473e+01
   2.3526130e+06   1.7102051e+02
   2.3526270e+06   6.9580078e+01
   2.3526910e+06   4.7729492e+01
   2.3527160e+06   4.6630859e+01
   2.3527500e+06   3.7658691e+01
   2.3527860e+06   1.4453125e+02
   2.3528060e+06   5.2551270e+01
   2.3596340e+06   3.5522461e+01
   2.3652740e+06   3.5827637e+01
   2.3818940e+06   3.9062500e+01
   2.3829820e+06   3.8208008e+01
   2.3837940e+06   3.7353516e+01
   2.3853880e+06   3.5461426e+01
   2.3896440e+06   3.6682129e+01
   2.4017120e+06   2.0126953e+03
   2.4017450e+06   1.5246582e+02
   2.4017830e+06   1.9897461e+02
   2.4017960e+06   7.6171875e+01
   2.4018160e+06   2.6824951e+02
   2.4018350e+06   1.3964844e+02
   2.4018500e+06   7.8735352e+01
   2.4019030e+06   5.1086426e+01
   2.4019170e+06   2.0330811e+02
   2.4019290e+06   1.7773438e+02
   2.4019520e+06   4.1931152e+01
   2.4020620e+06   4.6081543e+01
   2.4020910e+06   1.3409424e+02
   2.4024060e+06   5.3771973e+01
   2.4024620e+06   3.9184570e+01
   2.4030460e+06   3.8818359e+01
   2.4166570e+06   3.6621094e+01
   2.4343880e+06   3.7048340e+01
   2.4346680e+06   3.5400391e+01
   2.4434260e+06   4.1076660e+01
   2.4465800e+06   4.3579102e+01
   2.4517260e+06   2.0045776e+03
   2.4517590e+06   1.5747070e+02
   2.4517950e+06   2.1710205e+02
   2.4518050e+06   5.4687500e+01
   2.4518200e+06   5.3039551e+01
   2.4518690e+06   1.5155029e+02
   2.4519010e+06   2.7239990e+02
   2.4519200e+06   5.5175781e+01
   2.4519540e+06   4.6936035e+01
   2.4523870e+06   4.4250488e+01
   2.4531220e+06   3.9489746e+01
   2.4531340e+06   3.6804199e+01
   2.4599110e+06   3.6132813e+01
   2.4648240e+06   3.6132813e+01
   2.4684790e+06   3.5766602e+01
   2.4708550e+06   4.4799805e+01
   2.4718770e+06   3.6987305e+01
   2.4889110e+06   4.3884277e+01
   2.4930750e+06   3.8330078e+01
   2.4983730e+06   4.2480469e+01
   2.5029880e+06   3.7780762e+01
   2.5100750e+06   3.7536621e+01
   2.5135240e+06   3.7719727e+01
   2.5153690e+06   1.5472412e+02
   2.5222180e+06   3.8085938e+01
   2.5279510e+06   3.7475586e+01
   2.5296920e+06   1.7095947e+02
   2.5297160e+06   4.1687012e+01
   2.5297360e+06   5.3710938e+01
   2.5297570e+06   2.9016113e+02
   2.5297770e+06   1.9689941e+02
   2.5297990e+06   1.0168457e+02
   2.5298090e+06   9.1064453e+01
   2.5298200e+06   1.9946289e+02
   2.5298640e+06   1.6925049e+02
   2.5298750e+06   1.4819336e+02
   2.5299170e+06   4.0405273e+01
   2.5299380e+06   3.5400391e+01
   2.5299670e+06   1.8139648e+02
   2.5299780e+06   5.4443359e+01
   2.5300270e+06   9.7900391e+01
   2.5300530e+06   1.3214111e+02
   2.5300660e+06   1.6290283e+02
   2.5300980e+06   7.9711914e+01
   2.5301400e+06   9.5764160e+01
   2.5301670e+06   1.2713623e+02
   2.5301780e+06   8.8623047e+01
   2.5302150e+06   4.3273926e+01
   2.5302390e+06   6.9152832e+01
   2.5302550e+06   1.3177490e+02
   2.5302980e+06   3.8940430e+01
   2.5303170e+06   6.2744141e+01
   2.5303380e+06   4.2968750e+01
   2.5303610e+06   3.8146973e+01
   2.5303840e+06   1.4465332e+02
   2.5304020e+06   5.1086426e+01
   2.5304260e+06   4.1381836e+01
   2.5304500e+06   6.1462402e+01
   2.5304830e+06   1.0766602e+02
   2.5305280e+06   7.3242188e+01
   2.5305470e+06   3.6071777e+01
   2.5305640e+06   4.4921875e+01
   2.5305760e+06   3.6865234e+01
   2.5305920e+06   4.9255371e+01
   2.5306170e+06   6.2866211e+01
   2.5306430e+06   5.0964355e+01
   2.5306670e+06   4.1564941e+01
   2.5306990e+06   5.4870605e+01
   2.5307090e+06   1.0668945e+02
   2.5307500e+06   5.1513672e+01
   2.5307870e+06   9.0270996e+01
   2.5308090e+06   5.0048828e+01
   2.5308340e+06   3.5644531e+01
   2.5309110e+06   6.7504883e+01
   2.5309470e+06   5.9387207e+01
   2.5309690e+06   4.1442871e+01
   2.5309980e+06   4.7058105e+01
   2.5310150e+06   5.4809570e+01
   2.5310440e+06   3.7231445e+01
   2.5310600e+06   4.5776367e+01
   2.5310850e+06   6.3842773e+01
   2.5310960e+06   3.9184570e+01
   2.5311220e+06   4.7424316e+01
   2.5311670e+06   6.4880371e+01
   2.5311940e+06   6.3842773e+01
   2.5312170e+06   3.8818359e+01
   2.5312490e+06   8.5632324e+01
   2.5312760e+06   4.4189453e+01
   2.5313460e+06   8.1665039e+01
   2.5313700e+06   3.9001465e+01
   2.5314000e+06   4.2419434e+01
   2.5314750e+06   6.0852051e+01
   2.5315000e+06   1.4013672e+02
   2.5315150e+06   1.0253906e+02
   2.5316530e+06   1.5545654e+02
   2.5316810e+06   7.3608398e+01
   2.5317760e+06   4.0405273e+01
   2.5318120e+06   7.7941895e+01
   2.5320010e+06   8.8134766e+01
   2.5320350e+06   3.6743164e+01
   2.5321690e+06   4.3395996e+01
   2.5322400e+06   4.0405273e+01
   2.5323880e+06   1.1901855e+02
   2.5381970e+06   3.8208008e+01
   2.5499530e+06   3.6621094e+01
   2.5554400e+06   3.5461426e+01
   2.5604500e+06   4.8339844e+01
   2.5648640e+06   3.7292480e+01
   2.5650820e+06   3.5705566e+01
   2.5681130e+06   4.1442871e+01
   2.5701620e+06   4.3823242e+01
   2.5709090e+06   4.5104980e+01
   2.5729540e+06   4.1015625e+01
   2.5734020e+06   4.2419434e+01
   2.5806910e+06   3.7536621e+01
   2.5838420e+06   3.8146973e+01
   2.5840080e+06   4.2053223e+01
   2.5853120e+06   3.6315918e+01
   2.5861930e+06   4.0527344e+01
   2.5927580e+06   4.4799805e+01
   2.5975720e+06   3.5583496e+01
   2.5992580e+06   4.0100098e+01
   2.5995960e+06   4.5288086e+01
   2.6084450e+06   3.7475586e+01
   2.6163860e+06   4.1992188e+01
   2.6183380e+06   4.1503906e+01
   2.6192870e+06   4.1503906e+01
   2.6192970e+06   3.7170410e+01
   2.6250640e+06   3.9672852e+01
   2.6260130e+06   3.6193848e+01
   2.6317410e+06   3.6926270e+01
   2.6322690e+06   3.6193848e+01
   2.6333780e+06   3.8574219e+01
   2.6357450e+06   4.0222168e+01
   2.6364220e+06   4.4189453e+01
   2.6404150e+06   4.1992188e+01
   2.6414480e+06   4.4433594e+01
   2.6422470e+06   3.8879395e+01
   2.6491820e+06   3.9489746e+01
   2.6492680e+06   3.8574219e+01
   2.6493460e+06   4.1076660e+01
   2.6496860e+06   3.6499023e+01
   2.6497260e+06   3.7780762e+01
   2.6576970e+06   3.5583496e+01
   2.6581980e+06   3.9184570e+01
   2.6587170e+06   4.3151855e+01
   2.6591230e+06   4.0405273e+01
   2.6653940e+06   4.7485352e+01
   2.6673710e+06   3.5888672e+01
   2.6736610e+06   4.0588379e+01
   2.6737120e+06   4.5104980e+01
   2.6737900e+06   6.9702148e+01
   2.6738130e+06   4.3579102e+01
   2.6738430e+06   3.7109375e+01
   2.6813710e+06   3.9916992e+01
   2.6821410e+06   3.6315918e+01
   2.6822210e+06   4.4921875e+01
   2.6823730e+06   4.1687012e+01
   2.6916230e+06   3.8269043e+01
   2.6918920e+06   4.7119141e+01
   2.6922760e+06   4.1259766e+01
   2.6923550e+06   4.7485352e+01
   2.7007810e+06   3.9367676e+01
   2.7010380e+06   5.2795410e+01
   2.7022290e+06   3.7780762e+01
   2.7089910e+06   3.6865234e+01
   2.7097120e+06   3.8940430e+01
   2.7097990e+06   3.5766602e+01
   2.7174740e+06   3.5644531e+01
   2.7175390e+06   3.7597656e+01
   2.7179640e+06   4.4189453e+01
   2.7179900e+06   4.1564941e+01
   2.7181880e+06   6.4636230e+01
   2.7250760e+06   3.6193848e+01
   2.7265440e+06   3.5400391e+01
   2.7269460e+06   3.7902832e+01
   2.7329190e+06   3.5766602e+01
   2.7333710e+06   3.5522461e+01
   2.7349680e+06   4.2724609e+01
   2.7363720e+06   3.7963867e+01
   2.7422180e+06   3.6743164e+01
   2.7429050e+06   3.8330078e+01
   2.7498860e+06   4.6813965e+01
   2.7509110e+06   3.7841797e+01
   2.7569350e+06   3.5766602e+01
   2.7589640e+06   4.1137695e+01
   2.7589960e+06   4.2175293e+01
   2.7591690e+06   3.8085938e+01
   2.7593270e+06   3.9672852e+01
   2.7635980e+06   3.6437988e+01
   2.7791880e+06   3.7780762e+01
   2.7843410e+06   5.6213379e+01
   2.7846170e+06   3.8818359e+01
   2.7976260e+06   3.9794922e+01
   2.8005530e+06   3.7170410e+01
   2.8087070e+06   4.6142578e+01
   2.8091250e+06   3.5766602e+01
   2.8135430e+06   3.5644531e+01
   2.8165390e+06   3.7719727e+01
   2.8172370e+06   3.7841797e+01
   2.8233290e+06   3.7292480e+01
   2.8263170e+06   6.5795898e+01
   2.8266630e+06   3.5400391e+01
   2.8268410e+06   3.9245605e+01
   2.8346430e+06   3.7170410e+01
   2.8351720e+06   6.4880371e+01
   2.8355430e+06   4.1992187e+01
   2.8375640e+06   3.8208008e+01
   2.8381280e+06   4.1442871e+01
   2.8688280e+06   4.6081543e+01
   2.8691720e+06   3.6926270e+01
   2.8695090e+06   3.8208008e+01
   2.8906180e+06   3.5522461e+01
   2.8999210e+06   3.6132813e+01
   2.9027980e+06   3.9062500e+01
   2.9028190e+06   3.5766602e+01
   2.9056060e+06   4.4860840e+01
   2.9056310e+06   4.0222168e+01
   2.9094240e+06   3.5705566e+01
   2.9267840e+06   3.7109375e+01
   2.9443920e+06   3.9855957e+01
   2.9465940e+06   4.0405273e+01
   2.9538710e+06   3.7109375e+01
   2.9567940e+06   3.6926270e+01
   2.9574990e+06   3.5400391e+01
   2.9592700e+06   4.5288086e+01
   2.9606300e+06   4.6752930e+01
   2.9680370e+06   3.6743164e+01
   2.9693320e+06   3.5644531e+01
   2.9875690e+06   3.5888672e+01
   2.9900320e+06   3.8635254e+01
   2.9928160e+06   4.4006348e+01
