   2.9990000e+06   0.0000000e+00
   1.0420000e+03   3.9999390e+03
   1.1160000e+03   4.2114258e+01
   4.5864000e+04   3.7841797e+01
   4.6015000e+04   4.1015625e+01
   5.1054000e+04   2.0053101e+03
   1.0106800e+05   2.0064697e+03
   1.0117500e+05   3.9550781e+01
   1.2906800e+05   6.0546875e+01
   1.4733200e+05   3.9123535e+01
   1.4743400e+05   3.7658691e+01
   1.5108200e+05   2.0104980e+03
   1.5109200e+05   4.8095703e+01
   1.5118500e+05   4.5410156e+01
   1.6468500e+05   3.7841797e+01
   1.8511900e+05   3.7414551e+01
   2.0109600e+05   2.0086670e+03
   2.0128300e+05   4.1320801e+01
   2.2800700e+05   3.7902832e+01
   2.2803500e+05   4.6447754e+01
   2.4681900e+05   3.8452148e+01
   2.5111200e+05   3.9999390e+03
   2.7856200e+05   3.7963867e+01
   3.0112400e+05   2.0102539e+03
   3.0120100e+05   4.1809082e+01
   3.1828300e+05   4.1137695e+01
   3.5114000e+05   2.0048218e+03
   3.5125000e+05   4.6020508e+01
   4.0115200e+05   2.0062256e+03
   4.0125000e+05   4.8461914e+01
   4.0161300e+05   4.0039063e+01
   4.5116600e+05   2.0103149e+03
   4.5125800e+05   3.7597656e+01
   4.5128200e+05   4.1992188e+01
   4.6334700e+05   4.1748047e+01
   5.0118000e+05   2.0109253e+03
   5.0126800e+05   3.8330078e+01
   5.0133200e+05   3.9062500e+01
   5.5119400e+05   2.0095825e+03
   5.5130300e+05   3.9001465e+01
   5.5131300e+05   5.4870605e+01
   6.0120800e+05   2.0112915e+03
   6.5122200e+05   2.0081177e+03
   6.5134100e+05   3.9855957e+01
   6.5138500e+05   5.4382324e+01
   6.7236600e+05   5.1330566e+01
   6.7238600e+05   5.4870605e+01
   6.7257600e+05   3.7841797e+01
   7.0123600e+05   2.0083008e+03
   7.0137800e+05   4.1992188e+01
   7.5125000e+05   2.0047607e+03
   7.5134200e+05   4.3273926e+01
   7.5137300e+05   5.6030273e+01
   8.0126400e+05   2.0087891e+03
   8.0127500e+05   3.7780762e+01
   8.0135700e+05   3.8024902e+01
   8.0139500e+05   3.9489746e+01
   8.0144000e+05   4.0405273e+01
   8.5127800e+05   2.0068359e+03
   8.5140100e+05   4.2968750e+01
   8.5141800e+05   5.0476074e+01
   9.0129400e+05   3.9999390e+03
   9.0138200e+05   4.2907715e+01
   9.5130800e+05   3.9999390e+03
   9.5144100e+05   4.0771484e+01
   1.0013200e+06   2.0051270e+03
   1.0014880e+06   4.3090820e+01
   1.0513340e+06   2.0155029e+03
   1.0514600e+06   4.1442871e+01
   1.1013480e+06   2.0123901e+03
   1.1014430e+06   3.7841797e+01
   1.1014810e+06   3.8940430e+01
   1.1513620e+06   2.0095825e+03
   1.1514740e+06   4.9987793e+01
   1.1560970e+06   3.7719727e+01
   1.1813260e+06   6.2683105e+01
   1.1814480e+06   3.9611816e+01
   1.1815970e+06   4.2663574e+01
   1.2013780e+06   3.9999390e+03
   1.2513920e+06   3.9999390e+03
   1.2515070e+06   3.8391113e+01
   1.2515220e+06   3.8085938e+01
   1.3014060e+06   3.9999390e+03
   1.3015120e+06   3.7292480e+01
   1.3015420e+06   4.3029785e+01
   1.3514200e+06   3.9999390e+03
   1.3515140e+06   6.2316895e+01
   1.3570730e+06   3.7475586e+01
   1.3918730e+06   4.7058105e+01
   1.3919570e+06   4.0649414e+01
   1.4014340e+06   3.9999390e+03
   1.4514460e+06   2.0077515e+03
   1.4514570e+06   3.7414551e+01
   1.5014620e+06   3.9999390e+03
   1.5514740e+06   2.0120850e+03
   1.5515690e+06   4.4189453e+01
   1.5520670e+06   3.8696289e+01
   1.5521280e+06   3.7658691e+01
   1.5776310e+06   4.3640137e+01
   1.6014900e+06   3.9999390e+03
   1.6016100e+06   4.5715332e+01
   1.6288290e+06   3.7414551e+01
   1.6515020e+06   2.0083008e+03
   1.6571190e+06   3.7902832e+01
   1.7015180e+06   3.9999390e+03
   1.7515320e+06   3.9999390e+03
   1.7516080e+06   4.3884277e+01
   1.7517560e+06   4.4372559e+01
   1.7517910e+06   4.2907715e+01
   1.8015460e+06   2.0053711e+03
   1.8016560e+06   4.4128418e+01
   1.8016710e+06   4.8400879e+01
   1.8017690e+06   3.9672852e+01
   1.8515580e+06   2.0089722e+03
   1.8516830e+06   4.4494629e+01
   1.8517110e+06   3.9916992e+01
   1.8946100e+06   3.8391113e+01
   1.9015720e+06   2.0121460e+03
   1.9018120e+06   4.2724609e+01
   1.9515860e+06   2.0164185e+03
   1.9517490e+06   3.7719727e+01
   2.0016000e+06   2.0146484e+03
   2.0017320e+06   4.0039063e+01
   2.0516160e+06   3.9999390e+03
   2.0517480e+06   3.9367676e+01
   2.0519130e+06   4.0039063e+01
   2.1016300e+06   3.9999390e+03
   2.1017210e+06   4.0832520e+01
   2.1516420e+06   2.0079346e+03
   2.1516520e+06   4.6691895e+01
   2.1517880e+06   3.8330078e+01
   2.2016580e+06   3.9999390e+03
   2.2017370e+06   4.4006348e+01
   2.2516720e+06   3.9999390e+03
   2.2517550e+06   4.6020508e+01
   2.2518120e+06   4.1564941e+01
   2.3016840e+06   2.0104980e+03
   2.3017600e+06   4.0222168e+01
   2.3018640e+06   4.0527344e+01
   2.3517000e+06   3.9999390e+03
   2.3518140e+06   3.7475586e+01
   2.3518340e+06   3.9978027e+01
   2.4017120e+06   2.0144043e+03
   2.4019150e+06   4.3212891e+01
   2.4019610e+06   3.9184570e+01
   2.4517260e+06   2.0098877e+03
   2.5297040e+06   4.6813965e+01
   2.5297700e+06   4.2175293e+01
   2.5300070e+06   4.6630859e+01
   2.5305780e+06   3.8574219e+01
   2.7272240e+06   3.7414551e+01
   2.8697000e+06   3.7536621e+01
