   2.9990000e+06   0.0000000e+00
   1.0590000e+03   1.8185425e+03
   1.2070000e+03   3.9062500e+01
   1.2500000e+03   4.2663574e+01
   1.2770000e+03   5.7006836e+01
   1.2890000e+03   7.3852539e+01
   1.3440000e+03   4.2541504e+01
   1.5870000e+03   4.8034668e+01
   1.8240000e+03   3.8085938e+01
   1.9340000e+03   3.6254883e+01
   1.9470000e+03   6.0424805e+01
   1.9620000e+03   3.7841797e+01
   2.0720000e+03   3.8085938e+01
   2.2250000e+03   3.8879395e+01
   2.3190000e+03   4.7058105e+01
   5.0920000e+03   3.9489746e+01
   1.9342000e+04   4.6997070e+01
   1.9399000e+04   4.3029785e+01
   1.9416000e+04   6.0485840e+01
   1.9449000e+04   3.5949707e+01
   1.9499000e+04   4.0771484e+01
   1.9541000e+04   3.6132813e+01
   1.9569000e+04   6.8481445e+01
   1.9628000e+04   5.1147461e+01
   1.9698000e+04   4.0954590e+01
   1.9746000e+04   3.9733887e+01
   1.9766000e+04   3.6621094e+01
   1.9802000e+04   4.6508789e+01
   1.9844000e+04   4.9682617e+01
   1.9944000e+04   3.6010742e+01
   1.9978000e+04   3.7170410e+01
   1.9996000e+04   3.5888672e+01
   2.0134000e+04   3.7475586e+01
   4.2431000e+04   3.7719727e+01
   4.2460000e+04   4.0405273e+01
   4.2471000e+04   4.8217773e+01
   4.2520000e+04   6.7443848e+01
   4.2546000e+04   4.1809082e+01
   4.2619000e+04   4.1687012e+01
   4.2661000e+04   4.1015625e+01
   4.2685000e+04   4.9377441e+01
   4.2718000e+04   4.5288086e+01
   4.2731000e+04   4.2419434e+01
   4.2764000e+04   3.7841797e+01
   4.2802000e+04   3.5949707e+01
   4.2812000e+04   4.2419434e+01
   4.2886000e+04   4.0344238e+01
   4.3052000e+04   3.8513184e+01
   4.3089000e+04   4.1015625e+01
   4.3299000e+04   3.9184570e+01
   5.1073000e+04   1.8311768e+03
   5.1291000e+04   4.1259766e+01
   6.2042000e+04   4.7668457e+01
   6.2104000e+04   5.5358887e+01
   6.2117000e+04   3.7841797e+01
   6.2129000e+04   4.7241211e+01
   6.2151000e+04   3.7048340e+01
   6.2170000e+04   4.8583984e+01
   6.2182000e+04   4.4250488e+01
   6.2198000e+04   8.7707520e+01
   6.2286000e+04   3.8757324e+01
   6.2310000e+04   4.5654297e+01
   6.2393000e+04   4.0710449e+01
   6.2412000e+04   3.6743164e+01
   6.2463000e+04   3.6560059e+01
   6.2536000e+04   3.8940430e+01
   6.2685000e+04   3.7292480e+01
   6.2821000e+04   5.1147461e+01
   6.2928000e+04   4.2846680e+01
   8.3189000e+04   7.4401855e+01
   8.3224000e+04   3.8513184e+01
   8.3254000e+04   4.1259766e+01
   8.3289000e+04   5.3894043e+01
   8.3383000e+04   3.8391113e+01
   8.3395000e+04   4.5837402e+01
   8.3417000e+04   3.8024902e+01
   8.3531000e+04   4.7119141e+01
   8.3745000e+04   3.8208008e+01
   8.3780000e+04   3.6193848e+01
   1.0108700e+05   1.8157959e+03
   1.0121600e+05   4.1564941e+01
   1.0123700e+05   3.6193848e+01
   1.0125700e+05   7.3242188e+01
   1.0129300e+05   5.9387207e+01
   1.0132000e+05   3.6193848e+01
   1.0133900e+05   3.6193848e+01
   1.0138300e+05   4.1015625e+01
   1.0144400e+05   5.7922363e+01
   1.0164300e+05   5.8532715e+01
   1.0171700e+05   3.8208008e+01
   1.0178600e+05   4.0710449e+01
   1.0184100e+05   3.9367676e+01
   1.0195400e+05   4.6020508e+01
   1.1880200e+05   3.6376953e+01
   1.1883200e+05   5.9692383e+01
   1.1888600e+05   4.8767090e+01
   1.1892300e+05   3.6193848e+01
   1.1901100e+05   3.6376953e+01
   1.1903900e+05   5.2307129e+01
   1.3605300e+05   3.9367676e+01
   1.3607400e+05   3.7109375e+01
   1.3613800e+05   6.7138672e+01
   1.3617000e+05   4.3640137e+01
   1.3618700e+05   3.7231445e+01
   1.3621400e+05   4.2419434e+01
   1.3624100e+05   5.9265137e+01
   1.3627500e+05   4.4677734e+01
   1.3634900e+05   4.2419434e+01
   1.3639100e+05   3.9550781e+01
   1.3641400e+05   4.1992188e+01
   1.3643000e+05   4.1442871e+01
   1.3667200e+05   3.7231445e+01
   1.5110100e+05   1.8228760e+03
   1.5123100e+05   4.3762207e+01
   1.5128100e+05   3.7841797e+01
   1.5129400e+05   7.4279785e+01
   1.5131200e+05   4.1503906e+01
   1.5144100e+05   4.5532227e+01
   1.5161700e+05   3.9184570e+01
   1.5164400e+05   4.3151855e+01
   1.5173900e+05   3.8024902e+01
   1.5181400e+05   4.1809082e+01
   1.5189600e+05   3.5888672e+01
   1.5224000e+05   4.6630859e+01
   1.7995000e+05   3.6437988e+01
   1.8010200e+05   4.2419434e+01
   1.8018300e+05   5.3222656e+01
   1.8022100e+05   3.7170410e+01
   1.8025900e+05   3.8452148e+01
   1.8028700e+05   5.2124023e+01
   1.8031400e+05   3.7902832e+01
   1.8033300e+05   3.6376953e+01
   1.8034700e+05   3.8818359e+01
   1.8043500e+05   7.0312500e+01
   1.8054300e+05   4.1687012e+01
   1.8066000e+05   4.7668457e+01
   1.8087600e+05   3.6193848e+01
   2.0111700e+05   3.8123779e+03
   2.0122000e+05   3.5949707e+01
   2.0124800e+05   4.6813965e+01
   2.0129800e+05   4.5104980e+01
   2.0131300e+05   4.4067383e+01
   2.0238700e+05   7.0251465e+01
   2.0264400e+05   3.9428711e+01
   2.2123700e+05   4.4677734e+01
   2.5112900e+05   1.8262939e+03
   2.5127300e+05   3.6804199e+01
   2.5129400e+05   3.7109375e+01
   2.5131600e+05   4.1137695e+01
   2.5134300e+05   7.0129395e+01
   2.5136400e+05   4.4616699e+01
   2.5138100e+05   4.0893555e+01
   2.5144300e+05   4.3334961e+01
   2.5146600e+05   5.1391602e+01
   2.5151500e+05   4.2968750e+01
   2.5152700e+05   3.8452148e+01
   2.5179000e+05   5.9143066e+01
   2.5195000e+05   3.8757324e+01
   2.5216000e+05   3.7963867e+01
   2.5241600e+05   5.3344727e+01
   3.0114300e+05   1.8330688e+03
   3.0128200e+05   4.1992188e+01
   3.0131800e+05   5.2856445e+01
   3.0134400e+05   6.4453125e+01
   3.0136200e+05   3.8208008e+01
   3.0147000e+05   3.6071777e+01
   3.0148400e+05   4.0222168e+01
   3.0167200e+05   6.8969727e+01
   3.0171300e+05   4.1687012e+01
   3.0173200e+05   5.1391602e+01
   3.0177600e+05   3.6010742e+01
   3.0180900e+05   3.6682129e+01
   3.0184800e+05   4.0954590e+01
   3.0192400e+05   4.0771484e+01
   3.0211700e+05   4.0222168e+01
   3.5115700e+05   1.8312378e+03
   3.5131200e+05   4.2175293e+01
   3.5135200e+05   3.8085938e+01
   3.5136300e+05   6.1645508e+01
   3.5139900e+05   4.4006348e+01
   3.5147100e+05   3.9245605e+01
   3.5153000e+05   4.7302246e+01
   3.5179700e+05   5.8227539e+01
   3.5279800e+05   4.3212891e+01
   3.5282200e+05   4.3945312e+01
   3.5284900e+05   5.9570313e+01
   3.5290200e+05   4.6203613e+01
   3.5297600e+05   4.2968750e+01
   3.5300400e+05   5.8898926e+01
   3.5301400e+05   4.2846680e+01
   3.5316500e+05   3.8208008e+01
   3.5344100e+05   3.8208008e+01
   4.0117300e+05   3.8230591e+03
   4.0128000e+05   3.9794922e+01
   4.0132300e+05   4.8156738e+01
   4.0133600e+05   3.6071777e+01
   4.0136300e+05   4.5837402e+01
   4.0138700e+05   4.5288086e+01
   4.0142700e+05   4.9377441e+01
   4.0146400e+05   3.8879395e+01
   4.0155100e+05   6.3659668e+01
   4.0163300e+05   4.0100098e+01
   4.0175600e+05   4.6691895e+01
   4.0237400e+05   4.5104980e+01
   4.0247800e+05   6.4147949e+01
   4.0269800e+05   5.4931641e+01
   4.0273700e+05   3.6560059e+01
   4.0287600e+05   6.3110352e+01
   4.5118500e+05   1.8181152e+03
   4.5133000e+05   3.7231445e+01
   4.5134600e+05   5.7617188e+01
   4.5137000e+05   4.1076660e+01
   4.5139100e+05   4.8950195e+01
   4.5140800e+05   9.1308594e+01
   4.5154100e+05   3.8085938e+01
   4.5158200e+05   6.7810059e+01
   4.5176400e+05   3.8513184e+01
   4.5178300e+05   5.3649902e+01
   4.5184600e+05   3.9245605e+01
   4.5188700e+05   4.6691895e+01
   4.5194300e+05   4.3823242e+01
   4.5214100e+05   3.6315918e+01
   4.5252900e+05   6.0424805e+01
   4.5257800e+05   3.8574219e+01
   5.0119900e+05   1.8175659e+03
   5.0134500e+05   3.8635254e+01
   5.0141100e+05   5.1208496e+01
   5.0142700e+05   6.6650391e+01
   5.0145200e+05   5.4138184e+01
   5.0151800e+05   3.8757324e+01
   5.0159100e+05   5.4809570e+01
   5.0162400e+05   4.2846680e+01
   5.0166500e+05   4.4738770e+01
   5.0168500e+05   3.9001465e+01
   5.0171700e+05   3.7658691e+01
   5.0173000e+05   3.6987305e+01
   5.0175900e+05   6.2744141e+01
   5.0190100e+05   3.5888672e+01
   5.0191700e+05   5.1208496e+01
   5.0194400e+05   3.6926270e+01
   5.0206700e+05   4.0832520e+01
   5.0232600e+05   4.5349121e+01
   5.0234300e+05   4.5471191e+01
   5.5121500e+05   3.8137207e+03
   5.5135500e+05   4.9682617e+01
   5.5137200e+05   4.1687012e+01
   5.5140400e+05   4.5837402e+01
   5.5143300e+05   6.9396973e+01
   5.5159800e+05   5.1574707e+01
   5.5161600e+05   3.7353516e+01
   5.5173100e+05   3.8879395e+01
   5.5174400e+05   3.9184570e+01
   5.5176600e+05   4.4189453e+01
   5.5191100e+05   4.3029785e+01
   5.5195900e+05   3.6621094e+01
   6.0122700e+05   1.8153687e+03
   6.0136900e+05   3.7109375e+01
   6.0140200e+05   3.8330078e+01
   6.0141500e+05   4.2724609e+01
   6.0143200e+05   6.1218262e+01
   6.0144700e+05   4.4616699e+01
   6.0147100e+05   3.8696289e+01
   6.0151600e+05   3.8574219e+01
   6.0154300e+05   3.9367676e+01
   6.0155900e+05   8.0505371e+01
   6.0164500e+05   4.0832520e+01
   6.0165500e+05   8.0505371e+01
   6.0169900e+05   3.6560059e+01
   6.0173800e+05   3.8330078e+01
   6.0176700e+05   3.9550781e+01
   6.0177700e+05   6.0913086e+01
   6.0180500e+05   4.2907715e+01
   6.0183800e+05   4.1320801e+01
   6.0185200e+05   6.0791016e+01
   6.0189300e+05   4.8034668e+01
   6.0195200e+05   3.8391113e+01
   6.0197800e+05   4.5776367e+01
   6.0202100e+05   3.8391113e+01
   6.0205900e+05   3.8024902e+01
   6.0211900e+05   4.6813965e+01
   6.0217700e+05   3.6254883e+01
   6.0220500e+05   3.7841797e+01
   6.0228600e+05   3.5949707e+01
   6.0239200e+05   3.7475586e+01
   6.0240600e+05   4.1748047e+01
   6.0244500e+05   3.6804199e+01
   6.0250900e+05   3.7536621e+01
   6.0253500e+05   5.0720215e+01
   6.0263600e+05   4.8156738e+01
   6.0265200e+05   3.6071777e+01
   6.0267200e+05   3.6743164e+01
   6.0276800e+05   4.0527344e+01
   6.5124100e+05   1.8155518e+03
   6.5141400e+05   4.1320801e+01
   6.5142800e+05   3.6437988e+01
   6.5145100e+05   3.6865234e+01
   6.5146300e+05   8.7646484e+01
   6.5149000e+05   4.7729492e+01
   6.5150900e+05   4.1381836e+01
   6.5152000e+05   4.2053223e+01
   6.5160700e+05   5.0354004e+01
   6.5173000e+05   3.5949707e+01
   6.5174800e+05   4.3029785e+01
   6.5178700e+05   5.4809570e+01
   6.5198200e+05   4.5166016e+01
   7.0125500e+05   1.8224487e+03
   7.0141400e+05   4.8095703e+01
   7.0147700e+05   7.0983887e+01
   7.0149800e+05   5.3771973e+01
   7.0159300e+05   4.3518066e+01
   7.0161100e+05   4.1015625e+01
   7.0162300e+05   5.4077148e+01
   7.0167900e+05   3.9855957e+01
   7.0170200e+05   6.3598633e+01
   7.0172600e+05   4.5654297e+01
   7.0173600e+05   3.7963867e+01
   7.0175800e+05   3.9733887e+01
   7.0178500e+05   4.2602539e+01
   7.0183900e+05   4.0161133e+01
   7.0187300e+05   3.8818359e+01
   7.0190600e+05   4.3212891e+01
   7.0205800e+05   3.7658691e+01
   7.0213700e+05   3.6560059e+01
   7.0226700e+05   4.2236328e+01
   7.0241000e+05   3.6193848e+01
   7.3282000e+05   3.6437988e+01
   7.5127100e+05   3.8009033e+03
   7.5142100e+05   5.0598145e+01
   7.5145100e+05   3.9550781e+01
   7.5146900e+05   6.6284180e+01
   7.5148600e+05   4.0344238e+01
   7.5152100e+05   4.7302246e+01
   7.5155100e+05   4.4799805e+01
   7.5156300e+05   3.6621094e+01
   7.5158000e+05   6.9641113e+01
   7.5161500e+05   4.5715332e+01
   7.5164900e+05   4.7546387e+01
   7.5167200e+05   3.9916992e+01
   7.5170400e+05   3.5888672e+01
   7.5174600e+05   3.6499023e+01
   7.5184500e+05   4.6630859e+01
   7.5205100e+05   4.0771484e+01
   7.5208000e+05   3.6865234e+01
   7.5213600e+05   3.6926270e+01
   7.5216100e+05   4.5104980e+01
   7.5220900e+05   4.2175293e+01
   7.5242700e+05   4.4616699e+01
   7.5267000e+05   3.6437988e+01
   7.5268700e+05   4.5227051e+01
   7.5281400e+05   3.8146973e+01
   8.0128500e+05   3.8126221e+03
   8.0144300e+05   3.9062500e+01
   8.0146800e+05   4.0954590e+01
   8.0149500e+05   5.4443359e+01
   8.0151500e+05   3.7780762e+01
   8.0154000e+05   4.6630859e+01
   8.0164500e+05   7.0495605e+01
   8.0166600e+05   3.9062500e+01
   8.0170700e+05   4.3457031e+01
   8.0176900e+05   5.0842285e+01
   8.0181000e+05   5.6335449e+01
   8.0186000e+05   3.7475586e+01
   8.0191100e+05   3.8940430e+01
   8.0198900e+05   5.8654785e+01
   8.0202100e+05   4.9804688e+01
   8.0215000e+05   4.0832520e+01
   8.0216100e+05   5.3833008e+01
   8.0232300e+05   3.8146973e+01
   8.0239000e+05   4.5043945e+01
   8.0253500e+05   3.9001465e+01
   8.0292000e+05   4.2541504e+01
   8.3432900e+05   5.1025391e+01
   8.3440300e+05   3.9733887e+01
   8.3443000e+05   4.0222168e+01
   8.3445400e+05   4.1198730e+01
   8.3450900e+05   4.3945313e+01
   8.3459700e+05   4.0954590e+01
   8.3492300e+05   3.6071777e+01
   8.5129700e+05   1.8130493e+03
   8.5144600e+05   4.7973633e+01
   8.5149400e+05   4.4311523e+01
   8.5150700e+05   4.3151855e+01
   8.5154100e+05   4.2663574e+01
   8.5155300e+05   3.9184570e+01
   8.5164400e+05   4.7912598e+01
   8.5168400e+05   3.6804199e+01
   8.5183000e+05   5.6945801e+01
   8.5204400e+05   4.5837402e+01
   9.0131100e+05   1.7971802e+03
   9.0144200e+05   4.5166016e+01
   9.0145200e+05   4.8278809e+01
   9.0147500e+05   6.4392090e+01
   9.0150300e+05   4.8706055e+01
   9.0151400e+05   8.0566406e+01
   9.0152600e+05   3.9123535e+01
   9.0163400e+05   3.6315918e+01
   9.0165100e+05   3.9611816e+01
   9.0169600e+05   4.3518066e+01
   9.0179600e+05   4.3457031e+01
   9.0182300e+05   5.0476074e+01
   9.0186000e+05   4.4128418e+01
   9.0192400e+05   6.0974121e+01
   9.0194100e+05   4.2419434e+01
   9.0210900e+05   3.6987305e+01
   9.0229600e+05   3.6376953e+01
   9.0234500e+05   3.6193848e+01
   9.0256900e+05   3.5888672e+01
   9.0267700e+05   3.6987305e+01
   9.0274000e+05   3.8635254e+01
   9.0275000e+05   4.6508789e+01
   9.5132500e+05   1.7971802e+03
   9.5146800e+05   3.8452148e+01
   9.5151200e+05   5.0109863e+01
   9.5154300e+05   4.2297363e+01
   9.5156300e+05   4.7241211e+01
   9.5160700e+05   4.5349121e+01
   9.5183600e+05   3.7353516e+01
   9.5198500e+05   5.2856445e+01
   9.5201000e+05   3.6926270e+01
   9.5204600e+05   3.7353516e+01
   9.5280500e+05   3.5949707e+01
   1.0013390e+06   1.8042603e+03
   1.0014910e+06   6.9580078e+01
   1.0015190e+06   3.6743164e+01
   1.0015790e+06   6.7749023e+01
   1.0015990e+06   4.0527344e+01
   1.0032030e+06   4.2236328e+01
   1.0032270e+06   4.2785645e+01
   1.0032960e+06   3.6315918e+01
   1.0033480e+06   3.7048340e+01
   1.0033700e+06   3.9794922e+01
   1.0034250e+06   4.3273926e+01
   1.0034510e+06   3.8513184e+01
   1.0034800e+06   5.1452637e+01
   1.0034960e+06   4.6020508e+01
   1.0036740e+06   4.2053223e+01
   1.0036990e+06   4.1320801e+01
   1.0037570e+06   4.2236328e+01
   1.0037900e+06   3.7353516e+01
   1.0038090e+06   4.7241211e+01
   1.0038320e+06   3.8024902e+01
   1.0039040e+06   4.6997070e+01
   1.0039770e+06   3.8452148e+01
   1.0041480e+06   3.6560059e+01
   1.0042790e+06   5.6152344e+01
   1.0045470e+06   3.6193848e+01
   1.0513530e+06   1.8032227e+03
   1.0515060e+06   4.3212891e+01
   1.0515180e+06   4.7363281e+01
   1.0515490e+06   4.0954590e+01
   1.0515660e+06   3.6315918e+01
   1.0515890e+06   5.8166504e+01
   1.0527720e+06   4.4860840e+01
   1.0528600e+06   3.8085938e+01
   1.0529070e+06   6.4880371e+01
   1.0529170e+06   3.6682129e+01
   1.0529410e+06   3.9367676e+01
   1.0530530e+06   5.9265137e+01
   1.0531020e+06   5.3344727e+01
   1.0531210e+06   3.8269043e+01
   1.0531780e+06   3.7292480e+01
   1.0531990e+06   3.7048340e+01
   1.0532510e+06   4.6997070e+01
   1.0533580e+06   3.8269043e+01
   1.0533940e+06   4.2968750e+01
   1.0535250e+06   3.6804199e+01
   1.0536380e+06   6.5917969e+01
   1.1013690e+06   3.7919922e+03
   1.1015020e+06   4.2114258e+01
   1.1015140e+06   3.7719727e+01
   1.1015650e+06   5.2856445e+01
   1.1016510e+06   4.9682617e+01
   1.1513810e+06   1.8019409e+03
   1.1515260e+06   4.1931152e+01
   1.1515670e+06   4.6386719e+01
   1.1516770e+06   6.0607910e+01
   1.2013970e+06   3.7844238e+03
   1.2015560e+06   3.7353516e+01
   1.2015660e+06   3.6193848e+01
   1.2016320e+06   5.2551270e+01
   1.2017270e+06   5.1330566e+01
   1.2034960e+06   3.7292480e+01
   1.2460280e+06   3.6193848e+01
   1.2514110e+06   2.0106201e+03
   1.2515480e+06   4.3823242e+01
   1.2515760e+06   4.2541504e+01
   1.2515910e+06   3.7658691e+01
   1.2516280e+06   5.4870605e+01
   1.2516700e+06   5.8776855e+01
   1.3014250e+06   3.7846680e+03
   1.3015920e+06   4.2419434e+01
   1.3016670e+06   4.2968750e+01
   1.3016950e+06   4.7668457e+01
   1.3230940e+06   3.7902832e+01
   1.3514370e+06   1.7972412e+03
   1.3515400e+06   3.7963867e+01
   1.3516740e+06   3.8269043e+01
   1.3839850e+06   3.9489746e+01
   1.3840040e+06   3.7902832e+01
   1.3840180e+06   5.2978516e+01
   1.3841390e+06   3.5888672e+01
   1.3841550e+06   4.9621582e+01
   1.3842520e+06   4.2663574e+01
   1.3842930e+06   5.9082031e+01
   1.3843100e+06   4.7546387e+01
   1.3843420e+06   3.9489746e+01
   1.3843700e+06   4.0222168e+01
   1.3844670e+06   3.7841797e+01
   1.3845010e+06   4.1198730e+01
   1.3845130e+06   4.8950195e+01
   1.3846160e+06   3.7902832e+01
   1.3848370e+06   4.2602539e+01
   1.3849430e+06   4.0283203e+01
   1.3851250e+06   4.8156738e+01
   1.3852190e+06   3.5888672e+01
   1.3853140e+06   3.8208008e+01
   1.3853910e+06   3.8146973e+01
   1.3855320e+06   4.4006348e+01
   1.4014510e+06   1.7855225e+03
   1.4015900e+06   3.6682129e+01
   1.4016340e+06   4.5104980e+01
   1.4016680e+06   3.6193848e+01
   1.4514670e+06   3.7868042e+03
   1.4516050e+06   3.6132813e+01
   1.4516310e+06   5.1330566e+01
   1.4516440e+06   4.3273926e+01
   1.4516970e+06   6.1157227e+01
   1.4517140e+06   3.7658691e+01
   1.4517310e+06   4.1748047e+01
   1.4518790e+06   3.7170410e+01
   1.4519270e+06   6.3537598e+01
   1.4520260e+06   4.0893555e+01
   1.4521840e+06   6.3415527e+01
   1.4521960e+06   4.2724609e+01
   1.4522580e+06   5.0537109e+01
   1.4522990e+06   5.6457520e+01
   1.4523770e+06   5.1208496e+01
   1.4524020e+06   3.5888672e+01
   1.4524610e+06   4.9133301e+01
   1.4525000e+06   6.1950684e+01
   1.4525460e+06   3.8024902e+01
   1.4525970e+06   5.0903320e+01
   1.4526340e+06   4.3518066e+01
   1.4527250e+06   3.6743164e+01
   1.4527530e+06   4.4799805e+01
   1.4527640e+06   4.4311523e+01
   1.4527810e+06   3.6254883e+01
   1.4530620e+06   3.8330078e+01
   1.4532180e+06   3.6254883e+01
   1.4903850e+06   3.6499023e+01
   1.4904050e+06   3.6987305e+01
   1.4904250e+06   3.9794922e+01
   1.4904430e+06   3.7170410e+01
   1.4904810e+06   6.3415527e+01
   1.4905480e+06   3.9978027e+01
   1.4905670e+06   4.3640137e+01
   1.4905950e+06   7.4462891e+01
   1.4906250e+06   4.0588379e+01
   1.4906640e+06   4.2968750e+01
   1.4906840e+06   4.5654297e+01
   1.4907220e+06   4.4128418e+01
   1.4908060e+06   4.0039063e+01
   1.4908360e+06   3.8208008e+01
   1.4909060e+06   4.3823242e+01
   1.4909220e+06   3.7841797e+01
   1.4909770e+06   4.4189453e+01
   1.4909880e+06   3.5888672e+01
   1.4910180e+06   3.6315918e+01
   1.4910400e+06   4.2114258e+01
   1.4911540e+06   5.5541992e+01
   1.4911690e+06   3.9978027e+01
   1.4912890e+06   4.7302246e+01
   1.4913860e+06   3.8024902e+01
   1.4916380e+06   3.7780762e+01
   1.4917780e+06   3.8208008e+01
   1.5014790e+06   1.7979736e+03
   1.5016400e+06   3.5888672e+01
   1.5017660e+06   5.2490234e+01
   1.5136830e+06   4.0039063e+01
   1.5137120e+06   4.0710449e+01
   1.5137250e+06   3.8879395e+01
   1.5137620e+06   5.1635742e+01
   1.5138120e+06   4.3701172e+01
   1.5138230e+06   3.6376953e+01
   1.5138380e+06   3.7597656e+01
   1.5138730e+06   3.7292480e+01
   1.5138920e+06   4.2724609e+01
   1.5139180e+06   4.6569824e+01
   1.5139500e+06   4.0771484e+01
   1.5139640e+06   4.1442871e+01
   1.5139750e+06   4.0710449e+01
   1.5140190e+06   3.8635254e+01
   1.5140560e+06   4.1198730e+01
   1.5141000e+06   4.8950195e+01
   1.5141140e+06   5.2978516e+01
   1.5141240e+06   4.2419434e+01
   1.5143010e+06   3.6254883e+01
   1.5144590e+06   3.7292480e+01
   1.5145030e+06   4.6630859e+01
   1.5145210e+06   3.7841797e+01
   1.5146440e+06   3.8024902e+01
   1.5445860e+06   4.2358398e+01
   1.5446120e+06   3.6193848e+01
   1.5447170e+06   4.2907715e+01
   1.5447540e+06   6.5734863e+01
   1.5448190e+06   4.3884277e+01
   1.5448780e+06   4.2724609e+01
   1.5448920e+06   4.7180176e+01
   1.5449520e+06   4.2480469e+01
   1.5449620e+06   5.7800293e+01
   1.5450070e+06   3.7231445e+01
   1.5450800e+06   4.8278809e+01
   1.5451180e+06   3.9855957e+01
   1.5451940e+06   3.6315918e+01
   1.5452600e+06   3.6743164e+01
   1.5453650e+06   3.6132813e+01
   1.5453910e+06   3.6621094e+01
   1.5454080e+06   3.9978027e+01
   1.5455140e+06   3.8574219e+01
   1.5514950e+06   3.7913208e+03
   1.5623630e+06   4.9255371e+01
   1.5625060e+06   5.5786133e+01
   1.5625840e+06   3.6804199e+01
   1.5625980e+06   3.9306641e+01
   1.5626080e+06   4.1870117e+01
   1.5626460e+06   5.4565430e+01
   1.5627170e+06   3.7719727e+01
   1.5627430e+06   4.4372559e+01
   1.5627970e+06   6.7382813e+01
   1.5819850e+06   4.2663574e+01
   1.5819950e+06   3.6132813e+01
   1.5820240e+06   4.2785645e+01
   1.5820470e+06   7.5317383e+01
   1.5820630e+06   5.6762695e+01
   1.5820880e+06   3.8269043e+01
   1.5821220e+06   5.5053711e+01
   1.5821370e+06   3.8085938e+01
   1.5821660e+06   5.1269531e+01
   1.5822310e+06   4.2053223e+01
   1.5822510e+06   4.1442871e+01
   1.5823130e+06   4.1870117e+01
   1.5823280e+06   4.1076660e+01
   1.5823440e+06   4.6203613e+01
   1.5823950e+06   3.8635254e+01
   1.5824070e+06   4.1381836e+01
   1.5824390e+06   4.0222168e+01
   1.5824870e+06   4.0466309e+01
   1.5825300e+06   3.9550781e+01
   1.5825960e+06   4.0466309e+01
   1.5827780e+06   4.2480469e+01
   1.5828160e+06   3.6193848e+01
   1.5834280e+06   3.6743164e+01
   1.5846070e+06   3.8208008e+01
   1.6015090e+06   3.7839966e+03
   1.6016910e+06   4.4738770e+01
   1.6173870e+06   3.7841797e+01
   1.6175370e+06   5.0170898e+01
   1.6175540e+06   3.7170410e+01
   1.6515210e+06   1.7854614e+03
   1.6517360e+06   6.6284180e+01
   1.6517580e+06   4.1625977e+01
   1.6518230e+06   5.6884766e+01
   1.6519110e+06   5.4077148e+01
   1.6519260e+06   3.8269043e+01
   1.6519590e+06   3.7170410e+01
   1.6520770e+06   4.5654297e+01
   1.6522910e+06   5.2612305e+01
   1.6617220e+06   4.1748047e+01
   1.6621840e+06   3.6193848e+01
   1.6621940e+06   3.5949707e+01
   1.6716730e+06   3.7719727e+01
   1.6720520e+06   4.5654297e+01
   1.6720630e+06   5.8410645e+01
   1.6833660e+06   3.7719727e+01
   1.6834250e+06   6.2194824e+01
   1.6945640e+06   4.5043945e+01
   1.7015370e+06   3.7827148e+03
   1.7017400e+06   3.7109375e+01
   1.7141630e+06   3.6132813e+01
   1.7142830e+06   6.0363770e+01
   1.7143680e+06   3.9489746e+01
   1.7143780e+06   5.6823730e+01
   1.7144060e+06   4.8889160e+01
   1.7144620e+06   7.1166992e+01
   1.7145070e+06   3.8330078e+01
   1.7145210e+06   3.5949707e+01
   1.7145530e+06   3.6193848e+01
   1.7145890e+06   5.6823730e+01
   1.7146040e+06   3.9062500e+01
   1.7146320e+06   4.0710449e+01
   1.7146490e+06   3.8208008e+01
   1.7146890e+06   4.0649414e+01
   1.7148430e+06   4.1137695e+01
   1.7149140e+06   4.0710449e+01
   1.7149250e+06   5.1574707e+01
   1.7150270e+06   3.7963867e+01
   1.7150660e+06   3.6682129e+01
   1.7152410e+06   3.9672852e+01
   1.7312050e+06   3.7170410e+01
   1.7335290e+06   5.8593750e+01
   1.7335680e+06   6.7199707e+01
   1.7336230e+06   4.3823242e+01
   1.7437890e+06   5.0842285e+01
   1.7438680e+06   4.0222168e+01
   1.7438790e+06   6.2988281e+01
   1.7439640e+06   4.6264648e+01
   1.7440160e+06   4.6386719e+01
   1.7440350e+06   3.7902832e+01
   1.7440510e+06   5.4138184e+01
   1.7440850e+06   5.5175781e+01
   1.7441470e+06   6.7199707e+01
   1.7441940e+06   3.7231445e+01
   1.7442410e+06   4.6020508e+01
   1.7442520e+06   6.7260742e+01
   1.7442800e+06   3.9306641e+01
   1.7443420e+06   3.5949707e+01
   1.7444210e+06   3.6132813e+01
   1.7446360e+06   4.5898438e+01
   1.7446720e+06   4.5227051e+01
   1.7515490e+06   1.7975464e+03
   1.7592350e+06   8.6975098e+01
   1.7721380e+06   3.8024902e+01
   1.7722310e+06   3.9978027e+01
   1.7722730e+06   4.2602539e+01
   1.7723190e+06   3.8085938e+01
   1.7723530e+06   7.0678711e+01
   1.7724040e+06   7.3364258e+01
   1.7724220e+06   4.5104980e+01
   1.7724470e+06   4.4616699e+01
   1.7724680e+06   3.7658691e+01
   1.7724850e+06   3.6376953e+01
   1.7725190e+06   3.7719727e+01
   1.7725800e+06   3.7475586e+01
   1.7726090e+06   4.7180176e+01
   1.7726270e+06   4.0893555e+01
   1.7726500e+06   4.8339844e+01
   1.7726850e+06   4.5959473e+01
   1.7728150e+06   4.1992188e+01
   1.7728470e+06   3.6010742e+01
   1.7729400e+06   4.0954590e+01
   1.7889180e+06   4.6752930e+01
   1.7901260e+06   4.5654297e+01
   1.7901640e+06   4.3823242e+01
   1.7901840e+06   3.8146973e+01
   1.7901980e+06   6.8420410e+01
   1.7902230e+06   3.9794922e+01
   1.7903080e+06   4.9682617e+01
   1.7903310e+06   6.0791016e+01
   1.7904090e+06   3.7536621e+01
   1.7904810e+06   3.6376953e+01
   1.7905850e+06   3.6926270e+01
   1.7906560e+06   5.0842285e+01
   1.7907440e+06   3.6499023e+01
   1.7909950e+06   3.7109375e+01
   1.8015630e+06   1.7971802e+03
   1.8017450e+06   3.5949707e+01
   1.8017890e+06   3.9550781e+01
   1.8018080e+06   6.5185547e+01
   1.8018220e+06   4.4921875e+01
   1.8025390e+06   6.4453125e+01
   1.8025770e+06   4.3579102e+01
   1.8026190e+06   3.9428711e+01
   1.8026600e+06   3.8879395e+01
   1.8026730e+06   3.7231445e+01
   1.8027900e+06   4.9743652e+01
   1.8028170e+06   4.4860840e+01
   1.8028480e+06   4.9560547e+01
   1.8029600e+06   3.6743164e+01
   1.8029890e+06   4.0344238e+01
   1.8031090e+06   3.8879395e+01
   1.8202670e+06   3.6193848e+01
   1.8203370e+06   4.6081543e+01
   1.8205020e+06   4.3640137e+01
   1.8205640e+06   4.8583984e+01
   1.8342780e+06   3.7475586e+01
   1.8343270e+06   4.1320801e+01
   1.8343390e+06   5.4321289e+01
   1.8343540e+06   6.0119629e+01
   1.8343910e+06   4.5166016e+01
   1.8344050e+06   3.9794922e+01
   1.8344430e+06   5.6518555e+01
   1.8344690e+06   4.1015625e+01
   1.8344800e+06   3.8757324e+01
   1.8345110e+06   5.7373047e+01
   1.8345540e+06   3.6315918e+01
   1.8345690e+06   5.7128906e+01
   1.8346810e+06   3.8391113e+01
   1.8346960e+06   3.8269043e+01
   1.8347310e+06   3.6010742e+01
   1.8347410e+06   4.4921875e+01
   1.8347730e+06   4.4738770e+01
   1.8348150e+06   3.8757324e+01
   1.8348260e+06   5.5175781e+01
   1.8348630e+06   3.7780762e+01
   1.8348920e+06   3.7658691e+01
   1.8349450e+06   3.6499023e+01
   1.8350460e+06   3.6987305e+01
   1.8351570e+06   3.9306641e+01
   1.8352910e+06   3.7048340e+01
   1.8357980e+06   3.9855957e+01
   1.8360320e+06   3.6437988e+01
   1.8515790e+06   3.7825317e+03
   1.8517150e+06   4.0466309e+01
   1.8517640e+06   3.7414551e+01
   1.8517870e+06   6.5795898e+01
   1.8518620e+06   3.8940430e+01
   1.8518750e+06   3.7536621e+01
   1.8518990e+06   4.4189453e+01
   1.8519570e+06   6.5551758e+01
   1.8643320e+06   6.2988281e+01
   1.8643510e+06   4.0405273e+01
   1.8644270e+06   3.8757324e+01
   1.8644850e+06   4.2419434e+01
   1.8644990e+06   3.7536621e+01
   1.8645270e+06   3.6865234e+01
   1.8787570e+06   3.6621094e+01
   1.8787670e+06   3.7414551e+01
   1.8788080e+06   4.2053223e+01
   1.8788440e+06   6.0729980e+01
   1.8788540e+06   4.1198730e+01
   1.8788670e+06   4.6203613e+01
   1.8789110e+06   4.5471191e+01
   1.8789250e+06   3.6132813e+01
   1.8789970e+06   5.7861328e+01
   1.8790870e+06   3.6010742e+01
   1.8791040e+06   4.1320801e+01
   1.8791650e+06   4.2419434e+01
   1.8947680e+06   3.9916992e+01
   1.8948050e+06   4.0954590e+01
   1.8948200e+06   3.5949707e+01
   1.8948470e+06   5.5603027e+01
   1.8948680e+06   4.0222168e+01
   1.8948860e+06   3.6010742e+01
   1.8949110e+06   3.6132813e+01
   1.8949480e+06   3.7292480e+01
   1.8950240e+06   3.8879395e+01
   1.8950370e+06   4.0771484e+01
   1.8950750e+06   3.7414551e+01
   1.8951020e+06   3.8024902e+01
   1.8951950e+06   3.8024902e+01
   1.8952190e+06   3.6865234e+01
   1.8952510e+06   3.6682129e+01
   1.8952730e+06   3.7231445e+01
   1.8952980e+06   4.8461914e+01
   1.9015930e+06   2.0073242e+03
   1.9113240e+06   4.1320801e+01
   1.9113490e+06   4.4128418e+01
   1.9113730e+06   4.9621582e+01
   1.9114110e+06   6.3659668e+01
   1.9114250e+06   5.3100586e+01
   1.9114540e+06   4.4982910e+01
   1.9115030e+06   4.0710449e+01
   1.9115300e+06   6.2438965e+01
   1.9115410e+06   3.6987305e+01
   1.9115710e+06   4.3823242e+01
   1.9115840e+06   4.1625977e+01
   1.9116300e+06   5.1574707e+01
   1.9116540e+06   3.8879395e+01
   1.9117580e+06   4.2785645e+01
   1.9118260e+06   3.6437988e+01
   1.9118560e+06   3.8146973e+01
   1.9118870e+06   3.6743164e+01
   1.9119120e+06   3.8513184e+01
   1.9289450e+06   3.7170410e+01
   1.9290100e+06   3.8513184e+01
   1.9290420e+06   5.2612305e+01
   1.9290660e+06   4.2724609e+01
   1.9290780e+06   5.9997559e+01
   1.9291010e+06   4.3334961e+01
   1.9291270e+06   3.6376953e+01
   1.9291750e+06   5.2062988e+01
   1.9291900e+06   5.0781250e+01
   1.9292530e+06   3.6376953e+01
   1.9292900e+06   4.7485352e+01
   1.9293070e+06   4.3762207e+01
   1.9293570e+06   3.5888672e+01
   1.9293990e+06   3.7353516e+01
   1.9294400e+06   3.5888672e+01
   1.9294830e+06   4.9438477e+01
   1.9295900e+06   3.6926270e+01
   1.9296410e+06   4.1198730e+01
   1.9462640e+06   4.4982910e+01
   1.9462750e+06   4.0649414e+01
   1.9463220e+06   3.7170410e+01
   1.9463610e+06   7.4707031e+01
   1.9463740e+06   5.6396484e+01
   1.9464020e+06   3.6071777e+01
   1.9464280e+06   4.9011230e+01
   1.9464550e+06   4.3395996e+01
   1.9464740e+06   6.2927246e+01
   1.9465780e+06   4.2663574e+01
   1.9465990e+06   5.4626465e+01
   1.9466210e+06   3.8757324e+01
   1.9466780e+06   5.0292969e+01
   1.9467270e+06   4.1442871e+01
   1.9516070e+06   3.7894287e+03
   1.9649210e+06   3.7292480e+01
   1.9649750e+06   5.4748535e+01
   1.9649940e+06   6.1889648e+01
   1.9650150e+06   6.8786621e+01
   1.9650380e+06   3.9916992e+01
   1.9650980e+06   4.2785645e+01
   1.9651380e+06   6.6345215e+01
   1.9651690e+06   4.6264648e+01
   1.9652080e+06   3.7536621e+01
   1.9652250e+06   4.1748047e+01
   1.9652620e+06   3.7292480e+01
   1.9652810e+06   3.7109375e+01
   1.9652990e+06   3.7902832e+01
   1.9653790e+06   4.4494629e+01
   1.9654160e+06   4.0344238e+01
   1.9655260e+06   3.8696289e+01
   1.9655770e+06   3.7231445e+01
   1.9815890e+06   3.7414551e+01
   1.9816110e+06   4.1259766e+01
   1.9816360e+06   6.7321777e+01
   1.9816520e+06   3.6682129e+01
   1.9816760e+06   5.6762695e+01
   1.9817070e+06   3.6315918e+01
   1.9817550e+06   3.9794922e+01
   1.9817980e+06   4.0100098e+01
   1.9818490e+06   4.3090820e+01
   1.9818940e+06   3.6987305e+01
   1.9819380e+06   3.6499023e+01
   1.9820970e+06   4.1503906e+01
   1.9981980e+06   4.1809082e+01
   1.9982100e+06   4.7607422e+01
   1.9982310e+06   4.2114258e+01
   1.9983570e+06   4.3090820e+01
   1.9984160e+06   4.2358398e+01
   1.9984430e+06   3.9001465e+01
   1.9989070e+06   3.7597656e+01
   2.0016210e+06   3.7846069e+03
   2.0155060e+06   4.2785645e+01
   2.0155390e+06   4.0039063e+01
   2.0155650e+06   5.4687500e+01
   2.0156830e+06   5.8593750e+01
   2.0157080e+06   4.6813965e+01
   2.0157520e+06   4.0771484e+01
   2.0159060e+06   4.4921875e+01
   2.0325850e+06   3.8024902e+01
   2.0326890e+06   4.1687012e+01
   2.0327190e+06   3.8574219e+01
   2.0327380e+06   6.4270020e+01
   2.0327550e+06   5.1025391e+01
   2.0327750e+06   3.8452148e+01
   2.0328660e+06   3.8208008e+01
   2.0328810e+06   5.7922363e+01
   2.0330630e+06   4.9255371e+01
   2.0491750e+06   3.8208008e+01
   2.0492140e+06   4.0344238e+01
   2.0492250e+06   3.9123535e+01
   2.0492900e+06   5.2490234e+01
   2.0493010e+06   3.9794922e+01
   2.0493320e+06   4.4189453e+01
   2.0495180e+06   4.3334961e+01
   2.0516330e+06   1.7979126e+03
   2.1016470e+06   1.7885742e+03
   2.1018440e+06   3.8391113e+01
   2.1018880e+06   4.7668457e+01
   2.1019070e+06   5.8593750e+01
   2.1516610e+06   1.7855225e+03
   2.2016750e+06   1.7932129e+03
   2.2516890e+06   1.7920532e+03
   2.2518780e+06   4.0954590e+01
   2.2519300e+06   3.6315918e+01
   2.2805770e+06   5.5358887e+01
   2.2806870e+06   3.6743164e+01
   2.2807000e+06   6.4575195e+01
   2.2807320e+06   4.4799805e+01
   2.2808810e+06   4.8583984e+01
   2.3017030e+06   1.7915649e+03
   2.3084650e+06   3.6010742e+01
   2.3517170e+06   1.7913818e+03
   2.3519030e+06   3.6071777e+01
   2.3519370e+06   3.8146973e+01
   2.4017310e+06   1.7824097e+03
   2.4243990e+06   3.7597656e+01
   2.4244160e+06   4.8828125e+01
   2.4244560e+06   5.8349609e+01
   2.4244740e+06   4.8034668e+01
   2.4245330e+06   3.8513184e+01
   2.4245450e+06   3.9794922e+01
   2.4246320e+06   6.5124512e+01
   2.4246610e+06   3.9489746e+01
   2.4247580e+06   4.8950195e+01
   2.4248860e+06   5.8776855e+01
   2.4269060e+06   3.6193848e+01
   2.4269520e+06   4.4189453e+01
   2.4269810e+06   3.9978027e+01
   2.4269910e+06   3.7658691e+01
   2.4270460e+06   7.7392578e+01
   2.4270590e+06   3.8574219e+01
   2.4270930e+06   5.1452637e+01
   2.4271210e+06   5.0109863e+01
   2.4271930e+06   5.1208496e+01
   2.4272200e+06   4.5043945e+01
   2.4272450e+06   3.9672852e+01
   2.4272880e+06   3.7597656e+01
   2.4273210e+06   4.0039063e+01
   2.4275400e+06   5.2246094e+01
   2.4276510e+06   4.5715332e+01
   2.4277620e+06   3.6376953e+01
   2.4280130e+06   3.9062500e+01
   2.4284660e+06   3.7170410e+01
   2.4284760e+06   3.9916992e+01
   2.4517450e+06   1.7864990e+03
   2.4519240e+06   3.7170410e+01
   2.4519420e+06   4.0466309e+01
   2.4519590e+06   4.7546387e+01
   2.4520520e+06   5.8288574e+01
   2.4520630e+06   4.6630859e+01
   2.5232280e+06   3.9001465e+01
   2.5232550e+06   3.9123535e+01
   2.5232920e+06   5.0537109e+01
   2.5233080e+06   4.2419434e+01
   2.5233390e+06   3.9672852e+01
   2.5234860e+06   5.2001953e+01
   2.5235050e+06   6.0363770e+01
   2.5236540e+06   4.5471191e+01
   2.5237530e+06   4.5898438e+01
   2.5237730e+06   4.3395996e+01
   2.5237980e+06   5.1574707e+01
   2.5238570e+06   4.2602539e+01
   2.5238900e+06   4.2175293e+01
   2.5239090e+06   4.3579102e+01
   2.5239390e+06   3.9733887e+01
   2.5240150e+06   4.2358398e+01
   2.5241330e+06   4.0222168e+01
   2.5241500e+06   5.1818848e+01
   2.5241930e+06   4.2968750e+01
   2.5242530e+06   3.7292480e+01
   2.5243490e+06   3.9123535e+01
   2.5244860e+06   3.9062500e+01
   2.5245390e+06   3.6010742e+01
   2.5245660e+06   3.6499023e+01
   2.5246030e+06   4.1992188e+01
   2.5247300e+06   3.6071777e+01
   2.5249930e+06   3.9794922e+01
   2.5724200e+06   4.2602539e+01
   2.5725520e+06   5.5725098e+01
   2.5732100e+06   3.6071777e+01
   2.5734690e+06   3.9428711e+01
   2.5735030e+06   4.1809082e+01
   2.5735700e+06   5.6518555e+01
   2.5738310e+06   4.0161133e+01
   2.5738550e+06   5.6396484e+01
   2.5738810e+06   7.3730469e+01
   2.5739190e+06   3.8879395e+01
   2.5739310e+06   3.7780762e+01
   2.5740310e+06   3.9245605e+01
   2.5740500e+06   3.9855957e+01
   2.5741400e+06   3.7597656e+01
   2.5741710e+06   3.9672852e+01
   2.5742600e+06   3.8208008e+01
   2.5742720e+06   3.8330078e+01
   2.5742850e+06   4.8522949e+01
   2.5742960e+06   4.9804688e+01
   2.5745150e+06   3.8085938e+01
   2.6597970e+06   4.0466309e+01
   2.6598480e+06   5.5358887e+01
   2.6598750e+06   3.6437988e+01
   2.6599950e+06   4.5166016e+01
   2.6600420e+06   5.2795410e+01
   2.6601720e+06   5.4870605e+01
   2.6602270e+06   4.4738770e+01
   2.6604750e+06   5.4321289e+01
   2.6661490e+06   3.8330078e+01
   2.7795690e+06   5.2856445e+01
   2.7795900e+06   3.9916992e+01
   2.7796090e+06   6.2255859e+01
   2.7796300e+06   3.6682129e+01
   2.7797510e+06   4.7119141e+01
   2.7797700e+06   3.7658691e+01
   2.7798800e+06   6.2133789e+01
   2.7799030e+06   4.7546387e+01
   2.7799540e+06   3.8635254e+01
   2.7799820e+06   4.8400879e+01
   2.7800080e+06   3.8269043e+01
   2.7800870e+06   5.3833008e+01
   2.7801380e+06   3.6743164e+01
   2.7802700e+06   4.0344238e+01
   2.7803830e+06   4.2968750e+01
   2.7805070e+06   3.7109375e+01
   2.7806480e+06   4.1931152e+01
   2.7806950e+06   3.8391113e+01
   2.7811600e+06   3.6376953e+01
   2.7904470e+06   3.8696289e+01
   2.8527470e+06   3.9184570e+01
   2.8527660e+06   7.4462891e+01
   2.8527900e+06   3.7353516e+01
   2.8528130e+06   4.3640137e+01
   2.8529190e+06   4.5410156e+01
   2.8529450e+06   5.7617188e+01
   2.8530290e+06   3.6926270e+01
   2.8531380e+06   5.0170898e+01
   2.8532820e+06   4.4555664e+01
   2.8533790e+06   5.5725098e+01
   2.8533990e+06   3.7963867e+01
   2.8535080e+06   3.6437988e+01
   2.8535380e+06   5.7678223e+01
   2.8536430e+06   4.4250488e+01
   2.8536680e+06   4.3884277e+01
   2.8537380e+06   5.3039551e+01
   2.8540340e+06   4.0344238e+01
   2.9065060e+06   4.0588379e+01
   2.9066430e+06   4.6447754e+01
   2.9068750e+06   4.9133301e+01
   2.9070240e+06   5.3222656e+01
   2.9070780e+06   4.4067383e+01
   2.9071450e+06   3.6682129e+01
   2.9071680e+06   5.6152344e+01
   2.9071850e+06   5.3649902e+01
   2.9072280e+06   3.7231445e+01
   2.9072530e+06   4.6081543e+01
   2.9072800e+06   3.9062500e+01
   2.9073010e+06   6.5124512e+01
   2.9073150e+06   3.8024902e+01
   2.9073450e+06   4.5898438e+01
   2.9073590e+06   5.4260254e+01
   2.9073770e+06   3.6865234e+01
   2.9073930e+06   4.9316406e+01
   2.9074160e+06   4.4616699e+01
   2.9074500e+06   4.0832520e+01
   2.9075100e+06   4.0222168e+01
   2.9075440e+06   4.8950195e+01
   2.9075850e+06   4.7058105e+01
   2.9076470e+06   3.8635254e+01
   2.9078520e+06   3.8574219e+01
   2.9078710e+06   3.9123535e+01
   2.9079100e+06   4.2846680e+01
   2.9081720e+06   4.5837402e+01
   2.9082620e+06   3.8146973e+01
   2.9083650e+06   4.3762207e+01
   2.9084420e+06   3.9184570e+01
   2.9472630e+06   3.8452148e+01
   2.9472940e+06   4.5410156e+01
   2.9473430e+06   4.9865723e+01
   2.9474780e+06   3.8879395e+01
   2.9476000e+06   4.9255371e+01
   2.9754050e+06   3.7719727e+01
   2.9754970e+06   3.8574219e+01
   2.9755310e+06   4.7180176e+01
   2.9755730e+06   6.6284180e+01
   2.9756410e+06   4.3273926e+01
   2.9757110e+06   3.9733887e+01
   2.9757420e+06   3.8940430e+01
   2.9759220e+06   5.6152344e+01
   2.9761700e+06   3.9123535e+01
   2.9762630e+06   4.8889160e+01
   2.9770400e+06   3.6560059e+01
   2.9973710e+06   3.6132813e+01
   2.9974720e+06   5.0720215e+01
   2.9974880e+06   4.2480469e+01
   2.9975200e+06   6.7321777e+01
   2.9975740e+06   4.7607422e+01
   2.9976150e+06   4.1259766e+01
   2.9976250e+06   3.6193848e+01
   2.9977450e+06   4.0893555e+01
   2.9980740e+06   3.6071777e+01
