   2.9990000e+06   0.0000000e+00
   1.0610000e+03   3.8606567e+03
   1.0870000e+03   3.0761719e+01
   1.1360000e+03   3.8513184e+01
   1.1710000e+03   5.7189941e+01
   1.2090000e+03   3.3386230e+01
   1.2620000e+03   3.5400391e+01
   1.3630000e+03   3.7841797e+01
   1.9334000e+04   3.3203125e+01
   1.9544000e+04   3.2104492e+01
   1.9572000e+04   3.8818359e+01
   1.9597000e+04   5.4382324e+01
   1.9616000e+04   3.2287598e+01
   1.9630000e+04   3.2287598e+01
   1.9654000e+04   4.8645020e+01
   1.9674000e+04   4.3945313e+01
   1.9705000e+04   3.9123535e+01
   1.9741000e+04   3.5400391e+01
   1.9769000e+04   3.1860352e+01
   1.9787000e+04   5.8471680e+01
   1.9809000e+04   3.8513184e+01
   1.9834000e+04   3.1616211e+01
   1.9850000e+04   5.3466797e+01
   1.9877000e+04   4.4494629e+01
   1.9918000e+04   7.0861816e+01
   1.9944000e+04   3.2165527e+01
   1.9989000e+04   3.3325195e+01
   2.0017000e+04   3.7048340e+01
   2.0045000e+04   3.5095215e+01
   2.0088000e+04   3.9733887e+01
   2.0111000e+04   3.5583496e+01
   2.0128000e+04   3.9672852e+01
   2.0169000e+04   3.5095215e+01
   2.0185000e+04   3.1005859e+01
   2.0214000e+04   3.6132813e+01
   2.0227000e+04   4.3640137e+01
   2.0257000e+04   4.3701172e+01
   2.0363000e+04   3.9672852e+01
   2.0378000e+04   3.5217285e+01
   2.0495000e+04   3.2531738e+01
   4.2548000e+04   3.4057617e+01
   4.2576000e+04   3.1311035e+01
   4.2589000e+04   3.9428711e+01
   4.2603000e+04   3.1799316e+01
   4.2633000e+04   5.5480957e+01
   4.2649000e+04   4.1503906e+01
   4.2667000e+04   4.0649414e+01
   4.2682000e+04   4.0466309e+01
   4.2721000e+04   4.6203613e+01
   4.2741000e+04   4.2907715e+01
   4.2771000e+04   3.3935547e+01
   4.2790000e+04   3.6926270e+01
   4.2806000e+04   5.0720215e+01
   4.2836000e+04   3.3752441e+01
   4.2851000e+04   3.1005859e+01
   4.2871000e+04   3.2714844e+01
   4.2882000e+04   3.3996582e+01
   4.2917000e+04   4.9926758e+01
   4.2934000e+04   4.7241211e+01
   4.2952000e+04   5.4809570e+01
   4.2978000e+04   3.2836914e+01
   4.3008000e+04   3.1250000e+01
   4.3053000e+04   3.2714844e+01
   4.3090000e+04   3.1494141e+01
   4.3108000e+04   3.5705566e+01
   4.3131000e+04   3.4057617e+01
   4.3234000e+04   3.4179688e+01
   5.1073000e+04   1.8835449e+03
   5.1102000e+04   4.1137695e+01
   5.1134000e+04   3.2165527e+01
   5.1187000e+04   3.9001465e+01
   5.1218000e+04   3.1250000e+01
   5.1311000e+04   3.2348633e+01
   6.2123000e+04   3.3813477e+01
   6.2145000e+04   4.8706055e+01
   6.2167000e+04   3.0456543e+01
   6.2199000e+04   3.3874512e+01
   6.2235000e+04   3.8635254e+01
   6.2249000e+04   5.7373047e+01
   6.2266000e+04   3.4362793e+01
   6.2285000e+04   5.1879883e+01
   6.2300000e+04   3.6132813e+01
   6.2319000e+04   4.5959473e+01
   6.2336000e+04   3.9184570e+01
   6.2353000e+04   3.3325195e+01
   6.2380000e+04   3.4301758e+01
   6.2391000e+04   3.0822754e+01
   6.2424000e+04   4.5288086e+01
   6.2435000e+04   4.4555664e+01
   6.2465000e+04   4.1564941e+01
   6.2476000e+04   3.3386230e+01
   6.2550000e+04   3.5705566e+01
   6.2575000e+04   5.0598145e+01
   6.2625000e+04   3.2958984e+01
   6.2684000e+04   4.9438477e+01
   6.2830000e+04   3.1494141e+01
   6.2975000e+04   3.2226563e+01
   6.3096000e+04   3.9428711e+01
   8.3178000e+04   3.4790039e+01
   8.3199000e+04   3.3081055e+01
   8.3234000e+04   5.9143066e+01
   8.3251000e+04   3.5644531e+01
   8.3288000e+04   5.9509277e+01
   8.3301000e+04   4.3395996e+01
   8.3314000e+04   6.3415527e+01
   8.3343000e+04   4.1259766e+01
   8.3376000e+04   3.3020020e+01
   8.3398000e+04   3.5339355e+01
   8.3417000e+04   5.5847168e+01
   8.3443000e+04   3.5827637e+01
   8.3466000e+04   3.4729004e+01
   8.3490000e+04   3.1127930e+01
   8.3512000e+04   4.0161133e+01
   8.3530000e+04   5.0476074e+01
   8.3544000e+04   3.4545898e+01
   8.3577000e+04   3.1311035e+01
   8.3638000e+04   4.1809082e+01
   8.3675000e+04   3.3142090e+01
   8.3699000e+04   3.5217285e+01
   1.0108700e+05   1.8781128e+03
   1.0111400e+05   4.7119141e+01
   1.0119600e+05   3.2897949e+01
   1.0120700e+05   4.3273926e+01
   1.0124500e+05   3.8391113e+01
   1.0127300e+05   3.3935547e+01
   1.0128800e+05   5.3649902e+01
   1.0131800e+05   3.5949707e+01
   1.0137500e+05   3.6315918e+01
   1.0141100e+05   3.0517578e+01
   1.0147500e+05   3.5705566e+01
   1.0150100e+05   4.8400879e+01
   1.0162500e+05   3.0456543e+01
   1.0163600e+05   4.2602539e+01
   1.0166700e+05   3.4484863e+01
   1.0176300e+05   3.2409668e+01
   1.0178900e+05   5.6274414e+01
   1.1882500e+05   3.6499023e+01
   1.1887800e+05   5.1635742e+01
   1.1891100e+05   4.0039063e+01
   1.1893000e+05   3.4057617e+01
   1.1895500e+05   3.5888672e+01
   1.1898000e+05   3.5339355e+01
   1.1900900e+05   3.3386230e+01
   1.1903200e+05   5.7617188e+01
   1.1904600e+05   3.8513184e+01
   1.1907000e+05   4.9316406e+01
   1.1917400e+05   3.3020020e+01
   1.3616100e+05   4.8828125e+01
   1.3617600e+05   3.3996582e+01
   1.3619100e+05   7.2631836e+01
   1.3621000e+05   3.2226563e+01
   1.3623400e+05   3.9672852e+01
   1.3626300e+05   3.3142090e+01
   1.3628500e+05   4.7668457e+01
   1.3629700e+05   3.8879395e+01
   1.3630800e+05   7.0800781e+01
   1.3633000e+05   4.0161133e+01
   1.3635000e+05   3.8269043e+01
   1.3636100e+05   4.3884277e+01
   1.3639900e+05   3.4057617e+01
   1.3643000e+05   4.1625977e+01
   1.3644400e+05   3.7902832e+01
   1.3646200e+05   3.5705566e+01
   1.3647700e+05   3.3813477e+01
   1.3650700e+05   5.4443359e+01
   1.3661300e+05   3.5644531e+01
   1.3672600e+05   3.3325195e+01
   1.3677500e+05   3.2897949e+01
   1.5110100e+05   1.8790283e+03
   1.5112900e+05   3.6987305e+01
   1.5116200e+05   4.6936035e+01
   1.5122300e+05   5.2185059e+01
   1.5124600e+05   3.3874512e+01
   1.5127500e+05   3.2714844e+01
   1.5128600e+05   3.3020020e+01
   1.5133700e+05   3.4362793e+01
   1.5136100e+05   4.1015625e+01
   1.5137800e+05   3.0944824e+01
   1.5138900e+05   3.7658691e+01
   1.5141600e+05   3.3691406e+01
   1.5145800e+05   3.3142090e+01
   1.5147200e+05   3.5766602e+01
   1.5153400e+05   3.5522461e+01
   1.5156000e+05   4.6386719e+01
   1.5183100e+05   3.1188965e+01
   1.8023400e+05   4.3701172e+01
   1.8025700e+05   4.4372559e+01
   1.8027600e+05   3.6254883e+01
   1.8029800e+05   4.5043945e+01
   1.8032200e+05   3.8757324e+01
   1.8034400e+05   4.5776367e+01
   1.8039300e+05   3.7719727e+01
   1.8044700e+05   3.4118652e+01
   1.8046700e+05   4.9377441e+01
   1.8049000e+05   4.4799805e+01
   1.8052400e+05   3.2653809e+01
   1.8054800e+05   4.3518066e+01
   1.8057900e+05   4.2724609e+01
   1.8061100e+05   3.9062500e+01
   1.8063100e+05   5.1086426e+01
   1.8065600e+05   4.2297363e+01
   1.8067400e+05   3.9733887e+01
   1.8070500e+05   3.1738281e+01
   1.8073900e+05   3.8757324e+01
   1.8079100e+05   3.3752441e+01
   1.8080800e+05   3.2714844e+01
   1.8083200e+05   3.4973145e+01
   1.8088800e+05   3.3447266e+01
   1.8091000e+05   3.4790039e+01
   1.8102700e+05   3.0944824e+01
   2.0111500e+05   1.8808594e+03
   2.0114200e+05   3.8391113e+01
   2.0117600e+05   3.6865234e+01
   2.0122800e+05   3.9184570e+01
   2.0127700e+05   3.7353516e+01
   2.0131800e+05   4.1687012e+01
   2.0133100e+05   3.5217285e+01
   2.0134700e+05   3.5034180e+01
   2.2110500e+05   3.7048340e+01
   2.2118500e+05   4.3579102e+01
   2.2153700e+05   3.2775879e+01
   2.2157600e+05   3.0456543e+01
   2.2158600e+05   3.0456543e+01
   2.2272700e+05   3.7353516e+01
   2.2275500e+05   3.5095215e+01
   2.2287300e+05   3.7597656e+01
   2.5113100e+05   3.8745117e+03
   2.5115700e+05   3.5583496e+01
   2.5118600e+05   3.8146973e+01
   2.5120500e+05   3.1738281e+01
   2.5123400e+05   4.9438477e+01
   2.5124700e+05   3.1738281e+01
   2.5126200e+05   3.8330078e+01
   2.5129300e+05   4.0405273e+01
   2.5131700e+05   4.5043945e+01
   2.5135800e+05   3.0456543e+01
   2.5138400e+05   5.1452637e+01
   2.5146900e+05   3.9123535e+01
   2.5148100e+05   3.2226563e+01
   2.5152400e+05   3.1677246e+01
   2.5155000e+05   3.1311035e+01
   2.5157600e+05   3.2165527e+01
   2.5159000e+05   3.4057617e+01
   2.5160900e+05   3.4790039e+01
   2.5168100e+05   3.5095215e+01
   2.5178700e+05   3.3691406e+01
   2.5190100e+05   3.0822754e+01
   3.0114500e+05   3.8811035e+03
   3.0117100e+05   3.0517578e+01
   3.0119900e+05   3.2348633e+01
   3.0123700e+05   4.2907715e+01
   3.0124800e+05   4.8339844e+01
   3.0128600e+05   4.0405273e+01
   3.0130100e+05   4.7363281e+01
   3.0132700e+05   3.4851074e+01
   3.0135400e+05   4.0649414e+01
   3.0138800e+05   3.7475586e+01
   3.0141100e+05   3.2470703e+01
   3.0151000e+05   3.9001465e+01
   3.0171800e+05   3.1433105e+01
   3.0176400e+05   3.2958984e+01
   3.5115700e+05   1.8875732e+03
   3.5118400e+05   3.8513184e+01
   3.5120600e+05   3.6682129e+01
   3.5123000e+05   3.1555176e+01
   3.5124900e+05   3.7231445e+01
   3.5127600e+05   4.1625977e+01
   3.5132100e+05   5.4565430e+01
   3.5135300e+05   3.8085938e+01
   3.5141900e+05   3.6315918e+01
   3.5146100e+05   3.4362793e+01
   3.5151400e+05   3.0517578e+01
   3.5153900e+05   3.4423828e+01
   3.5274400e+05   3.0822754e+01
   3.5277900e+05   3.1982422e+01
   3.5284700e+05   3.3081055e+01
   3.5288800e+05   3.3142090e+01
   3.5293100e+05   3.5522461e+01
   3.5295300e+05   5.2246094e+01
   3.5315600e+05   3.4301758e+01
   4.0117100e+05   1.8732910e+03
   4.0119800e+05   3.4790039e+01
   4.0126300e+05   3.7963867e+01
   4.0129100e+05   3.9001465e+01
   4.0133000e+05   3.2897949e+01
   4.0134800e+05   3.3386230e+01
   4.0136200e+05   3.3264160e+01
   4.0137500e+05   3.3447266e+01
   4.0139500e+05   3.6193848e+01
   4.0143700e+05   4.9316406e+01
   4.0144900e+05   6.4880371e+01
   4.0149300e+05   3.4423828e+01
   4.0151800e+05   3.2348633e+01
   4.0154100e+05   3.0761719e+01
   4.0159800e+05   3.7841797e+01
   4.0171500e+05   4.0283203e+01
   4.0176600e+05   3.1005859e+01
   4.0180600e+05   3.3081055e+01
   4.0280000e+05   3.1494141e+01
   4.5118700e+05   3.8694458e+03
   4.5121100e+05   3.2287598e+01
   4.5124100e+05   3.5827637e+01
   4.5126300e+05   3.6560059e+01
   4.5127500e+05   3.2775879e+01
   4.5132400e+05   3.2043457e+01
   4.5134700e+05   5.0964355e+01
   4.5138400e+05   4.2297363e+01
   4.5139800e+05   3.6437988e+01
   4.5141400e+05   3.3447266e+01
   4.5144700e+05   3.4057617e+01
   4.5149700e+05   3.4179688e+01
   4.5150900e+05   3.4484863e+01
   4.5159300e+05   3.2775879e+01
   4.5164800e+05   3.1250000e+01
   5.0119900e+05   1.8734741e+03
   5.0122500e+05   3.6682129e+01
   5.0125500e+05   3.9245605e+01
   5.0129800e+05   3.8513184e+01
   5.0134000e+05   3.0456543e+01
   5.0136100e+05   4.3640137e+01
   5.0138200e+05   3.1188965e+01
   5.0143200e+05   3.1005859e+01
   5.0145200e+05   4.2663574e+01
   5.0152100e+05   4.6630859e+01
   5.0163600e+05   4.4616699e+01
   5.0179200e+05   3.1066895e+01
   5.0191400e+05   3.4118652e+01
   5.3695400e+05   3.0700684e+01
   5.5121300e+05   1.8691406e+03
   5.5123900e+05   3.0761719e+01
   5.5127000e+05   3.1005859e+01
   5.5129500e+05   3.1921387e+01
   5.5130900e+05   4.9987793e+01
   5.5133400e+05   4.0161133e+01
   5.5134600e+05   3.7597656e+01
   5.5138200e+05   3.3935547e+01
   5.5140600e+05   3.6376953e+01
   5.5149100e+05   3.6743164e+01
   5.5150200e+05   3.3325195e+01
   5.5153800e+05   3.1555176e+01
   5.5162000e+05   3.1127930e+01
   6.0122900e+05   3.8742676e+03
   6.0125300e+05   3.6682129e+01
   6.0131700e+05   4.1076660e+01
   6.0134400e+05   4.8461914e+01
   6.0136100e+05   4.5593262e+01
   6.0138500e+05   4.0100098e+01
   6.0141000e+05   4.3945313e+01
   6.0142300e+05   4.8217773e+01
   6.0144500e+05   3.5400391e+01
   6.0146200e+05   3.8574219e+01
   6.0148100e+05   7.9162598e+01
   6.0150500e+05   3.5400391e+01
   6.0153600e+05   4.5776367e+01
   6.0161500e+05   3.4423828e+01
   6.0163400e+05   3.4118652e+01
   6.0165800e+05   4.2968750e+01
   6.0167300e+05   3.1066895e+01
   6.0170200e+05   3.4362793e+01
   6.0172600e+05   4.0161133e+01
   6.0174300e+05   4.1442871e+01
   6.0176400e+05   3.2775879e+01
   6.0177500e+05   3.4362793e+01
   6.0181100e+05   4.3273926e+01
   6.0182600e+05   4.4860840e+01
   6.0185900e+05   5.8288574e+01
   6.0189100e+05   6.4697266e+01
   6.0191100e+05   3.9978027e+01
   6.0193800e+05   3.3630371e+01
   6.0198300e+05   4.1198730e+01
   6.0201000e+05   4.9743652e+01
   6.0205600e+05   3.2958984e+01
   6.0208500e+05   5.5664063e+01
   6.0212100e+05   3.1005859e+01
   6.0214300e+05   3.8208008e+01
   6.0216800e+05   4.7180176e+01
   6.0218100e+05   5.3039551e+01
   6.0221700e+05   3.6621094e+01
   6.0227000e+05   3.2470703e+01
   6.0228600e+05   3.3508301e+01
   6.0232200e+05   3.0761719e+01
   6.0236900e+05   3.2226563e+01
   6.0241100e+05   3.1066895e+01
   6.0243300e+05   3.1860352e+01
   6.0250300e+05   3.3996582e+01
   6.0263400e+05   4.0954590e+01
   6.0266100e+05   3.3142090e+01
   6.0277800e+05   3.1982422e+01
   6.0279000e+05   3.4729004e+01
   6.0321800e+05   3.4790039e+01
   6.5124100e+05   1.8737793e+03
   6.5126800e+05   3.2836914e+01
   6.5136100e+05   3.7048340e+01
   6.5139400e+05   4.1137695e+01
   6.5143700e+05   3.1433105e+01
   6.5146000e+05   3.1799316e+01
   6.5147500e+05   3.4484863e+01
   6.5152500e+05   4.0222168e+01
   6.5154300e+05   3.2836914e+01
   6.5155800e+05   3.1616211e+01
   6.5158400e+05   3.2958984e+01
   6.5161200e+05   3.4423828e+01
   6.5163100e+05   6.1096191e+01
   6.5165900e+05   6.7932129e+01
   6.5168100e+05   4.2724609e+01
   6.5171200e+05   3.1555176e+01
   6.5174200e+05   3.1799316e+01
   6.5177300e+05   3.7719727e+01
   6.5181800e+05   3.4606934e+01
   7.0125700e+05   3.8644409e+03
   7.0128300e+05   3.7353516e+01
   7.0131700e+05   3.6499023e+01
   7.0133600e+05   3.3752441e+01
   7.0135400e+05   4.8095703e+01
   7.0136900e+05   3.6743164e+01
   7.0139800e+05   3.5339355e+01
   7.0143200e+05   4.2114258e+01
   7.0146200e+05   3.0456543e+01
   7.0148100e+05   3.6865234e+01
   7.0151800e+05   3.6560059e+01
   7.0154600e+05   4.4372559e+01
   7.0156800e+05   3.4057617e+01
   7.0158900e+05   3.5644531e+01
   7.0160500e+05   3.3264160e+01
   7.0161700e+05   4.2175293e+01
   7.0163800e+05   4.3457031e+01
   7.0165300e+05   3.0944824e+01
   7.0167800e+05   3.5034180e+01
   7.0168900e+05   3.6132813e+01
   7.0173000e+05   4.1564941e+01
   7.0174200e+05   3.2958984e+01
   7.0175600e+05   4.0527344e+01
   7.0179200e+05   5.6579590e+01
   7.0180700e+05   4.0222168e+01
   7.0183500e+05   3.6743164e+01
   7.0184900e+05   3.9245605e+01
   7.0187000e+05   3.4362793e+01
   7.0189300e+05   3.4179688e+01
   7.0192300e+05   4.1015625e+01
   7.0195900e+05   4.5776367e+01
   7.0197000e+05   3.3142090e+01
   7.0204000e+05   4.0222168e+01
   7.0205400e+05   3.0700684e+01
   7.0207700e+05   3.2043457e+01
   7.0212800e+05   5.0292969e+01
   7.0214700e+05   3.2897949e+01
   7.0217100e+05   3.2165527e+01
   7.0219700e+05   3.7170410e+01
   7.0239100e+05   3.2714844e+01
   7.0241000e+05   3.1799316e+01
   7.0242300e+05   3.0700684e+01
   7.0258200e+05   3.0456543e+01
   7.5127100e+05   3.8621826e+03
   7.5129600e+05   3.4057617e+01
   7.5132900e+05   3.5522461e+01
   7.5135900e+05   3.6987305e+01
   7.5139600e+05   4.1442871e+01
   7.5141900e+05   3.1494141e+01
   7.5143400e+05   4.4616699e+01
   7.5146100e+05   4.8522949e+01
   7.5148300e+05   3.7414551e+01
   7.5150200e+05   5.8166504e+01
   7.5154000e+05   4.1503906e+01
   7.5155000e+05   3.9184570e+01
   7.5157400e+05   4.7424316e+01
   7.5160100e+05   4.6142578e+01
   7.5162400e+05   4.4860840e+01
   7.5164700e+05   5.3649902e+01
   7.5168500e+05   6.5673828e+01
   7.5169700e+05   3.9001465e+01
   7.5171600e+05   5.7556152e+01
   7.5175900e+05   4.4860840e+01
   7.5178600e+05   3.5888672e+01
   7.5179600e+05   3.1005859e+01
   7.5183600e+05   4.2846680e+01
   7.5185400e+05   4.2724609e+01
   7.5189500e+05   3.1311035e+01
   7.5191900e+05   3.2653809e+01
   7.5194000e+05   3.3569336e+01
   7.5197300e+05   3.0456543e+01
   7.5200600e+05   3.6132813e+01
   7.5203100e+05   3.7414551e+01
   7.5206000e+05   3.4606934e+01
   7.5208600e+05   3.3874512e+01
   7.5210300e+05   4.0832520e+01
   7.5215800e+05   3.3020020e+01
   7.5221000e+05   3.1066895e+01
   7.5237000e+05   3.3142090e+01
   7.5242900e+05   3.0822754e+01
   7.5267700e+05   3.6132813e+01
   7.5269700e+05   3.6132813e+01
   7.5288500e+05   3.6010742e+01
   8.0128500e+05   3.8561401e+03
   8.0131000e+05   3.5095215e+01
   8.0133800e+05   4.0222168e+01
   8.0140200e+05   4.3945313e+01
   8.0141700e+05   3.0883789e+01
   8.0144700e+05   3.4606934e+01
   8.0146300e+05   4.1137695e+01
   8.0149800e+05   3.5583496e+01
   8.0153200e+05   3.3386230e+01
   8.0156200e+05   3.7658691e+01
   8.0157600e+05   3.7170410e+01
   8.0161900e+05   3.6987305e+01
   8.0163100e+05   3.3569336e+01
   8.0164500e+05   4.0039063e+01
   8.0169500e+05   3.1738281e+01
   8.0172200e+05   3.1188965e+01
   8.0189900e+05   3.0822754e+01
   8.0200300e+05   3.0944824e+01
   8.0226400e+05   3.3020020e+01
   8.0250700e+05   3.0456543e+01
   8.3412400e+05   4.2602539e+01
   8.3444700e+05   3.0578613e+01
   8.5129900e+05   3.8571167e+03
   8.5132400e+05   3.1433105e+01
   8.5135400e+05   4.0039063e+01
   8.5138100e+05   3.1127930e+01
   8.5140600e+05   4.5776367e+01
   8.5143500e+05   3.5400391e+01
   8.5148800e+05   3.0700684e+01
   8.5152600e+05   4.7485352e+01
   8.5153700e+05   4.4433594e+01
   8.5161400e+05   5.0842285e+01
   8.5163000e+05   3.2897949e+01
   8.5174200e+05   3.6987305e+01
   8.5177400e+05   4.8950195e+01
   8.5182300e+05   3.2043457e+01
   8.5184000e+05   4.3273926e+01
   8.5185800e+05   4.9926758e+01
   9.0131100e+05   1.8540039e+03
   9.0133800e+05   3.2836914e+01
   9.0136800e+05   3.1738281e+01
   9.0142100e+05   5.8776855e+01
   9.0146800e+05   4.3640137e+01
   9.0150900e+05   3.9062500e+01
   9.0152100e+05   4.4372559e+01
   9.0153600e+05   4.6203613e+01
   9.0158000e+05   4.2236328e+01
   9.0160000e+05   3.8269043e+01
   9.0168100e+05   3.7414551e+01
   9.0169700e+05   4.4372559e+01
   9.0172700e+05   3.3142090e+01
   9.0177000e+05   3.4851074e+01
   9.0184700e+05   3.7597656e+01
   9.0200600e+05   3.1494141e+01
   9.0223500e+05   3.5461426e+01
   9.0225400e+05   3.6499023e+01
   9.0247300e+05   3.1311035e+01
   9.0252300e+05   3.8024902e+01
   9.5132500e+05   1.8624878e+03
   9.5135200e+05   3.3935547e+01
   9.5138100e+05   4.1503906e+01
   9.5142500e+05   3.4851074e+01
   9.5145100e+05   4.2053223e+01
   9.5146400e+05   3.9733887e+01
   9.5152100e+05   3.0700684e+01
   9.5156300e+05   3.5766602e+01
   1.0013390e+06   1.8631592e+03
   1.0013660e+06   3.6682129e+01
   1.0013890e+06   3.5949707e+01
   1.0014420e+06   3.8635254e+01
   1.0014560e+06   5.8959961e+01
   1.0015130e+06   3.4973145e+01
   1.0016210e+06   3.5217285e+01
   1.0034960e+06   3.2897949e+01
   1.0035270e+06   4.5104980e+01
   1.0036340e+06   3.5888672e+01
   1.0036580e+06   4.8950195e+01
   1.0036840e+06   3.0944824e+01
   1.0037820e+06   3.7475586e+01
   1.0037960e+06   4.5715332e+01
   1.0039160e+06   3.0883789e+01
   1.0039340e+06   4.1015625e+01
   1.0039690e+06   3.0517578e+01
   1.0040750e+06   3.6315918e+01
   1.0040850e+06   3.4851074e+01
   1.0041380e+06   3.0822754e+01
   1.0513530e+06   1.8546753e+03
   1.0513790e+06   3.1677246e+01
   1.0514090e+06   3.0700684e+01
   1.0514360e+06   3.1433105e+01
   1.0514570e+06   3.1188965e+01
   1.0514670e+06   4.0222168e+01
   1.0514880e+06   3.5400391e+01
   1.0515290e+06   4.4555664e+01
   1.0530880e+06   3.1982422e+01
   1.0536480e+06   3.1616211e+01
   1.1013670e+06   1.8582153e+03
   1.1013940e+06   3.1799316e+01
   1.1014260e+06   3.1616211e+01
   1.1014770e+06   4.1809082e+01
   1.1015100e+06   5.1635742e+01
   1.1015410e+06   3.3386230e+01
   1.1015530e+06   4.3090820e+01
   1.1513830e+06   3.8435669e+03
   1.1514080e+06   3.9245605e+01
   1.1514360e+06   3.4729004e+01
   1.1514540e+06   3.1250000e+01
   1.1514750e+06   3.3081055e+01
   1.1515060e+06   4.0893555e+01
   1.1515330e+06   4.8889160e+01
   1.1516310e+06   4.2541504e+01
   1.1516610e+06   3.2775879e+01
   1.1693620e+06   3.1066895e+01
   1.2013950e+06   1.8403931e+03
   1.2014220e+06   4.4006348e+01
   1.2014510e+06   4.0222168e+01
   1.2014930e+06   3.4362793e+01
   1.2015100e+06   3.1555176e+01
   1.2015520e+06   3.9367676e+01
   1.2016990e+06   3.2775879e+01
   1.2031850e+06   3.0822754e+01
   1.2514110e+06   2.0062256e+03
   1.2514360e+06   3.5217285e+01
   1.2514930e+06   3.1860352e+01
   1.2515440e+06   4.8278809e+01
   1.2515600e+06   3.3447266e+01
   1.2516020e+06   3.4606934e+01
   1.2516340e+06   3.2470703e+01
   1.2517440e+06   3.2653809e+01
   1.3014230e+06   1.8547974e+03
   1.3014490e+06   3.2897949e+01
   1.3014780e+06   4.3701172e+01
   1.3015120e+06   3.4606934e+01
   1.3015260e+06   3.1616211e+01
   1.3015490e+06   6.8115234e+01
   1.3015590e+06   4.5410156e+01
   1.3015910e+06   4.2724609e+01
   1.3016020e+06   3.4790039e+01
   1.3016410e+06   3.2348633e+01
   1.3017390e+06   3.4729004e+01
   1.3018180e+06   3.9123535e+01
   1.3230580e+06   4.2053223e+01
   1.3514370e+06   1.8609009e+03
   1.3514640e+06   3.6682129e+01
   1.3515570e+06   3.8635254e+01
   1.3515850e+06   5.1147461e+01
   1.3841210e+06   3.6254883e+01
   1.3841740e+06   3.2409668e+01
   1.3842110e+06   3.2897949e+01
   1.3842370e+06   3.0883789e+01
   1.3842910e+06   3.6926270e+01
   1.3843380e+06   3.5034180e+01
   1.3844540e+06   3.0456543e+01
   1.3845000e+06   3.3630371e+01
   1.3854240e+06   3.4423828e+01
   1.3854540e+06   3.1372070e+01
   1.4014530e+06   3.8420410e+03
   1.4014780e+06   3.0822754e+01
   1.4015060e+06   4.0222168e+01
   1.4514650e+06   1.8524780e+03
   1.4514920e+06   4.5104980e+01
   1.4515200e+06   3.2897949e+01
   1.4515580e+06   4.3090820e+01
   1.4515790e+06   5.2490234e+01
   1.4515980e+06   3.8024902e+01
   1.4516170e+06   3.1066895e+01
   1.4516460e+06   4.8461914e+01
   1.4516710e+06   4.2480469e+01
   1.4517010e+06   3.0944824e+01
   1.4517380e+06   3.7841797e+01
   1.4517530e+06   3.9428711e+01
   1.4518250e+06   3.7231445e+01
   1.4518800e+06   3.4423828e+01
   1.4519140e+06   3.8208008e+01
   1.4519960e+06   4.0100098e+01
   1.4521060e+06   3.3874512e+01
   1.4521970e+06   3.9733887e+01
   1.4523910e+06   3.3264160e+01
   1.4524220e+06   4.2907715e+01
   1.4524390e+06   3.3142090e+01
   1.4525670e+06   3.8696289e+01
   1.4526160e+06   3.3813477e+01
   1.4526670e+06   3.3569336e+01
   1.4526820e+06   4.3029785e+01
   1.4901150e+06   3.3386230e+01
   1.4902390e+06   3.1799316e+01
   1.4902700e+06   3.2836914e+01
   1.4903220e+06   4.3701172e+01
   1.4903320e+06   5.9204102e+01
   1.4903600e+06   3.1005859e+01
   1.4904230e+06   4.7058105e+01
   1.4904510e+06   3.9123535e+01
   1.4904630e+06   4.3884277e+01
   1.4904770e+06   7.1716309e+01
   1.4905090e+06   3.8085938e+01
   1.4905520e+06   3.1494141e+01
   1.4905690e+06   3.4545898e+01
   1.4905960e+06   5.8471680e+01
   1.4906170e+06   5.3161621e+01
   1.4906410e+06   5.4870605e+01
   1.4906550e+06   3.8635254e+01
   1.4906870e+06   3.6376953e+01
   1.4907110e+06   3.7048340e+01
   1.4907400e+06   4.4738770e+01
   1.4907510e+06   3.4606934e+01
   1.4907770e+06   3.2104492e+01
   1.4908200e+06   4.4555664e+01
   1.4908300e+06   5.0903320e+01
   1.4908590e+06   3.9611816e+01
   1.4909150e+06   3.1677246e+01
   1.4909280e+06   3.9489746e+01
   1.4909540e+06   5.1818848e+01
   1.4909710e+06   4.5288086e+01
   1.4909980e+06   3.0700684e+01
   1.4910280e+06   3.0578613e+01
   1.4910440e+06   4.4372559e+01
   1.4910710e+06   3.2043457e+01
   1.4910950e+06   4.3029785e+01
   1.4911140e+06   4.1931152e+01
   1.4911580e+06   4.5410156e+01
   1.4911860e+06   3.6193848e+01
   1.4912170e+06   3.0639648e+01
   1.4912580e+06   3.4301758e+01
   1.4913120e+06   3.2226563e+01
   1.4914090e+06   3.5400391e+01
   1.4915380e+06   3.0578613e+01
   1.4915560e+06   3.1738281e+01
   1.5014790e+06   1.8460693e+03
   1.5015060e+06   3.3264160e+01
   1.5015360e+06   3.3386230e+01
   1.5015860e+06   3.2470703e+01
   1.5015960e+06   3.6682129e+01
   1.5016390e+06   4.1076660e+01
   1.5016620e+06   3.2226563e+01
   1.5138300e+06   3.1982422e+01
   1.5138580e+06   3.1127930e+01
   1.5138700e+06   4.8278809e+01
   1.5139200e+06   4.4189453e+01
   1.5139350e+06   9.4116211e+01
   1.5139490e+06   3.1127930e+01
   1.5140060e+06   4.7546387e+01
   1.5140270e+06   4.4738770e+01
   1.5140610e+06   3.7414551e+01
   1.5140760e+06   3.5888672e+01
   1.5141070e+06   3.2958984e+01
   1.5141310e+06   4.0405273e+01
   1.5141980e+06   4.2053223e+01
   1.5142260e+06   3.1066895e+01
   1.5142480e+06   3.6437988e+01
   1.5142890e+06   3.3935547e+01
   1.5143250e+06   3.7353516e+01
   1.5148110e+06   3.2104492e+01
   1.5448180e+06   3.0517578e+01
   1.5448390e+06   3.0822754e+01
   1.5448850e+06   4.6020508e+01
   1.5449000e+06   3.2409668e+01
   1.5449750e+06   3.5034180e+01
   1.5449940e+06   3.1860352e+01
   1.5450110e+06   3.4729004e+01
   1.5450430e+06   5.4443359e+01
   1.5450580e+06   3.5217285e+01
   1.5451210e+06   5.7983398e+01
   1.5451460e+06   4.5043945e+01
   1.5451670e+06   3.3569336e+01
   1.5451980e+06   3.6743164e+01
   1.5452150e+06   3.3874512e+01
   1.5452550e+06   3.9001465e+01
   1.5453170e+06   3.3203125e+01
   1.5454250e+06   3.4179688e+01
   1.5454400e+06   3.5217285e+01
   1.5514950e+06   3.8510132e+03
   1.5515220e+06   3.6193848e+01
   1.5515510e+06   3.6865234e+01
   1.5516010e+06   3.6804199e+01
   1.5516310e+06   3.5095215e+01
   1.5516480e+06   3.2348633e+01
   1.5625860e+06   3.3813477e+01
   1.5626960e+06   3.4667969e+01
   1.5627140e+06   3.1982422e+01
   1.5627250e+06   4.1564941e+01
   1.5627930e+06   4.5959473e+01
   1.5628340e+06   3.5278320e+01
   1.5628890e+06   3.2470703e+01
   1.5820480e+06   3.3020020e+01
   1.5821030e+06   4.6630859e+01
   1.5821230e+06   4.2785645e+01
   1.5821430e+06   4.4311523e+01
   1.5821620e+06   4.2907715e+01
   1.5822000e+06   4.4433594e+01
   1.5822250e+06   4.4738770e+01
   1.5822570e+06   6.7138672e+01
   1.5822800e+06   4.8889160e+01
   1.5822930e+06   3.3020020e+01
   1.5823120e+06   3.6560059e+01
   1.5823260e+06   5.5236816e+01
   1.5823500e+06   3.3996582e+01
   1.5823720e+06   3.7841797e+01
   1.5823900e+06   3.3325195e+01
   1.5824010e+06   3.7231445e+01
   1.5824390e+06   3.5522461e+01
   1.5824550e+06   3.3874512e+01
   1.5824720e+06   3.7353516e+01
   1.5824970e+06   4.1625977e+01
   1.5825280e+06   3.3081055e+01
   1.5825490e+06   3.9672852e+01
   1.5825750e+06   3.3935547e+01
   1.5826000e+06   3.5522461e+01
   1.5826150e+06   5.2185059e+01
   1.5826330e+06   4.1564941e+01
   1.5826670e+06   3.7658691e+01
   1.5826970e+06   4.0649414e+01
   1.5827740e+06   3.7048340e+01
   1.5827840e+06   3.6010742e+01
   1.5828060e+06   3.2470703e+01
   1.5828330e+06   3.5400391e+01
   1.5829050e+06   3.3752441e+01
   1.5829230e+06   3.1433105e+01
   1.5830200e+06   3.5766602e+01
   1.5830620e+06   3.1494141e+01
   1.5831560e+06   3.3020020e+01
   1.5831860e+06   3.5583496e+01
   1.5832560e+06   3.2714844e+01
   1.5833020e+06   3.3325195e+01
   1.5833130e+06   3.3264160e+01
   1.5833390e+06   3.4057617e+01
   1.5833960e+06   3.5644531e+01
   1.5834230e+06   3.0761719e+01
   1.5834440e+06   3.3935547e+01
   1.5834650e+06   3.4912109e+01
   1.5835010e+06   3.2165527e+01
   1.5835410e+06   3.9428711e+01
   1.5835540e+06   3.2775879e+01
   1.5835810e+06   3.5217285e+01
   1.5836660e+06   3.4667969e+01
   1.5837310e+06   3.0700684e+01
   1.5837610e+06   3.2836914e+01
   1.5839730e+06   3.5095215e+01
   1.6015070e+06   1.8512573e+03
   1.6015350e+06   3.8635254e+01
   1.6015640e+06   3.3691406e+01
   1.6016470e+06   3.3325195e+01
   1.6354900e+06   3.3691406e+01
   1.6515230e+06   3.8389282e+03
   1.6515470e+06   3.3386230e+01
   1.6515770e+06   3.4606934e+01
   1.6516010e+06   3.8146973e+01
   1.6516320e+06   3.5461426e+01
   1.6516500e+06   4.0832520e+01
   1.6516740e+06   4.0039063e+01
   1.6517070e+06   3.0578613e+01
   1.6517430e+06   3.8513184e+01
   1.6517550e+06   5.0170898e+01
   1.6517810e+06   3.4362793e+01
   1.6518200e+06   3.4057617e+01
   1.6518610e+06   3.3142090e+01
   1.6518930e+06   3.1860352e+01
   1.6519070e+06   3.6315918e+01
   1.6519350e+06   4.2053223e+01
   1.6519860e+06   3.3874512e+01
   1.6520610e+06   3.8696289e+01
   1.6520720e+06   3.2653809e+01
   1.6521000e+06   4.0649414e+01
   1.6521640e+06   3.2653809e+01
   1.6522200e+06   3.1005859e+01
   1.6522950e+06   3.0944824e+01
   1.6719500e+06   3.4057617e+01
   1.6720780e+06   3.7475586e+01
   1.6722090e+06   3.0822754e+01
   1.6723440e+06   3.3508301e+01
   1.6723570e+06   3.4790039e+01
   1.6723860e+06   3.1494141e+01
   1.6724170e+06   3.1250000e+01
   1.6833910e+06   3.0639648e+01
   1.6834080e+06   3.1250000e+01
   1.6834290e+06   4.1992188e+01
   1.6834890e+06   3.3203125e+01
   1.6835060e+06   3.1066895e+01
   1.6835650e+06   3.5644531e+01
   1.6837890e+06   3.3691406e+01
   1.6943830e+06   3.0578613e+01
   1.6944440e+06   3.1433105e+01
   1.6946010e+06   3.4790039e+01
   1.6957360e+06   3.0700684e+01
   1.7015350e+06   1.8427124e+03
   1.7017020e+06   3.3447266e+01
   1.7143100e+06   3.2897949e+01
   1.7143350e+06   4.1442871e+01
   1.7143580e+06   4.3579102e+01
   1.7143810e+06   4.2053223e+01
   1.7143960e+06   3.2836914e+01
   1.7144460e+06   3.9123535e+01
   1.7144800e+06   3.6071777e+01
   1.7144950e+06   3.2287598e+01
   1.7145180e+06   3.6804199e+01
   1.7145380e+06   5.4870605e+01
   1.7145540e+06   3.7841797e+01
   1.7145660e+06   4.1625977e+01
   1.7146050e+06   5.2734375e+01
   1.7146190e+06   5.3466797e+01
   1.7146300e+06   3.5217285e+01
   1.7146510e+06   4.3090820e+01
   1.7146850e+06   5.6579590e+01
   1.7147070e+06   5.5175781e+01
   1.7147380e+06   3.2104492e+01
   1.7147590e+06   3.5888672e+01
   1.7147800e+06   4.2968750e+01
   1.7147900e+06   3.8391113e+01
   1.7148390e+06   3.0883789e+01
   1.7148600e+06   3.5583496e+01
   1.7148890e+06   4.1992188e+01
   1.7149210e+06   3.4790039e+01
   1.7149520e+06   4.6081543e+01
   1.7149620e+06   3.0456543e+01
   1.7149970e+06   4.3457031e+01
   1.7150080e+06   3.4912109e+01
   1.7150280e+06   3.5766602e+01
   1.7150590e+06   4.2175293e+01
   1.7150860e+06   3.7597656e+01
   1.7150980e+06   4.5654297e+01
   1.7151260e+06   3.1677246e+01
   1.7151460e+06   3.6682129e+01
   1.7151840e+06   3.3264160e+01
   1.7152050e+06   3.5217285e+01
   1.7152170e+06   3.0944824e+01
   1.7152540e+06   3.7292480e+01
   1.7153120e+06   3.5339355e+01
   1.7153550e+06   4.8400879e+01
   1.7154210e+06   4.4433594e+01
   1.7155150e+06   3.3935547e+01
   1.7156660e+06   4.0649414e+01
   1.7158000e+06   3.3508301e+01
   1.7333790e+06   3.3569336e+01
   1.7334120e+06   3.6987305e+01
   1.7334620e+06   3.0700684e+01
   1.7334760e+06   3.3447266e+01
   1.7335210e+06   4.7729492e+01
   1.7335350e+06   3.3447266e+01
   1.7335710e+06   3.2348633e+01
   1.7336230e+06   3.1127930e+01
   1.7336370e+06   3.6499023e+01
   1.7337010e+06   3.7902832e+01
   1.7337130e+06   3.2226563e+01
   1.7337920e+06   3.0578613e+01
   1.7439890e+06   4.0100098e+01
   1.7440070e+06   5.4748535e+01
   1.7440380e+06   3.9489746e+01
   1.7440700e+06   5.1147461e+01
   1.7441430e+06   5.1086426e+01
   1.7441780e+06   3.0944824e+01
   1.7442000e+06   3.9123535e+01
   1.7442220e+06   3.1860352e+01
   1.7442470e+06   3.4973145e+01
   1.7442650e+06   3.4484863e+01
   1.7442850e+06   3.6560059e+01
   1.7443060e+06   4.9987793e+01
   1.7443320e+06   3.0578613e+01
   1.7443560e+06   4.2053223e+01
   1.7444010e+06   4.3762207e+01
   1.7444500e+06   3.6499023e+01
   1.7444630e+06   3.2714844e+01
   1.7444870e+06   3.6193848e+01
   1.7445430e+06   3.2531738e+01
   1.7515490e+06   1.8566284e+03
   1.7515780e+06   3.5217285e+01
   1.7516060e+06   3.0517578e+01
   1.7516670e+06   3.1066895e+01
   1.7592580e+06   3.3264160e+01
   1.7592720e+06   3.2836914e+01
   1.7593100e+06   3.1555176e+01
   1.7593870e+06   3.2836914e+01
   1.7594140e+06   3.5217285e+01
   1.7723180e+06   4.3151855e+01
   1.7723430e+06   4.2907715e+01
   1.7723770e+06   3.4179688e+01
   1.7724110e+06   3.7475586e+01
   1.7724230e+06   4.5654297e+01
   1.7724460e+06   3.8391113e+01
   1.7724770e+06   3.2958984e+01
   1.7724950e+06   4.1320801e+01
   1.7725240e+06   3.4790039e+01
   1.7725410e+06   7.2814941e+01
   1.7725910e+06   4.0161133e+01
   1.7726130e+06   4.6203613e+01
   1.7726270e+06   4.4311523e+01
   1.7726430e+06   3.2531738e+01
   1.7726780e+06   3.1188965e+01
   1.7726980e+06   4.1442871e+01
   1.7727270e+06   4.8828125e+01
   1.7727490e+06   3.4240723e+01
   1.7727730e+06   4.3151855e+01
   1.7727950e+06   3.4912109e+01
   1.7728320e+06   3.1066895e+01
   1.7728510e+06   6.0852051e+01
   1.7728750e+06   3.2775879e+01
   1.7729150e+06   4.3090820e+01
   1.7729370e+06   4.1137695e+01
   1.7729510e+06   3.2958984e+01
   1.7729910e+06   5.9204102e+01
   1.7730570e+06   3.2226563e+01
   1.7730950e+06   3.2836914e+01
   1.7731660e+06   3.4606934e+01
   1.7732400e+06   3.5339355e+01
   1.7732630e+06   4.1320801e+01
   1.7899360e+06   4.4006348e+01
   1.7899590e+06   3.4118652e+01
   1.7899860e+06   3.3142090e+01
   1.7900250e+06   4.1076660e+01
   1.7900480e+06   4.2114258e+01
   1.7900600e+06   3.2775879e+01
   1.7900920e+06   3.5522461e+01
   1.7901180e+06   3.3996582e+01
   1.7901430e+06   3.2165527e+01
   1.7901630e+06   4.1259766e+01
   1.7902070e+06   3.2409668e+01
   1.7902380e+06   3.3996582e+01
   1.7902590e+06   5.9204102e+01
   1.7903370e+06   3.4423828e+01
   1.7903690e+06   3.4790039e+01
   1.7903790e+06   3.5217285e+01
   1.7904260e+06   3.2592773e+01
   1.7904470e+06   3.2775879e+01
   1.7905070e+06   3.1066895e+01
   1.7905410e+06   3.0517578e+01
   1.7905910e+06   3.0761719e+01
   1.7906850e+06   3.3935547e+01
   1.8015650e+06   3.8377686e+03
   1.8015920e+06   3.8330078e+01
   1.8016210e+06   3.2348633e+01
   1.8017050e+06   3.7048340e+01
   1.8017180e+06   3.4057617e+01
   1.8017980e+06   3.0456543e+01
   1.8018270e+06   3.1188965e+01
   1.8026160e+06   5.3771973e+01
   1.8026300e+06   3.1616211e+01
   1.8026790e+06   6.8969727e+01
   1.8026920e+06   4.8217773e+01
   1.8027430e+06   3.1982422e+01
   1.8027570e+06   4.1381836e+01
   1.8027780e+06   4.8400879e+01
   1.8027930e+06   3.3142090e+01
   1.8028080e+06   3.2470703e+01
   1.8028710e+06   5.3100586e+01
   1.8028910e+06   6.3476563e+01
   1.8029200e+06   5.5725098e+01
   1.8029300e+06   4.0588379e+01
   1.8029890e+06   3.2348633e+01
   1.8030020e+06   5.8776855e+01
   1.8030320e+06   3.6621094e+01
   1.8030540e+06   3.9245605e+01
   1.8030740e+06   3.3752441e+01
   1.8203360e+06   4.6569824e+01
   1.8203540e+06   3.4362793e+01
   1.8203860e+06   3.5522461e+01
   1.8204030e+06   3.4179688e+01
   1.8204340e+06   3.3203125e+01
   1.8204580e+06   3.3813477e+01
   1.8204740e+06   3.9367676e+01
   1.8205190e+06   3.3386230e+01
   1.8206010e+06   3.4729004e+01
   1.8206290e+06   5.1696777e+01
   1.8343930e+06   3.4423828e+01
   1.8344260e+06   5.6091309e+01
   1.8344410e+06   3.3264160e+01
   1.8344580e+06   3.0639648e+01
   1.8344810e+06   4.9682617e+01
   1.8345030e+06   4.4494629e+01
   1.8345180e+06   4.4555664e+01
   1.8345400e+06   5.1635742e+01
   1.8345500e+06   4.5654297e+01
   1.8345880e+06   5.1818848e+01
   1.8346140e+06   6.0424805e+01
   1.8346250e+06   3.7292480e+01
   1.8346350e+06   4.4433594e+01
   1.8346560e+06   3.9550781e+01
   1.8346720e+06   3.7231445e+01
   1.8347130e+06   4.3579102e+01
   1.8347460e+06   3.8818359e+01
   1.8347650e+06   4.7241211e+01
   1.8347820e+06   4.8278809e+01
   1.8348140e+06   5.3771973e+01
   1.8348250e+06   3.5095215e+01
   1.8348490e+06   3.1677246e+01
   1.8348680e+06   3.5095215e+01
   1.8349070e+06   5.1879883e+01
   1.8349280e+06   3.2226563e+01
   1.8349440e+06   3.5583496e+01
   1.8349850e+06   3.7414551e+01
   1.8350060e+06   3.1799316e+01
   1.8350270e+06   3.9001465e+01
   1.8350720e+06   3.5888672e+01
   1.8351300e+06   3.4729004e+01
   1.8351780e+06   3.0761719e+01
   1.8351990e+06   3.1250000e+01
   1.8352340e+06   3.4484863e+01
   1.8352610e+06   3.1677246e+01
   1.8352810e+06   3.0700684e+01
   1.8353070e+06   3.1005859e+01
   1.8353440e+06   3.4423828e+01
   1.8353740e+06   4.2053223e+01
   1.8354040e+06   4.1259766e+01
   1.8354180e+06   3.1738281e+01
   1.8354300e+06   3.2043457e+01
   1.8354680e+06   4.4616699e+01
   1.8355010e+06   3.8391113e+01
   1.8356120e+06   3.3569336e+01
   1.8357630e+06   3.1494141e+01
   1.8358160e+06   3.8940430e+01
   1.8515770e+06   1.8533936e+03
   1.8516050e+06   3.1250000e+01
   1.8516340e+06   3.2714844e+01
   1.8516850e+06   4.3518066e+01
   1.8517100e+06   3.7170410e+01
   1.8517390e+06   3.2958984e+01
   1.8518000e+06   3.2470703e+01
   1.8518100e+06   4.3823242e+01
   1.8518430e+06   3.0456543e+01
   1.8518850e+06   3.1250000e+01
   1.8519260e+06   4.2846680e+01
   1.8642050e+06   3.0456543e+01
   1.8643000e+06   3.5644531e+01
   1.8643720e+06   3.3386230e+01
   1.8644340e+06   5.0903320e+01
   1.8644590e+06   3.2348633e+01
   1.8645960e+06   3.7658691e+01
   1.8788850e+06   3.5827637e+01
   1.8789030e+06   3.4545898e+01
   1.8789250e+06   3.9733887e+01
   1.8789380e+06   4.0466309e+01
   1.8789950e+06   3.1860352e+01
   1.8790160e+06   3.6865234e+01
   1.8790800e+06   3.9672852e+01
   1.8791020e+06   3.2043457e+01
   1.8791160e+06   4.4372559e+01
   1.8791560e+06   3.3447266e+01
   1.8791660e+06   4.1870117e+01
   1.8791970e+06   3.3264160e+01
   1.8792470e+06   3.3813477e+01
   1.8793300e+06   3.2409668e+01
   1.8947920e+06   3.5766602e+01
   1.8948670e+06   4.2602539e+01
   1.8948850e+06   3.4179688e+01
   1.8949040e+06   3.4973145e+01
   1.8949370e+06   4.7302246e+01
   1.8949580e+06   3.4729004e+01
   1.8949710e+06   3.7048340e+01
   1.8950130e+06   4.7058105e+01
   1.8950330e+06   3.3569336e+01
   1.8950540e+06   5.2001953e+01
   1.8950890e+06   5.0415039e+01
   1.8950990e+06   3.9245605e+01
   1.8951440e+06   6.0180664e+01
   1.8951550e+06   3.6743164e+01
   1.8952230e+06   3.1127930e+01
   1.8952590e+06   4.1564941e+01
   1.8952790e+06   4.7302246e+01
   1.8952990e+06   3.3142090e+01
   1.8953210e+06   4.0161133e+01
   1.8953440e+06   4.2297363e+01
   1.8953760e+06   3.3996582e+01
   1.8953960e+06   3.8085938e+01
   1.9015910e+06   1.8502197e+03
   1.9016190e+06   3.2043457e+01
   1.9114170e+06   3.2775879e+01
   1.9114370e+06   7.3852539e+01
   1.9114600e+06   4.2297363e+01
   1.9114820e+06   4.7668457e+01
   1.9115000e+06   5.0781250e+01
   1.9115280e+06   3.0822754e+01
   1.9115700e+06   4.5776367e+01
   1.9116000e+06   4.2541504e+01
   1.9116270e+06   3.4423828e+01
   1.9116430e+06   3.7841797e+01
   1.9116730e+06   4.0100098e+01
   1.9117250e+06   3.2531738e+01
   1.9117370e+06   3.5583496e+01
   1.9117860e+06   3.2409668e+01
   1.9118570e+06   4.2968750e+01
   1.9118900e+06   4.1503906e+01
   1.9120400e+06   3.1372070e+01
   1.9120760e+06   3.4240723e+01
   1.9121890e+06   3.1005859e+01
   1.9290670e+06   3.4973145e+01
   1.9290820e+06   5.8044434e+01
   1.9291100e+06   4.1259766e+01
   1.9291320e+06   4.7119141e+01
   1.9291430e+06   3.8879395e+01
   1.9291710e+06   4.9377441e+01
   1.9291860e+06   4.4860840e+01
   1.9292020e+06   3.2043457e+01
   1.9292250e+06   5.0781250e+01
   1.9292380e+06   4.2724609e+01
   1.9292640e+06   3.9550781e+01
   1.9292820e+06   3.2043457e+01
   1.9293060e+06   3.0517578e+01
   1.9293200e+06   3.2287598e+01
   1.9293390e+06   5.4199219e+01
   1.9293500e+06   3.5278320e+01
   1.9293820e+06   3.0822754e+01
   1.9294140e+06   4.3212891e+01
   1.9294410e+06   3.7597656e+01
   1.9294970e+06   3.1250000e+01
   1.9295530e+06   3.0761719e+01
   1.9295770e+06   3.7048340e+01
   1.9296610e+06   3.0700684e+01
   1.9297250e+06   3.1188965e+01
   1.9298920e+06   3.1494141e+01
   1.9463380e+06   3.2226563e+01
   1.9463650e+06   3.9367676e+01
   1.9464000e+06   6.8420410e+01
   1.9464150e+06   3.1127930e+01
   1.9464350e+06   3.7719727e+01
   1.9464620e+06   3.3508301e+01
   1.9464760e+06   3.7841797e+01
   1.9464880e+06   3.3386230e+01
   1.9465180e+06   4.1503906e+01
   1.9465530e+06   5.7617188e+01
   1.9465650e+06   4.2419434e+01
   1.9465980e+06   3.3264160e+01
   1.9466370e+06   4.5104980e+01
   1.9466650e+06   4.0161133e+01
   1.9466860e+06   4.4982910e+01
   1.9467240e+06   4.1015625e+01
   1.9467710e+06   3.7658691e+01
   1.9467920e+06   3.7170410e+01
   1.9468590e+06   3.1005859e+01
   1.9468880e+06   4.7058105e+01
   1.9516050e+06   1.8461304e+03
   1.9516340e+06   3.2348633e+01
   1.9650010e+06   3.7719727e+01
   1.9650310e+06   6.1401367e+01
   1.9650430e+06   3.9733887e+01
   1.9650650e+06   4.2053223e+01
   1.9650870e+06   3.9001465e+01
   1.9650990e+06   4.9682617e+01
   1.9651150e+06   3.7536621e+01
   1.9651400e+06   4.1137695e+01
   1.9651510e+06   3.0639648e+01
   1.9651730e+06   3.3752441e+01
   1.9651940e+06   5.0903320e+01
   1.9652140e+06   3.0822754e+01
   1.9652320e+06   3.4912109e+01
   1.9652440e+06   3.6987305e+01
   1.9652660e+06   4.6142578e+01
   1.9653020e+06   3.0700684e+01
   1.9653230e+06   3.7353516e+01
   1.9653360e+06   4.7485352e+01
   1.9653780e+06   3.5217285e+01
   1.9654270e+06   3.5461426e+01
   1.9654530e+06   3.7414551e+01
   1.9654740e+06   3.7658691e+01
   1.9655100e+06   3.9123535e+01
   1.9656190e+06   3.0578613e+01
   1.9816270e+06   4.0649414e+01
   1.9816530e+06   4.4128418e+01
   1.9816780e+06   4.2480469e+01
   1.9816900e+06   4.7058105e+01
   1.9817050e+06   3.3569336e+01
   1.9817360e+06   3.8513184e+01
   1.9817620e+06   3.6193848e+01
   1.9817840e+06   4.2114258e+01
   1.9818090e+06   4.5532227e+01
   1.9818320e+06   3.0944824e+01
   1.9818600e+06   4.9499512e+01
   1.9818800e+06   3.1860352e+01
   1.9818900e+06   3.4667969e+01
   1.9819160e+06   3.1616211e+01
   1.9819480e+06   3.1250000e+01
   1.9819740e+06   3.3813477e+01
   1.9982140e+06   4.1381836e+01
   1.9982410e+06   7.1777344e+01
   1.9982510e+06   6.5246582e+01
   1.9982770e+06   3.5278320e+01
   1.9982940e+06   4.0283203e+01
   1.9983160e+06   3.7658691e+01
   1.9983280e+06   5.5480957e+01
   1.9983520e+06   4.3457031e+01
   1.9983860e+06   3.8146973e+01
   1.9984070e+06   4.8645020e+01
   1.9984360e+06   3.2836914e+01
   1.9984680e+06   3.3447266e+01
   1.9985340e+06   3.0639648e+01
   2.0016190e+06   1.8475342e+03
   2.0016480e+06   3.1005859e+01
   2.0016700e+06   4.4799805e+01
   2.0153690e+06   3.7170410e+01
   2.0154020e+06   4.0771484e+01
   2.0154310e+06   3.5400391e+01
   2.0154720e+06   5.6518555e+01
   2.0155230e+06   4.7058105e+01
   2.0155430e+06   6.6650391e+01
   2.0155700e+06   4.2541504e+01
   2.0155880e+06   3.3996582e+01
   2.0156040e+06   3.3264160e+01
   2.0156270e+06   3.6315918e+01
   2.0156720e+06   3.5888672e+01
   2.0156830e+06   5.5969238e+01
   2.0157230e+06   3.3447266e+01
   2.0326770e+06   3.5705566e+01
   2.0326870e+06   3.4973145e+01
   2.0327110e+06   3.7658691e+01
   2.0327710e+06   4.4006348e+01
   2.0327900e+06   3.6743164e+01
   2.0328140e+06   5.2856445e+01
   2.0328320e+06   4.3579102e+01
   2.0328670e+06   4.6875000e+01
   2.0328820e+06   3.4362793e+01
   2.0329620e+06   3.0822754e+01
   2.0329980e+06   3.1982422e+01
   2.0491130e+06   3.2714844e+01
   2.0491510e+06   3.2592773e+01
   2.0492050e+06   3.8635254e+01
   2.0492720e+06   3.3569336e+01
   2.0493040e+06   3.3142090e+01
   2.0494740e+06   3.1250000e+01
   2.0505130e+06   3.3264160e+01
   2.0516330e+06   1.8509521e+03
   2.0516610e+06   3.0700684e+01
   2.0516940e+06   3.1250000e+01
   2.1016470e+06   1.8466187e+03
   2.1016770e+06   3.2226563e+01
   2.1017140e+06   3.0517578e+01
   2.1017520e+06   3.0456543e+01
   2.1017660e+06   3.5339355e+01
   2.1018230e+06   5.5908203e+01
   2.1018370e+06   3.9489746e+01
   2.1018630e+06   3.6865234e+01
   2.1019090e+06   3.7109375e+01
   2.1020530e+06   3.2836914e+01
   2.1516610e+06   1.8587036e+03
   2.1516910e+06   3.3569336e+01
   2.1517380e+06   3.7780762e+01
   2.1518170e+06   3.1433105e+01
   2.1518360e+06   3.2653809e+01
   2.1518700e+06   4.5776367e+01
   2.1519410e+06   3.1005859e+01
   2.2016750e+06   1.8506470e+03
   2.2017030e+06   3.0944824e+01
   2.2017760e+06   3.8146973e+01
   2.2018250e+06   3.7719727e+01
   2.2516910e+06   3.8361816e+03
   2.2517180e+06   3.9550781e+01
   2.2517460e+06   3.1982422e+01
   2.2517820e+06   3.1555176e+01
   2.2518150e+06   3.3447266e+01
   2.2518670e+06   3.7536621e+01
   2.2518920e+06   4.1503906e+01
   2.2519270e+06   3.4179688e+01
   2.2807080e+06   3.1250000e+01
   2.2809000e+06   3.7231445e+01
   2.3017050e+06   3.8351440e+03
   2.3017310e+06   3.8330078e+01
   2.3017620e+06   3.1066895e+01
   2.3171980e+06   3.0517578e+01
   2.3517190e+06   3.8357544e+03
   2.3517460e+06   4.2297363e+01
   2.3517740e+06   3.5217285e+01
   2.3518100e+06   3.0761719e+01
   2.3518670e+06   3.1738281e+01
   2.3518860e+06   3.2592773e+01
   2.4017330e+06   3.8312988e+03
   2.4017600e+06   3.9672852e+01
   2.4017870e+06   3.0944824e+01
   2.4018150e+06   3.3325195e+01
   2.4018680e+06   3.2836914e+01
   2.4019010e+06   3.2165527e+01
   2.4019350e+06   3.4851074e+01
   2.4271190e+06   4.5471191e+01
   2.4271330e+06   3.3630371e+01
   2.4272190e+06   3.8879395e+01
   2.4272580e+06   5.7556152e+01
   2.4272720e+06   4.1259766e+01
   2.4273640e+06   3.2226563e+01
   2.4273890e+06   3.4912109e+01
   2.4274110e+06   4.0222168e+01
   2.4274370e+06   3.6071777e+01
   2.4274520e+06   4.6203613e+01
   2.4274950e+06   3.7902832e+01
   2.4275050e+06   3.8452148e+01
   2.4275240e+06   4.1625977e+01
   2.4275550e+06   4.3029785e+01
   2.4275810e+06   3.8635254e+01
   2.4276340e+06   3.2958984e+01
   2.4276480e+06   5.0231934e+01
   2.4276830e+06   6.3049316e+01
   2.4276930e+06   4.0954590e+01
   2.4277160e+06   3.3142090e+01
   2.4277370e+06   3.6865234e+01
   2.4277520e+06   3.1372070e+01
   2.4277950e+06   3.5095215e+01
   2.4278120e+06   4.2480469e+01
   2.4278390e+06   3.5400391e+01
   2.4279520e+06   3.1005859e+01
   2.4279990e+06   3.4240723e+01
   2.4280790e+06   3.2165527e+01
   2.4284000e+06   3.5827637e+01
   2.4517450e+06   1.8345337e+03
   2.4517740e+06   3.4606934e+01
   2.4518600e+06   5.7373047e+01
   2.4518900e+06   3.7963867e+01
   2.4519100e+06   4.0832520e+01
   2.4519460e+06   3.8818359e+01
   2.4519820e+06   3.2958984e+01
   2.4520450e+06   3.9123535e+01
   2.4520770e+06   4.6569824e+01
   2.4521620e+06   3.1738281e+01
   2.4522730e+06   4.1931152e+01
   2.5231590e+06   3.1799316e+01
   2.5232390e+06   3.7536621e+01
   2.5232950e+06   3.5888672e+01
   2.5233310e+06   3.4423828e+01
   2.5234890e+06   3.4606934e+01
   2.5236590e+06   3.1677246e+01
   2.5237330e+06   3.2226563e+01
   2.5239070e+06   3.4606934e+01
   2.5240210e+06   3.1250000e+01
   2.5241870e+06   3.8513184e+01
   2.5242200e+06   3.2226563e+01
   2.5242580e+06   3.1066895e+01
   2.5243420e+06   4.1320801e+01
   2.5243610e+06   3.2592773e+01
   2.5245250e+06   3.0761719e+01
   2.5739890e+06   4.1320801e+01
   2.5740080e+06   3.9062500e+01
   2.5740430e+06   4.6081543e+01
   2.5740790e+06   3.1677246e+01
   2.5741430e+06   3.0578613e+01
   2.5741660e+06   3.5949707e+01
   2.5742050e+06   4.4189453e+01
   2.5742500e+06   3.3081055e+01
   2.5742890e+06   3.8635254e+01
   2.5743210e+06   8.1054688e+01
   2.5743330e+06   5.5969238e+01
   2.5743620e+06   3.3447266e+01
   2.5744170e+06   3.2226563e+01
   2.5744550e+06   3.9794922e+01
   2.5744710e+06   3.4790039e+01
   2.5745030e+06   3.6193848e+01
   2.5745570e+06   3.2653809e+01
   2.5745800e+06   3.4912109e+01
   2.5746040e+06   4.0100098e+01
   2.5746240e+06   3.3081055e+01
   2.5746340e+06   4.1564941e+01
   2.5747370e+06   3.2470703e+01
   2.5748900e+06   3.3264160e+01
   2.5749540e+06   3.2897949e+01
   2.5750130e+06   3.2897949e+01
   2.5750310e+06   3.3386230e+01
   2.5754800e+06   3.0944824e+01
   2.6589090e+06   3.6010742e+01
   2.6594340e+06   3.1311035e+01
   2.6596600e+06   3.4301758e+01
   2.6598580e+06   3.1616211e+01
   2.6602750e+06   3.1738281e+01
   2.7796300e+06   3.2348633e+01
   2.7797500e+06   3.3203125e+01
   2.7797690e+06   3.8574219e+01
   2.7798490e+06   3.1372070e+01
   2.7798750e+06   4.3212891e+01
   2.7799100e+06   3.3630371e+01
   2.7799300e+06   4.1015625e+01
   2.7799510e+06   3.4484863e+01
   2.7800000e+06   3.6254883e+01
   2.7801070e+06   3.8513184e+01
   2.7801570e+06   3.1372070e+01
   2.7802910e+06   4.4860840e+01
   2.7803160e+06   3.1616211e+01
   2.7803430e+06   3.4362793e+01
   2.7804770e+06   3.5583496e+01
   2.7805840e+06   3.9245605e+01
   2.7806180e+06   3.1311035e+01
   2.7806940e+06   4.0954590e+01
   2.7807300e+06   4.3945313e+01
   2.7807470e+06   4.2724609e+01
   2.7808000e+06   3.3813477e+01
   2.7808620e+06   3.4301758e+01
   2.7808880e+06   3.1494141e+01
   2.7808990e+06   6.1523438e+01
   2.7809090e+06   3.0761719e+01
   2.7810690e+06   3.1433105e+01
   2.7812040e+06   3.1738281e+01
   2.8529210e+06   3.7353516e+01
   2.8529410e+06   3.2958984e+01
   2.8529580e+06   3.0456543e+01
   2.8536390e+06   3.3081055e+01
   2.8537450e+06   3.8635254e+01
   2.8537880e+06   3.2165527e+01
   2.8538910e+06   3.1127930e+01
   2.8539540e+06   4.5043945e+01
   2.8539760e+06   3.1738281e+01
   2.8540040e+06   3.7292480e+01
   2.8540480e+06   3.6193848e+01
   2.8540790e+06   3.3081055e+01
   2.8541130e+06   3.5827637e+01
   2.8541320e+06   3.2348633e+01
   2.8541780e+06   3.9428711e+01
   2.8542000e+06   4.7363281e+01
   2.8542120e+06   3.6987305e+01
   2.8542370e+06   3.4057617e+01
   2.8544230e+06   4.7058105e+01
   2.9067990e+06   3.3935547e+01
   2.9070360e+06   3.0883789e+01
   2.9071160e+06   3.0761719e+01
   2.9071560e+06   3.3020020e+01
   2.9071690e+06   3.3874512e+01
   2.9072280e+06   4.9926758e+01
   2.9072530e+06   4.7424316e+01
   2.9072680e+06   3.4423828e+01
   2.9072990e+06   3.7841797e+01
   2.9073120e+06   4.6630859e+01
   2.9073250e+06   3.6499023e+01
   2.9073530e+06   3.8635254e+01
   2.9073770e+06   4.0649414e+01
   2.9074000e+06   5.7373047e+01
   2.9074200e+06   6.4208984e+01
   2.9074340e+06   3.2958984e+01
   2.9074450e+06   4.3518066e+01
   2.9074810e+06   3.5766602e+01
   2.9074920e+06   4.1076660e+01
   2.9075090e+06   3.2775879e+01
   2.9075390e+06   3.5461426e+01
   2.9075700e+06   3.6071777e+01
   2.9076080e+06   7.2326660e+01
   2.9076200e+06   3.2836914e+01
   2.9076560e+06   3.8574219e+01
   2.9076750e+06   4.0954590e+01
   2.9076980e+06   3.1738281e+01
   2.9077290e+06   3.7719727e+01
   2.9077550e+06   3.5827637e+01
   2.9077660e+06   5.4077148e+01
   2.9077940e+06   5.4626465e+01
   2.9078200e+06   4.8156738e+01
   2.9078980e+06   3.7414551e+01
   2.9079240e+06   5.1330566e+01
   2.9079640e+06   3.6682129e+01
   2.9080110e+06   3.4362793e+01
   2.9080540e+06   3.3447266e+01
   2.9081080e+06   3.8146973e+01
   2.9083320e+06   3.2165527e+01
   2.9083470e+06   3.1066895e+01
   2.9084910e+06   4.0771484e+01
   2.9085840e+06   3.7414551e+01
   2.9086750e+06   3.4851074e+01
   2.9087960e+06   4.4433594e+01
   2.9088070e+06   3.2043457e+01
   2.9089320e+06   3.7658691e+01
   2.9092510e+06   3.1433105e+01
   2.9095680e+06   3.1311035e+01
   2.9753940e+06   3.1372070e+01
   2.9754100e+06   3.0761719e+01
   2.9754360e+06   3.5095215e+01
   2.9754650e+06   3.3996582e+01
   2.9754930e+06   3.2836914e+01
   2.9755130e+06   3.2775879e+01
   2.9755350e+06   3.1250000e+01
   2.9755710e+06   3.8024902e+01
   2.9755870e+06   5.2368164e+01
   2.9756760e+06   3.0639648e+01
   2.9757110e+06   3.6193848e+01
   2.9757270e+06   3.3203125e+01
   2.9757860e+06   3.3264160e+01
   2.9758550e+06   3.2043457e+01
   2.9759300e+06   3.4362793e+01
   2.9976140e+06   3.1677246e+01
   2.9979430e+06   3.5156250e+01
   2.9981200e+06   3.1066895e+01
