   2.9990000e+06   0.0000000e+00
   1.0610000e+03   3.8476563e+03
   1.0990000e+03   5.3710938e+01
   1.1330000e+03   3.7780762e+01
   1.1490000e+03   3.4790039e+01
   1.1720000e+03   3.5217285e+01
   1.2120000e+03   3.7597656e+01
   1.2350000e+03   3.7963867e+01
   1.3050000e+03   3.2958984e+01
   1.3220000e+03   3.7048340e+01
   1.3630000e+03   3.6193848e+01
   1.4170000e+03   4.6508789e+01
   1.4570000e+03   3.4118652e+01
   2.5920000e+03   3.1738281e+01
   1.8391000e+04   3.3874512e+01
   1.9524000e+04   3.5705566e+01
   1.9544000e+04   3.6682129e+01
   1.9574000e+04   3.7902832e+01
   1.9612000e+04   3.6682129e+01
   1.9652000e+04   3.7658691e+01
   1.9671000e+04   4.0954590e+01
   1.9684000e+04   3.3752441e+01
   1.9707000e+04   3.4606934e+01
   1.9724000e+04   3.3386230e+01
   1.9771000e+04   4.2724609e+01
   1.9810000e+04   3.5583496e+01
   1.9833000e+04   3.4362793e+01
   1.9858000e+04   3.2958984e+01
   1.9900000e+04   4.7790527e+01
   1.9917000e+04   6.9702148e+01
   1.9931000e+04   3.5888672e+01
   1.9963000e+04   3.3142090e+01
   2.0007000e+04   3.9001465e+01
   2.0050000e+04   3.1738281e+01
   2.0082000e+04   3.6010742e+01
   2.0098000e+04   4.8461914e+01
   2.0117000e+04   3.6987305e+01
   2.0129000e+04   3.9245605e+01
   2.0195000e+04   3.1616211e+01
   2.0232000e+04   3.5095215e+01
   2.0411000e+04   3.3264160e+01
   2.0447000e+04   3.3020020e+01
   4.2533000e+04   3.4362793e+01
   4.2564000e+04   4.2480469e+01
   4.2589000e+04   3.1982422e+01
   4.2638000e+04   3.1494141e+01
   4.2659000e+04   4.5593262e+01
   4.2669000e+04   3.6071777e+01
   4.2687000e+04   5.2124023e+01
   4.2721000e+04   3.7048340e+01
   4.2746000e+04   5.5053711e+01
   4.2780000e+04   3.9367676e+01
   4.2798000e+04   3.2287598e+01
   4.2823000e+04   4.1748047e+01
   4.2853000e+04   3.9916992e+01
   4.2887000e+04   3.2409668e+01
   4.2902000e+04   4.3395996e+01
   4.2936000e+04   3.5034180e+01
   4.2969000e+04   3.7963867e+01
   4.2996000e+04   3.5949707e+01
   4.3027000e+04   4.0649414e+01
   4.3084000e+04   3.4057617e+01
   4.3129000e+04   3.5827637e+01
   4.3189000e+04   3.1860352e+01
   4.3235000e+04   3.2348633e+01
   4.3339000e+04   3.4790039e+01
   4.3456000e+04   3.2836914e+01
   5.1075000e+04   3.8383179e+03
   5.1113000e+04   6.9885254e+01
   5.1161000e+04   3.6376953e+01
   5.1192000e+04   4.5715332e+01
   5.1282000e+04   3.3447266e+01
   5.1336000e+04   4.3334961e+01
   5.1360000e+04   3.2836914e+01
   5.1415000e+04   3.2226563e+01
   6.2055000e+04   3.6621094e+01
   6.2099000e+04   3.1982422e+01
   6.2134000e+04   3.2226563e+01
   6.2160000e+04   3.4545898e+01
   6.2178000e+04   3.4179688e+01
   6.2209000e+04   3.7414551e+01
   6.2241000e+04   3.9855957e+01
   6.2257000e+04   3.8757324e+01
   6.2306000e+04   3.2348633e+01
   6.2349000e+04   5.3649902e+01
   6.2359000e+04   5.6640625e+01
   6.2377000e+04   3.6560059e+01
   6.2405000e+04   3.3081055e+01
   6.2448000e+04   3.1616211e+01
   6.2465000e+04   4.0527344e+01
   6.2505000e+04   3.2653809e+01
   6.2525000e+04   3.9184570e+01
   6.2570000e+04   3.6743164e+01
   6.2608000e+04   3.8024902e+01
   6.2637000e+04   3.8879395e+01
   6.2706000e+04   3.1372070e+01
   6.2906000e+04   3.1555176e+01
   6.3198000e+04   3.4729004e+01
   8.3185000e+04   3.5522461e+01
   8.3229000e+04   3.4118652e+01
   8.3250000e+04   3.5278320e+01
   8.3281000e+04   4.9011230e+01
   8.3297000e+04   3.8574219e+01
   8.3318000e+04   3.4790039e+01
   8.3362000e+04   3.9245605e+01
   8.3388000e+04   4.2968750e+01
   8.3402000e+04   3.9489746e+01
   8.3430000e+04   4.8706055e+01
   8.3461000e+04   4.1809082e+01
   8.3476000e+04   3.3630371e+01
   8.3524000e+04   3.2775879e+01
   8.3537000e+04   3.3325195e+01
   8.3620000e+04   3.6682129e+01
   8.3667000e+04   3.6499023e+01
   8.3689000e+04   3.5339355e+01
   1.0108700e+05   1.8565674e+03
   1.0112700e+05   5.8776855e+01
   1.0118200e+05   3.4057617e+01
   1.0122500e+05   3.4851074e+01
   1.0125400e+05   3.2897949e+01
   1.0127300e+05   4.6936035e+01
   1.0128900e+05   3.6132813e+01
   1.0133900e+05   3.9978027e+01
   1.0141500e+05   3.9672852e+01
   1.0146800e+05   3.2226563e+01
   1.0150600e+05   3.6010742e+01
   1.0157800e+05   3.2409668e+01
   1.0166100e+05   3.4667969e+01
   1.0180800e+05   4.3640137e+01
   1.0183200e+05   4.3640137e+01
   1.0190900e+05   3.1372070e+01
   1.0197100e+05   3.1860352e+01
   1.0228500e+05   3.5400391e+01
   1.1879900e+05   5.4687500e+01
   1.1886600e+05   3.2653809e+01
   1.1889200e+05   5.7800293e+01
   1.1891700e+05   3.8696289e+01
   1.1893200e+05   4.7912598e+01
   1.1896000e+05   3.1982422e+01
   1.1897100e+05   4.7973633e+01
   1.1901100e+05   3.8574219e+01
   1.1904800e+05   3.6132813e+01
   1.1910500e+05   3.2287598e+01
   1.1924500e+05   3.4301758e+01
   1.1936300e+05   3.3874512e+01
   1.3610300e+05   3.8208008e+01
   1.3614500e+05   5.1940918e+01
   1.3617300e+05   4.0039063e+01
   1.3620000e+05   3.1921387e+01
   1.3623300e+05   4.9804688e+01
   1.3625700e+05   4.3884277e+01
   1.3626800e+05   3.9611816e+01
   1.3628600e+05   5.8288574e+01
   1.3632800e+05   3.2348633e+01
   1.3635600e+05   4.4006348e+01
   1.3637500e+05   3.9733887e+01
   1.3640200e+05   3.2165527e+01
   1.3643200e+05   5.5175781e+01
   1.3644600e+05   5.7006836e+01
   1.3646700e+05   3.4973145e+01
   1.3656200e+05   3.1921387e+01
   1.3659400e+05   3.4484863e+01
   1.3664000e+05   4.0405273e+01
   1.5110300e+05   3.8416748e+03
   1.5114100e+05   4.4677734e+01
   1.5116400e+05   3.1799316e+01
   1.5119500e+05   3.9306641e+01
   1.5121300e+05   3.7963867e+01
   1.5123300e+05   3.3935547e+01
   1.5125900e+05   3.6071777e+01
   1.5126900e+05   3.5217285e+01
   1.5129800e+05   3.8208008e+01
   1.5133200e+05   5.6335449e+01
   1.5134400e+05   4.4067383e+01
   1.5141900e+05   4.4982910e+01
   1.5143600e+05   3.5156250e+01
   1.5162600e+05   3.6621094e+01
   1.5175300e+05   3.1616211e+01
   1.5206900e+05   3.4973145e+01
   1.8019500e+05   3.2470703e+01
   1.8021500e+05   3.2104492e+01
   1.8024700e+05   4.5288086e+01
   1.8027300e+05   4.7973633e+01
   1.8030500e+05   3.8452148e+01
   1.8034000e+05   4.4372559e+01
   1.8036500e+05   3.2348633e+01
   1.8041100e+05   6.0119629e+01
   1.8043000e+05   6.5734863e+01
   1.8045500e+05   3.3935547e+01
   1.8047000e+05   3.2958984e+01
   1.8048900e+05   4.3945313e+01
   1.8052000e+05   3.3691406e+01
   1.8053200e+05   3.3874512e+01
   1.8055500e+05   5.4565430e+01
   1.8056900e+05   4.4860840e+01
   1.8060000e+05   3.3935547e+01
   1.8061200e+05   3.9245605e+01
   1.8064300e+05   3.7780762e+01
   1.8067100e+05   3.7963867e+01
   1.8070000e+05   3.8513184e+01
   1.8071900e+05   3.8391113e+01
   1.8074600e+05   5.4992676e+01
   1.8079900e+05   3.7719727e+01
   1.8081300e+05   4.3579102e+01
   1.8089800e+05   5.0415039e+01
   1.8111900e+05   3.3508301e+01
   2.0111500e+05   1.8541260e+03
   2.0115400e+05   4.2175293e+01
   2.0117300e+05   3.6132813e+01
   2.0119700e+05   4.0893555e+01
   2.0123000e+05   4.3212891e+01
   2.0125700e+05   3.5156250e+01
   2.0128300e+05   4.5837402e+01
   2.0129400e+05   3.1799316e+01
   2.0136400e+05   3.4423828e+01
   2.0138500e+05   3.1372070e+01
   2.0140600e+05   5.9448242e+01
   2.0174600e+05   3.3264160e+01
   2.0205600e+05   3.4973145e+01
   2.2117800e+05   3.4545898e+01
   2.2125300e+05   3.1433105e+01
   2.2160200e+05   3.2104492e+01
   2.2279400e+05   3.3874512e+01
   2.2283000e+05   3.2897949e+01
   2.2296600e+05   3.5583496e+01
   2.5112900e+05   1.8516846e+03
   2.5116800e+05   5.5969238e+01
   2.5119500e+05   4.1259766e+01
   2.5121900e+05   3.1372070e+01
   2.5127100e+05   3.3081055e+01
   2.5130200e+05   4.3884277e+01
   2.5133100e+05   3.8330078e+01
   2.5136300e+05   3.7231445e+01
   2.5138000e+05   4.4616699e+01
   2.5139600e+05   3.4179688e+01
   2.5144300e+05   3.4790039e+01
   2.5146300e+05   3.2348633e+01
   2.5151300e+05   3.7475586e+01
   2.5155100e+05   3.7292480e+01
   2.5162600e+05   4.0161133e+01
   2.5165400e+05   3.5034180e+01
   2.5169400e+05   3.2714844e+01
   2.5175200e+05   3.5705566e+01
   2.5194600e+05   3.3691406e+01
   2.5212600e+05   3.9978027e+01
   2.9006300e+05   4.0954590e+01
   2.9033300e+05   4.1992188e+01
   2.9042000e+05   3.2104492e+01
   2.9070500e+05   3.3813477e+01
   2.9145000e+05   3.3569336e+01
   3.0114300e+05   1.8688354e+03
   3.0118300e+05   6.2805176e+01
   3.0123200e+05   4.5898438e+01
   3.0125800e+05   4.0649414e+01
   3.0128100e+05   3.9916992e+01
   3.0133300e+05   3.3691406e+01
   3.0135100e+05   3.4362793e+01
   3.0136700e+05   3.6254883e+01
   3.0144500e+05   4.6447754e+01
   3.0147900e+05   4.1198730e+01
   3.0152500e+05   3.1677246e+01
   3.0156400e+05   3.4790039e+01
   3.0159100e+05   3.2043457e+01
   3.0162500e+05   3.1860352e+01
   3.0175500e+05   3.5400391e+01
   3.0178800e+05   3.2409668e+01
   3.0187400e+05   3.2409668e+01
   3.0224600e+05   3.2897949e+01
   3.4197800e+05   3.2775879e+01
   3.5115700e+05   1.8587646e+03
   3.5116700e+05   4.0283203e+01
   3.5119600e+05   4.9133301e+01
   3.5121700e+05   4.1076660e+01
   3.5125200e+05   3.6621094e+01
   3.5127500e+05   4.9743652e+01
   3.5130200e+05   6.3903809e+01
   3.5131600e+05   3.2897949e+01
   3.5133200e+05   3.6437988e+01
   3.5134800e+05   3.3447266e+01
   3.5139200e+05   3.3203125e+01
   3.5144600e+05   5.8105469e+01
   3.5148100e+05   3.2958984e+01
   3.5275100e+05   3.2226563e+01
   3.5284300e+05   3.9184570e+01
   3.5295400e+05   3.9001465e+01
   3.5297200e+05   3.7719727e+01
   3.5309900e+05   3.3996582e+01
   3.8647200e+05   3.5766602e+01
   4.0117100e+05   1.8529053e+03
   4.0121100e+05   5.8715820e+01
   4.0124900e+05   4.7058105e+01
   4.0127900e+05   4.2602539e+01
   4.0129400e+05   3.4484863e+01
   4.0130500e+05   4.4982910e+01
   4.0133400e+05   4.0893555e+01
   4.0137000e+05   4.0954590e+01
   4.0139600e+05   4.4738770e+01
   4.0143000e+05   4.8278809e+01
   4.0145900e+05   3.9245605e+01
   4.0147300e+05   3.7719727e+01
   4.0150500e+05   3.3142090e+01
   4.0156200e+05   3.2897949e+01
   4.0157600e+05   4.3273926e+01
   4.0170200e+05   3.1677246e+01
   4.0175600e+05   3.3935547e+01
   4.3051800e+05   3.3691406e+01
   4.4617600e+05   3.7780762e+01
   4.5118500e+05   1.8504639e+03
   4.5122400e+05   3.8635254e+01
   4.5125000e+05   3.9855957e+01
   4.5128500e+05   4.0710449e+01
   4.5131400e+05   3.8146973e+01
   4.5133900e+05   6.3049316e+01
   4.5136900e+05   3.2043457e+01
   4.5141100e+05   3.8208008e+01
   4.5142700e+05   3.3081055e+01
   4.5145200e+05   4.5410156e+01
   4.5148400e+05   3.2226563e+01
   4.5151100e+05   3.2470703e+01
   4.5152300e+05   3.5339355e+01
   4.5153700e+05   3.6743164e+01
   4.5157100e+05   3.3325195e+01
   4.5162100e+05   3.6071777e+01
   4.5192200e+05   3.2165527e+01
   4.5203400e+05   3.6926270e+01
   4.7364700e+05   3.2348633e+01
   4.9735200e+05   3.3325195e+01
   4.9941100e+05   3.2287598e+01
   5.0119900e+05   1.8455200e+03
   5.0123300e+05   3.3325195e+01
   5.0128700e+05   3.2104492e+01
   5.0131100e+05   3.5949707e+01
   5.0133300e+05   3.9489746e+01
   5.0135300e+05   5.0231934e+01
   5.0141900e+05   3.9123535e+01
   5.0146700e+05   3.7109375e+01
   5.0152500e+05   4.9682617e+01
   5.0157300e+05   3.1921387e+01
   5.0165100e+05   3.2592773e+01
   5.0179700e+05   3.2348633e+01
   5.0195100e+05   3.6193848e+01
   5.3518600e+05   5.4748535e+01
   5.4222800e+05   3.2653809e+01
   5.5121500e+05   3.8419800e+03
   5.5125200e+05   5.1391602e+01
   5.5133700e+05   5.2246094e+01
   5.5138700e+05   3.1921387e+01
   5.5143500e+05   4.5715332e+01
   5.5151200e+05   3.4667969e+01
   5.5155900e+05   3.4912109e+01
   5.5192000e+05   3.5522461e+01
   5.5207500e+05   5.1513672e+01
   5.8187800e+05   3.2470703e+01
   6.0122700e+05   1.8494873e+03
   6.0123700e+05   4.4738770e+01
   6.0126700e+05   4.7180176e+01
   6.0131900e+05   3.9672852e+01
   6.0134200e+05   3.4729004e+01
   6.0136700e+05   3.5339355e+01
   6.0139800e+05   3.3691406e+01
   6.0143700e+05   3.4057617e+01
   6.0146000e+05   3.4606934e+01
   6.0147300e+05   3.1555176e+01
   6.0149100e+05   4.7729492e+01
   6.0158900e+05   3.3569336e+01
   6.0162600e+05   4.0771484e+01
   6.0172100e+05   4.7729492e+01
   6.0173300e+05   3.2653809e+01
   6.0174500e+05   5.4138184e+01
   6.0177900e+05   4.6630859e+01
   6.0183700e+05   3.2043457e+01
   6.0186800e+05   7.2753906e+01
   6.0189200e+05   4.6691895e+01
   6.0197100e+05   4.3151855e+01
   6.0198900e+05   3.3447266e+01
   6.0206400e+05   4.0466309e+01
   6.0209500e+05   3.3020020e+01
   6.0215900e+05   3.3691406e+01
   6.0218800e+05   3.2470703e+01
   6.0224100e+05   3.1677246e+01
   6.0228300e+05   3.5034180e+01
   6.0243800e+05   3.3874512e+01
   6.0285900e+05   3.4667969e+01
   6.0289500e+05   3.3935547e+01
   6.0298900e+05   3.4484863e+01
   6.2611300e+05   5.1757813e+01
   6.4241600e+05   3.6376953e+01
   6.4710500e+05   3.3813477e+01
   6.4965200e+05   4.6081543e+01
   6.5124100e+05   1.8529053e+03
   6.5128100e+05   5.6457520e+01
   6.5130600e+05   3.8574219e+01
   6.5136200e+05   5.0292969e+01
   6.5138200e+05   3.3874512e+01
   6.5141100e+05   5.5664063e+01
   6.5144100e+05   4.2663574e+01
   6.5147700e+05   3.7475586e+01
   6.5149700e+05   3.4912109e+01
   6.5151900e+05   3.2165527e+01
   6.5161400e+05   3.5644531e+01
   6.5163700e+05   4.5715332e+01
   6.5175800e+05   3.2043457e+01
   6.5187900e+05   3.2104492e+01
   6.8965800e+05   3.2165527e+01
   7.0125700e+05   3.8378906e+03
   7.0126800e+05   3.1433105e+01
   7.0129500e+05   4.4799805e+01
   7.0131400e+05   3.7902832e+01
   7.0135000e+05   3.2104492e+01
   7.0137300e+05   3.3081055e+01
   7.0140200e+05   4.8339844e+01
   7.0142100e+05   3.6987305e+01
   7.0144000e+05   3.2226563e+01
   7.0146100e+05   3.3447266e+01
   7.0148400e+05   3.4484863e+01
   7.0150000e+05   3.5278320e+01
   7.0151100e+05   3.1372070e+01
   7.0154800e+05   3.3508301e+01
   7.0159200e+05   4.6264648e+01
   7.0160400e+05   4.3823242e+01
   7.0163200e+05   3.5949707e+01
   7.0169900e+05   3.2409668e+01
   7.0171600e+05   3.8818359e+01
   7.0174300e+05   3.3325195e+01
   7.0176800e+05   3.1494141e+01
   7.0179900e+05   3.2287598e+01
   7.0182600e+05   8.5632324e+01
   7.0187900e+05   3.3386230e+01
   7.0190500e+05   4.3457031e+01
   7.0192500e+05   3.2104492e+01
   7.0195400e+05   3.3813477e+01
   7.0198500e+05   3.4240723e+01
   7.0200200e+05   5.2856445e+01
   7.0209500e+05   3.4118652e+01
   7.0213700e+05   3.4667969e+01
   7.0226000e+05   4.4250488e+01
   7.5126900e+05   1.8323364e+03
   7.5130900e+05   4.7424316e+01
   7.5133100e+05   3.2470703e+01
   7.5138300e+05   3.6499023e+01
   7.5141100e+05   4.9865723e+01
   7.5144800e+05   3.3691406e+01
   7.5147000e+05   3.4301758e+01
   7.5149000e+05   3.3447266e+01
   7.5150900e+05   4.0039063e+01
   7.5155000e+05   5.6274414e+01
   7.5158500e+05   4.8645020e+01
   7.5161400e+05   4.7119141e+01
   7.5164100e+05   3.4240723e+01
   7.5167200e+05   3.7414551e+01
   7.5172100e+05   3.4729004e+01
   7.5173700e+05   5.0659180e+01
   7.5175400e+05   3.1799316e+01
   7.5179700e+05   3.5705566e+01
   7.5181200e+05   4.9621582e+01
   7.5183900e+05   3.4240723e+01
   7.5186900e+05   6.3476562e+01
   7.5189700e+05   3.3325195e+01
   7.5191600e+05   3.7841797e+01
   7.5194400e+05   3.2714844e+01
   7.5197600e+05   3.3813477e+01
   7.5198800e+05   4.7241211e+01
   7.5203100e+05   4.5776367e+01
   7.5208900e+05   5.1452637e+01
   7.5213000e+05   3.6132813e+01
   7.5216400e+05   3.3081055e+01
   7.5219200e+05   3.5522461e+01
   7.5230100e+05   3.6865234e+01
   7.5240700e+05   3.1494141e+01
   7.5248800e+05   4.0832520e+01
   7.5252800e+05   3.1372070e+01
   7.5254400e+05   3.3813477e+01
   7.5266500e+05   3.8024902e+01
   7.5283500e+05   3.6743164e+01
   8.0128300e+05   1.8464966e+03
   8.0132300e+05   6.6833496e+01
   8.0139800e+05   4.5959473e+01
   8.0141700e+05   4.0344238e+01
   8.0143000e+05   3.6804199e+01
   8.0145700e+05   3.6437988e+01
   8.0147200e+05   4.2114258e+01
   8.0150600e+05   4.9072266e+01
   8.0154700e+05   3.3813477e+01
   8.0159600e+05   4.0832520e+01
   8.0173700e+05   4.3640137e+01
   8.0186700e+05   3.3142090e+01
   8.0203200e+05   3.4851074e+01
   8.0213700e+05   3.2958984e+01
   8.0227900e+05   3.5583496e+01
   8.0287000e+05   3.2104492e+01
   8.3361500e+05   4.0466309e+01
   8.3373400e+05   3.1372070e+01
   8.3375300e+05   3.3264160e+01
   8.3378100e+05   3.1433105e+01
   8.3382400e+05   3.1860352e+01
   8.3392400e+05   3.1860352e+01
   8.3395200e+05   3.1494141e+01
   8.3407500e+05   3.7963867e+01
   8.3411300e+05   5.2124023e+01
   8.3416100e+05   3.2043457e+01
   8.3424700e+05   4.0649414e+01
   8.3428100e+05   3.5888672e+01
   8.3430500e+05   3.3508301e+01
   8.3455000e+05   3.2043457e+01
   8.3458800e+05   4.8828125e+01
   8.3468800e+05   3.6804199e+01
   8.3518900e+05   3.3508301e+01
   8.3526800e+05   3.1494141e+01
   8.3531000e+05   4.2236328e+01
   8.3556100e+05   3.6315918e+01
   8.3578900e+05   3.6254883e+01
   8.5129900e+05   3.8309326e+03
   8.5133700e+05   5.2124023e+01
   8.5135800e+05   3.2348633e+01
   8.5138500e+05   3.3752441e+01
   8.5141100e+05   3.7109375e+01
   8.5143800e+05   3.4179688e+01
   8.5152800e+05   3.4790039e+01
   8.5155900e+05   3.4606934e+01
   8.5159100e+05   3.6315918e+01
   8.5167400e+05   4.0710449e+01
   8.5174300e+05   3.3630371e+01
   8.5178500e+05   3.9123535e+01
   8.5189800e+05   3.8269043e+01
   8.5194800e+05   3.3203125e+01
   9.0131100e+05   1.8363037e+03
   9.0132200e+05   3.3264160e+01
   9.0135100e+05   4.9011230e+01
   9.0137200e+05   3.3996582e+01
   9.0140500e+05   3.8330078e+01
   9.0144600e+05   3.7231445e+01
   9.0154100e+05   3.1860352e+01
   9.0155800e+05   3.6376953e+01
   9.0160100e+05   3.2409668e+01
   9.0164100e+05   4.5227051e+01
   9.0173000e+05   3.6987305e+01
   9.0178200e+05   3.1799316e+01
   9.0191700e+05   3.3996582e+01
   9.0195400e+05   3.8330078e+01
   9.0203100e+05   3.2287598e+01
   9.0219300e+05   3.5644531e+01
   9.3664000e+05   3.1982422e+01
   9.5132500e+05   1.8432007e+03
   9.5136400e+05   5.1269531e+01
   9.5138700e+05   3.9733887e+01
   9.5145500e+05   3.3386230e+01
   9.5148000e+05   4.4006348e+01
   9.5150300e+05   3.2287598e+01
   9.5153800e+05   4.1015625e+01
   9.5156900e+05   3.5888672e+01
   9.5177700e+05   3.6315918e+01
   9.8917000e+05   4.5166016e+01
   1.0013410e+06   3.8320313e+03
   1.0013780e+06   6.2744141e+01
   1.0014300e+06   3.1372070e+01
   1.0014580e+06   4.3579102e+01
   1.0014870e+06   3.5949707e+01
   1.0015700e+06   3.3386230e+01
   1.0016190e+06   3.1494141e+01
   1.0016380e+06   3.6926270e+01
   1.0017060e+06   4.1015625e+01
   1.0034750e+06   3.5766602e+01
   1.0035340e+06   3.2165527e+01
   1.0035450e+06   3.3447266e+01
   1.0035760e+06   3.5766602e+01
   1.0036280e+06   3.5583496e+01
   1.0036400e+06   3.5400391e+01
   1.0036690e+06   3.4606934e+01
   1.0038130e+06   3.2104492e+01
   1.0038310e+06   3.2287598e+01
   1.0038760e+06   3.3569336e+01
   1.0039510e+06   3.4790039e+01
   1.0040700e+06   3.7536621e+01
   1.0041450e+06   3.5400391e+01
   1.0041640e+06   3.5217285e+01
   1.0386960e+06   3.3508301e+01
   1.0513530e+06   1.8284912e+03
   1.0513930e+06   5.4809570e+01
   1.0514150e+06   4.0466309e+01
   1.0514500e+06   3.3325195e+01
   1.0514720e+06   5.1696777e+01
   1.0514960e+06   3.1738281e+01
   1.0515100e+06   3.2165527e+01
   1.0515400e+06   4.0405273e+01
   1.0515540e+06   3.9916992e+01
   1.0515700e+06   3.2287598e+01
   1.0517180e+06   4.2907715e+01
   1.0875010e+06   3.1677246e+01
   1.1013690e+06   3.8273315e+03
   1.1014020e+06   4.4372559e+01
   1.1014320e+06   3.7231445e+01
   1.1014670e+06   5.2673340e+01
   1.1014900e+06   5.5114746e+01
   1.1015310e+06   3.4545898e+01
   1.1015630e+06   5.5175781e+01
   1.1016330e+06   3.6499023e+01
   1.1513810e+06   1.8309937e+03
   1.1514200e+06   7.7453613e+01
   1.1514780e+06   4.5837402e+01
   1.1515220e+06   3.9062500e+01
   1.1515700e+06   4.8767090e+01
   1.1516570e+06   3.4240723e+01
   1.1674870e+06   3.2226563e+01
   1.1742640e+06   3.2958984e+01
   1.1800720e+06   3.2470703e+01
   1.1825820e+06   3.2897949e+01
   1.2013970e+06   3.8195190e+03
   1.2014340e+06   6.0485840e+01
   1.2014590e+06   4.0161133e+01
   1.2014970e+06   3.6865234e+01
   1.2015100e+06   3.4240723e+01
   1.2015340e+06   3.4057617e+01
   1.2015630e+06   4.3945313e+01
   1.2016370e+06   3.6926270e+01
   1.2257540e+06   3.1799316e+01
   1.2417270e+06   3.7170410e+01
   1.2514110e+06   3.8241577e+03
   1.2514410e+06   4.2785645e+01
   1.2514520e+06   4.5654297e+01
   1.2515020e+06   4.2297363e+01
   1.2515280e+06   4.6447754e+01
   1.2515510e+06   3.8940430e+01
   1.2515640e+06   4.2846680e+01
   1.2516660e+06   3.1555176e+01
   1.2517110e+06   3.9855957e+01
   1.2745440e+06   3.1921387e+01
   1.2891720e+06   3.3813477e+01
   1.2898600e+06   3.3264160e+01
   1.2929320e+06   3.3569336e+01
   1.2953860e+06   3.5522461e+01
   1.3014230e+06   1.8261108e+03
   1.3014620e+06   5.7006836e+01
   1.3014890e+06   3.8574219e+01
   1.3015210e+06   4.0344238e+01
   1.3015510e+06   3.9306641e+01
   1.3015720e+06   4.3273926e+01
   1.3015970e+06   4.4616699e+01
   1.3016360e+06   3.6132813e+01
   1.3016650e+06   3.7597656e+01
   1.3016920e+06   3.5339355e+01
   1.3017040e+06   3.4179688e+01
   1.3017630e+06   3.9733887e+01
   1.3017960e+06   3.4484863e+01
   1.3221590e+06   3.5034180e+01
   1.3223840e+06   5.6945801e+01
   1.3225110e+06   3.9855957e+01
   1.3225230e+06   3.4973145e+01
   1.3225560e+06   3.9611816e+01
   1.3226150e+06   3.3264160e+01
   1.3227700e+06   5.4138184e+01
   1.3227930e+06   3.4179688e+01
   1.3229010e+06   3.1494141e+01
   1.3231260e+06   4.1137695e+01
   1.3231750e+06   3.8452148e+01
   1.3233780e+06   3.4973145e+01
   1.3233970e+06   3.4118652e+01
   1.3234970e+06   3.8146973e+01
   1.3235980e+06   3.9428711e+01
   1.3507540e+06   3.2836914e+01
   1.3514370e+06   1.8267212e+03
   1.3514470e+06   3.8513184e+01
   1.3514770e+06   5.0659180e+01
   1.3515340e+06   3.8635254e+01
   1.3515440e+06   3.7658691e+01
   1.3515650e+06   3.1860352e+01
   1.3515900e+06   3.4667969e+01
   1.3516200e+06   3.9733887e+01
   1.3516860e+06   3.3020020e+01
   1.3519760e+06   3.5766602e+01
   1.3684210e+06   4.0039063e+01
   1.3839880e+06   4.2663574e+01
   1.3840170e+06   3.6071777e+01
   1.3840500e+06   4.9072266e+01
   1.3840760e+06   4.4799805e+01
   1.3841110e+06   3.3935547e+01
   1.3841510e+06   3.9428711e+01
   1.3841990e+06   4.7180176e+01
   1.3842660e+06   3.4423828e+01
   1.3843160e+06   3.6010742e+01
   1.3843520e+06   3.3142090e+01
   1.3844080e+06   3.5339355e+01
   1.3849230e+06   3.3935547e+01
   1.3851350e+06   3.1860352e+01
   1.3854770e+06   3.4118652e+01
   1.3855740e+06   3.3752441e+01
   1.3856850e+06   3.6010742e+01
   1.4014530e+06   3.8180542e+03
   1.4014900e+06   4.2724609e+01
   1.4015270e+06   3.3752441e+01
   1.4015580e+06   4.6081543e+01
   1.4015810e+06   3.2470703e+01
   1.4289110e+06   3.4240723e+01
   1.4384600e+06   5.1940918e+01
   1.4514670e+06   3.8223877e+03
   1.4515050e+06   4.3212891e+01
   1.4515360e+06   3.5644531e+01
   1.4515620e+06   4.2724609e+01
   1.4515900e+06   4.6936035e+01
   1.4516080e+06   3.3386230e+01
   1.4516370e+06   3.1433105e+01
   1.4517230e+06   3.6682129e+01
   1.4517340e+06   3.6865234e+01
   1.4517860e+06   4.7363281e+01
   1.4518160e+06   3.6437988e+01
   1.4518390e+06   4.0954590e+01
   1.4518600e+06   3.8391113e+01
   1.4518820e+06   4.3762207e+01
   1.4523300e+06   3.5461426e+01
   1.4523600e+06   3.3813477e+01
   1.4524490e+06   3.5827637e+01
   1.4525590e+06   3.7170410e+01
   1.4525830e+06   3.1921387e+01
   1.4526150e+06   3.7414551e+01
   1.4526620e+06   4.1076660e+01
   1.4526980e+06   3.3203125e+01
   1.4528870e+06   3.1982422e+01
   1.4843570e+06   3.1616211e+01
   1.4903220e+06   4.4799805e+01
   1.4903470e+06   3.9855957e+01
   1.4904030e+06   4.3640137e+01
   1.4904300e+06   6.1279297e+01
   1.4904410e+06   3.6071777e+01
   1.4904650e+06   4.6386719e+01
   1.4904830e+06   3.2165527e+01
   1.4905040e+06   3.2958984e+01
   1.4905390e+06   3.8757324e+01
   1.4905550e+06   6.3903809e+01
   1.4905750e+06   3.5705566e+01
   1.4906130e+06   3.4484863e+01
   1.4906440e+06   4.4616699e+01
   1.4906720e+06   3.4423828e+01
   1.4907000e+06   4.0710449e+01
   1.4907310e+06   4.4616699e+01
   1.4907490e+06   3.7597656e+01
   1.4908330e+06   5.1330566e+01
   1.4909130e+06   5.1330566e+01
   1.4909230e+06   4.4067383e+01
   1.4909470e+06   3.6437988e+01
   1.4909840e+06   3.5644531e+01
   1.4910120e+06   3.3508301e+01
   1.4910390e+06   4.7973633e+01
   1.4910550e+06   3.4362793e+01
   1.4910720e+06   4.2358398e+01
   1.4910970e+06   4.1381836e+01
   1.4911630e+06   3.8146973e+01
   1.4911750e+06   4.0283203e+01
   1.4912060e+06   4.0222168e+01
   1.4912180e+06   3.7048340e+01
   1.4912690e+06   4.6875000e+01
   1.4913020e+06   3.2409668e+01
   1.4913710e+06   3.1860352e+01
   1.4914060e+06   4.3579102e+01
   1.4915020e+06   3.3264160e+01
   1.4915360e+06   3.5461426e+01
   1.4916240e+06   3.4606934e+01
   1.4916630e+06   3.1494141e+01
   1.4917340e+06   3.3264160e+01
   1.4918800e+06   3.4423828e+01
   1.4922420e+06   3.2409668e+01
   1.4924790e+06   3.8452148e+01
   1.4927040e+06   3.1799316e+01
   1.4929850e+06   3.2836914e+01
   1.4945560e+06   3.2226563e+01
   1.5014790e+06   1.8321533e+03
   1.5015130e+06   3.1799316e+01
   1.5015430e+06   3.2714844e+01
   1.5015640e+06   4.4677734e+01
   1.5016050e+06   3.6621094e+01
   1.5016370e+06   3.9001465e+01
   1.5018300e+06   3.4362793e+01
   1.5101330e+06   3.2104492e+01
   1.5137590e+06   3.1616211e+01
   1.5137960e+06   3.5339355e+01
   1.5138250e+06   3.5888672e+01
   1.5138390e+06   3.5095215e+01
   1.5138530e+06   3.6010742e+01
   1.5138830e+06   3.5461426e+01
   1.5139240e+06   5.7006836e+01
   1.5139560e+06   3.3386230e+01
   1.5139750e+06   3.8574219e+01
   1.5139930e+06   4.5959473e+01
   1.5140130e+06   7.3730469e+01
   1.5140280e+06   3.5156250e+01
   1.5140440e+06   3.2043457e+01
   1.5140820e+06   3.1555176e+01
   1.5141080e+06   3.9123535e+01
   1.5141250e+06   3.2470703e+01
   1.5141700e+06   4.8339844e+01
   1.5142260e+06   5.1086426e+01
   1.5142640e+06   3.9428711e+01
   1.5142980e+06   4.0283203e+01
   1.5143830e+06   3.2714844e+01
   1.5144130e+06   3.3813477e+01
   1.5144950e+06   3.5522461e+01
   1.5146220e+06   4.9255371e+01
   1.5147280e+06   3.3630371e+01
   1.5367490e+06   5.6884766e+01
   1.5448190e+06   3.1799316e+01
   1.5448510e+06   3.5217285e+01
   1.5449270e+06   4.5959473e+01
   1.5449720e+06   3.2104492e+01
   1.5449950e+06   4.1809082e+01
   1.5450330e+06   3.6071777e+01
   1.5450600e+06   4.7180176e+01
   1.5451230e+06   3.5400391e+01
   1.5451520e+06   3.4240723e+01
   1.5452220e+06   3.2470703e+01
   1.5452680e+06   3.3752441e+01
   1.5453010e+06   5.1452637e+01
   1.5453200e+06   3.8269043e+01
   1.5453580e+06   3.8269043e+01
   1.5514930e+06   1.8221436e+03
   1.5515340e+06   4.0649414e+01
   1.5515560e+06   3.2531738e+01
   1.5515910e+06   3.3630371e+01
   1.5517490e+06   3.1677246e+01
   1.5626250e+06   3.9184570e+01
   1.5626870e+06   3.4301758e+01
   1.5627270e+06   4.2419434e+01
   1.5627780e+06   3.2775879e+01
   1.5628020e+06   3.4057617e+01
   1.5777070e+06   3.1555176e+01
   1.5820540e+06   3.2470703e+01
   1.5820770e+06   3.7780762e+01
   1.5820910e+06   4.7363281e+01
   1.5821200e+06   4.2724609e+01
   1.5821310e+06   5.6945801e+01
   1.5821590e+06   4.8583984e+01
   1.5821720e+06   5.3833008e+01
   1.5821880e+06   3.2592773e+01
   1.5822030e+06   4.4189453e+01
   1.5822300e+06   3.9245605e+01
   1.5822500e+06   5.1940918e+01
   1.5822630e+06   3.7658691e+01
   1.5822880e+06   4.2602539e+01
   1.5823010e+06   4.0405273e+01
   1.5823350e+06   4.9804688e+01
   1.5823710e+06   4.7912598e+01
   1.5824040e+06   4.2297363e+01
   1.5824240e+06   3.1494141e+01
   1.5824460e+06   4.6691895e+01
   1.5824640e+06   4.1198730e+01
   1.5824810e+06   3.7963867e+01
   1.5825100e+06   4.6813965e+01
   1.5825380e+06   4.3762207e+01
   1.5825850e+06   3.8330078e+01
   1.5825970e+06   3.2348633e+01
   1.5826180e+06   4.5837402e+01
   1.5826640e+06   3.7292480e+01
   1.5827050e+06   3.7475586e+01
   1.5827150e+06   3.5339355e+01
   1.5827400e+06   3.3142090e+01
   1.5827880e+06   3.6865234e+01
   1.5828180e+06   3.7475586e+01
   1.5828520e+06   3.4912109e+01
   1.5828730e+06   3.2409668e+01
   1.5829020e+06   4.4677734e+01
   1.5829350e+06   3.8391113e+01
   1.5829710e+06   3.5644531e+01
   1.5830100e+06   3.9367676e+01
   1.5830510e+06   3.8818359e+01
   1.5830980e+06   3.5949707e+01
   1.5831410e+06   3.8208008e+01
   1.5831980e+06   3.1372070e+01
   1.5832160e+06   3.7780762e+01
   1.5832610e+06   4.1748047e+01
   1.5833040e+06   3.3874512e+01
   1.5833390e+06   4.1931152e+01
   1.5834350e+06   4.5715332e+01
   1.5834520e+06   3.7841797e+01
   1.5835280e+06   4.4311523e+01
   1.5836460e+06   3.3691406e+01
   1.5837310e+06   3.5156250e+01
   1.5837750e+06   3.8330078e+01
   1.5838570e+06   3.6682129e+01
   1.5839840e+06   3.1921387e+01
   1.5841240e+06   3.5949707e+01
   1.5843330e+06   3.9794922e+01
   1.5845140e+06   3.9428711e+01
   1.5845600e+06   3.4484863e+01
   1.5846880e+06   3.1982422e+01
   1.5850090e+06   3.3996582e+01
   1.5860580e+06   3.3386230e+01
   1.5868280e+06   3.5278320e+01
   1.5869260e+06   3.2897949e+01
   1.5875860e+06   3.3996582e+01
   1.6015070e+06   1.8201904e+03
   1.6015480e+06   5.2734375e+01
   1.6015670e+06   3.5278320e+01
   1.6016010e+06   3.5156250e+01
   1.6016320e+06   3.3935547e+01
   1.6017110e+06   3.4484863e+01
   1.6140580e+06   3.5156250e+01
   1.6174310e+06   3.2470703e+01
   1.6174820e+06   3.3813477e+01
   1.6175000e+06   5.2490234e+01
   1.6176000e+06   3.1616211e+01
   1.6344350e+06   3.2531738e+01
   1.6356660e+06   3.6560059e+01
   1.6356890e+06   3.4729004e+01
   1.6515210e+06   1.8262939e+03
   1.6515550e+06   3.2104492e+01
   1.6516030e+06   3.4362793e+01
   1.6516300e+06   4.9499512e+01
   1.6516600e+06   4.5715332e+01
   1.6517310e+06   3.8208008e+01
   1.6517570e+06   3.2470703e+01
   1.6517820e+06   3.2958984e+01
   1.6518480e+06   3.8208008e+01
   1.6519020e+06   3.8391113e+01
   1.6519390e+06   3.1860352e+01
   1.6519690e+06   3.3630371e+01
   1.6520480e+06   3.3508301e+01
   1.6520630e+06   3.4545898e+01
   1.6520840e+06   3.2775879e+01
   1.6521420e+06   4.1564941e+01
   1.6522100e+06   3.3447266e+01
   1.6522930e+06   3.7109375e+01
   1.6523500e+06   3.8208008e+01
   1.6621200e+06   3.3508301e+01
   1.6622110e+06   3.2348633e+01
   1.6720600e+06   3.1616211e+01
   1.6723150e+06   3.7170410e+01
   1.6833400e+06   3.1433105e+01
   1.6834130e+06   3.8696289e+01
   1.6834390e+06   3.1555176e+01
   1.6954250e+06   3.3447266e+01
   1.6954600e+06   3.2714844e+01
   1.6954780e+06   3.2531738e+01
   1.6957780e+06   3.3020020e+01
   1.6960460e+06   3.3752441e+01
   1.7015350e+06   1.8203735e+03
   1.7015750e+06   5.2673340e+01
   1.7016400e+06   4.7302246e+01
   1.7016860e+06   3.4851074e+01
   1.7017630e+06   3.5644531e+01
   1.7143010e+06   4.0954590e+01
   1.7143380e+06   3.8452148e+01
   1.7143600e+06   3.9611816e+01
   1.7143810e+06   3.2592773e+01
   1.7143970e+06   3.2165527e+01
   1.7144300e+06   3.8940430e+01
   1.7144450e+06   5.0964355e+01
   1.7144740e+06   3.2409668e+01
   1.7144910e+06   3.2287598e+01
   1.7145260e+06   3.9550781e+01
   1.7145520e+06   4.0649414e+01
   1.7145730e+06   3.1555176e+01
   1.7146180e+06   4.6325684e+01
   1.7146350e+06   3.5095215e+01
   1.7146560e+06   4.9621582e+01
   1.7146730e+06   3.3508301e+01
   1.7146950e+06   3.6865234e+01
   1.7147430e+06   4.3884277e+01
   1.7148060e+06   3.1616211e+01
   1.7148390e+06   3.3569336e+01
   1.7148570e+06   3.7841797e+01
   1.7148920e+06   3.2470703e+01
   1.7149170e+06   3.1921387e+01
   1.7149370e+06   4.4799805e+01
   1.7149750e+06   3.3081055e+01
   1.7149920e+06   5.0354004e+01
   1.7150140e+06   3.1616211e+01
   1.7150500e+06   3.3264160e+01
   1.7150660e+06   3.6621094e+01
   1.7151750e+06   4.1076660e+01
   1.7153840e+06   4.3212891e+01
   1.7155100e+06   3.4240723e+01
   1.7163750e+06   3.3325195e+01
   1.7316260e+06   4.2480469e+01
   1.7335520e+06   3.9489746e+01
   1.7336180e+06   5.9692383e+01
   1.7337000e+06   3.2470703e+01
   1.7339500e+06   3.4667969e+01
   1.7438900e+06   4.2846680e+01
   1.7439500e+06   3.2897949e+01
   1.7440000e+06   3.5217285e+01
   1.7440310e+06   4.5593262e+01
   1.7440700e+06   4.4189453e+01
   1.7441050e+06   3.8208008e+01
   1.7441290e+06   5.5541992e+01
   1.7441770e+06   3.4912109e+01
   1.7442140e+06   4.0893555e+01
   1.7442250e+06   3.2714844e+01
   1.7442620e+06   3.3630371e+01
   1.7442890e+06   3.6621094e+01
   1.7443240e+06   3.5217285e+01
   1.7443510e+06   3.1372070e+01
   1.7443790e+06   4.9133301e+01
   1.7444130e+06   5.2673340e+01
   1.7444390e+06   3.1372070e+01
   1.7444630e+06   4.1259766e+01
   1.7444910e+06   4.1564941e+01
   1.7445070e+06   5.0415039e+01
   1.7445370e+06   3.2287598e+01
   1.7447050e+06   3.3264160e+01
   1.7450160e+06   3.3386230e+01
   1.7515510e+06   3.8178101e+03
   1.7515900e+06   4.7668457e+01
   1.7516120e+06   3.6376953e+01
   1.7516340e+06   3.1555176e+01
   1.7517060e+06   3.3020020e+01
   1.7520670e+06   3.7597656e+01
   1.7592110e+06   3.7231445e+01
   1.7592520e+06   3.5644531e+01
   1.7592950e+06   3.1921387e+01
   1.7595080e+06   3.9367676e+01
   1.7723170e+06   3.9245605e+01
   1.7723440e+06   4.5898438e+01
   1.7723730e+06   4.0527344e+01
   1.7724050e+06   5.0354004e+01
   1.7724490e+06   3.7475586e+01
   1.7724640e+06   3.3935547e+01
   1.7724780e+06   5.2978516e+01
   1.7725300e+06   3.3264160e+01
   1.7725470e+06   4.9865723e+01
   1.7725640e+06   9.3994141e+01
   1.7726000e+06   4.4921875e+01
   1.7726110e+06   3.5827637e+01
   1.7726390e+06   3.1372070e+01
   1.7726700e+06   4.0649414e+01
   1.7727260e+06   4.4006348e+01
   1.7727470e+06   3.9978027e+01
   1.7727930e+06   3.8146973e+01
   1.7728740e+06   5.3894043e+01
   1.7729040e+06   3.2409668e+01
   1.7729170e+06   4.5532227e+01
   1.7729340e+06   4.0344238e+01
   1.7729550e+06   3.9611816e+01
   1.7729650e+06   3.1860352e+01
   1.7729990e+06   3.4973145e+01
   1.7730370e+06   3.4912109e+01
   1.7730490e+06   3.2104492e+01
   1.7730730e+06   3.7292480e+01
   1.7733170e+06   3.3386230e+01
   1.7735380e+06   3.7170410e+01
   1.7890770e+06   3.5766602e+01
   1.7899890e+06   3.2653809e+01
   1.7900660e+06   3.1738281e+01
   1.7900990e+06   4.1381836e+01
   1.7901290e+06   3.2409668e+01
   1.7901650e+06   3.7902832e+01
   1.7901840e+06   4.4067383e+01
   1.7902020e+06   3.2836914e+01
   1.7902280e+06   4.8461914e+01
   1.7902710e+06   3.7048340e+01
   1.7903040e+06   3.5766602e+01
   1.7903470e+06   3.6621094e+01
   1.7904220e+06   3.8757324e+01
   1.7904580e+06   3.7109375e+01
   1.7904980e+06   3.9245605e+01
   1.7905120e+06   3.2470703e+01
   1.7905670e+06   3.4423828e+01
   1.7906540e+06   3.5217285e+01
   1.7906930e+06   3.2897949e+01
   1.7910750e+06   3.3386230e+01
   1.8015630e+06   1.8231812e+03
   1.8015740e+06   3.1494141e+01
   1.8016050e+06   5.0659180e+01
   1.8016230e+06   4.3518066e+01
   1.8016540e+06   3.2958984e+01
   1.8016810e+06   3.9306641e+01
   1.8017130e+06   3.7292480e+01
   1.8017410e+06   3.3142090e+01
   1.8017670e+06   4.2053223e+01
   1.8017800e+06   3.6132813e+01
   1.8018190e+06   3.2104492e+01
   1.8025750e+06   4.0344238e+01
   1.8026180e+06   3.8879395e+01
   1.8026470e+06   3.5949707e+01
   1.8026820e+06   3.3203125e+01
   1.8027070e+06   4.1381836e+01
   1.8027250e+06   3.4362793e+01
   1.8027640e+06   4.4006348e+01
   1.8027950e+06   3.7353516e+01
   1.8029120e+06   3.2836914e+01
   1.8029560e+06   3.4057617e+01
   1.8029690e+06   5.5053711e+01
   1.8030410e+06   3.4667969e+01
   1.8030950e+06   3.2958984e+01
   1.8031800e+06   3.8269043e+01
   1.8032460e+06   3.7841797e+01
   1.8199550e+06   3.2653809e+01
   1.8200980e+06   3.2226563e+01
   1.8202090e+06   3.4729004e+01
   1.8202440e+06   3.1799316e+01
   1.8202830e+06   3.3386230e+01
   1.8203180e+06   3.2958984e+01
   1.8203570e+06   3.9611816e+01
   1.8204530e+06   4.7119141e+01
   1.8204710e+06   4.2236328e+01
   1.8205950e+06   3.9306641e+01
   1.8206280e+06   4.6630859e+01
   1.8211100e+06   3.2104492e+01
   1.8343620e+06   4.0161133e+01
   1.8343990e+06   3.6315918e+01
   1.8344120e+06   5.8410645e+01
   1.8344260e+06   3.9978027e+01
   1.8344400e+06   4.4006348e+01
   1.8344660e+06   5.2551270e+01
   1.8344810e+06   3.1982422e+01
   1.8345030e+06   5.6640625e+01
   1.8345180e+06   3.4362793e+01
   1.8345320e+06   4.6264648e+01
   1.8345600e+06   3.1799316e+01
   1.8345860e+06   5.0537109e+01
   1.8346000e+06   5.7983398e+01
   1.8346360e+06   3.6376953e+01
   1.8346530e+06   3.3813477e+01
   1.8346710e+06   4.1198730e+01
   1.8347120e+06   4.6386719e+01
   1.8347220e+06   4.0832520e+01
   1.8347510e+06   4.9499512e+01
   1.8347830e+06   3.2653809e+01
   1.8348110e+06   5.1269531e+01
   1.8348340e+06   4.2907715e+01
   1.8348710e+06   3.1921387e+01
   1.8348840e+06   4.2419434e+01
   1.8349200e+06   3.3813477e+01
   1.8349560e+06   5.1635742e+01
   1.8350080e+06   4.2968750e+01
   1.8350280e+06   3.2043457e+01
   1.8350740e+06   3.8513184e+01
   1.8351110e+06   3.8696289e+01
   1.8351430e+06   3.2775879e+01
   1.8351980e+06   3.4423828e+01
   1.8352620e+06   3.5339355e+01
   1.8353090e+06   3.9489746e+01
   1.8353290e+06   3.3935547e+01
   1.8353410e+06   3.4667969e+01
   1.8354300e+06   3.6071777e+01
   1.8354960e+06   4.1564941e+01
   1.8355580e+06   3.1677246e+01
   1.8355760e+06   4.1809082e+01
   1.8356830e+06   3.2043457e+01
   1.8357640e+06   3.5766602e+01
   1.8357960e+06   3.4973145e+01
   1.8358860e+06   4.1076660e+01
   1.8359250e+06   3.1860352e+01
   1.8363870e+06   3.3569336e+01
   1.8394100e+06   3.3325195e+01
   1.8397860e+06   3.1433105e+01
   1.8515770e+06   1.8222046e+03
   1.8516190e+06   4.7729492e+01
   1.8516500e+06   3.3386230e+01
   1.8516630e+06   4.8645020e+01
   1.8517140e+06   4.1931152e+01
   1.8517260e+06   4.0832520e+01
   1.8517570e+06   4.6203613e+01
   1.8517740e+06   3.4179688e+01
   1.8518290e+06   5.2124023e+01
   1.8518700e+06   3.5644531e+01
   1.8518900e+06   4.7851563e+01
   1.8519350e+06   3.5522461e+01
   1.8520700e+06   3.4240723e+01
   1.8522220e+06   3.6865234e+01
   1.8635050e+06   3.6926270e+01
   1.8641430e+06   3.8879395e+01
   1.8641700e+06   3.8330078e+01
   1.8641870e+06   3.6071777e+01
   1.8642840e+06   3.5339355e+01
   1.8644600e+06   3.1433105e+01
   1.8644990e+06   5.5603027e+01
   1.8645620e+06   3.6315918e+01
   1.8788070e+06   3.1494141e+01
   1.8788330e+06   4.9743652e+01
   1.8788530e+06   3.2958984e+01
   1.8788900e+06   4.2419434e+01
   1.8789090e+06   3.1616211e+01
   1.8789260e+06   5.0231934e+01
   1.8789540e+06   3.3142090e+01
   1.8789640e+06   4.8278809e+01
   1.8790300e+06   3.6254883e+01
   1.8790520e+06   3.4118652e+01
   1.8791220e+06   4.8278809e+01
   1.8791510e+06   4.0710449e+01
   1.8791700e+06   3.4301758e+01
   1.8792080e+06   4.4372559e+01
   1.8948500e+06   3.5156250e+01
   1.8948830e+06   3.6499023e+01
   1.8949120e+06   3.5034180e+01
   1.8949580e+06   6.0302734e+01
   1.8949730e+06   3.8391113e+01
   1.8950370e+06   4.1931152e+01
   1.8951150e+06   3.2653809e+01
   1.8951360e+06   3.6560059e+01
   1.8951550e+06   3.9001465e+01
   1.8951950e+06   3.5583496e+01
   1.8952130e+06   3.9916992e+01
   1.8952880e+06   3.3142090e+01
   1.8953020e+06   4.0039063e+01
   1.8953400e+06   3.3386230e+01
   1.8954180e+06   3.5156250e+01
   1.8954880e+06   3.2897949e+01
   1.9015910e+06   1.8217773e+03
   1.9016320e+06   5.4748535e+01
   1.9113530e+06   3.7536621e+01
   1.9113920e+06   3.6987305e+01
   1.9114170e+06   3.5156250e+01
   1.9114700e+06   6.3598633e+01
   1.9114930e+06   3.9062500e+01
   1.9115030e+06   5.3100586e+01
   1.9115700e+06   4.5227051e+01
   1.9115810e+06   4.1015625e+01
   1.9116070e+06   4.0039063e+01
   1.9116360e+06   3.7414551e+01
   1.9116550e+06   3.5034180e+01
   1.9116940e+06   3.7170410e+01
   1.9117110e+06   3.2531738e+01
   1.9117290e+06   3.2043457e+01
   1.9117490e+06   5.0048828e+01
   1.9118320e+06   3.4545898e+01
   1.9118500e+06   3.2470703e+01
   1.9119100e+06   4.1992188e+01
   1.9119630e+06   3.5339355e+01
   1.9121210e+06   3.1433105e+01
   1.9121960e+06   3.5339355e+01
   1.9290620e+06   6.2622070e+01
   1.9290790e+06   3.2287598e+01
   1.9291110e+06   3.7902832e+01
   1.9291260e+06   4.3701172e+01
   1.9291370e+06   4.1381836e+01
   1.9291670e+06   5.2612305e+01
   1.9291960e+06   4.0771484e+01
   1.9292120e+06   3.6132813e+01
   1.9292320e+06   3.4667969e+01
   1.9292520e+06   3.9550781e+01
   1.9292620e+06   3.6560059e+01
   1.9293020e+06   3.7536621e+01
   1.9293190e+06   3.6499023e+01
   1.9293500e+06   3.3752441e+01
   1.9293800e+06   4.5166016e+01
   1.9293900e+06   3.1799316e+01
   1.9294180e+06   4.5227051e+01
   1.9294340e+06   3.4606934e+01
   1.9295080e+06   3.7109375e+01
   1.9295240e+06   3.2165527e+01
   1.9295640e+06   3.6010742e+01
   1.9296010e+06   3.3874512e+01
   1.9296440e+06   3.8757324e+01
   1.9297450e+06   3.9062500e+01
   1.9298620e+06   3.1799316e+01
   1.9301330e+06   3.2775879e+01
   1.9463490e+06   3.6132813e+01
   1.9463770e+06   6.0302734e+01
   1.9463900e+06   3.8452148e+01
   1.9464150e+06   6.4697266e+01
   1.9464300e+06   5.3527832e+01
   1.9464590e+06   6.7749023e+01
   1.9465040e+06   4.7241211e+01
   1.9465270e+06   5.3588867e+01
   1.9465430e+06   3.6621094e+01
   1.9465600e+06   4.0527344e+01
   1.9466040e+06   4.0649414e+01
   1.9466410e+06   3.7597656e+01
   1.9466580e+06   3.3264160e+01
   1.9466780e+06   4.6325684e+01
   1.9466880e+06   4.1442871e+01
   1.9467490e+06   3.3874512e+01
   1.9467930e+06   3.2165527e+01
   1.9468360e+06   3.2836914e+01
   1.9468490e+06   3.4057617e+01
   1.9468840e+06   3.3325195e+01
   1.9469260e+06   3.8574219e+01
   1.9473660e+06   3.8330078e+01
   1.9516040e+06   9.8327637e+01
   1.9516480e+06   4.7973633e+01
   1.9516720e+06   3.3264160e+01
   1.9649920e+06   3.9001465e+01
   1.9650150e+06   3.9184570e+01
   1.9650430e+06   4.0832520e+01
   1.9650700e+06   5.7189941e+01
   1.9650950e+06   3.5827637e+01
   1.9651070e+06   4.1992188e+01
   1.9651420e+06   4.3640137e+01
   1.9651520e+06   4.5898438e+01
   1.9651780e+06   3.9306641e+01
   1.9651880e+06   1.0131836e+02
   1.9652250e+06   4.1625977e+01
   1.9652700e+06   3.2165527e+01
   1.9652900e+06   5.0842285e+01
   1.9653080e+06   3.6743164e+01
   1.9653220e+06   4.5837402e+01
   1.9653560e+06   4.7302246e+01
   1.9654010e+06   4.0161133e+01
   1.9654240e+06   3.2653809e+01
   1.9654380e+06   4.4189453e+01
   1.9654770e+06   3.4729004e+01
   1.9655620e+06   3.7170410e+01
   1.9656720e+06   3.2836914e+01
   1.9815830e+06   3.1860352e+01
   1.9816360e+06   4.0100098e+01
   1.9816870e+06   5.4626465e+01
   1.9817160e+06   3.1494141e+01
   1.9817340e+06   4.1564941e+01
   1.9817670e+06   3.5400391e+01
   1.9818090e+06   3.9611816e+01
   1.9818420e+06   3.7597656e+01
   1.9818780e+06   3.1677246e+01
   1.9819180e+06   3.7597656e+01
   1.9820190e+06   3.1433105e+01
   1.9820530e+06   3.4301758e+01
   1.9821130e+06   3.4790039e+01
   1.9821730e+06   3.8696289e+01
   1.9981580e+06   3.5400391e+01
   1.9981860e+06   3.9916992e+01
   1.9982110e+06   3.5339355e+01
   1.9982380e+06   5.6457520e+01
   1.9982630e+06   4.4372559e+01
   1.9982970e+06   3.4790039e+01
   1.9983180e+06   6.3232422e+01
   1.9983330e+06   4.6936035e+01
   1.9983590e+06   4.7424316e+01
   1.9983910e+06   4.7546387e+01
   1.9984050e+06   4.3212891e+01
   1.9984680e+06   3.5217285e+01
   1.9984970e+06   3.1494141e+01
   1.9985610e+06   3.4606934e+01
   2.0016190e+06   1.8242188e+03
   2.0016610e+06   4.1381836e+01
   2.0017180e+06   3.6132813e+01
   2.0154050e+06   3.8940430e+01
   2.0154310e+06   4.9316406e+01
   2.0154600e+06   3.6071777e+01
   2.0154820e+06   3.3203125e+01
   2.0154970e+06   4.0893555e+01
   2.0155070e+06   4.5104980e+01
   2.0155520e+06   3.3203125e+01
   2.0155650e+06   3.6010742e+01
   2.0156270e+06   4.7973633e+01
   2.0156710e+06   3.4179688e+01
   2.0157400e+06   5.4077148e+01
   2.0326390e+06   3.2470703e+01
   2.0326890e+06   3.3630371e+01
   2.0326990e+06   3.8024902e+01
   2.0327220e+06   4.2480469e+01
   2.0327530e+06   4.7363281e+01
   2.0327670e+06   5.5725098e+01
   2.0327920e+06   3.3996582e+01
   2.0328160e+06   4.1076660e+01
   2.0328380e+06   3.3752441e+01
   2.0328580e+06   3.1860352e+01
   2.0328800e+06   5.7067871e+01
   2.0329120e+06   3.3325195e+01
   2.0329400e+06   4.6142578e+01
   2.0329660e+06   3.5095215e+01
   2.0330380e+06   3.2226563e+01
   2.0490640e+06   3.1860352e+01
   2.0491780e+06   3.9611816e+01
   2.0492100e+06   3.2348633e+01
   2.0492260e+06   4.8645020e+01
   2.0492790e+06   3.8269043e+01
   2.0492960e+06   4.5837402e+01
   2.0493340e+06   3.5095215e+01
   2.0494230e+06   3.7597656e+01
   2.0516350e+06   3.8150024e+03
   2.0516750e+06   4.4067383e+01
   2.0516960e+06   3.3508301e+01
   2.0518710e+06   3.7292480e+01
   2.0733750e+06   3.3508301e+01
   2.0940770e+06   3.4118652e+01
   2.1016490e+06   3.8188477e+03
   2.1016870e+06   5.7983398e+01
   2.1017130e+06   4.2480469e+01
   2.1017470e+06   3.2470703e+01
   2.1017790e+06   3.3752441e+01
   2.1017970e+06   4.0527344e+01
   2.1018790e+06   4.1015625e+01
   2.1019720e+06   3.2592773e+01
   2.1234280e+06   3.4729004e+01
   2.1507230e+06   3.2348633e+01
   2.1516610e+06   1.8279419e+03
   2.1516980e+06   3.6315918e+01
   2.1517400e+06   3.4057617e+01
   2.1517740e+06   3.7292480e+01
   2.1518110e+06   3.3569336e+01
   2.1518310e+06   3.3081055e+01
   2.1518660e+06   4.1442871e+01
   2.1519000e+06   4.1137695e+01
   2.1520340e+06   3.7292480e+01
   2.1522580e+06   3.1677246e+01
   2.1716350e+06   3.1982422e+01
   2.1729690e+06   3.1616211e+01
   2.1758000e+06   3.4118652e+01
   2.2001640e+06   3.2409668e+01
   2.2003380e+06   3.2226563e+01
   2.2016750e+06   1.8312988e+03
   2.2016860e+06   3.4545898e+01
   2.2017150e+06   7.5683594e+01
   2.2017940e+06   3.4729004e+01
   2.2018300e+06   3.5827637e+01
   2.2018630e+06   4.9133301e+01
   2.2032860e+06   3.7719727e+01
   2.2083130e+06   3.5766602e+01
   2.2111880e+06   3.4423828e+01
   2.2145980e+06   3.1677246e+01
   2.2303660e+06   3.9855957e+01
   2.2516910e+06   3.8150635e+03
   2.2517280e+06   5.2856445e+01
   2.2517650e+06   3.5766602e+01
   2.2517770e+06   3.7841797e+01
   2.2520500e+06   3.1738281e+01
   2.2527540e+06   3.2836914e+01
   2.2548820e+06   3.5644531e+01
   2.2589670e+06   3.5583496e+01
   2.2607290e+06   3.6621094e+01
   2.2665940e+06   3.5888672e+01
   2.2675640e+06   3.1494141e+01
   2.2800690e+06   3.7353516e+01
   2.2806490e+06   3.4057617e+01
   2.2807040e+06   5.2185059e+01
   2.2808370e+06   3.7536621e+01
   2.3017050e+06   3.7959595e+03
   2.3017390e+06   3.1555176e+01
   2.3018190e+06   3.7658691e+01
   2.3018450e+06   3.5095215e+01
   2.3018910e+06   3.7902832e+01
   2.3019190e+06   3.6254883e+01
   2.3115970e+06   3.6437988e+01
   2.3143350e+06   3.1860352e+01
   2.3517170e+06   1.8070068e+03
   2.3517560e+06   4.1992188e+01
   2.3517950e+06   4.3884277e+01
   2.3518330e+06   3.5339355e+01
   2.3518970e+06   5.0781250e+01
   2.3519480e+06   3.5583496e+01
   2.3521580e+06   3.4118652e+01
   2.3641420e+06   3.7719727e+01
   2.4004220e+06   3.6071777e+01
   2.4017310e+06   1.8119507e+03
   2.4017410e+06   3.6071777e+01
   2.4017700e+06   6.0363770e+01
   2.4018090e+06   3.1860352e+01
   2.4018820e+06   4.2846680e+01
   2.4018980e+06   3.6926270e+01
   2.4244820e+06   3.6132813e+01
   2.4245160e+06   3.3020020e+01
   2.4246440e+06   4.2053223e+01
   2.4247420e+06   3.2897949e+01
   2.4272440e+06   4.2419434e+01
   2.4272770e+06   3.9306641e+01
   2.4273080e+06   3.2653809e+01
   2.4273530e+06   3.1860352e+01
   2.4274570e+06   3.1860352e+01
   2.4275240e+06   3.2531738e+01
   2.4277130e+06   3.9123535e+01
   2.4277380e+06   3.1494141e+01
   2.4278460e+06   4.2846680e+01
   2.4280090e+06   3.3020020e+01
   2.4282770e+06   3.2897949e+01
   2.4517450e+06   1.8101196e+03
   2.4517850e+06   5.3833008e+01
   2.4518280e+06   3.3752441e+01
   2.4518700e+06   3.3264160e+01
   2.4518970e+06   4.7241211e+01
   2.4521770e+06   3.4057617e+01
   2.5231510e+06   3.4118652e+01
   2.5232410e+06   3.3935547e+01
   2.5233290e+06   3.9550781e+01
   2.5233900e+06   4.9682617e+01
   2.5234490e+06   3.6987305e+01
   2.5235930e+06   3.8146973e+01
   2.5236390e+06   3.3508301e+01
   2.5237190e+06   3.5217285e+01
   2.5237780e+06   3.1494141e+01
   2.5238120e+06   3.3386230e+01
   2.5240160e+06   3.1372070e+01
   2.5241380e+06   3.2165527e+01
   2.5242330e+06   3.6010742e+01
   2.5246260e+06   3.1494141e+01
   2.5723030e+06   3.4057617e+01
   2.5723600e+06   3.2165527e+01
   2.5724050e+06   4.4311523e+01
   2.5739820e+06   3.8818359e+01
   2.5740590e+06   3.7170410e+01
   2.5741020e+06   3.7414551e+01
   2.5742030e+06   3.4179688e+01
   2.5743340e+06   4.2663574e+01
   2.5744830e+06   3.2531738e+01
   2.5745810e+06   3.2470703e+01
   2.5745940e+06   3.4423828e+01
   2.5746610e+06   4.9011230e+01
   2.5967910e+06   3.9062500e+01
   2.6255360e+06   3.1860352e+01
   2.6586010e+06   3.5217285e+01
   2.6586330e+06   3.1738281e+01
   2.6587600e+06   3.3142090e+01
   2.6587980e+06   3.2592773e+01
   2.6588700e+06   4.5349121e+01
   2.6592960e+06   3.5400391e+01
   2.6594130e+06   4.3701172e+01
   2.6594920e+06   3.1494141e+01
   2.6595870e+06   3.5339355e+01
   2.6596470e+06   3.4301758e+01
   2.6597510e+06   3.7963867e+01
   2.6597690e+06   3.2592773e+01
   2.6599920e+06   3.3325195e+01
   2.6601250e+06   3.1799316e+01
   2.6603340e+06   3.4118652e+01
   2.6604140e+06   3.8330078e+01
   2.6606090e+06   3.1494141e+01
   2.6608160e+06   3.4790039e+01
   2.6614020e+06   3.4118652e+01
   2.6934150e+06   3.1982422e+01
   2.7320810e+06   3.1616211e+01
   2.7348740e+06   3.4729004e+01
   2.7545920e+06   3.3142090e+01
   2.7702540e+06   3.2958984e+01
   2.7791680e+06   3.8940430e+01
   2.7792530e+06   3.6254883e+01
   2.7796010e+06   3.2226563e+01
   2.7796360e+06   4.3884277e+01
   2.7796530e+06   3.4179688e+01
   2.7797100e+06   3.5827637e+01
   2.7798160e+06   3.1738281e+01
   2.7798520e+06   7.3059082e+01
   2.7799280e+06   3.4057617e+01
   2.7799480e+06   3.5522461e+01
   2.7799950e+06   3.3264160e+01
   2.7809330e+06   3.6560059e+01
   2.7811550e+06   5.3527832e+01
   2.8526550e+06   3.3325195e+01
   2.8526890e+06   3.7963867e+01
   2.8527220e+06   3.8208008e+01
   2.8527970e+06   4.4067383e+01
   2.8528630e+06   4.3762207e+01
   2.8529030e+06   3.1738281e+01
   2.8530000e+06   5.8166504e+01
   2.8530140e+06   3.2348633e+01
   2.8540700e+06   3.1616211e+01
   2.8541310e+06   3.1616211e+01
   2.8541850e+06   3.3203125e+01
   2.8543830e+06   3.2836914e+01
   2.9066370e+06   3.3081055e+01
   2.9071700e+06   3.4240723e+01
   2.9072530e+06   3.2531738e+01
   2.9072670e+06   4.1625977e+01
   2.9072930e+06   3.9794922e+01
   2.9073060e+06   4.8339844e+01
   2.9073520e+06   3.6926270e+01
   2.9073690e+06   4.6325684e+01
   2.9074070e+06   6.0607910e+01
   2.9074260e+06   3.7109375e+01
   2.9074630e+06   3.5522461e+01
   2.9074900e+06   4.3579102e+01
   2.9075010e+06   3.6743164e+01
   2.9075480e+06   4.6142578e+01
   2.9075720e+06   4.0832520e+01
   2.9075850e+06   3.2409668e+01
   2.9076280e+06   4.0649414e+01
   2.9076470e+06   4.0954590e+01
   2.9076810e+06   5.1147461e+01
   2.9077070e+06   4.2907715e+01
   2.9077210e+06   6.2744141e+01
   2.9077630e+06   3.4179688e+01
   2.9077900e+06   3.5583496e+01
   2.9078050e+06   3.5095215e+01
   2.9078190e+06   3.9001465e+01
   2.9078500e+06   3.1494141e+01
   2.9078730e+06   3.6560059e+01
   2.9078890e+06   3.7475586e+01
   2.9079200e+06   3.6010742e+01
   2.9079380e+06   5.0964355e+01
   2.9079660e+06   3.1616211e+01
   2.9079850e+06   3.9367676e+01
   2.9080140e+06   3.8452148e+01
   2.9080530e+06   3.3630371e+01
   2.9080730e+06   3.3081055e+01
   2.9081000e+06   3.6499023e+01
   2.9081190e+06   4.3884277e+01
   2.9081490e+06   3.2287598e+01
   2.9081620e+06   3.2531738e+01
   2.9082260e+06   3.2287598e+01
   2.9082690e+06   3.6376953e+01
   2.9082910e+06   3.5644531e+01
   2.9083370e+06   3.4118652e+01
   2.9083560e+06   4.0283203e+01
   2.9084130e+06   3.8635254e+01
   2.9084590e+06   4.3640137e+01
   2.9084950e+06   3.4729004e+01
   2.9085210e+06   4.6142578e+01
   2.9085360e+06   3.6193848e+01
   2.9085720e+06   3.4912109e+01
   2.9086920e+06   3.8269043e+01
   2.9087390e+06   4.2114258e+01
   2.9087920e+06   3.4484863e+01
   2.9088030e+06   3.6499023e+01
   2.9088200e+06   3.5095215e+01
   2.9089410e+06   3.3325195e+01
   2.9090530e+06   3.4423828e+01
   2.9092360e+06   3.2287598e+01
   2.9094240e+06   3.5949707e+01
   2.9116100e+06   3.4118652e+01
   2.9274610e+06   3.8940430e+01
   2.9475420e+06   3.1921387e+01
   2.9476820e+06   3.1921387e+01
   2.9736680e+06   4.5715332e+01
   2.9753530e+06   3.4423828e+01
   2.9753830e+06   5.3466797e+01
   2.9754670e+06   4.0893555e+01
   2.9755080e+06   3.2165527e+01
   2.9755230e+06   3.2592773e+01
   2.9756350e+06   4.8278809e+01
   2.9756660e+06   3.4057617e+01
   2.9757930e+06   3.5949707e+01
   2.9758280e+06   3.3386230e+01
   2.9974270e+06   3.1860352e+01
   2.9975220e+06   3.7353516e+01
   2.9977180e+06   3.8574219e+01
   2.9978560e+06   4.0710449e+01
