   2.9990000e+06   0.0000000e+00
   1.0590000e+03   1.8380127e+03
   1.0700000e+03   3.9611816e+01
   2.2140000e+03   3.6621094e+01
   2.4410000e+03   2.2106934e+02
   1.9602000e+04   2.1716309e+02
   1.9652000e+04   3.5278320e+01
   1.9681000e+04   2.0257568e+02
   1.9696000e+04   4.0344238e+01
   1.9745000e+04   1.2799072e+02
   1.9828000e+04   1.2725830e+02
   1.9839000e+04   3.8330078e+01
   1.9916000e+04   1.0375977e+02
   1.9926000e+04   4.9072266e+01
   1.9997000e+04   7.1289063e+01
   2.0011000e+04   4.6569824e+01
   2.0092000e+04   8.1542969e+01
   2.0104000e+04   3.7170410e+01
   2.0198000e+04   7.4584961e+01
   2.0208000e+04   3.5827637e+01
   2.0412000e+04   1.4227295e+02
   4.2595000e+04   2.4285889e+02
   4.2643000e+04   3.9001465e+01
   4.2662000e+04   1.9726563e+02
   4.2688000e+04   3.9001465e+01
   4.2739000e+04   1.3781738e+02
   4.2790000e+04   3.6437988e+01
   4.2836000e+04   1.1523438e+02
   4.2876000e+04   3.8269043e+01
   4.2923000e+04   1.0455322e+02
   4.3052000e+04   1.1254883e+02
   4.3170000e+04   1.0961914e+02
   5.1073000e+04   1.8464355e+03
   6.2094000e+04   3.7292480e+01
   6.2123000e+04   2.1185303e+02
   6.2203000e+04   3.9733887e+01
   6.2226000e+04   3.5949707e+01
   6.2249000e+04   3.5583496e+01
   6.2279000e+04   1.0729980e+02
   6.2289000e+04   4.3701172e+01
   6.2344000e+04   3.7658691e+01
   6.2377000e+04   1.3269043e+02
   6.2388000e+04   4.3701172e+01
   6.2464000e+04   7.4645996e+01
   6.2475000e+04   5.4321289e+01
   6.2503000e+04   3.7109375e+01
   6.2584000e+04   9.5214844e+01
   6.2649000e+04   3.7414551e+01
   6.2816000e+04   1.4367676e+02
   8.3119000e+04   3.7170410e+01
   8.3185000e+04   3.7170410e+01
   8.3196000e+04   4.4921875e+01
   8.3271000e+04   2.0025635e+02
   8.3287000e+04   3.6071777e+01
   8.3354000e+04   1.2084961e+02
   8.3364000e+04   3.6621094e+01
   8.3468000e+04   1.3555908e+02
   8.3480000e+04   3.7963867e+01
   8.3582000e+04   1.3592529e+02
   8.3594000e+04   4.1137695e+01
   1.0108700e+05   1.8497925e+03
   1.0127100e+05   3.5400391e+01
   1.0129000e+05   2.3706055e+02
   1.0160400e+05   2.0391846e+02
   1.0179900e+05   1.5447998e+02
   1.1889800e+05   1.9506836e+02
   1.1901000e+05   1.6510010e+02
   1.3618600e+05   2.1087646e+02
   1.3620300e+05   3.7231445e+01
   1.3622400e+05   3.8940430e+01
   1.3625500e+05   1.6210938e+02
   1.3627300e+05   4.4311523e+01
   1.3634100e+05   1.5850830e+02
   1.3635100e+05   4.8522949e+01
   1.3644500e+05   1.2414551e+02
   1.3655700e+05   1.1450195e+02
   1.5110100e+05   1.8489380e+03
   1.8025400e+05   3.8146973e+01
   1.8030500e+05   2.2912598e+02
   1.8031900e+05   4.0649414e+01
   1.8043900e+05   3.9428711e+01
   1.8053500e+05   1.4373779e+02
   1.8064100e+05   1.5124512e+02
   1.8073100e+05   3.7841797e+01
   2.0111400e+05   9.6862793e+01
   2.5113100e+05   3.8347778e+03
   2.5131800e+05   2.4383545e+02
   3.0114300e+05   1.8452148e+03
   3.0138700e+05   3.5705566e+01
   3.0139900e+05   2.3980713e+02
   3.5115700e+05   1.8404541e+03
   3.5137100e+05   2.5286865e+02
   3.5138900e+05   3.6560059e+01
   3.5297500e+05   1.7938232e+02
   3.5302000e+05   3.6560059e+01
   4.0117300e+05   3.8422241e+03
   4.0139000e+05   2.2235107e+02
   4.0141600e+05   4.2846680e+01
   4.5118500e+05   1.8456421e+03
   4.5137200e+05   2.2064209e+02
   5.0119900e+05   1.8381958e+03
   5.5121300e+05   1.8478394e+03
   6.0122700e+05   1.8457642e+03
   6.0123700e+05   3.9367676e+01
   6.0144500e+05   3.6315918e+01
   6.0146100e+05   1.9189453e+02
   6.0149100e+05   3.8574219e+01
   6.0153800e+05   3.6132813e+01
   6.0155700e+05   3.5522461e+01
   6.0168600e+05   2.6666260e+02
   6.0176400e+05   3.5705566e+01
   6.0178700e+05   2.0812988e+02
   6.0179700e+05   3.5949707e+01
   6.0185200e+05   4.6752930e+01
   6.0186500e+05   1.7303467e+02
   6.0198400e+05   1.6571045e+02
   6.0207800e+05   1.4294434e+02
   6.0208800e+05   3.8879395e+01
   6.0218800e+05   3.5339355e+01
   6.0220400e+05   1.8945313e+02
   6.0231600e+05   9.5642090e+01
   6.0232600e+05   3.8208008e+01
   6.0257800e+05   1.4276123e+02
   6.1781700e+05   3.5583496e+01
   6.5124100e+05   1.8396606e+03
   6.5143300e+05   2.1209717e+02
   6.5172100e+05   1.7950439e+02
   7.0125700e+05   2.0112305e+03
   7.0141900e+05   4.0466309e+01
   7.0160900e+05   3.6376953e+01
   7.0163700e+05   2.2027588e+02
   7.0177500e+05   1.7529297e+02
   7.0181300e+05   3.7963867e+01
   7.0184700e+05   1.5228271e+02
   7.0196700e+05   1.5759277e+02
   7.0207100e+05   1.6265869e+02
   7.5127100e+05   3.8303833e+03
   7.5145400e+05   2.4774170e+02
   7.5147500e+05   3.6376953e+01
   7.5156400e+05   1.7224121e+02
   7.5158400e+05   3.6804199e+01
   7.5165000e+05   1.8066406e+02
   7.5176100e+05   1.6424561e+02
   7.5177400e+05   3.7658691e+01
   7.5182600e+05   3.5522461e+01
   7.5188100e+05   1.4624023e+02
   7.5190300e+05   3.8574219e+01
   7.5199000e+05   1.1212158e+02
   7.5211900e+05   1.2310791e+02
   8.0128500e+05   3.8206177e+03
   8.0150100e+05   2.0770264e+02
   8.0170800e+05   2.4230957e+02
   8.5129700e+05   1.8322144e+03
   9.0131100e+05   1.8265991e+03
   9.0196300e+05   3.5400391e+01
   9.5132500e+05   1.8347778e+03
   1.0013410e+06   3.8173218e+03
   1.0015470e+06   1.9647217e+02
   1.0035300e+06   3.7536621e+01
   1.0039970e+06   2.5372314e+02
   1.0513530e+06   1.8234253e+03
   1.1013670e+06   1.8226318e+03
   1.1015490e+06   3.8208008e+01
   1.1513830e+06   3.8081665e+03
   1.2013950e+06   1.8248291e+03
   1.2514090e+06   1.8149414e+03
   1.2514200e+06   3.6804199e+01
   1.3014230e+06   1.8110352e+03
   1.3016370e+06   2.7014160e+02
   1.3514370e+06   1.8238525e+03
   1.3852930e+06   3.6437988e+01
   1.3855290e+06   3.5461426e+01
   1.4014510e+06   1.8179321e+03
   1.4514650e+06   1.8197632e+03
   1.4516180e+06   3.7353516e+01
   1.4516850e+06   2.7117920e+02
   1.4522750e+06   3.6071777e+01
   1.4524520e+06   2.3907471e+02
   1.4524650e+06   3.6010742e+01
   1.4525670e+06   1.7578125e+02
   1.4526850e+06   1.8225098e+02
   1.4529890e+06   3.5888672e+01
   1.4904860e+06   4.4616699e+01
   1.4905010e+06   2.4279785e+02
   1.4905590e+06   3.5339355e+01
   1.4905880e+06   2.4877930e+02
   1.4906990e+06   1.6729736e+02
   1.4908470e+06   1.6931152e+02
   1.4908570e+06   3.9001465e+01
   1.4908970e+06   3.5644531e+01
   1.4909590e+06   1.7443848e+02
   1.4910750e+06   1.2445068e+02
   1.4910870e+06   4.3029785e+01
   1.4912120e+06   1.4105225e+02
   1.4913310e+06   1.3439941e+02
   1.5014790e+06   1.8099365e+03
   1.5137770e+06   3.5766602e+01
   1.5138420e+06   2.4176025e+02
   1.5139230e+06   2.0953369e+02
   1.5140150e+06   1.6748047e+02
   1.5140850e+06   1.0455322e+02
   1.5141570e+06   7.7331543e+01
   1.5141680e+06   4.1015625e+01
   1.5142750e+06   1.1651611e+02
   1.5142880e+06   3.5217285e+01
   1.5144040e+06   1.1499023e+02
   1.5447590e+06   3.8208008e+01
   1.5448100e+06   3.5217285e+01
   1.5448840e+06   2.5018311e+02
   1.5449670e+06   2.0037842e+02
   1.5450400e+06   1.5386963e+02
   1.5451110e+06   1.2493896e+02
   1.5452200e+06   1.2963867e+02
   1.5452320e+06   3.8208008e+01
   1.5453420e+06   1.3665771e+02
   1.5456790e+06   2.0745850e+02
   1.5514930e+06   1.8261719e+03
   1.5627640e+06   1.9323730e+02
   1.5820790e+06   2.4487305e+02
   1.5821320e+06   1.8963623e+02
   1.5821670e+06   3.6987305e+01
   1.5821880e+06   1.4379883e+02
   1.5822450e+06   8.4045410e+01
   1.5822550e+06   6.0241699e+01
   1.5822990e+06   3.6376953e+01
   1.5823110e+06   5.6152344e+01
   1.5823710e+06   4.9804688e+01
   1.5823870e+06   3.9306641e+01
   1.5824610e+06   4.3395996e+01
   1.5826100e+06   4.1503906e+01
   1.5827090e+06   4.4189453e+01
   1.5828070e+06   4.0344238e+01
   1.5828750e+06   3.7048340e+01
   1.5829780e+06   3.5705566e+01
   1.5829890e+06   4.2114258e+01
   1.5831030e+06   3.7170410e+01
   1.5831160e+06   3.6071777e+01
   1.5832100e+06   4.3518066e+01
   1.5833350e+06   6.0913086e+01
   1.5834540e+06   6.3781738e+01
   1.5836020e+06   7.0922852e+01
   1.5836200e+06   3.8085938e+01
   1.5837780e+06   8.1604004e+01
   1.5838930e+06   3.5949707e+01
   1.5840150e+06   9.5886230e+01
   1.6015090e+06   2.0053101e+03
   1.6515210e+06   1.8195190e+03
   1.6515310e+06   3.8330078e+01
   1.6516830e+06   3.5827637e+01
   1.6517110e+06   3.7170410e+01
   1.6517250e+06   2.6239014e+02
   1.6518200e+06   1.9799805e+02
   1.6519400e+06   1.6680908e+02
   1.6520240e+06   1.5795898e+02
   1.6521370e+06   1.6699219e+02
   1.6522810e+06   1.7010498e+02
   1.6622150e+06   1.9860840e+02
   1.6721990e+06   2.3760986e+02
   1.6723660e+06   2.2320557e+02
   1.6724830e+06   1.7535400e+02
   1.6834370e+06   2.5231934e+02
   1.6835930e+06   2.1130371e+02
   1.6946020e+06   2.3339844e+02
   1.7015350e+06   1.8292236e+03
   1.7143460e+06   2.2790527e+02
   1.7143670e+06   4.2297363e+01
   1.7144070e+06   2.0538330e+02
   1.7144630e+06   1.2164307e+02
   1.7145030e+06   3.9123535e+01
   1.7145340e+06   1.0119629e+02
   1.7145680e+06   3.5217285e+01
   1.7146000e+06   6.8664551e+01
   1.7146690e+06   5.1513672e+01
   1.7146820e+06   4.0954590e+01
   1.7147210e+06   4.4921875e+01
   1.7147550e+06   6.2988281e+01
   1.7148400e+06   3.9306641e+01
   1.7148530e+06   4.4677734e+01
   1.7149070e+06   4.1381836e+01
   1.7149390e+06   3.9611816e+01
   1.7150110e+06   4.6813965e+01
   1.7150300e+06   4.1320801e+01
   1.7151170e+06   4.5837402e+01
   1.7152010e+06   3.5827637e+01
   1.7153750e+06   4.7424316e+01
   1.7154890e+06   5.8471680e+01
   1.7335620e+06   2.1057129e+02
   1.7337620e+06   1.5966797e+02
   1.7439450e+06   1.8035889e+02
   1.7439910e+06   3.5644531e+01
   1.7440250e+06   1.7944336e+02
   1.7440530e+06   3.5522461e+01
   1.7440880e+06   1.2200928e+02
   1.7441350e+06   3.5278320e+01
   1.7441580e+06   1.3488770e+02
   1.7442290e+06   7.3913574e+01
   1.7443200e+06   7.1838379e+01
   1.7443320e+06   5.4565430e+01
   1.7444100e+06   6.2561035e+01
   1.7444220e+06   5.2001953e+01
   1.7445390e+06   6.2988281e+01
   1.7445490e+06   4.1809082e+01
   1.7446810e+06   1.2481689e+02
   1.7515490e+06   1.8165894e+03
   1.7592990e+06   2.2216797e+02
   1.7594240e+06   1.5637207e+02
   1.7723170e+06   2.3791504e+02
   1.7723860e+06   1.7767334e+02
   1.7724530e+06   1.3439941e+02
   1.7725230e+06   8.8012695e+01
   1.7725340e+06   4.2602539e+01
   1.7725910e+06   6.7810059e+01
   1.7726050e+06   4.1320801e+01
   1.7726660e+06   5.4931641e+01
   1.7726780e+06   4.7302246e+01
   1.7727570e+06   4.5776367e+01
   1.7727670e+06   4.2968750e+01
   1.7728500e+06   3.8513184e+01
   1.7728600e+06   3.7231445e+01
   1.7729630e+06   3.5705566e+01
   1.7729740e+06   5.1147461e+01
   1.7730730e+06   3.6132813e+01
   1.7730860e+06   4.1748047e+01
   1.7731960e+06   6.6589355e+01
   1.7733270e+06   5.6762695e+01
   1.7901600e+06   2.3394775e+02
   1.7902400e+06   1.8072510e+02
   1.7903760e+06   1.5539551e+02
   1.7907010e+06   1.5649414e+02
   1.8015630e+06   1.8167114e+03
   1.8017850e+06   2.1063232e+02
   1.8025700e+06   2.1978760e+02
   1.8025980e+06   4.4433594e+01
   1.8026370e+06   1.6918945e+02
   1.8027030e+06   1.1010742e+02
   1.8027810e+06   8.5266113e+01
   1.8028020e+06   4.1137695e+01
   1.8028820e+06   6.3842773e+01
   1.8029740e+06   5.9570313e+01
   1.8029870e+06   4.0161133e+01
   1.8030900e+06   1.0211182e+02
   1.8032080e+06   7.2509766e+01
   1.8203010e+06   3.6499023e+01
   1.8204020e+06   1.7449951e+02
   1.8205370e+06   1.5051270e+02
   1.8343150e+06   3.5400391e+01
   1.8343740e+06   2.3162842e+02
   1.8344220e+06   3.6071777e+01
   1.8344350e+06   1.5917969e+02
   1.8344560e+06   3.7841797e+01
   1.8344930e+06   1.0961914e+02
   1.8345630e+06   8.8745117e+01
   1.8345790e+06   3.6315918e+01
   1.8346160e+06   3.5400391e+01
   1.8346300e+06   6.1950684e+01
   1.8346400e+06   3.8696289e+01
   1.8346740e+06   3.7475586e+01
   1.8346990e+06   5.0598145e+01
   1.8347140e+06   3.8208008e+01
   1.8347520e+06   3.7170410e+01
   1.8347810e+06   5.3100586e+01
   1.8348290e+06   4.0954590e+01
   1.8348560e+06   3.6743164e+01
   1.8352330e+06   4.0466309e+01
   1.8357230e+06   3.7292480e+01
   1.8360310e+06   6.7749023e+01
   1.8515770e+06   1.8225098e+03
   1.8517420e+06   1.8151855e+02
   1.8517960e+06   3.9672852e+01
   1.8518500e+06   4.0954590e+01
   1.8642350e+06   2.1881104e+02
   1.8643570e+06   1.7675781e+02
   1.8644760e+06   1.6577148e+02
   1.8788270e+06   2.3840332e+02
   1.8789080e+06   1.8695068e+02
   1.8790130e+06   1.5722656e+02
   1.8790650e+06   3.7414551e+01
   1.8790980e+06   1.1816406e+02
   1.8792060e+06   1.1975098e+02
   1.8948390e+06   1.8499756e+02
   1.8949000e+06   1.7840576e+02
   1.8949410e+06   4.2541504e+01
   1.8949710e+06   1.0418701e+02
   1.8950520e+06   8.9904785e+01
   1.8950620e+06   4.4738770e+01
   1.8951110e+06   3.6621094e+01
   1.8951380e+06   6.6101074e+01
   1.8951590e+06   3.5949707e+01
   1.8952150e+06   8.0200195e+01
   1.8952250e+06   5.2917480e+01
   1.8953270e+06   8.2458496e+01
   1.8955040e+06   1.3610840e+02
   1.9015930e+06   3.8116455e+03
   1.9113730e+06   1.7822266e+02
   1.9114420e+06   1.5496826e+02
   1.9114780e+06   3.9489746e+01
   1.9115090e+06   1.1499023e+02
   1.9115450e+06   3.8757324e+01
   1.9115790e+06   1.1499023e+02
   1.9116500e+06   8.7219238e+01
   1.9116780e+06   3.6132813e+01
   1.9117400e+06   8.0688477e+01
   1.9117500e+06   4.4921875e+01
   1.9118320e+06   7.3486328e+01
   1.9118680e+06   3.9672852e+01
   1.9119240e+06   6.4331055e+01
   1.9290220e+06   2.2741699e+02
   1.9290340e+06   3.6499023e+01
   1.9290870e+06   1.7718506e+02
   1.9290970e+06   3.7170410e+01
   1.9291500e+06   9.6008301e+01
   1.9292220e+06   7.0007324e+01
   1.9292490e+06   3.7475586e+01
   1.9292960e+06   6.5612793e+01
   1.9293070e+06   4.3395996e+01
   1.9293730e+06   4.7302246e+01
   1.9293880e+06   4.0283203e+01
   1.9294510e+06   4.4860840e+01
   1.9294610e+06   4.6264648e+01
   1.9295430e+06   5.1513672e+01
   1.9296340e+06   3.7658691e+01
   1.9296440e+06   5.1696777e+01
   1.9297710e+06   8.3740234e+01
   1.9463110e+06   3.7353516e+01
   1.9463250e+06   2.0782471e+02
   1.9463920e+06   1.4379883e+02
   1.9464680e+06   1.2414551e+02
   1.9464870e+06   4.1015625e+01
   1.9465160e+06   3.5888672e+01
   1.9465330e+06   1.1022949e+02
   1.9465440e+06   3.8146973e+01
   1.9466110e+06   8.6425781e+01
   1.9466950e+06   6.3537598e+01
   1.9467870e+06   7.0800781e+01
   1.9469320e+06   1.3586426e+02
   1.9516050e+06   1.8181152e+03
   1.9649740e+06   2.1228027e+02
   1.9650330e+06   1.5753174e+02
   1.9650970e+06   1.0076904e+02
   1.9651490e+06   3.8391113e+01
   1.9651670e+06   8.1420898e+01
   1.9651790e+06   4.3395996e+01
   1.9652290e+06   7.4340820e+01
   1.9652400e+06   4.9926758e+01
   1.9653020e+06   4.3457031e+01
   1.9653140e+06   4.3518066e+01
   1.9653870e+06   4.5166016e+01
   1.9653970e+06   5.7678223e+01
   1.9654840e+06   4.0344238e+01
   1.9656050e+06   5.6762695e+01
   1.9815930e+06   1.7059326e+02
   1.9816730e+06   1.7932129e+02
   1.9816840e+06   3.5583496e+01
   1.9817250e+06   4.0466309e+01
   1.9817480e+06   1.2402344e+02
   1.9818070e+06   3.9733887e+01
   1.9818660e+06   1.2280273e+02
   1.9818800e+06   4.3762207e+01
   1.9819900e+06   1.0137939e+02
   1.9981960e+06   2.1905518e+02
   1.9982620e+06   1.6351318e+02
   1.9983440e+06   1.4172363e+02
   1.9984460e+06   1.2689209e+02
   2.0016190e+06   1.8213501e+03
   2.0154180e+06   2.0471191e+02
   2.0155360e+06   1.8292236e+02
   2.0155490e+06   3.6865234e+01
   2.0155720e+06   3.5400391e+01
   2.0156240e+06   1.5228271e+02
   2.0326600e+06   2.2949219e+02
   2.0327260e+06   7.2204590e+01
   2.0328000e+06   1.6192627e+02
   2.0329070e+06   1.4959717e+02
   2.0491940e+06   2.1697998e+02
   2.0492960e+06   1.9207764e+02
   2.0516330e+06   1.8175659e+03
   2.0516430e+06   3.6010742e+01
   2.1016470e+06   1.8179321e+03
   2.1516630e+06   3.8067017e+03
   2.2016750e+06   1.8105469e+03
   2.2066910e+06   3.7353516e+01
   2.2516890e+06   1.8195801e+03
   2.3017030e+06   1.8067017e+03
   2.3517170e+06   1.8138428e+03
   2.4017310e+06   1.8133545e+03
   2.4271440e+06   3.9489746e+01
   2.4272680e+06   4.3579102e+01
   2.4272850e+06   2.3706055e+02
   2.4274430e+06   3.7353516e+01
   2.4275400e+06   2.4468994e+02
   2.4276320e+06   3.6926270e+01
   2.4277180e+06   1.9952393e+02
   2.4277410e+06   3.8208008e+01
   2.4517450e+06   1.7948608e+03
   2.5242440e+06   3.6926270e+01
   2.5739910e+06   3.8391113e+01
   2.5743560e+06   2.2399902e+02
   2.5745950e+06   2.4578857e+02
   2.5746470e+06   3.9123535e+01
   2.6600830e+06   3.5400391e+01
   2.6906040e+06   3.9672852e+01
   2.7798350e+06   3.7963867e+01
   2.7799540e+06   2.1417236e+02
   2.7807700e+06   2.1722412e+02
   2.8539730e+06   2.2906494e+02
   2.8542780e+06   3.5644531e+01
   2.8543360e+06   2.1636963e+02
   2.9073100e+06   2.2375488e+02
   2.9074010e+06   2.5408936e+02
   2.9074570e+06   1.3269043e+02
   2.9075270e+06   1.3946533e+02
   2.9076220e+06   1.3360596e+02
   2.9076320e+06   3.8513184e+01
   2.9076970e+06   8.5449219e+01
   2.9077080e+06   5.1391602e+01
   2.9078140e+06   1.0321045e+02
   2.9079210e+06   9.7167969e+01
   2.9079310e+06   5.3344727e+01
   2.9079690e+06   3.7231445e+01
   2.9080360e+06   1.0156250e+02
   2.9081640e+06   7.4218750e+01
   2.9081750e+06   5.6274414e+01
   2.9082600e+06   8.4350586e+01
   2.9082700e+06   5.4992676e+01
   2.9084860e+06   1.2597656e+02
   2.9085140e+06   3.8940430e+01
   2.9086520e+06   1.3012695e+02
   2.9754220e+06   2.4334717e+02
   2.9755360e+06   2.2308350e+02
   2.9756160e+06   4.0405273e+01
   2.9756610e+06   2.0794678e+02
   2.9758640e+06   2.0593262e+02
   2.9762420e+06   2.3272705e+02
   2.9979390e+06   3.7719727e+01
