   2.9990000e+06   0.0000000e+00
   1.0450000e+03   2.0069580e+03
   1.3360000e+03   4.7058105e+01
   1.4940000e+03   4.9316406e+01
   1.5150000e+03   3.3691406e+01
   1.5310000e+03   4.5593262e+01
   1.3334000e+04   3.5583496e+01
   1.5561000e+04   3.5644531e+01
   1.8176000e+04   4.5227051e+01
   2.1779000e+04   3.5522461e+01
   2.5944000e+04   4.0100098e+01
   2.6705000e+04   3.5278320e+01
   2.9170000e+04   3.6987305e+01
   3.1586000e+04   3.5827637e+01
   3.2156000e+04   4.0039063e+01
   3.3714000e+04   3.4423828e+01
   3.7841000e+04   3.6926270e+01
   4.0188000e+04   3.4667969e+01
   4.0999000e+04   3.5827637e+01
   4.2672000e+04   3.3447266e+01
   4.5035000e+04   3.3996582e+01
   4.8670000e+04   3.5522461e+01
   5.0381000e+04   3.6010742e+01
   5.1059000e+04   3.9999390e+03
   5.1333000e+04   3.7109375e+01
   5.1417000e+04   3.3630371e+01
   5.1452000e+04   3.5888672e+01
   5.1508000e+04   4.3151855e+01
   5.1526000e+04   5.4138184e+01
   5.1668000e+04   4.5104980e+01
   5.1692000e+04   5.9020996e+01
   5.1758000e+04   3.5766602e+01
   5.1797000e+04   3.5888672e+01
   5.1821000e+04   3.5339355e+01
   5.1870000e+04   4.3945313e+01
   5.1906000e+04   3.4912109e+01
   5.1938000e+04   5.0476074e+01
   5.2014000e+04   3.6437988e+01
   5.2034000e+04   5.3100586e+01
   5.2051000e+04   3.5827637e+01
   5.2081000e+04   3.7597656e+01
   5.2311000e+04   3.8024902e+01
   7.7739000e+04   4.1564941e+01
   8.1066000e+04   3.4851074e+01
   8.2644000e+04   3.4667969e+01
   8.7990000e+04   4.2236328e+01
   8.8843000e+04   4.1931152e+01
   9.1534000e+04   3.9062500e+01
   9.6650000e+04   4.3640137e+01
   9.9850000e+04   4.0527344e+01
   1.0107300e+05   3.9999390e+03
   1.0132400e+05   4.0710449e+01
   1.0134400e+05   5.5297852e+01
   1.0138700e+05   5.5480957e+01
   1.0141000e+05   4.7485352e+01
   1.0147200e+05   8.0993652e+01
   1.0153700e+05   3.4118652e+01
   1.0155500e+05   3.6437988e+01
   1.0157600e+05   3.3142090e+01
   1.0162000e+05   5.4687500e+01
   1.0164700e+05   5.2917480e+01
   1.0166700e+05   4.6691895e+01
   1.0168500e+05   3.8513184e+01
   1.0169800e+05   3.4179688e+01
   1.0176600e+05   4.2541504e+01
   1.0179700e+05   3.3264160e+01
   1.0187000e+05   3.6193848e+01
   1.0203900e+05   3.5522461e+01
   1.0216300e+05   3.3386230e+01
   1.0302700e+05   3.7780762e+01
   1.0332400e+05   3.4851074e+01
   1.2464600e+05   3.4118652e+01
   1.2469000e+05   4.6691895e+01
   1.2470400e+05   4.0588379e+01
   1.2476800e+05   3.9733887e+01
   1.2481300e+05   3.9672852e+01
   1.2483100e+05   3.5827637e+01
   1.2486200e+05   3.4423828e+01
   1.2487900e+05   4.0954590e+01
   1.2490600e+05   3.3569336e+01
   1.2500000e+05   4.3029785e+01
   1.2517800e+05   3.3630371e+01
   1.2524400e+05   4.8583984e+01
   1.3808500e+05   4.3823242e+01
   1.3810000e+05   6.4025879e+01
   1.3812800e+05   7.1716309e+01
   1.3815800e+05   3.3874512e+01
   1.3818900e+05   5.8715820e+01
   1.3820700e+05   3.7902832e+01
   1.3822700e+05   3.6926270e+01
   1.3824400e+05   3.4484863e+01
   1.3827200e+05   3.5522461e+01
   1.3834800e+05   3.9611816e+01
   1.3836700e+05   3.8635254e+01
   1.3859100e+05   4.2236328e+01
   1.5108700e+05   3.9999390e+03
   1.5128900e+05   3.3264160e+01
   1.5130600e+05   3.7048340e+01
   1.5134000e+05   5.8166504e+01
   1.5136700e+05   3.4484863e+01
   1.5139700e+05   4.1992188e+01
   1.5143700e+05   3.7902832e+01
   1.5150300e+05   4.1076660e+01
   1.5153200e+05   4.4372559e+01
   1.5157400e+05   3.4118652e+01
   1.5161200e+05   4.6813965e+01
   1.5162300e+05   4.3212891e+01
   1.5173000e+05   5.3649902e+01
   1.5189800e+05   5.4382324e+01
   1.5228200e+05   3.4179688e+01
   1.6448200e+05   6.0485840e+01
   1.6452100e+05   3.3813477e+01
   1.6455800e+05   8.4289551e+01
   1.6462200e+05   4.7851563e+01
   1.6475600e+05   3.6621094e+01
   1.6499700e+05   4.2785645e+01
   1.6511500e+05   3.3813477e+01
   1.6516700e+05   3.4301758e+01
   1.6533000e+05   4.0893555e+01
   1.6542700e+05   4.2419434e+01
   1.6563900e+05   3.4118652e+01
   1.7725500e+05   4.7790527e+01
   1.7749200e+05   4.1320801e+01
   1.7792700e+05   4.0710449e+01
   1.8562900e+05   3.4606934e+01
   1.8564600e+05   7.1899414e+01
   1.8568000e+05   6.7077637e+01
   1.8570000e+05   3.3508301e+01
   1.8572300e+05   6.0729980e+01
   1.8575600e+05   4.4799805e+01
   1.8578600e+05   4.0832520e+01
   1.8583600e+05   3.7536621e+01
   1.8586300e+05   3.3325195e+01
   1.8593900e+05   3.4790039e+01
   1.8601600e+05   3.3142090e+01
   1.8658100e+05   3.4484863e+01
   1.9756300e+05   4.3151855e+01
   1.9759200e+05   3.3325195e+01
   1.9769200e+05   5.5664063e+01
   1.9777000e+05   4.8706055e+01
   1.9781900e+05   5.3833008e+01
   1.9786000e+05   3.4790039e+01
   1.9790900e+05   3.4729004e+01
   1.9792000e+05   3.3813477e+01
   2.0110100e+05   3.9999390e+03
   2.0719600e+05   3.3264160e+01
   2.0721400e+05   6.3964844e+01
   2.0732000e+05   4.0588379e+01
   2.0738700e+05   4.5471191e+01
   2.0745400e+05   3.9794922e+01
   2.0747400e+05   3.3386230e+01
   2.0751200e+05   3.3691406e+01
   2.0757000e+05   3.3630371e+01
   2.0761700e+05   3.5095215e+01
   2.0778000e+05   4.5532227e+01
   2.1809600e+05   3.8024902e+01
   2.1812300e+05   5.8044434e+01
   2.1813400e+05   5.7312012e+01
   2.1821900e+05   3.9489746e+01
   2.1825000e+05   3.3630371e+01
   2.1830600e+05   3.4606934e+01
   2.1833600e+05   3.4118652e+01
   2.1840800e+05   4.4433594e+01
   2.1842600e+05   4.7485352e+01
   2.1858600e+05   4.0222168e+01
   2.2822500e+05   3.3935547e+01
   2.2823600e+05   5.1940918e+01
   2.2832700e+05   3.6437988e+01
   2.2835300e+05   5.7556152e+01
   2.2836600e+05   5.8593750e+01
   2.2851500e+05   3.5278320e+01
   2.2870800e+05   3.3203125e+01
   2.3695900e+05   5.6030273e+01
   2.3703700e+05   4.3518066e+01
   2.3714200e+05   4.3334961e+01
   2.3717600e+05   4.8828125e+01
   2.3722800e+05   4.5959473e+01
   2.3729400e+05   3.9978027e+01
   2.4601400e+05   6.3171387e+01
   2.4604800e+05   5.6701660e+01
   2.4632400e+05   4.8706055e+01
   2.5111300e+05   2.0097046e+03
   2.5142400e+05   3.6560059e+01
   2.5144400e+05   4.7546387e+01
   2.5155100e+05   4.7790527e+01
   2.5156400e+05   5.0476074e+01
   2.5159800e+05   3.4179688e+01
   2.5169000e+05   4.6142578e+01
   2.5171700e+05   3.4606934e+01
   2.5173500e+05   5.9448242e+01
   2.5180200e+05   4.4372559e+01
   2.5190900e+05   3.4362793e+01
   2.5195300e+05   4.0344238e+01
   2.5199300e+05   5.3466797e+01
   2.5218900e+05   3.9672852e+01
   2.5222900e+05   3.6743164e+01
   2.6732500e+05   4.2114258e+01
   2.6741500e+05   5.8227539e+01
   2.6744500e+05   3.9245605e+01
   2.6754700e+05   4.0588379e+01
   2.6757700e+05   3.6804199e+01
   2.6769200e+05   3.4057617e+01
   2.6775000e+05   4.5349121e+01
   2.8374600e+05   4.3395996e+01
   2.8376500e+05   3.7292480e+01
   2.8378100e+05   5.7312012e+01
   2.8380100e+05   3.9123535e+01
   2.8383800e+05   4.4128418e+01
   2.8390000e+05   3.4851074e+01
   2.8391400e+05   4.8278809e+01
   2.8394400e+05   5.4626465e+01
   2.8402100e+05   3.3264160e+01
   2.8416900e+05   3.5034180e+01
   3.0076000e+05   3.6560059e+01
   3.0078500e+05   4.7973633e+01
   3.0099300e+05   5.3466797e+01
   3.0102500e+05   4.7424316e+01
   3.0112700e+05   2.0105591e+03
   3.0126500e+05   3.4057617e+01
   3.0948100e+05   3.6193848e+01
   3.0950400e+05   6.6223145e+01
   3.0954400e+05   5.2490234e+01
   3.0963900e+05   3.6804199e+01
   3.0966000e+05   4.7424316e+01
   3.1938400e+05   4.8583984e+01
   3.1945600e+05   3.4667969e+01
   3.1959500e+05   5.4748535e+01
   3.1969300e+05   3.5644531e+01
   3.3591300e+05   3.6682129e+01
   3.3595300e+05   5.0720215e+01
   3.3601700e+05   3.3935547e+01
   3.3603400e+05   3.3691406e+01
   3.3605700e+05   5.3710938e+01
   3.3606800e+05   3.6804199e+01
   3.3619000e+05   4.1320801e+01
   3.3620400e+05   5.0903320e+01
   3.3629600e+05   3.3691406e+01
   3.3634500e+05   3.4667969e+01
   3.5114100e+05   2.0080566e+03
   3.5148500e+05   3.8391113e+01
   3.5158800e+05   4.5959473e+01
   3.5165000e+05   3.4851074e+01
   3.5175400e+05   3.3386230e+01
   3.5212800e+05   3.6010742e+01
   3.5225900e+05   4.1625977e+01
   3.5227900e+05   4.6936035e+01
   3.5229400e+05   4.1381836e+01
   3.8913800e+05   4.9865723e+01
   4.0115500e+05   2.0068970e+03
   4.0154700e+05   4.4494629e+01
   4.0192400e+05   3.4240723e+01
   4.5116900e+05   2.0085449e+03
   4.5148100e+05   5.1818848e+01
   4.5163400e+05   4.8889160e+01
   4.5175000e+05   4.2663574e+01
   5.0118300e+05   2.0081177e+03
   5.0119500e+05   3.3996582e+01
   5.0156500e+05   3.5949707e+01
   5.0165600e+05   3.5766602e+01
   5.0176400e+05   5.1025391e+01
   5.0178900e+05   5.1513672e+01
   5.5119900e+05   3.9999390e+03
   5.5157100e+05   3.3264160e+01
   5.5169900e+05   4.6508789e+01
   5.5175200e+05   3.7353516e+01
   5.5205400e+05   3.9611816e+01
   6.0121100e+05   2.0065308e+03
   6.0190000e+05   4.4555664e+01
   6.0194500e+05   3.3386230e+01
   6.0209500e+05   4.8156738e+01
   6.5122700e+05   3.9999390e+03
   7.0124100e+05   3.9999390e+03
   7.5125300e+05   2.0106812e+03
   7.7213300e+05   6.1157227e+01
   7.9645600e+05   6.2622070e+01
   8.0126900e+05   3.9999390e+03
   8.0386900e+05   6.4025879e+01
   8.2635000e+05   5.5236816e+01
   8.5128100e+05   2.0090942e+03
   8.7452900e+05   6.7687988e+01
   8.8103200e+05   6.3964844e+01
   8.8232700e+05   6.2011719e+01
   9.0129700e+05   3.9999390e+03
   9.0165500e+05   5.1452637e+01
   9.0169800e+05   3.9306641e+01
   9.0524700e+05   4.3090820e+01
   9.2543700e+05   6.1096191e+01
   9.2550400e+05   4.4677734e+01
   9.2558400e+05   4.0832520e+01
   9.2570100e+05   6.7565918e+01
   9.2575900e+05   4.1198730e+01
   9.2634400e+05   3.7780762e+01
   9.2737500e+05   5.3222656e+01
   9.4177600e+05   6.1096191e+01
   9.4357400e+05   5.8105469e+01
   9.5130900e+05   2.0047607e+03
   9.5260000e+05   3.4729004e+01
   9.5327200e+05   5.9204102e+01
   9.5368400e+05   4.7241211e+01
   9.7410000e+05   4.2114258e+01
   9.7428000e+05   5.0781250e+01
   9.7444300e+05   5.4443359e+01
   9.7692500e+05   4.5043945e+01
   9.9653200e+05   5.6274414e+01
   1.0013230e+06   2.0081787e+03
   1.0017640e+06   3.9672852e+01
   1.0023630e+06   3.6682129e+01
   1.0027940e+06   4.2297363e+01
   1.0305960e+06   3.3508301e+01
   1.0396630e+06   5.8837891e+01
   1.0505850e+06   5.3283691e+01
   1.0513370e+06   2.0041504e+03
   1.0515600e+06   5.1391602e+01
   1.0516600e+06   4.4494629e+01
   1.0518510e+06   3.6682129e+01
   1.0518720e+06   3.3142090e+01
   1.0520060e+06   4.7912598e+01
   1.0520260e+06   4.2785645e+01
   1.0521550e+06   3.3874512e+01
   1.0524760e+06   5.5175781e+01
   1.0526250e+06   4.7180176e+01
   1.0528800e+06   4.9682617e+01
   1.0530630e+06   3.5156250e+01
   1.0531570e+06   3.4362793e+01
   1.0532810e+06   5.8654785e+01
   1.0533530e+06   4.2480469e+01
   1.0678770e+06   3.5339355e+01
   1.0818550e+06   3.6132813e+01
   1.0822110e+06   6.3842773e+01
   1.0935760e+06   4.3823242e+01
   1.0957770e+06   4.4494629e+01
   1.1013530e+06   2.0130005e+03
   1.1016490e+06   5.9631348e+01
   1.1017850e+06   3.5400391e+01
   1.1019420e+06   5.0964355e+01
   1.1023860e+06   5.7617188e+01
   1.1024040e+06   4.9865723e+01
   1.1024470e+06   4.2785645e+01
   1.1025230e+06   3.4912109e+01
   1.1025850e+06   5.8166504e+01
   1.1026150e+06   3.5766602e+01
   1.1028030e+06   5.4748535e+01
   1.1028510e+06   4.6630859e+01
   1.1028640e+06   3.4362793e+01
   1.1028980e+06   4.1625977e+01
   1.1029630e+06   3.4240723e+01
   1.1031720e+06   4.6875000e+01
   1.1034780e+06   3.3691406e+01
   1.1407840e+06   3.9367676e+01
   1.1417340e+06   4.9499512e+01
   1.1419750e+06   5.5419922e+01
   1.1513650e+06   2.0089722e+03
   1.1522160e+06   4.2602539e+01
   1.1525700e+06   4.4982910e+01
   1.1528220e+06   4.2846680e+01
   1.1529510e+06   4.5898438e+01
   1.1529960e+06   5.8410645e+01
   1.1530150e+06   3.4240723e+01
   1.1530400e+06   4.0161133e+01
   1.1530880e+06   3.7475586e+01
   1.1755360e+06   5.3222656e+01
   1.1774800e+06   4.6325684e+01
   1.1807980e+06   5.1086426e+01
   1.1843580e+06   4.7119141e+01
   1.1894710e+06   4.1137695e+01
   1.1900960e+06   3.9184570e+01
   1.1938260e+06   3.7109375e+01
   1.1983300e+06   4.5532227e+01
   1.2013790e+06   2.0070801e+03
   1.2017260e+06   5.2185059e+01
   1.2021890e+06   4.0710449e+01
   1.2022580e+06   4.4494629e+01
   1.2024150e+06   3.6193848e+01
   1.2025660e+06   6.1645508e+01
   1.2026840e+06   3.6560059e+01
   1.2034110e+06   3.7658691e+01
   1.2034290e+06   3.5827637e+01
   1.2035240e+06   3.5827637e+01
   1.2148170e+06   5.0231934e+01
   1.2210920e+06   4.1320801e+01
   1.2215250e+06   3.3691406e+01
   1.2219460e+06   4.1076660e+01
   1.2235060e+06   5.0842285e+01
   1.2264570e+06   4.9560547e+01
   1.2332840e+06   3.5095215e+01
   1.2340630e+06   3.5583496e+01
   1.2350870e+06   3.7048340e+01
   1.2371560e+06   4.3945313e+01
   1.2380300e+06   3.8085938e+01
   1.2383520e+06   3.3813477e+01
   1.2384340e+06   5.1757813e+01
   1.2385390e+06   3.4362793e+01
   1.2385670e+06   6.5307617e+01
   1.2401520e+06   3.6193848e+01
   1.2412860e+06   4.0100098e+01
   1.2420270e+06   4.3334961e+01
   1.2513950e+06   3.9999390e+03
   1.2520510e+06   6.2377930e+01
   1.2521470e+06   3.5034180e+01
   1.2522030e+06   4.1198730e+01
   1.2522350e+06   3.6682129e+01
   1.2522720e+06   5.4260254e+01
   1.2524530e+06   4.3334961e+01
   1.2526840e+06   4.4982910e+01
   1.2527430e+06   4.0832520e+01
   1.2527560e+06   3.9306641e+01
   1.2527790e+06   5.9204102e+01
   1.2530040e+06   4.9011230e+01
   1.2712260e+06   3.8269043e+01
   1.2729550e+06   3.9672852e+01
   1.2751430e+06   3.3203125e+01
   1.2767910e+06   3.8452148e+01
   1.2797630e+06   4.2968750e+01
   1.2804500e+06   4.5654297e+01
   1.2810500e+06   4.0832520e+01
   1.2846910e+06   4.4189453e+01
   1.2894010e+06   5.6335449e+01
   1.2927480e+06   4.1625977e+01
   1.2933070e+06   3.7780762e+01
   1.2956480e+06   4.6203613e+01
   1.2967000e+06   4.0893555e+01
   1.2982990e+06   3.6193848e+01
   1.2987980e+06   4.8522949e+01
   1.2997330e+06   3.6682129e+01
   1.3000420e+06   4.0161133e+01
   1.3001520e+06   6.4392090e+01
   1.3009000e+06   3.5766602e+01
   1.3014070e+06   2.0052490e+03
   1.3014190e+06   3.7963867e+01
   1.3019560e+06   4.9682617e+01
   1.3019820e+06   3.4912109e+01
   1.3022090e+06   4.4555664e+01
   1.3022510e+06   5.7861328e+01
   1.3026070e+06   4.2785645e+01
   1.3164210e+06   3.6621094e+01
   1.3174060e+06   3.9794922e+01
   1.3186000e+06   4.2419434e+01
   1.3191740e+06   4.8828125e+01
   1.3241050e+06   4.6630859e+01
   1.3247340e+06   3.7109375e+01
   1.3281510e+06   4.1503906e+01
   1.3294530e+06   4.4738770e+01
   1.3301600e+06   3.7414551e+01
   1.3324630e+06   3.8818359e+01
   1.3344150e+06   4.1809082e+01
   1.3382650e+06   4.1015625e+01
   1.3416090e+06   4.4677734e+01
   1.3428340e+06   3.8940430e+01
   1.3458010e+06   4.9072266e+01
   1.3470620e+06   3.9978027e+01
   1.3472860e+06   3.3569336e+01
   1.3514210e+06   2.0061646e+03
   1.3516480e+06   4.3762207e+01
   1.3518160e+06   3.5705566e+01
   1.3519580e+06   4.9377441e+01
   1.3520460e+06   3.5644531e+01
   1.3520570e+06   6.3720703e+01
   1.3520870e+06   4.7851563e+01
   1.3521440e+06   3.7902832e+01
   1.3522000e+06   4.1076660e+01
   1.3522270e+06   5.8105469e+01
   1.3523600e+06   3.5400391e+01
   1.3525090e+06   5.7434082e+01
   1.3526360e+06   4.2236328e+01
   1.3527120e+06   3.5034180e+01
   1.3529270e+06   3.6987305e+01
   1.3696540e+06   4.3884277e+01
   1.3704710e+06   4.7119141e+01
   1.3770650e+06   4.4494629e+01
   1.3787420e+06   4.5715332e+01
   1.3787870e+06   3.5095215e+01
   1.3788260e+06   4.2724609e+01
   1.3788800e+06   4.5410156e+01
   1.3796880e+06   4.5959473e+01
   1.3799810e+06   5.1330566e+01
   1.3875860e+06   4.0527344e+01
   1.3889070e+06   4.0710449e+01
   1.3926040e+06   4.5715332e+01
   1.3935890e+06   3.9978027e+01
   1.3966800e+06   4.8950195e+01
   1.3988710e+06   4.2602539e+01
   1.3997290e+06   4.3701172e+01
   1.4014350e+06   2.0078125e+03
   1.4017580e+06   3.9672852e+01
   1.4018640e+06   3.4118652e+01
   1.4018770e+06   8.4594727e+01
   1.4020190e+06   5.2917480e+01
   1.4020660e+06   3.5217285e+01
   1.4020900e+06   4.2602539e+01
   1.4022450e+06   3.3630371e+01
   1.4022720e+06   6.6894531e+01
   1.4023810e+06   3.5949707e+01
   1.4024710e+06   4.2297363e+01
   1.4025580e+06   5.3833008e+01
   1.4027960e+06   5.1818848e+01
   1.4188420e+06   4.1442871e+01
   1.4269070e+06   4.6997070e+01
   1.4281640e+06   4.9255371e+01
   1.4290930e+06   3.7109375e+01
   1.4294000e+06   4.3395996e+01
   1.4300100e+06   4.3884277e+01
   1.4303680e+06   3.6010742e+01
   1.4350320e+06   4.1931152e+01
   1.4360630e+06   4.0771484e+01
   1.4366520e+06   4.1564941e+01
   1.4440450e+06   3.9550781e+01
   1.4450050e+06   3.4912109e+01
   1.4491460e+06   4.5043945e+01
   1.4504270e+06   3.6376953e+01
   1.4506190e+06   4.6691895e+01
   1.4507010e+06   6.7016602e+01
   1.4507660e+06   4.9133301e+01
   1.4508370e+06   3.4973145e+01
   1.4514490e+06   2.0031738e+03
   1.4517270e+06   5.2673340e+01
   1.4521110e+06   5.1330566e+01
   1.4611210e+06   3.9367676e+01
   1.4627200e+06   3.7658691e+01
   1.4689200e+06   3.8696289e+01
   1.4700310e+06   3.9489746e+01
   1.4701790e+06   4.5593262e+01
   1.4705760e+06   4.5654297e+01
   1.4708860e+06   4.4067383e+01
   1.4719640e+06   3.9794922e+01
   1.4777330e+06   4.5288086e+01
   1.4783500e+06   4.2114258e+01
   1.4787920e+06   3.5034180e+01
   1.4788040e+06   4.1503906e+01
   1.4788800e+06   5.9570312e+01
   1.4789720e+06   6.2622070e+01
   1.4790600e+06   4.8706055e+01
   1.4791040e+06   3.8635254e+01
   1.4792490e+06   4.6691895e+01
   1.4901150e+06   3.3447266e+01
   1.4920910e+06   4.8522949e+01
   1.4928360e+06   4.6264648e+01
   1.4932760e+06   4.2419434e+01
   1.4983000e+06   4.2358398e+01
   1.5007630e+06   4.6691895e+01
   1.5009610e+06   4.6264648e+01
   1.5010970e+06   3.9428711e+01
   1.5014650e+06   3.9999390e+03
   1.5015380e+06   4.5227051e+01
   1.5026080e+06   4.4250488e+01
   1.5030470e+06   3.7170410e+01
   1.5044260e+06   4.3334961e+01
   1.5095720e+06   4.3762207e+01
   1.5100260e+06   4.3640137e+01
   1.5105260e+06   4.5043945e+01
   1.5172430e+06   3.3508301e+01
   1.5172670e+06   6.1828613e+01
   1.5173360e+06   4.3579102e+01
   1.5173900e+06   3.6193848e+01
   1.5174000e+06   6.3598633e+01
   1.5174370e+06   4.1198730e+01
   1.5175200e+06   5.0903320e+01
   1.5175360e+06   4.2114258e+01
   1.5176110e+06   5.2368164e+01
   1.5176340e+06   3.5949707e+01
   1.5177190e+06   3.4484863e+01
   1.5177450e+06   3.7719727e+01
   1.5179180e+06   3.4851074e+01
   1.5179910e+06   4.1809082e+01
   1.5181860e+06   3.3691406e+01
   1.5182430e+06   4.0039063e+01
   1.5314160e+06   4.4738770e+01
   1.5316160e+06   4.9926758e+01
   1.5318130e+06   5.0170898e+01
   1.5318960e+06   3.4118652e+01
   1.5323010e+06   3.6682129e+01
   1.5408040e+06   4.0100098e+01
   1.5413680e+06   5.8715820e+01
   1.5414210e+06   3.4729004e+01
   1.5414880e+06   5.4626465e+01
   1.5415240e+06   3.3691406e+01
   1.5415880e+06   3.4484863e+01
   1.5416570e+06   3.8879395e+01
   1.5417400e+06   3.7719727e+01
   1.5514770e+06   2.0075073e+03
   1.5524580e+06   4.9499512e+01
   1.5529520e+06   4.1564941e+01
   1.5538300e+06   4.9011230e+01
   1.5596330e+06   3.8635254e+01
   1.5596760e+06   6.2805176e+01
   1.5598080e+06   5.0598145e+01
   1.5607480e+06   4.3457031e+01
   1.5700490e+06   4.6875000e+01
   1.5700770e+06   4.2114258e+01
   1.5701960e+06   6.8054199e+01
   1.5702240e+06   3.7414551e+01
   1.5702650e+06   3.4667969e+01
   1.5703440e+06   3.8513184e+01
   1.5704840e+06   3.7597656e+01
   1.5709000e+06   4.3273926e+01
   1.5825330e+06   4.0710449e+01
   1.5833040e+06   3.5095215e+01
   1.5833690e+06   4.2663574e+01
   1.5838070e+06   3.9550781e+01
   1.5915240e+06   3.8208008e+01
   1.5922050e+06   4.7241211e+01
   1.5961080e+06   4.7729492e+01
   1.5971730e+06   4.2297363e+01
   1.6008620e+06   4.9499512e+01
   1.6014930e+06   3.9999390e+03
   1.6016050e+06   7.1716309e+01
   1.6016200e+06   4.1320801e+01
   1.6016810e+06   5.9875488e+01
   1.6020270e+06   3.3264160e+01
   1.6103500e+06   4.5837402e+01
   1.6104440e+06   5.5480957e+01
   1.6104600e+06   3.3386230e+01
   1.6104820e+06   3.4729004e+01
   1.6105780e+06   4.2785645e+01
   1.6106270e+06   4.7424316e+01
   1.6106500e+06   4.0832520e+01
   1.6106950e+06   4.8767090e+01
   1.6109110e+06   3.8208008e+01
   1.6212830e+06   4.2907715e+01
   1.6213500e+06   4.6630859e+01
   1.6215320e+06   5.8349609e+01
   1.6215570e+06   5.1452637e+01
   1.6215950e+06   3.3264160e+01
   1.6220030e+06   3.9367676e+01
   1.6325400e+06   4.8400879e+01
   1.6344020e+06   4.9011230e+01
   1.6393340e+06   4.4372559e+01
   1.6399290e+06   4.9499512e+01
   1.6400290e+06   5.8471680e+01
   1.6400820e+06   3.3325195e+01
   1.6401120e+06   3.6437988e+01
   1.6502140e+06   4.1809082e+01
   1.6509530e+06   4.2236328e+01
   1.6515050e+06   2.0104370e+03
   1.6518450e+06   4.3518066e+01
   1.6521330e+06   3.4606934e+01
   1.6521510e+06   3.5949707e+01
   1.6524600e+06   5.4748535e+01
   1.6525780e+06   4.5837402e+01
   1.6530030e+06   3.7048340e+01
   1.6588510e+06   5.8898926e+01
   1.6588990e+06   3.6071777e+01
   1.6589140e+06   3.6254883e+01
   1.6590010e+06   3.9611816e+01
   1.6590280e+06   5.1513672e+01
   1.6590830e+06   4.9560547e+01
   1.6591120e+06   4.6936035e+01
   1.6592180e+06   3.7719727e+01
   1.6592880e+06   3.8696289e+01
   1.6593250e+06   3.8879395e+01
   1.6593350e+06   5.6152344e+01
   1.6594620e+06   4.4738770e+01
   1.6795570e+06   5.2612305e+01
   1.6820010e+06   4.8950195e+01
   1.6825700e+06   4.0344238e+01
   1.6844050e+06   4.4860840e+01
   1.6904400e+06   4.1809082e+01
   1.6952260e+06   4.0527344e+01
   1.6956610e+06   8.1176758e+01
   1.6956720e+06   4.4494629e+01
   1.6958130e+06   3.9978027e+01
   1.6958500e+06   3.6315918e+01
   1.6958700e+06   7.3547363e+01
   1.6959050e+06   3.8146973e+01
   1.6959530e+06   3.3142090e+01
   1.6959740e+06   3.6499023e+01
   1.6960000e+06   4.3273926e+01
   1.6960270e+06   4.2175293e+01
   1.6960460e+06   3.3264160e+01
   1.6960840e+06   3.5583496e+01
   1.6961300e+06   4.9987793e+01
   1.6961790e+06   3.6315918e+01
   1.6963730e+06   4.8950195e+01
   1.7015190e+06   2.0043335e+03
   1.7076850e+06   4.0405273e+01
   1.7080330e+06   3.3508301e+01
   1.7081560e+06   5.7006836e+01
   1.7084200e+06   3.6865234e+01
   1.7085320e+06   4.4616699e+01
   1.7086020e+06   4.1931152e+01
   1.7092990e+06   4.2541504e+01
   1.7176770e+06   4.0283203e+01
   1.7185610e+06   4.1748047e+01
   1.7202910e+06   3.4362793e+01
   1.7224720e+06   3.4484863e+01
   1.7239120e+06   4.1870117e+01
   1.7251370e+06   3.4362793e+01
   1.7252100e+06   4.2358398e+01
   1.7253770e+06   3.8757324e+01
   1.7254160e+06   3.5827637e+01
   1.7255620e+06   3.4729004e+01
   1.7337610e+06   4.1931152e+01
   1.7347280e+06   5.7006836e+01
   1.7355970e+06   3.7353516e+01
   1.7362540e+06   4.7668457e+01
   1.7375010e+06   3.8940430e+01
   1.7379990e+06   3.7414551e+01
   1.7426280e+06   4.6630859e+01
   1.7440240e+06   3.3691406e+01
   1.7447300e+06   4.3212891e+01
   1.7456190e+06   4.1748047e+01
   1.7493800e+06   4.3945312e+01
   1.7515350e+06   3.9999390e+03
   1.7518220e+06   5.0781250e+01
   1.7519030e+06   6.0485840e+01
   1.7519870e+06   3.7841797e+01
   1.7522960e+06   3.6804199e+01
   1.7523280e+06   4.7729492e+01
   1.7524200e+06   4.5532227e+01
   1.7536470e+06   3.3508301e+01
   1.7592470e+06   4.1687012e+01
   1.7616170e+06   3.7292480e+01
   1.7627970e+06   4.7241211e+01
   1.7640640e+06   3.9367676e+01
   1.7666710e+06   4.0466309e+01
   1.7678050e+06   3.4606934e+01
   1.7699560e+06   3.8635254e+01
   1.7712480e+06   3.4362793e+01
   1.7745010e+06   4.3884277e+01
   1.7756720e+06   4.1748047e+01
   1.7762460e+06   3.5461426e+01
   1.7778320e+06   4.2846680e+01
   1.7801050e+06   3.8818359e+01
   1.7819280e+06   3.9978027e+01
   1.7827010e+06   3.8330078e+01
   1.7830460e+06   3.7780762e+01
   1.7857900e+06   4.2541504e+01
   1.7879410e+06   4.2053223e+01
   1.7889720e+06   4.1259766e+01
   1.7905240e+06   3.6926270e+01
   1.7922530e+06   3.9428711e+01
   1.7927690e+06   3.4790039e+01
   1.7939420e+06   3.7170410e+01
   1.7954880e+06   4.2175293e+01
   1.7964920e+06   3.8452148e+01
   1.7980610e+06   4.0527344e+01
   1.7998020e+06   3.9672852e+01
   1.8006780e+06   4.4555664e+01
   1.8012180e+06   3.7414551e+01
   1.8015470e+06   2.0100098e+03
   1.8018840e+06   4.2907715e+01
   1.8020720e+06   4.5227051e+01
   1.8021460e+06   4.2114258e+01
   1.8021770e+06   5.5786133e+01
   1.8023680e+06   3.6193848e+01
   1.8025720e+06   3.9733887e+01
   1.8028250e+06   4.2968750e+01
   1.8043790e+06   3.3203125e+01
   1.8056040e+06   3.7170410e+01
   1.8070100e+06   3.5522461e+01
   1.8084730e+06   3.8879395e+01
   1.8108940e+06   3.5034180e+01
   1.8120450e+06   3.8085938e+01
   1.8128610e+06   3.7292480e+01
   1.8140900e+06   3.8757324e+01
   1.8154900e+06   3.4606934e+01
   1.8165200e+06   4.0649414e+01
   1.8204920e+06   3.7719727e+01
   1.8213050e+06   3.3874512e+01
   1.8232690e+06   3.6804199e+01
   1.8240240e+06   3.5705566e+01
   1.8251670e+06   3.4545898e+01
   1.8264660e+06   4.1015625e+01
   1.8279290e+06   3.5888672e+01
   1.8285960e+06   3.3813477e+01
   1.8298270e+06   3.5766602e+01
   1.8308510e+06   3.3691406e+01
   1.8319710e+06   3.7658691e+01
   1.8356970e+06   4.3884277e+01
   1.8366100e+06   5.7434082e+01
   1.8366220e+06   3.4667969e+01
   1.8383200e+06   4.0222168e+01
   1.8392950e+06   3.4667969e+01
   1.8397260e+06   3.3264160e+01
   1.8411470e+06   4.3334961e+01
   1.8423600e+06   3.9184570e+01
   1.8432740e+06   3.5034180e+01
   1.8452390e+06   3.3691406e+01
   1.8464900e+06   3.8879395e+01
   1.8471460e+06   4.3945313e+01
   1.8484080e+06   3.6132813e+01
   1.8493110e+06   4.1381836e+01
   1.8504650e+06   3.7231445e+01
   1.8515630e+06   3.9999390e+03
   1.8515760e+06   3.6254883e+01
   1.8519280e+06   5.9570313e+01
   1.8519410e+06   4.3090820e+01
   1.8520690e+06   3.9001465e+01
   1.8521180e+06   5.3222656e+01
   1.8523870e+06   3.3569336e+01
   1.8526180e+06   4.5349121e+01
   1.8526790e+06   4.4616699e+01
   1.8528540e+06   5.0842285e+01
   1.8529680e+06   3.7597656e+01
   1.8531610e+06   3.3569336e+01
   1.8533580e+06   5.3466797e+01
   1.8534800e+06   3.8085938e+01
   1.8535050e+06   4.2480469e+01
   1.8536340e+06   3.8146973e+01
   1.8540400e+06   3.3447266e+01
   1.8606760e+06   4.6325684e+01
   1.8623010e+06   4.4677734e+01
   1.8629300e+06   4.0405273e+01
   1.8638650e+06   3.9062500e+01
   1.8647560e+06   3.4057617e+01
   1.8666140e+06   3.3569336e+01
   1.8677590e+06   4.0710449e+01
   1.8690690e+06   4.0588379e+01
   1.8708100e+06   3.9428711e+01
   1.8716000e+06   3.5644531e+01
   1.8727840e+06   4.7058105e+01
   1.8738930e+06   4.6081543e+01
   1.8750470e+06   3.3142090e+01
   1.8761140e+06   3.9794922e+01
   1.8767560e+06   3.3264160e+01
   1.8781840e+06   4.5166016e+01
   1.8809350e+06   3.4423828e+01
   1.8817750e+06   3.9916992e+01
   1.8829540e+06   4.1503906e+01
   1.8839070e+06   3.5217285e+01
   1.8845780e+06   3.3691406e+01
   1.8860330e+06   3.5400391e+01
   1.8867260e+06   3.5217285e+01
   1.8879690e+06   3.3569336e+01
   1.8892440e+06   3.9062500e+01
   1.8900610e+06   4.1503906e+01
   1.8913360e+06   3.8513184e+01
   1.8924540e+06   4.6936035e+01
   1.8930890e+06   3.6010742e+01
   1.8942800e+06   3.6499023e+01
   1.8948670e+06   3.6315918e+01
   1.8971940e+06   4.1503906e+01
   1.8990130e+06   3.6987305e+01
   1.9001240e+06   3.7719727e+01
   1.9010660e+06   4.2297363e+01
   1.9015770e+06   3.9999390e+03
   1.9018650e+06   5.3649902e+01
   1.9019040e+06   3.3447266e+01
   1.9019470e+06   5.1818848e+01
   1.9021770e+06   3.5644531e+01
   1.9030480e+06   4.2724609e+01
   1.9031100e+06   3.4729004e+01
   1.9031360e+06   4.9316406e+01
   1.9033070e+06   3.6621094e+01
   1.9033180e+06   5.7250977e+01
   1.9033760e+06   4.0588379e+01
   1.9037170e+06   3.3569336e+01
   1.9042760e+06   3.9245605e+01
   1.9089540e+06   3.5400391e+01
   1.9102490e+06   3.5400391e+01
   1.9112530e+06   4.0649414e+01
   1.9123020e+06   3.3752441e+01
   1.9133870e+06   3.6376953e+01
   1.9153640e+06   3.7414551e+01
   1.9161050e+06   3.9733887e+01
   1.9167920e+06   3.7414551e+01
   1.9179860e+06   3.3752441e+01
   1.9194390e+06   3.6987305e+01
   1.9205670e+06   3.3325195e+01
   1.9214200e+06   3.6499023e+01
   1.9224690e+06   3.5766602e+01
   1.9234940e+06   4.3090820e+01
   1.9246470e+06   4.1992188e+01
   1.9255280e+06   3.7170410e+01
   1.9265670e+06   3.7048340e+01
   1.9308510e+06   3.4057617e+01
   1.9325140e+06   3.6804199e+01
   1.9325600e+06   3.4606934e+01
   1.9335630e+06   3.3630371e+01
   1.9345800e+06   3.8513184e+01
   1.9356950e+06   3.7902832e+01
   1.9363620e+06   3.5949707e+01
   1.9375970e+06   3.4729004e+01
   1.9395030e+06   3.4179688e+01
   1.9423810e+06   3.3569336e+01
   1.9442520e+06   3.7414551e+01
   1.9453850e+06   3.3996582e+01
   1.9463840e+06   3.6193848e+01
   1.9480670e+06   3.9733887e+01
   1.9489650e+06   3.3630371e+01
   1.9505360e+06   3.5034180e+01
   1.9515910e+06   3.9999390e+03
   1.9516500e+06   3.4973145e+01
   1.9518570e+06   6.6894531e+01
   1.9519350e+06   4.0649414e+01
   1.9523390e+06   3.5705566e+01
   1.9525830e+06   4.1870117e+01
   1.9526800e+06   4.9926758e+01
   1.9527270e+06   4.2968750e+01
   1.9537710e+06   3.4912109e+01
   1.9555960e+06   3.4667969e+01
   1.9565800e+06   3.8940430e+01
   1.9580350e+06   3.6254883e+01
   1.9588810e+06   3.3447266e+01
   1.9596770e+06   3.4973145e+01
   1.9608310e+06   3.6010742e+01
   1.9616890e+06   3.5156250e+01
   1.9627080e+06   3.8757324e+01
   1.9633660e+06   3.8208008e+01
   1.9646690e+06   4.0588379e+01
   1.9660000e+06   3.3142090e+01
   1.9674940e+06   3.5217285e+01
   1.9699720e+06   4.3640137e+01
   1.9716960e+06   3.9550781e+01
   1.9726730e+06   3.6254883e+01
   1.9736870e+06   4.3395996e+01
   1.9746110e+06   3.3203125e+01
   1.9755030e+06   3.7719727e+01
   1.9763050e+06   3.4484863e+01
   1.9777930e+06   4.3334961e+01
   1.9792120e+06   3.5461426e+01
   1.9798020e+06   3.7719727e+01
   1.9831390e+06   3.9428711e+01
   1.9845310e+06   3.5156250e+01
   1.9861570e+06   6.2194824e+01
   1.9863320e+06   4.1748047e+01
   1.9902300e+06   3.4423828e+01
   1.9909150e+06   3.3325195e+01
   1.9919200e+06   3.4606934e+01
   1.9929290e+06   3.6865234e+01
   1.9936210e+06   3.8635254e+01
   1.9947000e+06   6.9519043e+01
   1.9958470e+06   4.0649414e+01
   1.9976720e+06   3.5827637e+01
   1.9993740e+06   3.7414551e+01
   2.0001000e+06   3.3874512e+01
   2.0016050e+06   3.9999390e+03
   2.0018500e+06   5.0109863e+01
   2.0018840e+06   3.6865234e+01
   2.0019580e+06   4.3151855e+01
   2.0024570e+06   4.3090820e+01
   2.0026010e+06   4.4433594e+01
   2.0030350e+06   3.7902832e+01
   2.0039400e+06   3.8085938e+01
   2.0051320e+06   3.8574219e+01
   2.0064900e+06   4.2175293e+01
   2.0074630e+06   3.8146973e+01
   2.0096620e+06   3.9123535e+01
   2.0119210e+06   3.3813477e+01
   2.0131220e+06   3.4790039e+01
   2.0150220e+06   3.5095215e+01
   2.0163150e+06   3.8940430e+01
   2.0173000e+06   3.5522461e+01
   2.0181740e+06   4.0710449e+01
   2.0215020e+06   3.7109375e+01
   2.0224050e+06   3.3203125e+01
   2.0241830e+06   3.3691406e+01
   2.0247300e+06   3.9428711e+01
   2.0254120e+06   3.3386230e+01
   2.0282980e+06   3.3325195e+01
   2.0313940e+06   3.5827637e+01
   2.0321780e+06   3.5461426e+01
   2.0330760e+06   3.3569336e+01
   2.0343990e+06   3.7292480e+01
   2.0355450e+06   3.7170410e+01
   2.0364500e+06   3.6132813e+01
   2.0406380e+06   3.5705566e+01
   2.0408440e+06   5.8776855e+01
   2.0409010e+06   3.4606934e+01
   2.0416820e+06   3.8513184e+01
   2.0428680e+06   3.6926270e+01
   2.0450540e+06   3.5400391e+01
   2.0484700e+06   3.4790039e+01
   2.0494730e+06   3.3386230e+01
   2.0501570e+06   3.3630371e+01
   2.0508820e+06   3.8085938e+01
   2.0516170e+06   2.0067139e+03
   2.0518500e+06   5.5358887e+01
   2.0519370e+06   3.6132813e+01
   2.0523080e+06   4.0344238e+01
   2.0528690e+06   3.5827637e+01
   2.0535290e+06   3.4057617e+01
   2.0536110e+06   3.4790039e+01
   2.0566250e+06   3.6804199e+01
   2.0577470e+06   4.4128418e+01
   2.0614020e+06   3.5339355e+01
   2.0625180e+06   3.3630371e+01
   2.0637150e+06   3.3386230e+01
   2.0648750e+06   3.6071777e+01
   2.0664370e+06   3.7048340e+01
   2.0672710e+06   4.0161133e+01
   2.0688690e+06   3.5949707e+01
   2.0699200e+06   3.5827637e+01
   2.0710540e+06   3.3142090e+01
   2.0722180e+06   4.1381836e+01
   2.0739350e+06   3.5278320e+01
   2.0771180e+06   3.6560059e+01
   2.0780460e+06   3.3142090e+01
   2.0790890e+06   3.8269043e+01
   2.0800300e+06   3.9306641e+01
   2.0814290e+06   4.0100098e+01
   2.0850050e+06   3.7231445e+01
   2.0860850e+06   3.4423828e+01
   2.0871790e+06   3.4667969e+01
   2.0897570e+06   3.4179688e+01
   2.0908790e+06   3.4179688e+01
   2.0918830e+06   4.1442871e+01
   2.0943510e+06   3.7414551e+01
   2.0954150e+06   3.3386230e+01
   2.0963360e+06   3.3264160e+01
   2.0972960e+06   3.6010742e+01
   2.0980020e+06   3.8940430e+01
   2.1004620e+06   3.3874512e+01
   2.1013170e+06   3.5400391e+01
   2.1016310e+06   2.0070801e+03
   2.1019500e+06   3.8330078e+01
   2.1021380e+06   6.2194824e+01
   2.1021520e+06   5.9814453e+01
   2.1023380e+06   5.0659180e+01
   2.1023820e+06   3.3203125e+01
   2.1025330e+06   4.1442871e+01
   2.1026180e+06   3.3142090e+01
   2.1032120e+06   4.1198730e+01
   2.1032410e+06   3.4606934e+01
   2.1032560e+06   3.6987305e+01
   2.1035990e+06   4.7973633e+01
   2.1040590e+06   4.1748047e+01
   2.1096060e+06   4.4860840e+01
   2.1108240e+06   3.7170410e+01
   2.1134080e+06   4.3395996e+01
   2.1144980e+06   3.7353516e+01
   2.1172070e+06   4.0161133e+01
   2.1199030e+06   3.6132813e+01
   2.1211370e+06   3.5461426e+01
   2.1222550e+06   3.3813477e+01
   2.1229850e+06   3.5034180e+01
   2.1244430e+06   3.6376953e+01
   2.1254060e+06   3.8330078e+01
   2.1286510e+06   3.6010742e+01
   2.1303950e+06   3.3996582e+01
   2.1304380e+06   6.5734863e+01
   2.1305880e+06   3.5827637e+01
   2.1310220e+06   4.4128418e+01
   2.1339040e+06   3.3386230e+01
   2.1347180e+06   3.3630371e+01
   2.1380410e+06   3.4729004e+01
   2.1406290e+06   3.7231445e+01
   2.1439190e+06   3.4973145e+01
   2.1490230e+06   3.6071777e+01
   2.1491080e+06   5.7556152e+01
   2.1492910e+06   3.8391113e+01
   2.1516450e+06   2.0074463e+03
   2.1520920e+06   4.7607422e+01
   2.1521700e+06   3.9733887e+01
   2.1522750e+06   4.1381836e+01
   2.1524390e+06   4.3945312e+01
   2.1580960e+06   3.4667969e+01
   2.1599520e+06   3.7231445e+01
   2.1638840e+06   3.6865234e+01
   2.1657290e+06   3.4729004e+01
   2.1668600e+06   3.3752441e+01
   2.1676040e+06   3.5278320e+01
   2.1699130e+06   3.3935547e+01
   2.1723220e+06   3.5339355e+01
   2.1732420e+06   3.5644531e+01
   2.1763420e+06   3.7841797e+01
   2.1770770e+06   3.7353516e+01
   2.1788760e+06   3.6865234e+01
   2.1809720e+06   4.0039063e+01
   2.1886620e+06   3.6621094e+01
   2.1897560e+06   3.7353516e+01
   2.1930520e+06   3.5400391e+01
   2.1985090e+06   3.3996582e+01
   2.2000050e+06   3.5644531e+01
   2.2016590e+06   2.0045166e+03
   2.2018690e+06   4.1015625e+01
   2.2019770e+06   4.3090820e+01
   2.2020280e+06   5.7983398e+01
   2.2020920e+06   3.8635254e+01
   2.2021230e+06   3.7719727e+01
   2.2022330e+06   5.8959961e+01
   2.2022500e+06   4.4982910e+01
   2.2023180e+06   4.2846680e+01
   2.2023620e+06   4.5898438e+01
   2.2023880e+06   3.4790039e+01
   2.2024050e+06   5.3588867e+01
   2.2024320e+06   4.2602539e+01
   2.2026020e+06   3.3813477e+01
   2.2026580e+06   5.0598145e+01
   2.2080070e+06   3.3569336e+01
   2.2098110e+06   4.1809082e+01
   2.2109650e+06   3.4301758e+01
   2.2121940e+06   3.7231445e+01
   2.2140320e+06   3.7109375e+01
   2.2181110e+06   3.6132813e+01
   2.2210970e+06   3.6743164e+01
   2.2220570e+06   3.5034180e+01
   2.2229880e+06   3.3630371e+01
   2.2256730e+06   3.5095215e+01
   2.2319230e+06   3.5217285e+01
   2.2328300e+06   4.1381836e+01
   2.2339810e+06   3.4179688e+01
   2.2350260e+06   3.4057617e+01
   2.2371920e+06   3.5766602e+01
   2.2383220e+06   3.7536621e+01
   2.2390620e+06   3.3935547e+01
   2.2403180e+06   3.3569336e+01
   2.2427980e+06   3.6865234e+01
   2.2435930e+06   3.4606934e+01
   2.2469400e+06   3.3508301e+01
   2.2479750e+06   3.4790039e+01
   2.2516730e+06   2.0107422e+03
   2.2520270e+06   5.8105469e+01
   2.2520580e+06   4.5715332e+01
   2.2521750e+06   4.5410156e+01
   2.2524020e+06   4.2602539e+01
   2.2524750e+06   6.2561035e+01
   2.2528140e+06   3.5217285e+01
   2.2530370e+06   3.5156250e+01
   2.2543670e+06   3.3264160e+01
   2.2615980e+06   3.4790039e+01
   2.2656120e+06   3.8635254e+01
   2.2669220e+06   3.3569336e+01
   2.2677740e+06   3.4973145e+01
   2.2696760e+06   4.0161133e+01
   2.2732730e+06   4.3273926e+01
   2.2746410e+06   3.6865234e+01
   2.2759830e+06   3.3691406e+01
   2.2768570e+06   3.6315918e+01
   2.2796640e+06   3.4973145e+01
   2.2825670e+06   3.7597656e+01
   2.2835860e+06   3.5766602e+01
   2.2870750e+06   3.5034180e+01
   2.2901260e+06   3.3630371e+01
   2.2946610e+06   3.5522461e+01
   2.2961080e+06   3.6499023e+01
   2.2963160e+06   3.3386230e+01
   2.2965870e+06   5.7067871e+01
   2.2974080e+06   3.3386230e+01
   2.2984000e+06   3.5949707e+01
   2.3013020e+06   3.4973145e+01
   2.3015840e+06   3.6804199e+01
   2.3016890e+06   2.0112915e+03
   2.3018540e+06   5.8105469e+01
   2.3018680e+06   3.7475586e+01
   2.3019390e+06   4.8583984e+01
   2.3021610e+06   5.3833008e+01
   2.3029020e+06   3.6254883e+01
   2.3061320e+06   3.5034180e+01
   2.3107240e+06   3.3874512e+01
   2.3151890e+06   3.5888672e+01
   2.3190300e+06   3.4484863e+01
   2.3229430e+06   3.5949707e+01
   2.3235980e+06   3.3935547e+01
   2.3264220e+06   3.5095215e+01
   2.3284050e+06   3.5766602e+01
   2.3290250e+06   5.9997559e+01
   2.3298580e+06   3.3386230e+01
   2.3347100e+06   3.3142090e+01
   2.3356150e+06   3.9367676e+01
   2.3384570e+06   3.5461426e+01
   2.3399360e+06   3.4851074e+01
   2.3404510e+06   4.7485352e+01
   2.3407080e+06   3.3569336e+01
   2.3466950e+06   3.6376953e+01
   2.3494890e+06   5.2307129e+01
   2.3496820e+06   3.8269043e+01
   2.3498720e+06   3.6499023e+01
   2.3516010e+06   3.3508301e+01
   2.3517030e+06   3.9999390e+03
   2.3519090e+06   4.6569824e+01
   2.3520380e+06   3.7475586e+01
   2.3522540e+06   5.0720215e+01
   2.3522700e+06   3.7475586e+01
   2.3525400e+06   3.5156250e+01
   2.3525590e+06   4.3029785e+01
   2.3530140e+06   4.3945313e+01
   2.3609050e+06   3.8391113e+01
   2.3618620e+06   3.3691406e+01
   2.3629820e+06   3.4179688e+01
   2.3674560e+06   3.3935547e+01
   2.3705880e+06   3.4179688e+01
   2.3728020e+06   3.4545898e+01
   2.3744200e+06   3.5034180e+01
   2.3770970e+06   3.6315918e+01
   2.3790180e+06   3.5949707e+01
   2.3800390e+06   3.4973145e+01
   2.3855970e+06   3.4790039e+01
   2.3861610e+06   4.3457031e+01
   2.3864520e+06   4.5532227e+01
   2.3889130e+06   3.9489746e+01
   2.3902020e+06   3.6315918e+01
   2.3920560e+06   3.6682129e+01
   2.3932030e+06   3.8452148e+01
   2.3947500e+06   5.4687500e+01
   2.3949490e+06   5.5297852e+01
   2.3964520e+06   3.7475586e+01
   2.3991730e+06   3.3325195e+01
   2.4017170e+06   3.9999390e+03
   2.4019970e+06   5.3283691e+01
   2.4020650e+06   5.4992676e+01
   2.4021460e+06   3.8513184e+01
   2.4023480e+06   3.6010742e+01
   2.4149770e+06   3.3569336e+01
   2.4165610e+06   5.5603027e+01
   2.4183740e+06   3.5217285e+01
   2.4208340e+06   3.4851074e+01
   2.4218090e+06   3.3142090e+01
   2.4255140e+06   3.6926270e+01
   2.4283170e+06   3.4851074e+01
   2.4306300e+06   4.0832520e+01
   2.4321420e+06   3.6132813e+01
   2.4329530e+06   3.4362793e+01
   2.4346610e+06   3.4606934e+01
   2.4359990e+06   3.7719727e+01
   2.4395120e+06   3.3996582e+01
   2.4428770e+06   3.5156250e+01
   2.4454570e+06   3.6193848e+01
   2.4462130e+06   6.3110352e+01
   2.4465420e+06   5.2185059e+01
   2.4479040e+06   3.9184570e+01
   2.4506330e+06   3.7597656e+01
   2.4517290e+06   2.0026855e+03
   2.4520640e+06   3.9001465e+01
   2.4522420e+06   4.0771484e+01
   2.4522740e+06   3.4240723e+01
   2.4524580e+06   5.0415039e+01
   2.4524700e+06   4.2419434e+01
   2.4525120e+06   3.4362793e+01
   2.4526800e+06   3.5034180e+01
   2.4527120e+06   4.2724609e+01
   2.4527250e+06   3.4301758e+01
   2.4538570e+06   3.4484863e+01
   2.4584110e+06   3.3203125e+01
   2.4600930e+06   4.3823242e+01
   2.4608130e+06   3.6743164e+01
   2.4654690e+06   3.5034180e+01
   2.4667970e+06   3.4179688e+01
   2.4677240e+06   3.4545898e+01
   2.4712110e+06   3.3142090e+01
   2.4768250e+06   3.4179688e+01
   2.4807810e+06   6.4453125e+01
   2.4851770e+06   3.3508301e+01
   2.4877630e+06   3.4301758e+01
   2.4891160e+06   3.3630371e+01
   2.4892550e+06   5.7373047e+01
   2.4916180e+06   3.3203125e+01
   2.4934820e+06   3.7597656e+01
   2.4947150e+06   3.7414551e+01
   2.4948700e+06   4.2114258e+01
   2.4963490e+06   3.6437988e+01
   2.4974900e+06   4.0100098e+01
   2.5003430e+06   3.3142090e+01
   2.5013450e+06   3.5949707e+01
   2.5032850e+06   4.4555664e+01
   2.5041100e+06   3.3325195e+01
   2.5075470e+06   3.6315918e+01
   2.5088130e+06   4.0954590e+01
   2.5088720e+06   3.7658691e+01
   2.5093670e+06   5.6701660e+01
   2.5095380e+06   4.6752930e+01
   2.5099500e+06   3.7597656e+01
   2.5108890e+06   4.0161133e+01
   2.5139870e+06   3.9794922e+01
   2.5174490e+06   4.3701172e+01
   2.5186910e+06   4.2297363e+01
   2.5241080e+06   3.8024902e+01
   2.5256090e+06   4.3518066e+01
   2.5273790e+06   3.5888672e+01
   2.5284620e+06   3.4729004e+01
   2.5325500e+06   3.3325195e+01
   2.5364940e+06   6.5856934e+01
   2.5392630e+06   3.9489746e+01
   2.5399290e+06   5.8593750e+01
   2.5423880e+06   3.3447266e+01
   2.5455350e+06   3.3264160e+01
   2.5472350e+06   3.3447266e+01
   2.5473700e+06   6.2683105e+01
   2.5480670e+06   3.3813477e+01
   2.5565310e+06   3.6193848e+01
   2.5598600e+06   3.6560059e+01
   2.5605860e+06   3.7048340e+01
   2.5624380e+06   3.8146973e+01
   2.5633760e+06   5.6091309e+01
   2.5651650e+06   3.3752441e+01
   2.5689800e+06   3.3569336e+01
   2.5691770e+06   3.8024902e+01
   2.5692700e+06   5.9265137e+01
   2.5784570e+06   4.8522949e+01
   2.5785660e+06   3.5583496e+01
   2.5812520e+06   3.8024902e+01
   2.5868960e+06   5.7983398e+01
   2.5869280e+06   3.4973145e+01
   2.5874240e+06   4.6447754e+01
   2.5882160e+06   3.3813477e+01
   2.5883060e+06   3.3935547e+01
   2.5947430e+06   3.5400391e+01
   2.5965410e+06   3.6071777e+01
   2.5970660e+06   3.9428711e+01
   2.5994070e+06   5.4199219e+01
   2.6022290e+06   3.4240723e+01
   2.6038760e+06   3.8696289e+01
   2.6066750e+06   3.6499023e+01
   2.6071160e+06   5.3588867e+01
   2.6077260e+06   5.3527832e+01
   2.6092810e+06   3.4362793e+01
   2.6114760e+06   3.3813477e+01
   2.6151900e+06   5.7434082e+01
   2.6184770e+06   3.5095215e+01
   2.6213800e+06   3.4240723e+01
   2.6240790e+06   3.5217285e+01
   2.6246530e+06   3.5461426e+01
   2.6271360e+06   3.5583496e+01
   2.6313900e+06   4.7058105e+01
   2.6314740e+06   3.4851074e+01
   2.6316540e+06   4.8706055e+01
   2.6318910e+06   6.0363770e+01
   2.6324240e+06   4.6325684e+01
   2.6400010e+06   3.5766602e+01
   2.6406830e+06   3.7719727e+01
   2.6408550e+06   3.9184570e+01
   2.6414100e+06   6.3415527e+01
   2.6423140e+06   4.0466309e+01
   2.6433820e+06   3.5400391e+01
   2.6459560e+06   3.9978027e+01
   2.6472690e+06   3.8208008e+01
   2.6563340e+06   5.5358887e+01
   2.6563820e+06   3.8330078e+01
   2.6580290e+06   3.3508301e+01
   2.6626550e+06   3.5278320e+01
   2.6648990e+06   3.4057617e+01
   2.6657760e+06   3.4179688e+01
   2.6659640e+06   5.0109863e+01
   2.6662130e+06   5.2795410e+01
   2.6664710e+06   3.3813477e+01
   2.6717740e+06   6.7260742e+01
   2.6725810e+06   3.6621094e+01
   2.6734910e+06   3.6193848e+01
   2.6788280e+06   3.9306641e+01
   2.6831240e+06   4.5166016e+01
   2.6862790e+06   3.4118652e+01
   2.6958340e+06   3.5400391e+01
   2.7019900e+06   3.5034180e+01
   2.7044120e+06   3.3691406e+01
   2.7050400e+06   3.5644531e+01
   2.7054140e+06   3.3813477e+01
   2.7057020e+06   5.2551270e+01
   2.7084560e+06   4.1442871e+01
   2.7124990e+06   3.8940430e+01
   2.7137620e+06   3.6315918e+01
   2.7140640e+06   3.4362793e+01
   2.7169530e+06   3.5400391e+01
   2.7203640e+06   3.3203125e+01
   2.7213220e+06   3.7292480e+01
   2.7254540e+06   3.5217285e+01
   2.7271600e+06   3.5705566e+01
   2.7280260e+06   3.6193848e+01
   2.7299950e+06   3.4179688e+01
   2.7364170e+06   4.5349121e+01
   2.7366730e+06   3.9184570e+01
   2.7368000e+06   4.5104980e+01
   2.7389700e+06   3.4973145e+01
   2.7403360e+06   3.3996582e+01
   2.7424830e+06   6.1828613e+01
   2.7448060e+06   3.3569336e+01
   2.7475350e+06   3.3630371e+01
   2.7538730e+06   3.6254883e+01
   2.7551930e+06   3.6193848e+01
   2.7601750e+06   6.2255859e+01
   2.7619000e+06   3.6560059e+01
   2.7632550e+06   3.6682129e+01
   2.7653480e+06   3.3447266e+01
   2.7685670e+06   3.6560059e+01
   2.7726140e+06   3.8208008e+01
   2.7774300e+06   3.9428711e+01
   2.7777870e+06   5.2856445e+01
   2.7780050e+06   3.6560059e+01
   2.7851250e+06   4.0222168e+01
   2.7856890e+06   6.0974121e+01
   2.7872000e+06   3.3874512e+01
   2.7879680e+06   3.5583496e+01
   2.7881630e+06   3.5034180e+01
   2.7911580e+06   3.6499023e+01
   2.7950750e+06   4.9682617e+01
   2.7955140e+06   3.3935547e+01
   2.7955770e+06   3.9062500e+01
   2.8004540e+06   3.5827637e+01
   2.8026230e+06   3.6376953e+01
   2.8030840e+06   5.8776855e+01
   2.8043360e+06   3.9428711e+01
   2.8138330e+06   3.5217285e+01
   2.8163650e+06   5.5603027e+01
   2.8164150e+06   3.3447266e+01
   2.8194210e+06   3.5461426e+01
   2.8195900e+06   4.0283203e+01
   2.8201620e+06   6.0607910e+01
   2.8211390e+06   3.6743164e+01
   2.8212050e+06   3.4423828e+01
   2.8218480e+06   4.0527344e+01
   2.8219820e+06   3.5827637e+01
   2.8242030e+06   3.9367676e+01
   2.8304120e+06   3.8085938e+01
   2.8313630e+06   3.3874512e+01
   2.8333870e+06   3.3447266e+01
   2.8339680e+06   5.7739258e+01
   2.8340500e+06   3.4606934e+01
   2.8410020e+06   3.4484863e+01
   2.8414360e+06   3.7475586e+01
   2.8416070e+06   4.8645020e+01
   2.8431240e+06   3.3508301e+01
   2.8474920e+06   5.8593750e+01
   2.8490230e+06   3.6193848e+01
   2.8528150e+06   3.7170410e+01
   2.8557410e+06   3.6315918e+01
   2.8582420e+06   3.4179688e+01
   2.8623320e+06   3.6071777e+01
   2.8646820e+06   3.3630371e+01
   2.8671420e+06   3.4851074e+01
   2.8704560e+06   3.3508301e+01
   2.8715610e+06   5.7495117e+01
   2.8734460e+06   3.3142090e+01
   2.8736370e+06   5.7678223e+01
   2.8737260e+06   3.9550781e+01
   2.8764460e+06   3.9672852e+01
   2.8826430e+06   3.8452148e+01
   2.8828260e+06   3.3264160e+01
   2.8834230e+06   5.1208496e+01
   2.8850630e+06   4.3395996e+01
   2.8854810e+06   4.5410156e+01
   2.8870230e+06   3.4423828e+01
   2.8906160e+06   3.9245605e+01
   2.8969340e+06   3.4362793e+01
   2.8981020e+06   5.4626465e+01
   2.8988310e+06   4.2358398e+01
   2.8994760e+06   3.7292480e+01
   2.9006990e+06   4.0466309e+01
   2.9084300e+06   3.6743164e+01
   2.9091130e+06   5.7617188e+01
   2.9091670e+06   5.4016113e+01
   2.9095090e+06   3.6315918e+01
   2.9166830e+06   4.0405273e+01
   2.9176520e+06   3.6621094e+01
   2.9216960e+06   5.7983398e+01
   2.9225670e+06   3.7292480e+01
   2.9281320e+06   3.8757324e+01
   2.9361260e+06   3.5949707e+01
   2.9364640e+06   3.3264160e+01
   2.9368440e+06   4.5654297e+01
   2.9429050e+06   3.8452148e+01
   2.9435110e+06   3.9855957e+01
   2.9444950e+06   3.3386230e+01
   2.9502390e+06   3.4606934e+01
   2.9507110e+06   5.3344727e+01
   2.9508070e+06   4.0527344e+01
   2.9509530e+06   3.3813477e+01
   2.9582700e+06   4.5532227e+01
   2.9590540e+06   3.3264160e+01
   2.9630770e+06   4.5532227e+01
   2.9666340e+06   3.6132813e+01
   2.9722940e+06   3.6926270e+01
   2.9749890e+06   4.4494629e+01
   2.9752620e+06   3.4851074e+01
   2.9805130e+06   4.0405273e+01
   2.9826950e+06   4.8156738e+01
   2.9838560e+06   5.5908203e+01
   2.9840440e+06   3.3386230e+01
   2.9849350e+06   4.0100098e+01
   2.9890380e+06   3.7170410e+01
   2.9908320e+06   3.6437988e+01
   2.9972760e+06   3.5583496e+01
