   2.9990000e+06   0.0000000e+00
   1.0430000e+03   2.0037231e+03
   1.0710000e+03   4.6325684e+01
   1.1000000e+03   3.4484863e+01
   1.1490000e+03   3.7780762e+01
   1.1610000e+03   3.4484863e+01
   1.2090000e+03   3.8208008e+01
   1.2280000e+03   3.5034180e+01
   1.2620000e+03   4.1992188e+01
   1.2920000e+03   6.6467285e+01
   1.3100000e+03   3.4484863e+01
   1.3480000e+03   3.3508301e+01
   1.3610000e+03   3.5400391e+01
   1.3800000e+03   3.2165527e+01
   1.4130000e+03   5.5114746e+01
   1.4520000e+03   3.1494141e+01
   1.4750000e+03   4.6142578e+01
   1.5020000e+03   3.7353516e+01
   1.5340000e+03   4.2114258e+01
   1.5580000e+03   4.2663574e+01
   1.5860000e+03   4.6997070e+01
   1.6170000e+03   3.3264160e+01
   1.6910000e+03   4.1687012e+01
   1.7070000e+03   3.6010742e+01
   1.8800000e+03   3.1555176e+01
   1.7710000e+04   3.1677246e+01
   3.6412000e+04   3.2531738e+01
   4.9284000e+04   3.1616211e+01
   5.1057000e+04   2.0021973e+03
   5.1086000e+04   3.7414551e+01
   5.1115000e+04   3.4362793e+01
   5.1128000e+04   3.4790039e+01
   5.1168000e+04   3.4240723e+01
   5.1182000e+04   7.8796387e+01
   5.1210000e+04   4.7912598e+01
   5.1234000e+04   5.5175781e+01
   5.1259000e+04   6.4941406e+01
   5.1276000e+04   3.3996582e+01
   5.1311000e+04   3.3813477e+01
   5.1336000e+04   3.8391113e+01
   5.1377000e+04   4.0161133e+01
   5.1417000e+04   3.5339355e+01
   5.1459000e+04   3.2714844e+01
   5.1472000e+04   4.2358398e+01
   5.1507000e+04   3.5827637e+01
   5.1517000e+04   3.5339355e+01
   5.1539000e+04   5.0964355e+01
   5.1604000e+04   3.1555176e+01
   5.1622000e+04   4.7790527e+01
   5.1646000e+04   6.3537598e+01
   5.1671000e+04   3.8269043e+01
   5.1782000e+04   3.4606934e+01
   5.1796000e+04   3.7536621e+01
   5.1871000e+04   4.0588379e+01
   5.1902000e+04   3.3691406e+01
   5.1936000e+04   4.6325684e+01
   5.2002000e+04   3.3081055e+01
   5.2037000e+04   3.3630371e+01
   5.2070000e+04   3.1982422e+01
   5.2121000e+04   3.3386230e+01
   5.2185000e+04   3.2775879e+01
   5.2226000e+04   4.5654297e+01
   5.2482000e+04   3.2165527e+01
   6.5016000e+04   3.3508301e+01
   6.8512000e+04   3.3996582e+01
   7.5452000e+04   3.2043457e+01
   8.8502000e+04   7.4157715e+01
   8.8666000e+04   5.0415039e+01
   8.8886000e+04   6.0852051e+01
   9.0188000e+04   3.2348633e+01
   9.5090000e+04   3.3752441e+01
   1.0107100e+05   2.0093384e+03
   1.0110000e+05   4.8339844e+01
   1.0116600e+05   5.0415039e+01
   1.0121400e+05   3.1433105e+01
   1.0123500e+05   6.9702148e+01
   1.0125300e+05   4.4677734e+01
   1.0127400e+05   3.8391113e+01
   1.0129500e+05   5.9875488e+01
   1.0132000e+05   3.4362793e+01
   1.0135700e+05   6.0913086e+01
   1.0138400e+05   3.5827637e+01
   1.0139600e+05   4.5410156e+01
   1.0142500e+05   3.3569336e+01
   1.0146600e+05   3.7780762e+01
   1.0148000e+05   4.5776367e+01
   1.0150000e+05   3.6743164e+01
   1.0151800e+05   3.5339355e+01
   1.0153900e+05   3.2165527e+01
   1.0156400e+05   4.5532227e+01
   1.0160600e+05   3.1372070e+01
   1.0164700e+05   3.6437988e+01
   1.0169000e+05   4.0161133e+01
   1.0171300e+05   3.3203125e+01
   1.0173400e+05   3.5705566e+01
   1.0181200e+05   4.2175293e+01
   1.0183800e+05   4.3334961e+01
   1.0187500e+05   4.0710449e+01
   1.0189100e+05   3.2592773e+01
   1.0200400e+05   3.8024902e+01
   1.0201500e+05   4.1381836e+01
   1.0206500e+05   3.2531738e+01
   1.0215800e+05   6.1218262e+01
   1.0220800e+05   3.4912109e+01
   1.0235300e+05   3.2592773e+01
   1.0245800e+05   3.2958984e+01
   1.0855700e+05   3.1982422e+01
   1.1535500e+05   3.3020020e+01
   1.2470300e+05   7.6171875e+01
   1.2473000e+05   3.8757324e+01
   1.2477000e+05   3.4179688e+01
   1.2482400e+05   5.8593750e+01
   1.2489700e+05   6.1401367e+01
   1.2494200e+05   3.1616211e+01
   1.2495500e+05   4.7973633e+01
   1.2497600e+05   3.6987305e+01
   1.2499700e+05   3.4790039e+01
   1.2502800e+05   4.2114258e+01
   1.2511200e+05   3.2897949e+01
   1.2513800e+05   4.4067383e+01
   1.2515800e+05   3.5339355e+01
   1.2526700e+05   4.0222168e+01
   1.2530600e+05   3.3325195e+01
   1.2544900e+05   3.9184570e+01
   1.3775100e+05   3.6071777e+01
   1.3807200e+05   3.2836914e+01
   1.3809400e+05   6.0913086e+01
   1.3815300e+05   3.1982422e+01
   1.3822000e+05   3.3447266e+01
   1.3824900e+05   4.3090820e+01
   1.3827400e+05   3.1372070e+01
   1.3830000e+05   6.4575195e+01
   1.3832000e+05   5.6823730e+01
   1.3838200e+05   4.6386719e+01
   1.3842200e+05   3.8879395e+01
   1.3844100e+05   4.1748047e+01
   1.3849000e+05   3.2531738e+01
   1.3853200e+05   3.1677246e+01
   1.3858100e+05   3.3325195e+01
   1.3862100e+05   3.2348633e+01
   1.3872500e+05   3.2409668e+01
   1.3933800e+05   3.5339355e+01
   1.5108500e+05   2.0064697e+03
   1.5111400e+05   5.5053711e+01
   1.5114000e+05   3.5217285e+01
   1.5118800e+05   4.6447754e+01
   1.5120600e+05   3.4423828e+01
   1.5122600e+05   9.1613770e+01
   1.5125400e+05   4.8339844e+01
   1.5128300e+05   3.6804199e+01
   1.5129400e+05   4.2602539e+01
   1.5133200e+05   3.3081055e+01
   1.5134400e+05   3.1494141e+01
   1.5137200e+05   3.8208008e+01
   1.5141000e+05   4.1931152e+01
   1.5147900e+05   3.4729004e+01
   1.5156900e+05   3.3142090e+01
   1.5158600e+05   3.4973145e+01
   1.5165800e+05   3.7780762e+01
   1.5168200e+05   4.9316406e+01
   1.5174100e+05   3.6499023e+01
   1.5186100e+05   3.6254883e+01
   1.5204700e+05   4.9926758e+01
   1.6438800e+05   3.4667969e+01
   1.6449900e+05   3.4179688e+01
   1.6451300e+05   7.6293945e+01
   1.6457000e+05   3.8024902e+01
   1.6458700e+05   5.0537109e+01
   1.6461600e+05   3.8513184e+01
   1.6463300e+05   4.2480469e+01
   1.6465800e+05   4.2663574e+01
   1.6468900e+05   4.1259766e+01
   1.6471700e+05   6.0058594e+01
   1.6473100e+05   4.1442871e+01
   1.6474200e+05   4.9316406e+01
   1.6478500e+05   4.4799805e+01
   1.6482000e+05   3.9794922e+01
   1.6483200e+05   3.2226563e+01
   1.6485900e+05   3.3386230e+01
   1.6487300e+05   4.8034668e+01
   1.6492600e+05   3.3874512e+01
   1.6495900e+05   3.1738281e+01
   1.6498200e+05   3.2409668e+01
   1.6499700e+05   4.4738770e+01
   1.6534100e+05   3.3203125e+01
   1.6536000e+05   3.1494141e+01
   1.7707500e+05   3.2104492e+01
   1.7755700e+05   6.3293457e+01
   1.7772000e+05   5.9020996e+01
   1.8557000e+05   3.6254883e+01
   1.8568300e+05   6.0119629e+01
   1.8575100e+05   3.9306641e+01
   1.8576400e+05   3.6804199e+01
   1.8580800e+05   3.6621094e+01
   1.8584000e+05   4.0832520e+01
   1.8586200e+05   3.3081055e+01
   1.8587800e+05   3.9367676e+01
   1.8589300e+05   4.8522949e+01
   1.8592400e+05   3.2653809e+01
   1.8596500e+05   3.9855957e+01
   1.8601300e+05   3.4606934e+01
   1.8602800e+05   3.5339355e+01
   1.8605100e+05   3.5156250e+01
   1.8609800e+05   3.7658691e+01
   1.8611800e+05   3.1677246e+01
   1.8614100e+05   3.4912109e+01
   1.8623700e+05   3.6254883e+01
   1.8628700e+05   3.5888672e+01
   1.8651000e+05   6.2438965e+01
   1.8652000e+05   3.1433105e+01
   1.8665700e+05   3.3203125e+01
   1.9749900e+05   3.1616211e+01
   1.9751500e+05   3.1372070e+01
   1.9763400e+05   3.2287598e+01
   1.9765900e+05   5.8410645e+01
   1.9774400e+05   5.9509277e+01
   1.9790600e+05   3.2958984e+01
   1.9798800e+05   3.2836914e+01
   1.9801300e+05   3.4423828e+01
   1.9803500e+05   4.7912598e+01
   1.9810200e+05   4.4250488e+01
   1.9817900e+05   3.4545898e+01
   1.9873500e+05   3.5156250e+01
   1.9891700e+05   6.4392090e+01
   2.0109900e+05   2.0072632e+03
   2.0112800e+05   5.6518555e+01
   2.0114600e+05   3.1799316e+01
   2.0126300e+05   3.1677246e+01
   2.0129200e+05   7.5500488e+01
   2.0139300e+05   5.0964355e+01
   2.0689300e+05   3.1433105e+01
   2.0709900e+05   3.5461426e+01
   2.0716100e+05   3.7048340e+01
   2.0723100e+05   3.2226563e+01
   2.0728600e+05   6.3781738e+01
   2.0730300e+05   3.3264160e+01
   2.0735900e+05   4.7302246e+01
   2.0745000e+05   3.3874512e+01
   2.0747800e+05   3.6560059e+01
   2.0754600e+05   3.7963867e+01
   2.0758600e+05   3.5766602e+01
   2.0763700e+05   3.1372070e+01
   2.0766200e+05   3.4912109e+01
   2.0768700e+05   3.1677246e+01
   2.0772200e+05   3.2714844e+01
   2.0777300e+05   4.7790527e+01
   2.0795300e+05   4.6569824e+01
   2.1783700e+05   3.3020020e+01
   2.1806000e+05   3.7597656e+01
   2.1809600e+05   3.1921387e+01
   2.1813500e+05   3.2226563e+01
   2.1818100e+05   4.2968750e+01
   2.1824400e+05   3.4240723e+01
   2.1826000e+05   5.5725098e+01
   2.1831600e+05   3.7658691e+01
   2.1833900e+05   3.5217285e+01
   2.1839800e+05   7.0251465e+01
   2.1843600e+05   3.9794922e+01
   2.1846300e+05   3.6010742e+01
   2.1850400e+05   3.7475586e+01
   2.1851400e+05   3.4912109e+01
   2.1854100e+05   3.4729004e+01
   2.1855600e+05   3.9550781e+01
   2.1865200e+05   3.7231445e+01
   2.1870100e+05   3.4484863e+01
   2.1875100e+05   3.1982422e+01
   2.1891700e+05   3.1860352e+01
   2.1900700e+05   3.1494141e+01
   2.1912200e+05   4.9926758e+01
   2.2774900e+05   3.2409668e+01
   2.2789700e+05   3.4912109e+01
   2.2801600e+05   3.4667969e+01
   2.2815600e+05   3.1738281e+01
   2.2823700e+05   4.7973633e+01
   2.2830100e+05   6.2377930e+01
   2.2838400e+05   5.5480957e+01
   2.2840100e+05   3.3630371e+01
   2.2847500e+05   4.2419434e+01
   2.2853300e+05   3.2470703e+01
   2.2856100e+05   3.5644531e+01
   2.2860000e+05   3.4301758e+01
   2.2867700e+05   3.1738281e+01
   2.2870700e+05   4.0588379e+01
   2.2873300e+05   3.1677246e+01
   2.2880500e+05   3.2043457e+01
   2.2910600e+05   5.0170898e+01
   2.3669800e+05   3.6315918e+01
   2.3692700e+05   3.2470703e+01
   2.3705000e+05   5.5419922e+01
   2.3717000e+05   6.4270020e+01
   2.3728000e+05   4.1198730e+01
   2.3729400e+05   3.4606934e+01
   2.3741400e+05   3.4301758e+01
   2.3755800e+05   3.2043457e+01
   2.3765300e+05   4.7180176e+01
   2.4613500e+05   7.1533203e+01
   2.4623300e+05   4.5349121e+01
   2.4647200e+05   4.3273926e+01
   2.4979900e+05   3.3081055e+01
   2.5111500e+05   3.9999390e+03
   2.5114200e+05   5.7189941e+01
   2.5117200e+05   3.5461426e+01
   2.5122200e+05   3.5522461e+01
   2.5126300e+05   3.2958984e+01
   2.5129600e+05   3.4423828e+01
   2.5136800e+05   3.7475586e+01
   2.5138300e+05   5.1513672e+01
   2.5142500e+05   3.5583496e+01
   2.5144500e+05   3.7353516e+01
   2.5147700e+05   3.9367676e+01
   2.5149100e+05   5.4016113e+01
   2.5150800e+05   3.9184570e+01
   2.5153300e+05   3.5095215e+01
   2.5156900e+05   3.2470703e+01
   2.5158800e+05   4.9560547e+01
   2.5164700e+05   3.7719727e+01
   2.5167200e+05   3.5095215e+01
   2.5170500e+05   3.3630371e+01
   2.5173700e+05   3.2775879e+01
   2.5179200e+05   3.7536621e+01
   2.5180800e+05   5.4382324e+01
   2.5182100e+05   3.4667969e+01
   2.5185000e+05   4.4311523e+01
   2.5190700e+05   3.1921387e+01
   2.5192400e+05   3.9794922e+01
   2.5205700e+05   3.5583496e+01
   2.5222700e+05   3.3569336e+01
   2.6717900e+05   3.3142090e+01
   2.6736800e+05   3.3081055e+01
   2.6743300e+05   3.2592773e+01
   2.6744600e+05   5.9997559e+01
   2.6753200e+05   5.8349609e+01
   2.6754700e+05   3.1799316e+01
   2.6757700e+05   4.6936035e+01
   2.6762600e+05   3.1677246e+01
   2.6764500e+05   4.1076660e+01
   2.6778900e+05   3.2287598e+01
   2.7664900e+05   6.0607910e+01
   2.7693000e+05   6.5246582e+01
   2.7726400e+05   5.9814453e+01
   2.8369500e+05   3.2287598e+01
   2.8381800e+05   3.2165527e+01
   2.8386800e+05   3.9489746e+01
   2.8388200e+05   6.2194824e+01
   2.8391600e+05   3.5949707e+01
   2.8395300e+05   5.6213379e+01
   2.8396500e+05   3.7963867e+01
   2.8407300e+05   3.2226563e+01
   2.8408600e+05   5.9570313e+01
   2.8411100e+05   3.6254883e+01
   2.8413000e+05   3.7475586e+01
   2.8414700e+05   3.6560059e+01
   2.8417100e+05   3.2226563e+01
   2.8422100e+05   3.1799316e+01
   2.8424000e+05   4.0222168e+01
   2.8449000e+05   3.1555176e+01
   2.8471300e+05   5.3222656e+01
   2.9361200e+05   3.6132813e+01
   2.9451700e+05   6.6223145e+01
   2.9482200e+05   5.3894043e+01
   3.0072900e+05   3.3081055e+01
   3.0091300e+05   6.5795898e+01
   3.0104500e+05   5.3527832e+01
   3.0112700e+05   2.0104980e+03
   3.0115800e+05   4.8583984e+01
   3.0117500e+05   5.3710938e+01
   3.0128500e+05   3.8146973e+01
   3.0134600e+05   4.6386719e+01
   3.0147300e+05   3.2531738e+01
   3.0155200e+05   3.8879395e+01
   3.0162000e+05   3.2348633e+01
   3.0168800e+05   3.2165527e+01
   3.0932900e+05   3.2165527e+01
   3.0946000e+05   3.1433105e+01
   3.0951700e+05   3.2165527e+01
   3.0955700e+05   6.5551758e+01
   3.0961300e+05   4.3334961e+01
   3.0966600e+05   4.3212891e+01
   3.0978000e+05   3.6499023e+01
   3.0995200e+05   3.4179688e+01
   3.0997900e+05   3.1799316e+01
   3.1921500e+05   3.8818359e+01
   3.1934600e+05   3.2775879e+01
   3.1946100e+05   6.1584473e+01
   3.1958800e+05   5.9387207e+01
   3.1963500e+05   3.1616211e+01
   3.1976800e+05   3.5156250e+01
   3.2757500e+05   3.3325195e+01
   3.2838000e+05   3.3203125e+01
   3.2843500e+05   3.2714844e+01
   3.3467000e+05   3.1372070e+01
   3.3591500e+05   3.1921387e+01
   3.3593200e+05   7.6049805e+01
   3.3602700e+05   3.8940430e+01
   3.3605200e+05   3.1860352e+01
   3.3607100e+05   6.1218262e+01
   3.3616700e+05   3.3325195e+01
   3.3621200e+05   3.1372070e+01
   3.3624600e+05   3.9733887e+01
   3.3626800e+05   3.4606934e+01
   3.3642000e+05   3.1433105e+01
   3.4582300e+05   3.1921387e+01
   3.4762700e+05   3.3752441e+01
   3.4781900e+05   3.1677246e+01
   3.5114100e+05   2.0064087e+03
   3.5117000e+05   5.7861328e+01
   3.5118100e+05   3.6193848e+01
   3.5121800e+05   4.1748047e+01
   3.5123400e+05   3.6804199e+01
   3.5131800e+05   4.4433594e+01
   3.5133000e+05   6.2805176e+01
   3.5137100e+05   3.5644531e+01
   3.5140300e+05   4.3334961e+01
   3.5153600e+05   3.2958984e+01
   3.5161000e+05   3.5461426e+01
   3.5172000e+05   3.5217285e+01
   3.5188500e+05   3.4667969e+01
   3.5192700e+05   3.3020020e+01
   3.5203600e+05   3.1738281e+01
   3.5223200e+05   3.2775879e+01
   3.6427100e+05   3.1555176e+01
   3.6828700e+05   3.3081055e+01
   3.7028700e+05   5.7800293e+01
   3.7052100e+05   5.6335449e+01
   3.7073500e+05   3.9489746e+01
   3.7080500e+05   3.5522461e+01
   3.8095000e+05   3.2958984e+01
   3.8098400e+05   3.1616211e+01
   3.8230300e+05   3.2348633e+01
   3.8712500e+05   3.3264160e+01
   3.8921000e+05   3.1799316e+01
   3.8932300e+05   6.6345215e+01
   3.8993700e+05   6.3903809e+01
   3.9615900e+05   3.2653809e+01
   3.9948000e+05   6.5917969e+01
   4.0037700e+05   3.4423828e+01
   4.0115500e+05   2.0050659e+03
   4.0118400e+05   6.6101074e+01
   4.0120500e+05   4.5593262e+01
   4.0127300e+05   3.1555176e+01
   4.0129600e+05   3.6865234e+01
   4.0135500e+05   5.2307129e+01
   4.0137800e+05   5.7800293e+01
   4.0142900e+05   4.2236328e+01
   4.0145900e+05   3.1982422e+01
   4.0152100e+05   4.0527344e+01
   4.0159300e+05   4.0527344e+01
   4.0165600e+05   3.9733887e+01
   4.0173600e+05   5.8898926e+01
   4.0178200e+05   3.1555176e+01
   4.0180300e+05   3.4912109e+01
   4.0204800e+05   4.7607422e+01
   4.0208800e+05   3.1555176e+01
   4.1452200e+05   3.5888672e+01
   4.2283800e+05   3.1494141e+01
   4.3588800e+05   3.2653809e+01
   4.3632500e+05   7.6171875e+01
   4.4559300e+05   3.2226563e+01
   4.4899300e+05   3.1860352e+01
   4.5116900e+05   2.0061646e+03
   4.5119800e+05   6.3293457e+01
   4.5122500e+05   4.8339844e+01
   4.5127700e+05   3.1738281e+01
   4.5131700e+05   3.2470703e+01
   4.5135500e+05   7.8918457e+01
   4.5137800e+05   3.7475586e+01
   4.5141500e+05   3.2531738e+01
   4.5142500e+05   5.0109863e+01
   4.5147700e+05   3.3325195e+01
   4.5150600e+05   5.0720215e+01
   4.5151900e+05   3.6315918e+01
   4.5157100e+05   3.6132813e+01
   4.5159800e+05   3.1433105e+01
   4.5161300e+05   5.4565430e+01
   4.5163200e+05   4.0893555e+01
   4.5165400e+05   3.6560059e+01
   4.5167000e+05   4.0161133e+01
   4.5171200e+05   3.3935547e+01
   4.5174700e+05   3.2714844e+01
   4.5178800e+05   3.5888672e+01
   4.5191000e+05   3.5461426e+01
   4.7398800e+05   3.3386230e+01
   4.8566800e+05   3.2287598e+01
   4.9410100e+05   3.1433105e+01
   4.9588100e+05   3.5827637e+01
   5.0118500e+05   3.9999390e+03
   5.0121200e+05   4.9133301e+01
   5.0124200e+05   4.0466309e+01
   5.0129700e+05   3.2348633e+01
   5.0133900e+05   3.2409668e+01
   5.0136500e+05   5.8532715e+01
   5.0143200e+05   3.3203125e+01
   5.0147100e+05   3.6682129e+01
   5.0148500e+05   3.5888672e+01
   5.0150700e+05   3.3996582e+01
   5.0156200e+05   3.3569336e+01
   5.0161300e+05   3.3752441e+01
   5.0162300e+05   6.2316895e+01
   5.0170000e+05   3.7231445e+01
   5.0171600e+05   3.2653809e+01
   5.0183600e+05   3.2409668e+01
   5.0187700e+05   3.5156250e+01
   5.0194900e+05   4.1931152e+01
   5.0215500e+05   4.7363281e+01
   5.0219700e+05   3.3264160e+01
   5.0245400e+05   3.4057617e+01
   5.1484900e+05   3.1372070e+01
   5.2337600e+05   3.5461426e+01
   5.2355900e+05   3.1555176e+01
   5.3443200e+05   3.4912109e+01
   5.3788400e+05   4.8583984e+01
   5.5076600e+05   3.3691406e+01
   5.5119700e+05   2.0089722e+03
   5.5122600e+05   5.2551270e+01
   5.5127100e+05   3.2531738e+01
   5.5135300e+05   3.5400391e+01
   5.5138900e+05   7.9895020e+01
   5.5140500e+05   3.3630371e+01
   5.5142000e+05   3.1372070e+01
   5.5144200e+05   5.1391602e+01
   5.5146900e+05   6.0363770e+01
   5.5151400e+05   3.9489746e+01
   5.5154900e+05   4.0893555e+01
   5.5156900e+05   3.3386230e+01
   5.5161600e+05   5.0170898e+01
   5.5165600e+05   5.1025391e+01
   5.5172300e+05   3.2348633e+01
   5.5175600e+05   3.3935547e+01
   5.5177200e+05   3.1494141e+01
   5.5180200e+05   3.8269043e+01
   5.5192600e+05   3.4118652e+01
   5.5204000e+05   5.2795410e+01
   5.8017100e+05   4.0405273e+01
   5.9743100e+05   4.3273926e+01
   6.0121100e+05   2.0120850e+03
   6.0124000e+05   6.8725586e+01
   6.0125300e+05   3.3996582e+01
   6.0128000e+05   3.2531738e+01
   6.0140200e+05   7.6477051e+01
   6.0141400e+05   5.5847168e+01
   6.0144300e+05   4.0222168e+01
   6.0149900e+05   5.3894043e+01
   6.0158700e+05   4.0710449e+01
   6.0162400e+05   3.5034180e+01
   6.0169900e+05   4.0893555e+01
   6.0182100e+05   3.7231445e+01
   6.0188400e+05   3.7841797e+01
   6.0190700e+05   3.1799316e+01
   6.0213500e+05   4.2968750e+01
   6.0583300e+05   3.1372070e+01
   6.1258000e+05   3.2958984e+01
   6.2116600e+05   3.2165527e+01
   6.2668800e+05   3.5949707e+01
   6.3082900e+05   3.1372070e+01
   6.3436200e+05   3.1433105e+01
   6.4574300e+05   3.1433105e+01
   6.4806900e+05   3.4179688e+01
   6.5122700e+05   3.9999390e+03
   6.5125400e+05   5.3771973e+01
   6.5128000e+05   3.7292480e+01
   6.5129000e+05   3.9062500e+01
   6.5132300e+05   3.2165527e+01
   6.5133400e+05   3.2531738e+01
   6.5138500e+05   7.9223633e+01
   6.5141600e+05   3.4729004e+01
   6.5148700e+05   5.9265137e+01
   6.5158800e+05   3.4973145e+01
   6.5171300e+05   3.2470703e+01
   6.5210800e+05   5.9509277e+01
   6.6356300e+05   3.4301758e+01
   6.6813600e+05   3.7353516e+01
   6.6880000e+05   3.2775879e+01
   6.7344400e+05   3.1433105e+01
   6.8046500e+05   3.5095215e+01
   6.8570500e+05   3.2958984e+01
   6.8894500e+05   3.1433105e+01
   6.9074700e+05   3.1433105e+01
   6.9094400e+05   4.3334961e+01
   6.9302400e+05   3.5400391e+01
   6.9518700e+05   3.2409668e+01
   7.0009700e+05   3.3508301e+01
   7.0123900e+05   2.0030518e+03
   7.0126800e+05   6.2866211e+01
   7.0127900e+05   3.3203125e+01
   7.0135600e+05   3.9245605e+01
   7.0142300e+05   7.3059082e+01
   7.0149200e+05   3.2836914e+01
   7.0152300e+05   4.8034668e+01
   7.0163700e+05   3.7475586e+01
   7.0166500e+05   4.0039063e+01
   7.0188000e+05   5.7678223e+01
   7.2111500e+05   3.2592773e+01
   7.2516900e+05   3.8757324e+01
   7.2564300e+05   3.2409668e+01
   7.2913500e+05   3.1860352e+01
   7.3112200e+05   3.2653809e+01
   7.3349500e+05   3.1677246e+01
   7.4964600e+05   3.2897949e+01
   7.5125500e+05   3.9999390e+03
   7.5128200e+05   4.4494629e+01
   7.5131100e+05   3.3691406e+01
   7.5133500e+05   3.5827637e+01
   7.5138200e+05   3.3874512e+01
   7.5140400e+05   3.2653809e+01
   7.5141900e+05   3.4667969e+01
   7.5146500e+05   9.9731445e+01
   7.5155700e+05   4.9072266e+01
   7.5160800e+05   3.2592773e+01
   7.5170900e+05   5.1574707e+01
   7.5191700e+05   3.9916992e+01
   7.5278800e+05   6.5551758e+01
   7.5293200e+05   3.5766602e+01
   7.6266600e+05   3.2348633e+01
   7.7841200e+05   4.4311523e+01
   7.8347100e+05   3.2104492e+01
   7.8760800e+05   3.4301758e+01
   8.0126700e+05   2.0064087e+03
   8.0129600e+05   5.4260254e+01
   8.0136500e+05   3.1433105e+01
   8.0138000e+05   3.4057617e+01
   8.0141600e+05   7.3059082e+01
   8.0153400e+05   6.1828613e+01
   8.0164200e+05   3.7719727e+01
   8.0188300e+05   3.2043457e+01
   8.0282100e+05   3.3264160e+01
   8.1003900e+05   3.1860352e+01
   8.1279600e+05   3.1738281e+01
   8.1503600e+05   3.2531738e+01
   8.2707800e+05   3.5339355e+01
   8.2831000e+05   3.1372070e+01
   8.3172700e+05   3.4729004e+01
   8.3203000e+05   3.7719727e+01
   8.3413100e+05   3.2043457e+01
   8.3716300e+05   3.1555176e+01
   8.4379400e+05   3.3935547e+01
   8.5128300e+05   3.9999390e+03
   8.5131000e+05   5.8166504e+01
   8.5139300e+05   3.2348633e+01
   8.5144300e+05   3.1494141e+01
   8.5145600e+05   8.0261230e+01
   8.5156200e+05   5.7556152e+01
   8.5161400e+05   3.6743164e+01
   8.5167800e+05   4.0893555e+01
   8.6069300e+05   3.1616211e+01
   8.6354100e+05   3.4057617e+01
   8.6698300e+05   3.1372070e+01
   8.6778300e+05   3.2714844e+01
   8.6941100e+05   3.2470703e+01
   8.7264700e+05   3.2958984e+01
   8.7273400e+05   3.2043457e+01
   8.9544300e+05   3.6071777e+01
   9.0071200e+05   3.1433105e+01
   9.0129700e+05   3.9999390e+03
   9.0132400e+05   5.0231934e+01
   9.0134000e+05   3.5400391e+01
   9.0142800e+05   3.6010742e+01
   9.0144200e+05   6.0302734e+01
   9.0147500e+05   3.8208008e+01
   9.0154200e+05   5.2734375e+01
   9.0269800e+05   6.5612793e+01
   9.1228300e+05   3.2470703e+01
   9.1533700e+05   3.3996582e+01
   9.2559900e+05   6.5673828e+01
   9.2656900e+05   6.4880371e+01
   9.2679900e+05   5.8288574e+01
   9.4047200e+05   3.5278320e+01
   9.4152600e+05   3.6804199e+01
   9.5130900e+05   2.0092773e+03
   9.5133800e+05   5.8654785e+01
   9.5142100e+05   3.3386230e+01
   9.5143700e+05   6.2316895e+01
   9.5147900e+05   4.7485352e+01
   9.5152800e+05   3.2287598e+01
   9.5153900e+05   4.7424316e+01
   9.5159400e+05   3.2226563e+01
   9.5163400e+05   3.9733887e+01
   9.5216600e+05   6.7199707e+01
   9.5360600e+05   3.2531738e+01
   9.6388700e+05   3.5156250e+01
   9.6942400e+05   3.4606934e+01
   9.8564000e+05   3.3142090e+01
   9.8616200e+05   3.3142090e+01
   1.0013230e+06   2.0082397e+03
   1.0013520e+06   5.1208496e+01
   1.0013850e+06   3.2592773e+01
   1.0014380e+06   4.2053223e+01
   1.0014740e+06   6.7199707e+01
   1.0014990e+06   4.1748047e+01
   1.0015910e+06   5.8959961e+01
   1.0016040e+06   3.6560059e+01
   1.0017450e+06   6.4819336e+01
   1.0017800e+06   3.4118652e+01
   1.0018120e+06   4.8461914e+01
   1.0206520e+06   3.6743164e+01
   1.0217090e+06   3.2287598e+01
   1.0298320e+06   3.6132813e+01
   1.0384110e+06   3.1677246e+01
   1.0492080e+06   3.2104492e+01
   1.0512610e+06   3.1799316e+01
   1.0512820e+06   3.2897949e+01
   1.0513390e+06   3.9999390e+03
   1.0513660e+06   4.6386719e+01
   1.0513760e+06   3.4912109e+01
   1.0514550e+06   3.8635254e+01
   1.0515080e+06   3.3996582e+01
   1.0515190e+06   6.0913086e+01
   1.0516120e+06   4.7058105e+01
   1.0517110e+06   3.6865234e+01
   1.0521440e+06   6.3049316e+01
   1.0525810e+06   5.0781250e+01
   1.0531210e+06   6.8603516e+01
   1.0535370e+06   4.7729492e+01
   1.0539780e+06   3.7597656e+01
   1.0612890e+06   3.2958984e+01
   1.0619010e+06   3.5278320e+01
   1.0691420e+06   3.3630371e+01
   1.0823540e+06   3.2531738e+01
   1.0911870e+06   3.3752441e+01
   1.0918250e+06   3.3020020e+01
   1.1007740e+06   3.1982422e+01
   1.1013530e+06   3.9999390e+03
   1.1013800e+06   6.1645508e+01
   1.1014030e+06   3.1616211e+01
   1.1014830e+06   3.3447266e+01
   1.1015050e+06   3.4118652e+01
   1.1015260e+06   8.1848145e+01
   1.1015590e+06   3.2348633e+01
   1.1015690e+06   3.5278320e+01
   1.1016010e+06   3.4851074e+01
   1.1017000e+06   3.5034180e+01
   1.1017580e+06   3.2409668e+01
   1.1019640e+06   5.2978516e+01
   1.1021690e+06   3.1616211e+01
   1.1024260e+06   5.5786133e+01
   1.1029230e+06   3.2470703e+01
   1.1030130e+06   5.4443359e+01
   1.1031850e+06   3.2104492e+01
   1.1032100e+06   3.1494141e+01
   1.1033860e+06   3.6499023e+01
   1.1034470e+06   3.6743164e+01
   1.1036800e+06   3.8513184e+01
   1.1155350e+06   3.3142090e+01
   1.1281360e+06   3.4179688e+01
   1.1339880e+06   3.4545898e+01
   1.1368140e+06   3.6682129e+01
   1.1509030e+06   3.3691406e+01
   1.1513650e+06   2.0064087e+03
   1.1513940e+06   4.9926758e+01
   1.1514100e+06   3.2775879e+01
   1.1514390e+06   3.9001465e+01
   1.1514800e+06   3.2653809e+01
   1.1515210e+06   6.3415527e+01
   1.1515590e+06   3.7292480e+01
   1.1516090e+06   3.9306641e+01
   1.1516540e+06   3.5400391e+01
   1.1516960e+06   3.3203125e+01
   1.1519420e+06   5.7983398e+01
   1.1526500e+06   6.0058594e+01
   1.1530870e+06   4.6203613e+01
   1.1588310e+06   3.1738281e+01
   1.2013790e+06   2.0039673e+03
   1.2014080e+06   4.3151855e+01
   1.2015610e+06   6.8664551e+01
   1.2015870e+06   3.4667969e+01
   1.2016650e+06   5.8715820e+01
   1.2024600e+06   6.9213867e+01
   1.2097810e+06   3.3447266e+01
   1.2219020e+06   3.2714844e+01
   1.2231770e+06   3.2714844e+01
   1.2304060e+06   3.5766602e+01
   1.2308320e+06   3.2897949e+01
   1.2347240e+06   3.3203125e+01
   1.2387890e+06   6.7871094e+01
   1.2394900e+06   5.9936523e+01
   1.2396040e+06   4.3518066e+01
   1.2442390e+06   3.1677246e+01
   1.2513930e+06   2.0086670e+03
   1.2514220e+06   4.9072266e+01
   1.2515240e+06   4.1503906e+01
   1.2515440e+06   7.2998047e+01
   1.2515610e+06   3.2470703e+01
   1.2516200e+06   5.9814453e+01
   1.2516670e+06   4.1076660e+01
   1.2517020e+06   3.1555176e+01
   1.2517470e+06   3.9733887e+01
   1.2518930e+06   3.5278320e+01
   1.2522480e+06   3.7536621e+01
   1.2525070e+06   4.5349121e+01
   1.2529530e+06   5.2978516e+01
   1.2530210e+06   3.3142090e+01
   1.2619390e+06   3.2348633e+01
   1.2640100e+06   3.1555176e+01
   1.2745320e+06   3.2592773e+01
   1.2817390e+06   3.2226563e+01
   1.2848340e+06   3.2592773e+01
   1.2938740e+06   3.1799316e+01
   1.2984140e+06   3.2226563e+01
   1.2986850e+06   3.2348633e+01
   1.2992600e+06   6.1157227e+01
   1.2993650e+06   5.2551270e+01
   1.3014090e+06   2.0101929e+03
   1.3014360e+06   5.6518555e+01
   1.3015280e+06   3.4729004e+01
   1.3015990e+06   3.7963867e+01
   1.3016100e+06   6.9946289e+01
   1.3016820e+06   3.6743164e+01
   1.3017900e+06   4.9072266e+01
   1.3019300e+06   3.2836914e+01
   1.3020520e+06   3.2470703e+01
   1.3021230e+06   3.4912109e+01
   1.3021420e+06   4.6508789e+01
   1.3021690e+06   3.7048340e+01
   1.3022240e+06   4.7180176e+01
   1.3022610e+06   3.5400391e+01
   1.3023520e+06   3.7597656e+01
   1.3027300e+06   3.3691406e+01
   1.3281000e+06   3.4545898e+01
   1.3291270e+06   3.2104492e+01
   1.3303140e+06   3.3203125e+01
   1.3303400e+06   3.1677246e+01
   1.3514210e+06   2.0093994e+03
   1.3514500e+06   4.8950195e+01
   1.3515300e+06   4.0710449e+01
   1.3515520e+06   7.4340820e+01
   1.3515720e+06   3.3264160e+01
   1.3516290e+06   5.3649902e+01
   1.3516550e+06   3.1372070e+01
   1.3516710e+06   3.2287598e+01
   1.3517450e+06   4.5532227e+01
   1.3518110e+06   3.7292480e+01
   1.3518510e+06   3.8696289e+01
   1.3519260e+06   3.4484863e+01
   1.3519740e+06   3.3569336e+01
   1.3520170e+06   3.3752441e+01
   1.3520410e+06   3.8818359e+01
   1.3520730e+06   4.6630859e+01
   1.3520970e+06   3.3996582e+01
   1.3521200e+06   3.1433105e+01
   1.3521440e+06   3.8085938e+01
   1.3522350e+06   3.1738281e+01
   1.3523190e+06   3.1677246e+01
   1.3523450e+06   4.1503906e+01
   1.3525230e+06   3.1738281e+01
   1.3526190e+06   4.6936035e+01
   1.3527980e+06   3.5095215e+01
   1.3784780e+06   3.8940430e+01
   1.3791900e+06   5.9204102e+01
   1.3794800e+06   6.9763184e+01
   1.3796030e+06   3.1738281e+01
   1.3891010e+06   3.8146973e+01
   1.3970760e+06   3.3630371e+01
   1.3992870e+06   3.3325195e+01
   1.3997540e+06   3.1982422e+01
   1.4014370e+06   3.9999390e+03
   1.4014640e+06   6.4880371e+01
   1.4016150e+06   5.6945801e+01
   1.4017000e+06   6.1523437e+01
   1.4017290e+06   4.0954590e+01
   1.4017750e+06   4.4311523e+01
   1.4017870e+06   4.0039063e+01
   1.4018440e+06   3.3691406e+01
   1.4018560e+06   3.5339355e+01
   1.4018860e+06   3.2836914e+01
   1.4019150e+06   5.0537109e+01
   1.4019290e+06   4.1748047e+01
   1.4019860e+06   3.3691406e+01
   1.4020120e+06   3.7353516e+01
   1.4020710e+06   4.3029785e+01
   1.4021070e+06   5.0354004e+01
   1.4021620e+06   3.8085938e+01
   1.4022050e+06   3.9062500e+01
   1.4022420e+06   3.5156250e+01
   1.4022700e+06   3.8269043e+01
   1.4022900e+06   3.3447266e+01
   1.4023280e+06   3.3996582e+01
   1.4024170e+06   3.5522461e+01
   1.4024500e+06   4.7424316e+01
   1.4025520e+06   3.4057617e+01
   1.4025890e+06   3.4667969e+01
   1.4026330e+06   4.0283203e+01
   1.4030980e+06   3.3081055e+01
   1.4189200e+06   7.3608398e+01
   1.4193310e+06   6.4147949e+01
   1.4262890e+06   3.2775879e+01
   1.4291280e+06   7.0373535e+01
   1.4305100e+06   3.1982422e+01
   1.4348720e+06   3.2775879e+01
   1.4429950e+06   3.1738281e+01
   1.4438320e+06   3.3081055e+01
   1.4474900e+06   3.2592773e+01
   1.4503660e+06   4.0100098e+01
   1.4504820e+06   3.5156250e+01
   1.4505290e+06   6.2500000e+01
   1.4505530e+06   3.9978027e+01
   1.4505750e+06   3.1372070e+01
   1.4506430e+06   5.7373047e+01
   1.4508130e+06   3.2714844e+01
   1.4508770e+06   6.2316895e+01
   1.4510050e+06   3.3813477e+01
   1.4514490e+06   2.0030518e+03
   1.4514780e+06   5.3588867e+01
   1.4515050e+06   3.3142090e+01
   1.4515590e+06   3.6865234e+01
   1.4516110e+06   6.2744141e+01
   1.4517100e+06   3.4484863e+01
   1.4521440e+06   3.2226563e+01
   1.4523940e+06   5.6762695e+01
   1.4646650e+06   3.2409668e+01
   1.4666530e+06   3.2165527e+01
   1.4703980e+06   6.6345215e+01
   1.4704990e+06   3.8513184e+01
   1.4788920e+06   6.1340332e+01
   1.4789360e+06   3.7353516e+01
   1.4789720e+06   3.2958984e+01
   1.4789840e+06   5.8959961e+01
   1.4790840e+06   4.2785645e+01
   1.4791990e+06   4.4799805e+01
   1.4792140e+06   3.2104492e+01
   1.4794460e+06   3.2897949e+01
   1.4795090e+06   5.0537109e+01
   1.4921630e+06   3.7292480e+01
   1.4923740e+06   5.2917480e+01
   1.4978020e+06   3.3752441e+01
   1.5011960e+06   7.5256348e+01
   1.5012210e+06   3.6193848e+01
   1.5014630e+06   2.0133667e+03
   1.5014920e+06   6.2927246e+01
   1.5015120e+06   5.4321289e+01
   1.5015700e+06   5.8959961e+01
   1.5016110e+06   3.1616211e+01
   1.5016750e+06   3.8940430e+01
   1.5017240e+06   3.4667969e+01
   1.5019020e+06   5.6457520e+01
   1.5022620e+06   5.6457520e+01
   1.5025730e+06   5.4016113e+01
   1.5025990e+06   3.6376953e+01
   1.5091270e+06   7.2387695e+01
   1.5173450e+06   3.9611816e+01
   1.5173750e+06   4.1015625e+01
   1.5174120e+06   3.1372070e+01
   1.5174260e+06   4.3151855e+01
   1.5174860e+06   3.8208008e+01
   1.5175030e+06   4.7668457e+01
   1.5175680e+06   3.4423828e+01
   1.5175960e+06   5.2062988e+01
   1.5176060e+06   3.1921387e+01
   1.5176430e+06   3.1738281e+01
   1.5176710e+06   3.2165527e+01
   1.5176960e+06   3.1677246e+01
   1.5177400e+06   4.2846680e+01
   1.5177720e+06   4.0893555e+01
   1.5178540e+06   4.8889160e+01
   1.5178680e+06   3.2653809e+01
   1.5179240e+06   3.8513184e+01
   1.5180500e+06   3.6437988e+01
   1.5314320e+06   3.5156250e+01
   1.5315160e+06   6.2377930e+01
   1.5316550e+06   6.0729980e+01
   1.5317160e+06   3.2897949e+01
   1.5319750e+06   3.7353516e+01
   1.5413320e+06   3.6743164e+01
   1.5414160e+06   7.0190430e+01
   1.5415050e+06   3.3813477e+01
   1.5415560e+06   3.2226563e+01
   1.5416060e+06   3.6499023e+01
   1.5416320e+06   6.0791016e+01
   1.5476000e+06   3.6499023e+01
   1.5482300e+06   3.1799316e+01
   1.5514770e+06   2.0086060e+03
   1.5515060e+06   4.7119141e+01
   1.5516600e+06   7.4523926e+01
   1.5517540e+06   4.8278809e+01
   1.5518530e+06   3.1677246e+01
   1.5519840e+06   3.3569336e+01
   1.5522510e+06   3.8574219e+01
   1.5597820e+06   3.3691406e+01
   1.5598100e+06   3.5766602e+01
   1.5598910e+06   6.1218262e+01
   1.5599030e+06   3.4851074e+01
   1.5599810e+06   3.6743164e+01
   1.5602050e+06   4.2175293e+01
   1.5700750e+06   6.0485840e+01
   1.5701020e+06   3.3386230e+01
   1.5701650e+06   3.4790039e+01
   1.5701830e+06   5.2001953e+01
   1.5701940e+06   3.2165527e+01
   1.5702620e+06   3.1982422e+01
   1.5704260e+06   3.3691406e+01
   1.5785270e+06   3.3447266e+01
   1.5832700e+06   6.5429688e+01
   1.5834190e+06   5.8288574e+01
   1.5839060e+06   6.4270020e+01
   1.5882820e+06   3.2043457e+01
   1.6014910e+06   2.0097656e+03
   1.6015200e+06   4.9499512e+01
   1.6016010e+06   3.2287598e+01
   1.6016440e+06   7.0129395e+01
   1.6016640e+06   3.9672852e+01
   1.6017210e+06   5.9814453e+01
   1.6017370e+06   3.6987305e+01
   1.6017520e+06   3.3447266e+01
   1.6017680e+06   3.5156250e+01
   1.6018220e+06   3.9123535e+01
   1.6018980e+06   3.9428711e+01
   1.6020350e+06   3.1982422e+01
   1.6021170e+06   3.4545898e+01
   1.6022680e+06   3.9367676e+01
   1.6103760e+06   3.5522461e+01
   1.6105160e+06   7.1655273e+01
   1.6105870e+06   3.7475586e+01
   1.6106250e+06   5.4809570e+01
   1.6106430e+06   3.5644531e+01
   1.6107440e+06   4.9133301e+01
   1.6107540e+06   3.7963867e+01
   1.6108850e+06   3.1433105e+01
   1.6109230e+06   3.2287598e+01
   1.6213380e+06   3.7475586e+01
   1.6215130e+06   6.8725586e+01
   1.6216330e+06   5.1269531e+01
   1.6256890e+06   3.3203125e+01
   1.6287460e+06   3.2165527e+01
   1.6399420e+06   6.5856934e+01
   1.6401430e+06   5.9204102e+01
   1.6403220e+06   5.2673340e+01
   1.6479690e+06   3.6315918e+01
   1.6515070e+06   3.9999390e+03
   1.6515340e+06   4.8706055e+01
   1.6515440e+06   3.5339355e+01
   1.6516620e+06   3.2958984e+01
   1.6516950e+06   5.9936523e+01
   1.6517320e+06   4.1137695e+01
   1.6517790e+06   4.3151855e+01
   1.6518460e+06   4.5776367e+01
   1.6518600e+06   3.4851074e+01
   1.6519450e+06   3.2348633e+01
   1.6520390e+06   3.6743164e+01
   1.6521740e+06   5.2917480e+01
   1.6525780e+06   5.8898926e+01
   1.6587060e+06   3.8330078e+01
   1.6588920e+06   3.5522461e+01
   1.6590220e+06   6.2927246e+01
   1.6590600e+06   3.5583496e+01
   1.6591050e+06   5.8227539e+01
   1.6591150e+06   4.1320801e+01
   1.6591330e+06   3.1616211e+01
   1.6591780e+06   3.6437988e+01
   1.6592480e+06   3.1677246e+01
   1.6593220e+06   5.0048828e+01
   1.6593520e+06   3.4057617e+01
   1.6593710e+06   3.2165527e+01
   1.6594630e+06   3.5400391e+01
   1.6819670e+06   3.3203125e+01
   1.6956780e+06   3.9367676e+01
   1.6957200e+06   6.6223145e+01
   1.6957740e+06   3.5339355e+01
   1.6958340e+06   5.3100586e+01
   1.6958550e+06   5.3039551e+01
   1.6959580e+06   3.6437988e+01
   1.6959720e+06   5.2917480e+01
   1.6960480e+06   3.7170410e+01
   1.6960830e+06   3.2043457e+01
   1.6961030e+06   5.3771973e+01
   1.6961800e+06   3.3081055e+01
   1.6963110e+06   3.2409668e+01
   1.6963710e+06   3.4851074e+01
   1.7015190e+06   2.0086060e+03
   1.7015480e+06   4.9743652e+01
   1.7015760e+06   3.8391113e+01
   1.7017470e+06   5.5725098e+01
   1.7018040e+06   3.2470703e+01
   1.7018920e+06   5.0170898e+01
   1.7020720e+06   4.5532227e+01
   1.7080410e+06   3.4729004e+01
   1.7080630e+06   3.1982422e+01
   1.7082080e+06   6.7932129e+01
   1.7083940e+06   5.5969238e+01
   1.7085710e+06   3.7963867e+01
   1.7086690e+06   3.2409668e+01
   1.7115720e+06   3.1677246e+01
   1.7231880e+06   3.5095215e+01
   1.7253760e+06   6.2500000e+01
   1.7255370e+06   6.4636230e+01
   1.7256810e+06   3.7292480e+01
   1.7489720e+06   3.2287598e+01
   1.7515350e+06   2.0064697e+03
   1.7515620e+06   5.1574707e+01
   1.7517400e+06   3.3813477e+01
   1.7517550e+06   7.4340820e+01
   1.7518010e+06   3.4057617e+01
   1.7518660e+06   5.8715820e+01
   1.7518810e+06   4.9865723e+01
   1.7519040e+06   3.2714844e+01
   1.7520860e+06   3.3142090e+01
   1.7521010e+06   4.2175293e+01
   1.7556510e+06   3.4484863e+01
   1.7686380e+06   3.4667969e+01
   1.7801220e+06   3.1677246e+01
   1.7853030e+06   3.2653809e+01
   1.7932560e+06   3.1494141e+01
   1.7980090e+06   3.3447266e+01
   1.8015490e+06   3.9999390e+03
   1.8015760e+06   5.2795410e+01
   1.8016940e+06   3.1982422e+01
   1.8017180e+06   6.8664551e+01
   1.8018240e+06   4.7668457e+01
   1.8019000e+06   3.3630371e+01
   1.8020180e+06   3.2836914e+01
   1.8020280e+06   3.6193848e+01
   1.8022060e+06   3.6071777e+01
   1.8029330e+06   4.9621582e+01
   1.8061550e+06   3.1738281e+01
   1.8150620e+06   3.3081055e+01
   1.8211110e+06   3.4362793e+01
   1.8323870e+06   3.3935547e+01
   1.8392760e+06   3.3935547e+01
   1.8458190e+06   3.1433105e+01
   1.8515610e+06   2.0068970e+03
   1.8515900e+06   5.6884766e+01
   1.8516600e+06   3.1372070e+01
   1.8516980e+06   3.6682129e+01
   1.8517120e+06   3.1616211e+01
   1.8517400e+06   8.6425781e+01
   1.8517920e+06   4.0954590e+01
   1.8518290e+06   6.9519043e+01
   1.8519070e+06   3.2653809e+01
   1.8519960e+06   3.1677246e+01
   1.8522440e+06   3.5156250e+01
   1.8525410e+06   5.7312012e+01
   1.8525840e+06   3.5949707e+01
   1.8527740e+06   3.1921387e+01
   1.8532060e+06   5.7006836e+01
   1.8533590e+06   4.2785645e+01
   1.8668510e+06   3.7292480e+01
   1.8863190e+06   3.7536621e+01
   1.8921170e+06   3.2287598e+01
   1.8927910e+06   3.1555176e+01
   1.9015750e+06   2.0045776e+03
   1.9016040e+06   5.8837891e+01
   1.9016740e+06   3.2714844e+01
   1.9017600e+06   5.0476074e+01
   1.9018590e+06   8.0444336e+01
   1.9019630e+06   3.8818359e+01
   1.9019730e+06   3.6132813e+01
   1.9023120e+06   5.2795410e+01
   1.9030780e+06   5.8715820e+01
   1.9032740e+06   3.4790039e+01
   1.9035560e+06   6.4208984e+01
   1.9114720e+06   3.1921387e+01
   1.9169370e+06   3.2165527e+01
   1.9206660e+06   3.1860352e+01
   1.9253400e+06   3.3508301e+01
   1.9277930e+06   3.2104492e+01
   1.9284770e+06   3.1921387e+01
   1.9298740e+06   3.2409668e+01
   1.9396570e+06   3.3447266e+01
   1.9413710e+06   3.5644531e+01
   1.9514010e+06   3.5095215e+01
   1.9515890e+06   2.0104370e+03
   1.9516180e+06   5.9020996e+01
   1.9517070e+06   3.3264160e+01
   1.9518080e+06   3.7109375e+01
   1.9518370e+06   5.9570313e+01
   1.9518620e+06   4.5166016e+01
   1.9519360e+06   5.7067871e+01
   1.9523710e+06   5.0354004e+01
   1.9671360e+06   3.7414551e+01
   1.9754280e+06   3.1433105e+01
   1.9827440e+06   3.1616211e+01
   1.9860190e+06   3.3386230e+01
   1.9946890e+06   3.2653809e+01
   2.0016030e+06   2.0045776e+03
   2.0016320e+06   5.3894043e+01
   2.0016920e+06   3.9916992e+01
   2.0017840e+06   6.9580078e+01
   2.0018790e+06   5.5969238e+01
   2.0019570e+06   3.6315918e+01
   2.0019750e+06   3.5278320e+01
   2.0021330e+06   5.5847168e+01
   2.0023060e+06   3.9123535e+01
   2.0138760e+06   3.1555176e+01
   2.0173270e+06   3.3203125e+01
   2.0246810e+06   3.3813477e+01
   2.0252980e+06   3.8940430e+01
   2.0256010e+06   3.1494141e+01
   2.0333490e+06   3.1799316e+01
   2.0408850e+06   6.0424805e+01
   2.0410510e+06   5.0354004e+01
   2.0441240e+06   3.2897949e+01
   2.0516170e+06   2.0046997e+03
   2.0516460e+06   5.2795410e+01
   2.0516780e+06   3.2592773e+01
   2.0517420e+06   3.5461426e+01
   2.0518340e+06   5.1757813e+01
   2.0519260e+06   3.3203125e+01
   2.0520460e+06   4.1320801e+01
   2.0520560e+06   3.7048340e+01
   2.0522360e+06   3.1738281e+01
   2.0703800e+06   3.2470703e+01
   2.1016310e+06   2.0049438e+03
   2.1016600e+06   4.9499512e+01
   2.1017440e+06   3.2958984e+01
   2.1017670e+06   3.9306641e+01
   2.1018220e+06   5.9814453e+01
   2.1018420e+06   3.3813477e+01
   2.1019160e+06   6.7321777e+01
   2.1019970e+06   3.7353516e+01
   2.1020470e+06   3.1982422e+01
   2.1021260e+06   3.9794922e+01
   2.1021740e+06   3.2104492e+01
   2.1022080e+06   5.8471680e+01
   2.1022670e+06   3.7780762e+01
   2.1022970e+06   4.3884277e+01
   2.1023310e+06   3.3203125e+01
   2.1024020e+06   3.3996582e+01
   2.1028160e+06   5.4992676e+01
   2.1138290e+06   3.1982422e+01
   2.1176740e+06   3.1555176e+01
   2.1234610e+06   3.2348633e+01
   2.1283710e+06   3.4118652e+01
   2.1293910e+06   6.6284180e+01
   2.1296210e+06   5.9753418e+01
   2.1297460e+06   3.6865234e+01
   2.1303980e+06   3.3569336e+01
   2.1492160e+06   3.2897949e+01
   2.1496920e+06   3.3264160e+01
   2.1516470e+06   3.9999390e+03
   2.1516740e+06   5.4504395e+01
   2.1517110e+06   3.2409668e+01
   2.1517600e+06   3.2531738e+01
   2.1517840e+06   6.7443848e+01
   2.1518020e+06   3.2165527e+01
   2.1518790e+06   5.0842285e+01
   2.1519730e+06   3.5095215e+01
   2.1520640e+06   3.1982422e+01
   2.1520990e+06   3.7170410e+01
   2.1522040e+06   5.3955078e+01
   2.1522170e+06   3.7658691e+01
   2.1522290e+06   3.1555176e+01
   2.1522920e+06   3.3386230e+01
   2.1523470e+06   3.9428711e+01
   2.1524360e+06   3.1677246e+01
   2.1524630e+06   3.2104492e+01
   2.1525250e+06   3.3142090e+01
   2.1702780e+06   3.1799316e+01
   2.1792810e+06   3.1433105e+01
   2.1814030e+06   3.2958984e+01
   2.1817180e+06   3.3203125e+01
   2.1944080e+06   3.4240723e+01
   2.2016590e+06   2.0115356e+03
   2.2016880e+06   5.6457520e+01
   2.2017780e+06   3.4606934e+01
   2.2018380e+06   3.4545898e+01
   2.2018560e+06   3.2775879e+01
   2.2018920e+06   3.2165527e+01
   2.2019260e+06   6.6955566e+01
   2.2019950e+06   4.7302246e+01
   2.2020410e+06   4.1015625e+01
   2.2020920e+06   4.2785645e+01
   2.2021650e+06   4.5288086e+01
   2.2022240e+06   3.2775879e+01
   2.2022740e+06   4.3518066e+01
   2.2024650e+06   3.4790039e+01
   2.2025430e+06   3.7963867e+01
   2.2032160e+06   3.3996582e+01
   2.2248500e+06   3.3386230e+01
   2.2358640e+06   3.1433105e+01
   2.2426080e+06   4.0893555e+01
   2.2484960e+06   3.3325195e+01
   2.2516750e+06   2.0064697e+03
   2.2517020e+06   5.2734375e+01
   2.2517330e+06   3.8818359e+01
   2.2517980e+06   3.2958984e+01
   2.2518530e+06   3.8513184e+01
   2.2519260e+06   5.4626465e+01
   2.2519460e+06   3.2165527e+01
   2.2519710e+06   3.4729004e+01
   2.2520650e+06   3.2104492e+01
   2.2521310e+06   4.1748047e+01
   2.2521840e+06   3.5278320e+01
   2.2522230e+06   3.7170410e+01
   2.2523560e+06   3.2104492e+01
   2.2525040e+06   3.5827637e+01
   2.2526030e+06   6.1706543e+01
   2.2527750e+06   3.2470703e+01
   2.2532890e+06   6.3232422e+01
   2.2595180e+06   3.2470703e+01
   2.2831440e+06   4.1076660e+01
   2.2863180e+06   3.3081055e+01
   2.3016870e+06   2.0095215e+03
   2.3017160e+06   5.0354004e+01
   2.3018430e+06   6.5368652e+01
   2.3018680e+06   3.3569336e+01
   2.3019310e+06   4.4189453e+01
   2.3019620e+06   3.5705566e+01
   2.3019860e+06   4.0710449e+01
   2.3020130e+06   3.7963867e+01
   2.3021250e+06   4.1259766e+01
   2.3022190e+06   4.5043945e+01
   2.3023920e+06   3.3386230e+01
   2.3024060e+06   3.1372070e+01
   2.3025340e+06   4.1137695e+01
   2.3025600e+06   3.3386230e+01
   2.3120530e+06   3.6865234e+01
   2.3153080e+06   3.2592773e+01
   2.3204430e+06   3.3142090e+01
   2.3236790e+06   3.5766602e+01
   2.3313460e+06   3.1860352e+01
   2.3363430e+06   3.1433105e+01
   2.3398140e+06   3.6315918e+01
   2.3505680e+06   3.4912109e+01
   2.3517010e+06   2.0063477e+03
   2.3517300e+06   5.0170898e+01
   2.3518150e+06   3.1616211e+01
   2.3518440e+06   7.1228027e+01
   2.3519060e+06   3.2043457e+01
   2.3519160e+06   3.9672852e+01
   2.3519430e+06   6.4575195e+01
   2.3520230e+06   3.2775879e+01
   2.3521230e+06   3.1433105e+01
   2.3521650e+06   4.8828125e+01
   2.3521780e+06   3.7658691e+01
   2.3522020e+06   5.2978516e+01
   2.3522370e+06   3.1433105e+01
   2.3523750e+06   3.3691406e+01
   2.3525960e+06   5.2307129e+01
   2.3758940e+06   3.7719727e+01
   2.3907250e+06   3.1555176e+01
   2.3943210e+06   3.1616211e+01
   2.4003010e+06   3.1738281e+01
   2.4017150e+06   2.0106812e+03
   2.4017440e+06   5.7373047e+01
   2.4018120e+06   3.3142090e+01
   2.4018420e+06   3.4423828e+01
   2.4018960e+06   3.5400391e+01
   2.4019480e+06   7.6049805e+01
   2.4019820e+06   5.0292969e+01
   2.4020270e+06   7.1716309e+01
   2.4020660e+06   4.0100098e+01
   2.4020970e+06   3.2287598e+01
   2.4021120e+06   3.3508301e+01
   2.4021230e+06   3.4790039e+01
   2.4021990e+06   3.7109375e+01
   2.4022090e+06   4.6569824e+01
   2.4023320e+06   3.3691406e+01
   2.4024980e+06   3.1677246e+01
   2.4337750e+06   3.1372070e+01
   2.4421480e+06   3.3386230e+01
   2.4509320e+06   3.3081055e+01
   2.4517290e+06   2.0083618e+03
   2.4517580e+06   5.3710938e+01
   2.4517680e+06   3.1860352e+01
   2.4519140e+06   7.2814941e+01
   2.4520080e+06   3.1799316e+01
   2.4520680e+06   3.3630371e+01
   2.4520890e+06   3.5888672e+01
   2.4521080e+06   3.1494141e+01
   2.4522350e+06   4.1503906e+01
   2.4522890e+06   3.3508301e+01
   2.4523870e+06   4.0588379e+01
   2.4524320e+06   3.5461426e+01
   2.4524560e+06   3.3508301e+01
   2.4526380e+06   3.3264160e+01
   2.4527030e+06   4.5898438e+01
   2.4812650e+06   3.1860352e+01
   2.5039110e+06   3.6132813e+01
   2.5084700e+06   3.3874512e+01
   2.5334820e+06   3.9672852e+01
   2.5493430e+06   3.1860352e+01
   2.5663430e+06   3.2409668e+01
   2.5845300e+06   3.1738281e+01
   2.5921610e+06   3.1616211e+01
   2.5998820e+06   3.1799316e+01
   2.6160530e+06   3.2836914e+01
   2.6166920e+06   3.4729004e+01
   2.6225320e+06   3.2775879e+01
   2.6300180e+06   3.3508301e+01
   2.6499350e+06   3.1494141e+01
   2.6600850e+06   3.2958984e+01
   2.6874900e+06   3.1494141e+01
   2.6913670e+06   3.1677246e+01
   2.7111200e+06   3.1677246e+01
   2.7159060e+06   3.3996582e+01
   2.7295970e+06   3.1433105e+01
   2.7340410e+06   3.2043457e+01
   2.7362860e+06   3.1738281e+01
   2.7363680e+06   3.2104492e+01
   2.7374570e+06   7.6904297e+01
   2.7638050e+06   3.3203125e+01
   2.7649630e+06   3.1616211e+01
   2.7674240e+06   6.7382813e+01
   2.7675780e+06   6.4270020e+01
   2.7961810e+06   7.3242188e+01
   2.7963600e+06   6.2927246e+01
   2.7964630e+06   3.1494141e+01
   2.8052080e+06   3.2470703e+01
   2.8149600e+06   3.3020020e+01
   2.8316860e+06   3.2104492e+01
   2.8415380e+06   3.2836914e+01
   2.8417200e+06   6.0485840e+01
   2.8489250e+06   3.4118652e+01
   2.8582620e+06   3.1921387e+01
   2.8597970e+06   3.8452148e+01
   2.8643150e+06   3.3203125e+01
   2.8822100e+06   3.3020020e+01
   2.8903620e+06   3.9978027e+01
   2.8959500e+06   3.1433105e+01
   2.8983310e+06   3.8574219e+01
   2.8983460e+06   3.2653809e+01
   2.8983870e+06   3.3813477e+01
   2.8985050e+06   6.5368652e+01
   2.8986310e+06   3.4179688e+01
   2.8992520e+06   5.9631348e+01
   2.9058040e+06   3.3996582e+01
   2.9221350e+06   3.1738281e+01
   2.9273640e+06   3.2165527e+01
   2.9299340e+06   3.2592773e+01
   2.9302150e+06   6.2072754e+01
   2.9304040e+06   6.0485840e+01
   2.9635080e+06   3.2348633e+01
   2.9852940e+06   7.3242188e+01
   2.9854670e+06   5.5847168e+01
   2.9896910e+06   3.1555176e+01
   2.9901530e+06   3.6254883e+01
   2.9905280e+06   6.8664551e+01
   2.9907530e+06   3.3386230e+01
