   2.9990000e+06   0.0000000e+00
   1.0450000e+03   3.9999390e+03
   1.2450000e+03   4.5166016e+01
   2.0300000e+03   3.3752441e+01
   2.2580000e+03   3.2653809e+01
   8.1190000e+03   3.5095215e+01
   9.5420000e+03   3.5400391e+01
   1.5144000e+04   3.5095215e+01
   2.0742000e+04   3.6682129e+01
   3.2193000e+04   3.1433105e+01
   3.4183000e+04   3.5766602e+01
   3.7376000e+04   3.6621094e+01
   3.8180000e+04   3.3203125e+01
   4.1710000e+04   4.0588379e+01
   4.4523000e+04   3.5827637e+01
   4.4616000e+04   3.3325195e+01
   4.8726000e+04   3.2592773e+01
   5.1059000e+04   3.9999390e+03
   5.1195000e+04   3.9611816e+01
   5.1316000e+04   3.3203125e+01
   5.1344000e+04   3.8696289e+01
   5.1479000e+04   4.9987793e+01
   5.1491000e+04   4.9316406e+01
   5.1510000e+04   3.7841797e+01
   5.1737000e+04   3.3508301e+01
   5.1783000e+04   3.4790039e+01
   5.1836000e+04   3.2348633e+01
   5.1887000e+04   3.2531738e+01
   5.1953000e+04   3.5766602e+01
   5.2087000e+04   3.1738281e+01
   5.2156000e+04   3.7353516e+01
   5.2369000e+04   4.1870117e+01
   6.5013000e+04   3.3264160e+01
   6.8327000e+04   3.6804199e+01
   7.1908000e+04   3.4240723e+01
   7.3421000e+04   3.6010742e+01
   7.5147000e+04   3.6193848e+01
   8.2092000e+04   3.2836914e+01
   8.8669000e+04   3.2104492e+01
   8.9892000e+04   3.9001465e+01
   9.2842000e+04   3.2348633e+01
   9.4864000e+04   3.3630371e+01
   9.9627000e+04   3.4301758e+01
   1.0107100e+05   2.0065918e+03
   1.0126800e+05   3.6865234e+01
   1.0130000e+05   5.1696777e+01
   1.0132200e+05   3.2592773e+01
   1.0141300e+05   3.8879395e+01
   1.0143600e+05   3.1616211e+01
   1.0151000e+05   3.9489746e+01
   1.0154300e+05   3.4057617e+01
   1.0156000e+05   3.3630371e+01
   1.0160400e+05   3.4545898e+01
   1.0163000e+05   7.0556641e+01
   1.0167700e+05   3.9550781e+01
   1.0171000e+05   3.6865234e+01
   1.0175200e+05   3.3508301e+01
   1.0178800e+05   3.1860352e+01
   1.0181100e+05   5.6213379e+01
   1.0185500e+05   3.1616211e+01
   1.0192400e+05   3.5644531e+01
   1.0193400e+05   3.8146973e+01
   1.0240500e+05   3.9978027e+01
   1.0304600e+05   3.3691406e+01
   1.0787700e+05   3.1982422e+01
   1.1234800e+05   3.5827637e+01
   1.2476900e+05   3.4851074e+01
   1.2492500e+05   3.2348633e+01
   1.2496900e+05   4.3457031e+01
   1.2498600e+05   3.3142090e+01
   1.2505600e+05   4.8095703e+01
   1.2510500e+05   3.2165527e+01
   1.3472800e+05   3.5461426e+01
   1.3801500e+05   3.2836914e+01
   1.3827500e+05   3.4606934e+01
   1.3831900e+05   3.6437988e+01
   1.3838600e+05   4.0283203e+01
   1.3843800e+05   3.2897949e+01
   1.3851300e+05   3.2592773e+01
   1.3856600e+05   3.8024902e+01
   1.4682900e+05   3.4240723e+01
   1.5086400e+05   3.3569336e+01
   1.5108500e+05   2.0074463e+03
   1.5125900e+05   3.4729004e+01
   1.5128200e+05   3.1921387e+01
   1.5144700e+05   3.6926270e+01
   1.5150400e+05   3.2653809e+01
   1.5178500e+05   3.3569336e+01
   1.5200500e+05   3.3264160e+01
   1.6169100e+05   3.4729004e+01
   1.6454500e+05   4.0344238e+01
   1.6459900e+05   3.5461426e+01
   1.6462500e+05   3.2592773e+01
   1.6465300e+05   3.5827637e+01
   1.6472500e+05   4.3090820e+01
   1.6484500e+05   3.6621094e+01
   1.6485600e+05   3.3020020e+01
   1.6498700e+05   3.1921387e+01
   1.6504200e+05   8.2641602e+01
   1.6511200e+05   3.6010742e+01
   1.6521500e+05   3.1494141e+01
   1.7524700e+05   4.0588379e+01
   1.7706300e+05   3.5522461e+01
   1.8302800e+05   3.4240723e+01
   1.8530000e+05   3.2653809e+01
   1.8546200e+05   3.1372070e+01
   1.8559100e+05   3.1738281e+01
   1.8561400e+05   4.4494629e+01
   1.8567800e+05   3.6010742e+01
   1.8571300e+05   3.1372070e+01
   1.8573600e+05   3.3325195e+01
   1.8575000e+05   3.7231445e+01
   1.8578900e+05   3.4301758e+01
   1.8582700e+05   4.5776367e+01
   1.8584400e+05   7.7819824e+01
   1.8593400e+05   3.2470703e+01
   1.8596200e+05   3.3752441e+01
   1.8598500e+05   3.2287598e+01
   1.8602800e+05   4.1259766e+01
   1.8609400e+05   3.1982422e+01
   1.8613300e+05   3.3691406e+01
   1.8619300e+05   3.2287598e+01
   1.9538600e+05   3.4179688e+01
   1.9726400e+05   4.2053223e+01
   1.9756900e+05   3.5095215e+01
   1.9782700e+05   3.4667969e+01
   2.0109900e+05   2.0059204e+03
   2.0118300e+05   3.4606934e+01
   2.0634500e+05   3.7658691e+01
   2.0717200e+05   3.3752441e+01
   2.0724700e+05   3.1372070e+01
   2.0732900e+05   3.2226563e+01
   2.0741900e+05   5.0598145e+01
   2.0753800e+05   4.3579102e+01
   2.1540700e+05   3.4790039e+01
   2.1751700e+05   3.2470703e+01
   2.1815100e+05   7.0739746e+01
   2.1821200e+05   3.3935547e+01
   2.1828200e+05   3.6071777e+01
   2.1833200e+05   3.5156250e+01
   2.1843400e+05   4.8828125e+01
   2.1846000e+05   3.7841797e+01
   2.2791900e+05   3.3447266e+01
   2.2831400e+05   3.1494141e+01
   2.2844500e+05   3.1921387e+01
   2.2857600e+05   3.6437988e+01
   2.3655100e+05   3.8269043e+01
   2.3706000e+05   3.1433105e+01
   2.3713800e+05   3.9855957e+01
   2.3723800e+05   3.6743164e+01
   2.4565500e+05   3.3813477e+01
   2.4593000e+05   3.3935547e+01
   2.5111300e+05   2.0064697e+03
   2.5119000e+05   3.2653809e+01
   2.5129200e+05   4.0283203e+01
   2.5131200e+05   3.6499023e+01
   2.5135000e+05   3.4729004e+01
   2.5142300e+05   5.1940918e+01
   2.5157700e+05   3.1860352e+01
   2.5162800e+05   3.5766602e+01
   2.5169700e+05   3.5156250e+01
   2.5179400e+05   3.4851074e+01
   2.5181000e+05   3.2348633e+01
   2.5185700e+05   4.7668457e+01
   2.5191300e+05   3.1433105e+01
   2.5193400e+05   4.0710449e+01
   2.5199200e+05   3.3142090e+01
   2.5204000e+05   3.1738281e+01
   2.6464100e+05   3.6132813e+01
   2.6645100e+05   3.4423828e+01
   2.6737600e+05   3.8513184e+01
   2.6750400e+05   4.4555664e+01
   2.6770600e+05   6.4208984e+01
   2.6773900e+05   3.1738281e+01
   2.7473200e+05   3.1616211e+01
   2.7616900e+05   3.3813477e+01
   2.7644700e+05   4.1503906e+01
   2.8279300e+05   3.5278320e+01
   2.8362300e+05   3.3020020e+01
   2.8381400e+05   3.4973145e+01
   2.8384000e+05   3.4606934e+01
   2.8387000e+05   6.6833496e+01
   2.8394400e+05   3.3874512e+01
   2.8403500e+05   3.3874512e+01
   2.8407300e+05   3.3691406e+01
   2.8415100e+05   3.3996582e+01
   2.8422800e+05   3.7719727e+01
   2.9328500e+05   3.5156250e+01
   2.9361400e+05   3.4729004e+01
   2.9367400e+05   3.5156250e+01
   2.9878900e+05   3.3447266e+01
   3.0068300e+05   3.4973145e+01
   3.0081900e+05   3.4240723e+01
   3.0101700e+05   3.9855957e+01
   3.0112700e+05   2.0071411e+03
   3.0128200e+05   3.2775879e+01
   3.0130700e+05   3.2165527e+01
   3.0848600e+05   4.0893555e+01
   3.0936000e+05   4.1442871e+01
   3.0942400e+05   3.2714844e+01
   3.0963900e+05   3.1555176e+01
   3.1694100e+05   3.7902832e+01
   3.1915400e+05   3.1921387e+01
   3.1933900e+05   4.3945313e+01
   3.2820700e+05   3.9794922e+01
   3.3121300e+05   3.6804199e+01
   3.3435200e+05   3.5034180e+01
   3.3540200e+05   3.8391113e+01
   3.3589900e+05   3.1921387e+01
   3.3612400e+05   3.4484863e+01
   3.3633400e+05   3.4973145e+01
   3.4465500e+05   3.5339355e+01
   3.4579700e+05   4.5166016e+01
   3.4809600e+05   3.2226563e+01
   3.5114100e+05   2.0042725e+03
   3.5123000e+05   3.9672852e+01
   3.5130300e+05   3.1921387e+01
   3.5134900e+05   4.1015625e+01
   3.5135900e+05   4.7180176e+01
   3.5146200e+05   3.3874512e+01
   3.5155700e+05   3.7109375e+01
   3.5163600e+05   4.8217773e+01
   3.5166000e+05   3.6010742e+01
   3.5170500e+05   3.3264160e+01
   3.5929900e+05   3.6804199e+01
   3.6149400e+05   3.2775879e+01
   3.6301200e+05   3.2836914e+01
   3.6319800e+05   3.2775879e+01
   3.6639200e+05   3.2409668e+01
   3.6833600e+05   3.4729004e+01
   3.6994300e+05   3.8513184e+01
   3.7120200e+05   3.3203125e+01
   3.7722400e+05   3.9245605e+01
   3.8315700e+05   3.4179688e+01
   3.8478500e+05   3.4973145e+01
   3.8916800e+05   3.5156250e+01
   3.9874500e+05   4.6386719e+01
   4.0115500e+05   2.0064087e+03
   4.0169100e+05   3.2592773e+01
   4.0854400e+05   3.2775879e+01
   4.1181700e+05   3.1555176e+01
   4.1442100e+05   3.5095215e+01
   4.1868100e+05   3.8635254e+01
   4.2157200e+05   3.1982422e+01
   4.2662600e+05   3.2287598e+01
   4.2816200e+05   3.3447266e+01
   4.3251700e+05   3.1799316e+01
   4.3579300e+05   3.5339355e+01
   4.3747300e+05   3.6010742e+01
   4.4410100e+05   3.8146973e+01
   4.4569300e+05   3.4484863e+01
   4.4949700e+05   3.1982422e+01
   4.5117100e+05   3.9999390e+03
   4.5124800e+05   4.3884277e+01
   4.5132300e+05   3.4912109e+01
   4.5137000e+05   3.5949707e+01
   4.5139000e+05   3.8879395e+01
   4.5149000e+05   4.9316406e+01
   4.5171700e+05   4.3212891e+01
   4.5172900e+05   3.2714844e+01
   4.5175600e+05   3.2409668e+01
   4.5182500e+05   3.4790039e+01
   4.5202900e+05   3.1433105e+01
   4.5828700e+05   3.2287598e+01
   4.6198300e+05   3.6804199e+01
   4.7339400e+05   3.2836914e+01
   4.8022100e+05   4.3151855e+01
   4.8473500e+05   3.1616211e+01
   4.9028200e+05   3.9428711e+01
   4.9394800e+05   3.2775879e+01
   4.9923800e+05   3.4118652e+01
   5.0030000e+05   3.2775879e+01
   5.0048000e+05   3.3020020e+01
   5.0118500e+05   2.0099487e+03
   5.0135400e+05   3.4790039e+01
   5.0141100e+05   3.1433105e+01
   5.0143800e+05   3.3752441e+01
   5.0179400e+05   3.8330078e+01
   5.0266900e+05   3.1921387e+01
   5.1562900e+05   3.8635254e+01
   5.1711400e+05   3.3813477e+01
   5.2899200e+05   3.4851074e+01
   5.3025800e+05   3.4118652e+01
   5.3442400e+05   3.3752441e+01
   5.3570300e+05   3.4667969e+01
   5.3581000e+05   3.1555176e+01
   5.3721600e+05   3.2104492e+01
   5.3917100e+05   3.4606934e+01
   5.4208200e+05   3.8574219e+01
   5.4365000e+05   3.2775879e+01
   5.5119700e+05   2.0106812e+03
   5.5140400e+05   3.4484863e+01
   5.5173200e+05   3.1982422e+01
   5.5203500e+05   3.1982422e+01
   5.5790500e+05   3.2287598e+01
   5.6304400e+05   3.2836914e+01
   5.6358000e+05   3.4484863e+01
   5.6732400e+05   3.4912109e+01
   5.6853400e+05   3.1372070e+01
   5.6901400e+05   3.2165527e+01
   5.7121100e+05   3.1860352e+01
   5.7523900e+05   4.2175293e+01
   5.8209900e+05   3.4973145e+01
   5.8308400e+05   3.3691406e+01
   5.9631800e+05   3.3569336e+01
   5.9705600e+05   3.1860352e+01
   5.9901700e+05   3.5461426e+01
   6.0121100e+05   2.0140381e+03
   6.0122200e+05   3.6926270e+01
   6.0127200e+05   3.7048340e+01
   6.0169200e+05   4.1748047e+01
   6.0176100e+05   3.7109375e+01
   6.0184700e+05   7.0373535e+01
   6.0943500e+05   3.7109375e+01
   6.1301300e+05   3.2043457e+01
   6.2714700e+05   3.4240723e+01
   6.2958000e+05   3.4118652e+01
   6.3266200e+05   3.3142090e+01
   6.3328400e+05   3.1921387e+01
   6.3780200e+05   3.3508301e+01
   6.3824800e+05   3.3630371e+01
   6.4131400e+05   3.6926270e+01
   6.4269600e+05   3.3386230e+01
   6.4454300e+05   3.1372070e+01
   6.4753300e+05   4.4006348e+01
   6.4973700e+05   3.1799316e+01
   6.5122500e+05   2.0048828e+03
   6.5130800e+05   3.1494141e+01
   6.5751700e+05   3.3752441e+01
   6.6028500e+05   3.2653809e+01
   6.6212100e+05   3.3142090e+01
   6.6464600e+05   3.8269043e+01
   6.6921800e+05   3.8940430e+01
   6.7071000e+05   3.1494141e+01
   6.7688200e+05   3.4851074e+01
   6.7824900e+05   3.4118652e+01
   6.8881500e+05   3.3752441e+01
   6.9015200e+05   3.2287598e+01
   6.9323300e+05   3.8940430e+01
   6.9741700e+05   3.4301758e+01
   7.0124100e+05   2.0084839e+03
   7.0132400e+05   3.2592773e+01
   7.0139700e+05   3.5705566e+01
   7.0163200e+05   3.9123535e+01
   7.0493100e+05   3.3752441e+01
   7.0661300e+05   3.5034180e+01
   7.2416200e+05   3.3081055e+01
   7.2695200e+05   3.7353516e+01
   7.2829300e+05   4.0893555e+01
   7.3011700e+05   3.6010742e+01
   7.3667600e+05   3.4118652e+01
   7.3876900e+05   3.3508301e+01
   7.5125500e+05   2.0098877e+03
   7.5133100e+05   3.4484863e+01
   7.5147600e+05   3.4912109e+01
   7.6254500e+05   3.4484863e+01
   7.7693000e+05   3.5949707e+01
   7.7914800e+05   3.1555176e+01
   7.8811800e+05   3.7353516e+01
   8.0119400e+05   3.1616211e+01
   8.0126700e+05   2.0119629e+03
   8.0144200e+05   3.1799316e+01
   8.0151500e+05   3.4790039e+01
   8.0279100e+05   3.1799316e+01
   8.0878700e+05   3.2897949e+01
   8.1024700e+05   3.2043457e+01
   8.1482600e+05   3.4057617e+01
   8.1615200e+05   3.5705566e+01
   8.2258400e+05   3.4301758e+01
   8.2550100e+05   3.2104492e+01
   8.2831500e+05   3.1494141e+01
   8.2943100e+05   4.0466309e+01
   8.3088400e+05   3.7719727e+01
   8.3225500e+05   3.3508301e+01
   8.3954400e+05   3.4790039e+01
   8.4732500e+05   3.2653809e+01
   8.5128100e+05   2.0064697e+03
   8.5136500e+05   3.2226563e+01
   8.5154700e+05   3.3264160e+01
   8.5163800e+05   3.2775879e+01
   8.5411200e+05   3.1494141e+01
   8.5594500e+05   3.6254883e+01
   8.6320600e+05   3.5949707e+01
   8.6723300e+05   3.6560059e+01
   8.7369800e+05   3.2287598e+01
   8.7661000e+05   3.4301758e+01
   8.7768400e+05   3.3325195e+01
   8.8801100e+05   3.2592773e+01
   8.9266100e+05   3.4179688e+01
   8.9338100e+05   3.1372070e+01
   8.9451000e+05   3.4362793e+01
   8.9722500e+05   3.4057617e+01
   9.0129500e+05   2.0075073e+03
   9.0137400e+05   3.4973145e+01
   9.0215900e+05   3.5888672e+01
   9.0582000e+05   3.3203125e+01
   9.1253700e+05   3.3142090e+01
   9.1732200e+05   3.1494141e+01
   9.2139300e+05   3.2043457e+01
   9.3692200e+05   3.2226563e+01
   9.4072200e+05   3.2287598e+01
   9.4504600e+05   3.1555176e+01
   9.4883100e+05   3.1982422e+01
   9.5130900e+05   2.0052490e+03
   9.5151900e+05   3.9855957e+01
   9.5157200e+05   8.2214355e+01
   9.6162800e+05   3.1616211e+01
   9.6727000e+05   3.2592773e+01
   9.6875800e+05   3.1555176e+01
   9.7449100e+05   3.2958984e+01
   9.7451900e+05   3.9794922e+01
   9.7834000e+05   3.4362793e+01
   9.7987400e+05   3.5339355e+01
   9.8160300e+05   3.6926270e+01
   9.8932600e+05   3.1738281e+01
   9.9158200e+05   3.6682129e+01
   9.9512000e+05   3.5644531e+01
   9.9639700e+05   3.4851074e+01
   1.0013250e+06   3.9999390e+03
   1.0014100e+06   3.3203125e+01
   1.0014940e+06   3.3020020e+01
   1.0015440e+06   3.4423828e+01
   1.0016430e+06   3.1738281e+01
   1.0079580e+06   3.6926270e+01
   1.0168040e+06   3.2104492e+01
   1.0216060e+06   3.1799316e+01
   1.0260660e+06   3.7475586e+01
   1.0274190e+06   3.8085938e+01
   1.0378580e+06   3.1860352e+01
   1.0387820e+06   3.2958984e+01
   1.0406080e+06   3.5705566e+01
   1.0435750e+06   3.2592773e+01
   1.0513390e+06   3.9999390e+03
   1.0530740e+06   4.0832520e+01
   1.0561240e+06   3.8391113e+01
   1.0571170e+06   3.5827637e+01
   1.0579160e+06   3.2775879e+01
   1.0687250e+06   3.2592773e+01
   1.0796470e+06   3.3081055e+01
   1.0829120e+06   3.1616211e+01
   1.0842690e+06   3.7475586e+01
   1.0899820e+06   3.2165527e+01
   1.0963960e+06   3.6865234e+01
   1.0966150e+06   3.1372070e+01
   1.0979980e+06   3.2226563e+01
   1.1013510e+06   2.0087891e+03
   1.1015400e+06   3.5034180e+01
   1.1023510e+06   3.2165527e+01
   1.1025340e+06   3.6315918e+01
   1.1028180e+06   6.9396973e+01
   1.1031470e+06   3.2409668e+01
   1.1032470e+06   3.1433105e+01
   1.1110450e+06   3.7109375e+01
   1.1131220e+06   3.2165527e+01
   1.1150770e+06   3.3874512e+01
   1.1281170e+06   3.1921387e+01
   1.1315420e+06   3.6254883e+01
   1.1408770e+06   3.6315918e+01
   1.1486140e+06   3.1555176e+01
   1.1513650e+06   2.0091553e+03
   1.1543520e+06   3.3264160e+01
   1.1570830e+06   3.1738281e+01
   1.1619120e+06   3.3325195e+01
   1.1634860e+06   3.9550781e+01
   1.1650960e+06   3.2104492e+01
   1.1680000e+06   3.1799316e+01
   1.1719570e+06   3.1616211e+01
   1.1761550e+06   3.2897949e+01
   1.1784150e+06   3.5644531e+01
   1.1809460e+06   3.4362793e+01
   1.1838450e+06   3.5339355e+01
   1.1877280e+06   3.1921387e+01
   1.1880390e+06   3.2714844e+01
   1.1927940e+06   3.5034180e+01
   1.1938560e+06   3.3264160e+01
   1.1953220e+06   3.2287598e+01
   1.2013810e+06   3.9999390e+03
   1.2014690e+06   3.9916992e+01
   1.2085190e+06   3.1921387e+01
   1.2145050e+06   3.5034180e+01
   1.2194510e+06   3.3996582e+01
   1.2198790e+06   3.4240723e+01
   1.2232920e+06   4.4433594e+01
   1.2265400e+06   3.9978027e+01
   1.2270310e+06   3.1860352e+01
   1.2341750e+06   3.4118652e+01
   1.2385100e+06   3.2165527e+01
   1.2392070e+06   3.5461426e+01
   1.2441190e+06   4.3762207e+01
   1.2482070e+06   3.1738281e+01
   1.2487570e+06   3.5400391e+01
   1.2498850e+06   3.2714844e+01
   1.2513950e+06   3.9999390e+03
   1.2516230e+06   3.2897949e+01
   1.2524660e+06   3.5461426e+01
   1.2583310e+06   3.2958984e+01
   1.2656510e+06   3.6865234e+01
   1.2671760e+06   3.5217285e+01
   1.2713340e+06   3.3203125e+01
   1.2726870e+06   3.1921387e+01
   1.2773350e+06   3.6071777e+01
   1.2922260e+06   3.1677246e+01
   1.2969450e+06   3.9855957e+01
   1.3008580e+06   3.6682129e+01
   1.3014070e+06   2.0088501e+03
   1.3014950e+06   3.4545898e+01
   1.3016200e+06   3.5888672e+01
   1.3017020e+06   4.8034668e+01
   1.3017720e+06   3.1677246e+01
   1.3019670e+06   3.2226563e+01
   1.3020450e+06   3.2897949e+01
   1.3020970e+06   3.8818359e+01
   1.3021850e+06   3.2592773e+01
   1.3022280e+06   3.3874512e+01
   1.3022540e+06   3.3203125e+01
   1.3101780e+06   3.3813477e+01
   1.3125720e+06   3.9794922e+01
   1.3157190e+06   3.2165527e+01
   1.3172700e+06   3.1921387e+01
   1.3216700e+06   3.3020020e+01
   1.3268550e+06   3.1555176e+01
   1.3277910e+06   3.3020020e+01
   1.3302660e+06   3.1982422e+01
   1.3332390e+06   3.2531738e+01
   1.3333800e+06   3.2958984e+01
   1.3343750e+06   3.2226563e+01
   1.3360600e+06   3.3508301e+01
   1.3382940e+06   3.2287598e+01
   1.3409050e+06   3.2287598e+01
   1.3456670e+06   3.1372070e+01
   1.3487270e+06   3.3081055e+01
   1.3514230e+06   3.9999390e+03
   1.3516160e+06   4.4128418e+01
   1.3518340e+06   3.2897949e+01
   1.3519980e+06   7.3730469e+01
   1.3520480e+06   3.2348633e+01
   1.3520810e+06   6.0668945e+01
   1.3520930e+06   3.4973145e+01
   1.3607520e+06   3.5644531e+01
   1.3623990e+06   3.2653809e+01
   1.3641910e+06   3.3142090e+01
   1.3657230e+06   3.5766602e+01
   1.3688140e+06   3.2104492e+01
   1.3691690e+06   3.1372070e+01
   1.3713540e+06   3.1982422e+01
   1.3739920e+06   3.3996582e+01
   1.3763560e+06   3.3508301e+01
   1.3775660e+06   3.1921387e+01
   1.3776160e+06   3.4118652e+01
   1.3782890e+06   3.3142090e+01
   1.3783670e+06   3.3264160e+01
   1.3795170e+06   3.1738281e+01
   1.3827800e+06   3.3508301e+01
   1.3872030e+06   3.1921387e+01
   1.3924610e+06   3.1433105e+01
   1.3929870e+06   3.9733887e+01
   1.3946130e+06   3.1433105e+01
   1.3963100e+06   3.4790039e+01
   1.3977990e+06   3.3508301e+01
   1.3994780e+06   3.6315918e+01
   1.4014350e+06   2.0056763e+03
   1.4016890e+06   3.2958984e+01
   1.4017950e+06   3.1738281e+01
   1.4018570e+06   6.2255859e+01
   1.4019510e+06   3.3264160e+01
   1.4019720e+06   7.0007324e+01
   1.4020250e+06   3.2043457e+01
   1.4020690e+06   3.2470703e+01
   1.4021180e+06   3.3020020e+01
   1.4023030e+06   3.1982422e+01
   1.4023310e+06   3.4851074e+01
   1.4024920e+06   3.8085938e+01
   1.4025450e+06   3.3203125e+01
   1.4026600e+06   3.5522461e+01
   1.4097800e+06   3.9855957e+01
   1.4213800e+06   3.3813477e+01
   1.4317250e+06   3.3325195e+01
   1.4349680e+06   3.1860352e+01
   1.4365060e+06   3.5278320e+01
   1.4409520e+06   3.1982422e+01
   1.4418420e+06   3.2592773e+01
   1.4502510e+06   3.2775879e+01
   1.4504090e+06   3.2104492e+01
   1.4504970e+06   3.3569336e+01
   1.4505920e+06   3.8269043e+01
   1.4512120e+06   3.2226563e+01
   1.4514490e+06   2.0120850e+03
   1.4516980e+06   3.1799316e+01
   1.4517290e+06   4.9743652e+01
   1.4574790e+06   3.6865234e+01
   1.4612410e+06   3.3447266e+01
   1.4695790e+06   4.8095703e+01
   1.4702720e+06   3.5034180e+01
   1.4786350e+06   3.5827637e+01
   1.4787530e+06   3.7841797e+01
   1.4790420e+06   3.1494141e+01
   1.4793170e+06   3.3508301e+01
   1.5014630e+06   2.0073242e+03
   1.5086040e+06   3.2409668e+01
   1.5087460e+06   3.4667969e+01
   1.5092570e+06   3.7170410e+01
   1.5135350e+06   3.2897949e+01
   1.5141080e+06   3.4729004e+01
   1.5173300e+06   3.2165527e+01
   1.5173450e+06   4.3701172e+01
   1.5174130e+06   3.7414551e+01
   1.5174240e+06   3.1372070e+01
   1.5175230e+06   4.5837402e+01
   1.5175650e+06   3.7719727e+01
   1.5178620e+06   3.8818359e+01
   1.5272600e+06   3.4667969e+01
   1.5310990e+06   3.2836914e+01
   1.5314120e+06   3.2043457e+01
   1.5316370e+06   3.2043457e+01
   1.5318450e+06   4.9743652e+01
   1.5351470e+06   3.3447266e+01
   1.5412680e+06   3.2104492e+01
   1.5415470e+06   5.9692383e+01
   1.5464000e+06   3.1616211e+01
   1.5480770e+06   3.1555176e+01
   1.5507750e+06   3.4729004e+01
   1.5514770e+06   2.0039673e+03
   1.5515500e+06   3.2775879e+01
   1.5517780e+06   3.4973145e+01
   1.5519030e+06   3.5888672e+01
   1.5596240e+06   3.3813477e+01
   1.5597200e+06   5.9387207e+01
   1.5597820e+06   3.2836914e+01
   1.5699600e+06   3.8391113e+01
   1.5700120e+06   4.8217773e+01
   1.5703400e+06   3.2470703e+01
   1.5797040e+06   3.3325195e+01
   1.5821380e+06   3.9978027e+01
   1.5881000e+06   3.1799316e+01
   1.5944760e+06   3.2470703e+01
   1.5968980e+06   3.2104492e+01
   1.5990500e+06   3.8452148e+01
   1.6001110e+06   3.6865234e+01
   1.6014930e+06   3.9999390e+03
   1.6016400e+06   6.2866211e+01
   1.6017130e+06   3.5034180e+01
   1.6103440e+06   3.6804199e+01
   1.6105120e+06   3.2653809e+01
   1.6107650e+06   3.5095215e+01
   1.6170180e+06   3.7048340e+01
   1.6212130e+06   3.1616211e+01
   1.6215140e+06   3.2836914e+01
   1.6348440e+06   3.2470703e+01
   1.6367630e+06   3.9184570e+01
   1.6386360e+06   3.1433105e+01
   1.6401190e+06   3.1860352e+01
   1.6474710e+06   3.2714844e+01
   1.6515050e+06   2.0081787e+03
   1.6515840e+06   3.3874512e+01
   1.6517580e+06   3.4362793e+01
   1.6521620e+06   3.3569336e+01
   1.6584070e+06   3.2714844e+01
   1.6589270e+06   3.3508301e+01
   1.6590110e+06   3.5888672e+01
   1.6590620e+06   4.1687012e+01
   1.6590870e+06   5.5541992e+01
   1.6591830e+06   3.6804199e+01
   1.6592180e+06   3.4851074e+01
   1.6593150e+06   3.3874512e+01
   1.6593620e+06   4.2297363e+01
   1.6594950e+06   3.5461426e+01
   1.6689950e+06   3.1921387e+01
   1.6707160e+06   3.3752441e+01
   1.6835570e+06   3.1555176e+01
   1.6900970e+06   3.6743164e+01
   1.6955420e+06   3.2043457e+01
   1.6958680e+06   7.0190430e+01
   1.6959370e+06   3.3142090e+01
   1.6962130e+06   3.5827637e+01
   1.6964640e+06   3.1738281e+01
   1.7015210e+06   3.9999390e+03
   1.7016080e+06   3.2165527e+01
   1.7016970e+06   3.3142090e+01
   1.7017910e+06   3.1738281e+01
   1.7053990e+06   3.9489746e+01
   1.7081950e+06   3.2043457e+01
   1.7202860e+06   3.2287598e+01
   1.7235110e+06   3.2531738e+01
   1.7251540e+06   3.4606934e+01
   1.7296840e+06   3.2226563e+01
   1.7457550e+06   3.2287598e+01
   1.7472340e+06   3.2775879e+01
   1.7515350e+06   3.9999390e+03
   1.7516050e+06   3.6987305e+01
   1.7517310e+06   3.2409668e+01
   1.7597590e+06   3.2897949e+01
   1.7646460e+06   3.1494141e+01
   1.7649150e+06   3.2165527e+01
   1.7707100e+06   3.1799316e+01
   1.7783110e+06   4.1381836e+01
   1.7887600e+06   3.4057617e+01
   1.7976920e+06   3.5217285e+01
   1.8005400e+06   3.6499023e+01
   1.8015490e+06   3.9999390e+03
   1.8017120e+06   3.1738281e+01
   1.8018810e+06   5.0476074e+01
   1.8075370e+06   3.1616211e+01
   1.8094580e+06   3.3874512e+01
   1.8177280e+06   4.0710449e+01
   1.8314680e+06   3.2897949e+01
   1.8385000e+06   3.1921387e+01
   1.8515610e+06   2.0067139e+03
   1.8516410e+06   3.4606934e+01
   1.8517980e+06   3.1738281e+01
   1.8523650e+06   4.5349121e+01
   1.8534100e+06   3.9550781e+01
   1.8594520e+06   3.9306641e+01
   1.8795070e+06   3.2287598e+01
   1.8810380e+06   3.1738281e+01
   1.8884960e+06   3.2165527e+01
   1.8942480e+06   3.3996582e+01
   1.8980400e+06   3.1982422e+01
   1.9012010e+06   3.2104492e+01
   1.9015750e+06   2.0062866e+03
   1.9018580e+06   3.4973145e+01
   1.9019770e+06   4.3701172e+01
   1.9023590e+06   3.9001465e+01
   1.9030390e+06   4.0527344e+01
   1.9096400e+06   3.4973145e+01
   1.9169220e+06   3.1555176e+01
   1.9201190e+06   3.9916992e+01
   1.9213020e+06   3.3813477e+01
   1.9250170e+06   3.3264160e+01
   1.9267830e+06   3.2409668e+01
   1.9283660e+06   3.1677246e+01
   1.9401780e+06   3.2897949e+01
   1.9475270e+06   3.5156250e+01
   1.9490810e+06   3.4057617e+01
   1.9515890e+06   2.0116577e+03
   1.9518110e+06   3.1738281e+01
   1.9697040e+06   3.1372070e+01
   1.9798530e+06   3.7170410e+01
   1.9828870e+06   3.1372070e+01
   1.9844560e+06   3.1860352e+01
   1.9857470e+06   3.2043457e+01
   1.9901380e+06   3.9245605e+01
   1.9935310e+06   3.2226563e+01
   1.9967320e+06   3.1738281e+01
   2.0002990e+06   3.3325195e+01
   2.0007580e+06   3.8146973e+01
   2.0007930e+06   3.6315918e+01
   2.0016030e+06   2.0103149e+03
   2.0016930e+06   4.0222168e+01
   2.0208500e+06   3.1555176e+01
   2.0219890e+06   3.3691406e+01
   2.0356230e+06   3.2531738e+01
   2.0391710e+06   3.8757324e+01
   2.0409380e+06   3.2165527e+01
   2.0415040e+06   3.1555176e+01
   2.0435260e+06   3.3447266e+01
   2.0469320e+06   3.2104492e+01
   2.0473670e+06   3.1738281e+01
   2.0516170e+06   2.0057373e+03
   2.0517030e+06   3.6437988e+01
   2.0518840e+06   3.4423828e+01
   2.0571750e+06   3.2470703e+01
   2.0600340e+06   3.3752441e+01
   2.0614070e+06   3.2287598e+01
   2.0724170e+06   3.2958984e+01
   2.0741660e+06   3.2287598e+01
   2.0830410e+06   3.1433105e+01
   2.0935050e+06   3.2897949e+01
   2.0952080e+06   3.2043457e+01
   2.0979880e+06   3.2043457e+01
   2.0994410e+06   3.1860352e+01
   2.1016330e+06   3.9999390e+03
   2.1018190e+06   3.7231445e+01
   2.1020150e+06   3.2653809e+01
   2.1021080e+06   4.9926758e+01
   2.1022180e+06   3.8208008e+01
   2.1022280e+06   3.7658691e+01
   2.1093070e+06   3.7902832e+01
   2.1105710e+06   3.5339355e+01
   2.1162910e+06   3.2287598e+01
   2.1320170e+06   3.2104492e+01
   2.1365030e+06   3.1494141e+01
   2.1489740e+06   3.2470703e+01
   2.1506740e+06   3.2897949e+01
   2.1516470e+06   3.9999390e+03
   2.1518680e+06   3.2409668e+01
   2.1521120e+06   3.6193848e+01
   2.1522400e+06   7.4279785e+01
   2.1578140e+06   3.3508301e+01
   2.1623770e+06   3.3752441e+01
   2.1641530e+06   3.1738281e+01
   2.1656950e+06   3.5461426e+01
   2.1683850e+06   3.3264160e+01
   2.1735130e+06   3.1982422e+01
   2.1824770e+06   3.2653809e+01
   2.1852650e+06   3.2287598e+01
   2.1885740e+06   3.9001465e+01
   2.1924010e+06   3.2165527e+01
   2.1953470e+06   3.2958984e+01
   2.1993750e+06   3.3935547e+01
   2.2016590e+06   2.0095215e+03
   2.2017330e+06   3.1555176e+01
   2.2018830e+06   3.2531738e+01
   2.2020420e+06   3.8818359e+01
   2.2020920e+06   3.1555176e+01
   2.2022780e+06   4.8706055e+01
   2.2023050e+06   3.3081055e+01
   2.2023450e+06   3.6926270e+01
   2.2025500e+06   3.2165527e+01
   2.2026950e+06   3.5461426e+01
   2.2101620e+06   3.2043457e+01
   2.2151760e+06   4.0405273e+01
   2.2227390e+06   3.3264160e+01
   2.2233610e+06   3.3691406e+01
   2.2321650e+06   3.1372070e+01
   2.2397300e+06   3.5583496e+01
   2.2426090e+06   3.2409668e+01
   2.2474840e+06   3.1555176e+01
   2.2488390e+06   3.2775879e+01
   2.2516730e+06   2.0068359e+03
   2.2519880e+06   3.2226563e+01
   2.2521350e+06   3.5461426e+01
   2.2522690e+06   3.2104492e+01
   2.2618030e+06   3.8208008e+01
   2.2656600e+06   3.3325195e+01
   2.2670660e+06   3.8696289e+01
   2.2766580e+06   3.2836914e+01
   2.2782780e+06   3.1799316e+01
   2.2808830e+06   3.2165527e+01
   2.2826300e+06   3.2958984e+01
   2.2947800e+06   3.4606934e+01
   2.2975470e+06   3.4301758e+01
   2.2982980e+06   3.4484863e+01
   2.3013160e+06   3.1677246e+01
   2.3016870e+06   2.0080566e+03
   2.3016990e+06   3.5522461e+01
   2.3019290e+06   4.0771484e+01
   2.3020970e+06   3.1616211e+01
   2.3022320e+06   5.9631348e+01
   2.3117200e+06   3.1555176e+01
   2.3159230e+06   3.4362793e+01
   2.3159590e+06   3.6987305e+01
   2.3229290e+06   3.3386230e+01
   2.3262730e+06   3.5583496e+01
   2.3310530e+06   3.2653809e+01
   2.3387060e+06   3.6743164e+01
   2.3412200e+06   3.4667969e+01
   2.3501620e+06   3.2043457e+01
   2.3517030e+06   3.9999390e+03
   2.3520720e+06   3.1433105e+01
   2.3521580e+06   4.0954590e+01
   2.3524090e+06   5.7617188e+01
   2.3634380e+06   3.4729004e+01
   2.3654080e+06   3.2897949e+01
   2.3686030e+06   3.4973145e+01
   2.3727620e+06   3.5461426e+01
   2.3731090e+06   3.3386230e+01
   2.3817200e+06   3.2287598e+01
   2.3901180e+06   3.3264160e+01
   2.3947420e+06   3.1372070e+01
   2.3947520e+06   3.5156250e+01
   2.3968780e+06   3.1738281e+01
   2.3974690e+06   3.3752441e+01
   2.4008030e+06   3.2470703e+01
   2.4017150e+06   2.0077515e+03
   2.4019380e+06   4.4372559e+01
   2.4019910e+06   3.6315918e+01
   2.4020550e+06   4.3762207e+01
   2.4020760e+06   3.2226563e+01
   2.4023360e+06   3.1372070e+01
   2.4024130e+06   3.3264160e+01
   2.4160510e+06   3.2531738e+01
   2.4182580e+06   3.1555176e+01
   2.4209700e+06   3.4423828e+01
   2.4454910e+06   3.3996582e+01
   2.4490440e+06   3.5156250e+01
   2.4507550e+06   4.6752930e+01
   2.4517290e+06   2.0073242e+03
   2.4521230e+06   3.5278320e+01
   2.4522380e+06   4.3640137e+01
   2.4526680e+06   3.2714844e+01
   2.4605530e+06   3.4729004e+01
   2.4617340e+06   3.8696289e+01
   2.4710020e+06   3.5583496e+01
   2.4798630e+06   3.5217285e+01
   2.4816570e+06   3.2165527e+01
   2.4892780e+06   3.8940430e+01
   2.4917580e+06   3.3996582e+01
   2.5063100e+06   3.2897949e+01
   2.5129080e+06   3.2287598e+01
   2.5148170e+06   3.5156250e+01
   2.5242150e+06   4.8278809e+01
   2.5272010e+06   3.6804199e+01
   2.5296820e+06   3.3203125e+01
   2.5309740e+06   3.1921387e+01
   2.5330990e+06   3.1738281e+01
   2.5356780e+06   3.6010742e+01
   2.5363970e+06   3.5278320e+01
   2.5413020e+06   3.2226563e+01
   2.5431320e+06   3.4240723e+01
   2.5466490e+06   3.3691406e+01
   2.5475630e+06   3.3020020e+01
   2.5488060e+06   3.3935547e+01
   2.5528410e+06   3.6621094e+01
   2.5580740e+06   3.1494141e+01
   2.5603460e+06   4.0771484e+01
   2.5627420e+06   3.4423828e+01
   2.5677480e+06   3.5522461e+01
   2.5703900e+06   3.3752441e+01
   2.5835540e+06   3.2897949e+01
   2.5851130e+06   3.4973145e+01
   2.5888270e+06   3.4423828e+01
   2.5932990e+06   3.3813477e+01
   2.5937550e+06   3.2165527e+01
   2.5952400e+06   3.4179688e+01
   2.5962690e+06   3.3874512e+01
   2.6064190e+06   3.2104492e+01
   2.6154840e+06   3.2409668e+01
   2.6213350e+06   3.1738281e+01
   2.6263030e+06   3.1677246e+01
   2.6291030e+06   3.1616211e+01
   2.6304820e+06   3.5644531e+01
   2.6315620e+06   3.1677246e+01
   2.6362730e+06   3.5766602e+01
   2.6438450e+06   3.1372070e+01
   2.6554850e+06   3.1921387e+01
   2.6681170e+06   3.1677246e+01
   2.6869070e+06   3.4545898e+01
   2.6905250e+06   3.1921387e+01
   2.6955630e+06   3.1921387e+01
   2.6962760e+06   3.4362793e+01
   2.6989130e+06   3.2897949e+01
   2.7003890e+06   3.9123535e+01
   2.7123000e+06   3.1982422e+01
   2.7124960e+06   3.3630371e+01
   2.7138030e+06   3.5705566e+01
   2.7165270e+06   3.2470703e+01
   2.7218810e+06   3.1982422e+01
   2.7243780e+06   3.2226563e+01
   2.7278600e+06   3.1433105e+01
   2.7289910e+06   3.1372070e+01
   2.7305060e+06   3.1982422e+01
   2.7396040e+06   3.4484863e+01
   2.7443240e+06   3.3630371e+01
   2.7452020e+06   3.4423828e+01
   2.7528510e+06   3.8330078e+01
   2.7679320e+06   3.3203125e+01
   2.7785300e+06   3.2592773e+01
   2.7870770e+06   3.2287598e+01
   2.7889090e+06   3.3081055e+01
   2.7890800e+06   3.1616211e+01
   2.7975330e+06   3.6682129e+01
   2.8029360e+06   3.3813477e+01
   2.8081680e+06   3.2287598e+01
   2.8128560e+06   3.9062500e+01
   2.8147640e+06   3.2653809e+01
   2.8169210e+06   3.5400391e+01
   2.8247910e+06   3.4179688e+01
   2.8293250e+06   3.2165527e+01
   2.8309530e+06   3.6743164e+01
   2.8340150e+06   3.4423828e+01
   2.8354000e+06   3.3630371e+01
   2.8402800e+06   3.7780762e+01
   2.8417310e+06   3.3264160e+01
   2.8456880e+06   3.2531738e+01
   2.8503640e+06   3.1677246e+01
   2.8505270e+06   3.3386230e+01
   2.8577270e+06   3.3569336e+01
   2.8769720e+06   3.2165527e+01
   2.8779150e+06   3.5522461e+01
   2.8839920e+06   3.2897949e+01
   2.8845220e+06   3.3264160e+01
   2.8932340e+06   3.1494141e+01
   2.8963540e+06   3.4301758e+01
   2.8982260e+06   4.1503906e+01
   2.8982900e+06   4.6569824e+01
   2.9068440e+06   3.6071777e+01
   2.9125750e+06   3.3142090e+01
   2.9142950e+06   3.3508301e+01
   2.9192300e+06   3.3142090e+01
   2.9202250e+06   3.2653809e+01
   2.9274500e+06   3.6437988e+01
   2.9320510e+06   3.2226563e+01
   2.9428810e+06   3.1555176e+01
   2.9442290e+06   3.1738281e+01
   2.9494890e+06   3.3691406e+01
   2.9554150e+06   3.2409668e+01
   2.9635980e+06   3.7658691e+01
   2.9647930e+06   3.1555176e+01
   2.9736970e+06   3.2836914e+01
   2.9805210e+06   3.1982422e+01
   2.9818190e+06   3.2409668e+01
   2.9818970e+06   3.3142090e+01
   2.9898940e+06   3.9672852e+01
   2.9957200e+06   3.1799316e+01
   2.9966360e+06   3.2470703e+01
