   2.9990000e+06   0.0000000e+00
   1.0420000e+03   3.9999390e+03
   1.0550000e+03   4.0100098e+01
   1.1380000e+03   2.1331787e+02
   1.1770000e+03   3.8940430e+01
   5.1056000e+04   3.9999390e+03
   5.1066000e+04   5.6945801e+01
   5.1094000e+04   3.7170410e+01
   5.1107000e+04   4.4250488e+01
   5.1142000e+04   1.7657471e+02
   5.1202000e+04   1.9104004e+02
   5.1226000e+04   3.6743164e+01
   5.1262000e+04   4.0527344e+01
   9.3081000e+04   2.5024414e+02
   9.3130000e+04   1.8029785e+02
   9.3187000e+04   4.1137695e+01
   9.3214000e+04   1.8682861e+02
   9.3225000e+04   4.4677734e+01
   9.3256000e+04   3.9245605e+01
   9.3270000e+04   1.3140869e+02
   9.3280000e+04   4.5104980e+01
   9.3345000e+04   4.3029785e+01
   9.3362000e+04   1.1596680e+02
   9.3446000e+04   3.7048340e+01
   9.3545000e+04   1.6186523e+02
   1.0106800e+05   2.0116577e+03
   1.0108000e+05   5.3039551e+01
   1.5108200e+05   2.0112915e+03
   1.5109300e+05   6.6101074e+01
   1.5116900e+05   2.4487305e+02
   1.5123500e+05   3.7841797e+01
   1.7339000e+05   2.1185303e+02
   1.7341400e+05   4.2053223e+01
   1.7344600e+05   1.8988037e+02
   1.7349100e+05   3.6193848e+01
   1.7353200e+05   1.9891357e+02
   1.7354200e+05   5.5053711e+01
   1.7361500e+05   3.8269043e+01
   1.7368000e+05   2.0361328e+02
   1.7413200e+05   4.1076660e+01
   2.0109800e+05   3.9999390e+03
   2.0113200e+05   4.2480469e+01
   2.0123500e+05   1.9714355e+02
   2.3729900e+05   2.6806641e+02
   2.3731600e+05   4.5288086e+01
   2.3735100e+05   1.8548584e+02
   2.3737300e+05   3.6132813e+01
   2.3742900e+05   2.0208740e+02
   2.3745000e+05   3.9428711e+01
   2.3752700e+05   5.0720215e+01
   2.3775300e+05   1.9531250e+02
   2.5111000e+05   2.0075684e+03
   2.5112200e+05   5.8349609e+01
   3.0112400e+05   2.0133667e+03
   3.0114600e+05   4.2175293e+01
   3.0124100e+05   2.5573730e+02
   3.0127900e+05   3.9550781e+01
   3.2684800e+05   3.8757324e+01
   3.2686500e+05   2.7014160e+02
   3.2700000e+05   3.6499023e+01
   3.5113800e+05   2.0078125e+03
   3.5116600e+05   3.8635254e+01
   3.5125500e+05   1.9268799e+02
   3.5128300e+05   3.8330078e+01
   3.6934800e+05   3.6743164e+01
   3.8523200e+05   2.7777100e+02
   3.8525800e+05   4.6203613e+01
   3.8528900e+05   1.9293213e+02
   3.8533200e+05   5.1208496e+01
   3.8535200e+05   3.7536621e+01
   3.8544500e+05   1.8371582e+02
   3.8545600e+05   4.1381836e+01
   3.8556900e+05   2.2674561e+02
   3.8558000e+05   3.7719727e+01
   4.0115400e+05   3.9999390e+03
   4.0116500e+05   5.3588867e+01
   4.0119300e+05   4.1503906e+01
   4.5116600e+05   2.0094604e+03
   4.5119400e+05   4.1259766e+01
   4.5129100e+05   2.4389648e+02
   4.5131000e+05   3.8146973e+01
   5.0118000e+05   2.0086670e+03
   5.0120800e+05   5.4016113e+01
   5.3747900e+05   3.8391113e+01
   5.4383200e+05   2.5122070e+02
   5.4385400e+05   3.6560059e+01
   5.4388600e+05   1.5832520e+02
   5.4394800e+05   3.8757324e+01
   5.4396600e+05   3.7292480e+01
   5.4398100e+05   2.0294189e+02
   5.4408100e+05   3.6987305e+01
   5.4410800e+05   1.3775635e+02
   5.4413300e+05   3.8818359e+01
   5.4416800e+05   5.0842285e+01
   5.4419400e+05   1.2231445e+02
   5.4420700e+05   3.8146973e+01
   5.4427500e+05   3.6376953e+01
   5.4428500e+05   8.0078125e+01
   5.4434400e+05   3.7292480e+01
   5.4438100e+05   1.6802979e+02
   5.4439200e+05   5.9387207e+01
   5.4445200e+05   3.7780762e+01
   5.4446300e+05   4.1137695e+01
   5.4448700e+05   7.8186035e+01
   5.4450100e+05   3.8818359e+01
   5.4457700e+05   5.6152344e+01
   5.4463700e+05   3.8146973e+01
   5.4467000e+05   3.8513184e+01
   5.4468000e+05   8.0566406e+01
   5.4477000e+05   6.7199707e+01
   5.4478300e+05   4.8400879e+01
   5.4495200e+05   1.2854004e+02
   5.4496200e+05   5.7373047e+01
   5.4519100e+05   1.4215088e+02
   5.5119400e+05   2.0104370e+03
   5.5120600e+05   5.4748535e+01
   6.0120800e+05   2.0072632e+03
   6.0121900e+05   6.3171387e+01
   6.0124700e+05   4.1870117e+01
   6.0128500e+05   2.1630859e+02
   6.0135000e+05   2.0233154e+02
   6.0139000e+05   4.3457031e+01
   6.3500100e+05   2.1911621e+02
   6.3502700e+05   3.8574219e+01
   6.3505600e+05   2.0715332e+02
   6.3512100e+05   1.9329834e+02
   6.3513200e+05   4.8217773e+01
   6.3516300e+05   3.7841797e+01
   6.3519600e+05   1.9561768e+02
   6.3522000e+05   3.9489746e+01
   6.3524300e+05   4.0771484e+01
   6.3529800e+05   1.4691162e+02
   6.3531000e+05   5.9143066e+01
   6.3540500e+05   1.0766602e+02
   6.3558700e+05   1.3720703e+02
   6.3559700e+05   3.6560059e+01
   6.5122200e+05   2.0124512e+03
   6.5123400e+05   5.8959961e+01
   7.0123600e+05   2.0118408e+03
   7.0124900e+05   5.7861328e+01
   7.0130000e+05   3.8452148e+01
   7.0131900e+05   3.7597656e+01
   7.0134700e+05   2.5079346e+02
   7.0137400e+05   3.7719727e+01
   7.0140600e+05   3.9733887e+01
   7.0197100e+05   4.1503906e+01
   7.5125200e+05   3.9999390e+03
   7.5126300e+05   6.1340332e+01
   7.5132100e+05   3.8635254e+01
   7.5141400e+05   5.2673340e+01
   7.9957100e+05   3.7902832e+01
   7.9958500e+05   2.3297119e+02
   7.9964600e+05   2.0001221e+02
   7.9966500e+05   4.6508789e+01
   7.9973600e+05   1.6400146e+02
   7.9978400e+05   3.9001465e+01
   7.9984000e+05   1.9195557e+02
   7.9987100e+05   3.6926270e+01
   7.9993900e+05   6.4758301e+01
   7.9995400e+05   3.8085938e+01
   8.0003100e+05   1.1083984e+02
   8.0004500e+05   4.8095703e+01
   8.0011700e+05   8.5510254e+01
   8.0012900e+05   5.2429199e+01
   8.0018500e+05   3.7719727e+01
   8.0024500e+05   8.4350586e+01
   8.0025700e+05   5.4138184e+01
   8.0039500e+05   7.8796387e+01
   8.0052300e+05   7.9528809e+01
   8.0053300e+05   5.3955078e+01
   8.0057300e+05   3.6865234e+01
   8.0072400e+05   1.2567139e+02
   8.0126400e+05   2.0059814e+03
   8.0127800e+05   4.2724609e+01
   8.5127800e+05   2.0068359e+03
   8.5129000e+05   5.2551270e+01
   8.5131600e+05   4.1076660e+01
   8.5135400e+05   2.0819092e+02
   8.5147800e+05   2.0971680e+02
   9.0129400e+05   3.9999390e+03
   9.0130400e+05   6.7626953e+01
   9.0140400e+05   2.3565674e+02
   9.0150000e+05   1.8121338e+02
   9.0208100e+05   3.9916992e+01
   9.5130800e+05   3.9999390e+03
   9.5132800e+05   5.2856445e+01
   9.5135700e+05   3.7292480e+01
   9.5140200e+05   2.4151611e+02
   9.5144700e+05   3.6315918e+01
   9.5182200e+05   4.2419434e+01
   1.0013200e+06   2.0100708e+03
   1.0013310e+06   5.3466797e+01
   1.0014370e+06   2.4249268e+02
   1.0513360e+06   3.9999390e+03
   1.0513460e+06   6.4086914e+01
   1.0513720e+06   4.6630859e+01
   1.0514470e+06   2.2930908e+02
   1.0514590e+06   4.5532227e+01
   1.1013480e+06   2.0076294e+03
   1.1013840e+06   4.9377441e+01
   1.1513620e+06   2.0090332e+03
   1.1513740e+06   6.4392090e+01
   1.1514000e+06   4.5227051e+01
   1.1514410e+06   3.6315918e+01
   1.1514790e+06   2.7722168e+02
   1.1515340e+06   3.6499023e+01
   1.2013780e+06   3.9999390e+03
   1.2013900e+06   4.7790527e+01
   1.2014140e+06   4.2785645e+01
   1.2014450e+06   3.6743164e+01
   1.2014720e+06   2.1655273e+02
   1.2343530e+06   2.4707031e+02
   1.2343730e+06   3.6987305e+01
   1.2344000e+06   4.7729492e+01
   1.2344120e+06   1.6662598e+02
   1.2344240e+06   4.7058105e+01
   1.2344590e+06   3.6682129e+01
   1.2344780e+06   4.7607422e+01
   1.2345100e+06   1.5191650e+02
   1.2345820e+06   3.6987305e+01
   1.2346020e+06   1.5142822e+02
   1.2346130e+06   4.4494629e+01
   1.2346450e+06   4.0893555e+01
   1.2346990e+06   1.1309814e+02
   1.2347110e+06   5.0964355e+01
   1.2347540e+06   3.9489746e+01
   1.2347700e+06   1.4508057e+02
   1.2347940e+06   3.9428711e+01
   1.2348370e+06   3.6560059e+01
   1.2348660e+06   1.4672852e+02
   1.2348770e+06   5.1879883e+01
   1.2349490e+06   5.0292969e+01
   1.2349600e+06   7.1533203e+01
   1.2350060e+06   3.6987305e+01
   1.2350380e+06   4.3579102e+01
   1.2350490e+06   6.1462402e+01
   1.2351430e+06   4.8156738e+01
   1.2352290e+06   4.3579102e+01
   1.2352630e+06   4.1687012e+01
   1.2353290e+06   3.6315918e+01
   1.2353710e+06   5.8044434e+01
   1.2353870e+06   4.6142578e+01
   1.2354940e+06   9.2651367e+01
   1.2355060e+06   4.8217773e+01
   1.2356830e+06   8.4960938e+01
   1.2356930e+06   5.0415039e+01
   1.2359280e+06   1.0491943e+02
   1.2513900e+06   2.0115967e+03
   1.2514990e+06   2.2076416e+02
   1.3014060e+06   3.9999390e+03
   1.3014170e+06   5.8471680e+01
   1.3014420e+06   3.6682129e+01
   1.3014910e+06   2.5634766e+02
   1.3514180e+06   2.0094604e+03
   1.3514400e+06   5.4931641e+01
   1.3515050e+06   2.2991943e+02
   1.3515740e+06   1.9781494e+02
   1.3516980e+06   3.7231445e+01
   1.3517410e+06   3.8024902e+01
   1.3521590e+06   2.1936035e+02
   1.3989580e+06   3.6682129e+01
   1.4014320e+06   2.0117798e+03
   1.4014540e+06   4.1503906e+01
   1.4015390e+06   2.5097656e+02
   1.4020900e+06   3.6804199e+01
   1.4514460e+06   2.0065308e+03
   1.4514680e+06   5.0781250e+01
   1.4515090e+06   4.0100098e+01
   1.4515720e+06   1.8707275e+02
   1.4515950e+06   4.1198730e+01
   1.4518210e+06   3.7292480e+01
   1.4519660e+06   4.6020508e+01
   1.4888420e+06   4.0283203e+01
   1.5014620e+06   3.9999390e+03
   1.5014720e+06   5.8898926e+01
   1.5014990e+06   3.7353516e+01
   1.5015230e+06   3.8757324e+01
   1.5015660e+06   2.7026367e+02
   1.5016270e+06   3.8696289e+01
   1.5514740e+06   2.0100708e+03
   1.5514850e+06   6.4453125e+01
   1.5515860e+06   2.3657227e+02
   1.5516090e+06   4.7180176e+01
   1.5516270e+06   3.8940430e+01
   1.6014880e+06   2.0070801e+03
   1.6015020e+06   5.2734375e+01
   1.6016390e+06   2.3468018e+02
   1.6016490e+06   4.3945313e+01
   1.6515020e+06   2.0108032e+03
   1.6515140e+06   6.3049316e+01
   1.6516320e+06   2.2491455e+02
   1.6516550e+06   3.6254883e+01
   1.7015160e+06   2.0081177e+03
   1.7015260e+06   6.9580078e+01
   1.7015510e+06   3.6682129e+01
   1.7015880e+06   3.8879395e+01
   1.7515300e+06   2.0110474e+03
   1.7515420e+06   6.0974121e+01
   1.7516430e+06   2.7581787e+02
   1.8015460e+06   3.9999390e+03
   1.8015580e+06   4.4006348e+01
   1.8015830e+06   4.2480469e+01
   1.8016490e+06   3.7658691e+01
   1.8016810e+06   2.0794678e+02
   1.8515600e+06   3.9999390e+03
   1.8515810e+06   5.3283691e+01
   1.8516310e+06   3.6315918e+01
   1.8516530e+06   2.7252197e+02
   1.9015720e+06   2.0071411e+03
   1.9016090e+06   4.2114258e+01
   1.9016670e+06   2.4908447e+02
   1.9344400e+06   3.7597656e+01
   1.9515860e+06   2.0067139e+03
   1.9515980e+06   5.8837891e+01
   1.9516240e+06   4.6447754e+01
   1.9517280e+06   2.5421143e+02
   2.0016000e+06   2.0064697e+03
   2.0016380e+06   4.6264648e+01
   2.0016830e+06   3.9184570e+01
   2.0017300e+06   2.8491211e+02
   2.0017490e+06   3.7902832e+01
   2.0018640e+06   4.2724609e+01
   2.0258620e+06   2.6477051e+02
   2.0259160e+06   1.4343262e+02
   2.0259470e+06   3.7841797e+01
   2.0259620e+06   3.6315918e+01
   2.0259850e+06   1.3751221e+02
   2.0260770e+06   1.4648438e+02
   2.0260930e+06   4.2785645e+01
   2.0261590e+06   3.8208008e+01
   2.0261750e+06   1.1621094e+02
   2.0262470e+06   3.6254883e+01
   2.0262630e+06   9.7717285e+01
   2.0262760e+06   5.7067871e+01
   2.0263580e+06   6.8664551e+01
   2.0263690e+06   7.2875977e+01
   2.0264380e+06   5.7189941e+01
   2.0264510e+06   6.1706543e+01
   2.0265400e+06   9.8266602e+01
   2.0266270e+06   5.3405762e+01
   2.0267260e+06   7.6293945e+01
   2.0268640e+06   7.0678711e+01
   2.0268740e+06   6.1035156e+01
   2.0269960e+06   6.3293457e+01
   2.0271980e+06   1.0278320e+02
   2.0272260e+06   4.2419434e+01
   2.0274360e+06   1.0797119e+02
   2.0516140e+06   2.0119019e+03
   2.0516260e+06   5.5603027e+01
   2.1016300e+06   3.9999390e+03
   2.1016550e+06   4.2175293e+01
   2.1017300e+06   2.3150635e+02
   2.1018080e+06   1.8359375e+02
   2.1385180e+06   2.5543213e+02
   2.1385560e+06   5.0231934e+01
   2.1385880e+06   2.1838379e+02
   2.1386490e+06   1.2420654e+02
   2.1386760e+06   5.1696777e+01
   2.1387220e+06   1.0382080e+02
   2.1387350e+06   4.7546387e+01
   2.1387930e+06   8.7707520e+01
   2.1388630e+06   8.1359863e+01
   2.1388950e+06   3.7658691e+01
   2.1389110e+06   4.0405273e+01
   2.1389300e+06   5.4992676e+01
   2.1390060e+06   4.4677734e+01
   2.1391100e+06   4.9438477e+01
   2.1393320e+06   3.6315918e+01
   2.1395210e+06   4.6508789e+01
   2.1396130e+06   3.7536621e+01
   2.1397890e+06   7.5256348e+01
   2.1516420e+06   2.0067139e+03
   2.1517170e+06   4.2419434e+01
   2.1517550e+06   1.7089844e+02
   2.2016560e+06   2.0072632e+03
   2.2016690e+06   5.4382324e+01
   2.2016920e+06   3.8696289e+01
   2.2017450e+06   2.1136475e+02
   2.2017720e+06   3.6315918e+01
   2.2018020e+06   1.7773438e+02
   2.2018430e+06   3.7048340e+01
   2.2018810e+06   7.8552246e+01
   2.2019490e+06   6.7626953e+01
   2.2020120e+06   7.2875977e+01
   2.2020230e+06   4.9987793e+01
   2.2020580e+06   4.0283203e+01
   2.2020750e+06   3.8085938e+01
   2.2020910e+06   4.5288086e+01
   2.2021100e+06   4.5043945e+01
   2.2021370e+06   3.7475586e+01
   2.2023150e+06   3.6376953e+01
   2.2023660e+06   3.6743164e+01
   2.2023990e+06   3.6804199e+01
   2.2024190e+06   3.6193848e+01
   2.2025780e+06   3.7963867e+01
   2.2030630e+06   4.4555664e+01
   2.2030940e+06   4.1015625e+01
   2.2032100e+06   6.3720703e+01
   2.2033320e+06   5.0354004e+01
   2.2034920e+06   5.9020996e+01
   2.2037000e+06   1.0400391e+02
   2.2209360e+06   3.8146973e+01
   2.2516700e+06   2.0085449e+03
   2.2516850e+06   3.9001465e+01
   2.2517550e+06   2.5024414e+02
   2.2518180e+06   2.1118164e+02
   2.2519500e+06   1.8017578e+02
   2.2661390e+06   1.7950439e+02
   2.2662270e+06   2.0275879e+02
   2.2759190e+06   3.7292480e+01
   2.2799380e+06   1.9458008e+02
   2.2800150e+06   1.8731689e+02
   2.2800260e+06   3.6743164e+01
   2.2800990e+06   1.3806152e+02
   2.2801110e+06   3.6437988e+01
   2.2801430e+06   3.9428711e+01
   2.2801750e+06   1.2463379e+02
   2.2802640e+06   1.1584473e+02
   2.2803830e+06   1.0723877e+02
   2.3016860e+06   3.9999390e+03
   2.3016990e+06   4.8767090e+01
   2.3017800e+06   1.8426514e+02
   2.3018040e+06   4.4494629e+01
   2.3019020e+06   1.9378662e+02
   2.3190750e+06   2.2375488e+02
   2.3190850e+06   5.4870605e+01
   2.3191510e+06   2.0452881e+02
   2.3192240e+06   1.3745117e+02
   2.3193670e+06   1.6198730e+02
   2.3516980e+06   2.0125122e+03
   2.3517370e+06   4.0954590e+01
   2.3517940e+06   2.4035645e+02
   2.3518370e+06   3.9794922e+01
   2.3519460e+06   4.0832520e+01
   2.3520970e+06   1.7431641e+02
   2.3522060e+06   1.5087891e+02
   2.3523250e+06   3.6437988e+01
   2.3523400e+06   1.7462158e+02
   2.3524660e+06   1.3793945e+02
   2.3526580e+06   1.3739014e+02
   2.3526680e+06   4.3884277e+01
   2.3528960e+06   3.6193848e+01
   2.4017120e+06   2.0093994e+03
   2.4017240e+06   6.3598633e+01
   2.4018040e+06   2.4560547e+02
   2.4018620e+06   4.2846680e+01
   2.4019930e+06   1.9274902e+02
   2.4021150e+06   4.3090820e+01
   2.4517260e+06   2.0131836e+03
   2.4517380e+06   5.6213379e+01
   2.4517540e+06   3.6987305e+01
   2.4518320e+06   2.3046875e+02
   2.4526610e+06   3.6926270e+01
   2.4526810e+06   3.7658691e+01
   2.6422240e+06   3.7048340e+01
   2.6422450e+06   4.0954590e+01
   2.6422900e+06   2.4853516e+02
   2.7261150e+06   3.6132813e+01
   2.7844020e+06   3.6376953e+01
   2.8488750e+06   3.9306641e+01
   2.8488890e+06   5.3833008e+01
   2.8489340e+06   4.2175293e+01
   2.8489580e+06   2.3895264e+02
   2.8490420e+06   1.4819336e+02
   2.8490680e+06   4.6325684e+01
   2.8491050e+06   1.0864258e+02
   2.8491150e+06   5.5175781e+01
   2.8491640e+06   8.3801270e+01
   2.8491770e+06   4.0893555e+01
   2.8492290e+06   5.7434082e+01
   2.8492420e+06   6.1157227e+01
   2.8493130e+06   4.5410156e+01
   2.8493280e+06   4.1320801e+01
   2.8493530e+06   3.9306641e+01
   2.8493890e+06   4.4799805e+01
   2.8494150e+06   4.0100098e+01
   2.8494260e+06   3.9001465e+01
   2.8495230e+06   4.2846680e+01
   2.8495570e+06   3.7048340e+01
   2.8495800e+06   3.7414551e+01
   2.8496870e+06   4.1015625e+01
   2.8497030e+06   3.9367676e+01
   2.8498150e+06   3.6132813e+01
   2.8498320e+06   4.3334961e+01
   2.8499270e+06   5.1513672e+01
   2.8499460e+06   3.7292480e+01
   2.8500360e+06   5.9875488e+01
   2.8500470e+06   5.0048828e+01
   2.8501640e+06   9.8327637e+01
   2.8501750e+06   4.3457031e+01
   2.8502780e+06   4.7973633e+01
   2.8502880e+06   4.7363281e+01
   2.8504980e+06   7.9223633e+01
   2.8505090e+06   3.7231445e+01
   2.8507490e+06   9.1491699e+01
   2.9418970e+06   2.0977783e+02
   2.9419750e+06   1.9213867e+02
   2.9420390e+06   1.6040039e+02
   2.9421270e+06   4.0954590e+01
   2.9421610e+06   1.7120361e+02
   2.9422930e+06   1.8225098e+02
   2.9680710e+06   2.0745850e+02
   2.9680820e+06   3.6621094e+01
   2.9681050e+06   4.2602539e+01
   2.9681310e+06   1.4068604e+02
   2.9681660e+06   3.7597656e+01
   2.9681920e+06   1.2341309e+02
   2.9682330e+06   4.0405273e+01
   2.9682610e+06   1.0858154e+02
   2.9683270e+06   3.7170410e+01
   2.9683450e+06   9.7229004e+01
   2.9683550e+06   5.3955078e+01
   2.9683840e+06   4.2419434e+01
   2.9684150e+06   6.2866211e+01
   2.9684740e+06   3.9611816e+01
   2.9684920e+06   3.8208008e+01
   2.9685240e+06   1.2719727e+02
   2.9686290e+06   1.3317871e+02
   2.9686420e+06   4.1198730e+01
   2.9688520e+06   3.8452148e+01
