   2.9990000e+06   0.0000000e+00
   1.0400000e+03   2.0085449e+03
   1.0580000e+03   1.2109375e+02
   1.0840000e+03   6.6284180e+01
   1.1020000e+03   3.2775879e+01
   1.1130000e+03   3.5644531e+01
   1.1910000e+03   3.3752441e+01
   1.2070000e+03   3.4606934e+01
   1.2570000e+03   3.1555176e+01
   5.1056000e+04   3.9999390e+03
   5.1072000e+04   1.0974121e+02
   5.1100000e+04   4.4921875e+01
   5.1111000e+04   3.8208008e+01
   5.1138000e+04   4.5593262e+01
   5.1163000e+04   3.5217285e+01
   5.1179000e+04   3.3996582e+01
   5.1220000e+04   3.1982422e+01
   5.1238000e+04   4.3212891e+01
   5.1269000e+04   3.3874512e+01
   5.1312000e+04   3.4118652e+01
   6.9533000e+04   3.3386230e+01
   9.3030000e+04   3.6987305e+01
   9.3043000e+04   5.0292969e+01
   9.3062000e+04   4.0771484e+01
   9.3094000e+04   3.8574219e+01
   9.3121000e+04   4.6508789e+01
   9.3154000e+04   5.8166504e+01
   9.3165000e+04   3.2958984e+01
   9.3218000e+04   4.9011230e+01
   9.3231000e+04   4.3090820e+01
   9.3245000e+04   3.4240723e+01
   9.3269000e+04   4.3151855e+01
   9.3296000e+04   3.1311035e+01
   9.3310000e+04   4.1687012e+01
   9.3352000e+04   3.7536621e+01
   9.3387000e+04   4.6875000e+01
   9.3413000e+04   3.3447266e+01
   9.3437000e+04   3.4301758e+01
   9.3498000e+04   3.6437988e+01
   9.3519000e+04   3.5888672e+01
   9.3789000e+04   3.2104492e+01
   1.0107000e+05   3.9999390e+03
   1.0108600e+05   8.5021973e+01
   1.0111200e+05   4.8522949e+01
   1.0121800e+05   3.3996582e+01
   1.5108200e+05   2.0072632e+03
   1.5110000e+05   1.4770508e+02
   1.5112600e+05   6.0180664e+01
   1.5113800e+05   4.1015625e+01
   1.5119000e+05   3.2592773e+01
   1.5120500e+05   3.5583496e+01
   1.5121600e+05   3.3813477e+01
   1.6149800e+05   3.1677246e+01
   1.7334300e+05   3.7597656e+01
   1.7336900e+05   3.7841797e+01
   1.7338900e+05   3.6804199e+01
   1.7342300e+05   4.4921875e+01
   1.7343800e+05   3.7658691e+01
   1.7344800e+05   5.4870605e+01
   1.7346400e+05   3.6743164e+01
   1.7349800e+05   4.2541504e+01
   1.7353200e+05   4.0039063e+01
   1.7355900e+05   5.5419922e+01
   1.7360600e+05   3.3752441e+01
   1.7365200e+05   4.9926758e+01
   1.7368100e+05   4.3273926e+01
   1.7371800e+05   3.2226563e+01
   1.7375000e+05   3.6560059e+01
   1.7380000e+05   3.3081055e+01
   1.7386400e+05   3.6315918e+01
   1.7388500e+05   4.8278809e+01
   1.7412800e+05   3.1860352e+01
   1.7441300e+05   3.6315918e+01
   2.0109800e+05   3.9999390e+03
   2.0111300e+05   8.9965820e+01
   2.0114700e+05   5.0781250e+01
   2.0115800e+05   3.2897949e+01
   2.0119700e+05   3.6193848e+01
   2.0120700e+05   3.5583496e+01
   2.0125000e+05   3.7719727e+01
   2.3725100e+05   4.4494629e+01
   2.3727600e+05   4.6325684e+01
   2.3730200e+05   3.6804199e+01
   2.3733600e+05   5.1025391e+01
   2.3735900e+05   3.9733887e+01
   2.3740000e+05   3.5827637e+01
   2.3742200e+05   4.8767090e+01
   2.3745700e+05   4.1442871e+01
   2.3748300e+05   4.2907715e+01
   2.3752200e+05   3.2104492e+01
   2.3761200e+05   3.8330078e+01
   2.3767500e+05   4.3457031e+01
   2.3769400e+05   5.0476074e+01
   2.3772600e+05   3.2836914e+01
   2.3782300e+05   3.8879395e+01
   2.5111000e+05   2.0085449e+03
   2.5112800e+05   1.3488770e+02
   2.5115400e+05   3.8757324e+01
   2.5117200e+05   3.2348633e+01
   2.5124900e+05   3.1677246e+01
   2.5127400e+05   3.6315918e+01
   2.5130000e+05   3.4118652e+01
   3.0112400e+05   2.0099487e+03
   3.0114100e+05   1.5087891e+02
   3.0115200e+05   6.3232422e+01
   3.0117500e+05   4.0161133e+01
   3.0118800e+05   4.3701172e+01
   3.0121500e+05   4.5654297e+01
   3.0122800e+05   3.8574219e+01
   3.0124800e+05   3.4667969e+01
   3.0128100e+05   3.5949707e+01
   3.0132000e+05   3.7902832e+01
   3.0182500e+05   3.7292480e+01
   3.0184200e+05   3.3508301e+01
   3.0188100e+05   3.5278320e+01
   3.0201800e+05   3.2897949e+01
   3.2679500e+05   4.3579102e+01
   3.2681500e+05   5.5297852e+01
   3.2682600e+05   4.3945313e+01
   3.2684200e+05   3.3142090e+01
   3.2686800e+05   3.2531738e+01
   3.2691300e+05   3.1616211e+01
   3.2694700e+05   4.0100098e+01
   3.2698000e+05   3.4667969e+01
   3.2701100e+05   4.0405273e+01
   3.2702600e+05   3.1372070e+01
   3.2707900e+05   5.3222656e+01
   3.2709100e+05   3.6376953e+01
   3.2717500e+05   3.2226563e+01
   3.2719200e+05   3.8879395e+01
   3.2721400e+05   3.5888672e+01
   3.5113800e+05   2.0095215e+03
   3.5115600e+05   1.4752197e+02
   3.5118200e+05   5.3405762e+01
   3.5120000e+05   3.5339355e+01
   3.5124000e+05   3.8635254e+01
   3.5125800e+05   3.7963867e+01
   3.5128000e+05   3.2226563e+01
   3.8519200e+05   4.0954590e+01
   3.8520300e+05   5.2490234e+01
   3.8522900e+05   5.3161621e+01
   3.8524400e+05   4.0100098e+01
   3.8526200e+05   3.5095215e+01
   3.8527500e+05   5.0720215e+01
   3.8532300e+05   3.1494141e+01
   3.8534700e+05   3.7536621e+01
   3.8536300e+05   3.1738281e+01
   3.8538700e+05   3.1372070e+01
   3.8540500e+05   3.3447266e+01
   3.8542900e+05   3.9550781e+01
   3.8553400e+05   3.6560059e+01
   3.8555500e+05   4.2785645e+01
   3.8557800e+05   4.0771484e+01
   3.8559500e+05   3.6499023e+01
   3.8564400e+05   3.4240723e+01
   3.8567400e+05   4.0588379e+01
   3.8576900e+05   3.1311035e+01
   3.8581700e+05   3.4118652e+01
   3.8587600e+05   3.7658691e+01
   3.8627600e+05   3.5095215e+01
   4.0115400e+05   3.9999390e+03
   4.0117000e+05   1.0125732e+02
   4.0120300e+05   3.6743164e+01
   4.0125900e+05   3.9489746e+01
   4.0131200e+05   4.5837402e+01
   4.5116600e+05   2.0064087e+03
   4.5118300e+05   1.4343262e+02
   4.5119300e+05   4.6386719e+01
   4.5121800e+05   6.6711426e+01
   4.5129500e+05   3.5095215e+01
   4.5132400e+05   3.7536621e+01
   5.0118200e+05   3.9999390e+03
   5.0119700e+05   1.0247803e+02
   5.0122400e+05   4.2175293e+01
   5.0127300e+05   4.0039063e+01
   5.0129800e+05   3.9001465e+01
   5.0131700e+05   3.6376953e+01
   5.0134200e+05   3.6437988e+01
   5.0138100e+05   3.2592773e+01
   5.4378200e+05   3.4790039e+01
   5.4380600e+05   4.7729492e+01
   5.4383200e+05   4.9804688e+01
   5.4385000e+05   3.3264160e+01
   5.4387300e+05   4.1809082e+01
   5.4389400e+05   4.3884277e+01
   5.4391500e+05   4.6264648e+01
   5.4392900e+05   5.5419922e+01
   5.4395400e+05   3.2958984e+01
   5.4398400e+05   3.1433105e+01
   5.4399900e+05   3.6132813e+01
   5.4403100e+05   3.6804199e+01
   5.4404500e+05   3.2165527e+01
   5.4405700e+05   3.8574219e+01
   5.4407300e+05   4.7729492e+01
   5.4412400e+05   3.6743164e+01
   5.4414900e+05   5.1818848e+01
   5.4417700e+05   3.3447266e+01
   5.4420300e+05   3.8208008e+01
   5.4423200e+05   4.1076660e+01
   5.4425100e+05   3.8208008e+01
   5.4428700e+05   5.0170898e+01
   5.4434900e+05   3.6926270e+01
   5.4439200e+05   3.2470703e+01
   5.4444800e+05   3.1799316e+01
   5.4447600e+05   3.4057617e+01
   5.4450000e+05   3.1250000e+01
   5.4453800e+05   3.5339355e+01
   5.4461500e+05   3.2165527e+01
   5.4462800e+05   3.4973145e+01
   5.4478600e+05   3.1555176e+01
   5.4482700e+05   3.1555176e+01
   5.4493400e+05   3.2470703e+01
   5.4499700e+05   3.3142090e+01
   5.4501200e+05   3.1250000e+01
   5.4511100e+05   3.2714844e+01
   5.4513200e+05   4.8217773e+01
   5.4524100e+05   3.3081055e+01
   5.4536800e+05   3.1250000e+01
   5.4550400e+05   3.2348633e+01
   5.5119400e+05   2.0032349e+03
   5.5120500e+05   1.0467529e+02
   5.5123300e+05   5.3527832e+01
   5.5127100e+05   3.3447266e+01
   6.0120800e+05   2.0082397e+03
   6.0122500e+05   1.6632080e+02
   6.0123900e+05   5.4931641e+01
   6.0132200e+05   3.3813477e+01
   6.0134200e+05   3.1738281e+01
   6.3495500e+05   4.8095703e+01
   6.3500700e+05   3.7475586e+01
   6.3503300e+05   3.5766602e+01
   6.3504500e+05   4.6997070e+01
   6.3508000e+05   3.6010742e+01
   6.3509500e+05   3.9245605e+01
   6.3512400e+05   3.7719727e+01
   6.3519500e+05   3.1433105e+01
   6.3521000e+05   3.3813477e+01
   6.3522200e+05   4.6936035e+01
   6.3524200e+05   3.3142090e+01
   6.3527100e+05   5.1330566e+01
   6.3531200e+05   3.5400391e+01
   6.3532500e+05   3.3813477e+01
   6.3534700e+05   4.2663574e+01
   6.3543300e+05   3.3630371e+01
   6.3544800e+05   3.3569336e+01
   6.3554800e+05   3.1738281e+01
   6.3571600e+05   3.2714844e+01
   6.5122200e+05   2.0073242e+03
   6.5123900e+05   1.2377930e+02
   6.5126600e+05   4.7424316e+01
   6.5133100e+05   3.7048340e+01
   6.5138100e+05   3.1311035e+01
   6.5143200e+05   3.2287598e+01
   7.0123600e+05   2.0025635e+03
   7.0125300e+05   1.3690186e+02
   7.0128000e+05   5.0720215e+01
   7.0129000e+05   4.8645020e+01
   7.0132200e+05   3.9855957e+01
   7.0134100e+05   3.8818359e+01
   7.0138900e+05   3.1311035e+01
   7.0153700e+05   3.1250000e+01
   7.0191200e+05   3.3569336e+01
   7.0197600e+05   3.7048340e+01
   7.0200000e+05   3.8574219e+01
   7.5012000e+05   3.3630371e+01
   7.5125000e+05   2.0071411e+03
   7.5126700e+05   1.5917969e+02
   7.5128000e+05   4.8461914e+01
   7.5130200e+05   4.3579102e+01
   7.5133400e+05   3.5339355e+01
   7.5134700e+05   3.1555176e+01
   7.5138800e+05   3.2653809e+01
   7.5283400e+05   3.7841797e+01
   7.8342700e+05   3.7414551e+01
   7.9953100e+05   5.4626465e+01
   7.9957200e+05   3.8452148e+01
   7.9958300e+05   3.8879395e+01
   7.9963000e+05   5.1330566e+01
   7.9968700e+05   3.9123535e+01
   7.9971000e+05   3.8940430e+01
   7.9972400e+05   4.8706055e+01
   7.9973500e+05   3.9306641e+01
   7.9975400e+05   3.2104492e+01
   7.9977600e+05   3.6560059e+01
   7.9979200e+05   3.8085938e+01
   7.9983100e+05   4.4799805e+01
   7.9984200e+05   4.3090820e+01
   7.9989400e+05   3.1250000e+01
   7.9992200e+05   3.3081055e+01
   7.9995500e+05   3.3386230e+01
   7.9998600e+05   4.5471191e+01
   8.0001600e+05   3.4912109e+01
   8.0002600e+05   5.2551270e+01
   8.0010000e+05   3.4606934e+01
   8.0011300e+05   3.5644531e+01
   8.0016200e+05   3.4301758e+01
   8.0017500e+05   3.8208008e+01
   8.0025000e+05   3.2592773e+01
   8.0028700e+05   3.1860352e+01
   8.0031000e+05   3.3264160e+01
   8.0033900e+05   3.1250000e+01
   8.0035200e+05   4.9255371e+01
   8.0037900e+05   3.7658691e+01
   8.0042900e+05   3.5034180e+01
   8.0044700e+05   3.7353516e+01
   8.0045900e+05   3.3813477e+01
   8.0055700e+05   3.6865234e+01
   8.0078000e+05   3.6743164e+01
   8.0126600e+05   3.9999390e+03
   8.0127900e+05   6.7749023e+01
   8.2706800e+05   3.6315918e+01
   8.5127800e+05   2.0086670e+03
   8.5129500e+05   1.6687012e+02
   8.5132100e+05   4.4433594e+01
   8.5133400e+05   3.3325195e+01
   8.5136000e+05   3.3203125e+01
   8.5140700e+05   3.6254883e+01
   9.0129200e+05   2.0065918e+03
   9.0130900e+05   1.6400146e+02
   9.0133600e+05   4.2907715e+01
   9.0136500e+05   3.1860352e+01
   9.0143800e+05   4.0527344e+01
   9.0148700e+05   4.3395996e+01
   9.0180200e+05   3.2531738e+01
   9.0182600e+05   3.3447266e+01
   9.0187400e+05   3.3386230e+01
   9.4830200e+05   3.1433105e+01
   9.5130600e+05   2.0051880e+03
   9.5132300e+05   1.7224121e+02
   9.5133600e+05   5.3894043e+01
   9.5136000e+05   4.4738770e+01
   9.5138000e+05   3.8513184e+01
   9.5139800e+05   3.6376953e+01
   9.5142800e+05   3.6804199e+01
   9.5144300e+05   3.7353516e+01
   9.5146200e+05   4.1748047e+01
   9.5148900e+05   4.1992187e+01
   9.5182300e+05   3.7963867e+01
   9.5185800e+05   3.2043457e+01
   9.5193400e+05   3.8513184e+01
   9.5207600e+05   3.2958984e+01
   9.5209800e+05   3.1982422e+01
   9.5213700e+05   3.2104492e+01
   9.6579800e+05   3.1616211e+01
   1.0013200e+06   2.0065308e+03
   1.0013370e+06   1.7279053e+02
   1.0013500e+06   4.2968750e+01
   1.0013820e+06   3.7597656e+01
   1.0014530e+06   3.5583496e+01
   1.0020090e+06   3.1372070e+01
   1.0021420e+06   3.4545898e+01
   1.0196690e+06   3.5827637e+01
   1.0513360e+06   2.0079956e+03
   1.0513510e+06   1.1828613e+02
   1.0513840e+06   5.3894043e+01
   1.0514100e+06   4.1259766e+01
   1.0514420e+06   3.6804199e+01
   1.0988330e+06   3.3325195e+01
   1.1013480e+06   2.0055542e+03
   1.1013650e+06   1.5362549e+02
   1.1013920e+06   4.4555664e+01
   1.1014090e+06   3.3264160e+01
   1.1014310e+06   3.7231445e+01
   1.1014610e+06   3.2714844e+01
   1.1014880e+06   4.3334961e+01
   1.1015740e+06   3.2958984e+01
   1.1513620e+06   2.0067139e+03
   1.1513790e+06   1.6967773e+02
   1.1513900e+06   5.0537109e+01
   1.1514180e+06   3.2897949e+01
   1.1514350e+06   3.1799316e+01
   1.1514650e+06   4.1687012e+01
   1.1514900e+06   3.6804199e+01
   1.1515430e+06   4.0222168e+01
   1.1515670e+06   3.1555176e+01
   1.2013760e+06   2.0073242e+03
   1.2013930e+06   1.5820313e+02
   1.2014200e+06   4.5837402e+01
   1.2014490e+06   4.8034668e+01
   1.2014750e+06   3.3935547e+01
   1.2014910e+06   3.7597656e+01
   1.2016190e+06   4.1137695e+01
   1.2114080e+06   3.2165527e+01
   1.2227290e+06   3.3569336e+01
   1.2342950e+06   4.0588379e+01
   1.2343050e+06   4.8889160e+01
   1.2343560e+06   3.7475586e+01
   1.2343770e+06   5.6152344e+01
   1.2344000e+06   4.0161133e+01
   1.2344290e+06   4.1381836e+01
   1.2344450e+06   4.4372559e+01
   1.2344610e+06   5.8959961e+01
   1.2344800e+06   4.1320801e+01
   1.2345290e+06   3.5522461e+01
   1.2345530e+06   4.3090820e+01
   1.2345740e+06   3.3142090e+01
   1.2346100e+06   4.2541504e+01
   1.2346470e+06   3.6193848e+01
   1.2346760e+06   4.2175293e+01
   1.2347150e+06   3.6071777e+01
   1.2347480e+06   3.1799316e+01
   1.2347710e+06   3.5888672e+01
   1.2348280e+06   4.1992187e+01
   1.2348630e+06   4.1320801e+01
   1.2349100e+06   3.2531738e+01
   1.2349310e+06   3.1799316e+01
   1.2349940e+06   3.2409668e+01
   1.2350290e+06   3.6499023e+01
   1.2351020e+06   3.7780762e+01
   1.2351850e+06   4.1625977e+01
   1.2352160e+06   3.1677246e+01
   1.2352960e+06   3.2043457e+01
   1.2353160e+06   3.2104492e+01
   1.2353980e+06   3.8818359e+01
   1.2354380e+06   3.1677246e+01
   1.2355060e+06   3.1921387e+01
   1.2355210e+06   3.9489746e+01
   1.2356050e+06   3.5339355e+01
   1.2356440e+06   3.2104492e+01
   1.2357430e+06   3.2775879e+01
   1.2357660e+06   3.2104492e+01
   1.2361530e+06   3.1555176e+01
   1.2362830e+06   3.2409668e+01
   1.2513920e+06   3.9999390e+03
   1.2514080e+06   9.4848633e+01
   1.2514420e+06   5.1818848e+01
   1.2514570e+06   3.7475586e+01
   1.2514760e+06   3.9428711e+01
   1.2700350e+06   3.1738281e+01
   1.3014040e+06   2.0094604e+03
   1.3014210e+06   1.5264893e+02
   1.3014400e+06   4.2236328e+01
   1.3014550e+06   3.6071777e+01
   1.3014890e+06   3.1311035e+01
   1.3514180e+06   2.0062866e+03
   1.3514350e+06   1.5515137e+02
   1.3514560e+06   4.8156738e+01
   1.3514680e+06   5.4992676e+01
   1.3515000e+06   4.4555664e+01
   1.3515570e+06   3.5095215e+01
   1.3515940e+06   3.3752441e+01
   1.3516230e+06   3.9367676e+01
   1.3516430e+06   3.1738281e+01
   1.3516560e+06   3.3020020e+01
   1.3518200e+06   3.1372070e+01
   1.3519320e+06   4.3212891e+01
   1.3519820e+06   3.1921387e+01
   1.3520380e+06   3.7292480e+01
   1.3521690e+06   3.5156250e+01
   1.3522940e+06   4.1442871e+01
   1.3523140e+06   3.1799316e+01
   1.3523710e+06   3.4484863e+01
   1.4014320e+06   2.0115967e+03
   1.4014490e+06   1.6003418e+02
   1.4014760e+06   5.4443359e+01
   1.4015060e+06   3.3752441e+01
   1.4015380e+06   4.0100098e+01
   1.4016320e+06   3.5034180e+01
   1.4020780e+06   4.2480469e+01
   1.4020900e+06   3.9062500e+01
   1.4022860e+06   3.8696289e+01
   1.4162140e+06   3.4973145e+01
   1.4514480e+06   3.9999390e+03
   1.4514630e+06   1.1224365e+02
   1.4514870e+06   3.4484863e+01
   1.4515020e+06   3.6071777e+01
   1.4515210e+06   3.2714844e+01
   1.4515850e+06   4.4067383e+01
   1.4516040e+06   3.2409668e+01
   1.4516240e+06   3.4362793e+01
   1.4518830e+06   4.5043945e+01
   1.4519240e+06   3.3630371e+01
   1.4519790e+06   3.2897949e+01
   1.4520070e+06   3.2531738e+01
   1.4520600e+06   3.2531738e+01
   1.4520780e+06   3.6132813e+01
   1.4521090e+06   3.2226563e+01
   1.4521320e+06   3.6376953e+01
   1.4521660e+06   3.1677246e+01
   1.4523460e+06   3.7963867e+01
   1.4605980e+06   3.1250000e+01
   1.5014620e+06   3.9999390e+03
   1.5014770e+06   1.1315918e+02
   1.5014900e+06   5.9997559e+01
   1.5015120e+06   3.5888672e+01
   1.5015530e+06   3.2470703e+01
   1.5015870e+06   3.3691406e+01
   1.5016170e+06   3.2592773e+01
   1.5016840e+06   3.1433105e+01
   1.5017130e+06   3.8879395e+01
   1.5020910e+06   3.4545898e+01
   1.5023380e+06   3.2226563e+01
   1.5347290e+06   3.2165527e+01
   1.5514740e+06   2.0097046e+03
   1.5514910e+06   1.6180420e+02
   1.5515020e+06   5.3161621e+01
   1.5515600e+06   3.2409668e+01
   1.5515720e+06   4.0588379e+01
   1.5515910e+06   3.3569336e+01
   1.5516110e+06   3.4606934e+01
   1.5516670e+06   3.2104492e+01
   1.5516770e+06   4.1381836e+01
   1.5517010e+06   3.5034180e+01
   1.5519590e+06   3.1738281e+01
   1.5519760e+06   3.2348633e+01
   1.5521020e+06   3.2165527e+01
   1.5523350e+06   4.2846680e+01
   1.6014900e+06   2.0069580e+03
   1.6015050e+06   1.1993408e+02
   1.6015320e+06   3.1738281e+01
   1.6015690e+06   3.5278320e+01
   1.6015870e+06   3.2775879e+01
   1.6016780e+06   3.2653809e+01
   1.6017350e+06   4.4555664e+01
   1.6515020e+06   2.0092773e+03
   1.6515190e+06   1.6052246e+02
   1.6515300e+06   5.1757813e+01
   1.6515640e+06   3.3142090e+01
   1.6515940e+06   3.5400391e+01
   1.6516200e+06   3.4973145e+01
   1.6516940e+06   3.6682129e+01
   1.6517120e+06   3.2043457e+01
   1.6517390e+06   3.4729004e+01
   1.6641700e+06   3.1982422e+01
   1.6771120e+06   3.2714844e+01
   1.7006210e+06   3.5217285e+01
   1.7006390e+06   3.3264160e+01
   1.7006730e+06   3.5827637e+01
   1.7007130e+06   5.2429199e+01
   1.7007520e+06   3.3630371e+01
   1.7007830e+06   3.3081055e+01
   1.7015160e+06   2.0061646e+03
   1.7015330e+06   1.4959717e+02
   1.7015440e+06   4.2846680e+01
   1.7515300e+06   2.0093384e+03
   1.7515470e+06   1.7529297e+02
   1.7515760e+06   6.9702148e+01
   1.7516150e+06   3.3813477e+01
   1.7516340e+06   3.5522461e+01
   1.7516540e+06   3.9062500e+01
   1.7517760e+06   3.6621094e+01
   1.8015440e+06   2.0059814e+03
   1.8015610e+06   1.4501953e+02
   1.8015730e+06   4.8095703e+01
   1.8015940e+06   3.9550781e+01
   1.8016710e+06   4.3334961e+01
   1.8016810e+06   3.5339355e+01
   1.8017050e+06   3.1494141e+01
   1.8017350e+06   3.1433105e+01
   1.8017980e+06   3.3874512e+01
   1.8242900e+06   3.3447266e+01
   1.8515580e+06   2.0066528e+03
   1.8515750e+06   1.7248535e+02
   1.8515850e+06   5.4443359e+01
   1.8516080e+06   3.3752441e+01
   1.8516190e+06   3.5461426e+01
   1.8516380e+06   3.5827637e+01
   1.8516620e+06   5.0537109e+01
   1.8517090e+06   3.5217285e+01
   1.8518890e+06   3.2531738e+01
   1.9015740e+06   3.9999390e+03
   1.9015890e+06   1.2292480e+02
   1.9016160e+06   3.2409668e+01
   1.9016320e+06   4.3029785e+01
   1.9016530e+06   4.5043945e+01
   1.9016750e+06   3.3935547e+01
   1.9017040e+06   3.3630371e+01
   1.9017280e+06   3.1311035e+01
   1.9017980e+06   3.3691406e+01
   1.9018260e+06   3.1311035e+01
   1.9018470e+06   4.0283203e+01
   1.9018980e+06   3.4912109e+01
   1.9450320e+06   3.2958984e+01
   1.9515860e+06   2.0094604e+03
   1.9516030e+06   1.5173340e+02
   1.9516160e+06   4.9072266e+01
   1.9516370e+06   5.4443359e+01
   1.9516480e+06   3.7902832e+01
   1.9516760e+06   3.8146973e+01
   1.9517390e+06   3.4179688e+01
   1.9517860e+06   3.2775879e+01
   2.0015990e+06   1.0842896e+03
   2.0016170e+06   1.5734863e+02
   2.0016280e+06   5.3039551e+01
   2.0016600e+06   3.7414551e+01
   2.0016720e+06   3.4240723e+01
   2.0017000e+06   3.4118652e+01
   2.0017440e+06   3.1555176e+01
   2.0017680e+06   5.0109863e+01
   2.0017940e+06   3.6071777e+01
   2.0018630e+06   3.6987305e+01
   2.0021220e+06   3.1311035e+01
   2.0021990e+06   3.5888672e+01
   2.0023350e+06   3.3447266e+01
   2.0023680e+06   4.6325684e+01
   2.0257710e+06   3.2165527e+01
   2.0257860e+06   5.5969238e+01
   2.0258040e+06   4.8278809e+01
   2.0258560e+06   4.0832520e+01
   2.0258770e+06   4.1809082e+01
   2.0258990e+06   3.2531738e+01
   2.0259360e+06   4.9133301e+01
   2.0259670e+06   4.8522949e+01
   2.0260000e+06   3.5278320e+01
   2.0260180e+06   3.9733887e+01
   2.0260460e+06   4.4494629e+01
   2.0260640e+06   4.7912598e+01
   2.0260750e+06   3.5888672e+01
   2.0260910e+06   3.1250000e+01
   2.0261130e+06   3.1494141e+01
   2.0261260e+06   4.0405273e+01
   2.0261790e+06   3.3935547e+01
   2.0261930e+06   3.1494141e+01
   2.0262030e+06   3.3142090e+01
   2.0262210e+06   3.5766602e+01
   2.0262330e+06   3.1677246e+01
   2.0262740e+06   3.3386230e+01
   2.0262910e+06   3.4545898e+01
   2.0263310e+06   3.8879395e+01
   2.0263540e+06   3.1372070e+01
   2.0264070e+06   5.1208496e+01
   2.0264230e+06   3.9672852e+01
   2.0265400e+06   3.4240723e+01
   2.0265740e+06   3.8330078e+01
   2.0265930e+06   3.2043457e+01
   2.0266440e+06   3.6071777e+01
   2.0267140e+06   4.0527344e+01
   2.0268850e+06   3.2897949e+01
   2.0269090e+06   3.1738281e+01
   2.0270070e+06   3.4240723e+01
   2.0270450e+06   3.2470703e+01
   2.0274890e+06   4.4860840e+01
   2.0276270e+06   3.5400391e+01
   2.0286810e+06   3.6804199e+01
   2.0516140e+06   2.0081787e+03
   2.0516310e+06   1.4770508e+02
   2.0516590e+06   6.0791016e+01
   2.0516750e+06   3.5034180e+01
   2.0516950e+06   3.4729004e+01
   2.0589150e+06   3.6865234e+01
   2.1016300e+06   3.9999390e+03
   2.1016450e+06   1.1523438e+02
   2.1016720e+06   3.7658691e+01
   2.1017060e+06   3.5217285e+01
   2.1017950e+06   3.6193848e+01
   2.1018500e+06   3.5766602e+01
   2.1384000e+06   3.7353516e+01
   2.1384930e+06   3.2775879e+01
   2.1385340e+06   4.1992187e+01
   2.1385500e+06   3.8208008e+01
   2.1385970e+06   4.1076660e+01
   2.1386200e+06   4.1564941e+01
   2.1386480e+06   4.0710449e+01
   2.1386640e+06   3.4423828e+01
   2.1386910e+06   3.8452148e+01
   2.1387220e+06   5.2246094e+01
   2.1387320e+06   3.9428711e+01
   2.1387580e+06   3.9916992e+01
   2.1387750e+06   3.2165527e+01
   2.1388100e+06   3.6560059e+01
   2.1388290e+06   4.6752930e+01
   2.1388570e+06   4.7241211e+01
   2.1388860e+06   3.3752441e+01
   2.1388980e+06   4.3090820e+01
   2.1389200e+06   4.2785645e+01
   2.1389620e+06   3.1250000e+01
   2.1389870e+06   4.0893555e+01
   2.1390260e+06   3.9611816e+01
   2.1390700e+06   3.7353516e+01
   2.1391130e+06   4.2358398e+01
   2.1391520e+06   3.6010742e+01
   2.1391780e+06   3.1677246e+01
   2.1391960e+06   3.2104492e+01
   2.1392130e+06   3.3325195e+01
   2.1392290e+06   4.3090820e+01
   2.1394090e+06   3.7109375e+01
   2.1394380e+06   3.3020020e+01
   2.1395150e+06   3.2958984e+01
   2.1395590e+06   3.6010742e+01
   2.1396070e+06   3.5156250e+01
   2.1396220e+06   3.2348633e+01
   2.1399450e+06   3.7109375e+01
   2.1402590e+06   3.2104492e+01
   2.1516420e+06   2.0050659e+03
   2.1516600e+06   1.3513184e+02
   2.1516700e+06   4.2663574e+01
   2.1517160e+06   3.2653809e+01
   2.1517480e+06   3.2043457e+01
   2.1843640e+06   3.4606934e+01
   2.2016560e+06   2.0071411e+03
   2.2016730e+06   1.5203857e+02
   2.2016870e+06   5.3222656e+01
   2.2017170e+06   4.2114258e+01
   2.2017430e+06   4.1931152e+01
   2.2017720e+06   3.6376953e+01
   2.2018050e+06   4.0527344e+01
   2.2018430e+06   3.9855957e+01
   2.2019700e+06   3.3752441e+01
   2.2019940e+06   5.3222656e+01
   2.2020060e+06   3.2958984e+01
   2.2020280e+06   3.3630371e+01
   2.2020460e+06   3.6315918e+01
   2.2020700e+06   3.2958984e+01
   2.2020950e+06   4.6508789e+01
   2.2021300e+06   3.1372070e+01
   2.2021700e+06   3.2348633e+01
   2.2021870e+06   3.7597656e+01
   2.2021980e+06   3.3386230e+01
   2.2022350e+06   4.3029785e+01
   2.2022610e+06   3.6010742e+01
   2.2022900e+06   3.6926270e+01
   2.2023410e+06   3.2409668e+01
   2.2023720e+06   4.3090820e+01
   2.2024120e+06   3.5095215e+01
   2.2024270e+06   4.2053223e+01
   2.2024860e+06   3.3264160e+01
   2.2025210e+06   3.6071777e+01
   2.2026970e+06   4.1687012e+01
   2.2028960e+06   3.3142090e+01
   2.2030720e+06   3.5156250e+01
   2.2030840e+06   3.5949707e+01
   2.2032230e+06   4.3151855e+01
   2.2377520e+06   3.3264160e+01
   2.2379070e+06   3.2836914e+01
   2.2379840e+06   3.2165527e+01
   2.2380550e+06   3.4057617e+01
   2.2380660e+06   4.5715332e+01
   2.2381300e+06   3.5034180e+01
   2.2381700e+06   3.1982422e+01
   2.2516700e+06   2.0076904e+03
   2.2516880e+06   1.2982178e+02
   2.2517010e+06   5.5358887e+01
   2.2517600e+06   4.1259766e+01
   2.2517940e+06   3.4912109e+01
   2.2518480e+06   3.2531738e+01
   2.2660260e+06   4.7424316e+01
   2.2662080e+06   3.3386230e+01
   2.2664810e+06   5.5664063e+01
   2.2800050e+06   3.8269043e+01
   2.2800180e+06   4.8645020e+01
   2.2800440e+06   3.2287598e+01
   2.2800630e+06   4.2846680e+01
   2.2800930e+06   4.5166016e+01
   2.2801340e+06   3.1982422e+01
   2.2801520e+06   4.3823242e+01
   2.2802110e+06   4.0466309e+01
   2.2803100e+06   3.3081055e+01
   2.2803300e+06   3.3264160e+01
   2.2803480e+06   3.9794922e+01
   2.3016860e+06   3.9999390e+03
   2.3017010e+06   8.2397461e+01
   2.3017360e+06   4.8889160e+01
   2.3017540e+06   3.4545898e+01
   2.3017920e+06   3.6621094e+01
   2.3018230e+06   3.9184570e+01
   2.3018550e+06   3.1921387e+01
   2.3191080e+06   3.5095215e+01
   2.3191360e+06   4.4067383e+01
   2.3191600e+06   4.1381836e+01
   2.3191770e+06   3.7841797e+01
   2.3192650e+06   4.1687012e+01
   2.3193030e+06   3.3569336e+01
   2.3193130e+06   3.6010742e+01
   2.3193740e+06   3.1311035e+01
   2.3516980e+06   2.0102539e+03
   2.3517150e+06   1.4953613e+02
   2.3517250e+06   5.1574707e+01
   2.3517440e+06   3.2836914e+01
   2.3517700e+06   3.2958984e+01
   2.3517820e+06   4.8461914e+01
   2.3518180e+06   3.3752441e+01
   2.3518280e+06   4.9438477e+01
   2.3518710e+06   3.2531738e+01
   2.3519120e+06   3.1860352e+01
   2.3519510e+06   3.8146973e+01
   2.3519650e+06   3.7170410e+01
   2.3520690e+06   3.4240723e+01
   2.3521300e+06   3.9306641e+01
   2.3521590e+06   5.0048828e+01
   2.3522020e+06   3.3996582e+01
   2.3522800e+06   3.6437988e+01
   2.3522960e+06   3.4362793e+01
   2.3523060e+06   3.4851074e+01
   2.3523660e+06   3.6987305e+01
   2.3524070e+06   4.4921875e+01
   2.3524600e+06   3.6682129e+01
   2.3525840e+06   3.4667969e+01
   2.3526080e+06   4.0832520e+01
   2.3526970e+06   3.3081055e+01
   2.3527610e+06   3.3752441e+01
   2.4017140e+06   2.0102539e+03
   2.4017290e+06   1.0876465e+02
   2.4017560e+06   3.3264160e+01
   2.4017700e+06   3.4606934e+01
   2.4017900e+06   3.2348633e+01
   2.4018080e+06   3.1616211e+01
   2.4018390e+06   4.6813965e+01
   2.4018630e+06   3.8146973e+01
   2.4018950e+06   3.5644531e+01
   2.4019090e+06   3.7231445e+01
   2.4019550e+06   3.1311035e+01
   2.4019880e+06   3.1494141e+01
   2.4020720e+06   3.2592773e+01
   2.4020820e+06   3.5461426e+01
   2.4021070e+06   3.1494141e+01
   2.4021980e+06   3.2104492e+01
   2.4023430e+06   3.4606934e+01
   2.4517260e+06   2.0071411e+03
   2.4517430e+06   1.4813232e+02
   2.4517560e+06   6.1523438e+01
   2.4517850e+06   5.0659180e+01
   2.4518040e+06   4.2907715e+01
   2.4519180e+06   4.5715332e+01
   2.4519500e+06   3.1982422e+01
   2.4525460e+06   4.1381836e+01
   2.4525580e+06   3.2043457e+01
   2.4526760e+06   3.8757324e+01
   2.5059360e+06   3.2165527e+01
   2.5307780e+06   3.6315918e+01
   2.5486630e+06   3.3874512e+01
   2.6297800e+06   3.1555176e+01
   2.6389630e+06   3.2043457e+01
   2.6391950e+06   3.7597656e+01
   2.6392230e+06   3.7414551e+01
   2.6392770e+06   3.3447266e+01
   2.6393490e+06   3.6132813e+01
   2.6393890e+06   3.7841797e+01
   2.6394570e+06   3.3325195e+01
   2.6422010e+06   3.5522461e+01
   2.6422780e+06   4.0100098e+01
   2.6508230e+06   3.5827637e+01
   2.6915960e+06   3.8452148e+01
   2.7265740e+06   3.9367676e+01
   2.7579070e+06   3.1372070e+01
   2.7985740e+06   3.8940430e+01
   2.7986480e+06   3.8940430e+01
   2.7987570e+06   3.6315918e+01
   2.7988000e+06   3.2714844e+01
   2.7991340e+06   3.2958984e+01
   2.8143880e+06   3.2714844e+01
   2.8437340e+06   3.4973145e+01
   2.8488210e+06   3.8513184e+01
   2.8488590e+06   4.5104980e+01
   2.8489010e+06   4.1870117e+01
   2.8489280e+06   8.5327148e+01
   2.8489400e+06   3.3630371e+01
   2.8489520e+06   4.0771484e+01
   2.8489770e+06   4.6813965e+01
   2.8490330e+06   4.0161133e+01
   2.8490530e+06   3.9794922e+01
   2.8491000e+06   4.5715332e+01
   2.8491190e+06   3.9611816e+01
   2.8491580e+06   3.5095215e+01
   2.8491820e+06   3.4240723e+01
   2.8491950e+06   4.8461914e+01
   2.8492140e+06   3.5095215e+01
   2.8492360e+06   4.6813965e+01
   2.8492620e+06   5.2612305e+01
   2.8492720e+06   3.6254883e+01
   2.8492990e+06   4.1015625e+01
   2.8493230e+06   5.1757813e+01
   2.8493350e+06   3.6132813e+01
   2.8493670e+06   4.3334961e+01
   2.8493860e+06   3.8208008e+01
   2.8494000e+06   3.8574219e+01
   2.8494630e+06   3.2592773e+01
   2.8495010e+06   3.2836914e+01
   2.8495150e+06   3.9855957e+01
   2.8495670e+06   3.4912109e+01
   2.8496640e+06   3.2531738e+01
   2.8497280e+06   3.2775879e+01
   2.8497740e+06   3.4606934e+01
   2.8499100e+06   4.0283203e+01
   2.8499550e+06   3.5827637e+01
   2.8500350e+06   3.6071777e+01
   2.8501490e+06   3.4301758e+01
   2.8502870e+06   3.5217285e+01
   2.8504680e+06   3.1433105e+01
   2.8506780e+06   3.1799316e+01
   2.8508420e+06   3.4912109e+01
   2.8511810e+06   3.6743164e+01
   2.8716130e+06   3.1921387e+01
   2.9418720e+06   3.8940430e+01
   2.9418970e+06   3.9916992e+01
   2.9419500e+06   4.0893555e+01
   2.9419670e+06   4.0405273e+01
   2.9420180e+06   3.5461426e+01
   2.9421920e+06   3.1433105e+01
   2.9679870e+06   3.4484863e+01
   2.9680680e+06   3.7048340e+01
   2.9680830e+06   3.3508301e+01
   2.9681060e+06   3.1677246e+01
   2.9681400e+06   4.3701172e+01
   2.9681660e+06   4.1625977e+01
   2.9682030e+06   3.5217285e+01
   2.9682360e+06   3.9123535e+01
   2.9682550e+06   3.7109375e+01
   2.9682780e+06   3.1494141e+01
   2.9683110e+06   3.2958984e+01
   2.9683490e+06   3.3874512e+01
   2.9684050e+06   3.1555176e+01
   2.9684210e+06   3.3447266e+01
   2.9684390e+06   3.2287598e+01
   2.9684580e+06   3.4240723e+01
   2.9684870e+06   3.2653809e+01
   2.9685560e+06   3.4851074e+01
   2.9686070e+06   3.1372070e+01
   2.9687180e+06   3.6743164e+01
