   2.9990000e+06   0.0000000e+00
   1.0400000e+03   2.0058594e+03
   1.0610000e+03   3.2995605e+02
   1.0750000e+03   6.0974121e+01
   1.0980000e+03   7.1594238e+01
   1.1110000e+03   6.7993164e+01
   1.1480000e+03   5.9631348e+01
   1.1740000e+03   4.0832520e+01
   1.1890000e+03   4.9987793e+01
   1.2080000e+03   4.6936035e+01
   1.3600000e+03   3.6315918e+01
   1.4080000e+03   4.4982910e+01
   1.7040000e+03   5.8044434e+01
   2.0150000e+03   3.7719727e+01
   3.0920000e+03   3.6437988e+01
   7.0020000e+03   3.6499023e+01
   2.9397000e+04   3.8391113e+01
   4.3659000e+04   3.6315918e+01
   5.1056000e+04   3.9999390e+03
   5.1074000e+04   3.4918213e+02
   5.1089000e+04   4.9133301e+01
   5.1111000e+04   8.2092285e+01
   5.1124000e+04   7.7026367e+01
   5.1134000e+04   8.1604004e+01
   5.1168000e+04   5.6457520e+01
   5.1188000e+04   8.1604004e+01
   5.1222000e+04   6.3903809e+01
   5.1251000e+04   8.1298828e+01
   5.1262000e+04   7.3181152e+01
   5.1290000e+04   2.5311279e+02
   5.1307000e+04   5.7983398e+01
   5.1318000e+04   3.6071777e+01
   5.1360000e+04   4.4189453e+01
   5.1425000e+04   4.7241211e+01
   5.1440000e+04   5.6762695e+01
   5.1505000e+04   3.8879395e+01
   5.1646000e+04   3.9489746e+01
   5.1724000e+04   4.0832520e+01
   5.1799000e+04   3.9001465e+01
   5.1858000e+04   4.7546387e+01
   5.2652000e+04   3.7902832e+01
   7.7768000e+04   4.2907715e+01
   8.0286000e+04   3.7048340e+01
   9.0432000e+04   4.2175293e+01
   9.3020000e+04   4.0161133e+01
   9.3050000e+04   5.2551270e+01
   9.3060000e+04   1.4727783e+02
   9.3075000e+04   9.0637207e+01
   9.3090000e+04   7.4462891e+01
   9.3100000e+04   5.5541992e+01
   9.3112000e+04   8.2275391e+01
   9.3150000e+04   6.7749023e+01
   9.3181000e+04   7.6904297e+01
   9.3194000e+04   2.1948242e+02
   9.3225000e+04   1.0113525e+02
   9.3246000e+04   4.0710449e+01
   9.3267000e+04   4.8278809e+01
   9.3278000e+04   4.4372559e+01
   9.3299000e+04   5.4321289e+01
   9.3320000e+04   7.1960449e+01
   9.3335000e+04   6.7687988e+01
   9.3366000e+04   5.8044434e+01
   9.3383000e+04   5.5297852e+01
   9.3404000e+04   5.0720215e+01
   9.3425000e+04   7.2021484e+01
   9.3448000e+04   3.9916992e+01
   9.3480000e+04   4.1198730e+01
   9.3495000e+04   6.2683105e+01
   9.3505000e+04   5.8837891e+01
   9.3528000e+04   5.9875488e+01
   9.3541000e+04   3.8635254e+01
   9.3580000e+04   3.8391113e+01
   9.3591000e+04   3.8391113e+01
   9.3606000e+04   4.0832520e+01
   9.3627000e+04   4.8461914e+01
   9.3650000e+04   3.6437988e+01
   9.3667000e+04   4.8461914e+01
   9.3755000e+04   3.9184570e+01
   9.3796000e+04   3.8574219e+01
   1.0106800e+05   2.0079956e+03
   1.0109000e+05   3.2574463e+02
   1.0110300e+05   8.4411621e+01
   1.0113500e+05   6.9702148e+01
   1.0115500e+05   4.1992188e+01
   1.0116600e+05   5.1330566e+01
   1.0125100e+05   3.9184570e+01
   1.0179000e+05   4.7790527e+01
   1.2734300e+05   4.0466309e+01
   1.3077700e+05   3.8879395e+01
   1.4003400e+05   3.7841797e+01
   1.4623100e+05   3.6193848e+01
   1.5108400e+05   3.9999390e+03
   1.5110200e+05   3.1842041e+02
   1.5111200e+05   4.7302246e+01
   1.5113400e+05   6.6955566e+01
   1.5114900e+05   5.3649902e+01
   1.5117600e+05   6.3476563e+01
   1.5121700e+05   1.2225342e+02
   1.5124100e+05   5.2978516e+01
   1.5127300e+05   3.9184570e+01
   1.5128400e+05   6.5429688e+01
   1.5131600e+05   6.6894531e+01
   1.5149200e+05   4.7729492e+01
   1.5154400e+05   4.1809082e+01
   1.5166100e+05   3.7780762e+01
   1.5192000e+05   3.8391113e+01
   1.5221200e+05   3.6499023e+01
   1.5230700e+05   3.6071777e+01
   1.5258000e+05   3.6804199e+01
   1.6630500e+05   3.6621094e+01
   1.7332900e+05   3.9733887e+01
   1.7334900e+05   3.9672852e+01
   1.7337500e+05   2.6623535e+02
   1.7338700e+05   5.0598145e+01
   1.7339900e+05   6.1950684e+01
   1.7342400e+05   5.7373047e+01
   1.7344500e+05   6.0180664e+01
   1.7345800e+05   6.9763184e+01
   1.7347000e+05   1.0546875e+02
   1.7351200e+05   7.9589844e+01
   1.7353300e+05   6.4697266e+01
   1.7355700e+05   8.9416504e+01
   1.7357600e+05   5.9326172e+01
   1.7360500e+05   5.6640625e+01
   1.7363100e+05   2.2448730e+02
   1.7364600e+05   6.8786621e+01
   1.7366200e+05   7.9467773e+01
   1.7368300e+05   3.7597656e+01
   1.7370300e+05   4.4677734e+01
   1.7372100e+05   5.9509277e+01
   1.7374900e+05   5.4321289e+01
   1.7376900e+05   5.3100586e+01
   1.7379100e+05   4.4555664e+01
   1.7380800e+05   4.1381836e+01
   1.7385900e+05   4.8034668e+01
   1.7387100e+05   5.6030273e+01
   1.7390400e+05   4.8950195e+01
   1.7396600e+05   3.7170410e+01
   1.7400500e+05   3.9367676e+01
   1.7411900e+05   4.1931152e+01
   1.7421500e+05   4.2602539e+01
   1.7424200e+05   3.6560059e+01
   1.7427800e+05   4.0527344e+01
   1.7436100e+05   3.9733887e+01
   1.7442200e+05   3.6010742e+01
   1.7450800e+05   3.7292480e+01
   1.7455700e+05   3.9062500e+01
   1.7465700e+05   3.8146973e+01
   1.7500000e+05   3.8635254e+01
   1.7523300e+05   3.6682129e+01
   1.7586200e+05   3.7292480e+01
   1.9887700e+05   4.1870117e+01
   2.0109800e+05   3.9999390e+03
   2.0111600e+05   3.2714844e+02
   2.0113000e+05   3.8146973e+01
   2.0114700e+05   3.8391113e+01
   2.0117000e+05   5.1147461e+01
   2.0118700e+05   6.6223145e+01
   2.0121800e+05   6.1523438e+01
   2.0125600e+05   8.2397461e+01
   2.0133000e+05   4.5715332e+01
   2.0134500e+05   5.8349609e+01
   2.0153800e+05   4.1687012e+01
   2.0193400e+05   3.9611816e+01
   2.0402200e+05   4.7119141e+01
   2.0469900e+05   3.7658691e+01
   2.0553900e+05   3.6376953e+01
   2.0737800e+05   3.7902832e+01
   2.0996800e+05   3.6376953e+01
   2.1902800e+05   3.6071777e+01
   2.1974000e+05   3.5888672e+01
   2.2519500e+05   3.8330078e+01
   2.2807400e+05   4.1381836e+01
   2.3024000e+05   4.2968750e+01
   2.3246800e+05   3.8635254e+01
   2.3550700e+05   3.7414551e+01
   2.3722400e+05   3.7048340e+01
   2.3724500e+05   3.9062500e+01
   2.3726200e+05   2.3699951e+02
   2.3727800e+05   1.2249756e+02
   2.3730700e+05   5.8898926e+01
   2.3733500e+05   4.8400879e+01
   2.3735200e+05   8.2885742e+01
   2.3736300e+05   5.7495117e+01
   2.3737700e+05   5.3771973e+01
   2.3739100e+05   5.7128906e+01
   2.3741500e+05   4.2419434e+01
   2.3744500e+05   1.1071777e+02
   2.3746300e+05   7.5012207e+01
   2.3747300e+05   4.8828125e+01
   2.3750200e+05   6.4941406e+01
   2.3751400e+05   6.1706543e+01
   2.3755800e+05   6.3842773e+01
   2.3758500e+05   4.1137695e+01
   2.3760000e+05   5.2734375e+01
   2.3762200e+05   4.6203613e+01
   2.3763600e+05   6.0974121e+01
   2.3765200e+05   5.1940918e+01
   2.3767700e+05   3.5949707e+01
   2.3769700e+05   4.0466309e+01
   2.3773800e+05   4.6752930e+01
   2.3776000e+05   3.8757324e+01
   2.3781100e+05   3.8269043e+01
   2.3782200e+05   4.3701172e+01
   2.3795700e+05   3.6254883e+01
   2.3811200e+05   4.5471191e+01
   2.3826800e+05   4.3457031e+01
   2.3866300e+05   4.0283203e+01
   2.3949900e+05   3.6682129e+01
   2.4079000e+05   3.8940430e+01
   2.5111000e+05   2.0105591e+03
   2.5113000e+05   3.3331299e+02
   2.5114500e+05   7.3669434e+01
   2.5116400e+05   4.7851562e+01
   2.5119700e+05   3.6254883e+01
   2.5121100e+05   3.7597656e+01
   2.5124100e+05   3.5949707e+01
   2.5125300e+05   4.9011230e+01
   2.5128200e+05   8.5205078e+01
   2.5129200e+05   3.8696289e+01
   2.5141500e+05   4.9987793e+01
   2.5165300e+05   3.7597656e+01
   2.5303200e+05   3.7353516e+01
   2.6645900e+05   3.8757324e+01
   2.8103900e+05   3.6682129e+01
   2.8161400e+05   3.8330078e+01
   2.9493800e+05   3.6743164e+01
   3.0112400e+05   2.0178833e+03
   3.0114300e+05   3.6474609e+02
   3.0115900e+05   4.9499512e+01
   3.0117400e+05   3.9916992e+01
   3.0119200e+05   4.5471191e+01
   3.0121400e+05   5.9875488e+01
   3.0123600e+05   5.6396484e+01
   3.0125200e+05   5.4260254e+01
   3.0127800e+05   8.9294434e+01
   3.0129000e+05   6.8176270e+01
   3.0130300e+05   4.5166016e+01
   3.0132100e+05   3.8024902e+01
   3.0133100e+05   4.0771484e+01
   3.0138600e+05   5.5847168e+01
   3.0154000e+05   3.6621094e+01
   3.0156600e+05   5.3710938e+01
   3.0173500e+05   4.0893555e+01
   3.0174700e+05   4.9133301e+01
   3.0177400e+05   4.0405273e+01
   3.0188300e+05   5.3466797e+01
   3.0195100e+05   3.9062500e+01
   3.0200100e+05   3.7902832e+01
   3.0202400e+05   4.1137695e+01
   3.0205000e+05   4.4921875e+01
   3.0211400e+05   3.5949707e+01
   3.0212500e+05   3.6437988e+01
   3.0215700e+05   3.6071777e+01
   3.0220600e+05   3.6987305e+01
   3.0222300e+05   4.0710449e+01
   3.0244400e+05   4.0710449e+01
   3.0258500e+05   3.8513184e+01
   3.0269300e+05   3.9550781e+01
   3.0282900e+05   3.6987305e+01
   3.0288700e+05   3.6560059e+01
   3.0320700e+05   3.6926270e+01
   3.0345700e+05   3.8208008e+01
   3.0367200e+05   3.7658691e+01
   3.0387100e+05   3.8024902e+01
   3.2677400e+05   3.6315918e+01
   3.2680300e+05   3.7353516e+01
   3.2682100e+05   2.0239258e+02
   3.2684300e+05   1.7456055e+02
   3.2685700e+05   4.7729492e+01
   3.2689000e+05   5.6396484e+01
   3.2690500e+05   7.1228027e+01
   3.2692700e+05   4.8400879e+01
   3.2694700e+05   6.9396973e+01
   3.2696800e+05   3.6010742e+01
   3.2699100e+05   3.8574219e+01
   3.2702300e+05   7.5805664e+01
   3.2704600e+05   6.4331055e+01
   3.2705700e+05   8.6486816e+01
   3.2707900e+05   4.4616699e+01
   3.2710000e+05   3.9978027e+01
   3.2714000e+05   3.6621094e+01
   3.2718000e+05   5.5236816e+01
   3.2719100e+05   4.0283203e+01
   3.2721600e+05   4.4982910e+01
   3.2724300e+05   5.9936523e+01
   3.2728700e+05   3.6315918e+01
   3.2733500e+05   4.7485352e+01
   3.2758100e+05   3.6621094e+01
   3.5113800e+05   2.0131226e+03
   3.5115800e+05   3.4759521e+02
   3.5117800e+05   7.3059082e+01
   3.5119000e+05   4.6752930e+01
   3.5121600e+05   7.9101563e+01
   3.5122800e+05   6.7749023e+01
   3.5124500e+05   5.4199219e+01
   3.5126400e+05   4.3762207e+01
   3.5128000e+05   6.3781738e+01
   3.5133300e+05   9.2834473e+01
   3.5141400e+05   5.4809570e+01
   3.5159500e+05   4.1748047e+01
   3.5273600e+05   3.6987305e+01
   3.5309900e+05   3.8085938e+01
   3.5821700e+05   4.0222168e+01
   3.7950600e+05   3.6193848e+01
   3.8133300e+05   5.1452637e+01
   3.8249700e+05   4.1564941e+01
   3.8519600e+05   2.7416992e+02
   3.8522600e+05   9.9426270e+01
   3.8524300e+05   1.0028076e+02
   3.8526800e+05   6.9885254e+01
   3.8529900e+05   5.1086426e+01
   3.8531100e+05   5.6396484e+01
   3.8533000e+05   5.8105469e+01
   3.8535800e+05   1.2268066e+02
   3.8537800e+05   7.2937012e+01
   3.8541100e+05   4.6508789e+01
   3.8544900e+05   8.2763672e+01
   3.8547600e+05   2.0739746e+02
   3.8548600e+05   8.4289551e+01
   3.8551900e+05   3.9611816e+01
   3.8555100e+05   5.8654785e+01
   3.8556700e+05   5.3100586e+01
   3.8559600e+05   6.1401367e+01
   3.8561500e+05   4.0100098e+01
   3.8563700e+05   6.1401367e+01
   3.8566400e+05   1.8841553e+02
   3.8568300e+05   5.7800293e+01
   3.8569800e+05   4.1870117e+01
   3.8572900e+05   5.0720215e+01
   3.8573900e+05   4.9316406e+01
   3.8576700e+05   9.0759277e+01
   3.8578300e+05   4.7058105e+01
   3.8579400e+05   3.8696289e+01
   3.8583200e+05   3.6560059e+01
   3.8584700e+05   4.2419434e+01
   3.8588000e+05   6.0546875e+01
   3.8589500e+05   6.0241699e+01
   3.8593300e+05   4.4372559e+01
   3.8596300e+05   4.3090820e+01
   3.8598600e+05   5.0231934e+01
   3.8601900e+05   4.4250488e+01
   3.8625800e+05   3.7597656e+01
   3.8637400e+05   3.6315918e+01
   3.8649500e+05   3.9001465e+01
   3.8670600e+05   3.8452148e+01
   3.8710200e+05   5.2062988e+01
   3.9218900e+05   4.0344238e+01
   4.0115200e+05   2.0104370e+03
   4.0117200e+05   3.2757568e+02
   4.0118300e+05   3.6437988e+01
   4.0119300e+05   4.3579102e+01
   4.0120500e+05   6.7199707e+01
   4.0122800e+05   4.7668457e+01
   4.0125100e+05   6.6162109e+01
   4.0126700e+05   4.5593262e+01
   4.0128100e+05   5.8532715e+01
   4.0130000e+05   6.1401367e+01
   4.0131700e+05   4.3212891e+01
   4.0136200e+05   4.5043945e+01
   4.0144000e+05   3.8146973e+01
   4.0168200e+05   5.2795410e+01
   4.1236900e+05   3.7536621e+01
   4.1371300e+05   3.7597656e+01
   4.1466600e+05   3.6315918e+01
   4.1728000e+05   3.6315918e+01
   4.2354300e+05   3.9489746e+01
   4.3232200e+05   3.7841797e+01
   4.4747100e+05   3.9916992e+01
   4.5116600e+05   2.0106201e+03
   4.5118500e+05   3.3319092e+02
   4.5120500e+05   8.1542969e+01
   4.5121700e+05   3.8146973e+01
   4.5123300e+05   1.1071777e+02
   4.5125800e+05   5.6152344e+01
   4.5128200e+05   4.2053223e+01
   4.5130700e+05   5.8349609e+01
   4.5133800e+05   8.5937500e+01
   4.5135500e+05   4.3212891e+01
   4.5141300e+05   5.2856445e+01
   4.5142600e+05   4.3518066e+01
   4.5147000e+05   4.5837402e+01
   4.5160000e+05   4.0405273e+01
   4.6526900e+05   4.1137695e+01
   4.7477900e+05   3.7231445e+01
   4.7896200e+05   3.6010742e+01
   4.9543100e+05   3.7475586e+01
   4.9699800e+05   3.6010742e+01
   5.0118200e+05   3.9999390e+03
   5.0119900e+05   3.1805420e+02
   5.0122500e+05   4.8156738e+01
   5.0123600e+05   6.6528320e+01
   5.0126100e+05   6.0974121e+01
   5.0127400e+05   3.9184570e+01
   5.0128500e+05   4.6020508e+01
   5.0130700e+05   5.6518555e+01
   5.0132100e+05   4.0161133e+01
   5.0138100e+05   4.6752930e+01
   5.0142300e+05   7.5927734e+01
   5.0143600e+05   3.8269043e+01
   5.0145600e+05   4.8522949e+01
   5.0146900e+05   4.0527344e+01
   5.0254000e+05   4.6569824e+01
   5.1543200e+05   3.7963867e+01
   5.1643200e+05   3.7231445e+01
   5.3032400e+05   3.6254883e+01
   5.3170300e+05   3.6132813e+01
   5.4379000e+05   4.8767090e+01
   5.4380600e+05   2.2235107e+02
   5.4382200e+05   1.3958740e+02
   5.4384100e+05   5.4077148e+01
   5.4386500e+05   4.7729492e+01
   5.4388100e+05   4.7180176e+01
   5.4390400e+05   8.7097168e+01
   5.4391700e+05   4.9560547e+01
   5.4393800e+05   5.0598145e+01
   5.4395600e+05   9.2895508e+01
   5.4397900e+05   1.0119629e+02
   5.4398900e+05   4.0527344e+01
   5.4405200e+05   8.4838867e+01
   5.4406400e+05   7.4157715e+01
   5.4408700e+05   5.7739258e+01
   5.4411200e+05   1.3720703e+02
   5.4412200e+05   7.7758789e+01
   5.4414800e+05   1.7950439e+02
   5.4415900e+05   7.8613281e+01
   5.4417900e+05   6.5185547e+01
   5.4419600e+05   5.8593750e+01
   5.4422100e+05   4.6569824e+01
   5.4423700e+05   1.3970947e+02
   5.4426000e+05   6.2316895e+01
   5.4427400e+05   5.1086426e+01
   5.4428700e+05   6.3903809e+01
   5.4430400e+05   4.0588379e+01
   5.4434700e+05   1.0266113e+02
   5.4436800e+05   4.5532227e+01
   5.4438100e+05   6.6955566e+01
   5.4442100e+05   5.6640625e+01
   5.4444400e+05   1.6967773e+02
   5.4446100e+05   5.0598145e+01
   5.4448600e+05   9.6801758e+01
   5.4450500e+05   5.8288574e+01
   5.4453100e+05   7.8369141e+01
   5.4454100e+05   4.0527344e+01
   5.4461000e+05   1.0961914e+02
   5.4462800e+05   5.4748535e+01
   5.4465100e+05   4.7180176e+01
   5.4466800e+05   6.1340332e+01
   5.4470800e+05   5.9387207e+01
   5.4474800e+05   5.0537109e+01
   5.4476100e+05   4.4189453e+01
   5.4477300e+05   7.4584961e+01
   5.4479500e+05   3.7475586e+01
   5.4480900e+05   6.2194824e+01
   5.4484600e+05   4.7729492e+01
   5.4488300e+05   3.8940430e+01
   5.4489400e+05   4.4311523e+01
   5.4490400e+05   4.6203613e+01
   5.4492900e+05   4.2114258e+01
   5.4494200e+05   4.8400879e+01
   5.4495800e+05   1.2695312e+02
   5.4499000e+05   4.1015625e+01
   5.4501000e+05   3.6437988e+01
   5.4503600e+05   3.9978027e+01
   5.4506400e+05   3.6804199e+01
   5.4511500e+05   4.7180176e+01
   5.4514400e+05   7.0861816e+01
   5.4515500e+05   7.3303223e+01
   5.4518200e+05   3.6376953e+01
   5.4524400e+05   4.0100098e+01
   5.4526100e+05   6.0852051e+01
   5.4528800e+05   4.4128418e+01
   5.4535800e+05   3.7475586e+01
   5.4537400e+05   5.0415039e+01
   5.4539100e+05   4.3701172e+01
   5.4540200e+05   3.7902832e+01
   5.4547700e+05   4.1076660e+01
   5.4553200e+05   3.8635254e+01
   5.4562700e+05   4.0649414e+01
   5.4564200e+05   4.8767090e+01
   5.4592500e+05   3.8024902e+01
   5.4596100e+05   3.8940430e+01
   5.4600200e+05   3.6560059e+01
   5.4634700e+05   3.6376953e+01
   5.4649200e+05   4.4128418e+01
   5.4660400e+05   1.0009766e+02
   5.4682400e+05   3.7109375e+01
   5.4690400e+05   9.8144531e+01
   5.4703500e+05   3.5949707e+01
   5.4712200e+05   8.3984375e+01
   5.4722100e+05   4.9682617e+01
   5.4729300e+05   9.0026855e+01
   5.4754800e+05   6.9152832e+01
   5.4756100e+05   4.1687012e+01
   5.4767700e+05   3.7719727e+01
   5.4777500e+05   4.6752930e+01
   5.4786100e+05   3.9367676e+01
   5.4792100e+05   4.0344238e+01
   5.4797200e+05   7.6843262e+01
   5.4813000e+05   3.9001465e+01
   5.4814500e+05   6.8969727e+01
   5.4819100e+05   5.1269531e+01
   5.4834500e+05   3.7292480e+01
   5.4845300e+05   7.7575684e+01
   5.4872900e+05   3.7963867e+01
   5.4899100e+05   3.9978027e+01
   5.4920500e+05   7.1044922e+01
   5.4946100e+05   4.3090820e+01
   5.5009800e+05   8.4228516e+01
   5.5072400e+05   3.7231445e+01
   5.5086500e+05   3.7902832e+01
   5.5119600e+05   3.9999390e+03
   5.5121400e+05   2.5506592e+02
   5.5123900e+05   1.1395264e+02
   5.5126600e+05   5.3222656e+01
   5.5127800e+05   4.8400879e+01
   5.5145600e+05   3.9428711e+01
   5.5156600e+05   3.6437988e+01
   5.5177200e+05   3.7231445e+01
   5.5189200e+05   3.6987305e+01
   5.5206100e+05   3.7353516e+01
   5.5217500e+05   4.8522949e+01
   5.5230900e+05   4.1442871e+01
   5.5263300e+05   8.5937500e+01
   5.5343900e+05   7.8735352e+01
   5.5415900e+05   8.8439941e+01
   5.5443700e+05   6.8115234e+01
   5.5459900e+05   5.6701660e+01
   5.5491000e+05   6.0424805e+01
   5.5528200e+05   7.4707031e+01
   5.5544800e+05   3.9245605e+01
   5.5554600e+05   3.8146973e+01
   5.5572200e+05   6.9030762e+01
   5.5606600e+05   8.7341309e+01
   5.5660800e+05   3.6865234e+01
   5.5675600e+05   3.8757324e+01
   5.5709500e+05   4.2358398e+01
   5.5730700e+05   3.6865234e+01
   5.5765600e+05   4.3640137e+01
   5.5861000e+05   3.8146973e+01
   5.5985100e+05   1.0223389e+02
   5.6038600e+05   9.0087891e+01
   5.6068900e+05   3.9184570e+01
   5.6200900e+05   3.6254883e+01
   5.6226700e+05   3.8024902e+01
   5.6280700e+05   4.0100098e+01
   5.6357300e+05   3.7109375e+01
   5.8142900e+05   3.5888672e+01
   5.9440200e+05   3.8635254e+01
   6.0119900e+05   3.7353516e+01
   6.0121000e+05   2.9472656e+03
   6.0122400e+05   1.5222168e+02
   6.0124700e+05   6.2316895e+01
   6.0126600e+05   2.4340820e+02
   6.0127700e+05   7.2692871e+01
   6.0131800e+05   6.0119629e+01
   6.0135200e+05   4.0649414e+01
   6.0136600e+05   8.1909180e+01
   6.0137700e+05   4.7424316e+01
   6.0141600e+05   3.8269043e+01
   6.0149100e+05   3.6987305e+01
   6.0164100e+05   5.5053711e+01
   6.0218900e+05   4.4311523e+01
   6.0874000e+05   3.9245605e+01
   6.1744600e+05   3.6682129e+01
   6.3495400e+05   4.3762207e+01
   6.3496700e+05   1.8048096e+02
   6.3498700e+05   2.2912598e+02
   6.3501200e+05   1.2823486e+02
   6.3502300e+05   4.7729492e+01
   6.3503300e+05   5.5114746e+01
   6.3505200e+05   1.0833740e+02
   6.3506600e+05   4.9133301e+01
   6.3508700e+05   3.6499023e+01
   6.3511900e+05   4.2907715e+01
   6.3513500e+05   9.0148926e+01
   6.3516700e+05   9.6618652e+01
   6.3518600e+05   3.8146973e+01
   6.3521200e+05   6.9519043e+01
   6.3522600e+05   6.2500000e+01
   6.3525300e+05   1.5234375e+02
   6.3526400e+05   7.1105957e+01
   6.3529700e+05   4.8583984e+01
   6.3530900e+05   4.6386719e+01
   6.3532100e+05   4.0832520e+01
   6.3535000e+05   2.2851563e+02
   6.3536100e+05   4.2846680e+01
   6.3539900e+05   7.0678711e+01
   6.3542700e+05   5.4992676e+01
   6.3544200e+05   3.8574219e+01
   6.3548000e+05   3.6560059e+01
   6.3549800e+05   4.4494629e+01
   6.3553900e+05   5.2734375e+01
   6.3558000e+05   4.2480469e+01
   6.3559200e+05   4.8706055e+01
   6.3563700e+05   5.5725098e+01
   6.3575000e+05   3.6926270e+01
   6.3578000e+05   3.8757324e+01
   6.3632100e+05   3.6499023e+01
   6.4316000e+05   3.8879395e+01
   6.4528200e+05   3.6254883e+01
   6.5122200e+05   2.0124512e+03
   6.5124200e+05   3.2293701e+02
   6.5126300e+05   5.1940918e+01
   6.5127800e+05   4.7546387e+01
   6.5129200e+05   4.3823242e+01
   6.5132300e+05   4.1931152e+01
   6.5133600e+05   3.6499023e+01
   6.5137100e+05   6.4453125e+01
   6.5138500e+05   3.8330078e+01
   6.5141600e+05   3.8208008e+01
   6.5143900e+05   3.9550781e+01
   6.5148300e+05   4.4128418e+01
   6.5154900e+05   5.5725098e+01
   6.5193700e+05   5.0903320e+01
   6.5228300e+05   3.6193848e+01
   6.5236400e+05   3.8818359e+01
   6.6144600e+05   3.6132813e+01
   6.6386200e+05   4.0161133e+01
   6.7118000e+05   4.5654297e+01
   6.7283800e+05   4.0161133e+01
   6.7885300e+05   3.6804199e+01
   6.8870400e+05   3.9367676e+01
   6.8985700e+05   4.2724609e+01
   7.0123600e+05   2.0132446e+03
   7.0125500e+05   3.6035156e+02
   7.0126700e+05   3.6682129e+01
   7.0129200e+05   5.4016113e+01
   7.0131200e+05   7.0922852e+01
   7.0133800e+05   5.1086426e+01
   7.0136200e+05   4.7851563e+01
   7.0139100e+05   8.4167480e+01
   7.0140900e+05   4.6813965e+01
   7.0142900e+05   3.9978027e+01
   7.0145900e+05   3.6621094e+01
   7.0148300e+05   7.6538086e+01
   7.0149400e+05   7.1228027e+01
   7.0154800e+05   4.6997070e+01
   7.0156900e+05   4.6691895e+01
   7.0162400e+05   4.2724609e+01
   7.0165300e+05   4.9804688e+01
   7.0172100e+05   3.8757324e+01
   7.0176300e+05   3.6499023e+01
   7.0177300e+05   5.5541992e+01
   7.0179600e+05   4.2480469e+01
   7.0184300e+05   5.1879883e+01
   7.0187500e+05   4.4494629e+01
   7.0188900e+05   7.1166992e+01
   7.0196400e+05   3.7963867e+01
   7.0198700e+05   5.4992676e+01
   7.0200200e+05   3.9489746e+01
   7.0203500e+05   4.1076660e+01
   7.0205000e+05   3.9123535e+01
   7.0211400e+05   4.7729492e+01
   7.0219700e+05   4.1381836e+01
   7.0236600e+05   3.8146973e+01
   7.0295700e+05   3.7231445e+01
   7.2415700e+05   3.6376953e+01
   7.2708700e+05   3.7902832e+01
   7.3939600e+05   3.6437988e+01
   7.5125200e+05   3.9999390e+03
   7.5126900e+05   3.6132813e+02
   7.5128900e+05   5.7495117e+01
   7.5130000e+05   4.8767090e+01
   7.5132000e+05   4.1564941e+01
   7.5133900e+05   4.8095703e+01
   7.5137100e+05   4.6020508e+01
   7.5139200e+05   1.0614014e+02
   7.5142400e+05   6.9641113e+01
   7.5143400e+05   4.5532227e+01
   7.5146400e+05   4.3334961e+01
   7.5150700e+05   4.0649414e+01
   7.5152900e+05   5.7495117e+01
   7.5170700e+05   5.3710938e+01
   7.5236100e+05   3.7231445e+01
   7.5270200e+05   4.3151855e+01
   7.5274400e+05   4.5837402e+01
   7.5279000e+05   3.6987305e+01
   7.5281100e+05   3.6132813e+01
   7.5283500e+05   5.2673340e+01
   7.5284800e+05   4.9682617e+01
   7.5292500e+05   3.9733887e+01
   7.5307900e+05   4.4860840e+01
   7.5312800e+05   3.9306641e+01
   7.5318400e+05   3.6621094e+01
   7.5330500e+05   3.8513184e+01
   7.5339300e+05   3.8879395e+01
   7.5354100e+05   4.1564941e+01
   7.5377200e+05   3.5888672e+01
   7.7490700e+05   3.6254883e+01
   7.8343900e+05   3.8818359e+01
   7.8394600e+05   3.5949707e+01
   7.9950100e+05   5.0170898e+01
   7.9953500e+05   4.5837402e+01
   7.9954600e+05   2.2467041e+02
   7.9958000e+05   4.9987793e+01
   7.9961500e+05   5.1818848e+01
   7.9963500e+05   6.2805176e+01
   7.9964800e+05   8.0322266e+01
   7.9968200e+05   7.8063965e+01
   7.9970600e+05   8.8928223e+01
   7.9972800e+05   1.2298584e+02
   7.9973900e+05   6.1889648e+01
   7.9976600e+05   5.2490234e+01
   7.9978100e+05   5.3039551e+01
   7.9981400e+05   2.3889160e+02
   7.9983200e+05   7.1166992e+01
   7.9984700e+05   1.5289307e+02
   7.9985800e+05   5.7128906e+01
   7.9988800e+05   5.9570313e+01
   7.9990800e+05   6.0241699e+01
   7.9993800e+05   1.5960693e+02
   7.9995000e+05   7.0739746e+01
   7.9997800e+05   5.9692383e+01
   8.0000100e+05   7.4523926e+01
   8.0003000e+05   6.4270020e+01
   8.0004300e+05   4.1870117e+01
   8.0006900e+05   9.7534180e+01
   8.0008100e+05   1.1779785e+02
   8.0011200e+05   6.1218262e+01
   8.0012400e+05   4.6997070e+01
   8.0017200e+05   3.8513184e+01
   8.0019000e+05   6.3354492e+01
   8.0020800e+05   1.3293457e+02
   8.0022300e+05   3.9550781e+01
   8.0024700e+05   5.9936523e+01
   8.0027900e+05   8.5449219e+01
   8.0030400e+05   4.9316406e+01
   8.0036500e+05   1.1492920e+02
   8.0038000e+05   1.3623047e+02
   8.0045000e+05   8.0200195e+01
   8.0047300e+05   5.3222656e+01
   8.0048900e+05   3.6254883e+01
   8.0056600e+05   1.0400391e+02
   8.0059700e+05   3.8085938e+01
   8.0061600e+05   3.6254883e+01
   8.0063700e+05   4.0283203e+01
   8.0067000e+05   1.0174561e+02
   8.0070000e+05   4.1137695e+01
   8.0071100e+05   5.0354004e+01
   8.0074900e+05   4.3457031e+01
   8.0077400e+05   4.2724609e+01
   8.0081100e+05   5.9265137e+01
   8.0083800e+05   4.0893555e+01
   8.0085100e+05   5.3283691e+01
   8.0088500e+05   4.9987793e+01
   8.0091200e+05   3.8024902e+01
   8.0094300e+05   3.6132813e+01
   8.0098000e+05   4.0344238e+01
   8.0101400e+05   3.7658691e+01
   8.0106500e+05   4.1748047e+01
   8.0114100e+05   3.5888672e+01
   8.0124700e+05   4.6386719e+01
   8.0126600e+05   3.9999390e+03
   8.0128500e+05   1.6467285e+02
   8.0131000e+05   8.0017090e+01
   8.0134000e+05   3.7353516e+01
   8.0141800e+05   4.5166016e+01
   8.0154100e+05   4.0100098e+01
   8.0236500e+05   4.4311523e+01
   8.0241800e+05   3.7902832e+01
   8.0256800e+05   3.6499023e+01
   8.0304300e+05   1.1334229e+02
   8.0320200e+05   3.6071777e+01
   8.0335900e+05   8.9538574e+01
   8.0337900e+05   3.6132813e+01
   8.0354000e+05   4.4372559e+01
   8.0362900e+05   3.6743164e+01
   8.0381600e+05   8.6730957e+01
   8.0396100e+05   3.6071777e+01
   8.0414100e+05   9.0759277e+01
   8.0422700e+05   3.8452148e+01
   8.0456400e+05   8.0871582e+01
   8.0469400e+05   3.6315918e+01
   8.0480700e+05   8.1115723e+01
   8.0495100e+05   3.7963867e+01
   8.0521300e+05   3.9489746e+01
   8.0555200e+05   8.5754395e+01
   8.0569600e+05   4.0039063e+01
   8.0580600e+05   3.9062500e+01
   8.0608600e+05   3.7536621e+01
   8.0620400e+05   3.8391113e+01
   8.0632800e+05   8.6547852e+01
   8.0651100e+05   3.6193848e+01
   8.0657900e+05   3.6926270e+01
   8.0672800e+05   8.6425781e+01
   8.0702100e+05   7.0861816e+01
   8.0714000e+05   4.5959473e+01
   8.0727500e+05   3.6987305e+01
   8.0729000e+05   6.8664551e+01
   8.0759200e+05   3.7170410e+01
   8.0864700e+05   8.9538574e+01
   8.0915100e+05   3.8330078e+01
   8.0948100e+05   4.0039063e+01
   8.1012300e+05   7.9650879e+01
   8.1028400e+05   4.1870117e+01
   8.1043700e+05   8.5205078e+01
   8.1059800e+05   3.7231445e+01
   8.1085600e+05   3.9428711e+01
   8.1130000e+05   9.5520020e+01
   8.1155200e+05   7.2814941e+01
   8.1156400e+05   3.8513184e+01
   8.1222300e+05   4.0466309e+01
   8.1258200e+05   8.6242676e+01
   8.1277600e+05   6.2927246e+01
   8.1339300e+05   9.1430664e+01
   8.1362500e+05   6.9580078e+01
   8.1387700e+05   7.6782227e+01
   8.1427700e+05   7.5134277e+01
   8.1431800e+05   3.9123535e+01
   8.1451800e+05   7.6110840e+01
   8.1483300e+05   3.6132813e+01
   8.1503700e+05   3.8696289e+01
   8.1525200e+05   3.5949707e+01
   8.1763200e+05   9.6069336e+01
   8.1800800e+05   3.9794922e+01
   8.1888400e+05   3.6010742e+01
   8.3864300e+05   4.3945313e+01
   8.4277600e+05   3.9489746e+01
   8.4559900e+05   4.0100098e+01
   8.4727700e+05   3.9916992e+01
   8.4880600e+05   3.6193848e+01
   8.5128000e+05   3.9999390e+03
   8.5129800e+05   3.3782959e+02
   8.5131300e+05   5.2673340e+01
   8.5133700e+05   5.1635742e+01
   8.5135000e+05   6.3964844e+01
   8.5140000e+05   7.6477051e+01
   8.5141900e+05   3.9062500e+01
   8.5143000e+05   5.2978516e+01
   8.5145100e+05   3.6926270e+01
   8.5146200e+05   3.6926270e+01
   8.5159400e+05   3.6376953e+01
   8.5165100e+05   5.8654785e+01
   8.5168000e+05   4.7058105e+01
   8.5177600e+05   5.1391602e+01
   8.5212100e+05   4.4677734e+01
   8.7681800e+05   3.7109375e+01
   8.8900700e+05   4.0466309e+01
   9.0129400e+05   3.9999390e+03
   9.0131100e+05   3.5070801e+02
   9.0133100e+05   5.8166504e+01
   9.0136000e+05   7.4584961e+01
   9.0137600e+05   4.6142578e+01
   9.0139600e+05   4.9743652e+01
   9.0141200e+05   4.3945312e+01
   9.0143400e+05   5.3527832e+01
   9.0146200e+05   4.1320801e+01
   9.0148600e+05   4.7119141e+01
   9.0151400e+05   4.3945313e+01
   9.0154600e+05   3.7902832e+01
   9.0157800e+05   6.7199707e+01
   9.0159900e+05   3.6499023e+01
   9.0164200e+05   3.8574219e+01
   9.0171300e+05   4.3395996e+01
   9.0172600e+05   3.7719727e+01
   9.0176800e+05   5.5786133e+01
   9.0178200e+05   3.9550781e+01
   9.0182900e+05   3.8940430e+01
   9.0183900e+05   6.4453125e+01
   9.0186300e+05   4.8889160e+01
   9.0188800e+05   4.1320801e+01
   9.0196500e+05   4.5898438e+01
   9.0203600e+05   3.7353516e+01
   9.0207000e+05   3.7536621e+01
   9.0208700e+05   4.2846680e+01
   9.0211100e+05   3.8635254e+01
   9.0216600e+05   3.6865234e+01
   9.0218000e+05   4.0893555e+01
   9.0235100e+05   4.0039063e+01
   9.0249800e+05   4.5227051e+01
   9.0251200e+05   4.4982910e+01
   9.0291100e+05   3.9245605e+01
   9.1957600e+05   3.7841797e+01
   9.2168100e+05   3.7231445e+01
   9.2479700e+05   4.2114258e+01
   9.2741300e+05   4.0161133e+01
   9.2843600e+05   3.8085938e+01
   9.3459200e+05   3.8757324e+01
   9.3862400e+05   3.9123535e+01
   9.3902500e+05   4.0954590e+01
   9.5103300e+05   3.8452148e+01
   9.5130600e+05   2.0071411e+03
   9.5132500e+05   3.3050537e+02
   9.5133600e+05   6.9702148e+01
   9.5135500e+05   6.6467285e+01
   9.5136700e+05   5.8166504e+01
   9.5139700e+05   8.0505371e+01
   9.5142000e+05   6.1279297e+01
   9.5143600e+05   6.9396973e+01
   9.5145800e+05   8.3129883e+01
   9.5147300e+05   1.2133789e+02
   9.5151200e+05   4.2480469e+01
   9.5155800e+05   3.8085938e+01
   9.5160900e+05   4.0283203e+01
   9.5172100e+05   3.8574219e+01
   9.5174400e+05   5.7373047e+01
   9.5179600e+05   4.6264648e+01
   9.5181300e+05   4.0588379e+01
   9.5194200e+05   4.0893555e+01
   9.5195200e+05   5.8288574e+01
   9.5203000e+05   4.0344238e+01
   9.5207400e+05   4.1137695e+01
   9.5209300e+05   4.6997070e+01
   9.5211500e+05   3.6621094e+01
   9.5216800e+05   3.9611816e+01
   9.5223500e+05   4.0039063e+01
   9.5227100e+05   3.9306641e+01
   9.5228800e+05   4.4189453e+01
   9.5232500e+05   5.0476074e+01
   9.5244700e+05   4.7912598e+01
   9.5263300e+05   3.7048340e+01
   9.5284200e+05   4.4738770e+01
   9.6241500e+05   3.6560059e+01
   9.6596400e+05   5.6396484e+01
   9.7599700e+05   4.4006348e+01
   9.7987600e+05   3.6865234e+01
   9.8102600e+05   3.7170410e+01
   9.8626500e+05   3.8452148e+01
   9.8982000e+05   3.7902832e+01
   9.9671900e+05   3.8635254e+01
   1.0013220e+06   3.9999390e+03
   1.0013390e+06   3.4338379e+02
   1.0013560e+06   5.9326172e+01
   1.0013710e+06   4.8095703e+01
   1.0013940e+06   7.0312500e+01
   1.0014120e+06   5.3405762e+01
   1.0014440e+06   6.5063477e+01
   1.0014640e+06   5.8349609e+01
   1.0014910e+06   9.7839355e+01
   1.0015160e+06   3.9001465e+01
   1.0015440e+06   3.8879395e+01
   1.0015570e+06   4.1992188e+01
   1.0015900e+06   4.6752930e+01
   1.0016100e+06   3.6682129e+01
   1.0018710e+06   3.7292480e+01
   1.0019460e+06   3.6499023e+01
   1.0019940e+06   4.3823242e+01
   1.0020340e+06   5.3344727e+01
   1.0020820e+06   3.6010742e+01
   1.0021520e+06   3.6071777e+01
   1.0021680e+06   4.4372559e+01
   1.0022050e+06   3.7048340e+01
   1.0023040e+06   4.9926758e+01
   1.0023170e+06   4.4189453e+01
   1.0023970e+06   3.7353516e+01
   1.0024280e+06   3.8879395e+01
   1.0028100e+06   3.9489746e+01
   1.0030710e+06   3.8635254e+01
   1.0147500e+06   3.7048340e+01
   1.0222210e+06   4.2602539e+01
   1.0256730e+06   4.2297363e+01
   1.0335620e+06   3.5888672e+01
   1.0366050e+06   4.1137695e+01
   1.0436390e+06   3.6010742e+01
   1.0445050e+06   3.8146973e+01
   1.0446900e+06   4.5227051e+01
   1.0513340e+06   2.0056152e+03
   1.0513540e+06   3.4436035e+02
   1.0513650e+06   4.2724609e+01
   1.0513950e+06   5.2001953e+01
   1.0514180e+06   6.6345215e+01
   1.0514420e+06   5.1879883e+01
   1.0514660e+06   6.5795898e+01
   1.0514770e+06   4.4006348e+01
   1.0515290e+06   5.0720215e+01
   1.0516130e+06   5.9082031e+01
   1.0518130e+06   4.8583984e+01
   1.0527460e+06   4.0100098e+01
   1.0527980e+06   3.6071777e+01
   1.0528630e+06   5.8532715e+01
   1.0528820e+06   6.3354492e+01
   1.0529260e+06   4.1076660e+01
   1.0530040e+06   3.8146973e+01
   1.0665600e+06   4.3518066e+01
   1.0725080e+06   3.8452148e+01
   1.0806630e+06   3.8330078e+01
   1.0931840e+06   4.1931152e+01
   1.1013480e+06   2.0063477e+03
   1.1013670e+06   3.6145020e+02
   1.1013970e+06   7.7697754e+01
   1.1014280e+06   4.4738770e+01
   1.1014420e+06   6.8847656e+01
   1.1014680e+06   4.9133301e+01
   1.1014930e+06   1.0357666e+02
   1.1015180e+06   4.4860840e+01
   1.1015310e+06   4.5776367e+01
   1.1015740e+06   3.8452148e+01
   1.1016050e+06   4.5959473e+01
   1.1017960e+06   5.3161621e+01
   1.1026780e+06   3.9123535e+01
   1.1027860e+06   5.2551270e+01
   1.1028140e+06   4.0222168e+01
   1.1028590e+06   3.9733887e+01
   1.1028820e+06   5.6213379e+01
   1.1028930e+06   4.5532227e+01
   1.1030100e+06   3.9123535e+01
   1.1031580e+06   5.4443359e+01
   1.1038170e+06   3.7780762e+01
   1.1233660e+06   4.4921875e+01
   1.1293090e+06   4.0466309e+01
   1.1324020e+06   3.6743164e+01
   1.1368680e+06   4.8095703e+01
   1.1479980e+06   4.0588379e+01
   1.1513620e+06   2.0151978e+03
   1.1513810e+06   3.6114502e+02
   1.1514010e+06   4.6630859e+01
   1.1514140e+06   4.8950195e+01
   1.1514430e+06   4.1931152e+01
   1.1514560e+06   4.7119141e+01
   1.1514950e+06   6.8359375e+01
   1.1515050e+06   5.8837891e+01
   1.1515340e+06   8.7646484e+01
   1.1515630e+06   3.9367676e+01
   1.1516200e+06   7.1716309e+01
   1.1516480e+06   3.9062500e+01
   1.1518040e+06   3.8146973e+01
   1.1521070e+06   4.1259766e+01
   1.1525400e+06   3.6437988e+01
   1.1527830e+06   4.4494629e+01
   1.1656710e+06   4.8828125e+01
   1.1941470e+06   3.6987305e+01
   1.1990000e+06   3.6804199e+01
   1.2013760e+06   2.0123901e+03
   1.2013940e+06   3.2501221e+02
   1.2014120e+06   6.8481445e+01
   1.2014430e+06   7.5805664e+01
   1.2014630e+06   6.2561035e+01
   1.2014730e+06   5.8532715e+01
   1.2014990e+06   3.7231445e+01
   1.2015130e+06   8.3496094e+01
   1.2015710e+06   4.5654297e+01
   1.2015930e+06   7.7026367e+01
   1.2016460e+06   6.4086914e+01
   1.2016750e+06   4.1870117e+01
   1.2018490e+06   4.6630859e+01
   1.2111540e+06   3.8269043e+01
   1.2217880e+06   3.7475586e+01
   1.2270570e+06   4.0405273e+01
   1.2299080e+06   3.7170410e+01
   1.2316220e+06   3.8757324e+01
   1.2326900e+06   3.6315918e+01
   1.2342640e+06   4.3395996e+01
   1.2342940e+06   4.6630859e+01
   1.2343210e+06   9.9182129e+01
   1.2343330e+06   1.4178467e+02
   1.2343790e+06   9.0576172e+01
   1.2343930e+06   4.6997070e+01
   1.2344090e+06   5.3344727e+01
   1.2344320e+06   4.6813965e+01
   1.2344480e+06   1.0852051e+02
   1.2344700e+06   5.3222656e+01
   1.2344820e+06   7.2937012e+01
   1.2345100e+06   5.4382324e+01
   1.2345210e+06   7.0556641e+01
   1.2345340e+06   7.6599121e+01
   1.2345540e+06   9.6557617e+01
   1.2345820e+06   8.4411621e+01
   1.2345940e+06   3.8574219e+01
   1.2346270e+06   4.7546387e+01
   1.2346470e+06   2.4432373e+02
   1.2346710e+06   6.4880371e+01
   1.2346940e+06   5.3588867e+01
   1.2347070e+06   4.1625977e+01
   1.2347190e+06   3.8696289e+01
   1.2347560e+06   1.5393066e+02
   1.2347820e+06   1.6284180e+02
   1.2348040e+06   3.7719727e+01
   1.2348300e+06   5.8288574e+01
   1.2348510e+06   6.7626953e+01
   1.2348720e+06   4.3640137e+01
   1.2349020e+06   1.1187744e+02
   1.2349220e+06   6.7504883e+01
   1.2349470e+06   4.7058105e+01
   1.2349950e+06   3.7597656e+01
   1.2350220e+06   1.0766602e+02
   1.2350350e+06   5.7556152e+01
   1.2350520e+06   4.1320801e+01
   1.2351020e+06   5.4016113e+01
   1.2351330e+06   1.0125732e+02
   1.2351730e+06   4.9682617e+01
   1.2351850e+06   5.3466797e+01
   1.2352040e+06   6.1035156e+01
   1.2352220e+06   1.2091064e+02
   1.2352450e+06   4.2968750e+01
   1.2352680e+06   4.1687012e+01
   1.2352950e+06   4.6691895e+01
   1.2353070e+06   4.6875000e+01
   1.2353190e+06   6.1767578e+01
   1.2353510e+06   5.4138184e+01
   1.2354060e+06   7.3791504e+01
   1.2354300e+06   5.2917480e+01
   1.2354490e+06   4.2541504e+01
   1.2354670e+06   3.6682129e+01
   1.2355010e+06   4.0405273e+01
   1.2355110e+06   4.9133301e+01
   1.2355410e+06   6.6650391e+01
   1.2356230e+06   4.0466309e+01
   1.2356390e+06   5.0720215e+01
   1.2356490e+06   7.9467773e+01
   1.2356760e+06   3.6132813e+01
   1.2357340e+06   4.0405273e+01
   1.2357550e+06   7.9711914e+01
   1.2357790e+06   6.5429688e+01
   1.2358080e+06   4.1748047e+01
   1.2358670e+06   4.3762207e+01
   1.2358960e+06   5.2246094e+01
   1.2359370e+06   3.6193848e+01
   1.2360040e+06   6.8298340e+01
   1.2360330e+06   3.8391113e+01
   1.2361730e+06   9.8205566e+01
   1.2362570e+06   3.6926270e+01
   1.2362950e+06   5.3344727e+01
   1.2364070e+06   4.1320801e+01
   1.2364600e+06   4.1687012e+01
   1.2366540e+06   3.7109375e+01
   1.2367560e+06   6.9152832e+01
   1.2369770e+06   3.7048340e+01
   1.2370190e+06   4.1564941e+01
   1.2371440e+06   7.2937012e+01
   1.2375450e+06   7.1289063e+01
   1.2375690e+06   4.0710449e+01
   1.2376210e+06   3.7170410e+01
   1.2376750e+06   3.6315918e+01
   1.2379480e+06   7.6171875e+01
   1.2381200e+06   3.6926270e+01
   1.2383660e+06   3.9245605e+01
   1.2389990e+06   3.5888672e+01
   1.2391070e+06   3.6987305e+01
   1.2395190e+06   4.4250488e+01
   1.2396300e+06   3.9367676e+01
   1.2398210e+06   3.6743164e+01
   1.2399110e+06   3.6437988e+01
   1.2402600e+06   3.6010742e+01
   1.2407850e+06   4.5288086e+01
   1.2409110e+06   3.6621094e+01
   1.2410040e+06   8.9416504e+01
   1.2413350e+06   4.1687012e+01
   1.2419020e+06   8.0322266e+01
   1.2420250e+06   3.7841797e+01
   1.2422720e+06   3.7170410e+01
   1.2423350e+06   3.7292480e+01
   1.2426460e+06   4.1320801e+01
   1.2427510e+06   8.5693359e+01
   1.2428880e+06   3.6071777e+01
   1.2430570e+06   4.4189453e+01
   1.2434110e+06   3.6743164e+01
   1.2435340e+06   9.2041016e+01
   1.2437990e+06   3.8146973e+01
   1.2440660e+06   4.1198730e+01
   1.2446180e+06   3.7353516e+01
   1.2452910e+06   3.7597656e+01
   1.2453060e+06   1.0028076e+02
   1.2456580e+06   7.8491211e+01
   1.2462960e+06   3.7902832e+01
   1.2468270e+06   3.7536621e+01
   1.2472440e+06   4.2297363e+01
   1.2473980e+06   9.4055176e+01
   1.2488490e+06   3.7841797e+01
   1.2494370e+06   8.9904785e+01
   1.2494680e+06   3.7658691e+01
   1.2500520e+06   8.2397461e+01
   1.2501130e+06   3.8146973e+01
   1.2507250e+06   3.7414551e+01
   1.2513920e+06   3.9999390e+03
   1.2514100e+06   3.0303955e+02
   1.2514250e+06   8.3068848e+01
   1.2514490e+06   9.7717285e+01
   1.2514680e+06   3.7475586e+01
   1.2514940e+06   4.8095703e+01
   1.2520240e+06   4.2114258e+01
   1.2528760e+06   3.9123535e+01
   1.2559930e+06   3.8940430e+01
   1.2564780e+06   3.7963867e+01
   1.2589010e+06   3.6804199e+01
   1.2985970e+06   3.8391113e+01
   1.2994790e+06   4.3395996e+01
   1.3014060e+06   3.9999390e+03
   1.3014190e+06   1.5899658e+02
   1.3014400e+06   2.6690674e+02
   1.3014600e+06   4.5410156e+01
   1.3014800e+06   4.6142578e+01
   1.3014960e+06   4.0710449e+01
   1.3015170e+06   5.0598145e+01
   1.3015400e+06   4.3151855e+01
   1.3015630e+06   4.9255371e+01
   1.3016190e+06   4.3212891e+01
   1.3021730e+06   5.8593750e+01
   1.3025010e+06   3.7658691e+01
   1.3044360e+06   3.8574219e+01
   1.3049630e+06   4.7729492e+01
   1.3061330e+06   4.0588379e+01
   1.3148830e+06   3.9672852e+01
   1.3165240e+06   3.9794922e+01
   1.3199210e+06   3.6499023e+01
   1.3233920e+06   3.7170410e+01
   1.3308620e+06   5.2429199e+01
   1.3319000e+06   4.0588379e+01
   1.3327810e+06   3.6376953e+01
   1.3360830e+06   4.3395996e+01
   1.3393530e+06   3.7597656e+01
   1.3399320e+06   4.0100098e+01
   1.3412370e+06   3.7902832e+01
   1.3424040e+06   3.7048340e+01
   1.3429270e+06   3.6376953e+01
   1.3446810e+06   4.2907715e+01
   1.3465620e+06   4.0710449e+01
   1.3503100e+06   4.5104980e+01
   1.3514200e+06   3.9999390e+03
   1.3514380e+06   3.4326172e+02
   1.3514530e+06   6.5063477e+01
   1.3514850e+06   1.1376953e+02
   1.3515080e+06   5.1025391e+01
   1.3515250e+06   4.3762207e+01
   1.3515380e+06   3.8574219e+01
   1.3515530e+06   5.1147461e+01
   1.3515710e+06   8.5632324e+01
   1.3515850e+06   3.7292480e+01
   1.3516130e+06   4.3579102e+01
   1.3516260e+06   4.7851563e+01
   1.3516550e+06   4.8217773e+01
   1.3516790e+06   3.6437988e+01
   1.3517030e+06   7.8308105e+01
   1.3517400e+06   3.6315918e+01
   1.3517570e+06   4.0466309e+01
   1.3517730e+06   3.9550781e+01
   1.3518180e+06   3.6621094e+01
   1.3518580e+06   3.6254883e+01
   1.3518750e+06   4.0954590e+01
   1.3518940e+06   5.8288574e+01
   1.3519040e+06   3.7414551e+01
   1.3519210e+06   4.5043945e+01
   1.3519790e+06   3.9611816e+01
   1.3519970e+06   4.4860840e+01
   1.3521180e+06   3.5888672e+01
   1.3521430e+06   6.3171387e+01
   1.3521620e+06   4.7973633e+01
   1.3521800e+06   3.6743164e+01
   1.3522010e+06   5.0476074e+01
   1.3522720e+06   4.9621582e+01
   1.3522900e+06   3.5888672e+01
   1.3523190e+06   4.7607422e+01
   1.3523930e+06   3.6560059e+01
   1.3524250e+06   4.3395996e+01
   1.3524470e+06   4.0039063e+01
   1.3525020e+06   4.0771484e+01
   1.3525360e+06   3.9550781e+01
   1.3526410e+06   3.7597656e+01
   1.3526700e+06   4.0405273e+01
   1.3527040e+06   3.7536621e+01
   1.3528230e+06   3.9184570e+01
   1.3529600e+06   3.9123535e+01
   1.3530050e+06   3.8024902e+01
   1.3533460e+06   4.2907715e+01
   1.3537910e+06   4.3701172e+01
   1.3662640e+06   3.9672852e+01
   1.3746510e+06   3.7902832e+01
   1.3757450e+06   3.9550781e+01
   1.3812800e+06   3.9916992e+01
   1.3826610e+06   3.9001465e+01
   1.3832090e+06   3.9306641e+01
   1.3872540e+06   4.0222168e+01
   1.3898440e+06   3.9306641e+01
   1.3909360e+06   3.6743164e+01
   1.3951830e+06   3.6987305e+01
   1.4009190e+06   3.9978027e+01
   1.4014320e+06   2.0083618e+03
   1.4014510e+06   3.5992432e+02
   1.4014680e+06   5.2062988e+01
   1.4014870e+06   5.3710937e+01
   1.4014970e+06   5.6152344e+01
   1.4015280e+06   5.5053711e+01
   1.4015450e+06   5.5419922e+01
   1.4015550e+06   7.6965332e+01
   1.4015700e+06   6.6162109e+01
   1.4016060e+06   4.1015625e+01
   1.4016440e+06   4.4189453e+01
   1.4016600e+06   4.2602539e+01
   1.4016760e+06   4.4799805e+01
   1.4017440e+06   3.6132813e+01
   1.4017930e+06   3.7902832e+01
   1.4018830e+06   3.9062500e+01
   1.4019600e+06   3.8452148e+01
   1.4020480e+06   3.8635254e+01
   1.4020800e+06   4.9255371e+01
   1.4021020e+06   4.9194336e+01
   1.4021190e+06   4.2602539e+01
   1.4021500e+06   3.8208008e+01
   1.4023000e+06   4.2297363e+01
   1.4023450e+06   3.5949707e+01
   1.4024940e+06   3.9184570e+01
   1.4025150e+06   3.6560059e+01
   1.4028430e+06   3.7719727e+01
   1.4215540e+06   4.1442871e+01
   1.4223110e+06   3.9550781e+01
   1.4257170e+06   4.1320801e+01
   1.4295610e+06   3.7414551e+01
   1.4357020e+06   3.8879395e+01
   1.4375050e+06   3.7109375e+01
   1.4379160e+06   3.5949707e+01
   1.4467670e+06   3.9489746e+01
   1.4481330e+06   3.8146973e+01
   1.4493440e+06   4.3212891e+01
   1.4504670e+06   4.0039063e+01
   1.4514480e+06   3.9999390e+03
   1.4514650e+06   3.3312988e+02
   1.4514850e+06   4.6508789e+01
   1.4514990e+06   5.6152344e+01
   1.4515250e+06   8.3862305e+01
   1.4515470e+06   9.5336914e+01
   1.4515690e+06   7.2875977e+01
   1.4516100e+06   4.2663574e+01
   1.4516360e+06   5.4626465e+01
   1.4516600e+06   4.5776367e+01
   1.4516810e+06   8.1604004e+01
   1.4517080e+06   4.7424316e+01
   1.4517330e+06   4.7973633e+01
   1.4517500e+06   4.2785645e+01
   1.4517880e+06   4.0466309e+01
   1.4518330e+06   4.8889160e+01
   1.4518520e+06   5.5175781e+01
   1.4518770e+06   4.2358398e+01
   1.4519030e+06   4.6081543e+01
   1.4519580e+06   3.6010742e+01
   1.4519820e+06   4.3518066e+01
   1.4519960e+06   3.6437988e+01
   1.4520230e+06   4.4372559e+01
   1.4520410e+06   3.6682129e+01
   1.4520650e+06   3.6315918e+01
   1.4520850e+06   3.7414551e+01
   1.4521120e+06   3.6193848e+01
   1.4521320e+06   5.3222656e+01
   1.4521540e+06   5.4687500e+01
   1.4521740e+06   3.8024902e+01
   1.4522150e+06   3.9672852e+01
   1.4522380e+06   5.3649902e+01
   1.4524450e+06   3.7109375e+01
   1.4525130e+06   4.1259766e+01
   1.4525800e+06   3.7109375e+01
   1.4526250e+06   4.1564941e+01
   1.4527760e+06   5.5236816e+01
   1.4528920e+06   4.8522949e+01
   1.4529710e+06   4.5471191e+01
   1.4531880e+06   4.1015625e+01
   1.4533540e+06   4.5471191e+01
   1.4635350e+06   3.9733887e+01
   1.4745890e+06   4.4677734e+01
   1.4748590e+06   3.9672852e+01
   1.4759250e+06   3.7109375e+01
   1.4776590e+06   3.9550781e+01
   1.4801910e+06   4.3518066e+01
   1.4809530e+06   3.8391113e+01
   1.4828580e+06   4.1687012e+01
   1.4860000e+06   3.7780762e+01
   1.4895420e+06   3.6804199e+01
   1.4909820e+06   3.6010742e+01
   1.4979740e+06   4.0161133e+01
   1.5014600e+06   2.0076904e+03
   1.5014790e+06   3.2952881e+02
   1.5015020e+06   5.5419922e+01
   1.5015140e+06   6.7260742e+01
   1.5015330e+06   5.7739258e+01
   1.5015540e+06   9.4177246e+01
   1.5015760e+06   7.2814941e+01
   1.5016050e+06   8.8012695e+01
   1.5016150e+06   3.7170410e+01
   1.5016290e+06   4.4128418e+01
   1.5016490e+06   3.6804199e+01
   1.5017270e+06   1.2200928e+02
   1.5017480e+06   5.3161621e+01
   1.5017700e+06   4.0039063e+01
   1.5019120e+06   4.2785645e+01
   1.5019500e+06   4.1870117e+01
   1.5020690e+06   3.9489746e+01
   1.5020810e+06   4.3334961e+01
   1.5021120e+06   3.6804199e+01
   1.5021220e+06   3.7353516e+01
   1.5023150e+06   4.3884277e+01
   1.5023620e+06   5.8349609e+01
   1.5025010e+06   3.7841797e+01
   1.5029590e+06   4.2602539e+01
   1.5032360e+06   5.2734375e+01
   1.5155830e+06   4.3640137e+01
   1.5167130e+06   3.7719727e+01
   1.5269240e+06   3.6010742e+01
   1.5314460e+06   4.0283203e+01
   1.5328430e+06   3.6560059e+01
   1.5358200e+06   3.9306641e+01
   1.5454340e+06   3.8146973e+01
   1.5481420e+06   4.2053223e+01
   1.5514740e+06   2.0107422e+03
   1.5514930e+06   3.5162354e+02
   1.5515100e+06   5.7434082e+01
   1.5515270e+06   4.5471191e+01
   1.5515490e+06   6.9396973e+01
   1.5515630e+06   4.8400879e+01
   1.5515970e+06   1.2030029e+02
   1.5516100e+06   1.0650635e+02
   1.5516310e+06   4.0405273e+01
   1.5516450e+06   4.1137695e+01
   1.5516580e+06   4.0161133e+01
   1.5516810e+06   7.8186035e+01
   1.5517190e+06   5.7189941e+01
   1.5517360e+06   6.0913086e+01
   1.5518390e+06   4.1870117e+01
   1.5518530e+06   4.8645020e+01
   1.5519080e+06   5.8105469e+01
   1.5519410e+06   3.9184570e+01
   1.5519890e+06   4.2358398e+01
   1.5520150e+06   3.8635254e+01
   1.5520450e+06   3.8635254e+01
   1.5521240e+06   4.6142578e+01
   1.5521740e+06   3.7841797e+01
   1.5522370e+06   4.1992188e+01
   1.5523160e+06   4.2602539e+01
   1.5523470e+06   3.7414551e+01
   1.5523640e+06   4.1442871e+01
   1.5524460e+06   4.0588379e+01
   1.5525720e+06   3.7109375e+01
   1.5585120e+06   3.9672852e+01
   1.5635400e+06   3.8208008e+01
   1.5707440e+06   4.2541504e+01
   1.5759320e+06   3.7475586e+01
   1.5799610e+06   4.0039063e+01
   1.5857500e+06   3.6010742e+01
   1.5910280e+06   4.2663574e+01
   1.6014900e+06   3.9999390e+03
   1.6015070e+06   3.2702637e+02
   1.6015270e+06   4.0466309e+01
   1.6015410e+06   6.2744141e+01
   1.6015570e+06   5.3100586e+01
   1.6015710e+06   4.7851563e+01
   1.6016140e+06   1.1871338e+02
   1.6016250e+06   4.5104980e+01
   1.6016370e+06   3.8085938e+01
   1.6016800e+06   5.1086426e+01
   1.6017040e+06   7.0312500e+01
   1.6017340e+06   5.8593750e+01
   1.6017510e+06   4.5166016e+01
   1.6017870e+06   3.9428711e+01
   1.6019070e+06   3.8146973e+01
   1.6019920e+06   3.9367676e+01
   1.6024770e+06   3.9489746e+01
   1.6031930e+06   3.8330078e+01
   1.6194980e+06   3.6682129e+01
   1.6213400e+06   3.8146973e+01
   1.6216720e+06   3.6315918e+01
   1.6219750e+06   3.6315918e+01
   1.6253500e+06   3.8879395e+01
   1.6280800e+06   3.8024902e+01
   1.6298270e+06   3.7292480e+01
   1.6320120e+06   3.8818359e+01
   1.6408740e+06   3.9733887e+01
   1.6479430e+06   4.0954590e+01
   1.6490120e+06   3.7963867e+01
   1.6514870e+06   3.6437988e+01
   1.6515040e+06   3.9999390e+03
   1.6515210e+06   3.5449219e+02
   1.6515360e+06   4.4494629e+01
   1.6515510e+06   6.5490723e+01
   1.6515710e+06   6.4208984e+01
   1.6515840e+06   7.7575684e+01
   1.6516020e+06   3.6926270e+01
   1.6516420e+06   4.0039063e+01
   1.6516550e+06   3.6804199e+01
   1.6516910e+06   6.3598633e+01
   1.6517050e+06   4.5410156e+01
   1.6517270e+06   7.4645996e+01
   1.6517450e+06   5.1025391e+01
   1.6517630e+06   5.5725098e+01
   1.6517970e+06   3.8696289e+01
   1.6518310e+06   3.7048340e+01
   1.6519210e+06   4.5593262e+01
   1.6523530e+06   4.4738770e+01
   1.6534800e+06   3.6132813e+01
   1.6711480e+06   3.7780762e+01
   1.6726300e+06   4.5837402e+01
   1.6767060e+06   3.6132813e+01
   1.6791390e+06   3.6437988e+01
   1.6884420e+06   3.7292480e+01
   1.6932520e+06   3.8757324e+01
   1.6941710e+06   3.6621094e+01
   1.7005630e+06   4.7607422e+01
   1.7005890e+06   5.0903320e+01
   1.7006190e+06   3.6376953e+01
   1.7006390e+06   4.7119141e+01
   1.7006550e+06   4.6997070e+01
   1.7007070e+06   4.4921875e+01
   1.7007180e+06   4.9316406e+01
   1.7007380e+06   3.8085938e+01
   1.7007580e+06   4.1687012e+01
   1.7007850e+06   3.5949707e+01
   1.7008230e+06   3.8696289e+01
   1.7009010e+06   6.0241699e+01
   1.7010200e+06   3.7414551e+01
   1.7013020e+06   3.5949707e+01
   1.7015180e+06   3.9999390e+03
   1.7015350e+06   3.2940674e+02
   1.7015460e+06   8.0932617e+01
   1.7015760e+06   4.3762207e+01
   1.7015890e+06   4.5043945e+01
   1.7016030e+06   5.3100586e+01
   1.7016560e+06   3.8269043e+01
   1.7016730e+06   4.0527344e+01
   1.7021320e+06   3.5888672e+01
   1.7130330e+06   3.8635254e+01
   1.7164000e+06   4.4982910e+01
   1.7237700e+06   3.6743164e+01
   1.7308040e+06   4.1809082e+01
   1.7325380e+06   3.7841797e+01
   1.7357420e+06   4.1015625e+01
   1.7432160e+06   3.7109375e+01
   1.7450800e+06   3.6804199e+01
   1.7458590e+06   3.6010742e+01
   1.7515320e+06   3.9999390e+03
   1.7515490e+06   3.4802246e+02
   1.7515680e+06   4.0527344e+01
   1.7515830e+06   4.8706055e+01
   1.7515970e+06   3.7231445e+01
   1.7516140e+06   5.4016113e+01
   1.7516450e+06   6.2805176e+01
   1.7516630e+06   7.5866699e+01
   1.7516760e+06   5.3771973e+01
   1.7517120e+06   4.3029785e+01
   1.7517660e+06   5.9814453e+01
   1.7517810e+06   6.5368652e+01
   1.7518030e+06   5.2490234e+01
   1.7518290e+06   3.7048340e+01
   1.7518450e+06   3.6499023e+01
   1.7519250e+06   5.1452637e+01
   1.7523540e+06   3.6987305e+01
   1.7652640e+06   4.2785645e+01
   1.7691570e+06   3.7170410e+01
   1.7797210e+06   3.8330078e+01
   1.7801790e+06   3.7048340e+01
   1.7824440e+06   3.7170410e+01
   1.7888690e+06   4.1076660e+01
   1.7897630e+06   3.6743164e+01
   1.7915000e+06   3.7231445e+01
   1.7932480e+06   3.7841797e+01
   1.7982420e+06   3.8024902e+01
   1.7992790e+06   3.6254883e+01
   1.8015460e+06   3.9999390e+03
   1.8015630e+06   3.5504150e+02
   1.8015800e+06   5.4260254e+01
   1.8015930e+06   7.1228027e+01
   1.8016120e+06   8.0383301e+01
   1.8016500e+06   5.4626465e+01
   1.8016700e+06   7.3730469e+01
   1.8016980e+06   5.5725098e+01
   1.8017250e+06   4.1076660e+01
   1.8017390e+06   5.4077148e+01
   1.8017790e+06   6.4086914e+01
   1.8018090e+06   9.3566895e+01
   1.8018530e+06   3.7048340e+01
   1.8019860e+06   3.7353516e+01
   1.8128950e+06   3.6193848e+01
   1.8303700e+06   3.6560059e+01
   1.8356370e+06   3.6254883e+01
   1.8448490e+06   3.7048340e+01
   1.8466780e+06   4.3029785e+01
   1.8515580e+06   2.0095215e+03
   1.8515780e+06   3.5461426e+02
   1.8516150e+06   9.7167969e+01
   1.8516300e+06   4.8522949e+01
   1.8516620e+06   4.1503906e+01
   1.8516760e+06   6.9885254e+01
   1.8516900e+06   5.6518555e+01
   1.8517250e+06   6.8725586e+01
   1.8517380e+06   6.5185547e+01
   1.8517650e+06   4.5898438e+01
   1.8517960e+06   6.8664551e+01
   1.8518490e+06   3.5949707e+01
   1.8518620e+06   4.0100098e+01
   1.8518960e+06   4.4799805e+01
   1.8519690e+06   3.6682129e+01
   1.8524150e+06   3.7841797e+01
   1.8622640e+06   3.9794922e+01
   1.8623880e+06   3.8024902e+01
   1.8709370e+06   4.2053223e+01
   1.8738770e+06   5.2124023e+01
   1.8777130e+06   3.6132813e+01
   1.8798220e+06   3.6987305e+01
   1.8832220e+06   3.7109375e+01
   1.8930310e+06   3.7475586e+01
   1.9000030e+06   3.7658691e+01
   1.9015720e+06   2.0061646e+03
   1.9015910e+06   3.5485840e+02
   1.9016070e+06   4.7973633e+01
   1.9016270e+06   6.2377930e+01
   1.9016590e+06   6.6894531e+01
   1.9016700e+06   6.4453125e+01
   1.9016940e+06   6.3659668e+01
   1.9017050e+06   6.4025879e+01
   1.9017560e+06   4.2663574e+01
   1.9017670e+06   4.0100098e+01
   1.9017960e+06   6.2377930e+01
   1.9018470e+06   6.6528320e+01
   1.9018750e+06   4.5043945e+01
   1.9030870e+06   3.8146973e+01
   1.9148720e+06   3.8635254e+01
   1.9268070e+06   3.7414551e+01
   1.9323970e+06   4.1931152e+01
   1.9482900e+06   3.9794922e+01
   1.9515880e+06   3.9999390e+03
   1.9516050e+06   3.2745361e+02
   1.9516240e+06   3.9062500e+01
   1.9516360e+06   4.8339844e+01
   1.9516580e+06   6.3049316e+01
   1.9516800e+06   5.0231934e+01
   1.9516970e+06   4.1076660e+01
   1.9517230e+06   4.2480469e+01
   1.9517330e+06   8.5876465e+01
   1.9517520e+06   4.4250488e+01
   1.9517760e+06   3.6010742e+01
   1.9518070e+06   8.3740234e+01
   1.9518250e+06   4.7790527e+01
   1.9518410e+06   4.5532227e+01
   1.9519810e+06   4.2907715e+01
   1.9524720e+06   4.1625977e+01
   1.9526420e+06   3.7597656e+01
   1.9623750e+06   3.6926270e+01
   1.9697900e+06   3.5888672e+01
   1.9772090e+06   4.5043945e+01
   1.9831580e+06   3.6071777e+01
   1.9887120e+06   3.7597656e+01
   2.0016020e+06   3.9999390e+03
   2.0016190e+06   3.1469727e+02
   2.0016360e+06   4.2358398e+01
   2.0016570e+06   6.8298340e+01
   2.0016690e+06   6.6894531e+01
   2.0016880e+06   7.5317383e+01
   2.0017250e+06   9.7412109e+01
   2.0017350e+06   6.5490723e+01
   2.0017470e+06   5.5175781e+01
   2.0017770e+06   4.1625977e+01
   2.0018040e+06   3.7963867e+01
   2.0018350e+06   7.1044922e+01
   2.0018620e+06   3.9916992e+01
   2.0018880e+06   7.5683594e+01
   2.0019190e+06   5.8776855e+01
   2.0019690e+06   4.6142578e+01
   2.0020090e+06   4.7302246e+01
   2.0020240e+06   3.5949707e+01
   2.0020820e+06   3.8879395e+01
   2.0021910e+06   3.8146973e+01
   2.0022190e+06   3.6621094e+01
   2.0023490e+06   4.0100098e+01
   2.0027940e+06   3.6621094e+01
   2.0257130e+06   3.8330078e+01
   2.0257620e+06   3.7170410e+01
   2.0257840e+06   4.9865723e+01
   2.0258020e+06   9.0515137e+01
   2.0258220e+06   7.8674316e+01
   2.0258320e+06   5.0292969e+01
   2.0258580e+06   4.3334961e+01
   2.0258830e+06   8.0505371e+01
   2.0259030e+06   6.7199707e+01
   2.0259330e+06   3.6254883e+01
   2.0259570e+06   6.8420410e+01
   2.0259740e+06   5.8776855e+01
   2.0259980e+06   9.2834473e+01
   2.0260140e+06   2.1765137e+02
   2.0260270e+06   4.9682617e+01
   2.0260460e+06   7.0678711e+01
   2.0260670e+06   8.6791992e+01
   2.0260980e+06   2.0623779e+02
   2.0261220e+06   5.1635742e+01
   2.0261390e+06   6.9580078e+01
   2.0261540e+06   5.9997559e+01
   2.0261810e+06   7.0007324e+01
   2.0262190e+06   4.4860840e+01
   2.0262450e+06   1.1346436e+02
   2.0262560e+06   1.8170166e+02
   2.0262780e+06   5.1269531e+01
   2.0262970e+06   4.7851563e+01
   2.0263100e+06   6.2683105e+01
   2.0263400e+06   5.2795410e+01
   2.0263570e+06   9.0576172e+01
   2.0263820e+06   6.5856934e+01
   2.0264020e+06   8.7158203e+01
   2.0264180e+06   1.5283203e+02
   2.0264480e+06   3.8940430e+01
   2.0264750e+06   4.4677734e+01
   2.0264940e+06   4.1259766e+01
   2.0265140e+06   6.4880371e+01
   2.0265290e+06   9.5031738e+01
   2.0265500e+06   4.0954590e+01
   2.0265740e+06   4.9804688e+01
   2.0266010e+06   6.0974121e+01
   2.0266140e+06   5.5969238e+01
   2.0266340e+06   4.3518066e+01
   2.0266780e+06   6.8359375e+01
   2.0266960e+06   4.3579102e+01
   2.0267110e+06   6.5979004e+01
   2.0267660e+06   3.7109375e+01
   2.0267770e+06   5.9875488e+01
   2.0267960e+06   5.0354004e+01
   2.0268070e+06   3.5949707e+01
   2.0268310e+06   4.5043945e+01
   2.0268580e+06   3.7170410e+01
   2.0268740e+06   5.2856445e+01
   2.0268960e+06   4.2602539e+01
   2.0269130e+06   7.7148438e+01
   2.0269730e+06   3.6804199e+01
   2.0269960e+06   4.6142578e+01
   2.0270090e+06   5.8959961e+01
   2.0270320e+06   3.8269043e+01
   2.0270670e+06   4.3701172e+01
   2.0270980e+06   7.9223633e+01
   2.0271380e+06   5.7128906e+01
   2.0271830e+06   5.3588867e+01
   2.0272350e+06   6.2377930e+01
   2.0272720e+06   3.8574219e+01
   2.0272840e+06   3.9550781e+01
   2.0273400e+06   3.7170410e+01
   2.0273620e+06   3.9855957e+01
   2.0273750e+06   5.0292969e+01
   2.0273850e+06   5.7067871e+01
   2.0274410e+06   3.7231445e+01
   2.0274540e+06   3.8208008e+01
   2.0274760e+06   6.0729980e+01
   2.0275080e+06   7.7026367e+01
   2.0275260e+06   4.7485352e+01
   2.0275950e+06   4.2663574e+01
   2.0276370e+06   4.8156738e+01
   2.0276580e+06   7.7148438e+01
   2.0277290e+06   7.4157715e+01
   2.0278750e+06   4.9133301e+01
   2.0278930e+06   9.9731445e+01
   2.0279070e+06   3.8818359e+01
   2.0279340e+06   3.8757324e+01
   2.0279790e+06   3.6193848e+01
   2.0279910e+06   8.4594727e+01
   2.0281200e+06   3.9855957e+01
   2.0281410e+06   3.6499023e+01
   2.0282140e+06   4.1748047e+01
   2.0282790e+06   6.0668945e+01
   2.0283150e+06   4.2419434e+01
   2.0284530e+06   4.5959473e+01
   2.0284940e+06   4.4555664e+01
   2.0289290e+06   3.6682129e+01
   2.0290000e+06   5.9020996e+01
   2.0292510e+06   4.8217773e+01
   2.0296660e+06   4.3701172e+01
   2.0298840e+06   4.3334961e+01
   2.0299870e+06   3.7536621e+01
   2.0302260e+06   3.7536621e+01
   2.0306460e+06   3.6315918e+01
   2.0310270e+06   3.6376953e+01
   2.0312420e+06   4.5654297e+01
   2.0313280e+06   3.9611816e+01
   2.0318530e+06   3.6071777e+01
   2.0319500e+06   4.3334961e+01
   2.0322330e+06   4.7973633e+01
   2.0326610e+06   3.7780762e+01
   2.0327520e+06   3.7109375e+01
   2.0329380e+06   3.6132813e+01
   2.0337290e+06   3.7536621e+01
   2.0339440e+06   3.8940430e+01
   2.0341440e+06   8.3984375e+01
   2.0342030e+06   3.6071777e+01
   2.0352850e+06   4.4433594e+01
   2.0353190e+06   8.3862305e+01
   2.0358350e+06   3.8391113e+01
   2.0359880e+06   3.9611816e+01
   2.0360050e+06   4.9072266e+01
   2.0361440e+06   9.4970703e+01
   2.0365460e+06   3.6071777e+01
   2.0369390e+06   3.9794922e+01
   2.0382630e+06   4.3029785e+01
   2.0384360e+06   3.6743164e+01
   2.0391590e+06   3.8024902e+01
   2.0409500e+06   3.6315918e+01
   2.0412630e+06   3.9489746e+01
   2.0422460e+06   3.6804199e+01
   2.0424970e+06   3.6376953e+01
   2.0428730e+06   4.0954590e+01
   2.0434580e+06   3.6315918e+01
   2.0446610e+06   4.1198730e+01
   2.0479720e+06   3.7231445e+01
   2.0490630e+06   4.0771484e+01
   2.0496250e+06   3.7292480e+01
   2.0512410e+06   3.8574219e+01
   2.0516140e+06   2.0059204e+03
   2.0516350e+06   3.4936523e+02
   2.0516660e+06   8.2519531e+01
   2.0516820e+06   6.7138672e+01
   2.0516980e+06   4.4555664e+01
   2.0517140e+06   4.8461914e+01
   2.0517240e+06   5.5480957e+01
   2.0517480e+06   3.9794922e+01
   2.0517800e+06   4.1870117e+01
   2.0870350e+06   3.6682129e+01
   2.0992750e+06   4.1992188e+01
   2.1016300e+06   3.9999390e+03
   2.1016480e+06   3.5870361e+02
   2.1016640e+06   6.5368652e+01
   2.1016800e+06   6.6528320e+01
   2.1016950e+06   4.7058105e+01
   2.1017210e+06   4.8706055e+01
   2.1017470e+06   6.6406250e+01
   2.1017700e+06   6.0119629e+01
   2.1017850e+06   3.7109375e+01
   2.1017970e+06   3.8452148e+01
   2.1018650e+06   9.3444824e+01
   2.1018950e+06   4.9560547e+01
   2.1023210e+06   4.3701172e+01
   2.1025250e+06   3.9306641e+01
   2.1026270e+06   3.6804199e+01
   2.1026940e+06   4.0161133e+01
   2.1032170e+06   3.7475586e+01
   2.1043720e+06   4.4799805e+01
   2.1120960e+06   3.7780762e+01
   2.1129430e+06   4.3701172e+01
   2.1181630e+06   3.6743164e+01
   2.1191300e+06   3.6621094e+01
   2.1239030e+06   4.0405273e+01
   2.1263780e+06   4.2236328e+01
   2.1274790e+06   4.2114258e+01
   2.1276460e+06   3.6621094e+01
   2.1290100e+06   4.3945313e+01
   2.1307290e+06   4.8461914e+01
   2.1313800e+06   3.7414551e+01
   2.1317620e+06   4.4189453e+01
   2.1359110e+06   3.6743164e+01
   2.1364230e+06   4.3212891e+01
   2.1372130e+06   3.7780762e+01
   2.1379720e+06   3.8574219e+01
   2.1382830e+06   3.9672852e+01
   2.1383720e+06   4.3029785e+01
   2.1383950e+06   4.5959473e+01
   2.1384140e+06   5.5297852e+01
   2.1384440e+06   4.8095703e+01
   2.1384670e+06   5.1208496e+01
   2.1384940e+06   5.3894043e+01
   2.1385080e+06   4.0832520e+01
   2.1385420e+06   1.0162354e+02
   2.1385550e+06   3.7841797e+01
   2.1385760e+06   5.0231934e+01
   2.1386030e+06   1.0168457e+02
   2.1386240e+06   1.0168457e+02
   2.1386420e+06   3.7902832e+01
   2.1386580e+06   3.8879395e+01
   2.1386820e+06   4.4189453e+01
   2.1387160e+06   7.8918457e+01
   2.1387280e+06   4.1748047e+01
   2.1387440e+06   4.0100098e+01
   2.1387540e+06   4.5471191e+01
   2.1387720e+06   5.3710938e+01
   2.1387970e+06   6.2744141e+01
   2.1388200e+06   5.8349609e+01
   2.1388510e+06   6.6833496e+01
   2.1388740e+06   6.0852051e+01
   2.1388900e+06   5.1757812e+01
   2.1389050e+06   5.3161621e+01
   2.1389390e+06   6.3049316e+01
   2.1389540e+06   4.5654297e+01
   2.1389770e+06   5.1269531e+01
   2.1389900e+06   1.6247559e+02
   2.1390140e+06   3.9367676e+01
   2.1390380e+06   5.7189941e+01
   2.1390670e+06   8.3740234e+01
   2.1390770e+06   1.2127686e+02
   2.1391040e+06   6.1340332e+01
   2.1391360e+06   3.5949707e+01
   2.1391590e+06   1.2261963e+02
   2.1391850e+06   5.5175781e+01
   2.1391990e+06   3.9306641e+01
   2.1392190e+06   4.8034668e+01
   2.1392460e+06   8.9538574e+01
   2.1392570e+06   8.6181641e+01
   2.1392870e+06   3.9916992e+01
   2.1393180e+06   7.6293945e+01
   2.1393470e+06   4.8767090e+01
   2.1393890e+06   4.1809082e+01
   2.1394080e+06   4.5349121e+01
   2.1394320e+06   6.7993164e+01
   2.1394530e+06   9.5520020e+01
   2.1394800e+06   4.1687012e+01
   2.1395190e+06   5.4382324e+01
   2.1395350e+06   3.9062500e+01
   2.1395620e+06   3.9916992e+01
   2.1395920e+06   5.6518555e+01
   2.1396370e+06   3.7780762e+01
   2.1396630e+06   3.6926270e+01
   2.1396850e+06   3.8818359e+01
   2.1397420e+06   9.9487305e+01
   2.1397730e+06   3.8574219e+01
   2.1397960e+06   4.6752930e+01
   2.1398060e+06   3.8635254e+01
   2.1398870e+06   3.5949707e+01
   2.1399250e+06   1.4337158e+02
   2.1399490e+06   5.0415039e+01
   2.1399590e+06   4.3090820e+01
   2.1399720e+06   3.6987305e+01
   2.1401270e+06   4.2785645e+01
   2.1401860e+06   4.2053223e+01
   2.1402350e+06   4.3640137e+01
   2.1402670e+06   4.0588379e+01
   2.1404240e+06   4.6264648e+01
   2.1412200e+06   4.3579102e+01
   2.1417100e+06   3.9855957e+01
   2.1420690e+06   1.0003662e+02
   2.1421310e+06   3.5949707e+01
   2.1423790e+06   3.7353516e+01
   2.1424400e+06   9.5275879e+01
   2.1426960e+06   9.4421387e+01
   2.1428340e+06   7.9162598e+01
   2.1429430e+06   3.9550781e+01
   2.1430050e+06   6.8420410e+01
   2.1430360e+06   3.6315918e+01
   2.1431400e+06   5.0964355e+01
   2.1431810e+06   3.7719727e+01
   2.1432830e+06   6.4941406e+01
   2.1434260e+06   6.0241699e+01
   2.1435680e+06   6.4208984e+01
   2.1436070e+06   5.2917480e+01
   2.1437200e+06   6.0119629e+01
   2.1438740e+06   6.7016602e+01
   2.1440150e+06   5.6091309e+01
   2.1441940e+06   5.7922363e+01
   2.1443420e+06   6.0791016e+01
   2.1445020e+06   3.6010742e+01
   2.1447700e+06   7.7758789e+01
   2.1450280e+06   8.0932617e+01
   2.1452870e+06   7.6660156e+01
   2.1453020e+06   3.7170410e+01
   2.1455400e+06   7.5805664e+01
   2.1457970e+06   6.9458008e+01
   2.1459750e+06   7.0922852e+01
   2.1459940e+06   3.7353516e+01
   2.1462850e+06   8.3190918e+01
   2.1470330e+06   7.9772949e+01
   2.1472380e+06   7.4279785e+01
   2.1473120e+06   3.5949707e+01
   2.1476180e+06   5.0109863e+01
   2.1478640e+06   8.4777832e+01
   2.1481680e+06   7.7819824e+01
   2.1482020e+06   3.8330078e+01
   2.1484760e+06   3.7719727e+01
   2.1490620e+06   9.1308594e+01
   2.1494500e+06   8.1054688e+01
   2.1498200e+06   8.3923340e+01
   2.1499820e+06   5.1574707e+01
   2.1501940e+06   6.2377930e+01
   2.1502730e+06   3.7109375e+01
   2.1505610e+06   8.9172363e+01
   2.1516420e+06   2.0064697e+03
   2.1516630e+06   3.2110596e+02
   2.1516930e+06   8.4411621e+01
   2.1517120e+06   6.2927246e+01
   2.1517350e+06   5.0964355e+01
   2.1517580e+06   7.4218750e+01
   2.1517780e+06   4.8767090e+01
   2.1518080e+06   4.1076660e+01
   2.1518300e+06   3.7902832e+01
   2.1539930e+06   4.1625977e+01
   2.1572110e+06   3.7902832e+01
   2.1576800e+06   4.2907715e+01
   2.1606550e+06   4.3579102e+01
   2.1641630e+06   5.4809570e+01
   2.1653500e+06   3.8818359e+01
   2.1680250e+06   3.6437988e+01
   2.1735170e+06   3.6682129e+01
   2.1769830e+06   3.7780762e+01
   2.1787940e+06   4.5043945e+01
   2.1800360e+06   3.6926270e+01
   2.1809840e+06   3.9794922e+01
   2.1813550e+06   3.5888672e+01
   2.1818250e+06   4.2053223e+01
   2.1846540e+06   4.0832520e+01
   2.1859950e+06   3.6560059e+01
   2.1866220e+06   3.7658691e+01
   2.1874720e+06   4.4128418e+01
   2.1886020e+06   4.3457031e+01
   2.1896530e+06   3.8574219e+01
   2.1919690e+06   3.6315918e+01
   2.1969780e+06   3.7292480e+01
   2.2001470e+06   3.7170410e+01
   2.2016560e+06   2.0065308e+03
   2.2016760e+06   3.4411621e+02
   2.2016950e+06   4.1809082e+01
   2.2017160e+06   1.7675781e+02
   2.2017330e+06   6.8664551e+01
   2.2017540e+06   5.2795410e+01
   2.2017720e+06   6.6284180e+01
   2.2017930e+06   5.3100586e+01
   2.2018080e+06   5.2856445e+01
   2.2018310e+06   5.5603027e+01
   2.2018570e+06   3.6987305e+01
   2.2018900e+06   2.6953125e+02
   2.2019110e+06   5.6213379e+01
   2.2019250e+06   5.2001953e+01
   2.2019490e+06   4.9682617e+01
   2.2019590e+06   5.1452637e+01
   2.2019800e+06   5.0231934e+01
   2.2020100e+06   1.3720703e+02
   2.2020330e+06   1.8963623e+02
   2.2020530e+06   4.8217773e+01
   2.2020680e+06   4.8278809e+01
   2.2020870e+06   6.7749023e+01
   2.2021070e+06   8.4106445e+01
   2.2021350e+06   1.4068604e+02
   2.2021540e+06   5.7861328e+01
   2.2021740e+06   1.0760498e+02
   2.2021960e+06   4.3273926e+01
   2.2022120e+06   7.6965332e+01
   2.2022460e+06   1.2103271e+02
   2.2022610e+06   4.8583984e+01
   2.2022770e+06   4.8522949e+01
   2.2023350e+06   4.8339844e+01
   2.2023540e+06   5.2246094e+01
   2.2023960e+06   3.9123535e+01
   2.2024140e+06   3.7780762e+01
   2.2024500e+06   1.1340332e+02
   2.2024630e+06   6.0058594e+01
   2.2024800e+06   3.6193848e+01
   2.2025050e+06   4.5654297e+01
   2.2025170e+06   4.3823242e+01
   2.2025290e+06   4.3212891e+01
   2.2025540e+06   3.9611816e+01
   2.2025670e+06   4.9987793e+01
   2.2025800e+06   4.1381836e+01
   2.2026070e+06   4.4311523e+01
   2.2026270e+06   4.1931152e+01
   2.2026500e+06   5.7678223e+01
   2.2026750e+06   5.1879883e+01
   2.2026980e+06   5.9814453e+01
   2.2027420e+06   6.6711426e+01
   2.2027920e+06   6.3110352e+01
   2.2028270e+06   3.9550781e+01
   2.2028490e+06   4.0222168e+01
   2.2028770e+06   3.8940430e+01
   2.2028980e+06   5.3649902e+01
   2.2029140e+06   3.6560059e+01
   2.2029450e+06   4.0954590e+01
   2.2029740e+06   4.0161133e+01
   2.2029900e+06   3.7719727e+01
   2.2030590e+06   3.7841797e+01
   2.2030810e+06   5.0048828e+01
   2.2031040e+06   5.3527832e+01
   2.2031140e+06   4.9255371e+01
   2.2031940e+06   3.9794922e+01
   2.2032230e+06   5.3833008e+01
   2.2032450e+06   3.9489746e+01
   2.2032740e+06   5.8227539e+01
   2.2033030e+06   4.3640137e+01
   2.2033260e+06   4.3457031e+01
   2.2033770e+06   3.6865234e+01
   2.2033920e+06   9.5092773e+01
   2.2034330e+06   4.3762207e+01
   2.2035620e+06   3.7353516e+01
   2.2037320e+06   3.8879395e+01
   2.2042870e+06   3.6804199e+01
   2.2050900e+06   4.7058105e+01
   2.2052480e+06   3.7292480e+01
   2.2056430e+06   3.9001465e+01
   2.2065300e+06   1.0180664e+02
   2.2075340e+06   3.5949707e+01
   2.2083170e+06   9.7351074e+01
   2.2084230e+06   3.9123535e+01
   2.2087950e+06   1.0101318e+02
   2.2089720e+06   9.4299316e+01
   2.2093830e+06   8.0078125e+01
   2.2098600e+06   7.8979492e+01
   2.2103250e+06   8.4350586e+01
   2.2105350e+06   3.9306641e+01
   2.2112920e+06   8.2580566e+01
   2.2113620e+06   3.6804199e+01
   2.2115290e+06   7.5988770e+01
   2.2119250e+06   7.9467773e+01
   2.2121400e+06   6.8725586e+01
   2.2124220e+06   3.6376953e+01
   2.2129120e+06   4.3334961e+01
   2.2146850e+06   4.3884277e+01
   2.2149580e+06   3.7475586e+01
   2.2155430e+06   9.1735840e+01
   2.2167270e+06   8.6181641e+01
   2.2172760e+06   4.4555664e+01
   2.2184410e+06   3.6254883e+01
   2.2217240e+06   4.1198730e+01
   2.2236960e+06   3.7292480e+01
   2.2250450e+06   3.8696289e+01
   2.2281490e+06   3.8818359e+01
   2.2288460e+06   3.9062500e+01
   2.2315480e+06   3.6254883e+01
   2.2340320e+06   3.9978027e+01
   2.2358460e+06   4.0161133e+01
   2.2364590e+06   3.9733887e+01
   2.2365800e+06   3.9672852e+01
   2.2367800e+06   3.9916992e+01
   2.2369200e+06   5.9631348e+01
   2.2369360e+06   6.6467285e+01
   2.2371160e+06   5.2429199e+01
   2.2373860e+06   3.8024902e+01
   2.2374850e+06   4.8095703e+01
   2.2377000e+06   4.4982910e+01
   2.2378410e+06   5.0109863e+01
   2.2379160e+06   4.1687012e+01
   2.2379360e+06   3.7109375e+01
   2.2379580e+06   4.3701172e+01
   2.2380440e+06   5.1147461e+01
   2.2380900e+06   4.3457031e+01
   2.2381050e+06   4.7912598e+01
   2.2384630e+06   4.5654297e+01
   2.2385600e+06   4.5410156e+01
   2.2507120e+06   3.9184570e+01
   2.2516700e+06   2.0084839e+03
   2.2516900e+06   3.4863281e+02
   2.2517050e+06   6.6772461e+01
   2.2517170e+06   6.4575195e+01
   2.2517350e+06   6.2866211e+01
   2.2517580e+06   6.0913086e+01
   2.2517750e+06   4.4067383e+01
   2.2518050e+06   6.5002441e+01
   2.2518220e+06   6.8115234e+01
   2.2518440e+06   3.8940430e+01
   2.2518600e+06   4.8095703e+01
   2.2519140e+06   3.6193848e+01
   2.2519540e+06   3.8513184e+01
   2.2520300e+06   4.5837402e+01
   2.2520780e+06   3.7841797e+01
   2.2522020e+06   4.2663574e+01
   2.2522130e+06   3.6682129e+01
   2.2528830e+06   4.0954590e+01
   2.2635290e+06   3.6621094e+01
   2.2657960e+06   3.6743164e+01
   2.2660070e+06   3.8452148e+01
   2.2660280e+06   5.2001953e+01
   2.2660430e+06   3.7414551e+01
   2.2660730e+06   4.8583984e+01
   2.2660850e+06   4.0039063e+01
   2.2661250e+06   3.9611816e+01
   2.2661680e+06   4.1320801e+01
   2.2662040e+06   4.9804688e+01
   2.2662440e+06   3.8024902e+01
   2.2662550e+06   5.7983398e+01
   2.2662750e+06   4.8278809e+01
   2.2663140e+06   4.5349121e+01
   2.2663620e+06   5.2978516e+01
   2.2664060e+06   3.7841797e+01
   2.2664930e+06   4.5715332e+01
   2.2671380e+06   3.6499023e+01
   2.2773530e+06   3.7536621e+01
   2.2794920e+06   3.6499023e+01
   2.2798330e+06   3.8085938e+01
   2.2799100e+06   4.1137695e+01
   2.2799240e+06   4.3640137e+01
   2.2799620e+06   3.9245605e+01
   2.2799770e+06   6.6101074e+01
   2.2799920e+06   7.4584961e+01
   2.2800070e+06   4.3579102e+01
   2.2800260e+06   3.6437988e+01
   2.2800520e+06   4.0405273e+01
   2.2800630e+06   3.9489746e+01
   2.2800900e+06   5.7739258e+01
   2.2801330e+06   7.2631836e+01
   2.2801430e+06   8.1481934e+01
   2.2801540e+06   5.3161621e+01
   2.2801790e+06   4.8461914e+01
   2.2802020e+06   6.1096191e+01
   2.2802260e+06   3.7841797e+01
   2.2802410e+06   6.6711426e+01
   2.2802680e+06   4.1137695e+01
   2.2802790e+06   2.2351074e+02
   2.2803230e+06   3.6743164e+01
   2.2803370e+06   3.6621094e+01
   2.2803650e+06   3.9245605e+01
   2.2804350e+06   3.6499023e+01
   2.2805580e+06   4.5715332e+01
   2.2805730e+06   4.1931152e+01
   2.2938560e+06   3.7597656e+01
   2.2958800e+06   3.7475586e+01
   2.2969950e+06   4.0344238e+01
   2.2973910e+06   4.0466309e+01
   2.2976750e+06   3.7414551e+01
   2.2977900e+06   4.8217773e+01
   2.2978090e+06   3.7658691e+01
   2.2979510e+06   3.8696289e+01
   2.2981780e+06   4.7241211e+01
   2.3016860e+06   3.9999390e+03
   2.3017040e+06   3.2623291e+02
   2.3017250e+06   7.5073242e+01
   2.3017350e+06   5.4931641e+01
   2.3017550e+06   7.0983887e+01
   2.3017670e+06   6.4270020e+01
   2.3017980e+06   1.0040283e+02
   2.3018090e+06   5.5786133e+01
   2.3018410e+06   5.2490234e+01
   2.3018700e+06   6.6345215e+01
   2.3018840e+06   7.1533203e+01
   2.3018970e+06   4.4677734e+01
   2.3019410e+06   4.6325684e+01
   2.3020600e+06   5.6945801e+01
   2.3023980e+06   3.9062500e+01
   2.3024430e+06   4.0222168e+01
   2.3027370e+06   3.6193848e+01
   2.3032380e+06   4.3945313e+01
   2.3120300e+06   3.6926270e+01
   2.3184480e+06   3.6621094e+01
   2.3186210e+06   3.6315918e+01
   2.3188640e+06   4.3151855e+01
   2.3189970e+06   4.4616699e+01
   2.3190080e+06   4.6752930e+01
   2.3190300e+06   4.6936035e+01
   2.3190460e+06   8.2763672e+01
   2.3191140e+06   4.3579102e+01
   2.3191340e+06   4.2297363e+01
   2.3191620e+06   1.1297607e+02
   2.3191750e+06   3.7048340e+01
   2.3191860e+06   4.6081543e+01
   2.3192300e+06   6.1462402e+01
   2.3192410e+06   4.7729492e+01
   2.3192720e+06   3.6560059e+01
   2.3193090e+06   5.2368164e+01
   2.3193220e+06   3.8940430e+01
   2.3193380e+06   3.7353516e+01
   2.3193990e+06   4.1503906e+01
   2.3194180e+06   9.1857910e+01
   2.3308820e+06   3.7231445e+01
   2.3340880e+06   3.6682129e+01
   2.3429910e+06   3.9794922e+01
   2.3457170e+06   3.6682129e+01
   2.3517000e+06   2.0078125e+03
   2.3517130e+06   1.5405273e+02
   2.3517330e+06   2.4206543e+02
   2.3517590e+06   4.0039063e+01
   2.3517690e+06   5.8288574e+01
   2.3517850e+06   5.4992676e+01
   2.3518120e+06   1.8341064e+02
   2.3518230e+06   5.6823730e+01
   2.3518380e+06   3.6010742e+01
   2.3518500e+06   4.3823242e+01
   2.3518740e+06   4.5593262e+01
   2.3518860e+06   4.1137695e+01
   2.3519110e+06   6.0852051e+01
   2.3519210e+06   6.5673828e+01
   2.3519620e+06   8.7097168e+01
   2.3519740e+06   3.9611816e+01
   2.3520260e+06   7.5134277e+01
   2.3520440e+06   6.2438965e+01
   2.3521250e+06   4.8583984e+01
   2.3521450e+06   6.6528320e+01
   2.3521550e+06   8.3557129e+01
   2.3521870e+06   6.7565918e+01
   2.3522070e+06   6.5246582e+01
   2.3522290e+06   3.7353516e+01
   2.3522490e+06   7.1716309e+01
   2.3522790e+06   4.7546387e+01
   2.3522980e+06   7.1655273e+01
   2.3523150e+06   4.1687012e+01
   2.3523250e+06   4.6020508e+01
   2.3523580e+06   3.8879395e+01
   2.3524030e+06   5.9753418e+01
   2.3524190e+06   4.4799805e+01
   2.3524310e+06   6.1828613e+01
   2.3524480e+06   4.0222168e+01
   2.3524750e+06   4.7058105e+01
   2.3525060e+06   5.2124023e+01
   2.3526150e+06   4.3884277e+01
   2.3526920e+06   5.2062988e+01
   2.3527170e+06   3.9611816e+01
   2.3527840e+06   3.7780762e+01
   2.3528050e+06   3.6682129e+01
   2.3528460e+06   3.6804199e+01
   2.3528970e+06   3.9733887e+01
   2.3529980e+06   4.2236328e+01
   2.3531040e+06   4.8278809e+01
   2.3531500e+06   4.0710449e+01
   2.3532870e+06   3.8208008e+01
   2.3533280e+06   3.8452148e+01
   2.3537450e+06   3.7841797e+01
   2.3539200e+06   4.0405273e+01
   2.3561410e+06   3.6682129e+01
   2.3575360e+06   3.9611816e+01
   2.3581530e+06   3.6926270e+01
   2.3627460e+06   3.7231445e+01
   2.3633650e+06   3.9611816e+01
   2.3649580e+06   5.3955078e+01
   2.3712050e+06   3.9062500e+01
   2.3717810e+06   3.7902832e+01
   2.3750670e+06   4.0405273e+01
   2.3755250e+06   3.9916992e+01
   2.3825330e+06   3.7597656e+01
   2.3831130e+06   4.6447754e+01
   2.3840410e+06   3.6376953e+01
   2.3888040e+06   3.9733887e+01
   2.3939300e+06   3.7353516e+01
   2.3968970e+06   3.7658691e+01
   2.3981060e+06   3.7353516e+01
   2.3998280e+06   3.5888672e+01
   2.4001590e+06   4.5776367e+01
   2.4011510e+06   3.8635254e+01
   2.4017120e+06   2.0063477e+03
   2.4017320e+06   3.1286621e+02
   2.4017510e+06   6.2133789e+01
   2.4017680e+06   6.4575195e+01
   2.4017780e+06   7.7209473e+01
   2.4018150e+06   9.8876953e+01
   2.4018390e+06   6.6528320e+01
   2.4018500e+06   6.3598633e+01
   2.4018730e+06   5.6762695e+01
   2.4019040e+06   3.9367676e+01
   2.4019170e+06   3.8452148e+01
   2.4019380e+06   3.7231445e+01
   2.4019650e+06   4.9621582e+01
   2.4019840e+06   8.0261230e+01
   2.4020180e+06   6.1401367e+01
   2.4020440e+06   3.7475586e+01
   2.4020730e+06   4.8034668e+01
   2.4020910e+06   9.5947266e+01
   2.4021100e+06   3.6376953e+01
   2.4022100e+06   3.6010742e+01
   2.4022260e+06   4.0832520e+01
   2.4022430e+06   4.3579102e+01
   2.4023190e+06   3.8574219e+01
   2.4023630e+06   3.8085938e+01
   2.4024480e+06   4.1381836e+01
   2.4024710e+06   4.8400879e+01
   2.4150490e+06   3.7658691e+01
   2.4175070e+06   4.4006348e+01
   2.4200290e+06   3.9367676e+01
   2.4202730e+06   3.8269043e+01
   2.4379280e+06   4.1931152e+01
   2.4400860e+06   3.8757324e+01
   2.4414640e+06   4.2785645e+01
   2.4458000e+06   5.4199219e+01
   2.4464250e+06   3.9306641e+01
   2.4478500e+06   3.6804199e+01
   2.4482430e+06   4.0222168e+01
   2.4504010e+06   3.8513184e+01
   2.4517260e+06   2.0066528e+03
   2.4517460e+06   3.4381104e+02
   2.4517620e+06   4.5166016e+01
   2.4517810e+06   5.7861328e+01
   2.4518030e+06   6.0913086e+01
   2.4518310e+06   5.2795410e+01
   2.4518470e+06   4.8522949e+01
   2.4518740e+06   4.0283203e+01
   2.4519050e+06   3.5949707e+01
   2.4519320e+06   4.3029785e+01
   2.4519470e+06   3.9794922e+01
   2.4519750e+06   6.0058594e+01
   2.4520020e+06   5.0598145e+01
   2.4521810e+06   4.1687012e+01
   2.4522620e+06   4.6875000e+01
   2.4524080e+06   3.6254883e+01
   2.4524510e+06   3.6499023e+01
   2.4524820e+06   4.5654297e+01
   2.4525390e+06   6.7749023e+01
   2.4525910e+06   3.7231445e+01
   2.4526370e+06   4.0832520e+01
   2.4526640e+06   4.6936035e+01
   2.4526960e+06   3.6560059e+01
   2.4530590e+06   3.6926270e+01
   2.4532860e+06   4.6203613e+01
   2.4645060e+06   3.8391113e+01
   2.4732360e+06   3.6315918e+01
   2.4880660e+06   3.9245605e+01
   2.4895570e+06   3.8146973e+01
   2.4906950e+06   3.9001465e+01
   2.4915380e+06   3.6132813e+01
   2.4941390e+06   3.9001465e+01
   2.5044570e+06   5.2612305e+01
   2.5102660e+06   3.6010742e+01
   2.5153730e+06   3.8452148e+01
   2.5268840e+06   3.5949707e+01
   2.5273150e+06   3.6193848e+01
   2.5296830e+06   3.5949707e+01
   2.5506920e+06   5.6152344e+01
   2.5662800e+06   3.5949707e+01
   2.5678830e+06   3.7109375e+01
   2.5739850e+06   3.8635254e+01
   2.5779070e+06   3.6315918e+01
   2.5787490e+06   4.0344238e+01
   2.5891680e+06   3.9062500e+01
   2.5904200e+06   3.6682129e+01
   2.5916440e+06   5.4809570e+01
   2.5954890e+06   4.2846680e+01
   2.5972520e+06   3.7048340e+01
   2.5982180e+06   3.6987305e+01
   2.6022340e+06   3.9306641e+01
   2.6139710e+06   3.7353516e+01
   2.6146810e+06   3.6071777e+01
   2.6175740e+06   3.6743164e+01
   2.6188830e+06   3.6743164e+01
   2.6190550e+06   3.8940430e+01
   2.6257880e+06   3.9306641e+01
   2.6335210e+06   3.6254883e+01
   2.6389940e+06   3.7292480e+01
   2.6390510e+06   3.7353516e+01
   2.6392080e+06   5.0781250e+01
   2.6392340e+06   4.5227051e+01
   2.6392640e+06   1.1614990e+02
   2.6392990e+06   5.4809570e+01
   2.6393330e+06   3.7658691e+01
   2.6393550e+06   5.0903320e+01
   2.6393720e+06   4.0222168e+01
   2.6393990e+06   5.6518555e+01
   2.6394180e+06   4.6203613e+01
   2.6394520e+06   5.5847168e+01
   2.6394740e+06   5.0964355e+01
   2.6394850e+06   4.1931152e+01
   2.6395170e+06   3.6865234e+01
   2.6396770e+06   3.8452148e+01
   2.6421090e+06   3.8330078e+01
   2.6421320e+06   4.5593262e+01
   2.6421820e+06   4.6691895e+01
   2.6421960e+06   3.9794922e+01
   2.6422190e+06   5.2124023e+01
   2.6422450e+06   3.9733887e+01
   2.6423010e+06   8.7036133e+01
   2.6423260e+06   6.1035156e+01
   2.6423610e+06   6.2866211e+01
   2.6423760e+06   3.8330078e+01
   2.6423900e+06   4.1198730e+01
   2.6424270e+06   4.6447754e+01
   2.6424460e+06   9.1918945e+01
   2.6425080e+06   3.7780762e+01
   2.6425350e+06   3.7292480e+01
   2.6427120e+06   3.7475586e+01
   2.6635600e+06   3.7048340e+01
   2.6779410e+06   3.8574219e+01
   2.6855470e+06   4.0039063e+01
   2.6910140e+06   3.6987305e+01
   2.6929180e+06   3.6376953e+01
   2.7026590e+06   3.9062500e+01
   2.7040770e+06   3.7658691e+01
   2.7047830e+06   4.0405273e+01
   2.7132400e+06   3.6926270e+01
   2.7212270e+06   3.6926270e+01
   2.7256750e+06   3.8208008e+01
   2.7288530e+06   4.2175293e+01
   2.7421920e+06   3.7109375e+01
   2.7489590e+06   3.6132813e+01
   2.7574300e+06   3.7231445e+01
   2.7622610e+06   4.8889160e+01
   2.7751090e+06   3.7536621e+01
   2.7853230e+06   3.9184570e+01
   2.7856570e+06   3.6132813e+01
   2.7931430e+06   4.1748047e+01
   2.7988130e+06   3.6376953e+01
   2.7990480e+06   3.8452148e+01
   2.7991150e+06   4.2297363e+01
   2.7991250e+06   6.2927246e+01
   2.7991790e+06   4.1687012e+01
   2.7992000e+06   4.8034668e+01
   2.7992100e+06   4.2297363e+01
   2.7992550e+06   4.5043945e+01
   2.7993390e+06   4.9438477e+01
   2.8230060e+06   3.8879395e+01
   2.8419650e+06   3.8269043e+01
   2.8454080e+06   4.1198730e+01
   2.8466780e+06   3.7963867e+01
   2.8472810e+06   3.7048340e+01
   2.8487550e+06   4.7851563e+01
   2.8487820e+06   3.8818359e+01
   2.8488340e+06   3.8330078e+01
   2.8488480e+06   6.4758301e+01
   2.8488640e+06   1.1779785e+02
   2.8488740e+06   3.8330078e+01
   2.8489030e+06   7.3059082e+01
   2.8489130e+06   6.1523438e+01
   2.8489510e+06   5.5053711e+01
   2.8489830e+06   8.9233398e+01
   2.8490050e+06   1.7645264e+02
   2.8490200e+06   7.4523926e+01
   2.8490380e+06   5.8593750e+01
   2.8490680e+06   2.1649170e+02
   2.8490780e+06   5.9448242e+01
   2.8491130e+06   4.9377441e+01
   2.8491310e+06   7.5256348e+01
   2.8491420e+06   7.2509766e+01
   2.8491680e+06   2.9595947e+02
   2.8491790e+06   6.6040039e+01
   2.8491970e+06   4.7180176e+01
   2.8492100e+06   7.9345703e+01
   2.8492560e+06   1.6552734e+02
   2.8492720e+06   1.2011719e+02
   2.8493050e+06   7.1838379e+01
   2.8493360e+06   7.6660156e+01
   2.8493690e+06   1.0668945e+02
   2.8493890e+06   4.4372559e+01
   2.8494020e+06   6.0913086e+01
   2.8494380e+06   5.8166504e+01
   2.8494650e+06   7.6782227e+01
   2.8494860e+06   4.8278809e+01
   2.8495150e+06   4.1076660e+01
   2.8495270e+06   7.1228027e+01
   2.8495510e+06   4.3701172e+01
   2.8495670e+06   4.8400879e+01
   2.8496180e+06   4.0771484e+01
   2.8496480e+06   4.1992188e+01
   2.8496580e+06   5.7556152e+01
   2.8496800e+06   4.0832520e+01
   2.8496990e+06   4.8461914e+01
   2.8497340e+06   4.3212891e+01
   2.8497660e+06   6.0852051e+01
   2.8497880e+06   5.4260254e+01
   2.8498220e+06   5.0964355e+01
   2.8498710e+06   4.6630859e+01
   2.8498920e+06   4.0039063e+01
   2.8499190e+06   6.4392090e+01
   2.8499330e+06   7.4096680e+01
   2.8499550e+06   4.0527344e+01
   2.8499960e+06   3.9001465e+01
   2.8500220e+06   4.1564941e+01
   2.8500330e+06   6.5551758e+01
   2.8500620e+06   5.1757813e+01
   2.8500790e+06   4.2175293e+01
   2.8501020e+06   3.7597656e+01
   2.8501210e+06   4.4006348e+01
   2.8501540e+06   6.0668945e+01
   2.8501690e+06   4.7790527e+01
   2.8502110e+06   3.6071777e+01
   2.8502500e+06   3.9367676e+01
   2.8502750e+06   5.1391602e+01
   2.8502920e+06   4.7119141e+01
   2.8503330e+06   4.7485352e+01
   2.8503650e+06   4.3395996e+01
   2.8503990e+06   5.2062988e+01
   2.8504250e+06   5.0903320e+01
   2.8504830e+06   4.0954590e+01
   2.8504990e+06   4.0161133e+01
   2.8505390e+06   5.7739258e+01
   2.8505600e+06   4.1381836e+01
   2.8505960e+06   4.7424316e+01
   2.8506190e+06   4.0344238e+01
   2.8506790e+06   4.2114258e+01
   2.8506900e+06   9.0026855e+01
   2.8507400e+06   4.2785645e+01
   2.8507890e+06   4.7912598e+01
   2.8509040e+06   4.4982910e+01
   2.8509400e+06   4.8217773e+01
   2.8509560e+06   4.3151855e+01
   2.8510200e+06   8.4594727e+01
   2.8510650e+06   3.8146973e+01
   2.8512040e+06   3.9550781e+01
   2.8512290e+06   4.4799805e+01
   2.8512430e+06   4.7363281e+01
   2.8513250e+06   5.0598145e+01
   2.8514440e+06   3.8330078e+01
   2.8514730e+06   3.6804199e+01
   2.8516640e+06   8.5388184e+01
   2.8516870e+06   3.6804199e+01
   2.8517580e+06   3.7353516e+01
   2.8518490e+06   5.6457520e+01
   2.8521240e+06   6.3537598e+01
   2.8524530e+06   3.6315918e+01
   2.8524650e+06   6.8664551e+01
   2.8527370e+06   3.9916992e+01
   2.8531730e+06   4.1381836e+01
   2.8537580e+06   3.7353516e+01
   2.8539570e+06   3.8146973e+01
   2.8543410e+06   3.9001465e+01
   2.8549640e+06   3.6315918e+01
   2.8550580e+06   4.0649414e+01
   2.8553930e+06   3.6743164e+01
   2.8558990e+06   3.9550781e+01
   2.8561160e+06   3.6315918e+01
   2.8562020e+06   4.0405273e+01
   2.8563550e+06   5.1757813e+01
   2.8564810e+06   3.7292480e+01
   2.8566120e+06   3.7902832e+01
   2.8566310e+06   9.7229004e+01
   2.8572820e+06   3.7109375e+01
   2.8577470e+06   4.2846680e+01
   2.8578250e+06   3.9672852e+01
   2.8583990e+06   3.6865234e+01
   2.8585130e+06   3.6926270e+01
   2.8586220e+06   3.8024902e+01
   2.8587530e+06   3.7170410e+01
   2.8592150e+06   4.0161133e+01
   2.8597610e+06   3.9306641e+01
   2.8599200e+06   4.0405273e+01
   2.8603320e+06   1.0949707e+02
   2.8607440e+06   8.6303711e+01
   2.8609650e+06   3.8818359e+01
   2.8612940e+06   3.8513184e+01
   2.8614230e+06   4.4921875e+01
   2.8619120e+06   3.6499023e+01
   2.8620590e+06   3.8757324e+01
   2.8625640e+06   3.6254883e+01
   2.8628580e+06   3.8330078e+01
   2.8641390e+06   3.6926270e+01
   2.8644950e+06   5.1513672e+01
   2.8651170e+06   4.9316406e+01
   2.8657890e+06   3.6743164e+01
   2.8662240e+06   3.6132813e+01
   2.8679580e+06   4.3945313e+01
   2.8688430e+06   3.7475586e+01
   2.8693840e+06   3.9306641e+01
   2.8697450e+06   3.9794922e+01
   2.8711240e+06   3.7048340e+01
   2.8926550e+06   4.1381836e+01
   2.9001750e+06   3.8574219e+01
   2.9014050e+06   3.6682129e+01
   2.9024440e+06   3.8574219e+01
   2.9027740e+06   3.6682129e+01
   2.9093680e+06   3.8391113e+01
   2.9117790e+06   3.7719727e+01
   2.9124950e+06   3.7292480e+01
   2.9156640e+06   3.6193848e+01
   2.9206240e+06   3.7170410e+01
   2.9256720e+06   4.3273926e+01
   2.9259880e+06   3.8208008e+01
   2.9265040e+06   3.9794922e+01
   2.9284820e+06   3.8208008e+01
   2.9289670e+06   3.7414551e+01
   2.9296800e+06   3.5949707e+01
   2.9331910e+06   3.6804199e+01
   2.9337530e+06   3.9245605e+01
   2.9381280e+06   4.2846680e+01
   2.9406200e+06   3.9428711e+01
   2.9417210e+06   3.9428711e+01
   2.9417760e+06   3.7292480e+01
   2.9418190e+06   5.0598145e+01
   2.9418370e+06   6.5002441e+01
   2.9418590e+06   3.7353516e+01
   2.9418810e+06   3.9184570e+01
   2.9418970e+06   4.9194336e+01
   2.9419320e+06   3.6926270e+01
   2.9419510e+06   9.5336914e+01
   2.9419860e+06   4.1748047e+01
   2.9419960e+06   5.9387207e+01
   2.9420270e+06   4.6081543e+01
   2.9420710e+06   4.5959473e+01
   2.9420830e+06   5.6579590e+01
   2.9421020e+06   6.9335938e+01
   2.9421190e+06   6.1523438e+01
   2.9421670e+06   4.0954590e+01
   2.9422070e+06   3.8452148e+01
   2.9423100e+06   3.7475586e+01
   2.9424150e+06   5.1269531e+01
   2.9424800e+06   4.1870117e+01
   2.9426230e+06   3.6437988e+01
   2.9427290e+06   3.8574219e+01
   2.9562600e+06   3.5949707e+01
   2.9574940e+06   3.7658691e+01
   2.9580870e+06   3.8513184e+01
   2.9617990e+06   4.2907715e+01
   2.9672820e+06   4.0649414e+01
   2.9673880e+06   3.7353516e+01
   2.9674500e+06   3.6437988e+01
   2.9674700e+06   4.4494629e+01
   2.9675070e+06   4.0588379e+01
   2.9675210e+06   4.0527344e+01
   2.9678120e+06   4.8400879e+01
   2.9679510e+06   3.7109375e+01
   2.9679880e+06   4.0649414e+01
   2.9680160e+06   4.2053223e+01
   2.9680410e+06   8.4350586e+01
   2.9680580e+06   4.9621582e+01
   2.9680720e+06   3.6865234e+01
   2.9680870e+06   4.3945313e+01
   2.9681220e+06   9.9853516e+01
   2.9681390e+06   1.3183594e+02
   2.9681590e+06   6.8298340e+01
   2.9681760e+06   4.3457031e+01
   2.9681910e+06   4.5898438e+01
   2.9682280e+06   6.2133789e+01
   2.9682600e+06   7.6477051e+01
   2.9682800e+06   3.9611816e+01
   2.9682930e+06   5.5664063e+01
   2.9683120e+06   3.8574219e+01
   2.9683270e+06   3.7780762e+01
   2.9683460e+06   6.1889648e+01
   2.9683850e+06   7.2082520e+01
   2.9684040e+06   5.4321289e+01
   2.9684330e+06   4.6081543e+01
   2.9684630e+06   2.0715332e+02
   2.9684780e+06   4.0222168e+01
   2.9684970e+06   5.0964355e+01
   2.9685440e+06   5.1452637e+01
   2.9685740e+06   4.3823242e+01
   2.9686100e+06   5.5419922e+01
   2.9686380e+06   4.4311523e+01
   2.9687110e+06   3.9306641e+01
   2.9687210e+06   3.9550781e+01
   2.9687520e+06   4.7668457e+01
   2.9688500e+06   5.1208496e+01
   2.9689110e+06   4.1503906e+01
   2.9689700e+06   3.6315918e+01
   2.9690040e+06   3.7414551e+01
   2.9691860e+06   3.6682129e+01
   2.9692230e+06   3.6132813e+01
   2.9694780e+06   4.0893555e+01
   2.9695720e+06   3.7780762e+01
   2.9696510e+06   3.6743164e+01
   2.9927570e+06   3.7780762e+01
   2.9956300e+06   3.6804199e+01
   2.9974740e+06   4.0405273e+01
