   2.9990000e+06   0.0000000e+00
   1.0420000e+03   3.9742432e+03
   1.0670000e+03   4.3884277e+01
   1.0950000e+03   5.2917480e+01
   1.1230000e+03   5.5603027e+01
   1.1820000e+03   5.4382324e+01
   4.1367000e+04   4.0344238e+01
   5.1054000e+04   1.9741821e+03
   5.1081000e+04   6.5124512e+01
   5.1091000e+04   4.6875000e+01
   5.1121000e+04   5.3405762e+01
   5.1142000e+04   4.6264648e+01
   5.1173000e+04   4.0039063e+01
   5.1187000e+04   6.3354492e+01
   5.1234000e+04   5.5725098e+01
   5.1267000e+04   6.9885254e+01
   5.1282000e+04   7.9956055e+01
   5.1295000e+04   5.2429199e+01
   5.1444000e+04   4.2114258e+01
   5.1751000e+04   4.3518066e+01
   5.1840000e+04   4.1442871e+01
   9.3019000e+04   4.1748047e+01
   9.3072000e+04   4.1809082e+01
   9.3098000e+04   4.8217773e+01
   9.3115000e+04   5.7861328e+01
   9.3129000e+04   4.1198730e+01
   9.3159000e+04   5.3344727e+01
   9.3183000e+04   6.4819336e+01
   9.3205000e+04   6.3537598e+01
   9.3223000e+04   5.7678223e+01
   9.3255000e+04   4.4311523e+01
   9.3265000e+04   4.6264648e+01
   9.3295000e+04   6.5185547e+01
   9.3312000e+04   5.7617188e+01
   9.3348000e+04   5.2124023e+01
   9.3373000e+04   4.5410156e+01
   9.3393000e+04   4.5288086e+01
   9.3420000e+04   6.4819336e+01
   9.3433000e+04   7.0678711e+01
   9.3480000e+04   4.3395996e+01
   9.3508000e+04   4.8522949e+01
   9.3524000e+04   4.1809082e+01
   9.3539000e+04   4.0344238e+01
   9.3553000e+04   5.8471680e+01
   9.3570000e+04   5.8166504e+01
   9.3619000e+04   4.2297363e+01
   1.0107000e+05   3.9721680e+03
   1.0108800e+05   5.1940918e+01
   1.0110600e+05   5.7434082e+01
   1.0114000e+05   4.3273926e+01
   1.0115000e+05   4.2968750e+01
   1.5108400e+05   3.9684448e+03
   1.5110300e+05   6.4331055e+01
   1.5115500e+05   4.0100098e+01
   1.5117800e+05   4.3273926e+01
   1.5119300e+05   5.9814453e+01
   1.5120300e+05   4.1809082e+01
   1.5122400e+05   6.5673828e+01
   1.5124000e+05   4.1015625e+01
   1.5125400e+05   4.6997070e+01
   1.5132900e+05   4.0405273e+01
   1.5136600e+05   5.4565430e+01
   1.7334700e+05   4.2358398e+01
   1.7338000e+05   4.6020508e+01
   1.7340900e+05   4.6630859e+01
   1.7342500e+05   4.3640137e+01
   1.7344300e+05   4.6142578e+01
   1.7347000e+05   8.1542969e+01
   1.7348300e+05   4.5593262e+01
   1.7350600e+05   6.9335938e+01
   1.7354200e+05   5.6213379e+01
   1.7355700e+05   4.0466309e+01
   1.7358700e+05   6.3659668e+01
   1.7360800e+05   4.6264648e+01
   1.7363900e+05   8.3007813e+01
   1.7365200e+05   4.7729492e+01
   1.7369100e+05   4.2480469e+01
   1.7373200e+05   4.3823242e+01
   1.7374900e+05   4.1503906e+01
   1.7376700e+05   5.5664063e+01
   1.7377800e+05   4.1259766e+01
   1.7381300e+05   6.1828613e+01
   1.7383100e+05   4.1259766e+01
   1.7385400e+05   4.9377441e+01
   1.7389200e+05   5.2856445e+01
   1.7420300e+05   4.5593262e+01
   2.0109600e+05   1.9780273e+03
   2.0112200e+05   5.6762695e+01
   2.0113200e+05   5.7434082e+01
   2.0118500e+05   6.5185547e+01
   2.0122300e+05   4.2541504e+01
   2.0123700e+05   4.8950195e+01
   2.0127500e+05   4.3090820e+01
   2.0130800e+05   4.4250488e+01
   2.3727500e+05   4.7485352e+01
   2.3729200e+05   4.5898438e+01
   2.3731700e+05   4.7790527e+01
   2.3732700e+05   5.9936523e+01
   2.3735500e+05   5.2429199e+01
   2.3737800e+05   6.7077637e+01
   2.3740900e+05   5.6091309e+01
   2.3743200e+05   6.1462402e+01
   2.3744500e+05   7.0739746e+01
   2.3745700e+05   5.4321289e+01
   2.3747600e+05   5.3161621e+01
   2.3748800e+05   7.3486328e+01
   2.3752100e+05   6.7993164e+01
   2.3754200e+05   6.4819336e+01
   2.3757000e+05   4.0039063e+01
   2.3760400e+05   4.3640137e+01
   2.3763600e+05   5.5114746e+01
   2.3764900e+05   4.4189453e+01
   2.3773200e+05   4.4921875e+01
   2.3781400e+05   4.0832520e+01
   2.3782800e+05   4.7180176e+01
   2.3790500e+05   4.2846680e+01
   2.3799700e+05   4.7546387e+01
   2.5111200e+05   3.9766235e+03
   2.5113700e+05   5.4077148e+01
   2.5120000e+05   5.7312012e+01
   2.5130600e+05   4.3640137e+01
   3.0112400e+05   1.9872437e+03
   3.0114400e+05   5.6030273e+01
   3.0116000e+05   4.3945313e+01
   3.0122100e+05   4.8583984e+01
   3.0127000e+05   4.3640137e+01
   3.0135700e+05   7.2570801e+01
   3.0142300e+05   4.5532227e+01
   3.0181800e+05   5.1147461e+01
   3.0186300e+05   4.2541504e+01
   3.0213900e+05   4.1809082e+01
   3.2682300e+05   4.8095703e+01
   3.2683400e+05   6.6955566e+01
   3.2687400e+05   4.2785645e+01
   3.2690600e+05   4.7424316e+01
   3.2692700e+05   4.7973633e+01
   3.2694400e+05   4.2114258e+01
   3.2696400e+05   5.3527832e+01
   3.2700300e+05   4.0771484e+01
   3.2706600e+05   4.9255371e+01
   3.2708300e+05   5.6396484e+01
   3.2713600e+05   4.3090820e+01
   3.2720700e+05   5.1818848e+01
   3.2722400e+05   5.6335449e+01
   3.2726000e+05   4.5166016e+01
   3.5113800e+05   1.9747925e+03
   3.5115700e+05   4.4433594e+01
   3.5117500e+05   5.2124023e+01
   3.5122600e+05   4.5898438e+01
   3.5126900e+05   4.4311523e+01
   3.5130300e+05   4.5837402e+01
   3.5154500e+05   4.2175293e+01
   3.8520600e+05   5.8593750e+01
   3.8522500e+05   5.1513672e+01
   3.8525600e+05   4.3945313e+01
   3.8529400e+05   5.9082031e+01
   3.8531200e+05   4.7912598e+01
   3.8537300e+05   5.7800293e+01
   3.8539500e+05   4.8522949e+01
   3.8542400e+05   4.9560547e+01
   3.8544600e+05   4.5959473e+01
   3.8547700e+05   4.5776367e+01
   3.8552500e+05   4.8583984e+01
   3.8555100e+05   4.2053223e+01
   3.8557000e+05   7.7392578e+01
   3.8558300e+05   4.1442871e+01
   3.8560400e+05   5.0598145e+01
   3.8563900e+05   4.3212891e+01
   3.8567100e+05   5.0659180e+01
   3.8571900e+05   4.2663574e+01
   3.8575200e+05   5.1574707e+01
   3.8581700e+05   4.5715332e+01
   3.8588700e+05   4.0344238e+01
   3.8602000e+05   4.6936035e+01
   3.8611400e+05   4.1809082e+01
   4.0115200e+05   1.9806519e+03
   4.0117800e+05   6.3720703e+01
   4.0118800e+05   5.0476074e+01
   4.0121200e+05   4.6875000e+01
   4.0124100e+05   5.2551270e+01
   4.5116600e+05   1.9822388e+03
   4.5117800e+05   5.9753418e+01
   4.5120500e+05   4.4921875e+01
   4.5125400e+05   5.8105469e+01
   4.5126500e+05   5.0170898e+01
   4.5130100e+05   4.1931152e+01
   4.5132300e+05   4.0466309e+01
   4.5134100e+05   4.3090820e+01
   4.5147400e+05   4.5166016e+01
   5.0118000e+05   1.9860840e+03
   5.0119900e+05   6.0729980e+01
   5.0121500e+05   5.3100586e+01
   5.0125200e+05   4.3334961e+01
   5.0129200e+05   5.1391602e+01
   5.0139300e+05   4.2968750e+01
   5.4381800e+05   5.4626465e+01
   5.4385100e+05   6.1401367e+01
   5.4386500e+05   6.0974121e+01
   5.4388500e+05   4.6936035e+01
   5.4390500e+05   4.1198730e+01
   5.4391900e+05   4.6630859e+01
   5.4393800e+05   4.3701172e+01
   5.4397200e+05   5.0170898e+01
   5.4399500e+05   6.6223145e+01
   5.4401500e+05   4.1015625e+01
   5.4404500e+05   8.3007813e+01
   5.4406200e+05   7.9467773e+01
   5.4409100e+05   5.4321289e+01
   5.4410400e+05   5.3039551e+01
   5.4411800e+05   6.6833496e+01
   5.4415400e+05   5.9509277e+01
   5.4416800e+05   5.0048828e+01
   5.4418500e+05   4.3823242e+01
   5.4421400e+05   4.0100098e+01
   5.4423100e+05   4.0710449e+01
   5.4425000e+05   5.0170898e+01
   5.4426600e+05   7.1899414e+01
   5.4429400e+05   5.0231934e+01
   5.4431900e+05   4.1870117e+01
   5.4432900e+05   4.8217773e+01
   5.4433900e+05   7.5805664e+01
   5.4436300e+05   7.0373535e+01
   5.4439300e+05   5.1879883e+01
   5.4441400e+05   5.5236816e+01
   5.4446600e+05   4.6508789e+01
   5.4447700e+05   5.3222656e+01
   5.4449200e+05   4.1076660e+01
   5.4451500e+05   4.7607422e+01
   5.4455500e+05   4.6081543e+01
   5.4461900e+05   4.8156738e+01
   5.4469200e+05   4.4250488e+01
   5.4471800e+05   4.0283203e+01
   5.4477400e+05   4.2663574e+01
   5.4480000e+05   4.6569824e+01
   5.4485800e+05   4.1992188e+01
   5.4487200e+05   4.4372559e+01
   5.4492700e+05   4.0405273e+01
   5.4524800e+05   4.1687012e+01
   5.5119400e+05   1.9756470e+03
   5.5122900e+05   5.3100586e+01
   6.0121000e+05   3.9754639e+03
   6.0122500e+05   6.1340332e+01
   6.0124500e+05   5.2673340e+01
   6.0126900e+05   7.7575684e+01
   6.0129000e+05   5.2062988e+01
   6.0130400e+05   4.5715332e+01
   6.0131600e+05   4.0161133e+01
   6.0136100e+05   5.0720215e+01
   6.3496800e+05   4.6325684e+01
   6.3499900e+05   4.9194336e+01
   6.3501100e+05   4.8034668e+01
   6.3503200e+05   5.4016113e+01
   6.3507500e+05   6.1462402e+01
   6.3509200e+05   4.3518066e+01
   6.3511300e+05   5.8532715e+01
   6.3512700e+05   5.0231934e+01
   6.3514500e+05   4.8217773e+01
   6.3516600e+05   4.8461914e+01
   6.3518100e+05   7.2814941e+01
   6.3520600e+05   6.4514160e+01
   6.3522000e+05   4.1076660e+01
   6.3524400e+05   4.7363281e+01
   6.3527200e+05   8.0993652e+01
   6.3529800e+05   5.4138184e+01
   6.3533400e+05   4.9804688e+01
   6.3535700e+05   4.7363281e+01
   6.3539800e+05   6.1889648e+01
   6.3541400e+05   5.5664063e+01
   6.3542800e+05   4.7119141e+01
   6.3544800e+05   4.8095703e+01
   6.3548500e+05   4.6875000e+01
   6.3556700e+05   5.3039551e+01
   6.3560000e+05   4.9377441e+01
   6.5122400e+05   3.9769287e+03
   6.5124800e+05   5.2795410e+01
   6.5127000e+05   4.7607422e+01
   6.5131100e+05   4.0283203e+01
   6.5132600e+05   6.2438965e+01
   6.5135500e+05   5.4565430e+01
   6.5143100e+05   6.8603516e+01
   7.0123600e+05   1.9869385e+03
   7.0125700e+05   6.6589355e+01
   7.0127200e+05   6.3110352e+01
   7.0132900e+05   4.2236328e+01
   7.0134200e+05   4.4738770e+01
   7.0136400e+05   5.8227539e+01
   7.0138000e+05   4.0405273e+01
   7.0139300e+05   4.4250488e+01
   7.0142700e+05   4.0893555e+01
   7.0145600e+05   4.6569824e+01
   7.0150600e+05   5.1452637e+01
   7.0185700e+05   4.1320801e+01
   7.0187300e+05   4.0649414e+01
   7.0196400e+05   4.4067383e+01
   7.0198900e+05   4.2358398e+01
   7.5125200e+05   2.0155029e+03
   7.5127100e+05   6.0058594e+01
   7.5128700e+05   4.8278809e+01
   7.5132100e+05   4.2663574e+01
   7.5133800e+05   4.6875000e+01
   7.5134900e+05   5.2856445e+01
   7.5138300e+05   4.7058105e+01
   7.5141600e+05   9.3933105e+01
   7.5143700e+05   4.8034668e+01
   7.5146500e+05   5.1269531e+01
   7.5148900e+05   4.8767090e+01
   7.5151700e+05   4.1320801e+01
   7.5211100e+05   4.0039063e+01
   7.5275300e+05   4.6752930e+01
   7.5283300e+05   4.0222168e+01
   7.9954500e+05   4.2724609e+01
   7.9958800e+05   6.2072754e+01
   7.9962000e+05   4.0405273e+01
   7.9963100e+05   4.6020508e+01
   7.9965700e+05   4.6447754e+01
   7.9968900e+05   5.0109863e+01
   7.9971700e+05   6.9702148e+01
   7.9973700e+05   4.4128418e+01
   7.9975900e+05   5.0476074e+01
   7.9976900e+05   6.0241699e+01
   7.9980700e+05   8.3984375e+01
   7.9981700e+05   7.0129395e+01
   7.9984100e+05   4.5532227e+01
   7.9987100e+05   5.0964355e+01
   7.9989000e+05   4.6203613e+01
   7.9991200e+05   4.7424316e+01
   7.9992600e+05   4.5043945e+01
   7.9996100e+05   4.4311523e+01
   7.9999000e+05   4.6630859e+01
   8.0000700e+05   5.3161621e+01
   8.0002000e+05   4.5349121e+01
   8.0003400e+05   6.0119629e+01
   8.0006400e+05   6.0180664e+01
   8.0007800e+05   4.5898438e+01
   8.0009500e+05   4.3823242e+01
   8.0012700e+05   8.8623047e+01
   8.0017500e+05   4.2175293e+01
   8.0020300e+05   6.7810059e+01
   8.0028000e+05   4.4799805e+01
   8.0031900e+05   4.6386719e+01
   8.0033000e+05   4.3762207e+01
   8.0035300e+05   4.2053223e+01
   8.0038500e+05   4.6386719e+01
   8.0040300e+05   4.3945313e+01
   8.0041900e+05   6.0180664e+01
   8.0045800e+05   4.9804688e+01
   8.0047400e+05   4.3334961e+01
   8.0049500e+05   4.3457031e+01
   8.0054800e+05   5.1635742e+01
   8.0056400e+05   4.0039063e+01
   8.0057600e+05   4.0527344e+01
   8.0062000e+05   4.5959473e+01
   8.0063700e+05   4.1687012e+01
   8.0072100e+05   4.0710449e+01
   8.0078800e+05   4.2419434e+01
   8.0085000e+05   4.6630859e+01
   8.0097200e+05   4.0161133e+01
   8.0126600e+05   3.9748535e+03
   8.0128400e+05   4.6691895e+01
   8.0129700e+05   4.8889160e+01
   8.0133300e+05   4.5166016e+01
   8.5127800e+05   1.9909668e+03
   8.5129900e+05   6.0668945e+01
   8.5132000e+05   7.1044922e+01
   8.5135000e+05   4.0893555e+01
   8.5136700e+05   4.6691895e+01
   8.5141200e+05   4.0649414e+01
   8.5144500e+05   4.2236328e+01
   9.0129400e+05   3.9783936e+03
   9.0131300e+05   5.7128906e+01
   9.0132800e+05   4.4616699e+01
   9.0135000e+05   4.5898438e+01
   9.0138800e+05   5.9814453e+01
   9.0142500e+05   4.4189453e+01
   9.0145600e+05   4.4616699e+01
   9.0149000e+05   4.0283203e+01
   9.0150300e+05   5.9082031e+01
   9.0155800e+05   4.1442871e+01
   9.0160200e+05   5.6091309e+01
   9.0171600e+05   4.4311523e+01
   9.0177000e+05   4.3518066e+01
   9.0185600e+05   4.4738770e+01
   9.0193800e+05   4.0283203e+01
   9.0206700e+05   4.8339844e+01
   9.0207800e+05   4.6997070e+01
   9.0219600e+05   4.5654297e+01
   9.0221700e+05   4.2724609e+01
   9.0233100e+05   4.2419434e+01
   9.5130600e+05   1.9910889e+03
   9.5132700e+05   6.2438965e+01
   9.5134100e+05   5.4077148e+01
   9.5138400e+05   4.1564941e+01
   9.5143500e+05   4.2175293e+01
   9.5145400e+05   4.0527344e+01
   9.5151800e+05   4.2236328e+01
   9.5154400e+05   4.3579102e+01
   9.5158500e+05   4.0954590e+01
   9.5181100e+05   4.3395996e+01
   9.5183300e+05   4.1992188e+01
   9.5185500e+05   4.0222168e+01
   9.5214000e+05   4.4067383e+01
   1.0013200e+06   1.9888306e+03
   1.0013310e+06   7.0129395e+01
   1.0013580e+06   4.7912598e+01
   1.0013930e+06   4.1259766e+01
   1.0014330e+06   4.4738770e+01
   1.0014830e+06   4.6081543e+01
   1.0015000e+06   4.0466309e+01
   1.0015470e+06   4.3334961e+01
   1.0018900e+06   4.1809082e+01
   1.0020130e+06   4.1198730e+01
   1.0021050e+06   4.5166016e+01
   1.0021600e+06   4.4372559e+01
   1.0022350e+06   4.4067383e+01
   1.0513340e+06   1.9906006e+03
   1.0513550e+06   6.3232422e+01
   1.0513730e+06   4.1320801e+01
   1.0514070e+06   4.1748047e+01
   1.0514270e+06   4.3579102e+01
   1.0514530e+06   7.8308105e+01
   1.0515000e+06   5.1513672e+01
   1.0515290e+06   4.2724609e+01
   1.0528010e+06   5.0842285e+01
   1.0528540e+06   4.0100098e+01
   1.0529650e+06   4.8156738e+01
   1.1013480e+06   1.9880371e+03
   1.1013690e+06   6.7260742e+01
   1.1013830e+06   5.1818848e+01
   1.1014350e+06   6.0546875e+01
   1.1014680e+06   4.7424316e+01
   1.1014790e+06   8.6669922e+01
   1.1015770e+06   4.9316406e+01
   1.1015890e+06   6.2622070e+01
   1.1028060e+06   4.1809082e+01
   1.1028360e+06   4.2724609e+01
   1.1029400e+06   4.0222168e+01
   1.1513620e+06   1.9882812e+03
   1.1513870e+06   6.8237305e+01
   1.1514000e+06   5.1574707e+01
   1.1514260e+06   4.4860840e+01
   1.1514460e+06   5.2124023e+01
   1.1514690e+06   6.7749023e+01
   1.1515100e+06   4.3457031e+01
   1.1515350e+06   4.5654297e+01
   1.1515450e+06   4.0344238e+01
   1.1516220e+06   7.4707031e+01
   1.2013760e+06   1.9897461e+03
   1.2013960e+06   6.5551758e+01
   1.2014110e+06   5.7556152e+01
   1.2014470e+06   4.2846680e+01
   1.2014630e+06   5.4321289e+01
   1.2015340e+06   4.3457031e+01
   1.2015720e+06   4.6386719e+01
   1.2016180e+06   4.9865723e+01
   1.2343110e+06   4.1992188e+01
   1.2343400e+06   4.8461914e+01
   1.2343630e+06   4.1015625e+01
   1.2343800e+06   6.2011719e+01
   1.2343960e+06   6.5917969e+01
   1.2344160e+06   5.6030273e+01
   1.2344630e+06   4.1809082e+01
   1.2344870e+06   4.3640137e+01
   1.2345070e+06   5.4077148e+01
   1.2345180e+06   5.0964355e+01
   1.2345420e+06   4.4738770e+01
   1.2345590e+06   5.1452637e+01
   1.2345740e+06   6.9396973e+01
   1.2345910e+06   5.9326172e+01
   1.2346070e+06   7.0495605e+01
   1.2346490e+06   5.2856445e+01
   1.2346620e+06   5.9509277e+01
   1.2346920e+06   6.5368652e+01
   1.2347100e+06   4.1320801e+01
   1.2347400e+06   5.5236816e+01
   1.2347630e+06   8.5693359e+01
   1.2347810e+06   5.6457520e+01
   1.2348100e+06   4.3518066e+01
   1.2348220e+06   6.2377930e+01
   1.2348620e+06   6.7871094e+01
   1.2348990e+06   4.4067383e+01
   1.2349230e+06   6.4270020e+01
   1.2349460e+06   4.2846680e+01
   1.2349580e+06   4.2602539e+01
   1.2349780e+06   4.4006348e+01
   1.2350000e+06   4.1809082e+01
   1.2350340e+06   4.0100098e+01
   1.2351190e+06   4.0161133e+01
   1.2351490e+06   4.3701172e+01
   1.2351860e+06   7.5500488e+01
   1.2352190e+06   4.0283203e+01
   1.2352480e+06   4.3518066e+01
   1.2354100e+06   4.5471191e+01
   1.2354540e+06   4.2175293e+01
   1.2355290e+06   5.4138184e+01
   1.2355550e+06   4.3701172e+01
   1.2356450e+06   4.2663574e+01
   1.2357830e+06   4.0161133e+01
   1.2358760e+06   4.3762207e+01
   1.2358890e+06   4.9072266e+01
   1.2513900e+06   1.9821167e+03
   1.2514060e+06   5.9387207e+01
   1.2514270e+06   5.4931641e+01
   1.2514700e+06   4.2419434e+01
   1.2515380e+06   4.2236328e+01
   1.3014040e+06   1.9809570e+03
   1.3014250e+06   6.8115234e+01
   1.3014400e+06   5.6579590e+01
   1.3014840e+06   5.0415039e+01
   1.3015470e+06   4.3884277e+01
   1.3016110e+06   4.1870117e+01
   1.3514180e+06   1.9783325e+03
   1.3514380e+06   6.7626953e+01
   1.3514550e+06   4.1687012e+01
   1.3514860e+06   5.0781250e+01
   1.3515200e+06   5.7800293e+01
   1.3515320e+06   4.6081543e+01
   1.3515600e+06   5.6762695e+01
   1.3516660e+06   4.1381836e+01
   1.3517730e+06   4.2785645e+01
   1.3518070e+06   4.1687012e+01
   1.3519060e+06   4.0588379e+01
   1.3520930e+06   5.6762695e+01
   1.3521900e+06   4.5227051e+01
   1.3522400e+06   4.9316406e+01
   1.3522530e+06   4.5776367e+01
   1.3523700e+06   4.1870117e+01
   1.3525410e+06   4.6875000e+01
   1.3526940e+06   4.1992188e+01
   1.3528260e+06   4.2602539e+01
   1.4014320e+06   1.9772339e+03
   1.4014500e+06   6.2316895e+01
   1.4014670e+06   7.3120117e+01
   1.4014860e+06   4.0954590e+01
   1.4015110e+06   4.7729492e+01
   1.4015910e+06   5.9570313e+01
   1.4016190e+06   4.0405273e+01
   1.4017150e+06   4.4982910e+01
   1.4017350e+06   4.7424316e+01
   1.4021070e+06   4.3273926e+01
   1.4022510e+06   4.3823242e+01
   1.4023750e+06   4.1137695e+01
   1.4268900e+06   4.0466309e+01
   1.4514480e+06   3.9627686e+03
   1.4514670e+06   6.1218262e+01
   1.4514830e+06   5.4931641e+01
   1.4515050e+06   4.4738770e+01
   1.4515270e+06   5.3405762e+01
   1.4515580e+06   5.8227539e+01
   1.4515780e+06   6.4086914e+01
   1.4515950e+06   4.4006348e+01
   1.4516120e+06   4.3945313e+01
   1.4516580e+06   4.2602539e+01
   1.4516900e+06   4.3273926e+01
   1.4517150e+06   5.2612305e+01
   1.4517460e+06   5.2368164e+01
   1.4518040e+06   4.8034668e+01
   1.4518970e+06   4.4921875e+01
   1.4519990e+06   4.3518066e+01
   1.4520510e+06   4.6264648e+01
   1.4520900e+06   7.6538086e+01
   1.4523010e+06   4.2663574e+01
   1.4524970e+06   4.5227051e+01
   1.5014600e+06   1.9775391e+03
   1.5014800e+06   7.0068359e+01
   1.5015150e+06   4.9194336e+01
   1.5015670e+06   4.4677734e+01
   1.5015970e+06   4.1931152e+01
   1.5016370e+06   4.4433594e+01
   1.5016750e+06   4.4067383e+01
   1.5016890e+06   4.0954590e+01
   1.5017140e+06   4.4616699e+01
   1.5017820e+06   4.2968750e+01
   1.5022440e+06   4.1809082e+01
   1.5023510e+06   4.3273926e+01
   1.5024710e+06   4.6264648e+01
   1.5514740e+06   1.9773560e+03
   1.5514910e+06   4.3457031e+01
   1.5515090e+06   5.9753418e+01
   1.5515250e+06   4.9926758e+01
   1.5515440e+06   5.5603027e+01
   1.5515720e+06   4.6630859e+01
   1.5515860e+06   6.6955566e+01
   1.5516430e+06   4.4799805e+01
   1.5516640e+06   4.2297363e+01
   1.5517090e+06   4.4555664e+01
   1.5517210e+06   6.0119629e+01
   1.5518320e+06   5.2062988e+01
   1.5518450e+06   6.6772461e+01
   1.5518800e+06   4.0649414e+01
   1.5520180e+06   4.0466309e+01
   1.5522270e+06   4.0466309e+01
   1.5523290e+06   5.0659180e+01
   1.5524080e+06   4.2663574e+01
   1.5524260e+06   4.3823242e+01
   1.6014880e+06   1.9693604e+03
   1.6015110e+06   6.5612793e+01
   1.6015260e+06   5.2001953e+01
   1.6015960e+06   4.1503906e+01
   1.6016350e+06   4.8278809e+01
   1.6016620e+06   4.3212891e+01
   1.6018020e+06   5.3955078e+01
   1.6025610e+06   4.0832520e+01
   1.6515040e+06   3.9663086e+03
   1.6515220e+06   6.1645508e+01
   1.6515430e+06   4.9926758e+01
   1.6515890e+06   4.6936035e+01
   1.6516080e+06   4.0222168e+01
   1.6516340e+06   5.1879883e+01
   1.6516650e+06   4.7058105e+01
   1.6517350e+06   7.9406738e+01
   1.6517510e+06   4.5410156e+01
   1.6518190e+06   4.1137695e+01
   1.6535320e+06   4.0161133e+01
   1.7006550e+06   5.3039551e+01
   1.7007180e+06   4.3334961e+01
   1.7007820e+06   4.1320801e+01
   1.7008040e+06   4.2602539e+01
   1.7015160e+06   1.9803467e+03
   1.7015350e+06   6.0424805e+01
   1.7015520e+06   4.1259766e+01
   1.7015950e+06   4.0954590e+01
   1.7515320e+06   3.9667358e+03
   1.7515510e+06   6.6406250e+01
   1.7515640e+06   5.8166504e+01
   1.7516020e+06   4.2846680e+01
   1.7516170e+06   5.9265137e+01
   1.7516520e+06   9.8449707e+01
   1.7516890e+06   4.1503906e+01
   1.7517340e+06   4.7180176e+01
   1.7517480e+06   5.9997559e+01
   1.7517640e+06   5.3771973e+01
   1.8015440e+06   1.9851074e+03
   1.8015560e+06   6.5124512e+01
   1.8015830e+06   5.6335449e+01
   1.8016310e+06   5.4443359e+01
   1.8016510e+06   5.8227539e+01
   1.8016650e+06   5.6213379e+01
   1.8016750e+06   4.3151855e+01
   1.8017200e+06   4.5471191e+01
   1.8017610e+06   4.3151855e+01
   1.8017910e+06   1.0058594e+02
   1.8018670e+06   4.0161133e+01
   1.8515600e+06   3.9812012e+03
   1.8515750e+06   6.7565918e+01
   1.8515970e+06   4.9560547e+01
   1.8516220e+06   4.6875000e+01
   1.8516590e+06   5.4992676e+01
   1.8516790e+06   4.1625977e+01
   1.8518210e+06   4.6081543e+01
   1.9015720e+06   1.9723511e+03
   1.9015930e+06   6.5490723e+01
   1.9016590e+06   4.4067383e+01
   1.9016830e+06   4.5959473e+01
   1.9017030e+06   4.5654297e+01
   1.9017190e+06   5.0537109e+01
   1.9017390e+06   5.5175781e+01
   1.9017560e+06   4.1931152e+01
   1.9018110e+06   4.9072266e+01
   1.9018420e+06   4.5166016e+01
   1.9515880e+06   3.9735107e+03
   1.9516060e+06   7.4340820e+01
   1.9516210e+06   6.5063477e+01
   1.9516540e+06   4.5166016e+01
   1.9516810e+06   4.4433594e+01
   1.9516960e+06   4.0710449e+01
   1.9517490e+06   4.3273926e+01
   1.9518080e+06   4.2846680e+01
   1.9518320e+06   5.0048828e+01
   1.9521580e+06   4.1259766e+01
   2.0016020e+06   3.9631348e+03
   2.0016210e+06   6.8359375e+01
   2.0016360e+06   5.3466797e+01
   2.0016720e+06   4.9987793e+01
   2.0016850e+06   5.5480957e+01
   2.0017500e+06   4.9377441e+01
   2.0017690e+06   4.7241211e+01
   2.0017970e+06   4.1381836e+01
   2.0018380e+06   4.0466309e+01
   2.0018560e+06   5.6701660e+01
   2.0018730e+06   4.1564941e+01
   2.0019270e+06   4.5898438e+01
   2.0020950e+06   4.7119141e+01
   2.0023150e+06   4.8339844e+01
   2.0023380e+06   4.4738770e+01
   2.0258070e+06   5.2185059e+01
   2.0258260e+06   4.8889160e+01
   2.0258690e+06   4.0527344e+01
   2.0258940e+06   4.7485352e+01
   2.0259120e+06   5.3039551e+01
   2.0259320e+06   5.4565430e+01
   2.0259740e+06   4.4311523e+01
   2.0259900e+06   4.3579102e+01
   2.0260210e+06   4.8889160e+01
   2.0260370e+06   4.1442871e+01
   2.0260690e+06   5.1635742e+01
   2.0260810e+06   4.8095703e+01
   2.0261090e+06   4.3823242e+01
   2.0261190e+06   7.0434570e+01
   2.0261340e+06   4.1687012e+01
   2.0261580e+06   4.7546387e+01
   2.0261730e+06   5.3161621e+01
   2.0261880e+06   6.2377930e+01
   2.0262090e+06   9.5458984e+01
   2.0262460e+06   5.8532715e+01
   2.0262560e+06   4.5593262e+01
   2.0262960e+06   4.4616699e+01
   2.0263110e+06   7.4218750e+01
   2.0263260e+06   6.4208984e+01
   2.0263640e+06   4.8828125e+01
   2.0263950e+06   4.8461914e+01
   2.0264070e+06   6.1157227e+01
   2.0264400e+06   8.8195801e+01
   2.0264690e+06   4.7241211e+01
   2.0265030e+06   4.4799805e+01
   2.0265170e+06   4.2907715e+01
   2.0265290e+06   4.1992188e+01
   2.0265730e+06   4.2114258e+01
   2.0266090e+06   5.3222656e+01
   2.0266220e+06   4.6264648e+01
   2.0266630e+06   4.1992188e+01
   2.0267820e+06   5.3344727e+01
   2.0268180e+06   4.3334961e+01
   2.0269650e+06   4.8645020e+01
   2.0270110e+06   4.4189453e+01
   2.0271110e+06   4.0954590e+01
   2.0272440e+06   4.0588379e+01
   2.0273070e+06   4.0222168e+01
   2.0273610e+06   4.3090820e+01
   2.0274060e+06   4.3701172e+01
   2.0276560e+06   4.1931152e+01
   2.0516140e+06   1.9817505e+03
   2.0516320e+06   6.0058594e+01
   2.0516500e+06   5.4565430e+01
   2.0516760e+06   4.5043945e+01
   2.0517030e+06   5.7495117e+01
   2.1016300e+06   3.9665527e+03
   2.1016480e+06   5.9997559e+01
   2.1016830e+06   4.9743652e+01
   2.1017390e+06   5.0964355e+01
   2.1017600e+06   5.9509277e+01
   2.1018050e+06   4.4982910e+01
   2.1018350e+06   4.1198730e+01
   2.1023070e+06   4.3945313e+01
   2.1381780e+06   4.1564941e+01
   2.1384540e+06   4.5593262e+01
   2.1384990e+06   4.4494629e+01
   2.1385250e+06   4.9377441e+01
   2.1385810e+06   4.2846680e+01
   2.1385910e+06   5.4870605e+01
   2.1386180e+06   6.5612793e+01
   2.1386440e+06   7.0678711e+01
   2.1386630e+06   6.6894531e+01
   2.1386910e+06   4.7912598e+01
   2.1387020e+06   4.8095703e+01
   2.1387390e+06   4.9499512e+01
   2.1387580e+06   4.3029785e+01
   2.1387770e+06   5.4016113e+01
   2.1388140e+06   6.3293457e+01
   2.1388320e+06   5.9448242e+01
   2.1388550e+06   4.5776367e+01
   2.1388760e+06   5.5175781e+01
   2.1389080e+06   6.6772461e+01
   2.1389400e+06   4.3518066e+01
   2.1389940e+06   4.7607422e+01
   2.1390120e+06   4.8583984e+01
   2.1390480e+06   5.9265137e+01
   2.1390990e+06   4.4982910e+01
   2.1391360e+06   4.2236328e+01
   2.1391550e+06   4.7607422e+01
   2.1391830e+06   4.9682617e+01
   2.1392310e+06   4.0527344e+01
   2.1394410e+06   5.1269531e+01
   2.1394610e+06   4.1381836e+01
   2.1395620e+06   4.7241211e+01
   2.1396170e+06   4.2114258e+01
   2.1396420e+06   4.4677734e+01
   2.1396540e+06   4.0588379e+01
   2.1397930e+06   4.2785645e+01
   2.1516420e+06   1.9851074e+03
   2.1516520e+06   4.9499512e+01
   2.1516770e+06   5.5908203e+01
   2.1517000e+06   4.3090820e+01
   2.1517550e+06   4.5104980e+01
   2.1517760e+06   4.4982910e+01
   2.1518230e+06   4.5471191e+01
   2.2016560e+06   1.9904175e+03
   2.2016770e+06   5.7189941e+01
   2.2017070e+06   6.8542480e+01
   2.2017310e+06   5.0476074e+01
   2.2017450e+06   4.4860840e+01
   2.2017880e+06   5.3161621e+01
   2.2018290e+06   4.3457031e+01
   2.2018720e+06   5.1330566e+01
   2.2018930e+06   4.2480469e+01
   2.2019120e+06   5.3894043e+01
   2.2019360e+06   4.1748047e+01
   2.2019540e+06   5.6091309e+01
   2.2019780e+06   4.8828125e+01
   2.2020120e+06   4.3334961e+01
   2.2020220e+06   6.3293457e+01
   2.2020370e+06   4.9255371e+01
   2.2020630e+06   6.1401367e+01
   2.2020780e+06   5.7495117e+01
   2.2021120e+06   6.5551758e+01
   2.2021230e+06   4.0893555e+01
   2.2021620e+06   4.6142578e+01
   2.2021830e+06   5.4870605e+01
   2.2022020e+06   8.2031250e+01
   2.2022280e+06   4.9377441e+01
   2.2022690e+06   4.2480469e+01
   2.2022950e+06   6.5917969e+01
   2.2023450e+06   4.5837402e+01
   2.2024000e+06   4.3701172e+01
   2.2024200e+06   4.4494629e+01
   2.2024630e+06   4.8828125e+01
   2.2025260e+06   4.0771484e+01
   2.2025550e+06   4.2480469e+01
   2.2025860e+06   4.1992188e+01
   2.2026660e+06   4.3823242e+01
   2.2026950e+06   4.0954590e+01
   2.2027310e+06   4.8278809e+01
   2.2027690e+06   4.4921875e+01
   2.2028960e+06   4.5166016e+01
   2.2029120e+06   4.1442871e+01
   2.2029260e+06   4.2785645e+01
   2.2029520e+06   4.0283203e+01
   2.2030540e+06   4.0710449e+01
   2.2031020e+06   4.2236328e+01
   2.2032430e+06   4.2053223e+01
   2.2035660e+06   4.1564941e+01
   2.2381180e+06   4.9743652e+01
   2.2382160e+06   4.1503906e+01
   2.2516720e+06   3.9704590e+03
   2.2516910e+06   4.9499512e+01
   2.2517050e+06   5.4809570e+01
   2.2517250e+06   4.5104980e+01
   2.2517600e+06   5.5297852e+01
   2.2518710e+06   5.0903320e+01
   2.2519290e+06   4.4433594e+01
   2.2520020e+06   4.2785645e+01
   2.2520760e+06   4.6020508e+01
   2.2659510e+06   4.1809082e+01
   2.2660250e+06   4.0283203e+01
   2.2661050e+06   4.6752930e+01
   2.2662470e+06   4.1992188e+01
   2.2663190e+06   4.1809082e+01
   2.2665680e+06   4.3090820e+01
   2.2800080e+06   4.4982910e+01
   2.2800690e+06   4.0710449e+01
   2.2800870e+06   4.3090820e+01
   2.2801520e+06   4.0893555e+01
   2.2801730e+06   4.1687012e+01
   2.2801940e+06   4.5654297e+01
   2.2802250e+06   4.1992188e+01
   2.2802460e+06   4.5288086e+01
   2.2802570e+06   4.8278809e+01
   2.2803120e+06   4.4616699e+01
   2.2803420e+06   4.0466309e+01
   2.2803590e+06   5.6457520e+01
   2.2803910e+06   4.3151855e+01
   2.3016840e+06   1.9872437e+03
   2.3017110e+06   5.8471680e+01
   2.3017220e+06   5.3649902e+01
   2.3017640e+06   5.4626465e+01
   2.3017840e+06   4.0222168e+01
   2.3018230e+06   6.2744141e+01
   2.3018350e+06   6.2438965e+01
   2.3018580e+06   4.4311523e+01
   2.3018820e+06   4.1687012e+01
   2.3019430e+06   4.1442871e+01
   2.3019740e+06   4.3640137e+01
   2.3190320e+06   4.3945313e+01
   2.3191840e+06   4.7302246e+01
   2.3192160e+06   6.9580078e+01
   2.3192460e+06   4.6142578e+01
   2.3192630e+06   4.6142578e+01
   2.3192940e+06   4.8645020e+01
   2.3193690e+06   4.3151855e+01
   2.3194240e+06   5.3588867e+01
   2.3194730e+06   4.4128418e+01
   2.3516980e+06   1.9824829e+03
   2.3517190e+06   6.6162109e+01
   2.3517350e+06   5.7861328e+01
   2.3517690e+06   4.7058105e+01
   2.3517910e+06   4.1564941e+01
   2.3518190e+06   4.9011230e+01
   2.3518300e+06   4.6386719e+01
   2.3518710e+06   4.2480469e+01
   2.3519290e+06   8.5876465e+01
   2.3519670e+06   4.8889160e+01
   2.3519890e+06   5.6457520e+01
   2.3520130e+06   4.2419434e+01
   2.3520390e+06   4.8828125e+01
   2.3520630e+06   4.2236328e+01
   2.3521330e+06   4.4799805e+01
   2.3521460e+06   4.1687012e+01
   2.3521600e+06   5.2185059e+01
   2.3521900e+06   4.8156738e+01
   2.3522120e+06   4.5349121e+01
   2.3522750e+06   4.1320801e+01
   2.3523140e+06   4.7302246e+01
   2.3523390e+06   4.2114258e+01
   2.3523590e+06   4.9621582e+01
   2.3523850e+06   4.4494629e+01
   2.3524040e+06   4.4372559e+01
   2.3524290e+06   4.0161133e+01
   2.3524430e+06   4.2785645e+01
   2.3524760e+06   4.0283203e+01
   2.3525560e+06   4.5593262e+01
   2.3525680e+06   5.1391602e+01
   2.4017120e+06   1.9818115e+03
   2.4017330e+06   6.1889648e+01
   2.4017480e+06   4.4311523e+01
   2.4017640e+06   4.0161133e+01
   2.4017840e+06   4.7302246e+01
   2.4018440e+06   4.7119141e+01
   2.4018650e+06   6.9458008e+01
   2.4018930e+06   4.4189453e+01
   2.4019120e+06   5.4992676e+01
   2.4019290e+06   4.7668457e+01
   2.4019760e+06   4.0405273e+01
   2.4020110e+06   4.3945313e+01
   2.4020340e+06   4.6936035e+01
   2.4021000e+06   4.0161133e+01
   2.4021390e+06   4.0954590e+01
   2.4022280e+06   4.2053223e+01
   2.4022730e+06   4.7058105e+01
   2.4023180e+06   4.4250488e+01
   2.4024870e+06   4.3579102e+01
   2.4027490e+06   4.3701172e+01
   2.4517280e+06   3.9699707e+03
   2.4517470e+06   6.7199707e+01
   2.4517620e+06   5.8166504e+01
   2.4518110e+06   5.6091309e+01
   2.4518810e+06   5.1513672e+01
   2.4519300e+06   4.1503906e+01
   2.4519960e+06   4.7668457e+01
   2.4521500e+06   4.4372559e+01
   2.4525420e+06   4.6508789e+01
   2.4525720e+06   4.0161133e+01
   2.4525950e+06   4.0954590e+01
   2.4527930e+06   4.3579102e+01
   2.4798970e+06   4.0161133e+01
   2.6392660e+06   5.2734375e+01
   2.6393000e+06   4.2358398e+01
   2.6422030e+06   4.1992188e+01
   2.6422540e+06   4.0954590e+01
   2.6422890e+06   4.6875000e+01
   2.6423700e+06   4.2541504e+01
   2.6423820e+06   4.0588379e+01
   2.6424160e+06   4.4189453e+01
   2.6424480e+06   4.8522949e+01
   2.6424750e+06   4.0344238e+01
   2.6425550e+06   4.8217773e+01
   2.7991030e+06   4.0283203e+01
   2.7991410e+06   4.7180176e+01
   2.8488570e+06   4.4250488e+01
   2.8489260e+06   4.7668457e+01
   2.8489460e+06   4.0466309e+01
   2.8489580e+06   4.9804688e+01
   2.8489870e+06   6.2561035e+01
   2.8490070e+06   5.0231934e+01
   2.8490180e+06   4.4250488e+01
   2.8490560e+06   7.8674316e+01
   2.8490670e+06   4.8461914e+01
   2.8490890e+06   5.4016113e+01
   2.8491080e+06   4.2480469e+01
   2.8491250e+06   4.8095703e+01
   2.8491370e+06   6.5856934e+01
   2.8491620e+06   5.9570313e+01
   2.8491810e+06   4.1992188e+01
   2.8492050e+06   6.0363770e+01
   2.8492320e+06   1.0156250e+02
   2.8492710e+06   4.1564941e+01
   2.8492810e+06   4.8828125e+01
   2.8493090e+06   6.6711426e+01
   2.8493360e+06   4.5959473e+01
   2.8493560e+06   4.2602539e+01
   2.8493840e+06   8.7402344e+01
   2.8493950e+06   4.3701172e+01
   2.8494270e+06   4.9987793e+01
   2.8494550e+06   6.4453125e+01
   2.8494650e+06   5.3710938e+01
   2.8494880e+06   5.2978516e+01
   2.8495080e+06   6.5185547e+01
   2.8495250e+06   4.1198730e+01
   2.8495640e+06   4.1015625e+01
   2.8495890e+06   5.9204102e+01
   2.8496140e+06   4.1137695e+01
   2.8496530e+06   4.7729492e+01
   2.8497040e+06   4.3945313e+01
   2.8497320e+06   4.0893555e+01
   2.8497580e+06   4.6020508e+01
   2.8497970e+06   5.1330566e+01
   2.8498620e+06   4.5104980e+01
   2.8498810e+06   4.7363281e+01
   2.8499280e+06   4.9438477e+01
   2.8499900e+06   4.2663574e+01
   2.8500460e+06   4.6020508e+01
   2.8501450e+06   4.9316406e+01
   2.8502600e+06   4.1076660e+01
   2.8502950e+06   4.3334961e+01
   2.8504100e+06   4.2846680e+01
   2.8504460e+06   5.8105469e+01
   2.8505280e+06   4.4860840e+01
   2.8505970e+06   4.3151855e+01
   2.8507140e+06   4.4799805e+01
   2.8508980e+06   4.4128418e+01
   2.9417320e+06   5.3405762e+01
   2.9418440e+06   4.3090820e+01
   2.9419390e+06   4.6752930e+01
   2.9419540e+06   4.3212891e+01
   2.9420120e+06   4.3762207e+01
   2.9420310e+06   5.6152344e+01
   2.9420600e+06   4.5471191e+01
   2.9420890e+06   6.1401367e+01
   2.9421120e+06   5.4626465e+01
   2.9421340e+06   4.4738770e+01
   2.9422440e+06   4.4555664e+01
   2.9674200e+06   4.2663574e+01
   2.9674970e+06   4.0405273e+01
   2.9675120e+06   4.3701172e+01
   2.9679290e+06   5.1513672e+01
   2.9679890e+06   4.1748047e+01
   2.9680660e+06   4.0527344e+01
   2.9680980e+06   4.6936035e+01
   2.9681150e+06   4.4921875e+01
   2.9681520e+06   5.2001953e+01
   2.9681660e+06   4.4067383e+01
   2.9682150e+06   4.4921875e+01
   2.9682480e+06   6.3354492e+01
   2.9682680e+06   4.1076660e+01
   2.9683060e+06   5.3405762e+01
   2.9683200e+06   4.3090820e+01
   2.9683580e+06   5.0903320e+01
   2.9684030e+06   4.5715332e+01
   2.9684390e+06   4.6447754e+01
   2.9684860e+06   5.9265137e+01
   2.9685090e+06   5.0903320e+01
   2.9685320e+06   4.1748047e+01
   2.9686130e+06   4.2541504e+01
   2.9687340e+06   4.1687012e+01
   2.9688750e+06   4.1809082e+01
