   2.9990000e+06   0.0000000e+00
   1.0400000e+03   1.4938965e+03
   1.1890000e+03   3.9062500e+01
   4.5517000e+04   3.0517578e+01
   5.0435000e+04   3.1616211e+01
   5.1054000e+04   1.5050659e+03
   5.1181000e+04   3.3325195e+01
   5.1191000e+04   3.1188965e+01
   5.1272000e+04   4.0100098e+01
   5.1288000e+04   3.0151367e+01
   5.1332000e+04   2.9846191e+01
   8.7471000e+04   2.9785156e+01
   9.2959000e+04   3.3020020e+01
   9.3015000e+04   3.3203125e+01
   9.3026000e+04   4.0039063e+01
   9.3061000e+04   4.2968750e+01
   9.3091000e+04   3.2226563e+01
   9.3106000e+04   3.9245605e+01
   9.3136000e+04   2.9846191e+01
   9.3148000e+04   5.9875488e+01
   9.3172000e+04   5.3161621e+01
   9.3201000e+04   4.4921875e+01
   9.3216000e+04   5.1330566e+01
   9.3254000e+04   4.1076660e+01
   9.3285000e+04   5.0415039e+01
   9.3307000e+04   3.3752441e+01
   9.3319000e+04   2.9785156e+01
   9.3366000e+04   3.1860352e+01
   9.3395000e+04   4.3518066e+01
   9.3408000e+04   3.3935547e+01
   9.3465000e+04   3.1188965e+01
   9.3541000e+04   3.2226563e+01
   9.3756000e+04   3.1066895e+01
   1.0106800e+05   1.5068359e+03
   1.4682500e+05   3.0639648e+01
   1.5108400e+05   3.4951782e+03
   1.5119700e+05   3.1921387e+01
   1.5122300e+05   4.1320801e+01
   1.5126600e+05   3.2531738e+01
   1.5129800e+05   3.6132813e+01
   1.5132000e+05   2.9724121e+01
   1.5137000e+05   3.2165527e+01
   1.7327800e+05   3.7780762e+01
   1.7335700e+05   3.6193848e+01
   1.7340700e+05   5.6762695e+01
   1.7341700e+05   3.2897949e+01
   1.7344500e+05   5.0842285e+01
   1.7347400e+05   4.9194336e+01
   1.7350400e+05   3.0151367e+01
   1.7352700e+05   3.4057617e+01
   1.7360900e+05   3.3691406e+01
   1.7364200e+05   4.4982910e+01
   1.7368700e+05   3.6804199e+01
   1.7376600e+05   4.1381836e+01
   1.7378200e+05   3.0456543e+01
   1.7380800e+05   3.3630371e+01
   1.7388300e+05   3.1127930e+01
   1.7403400e+05   3.2714844e+01
   2.0109600e+05   1.5068970e+03
   2.0120600e+05   3.2958984e+01
   2.0122900e+05   5.7189941e+01
   2.0125500e+05   4.6936035e+01
   2.0133500e+05   3.2714844e+01
   2.0135200e+05   3.1799316e+01
   2.1298500e+05   3.3752441e+01
   2.3723700e+05   4.0344238e+01
   2.3724900e+05   3.0700684e+01
   2.3727200e+05   4.2968750e+01
   2.3728400e+05   3.3813477e+01
   2.3730600e+05   3.1005859e+01
   2.3732200e+05   3.7902832e+01
   2.3734400e+05   3.3020020e+01
   2.3738800e+05   3.1616211e+01
   2.3740700e+05   3.3386230e+01
   2.3743900e+05   3.5095215e+01
   2.3745500e+05   3.7841797e+01
   2.3748300e+05   3.1677246e+01
   2.3752400e+05   4.3701172e+01
   2.3755500e+05   4.3945313e+01
   2.3756700e+05   3.3508301e+01
   2.3764300e+05   3.1066895e+01
   2.3768200e+05   3.4606934e+01
   2.3772700e+05   3.2165527e+01
   2.3819400e+05   3.2409668e+01
   2.5111000e+05   1.5002441e+03
   2.5118600e+05   3.2775879e+01
   2.5125300e+05   3.2531738e+01
   2.5128400e+05   3.3264160e+01
   2.7704400e+05   3.0090332e+01
   2.7904200e+05   2.9846191e+01
   3.0112600e+05   3.4987183e+03
   3.0126100e+05   6.2133789e+01
   3.0129400e+05   3.4545898e+01
   3.0134100e+05   3.2531738e+01
   3.0137700e+05   3.7536621e+01
   3.0139200e+05   2.9846191e+01
   3.2672800e+05   3.6865234e+01
   3.2678900e+05   4.0710449e+01
   3.2685200e+05   5.0964355e+01
   3.2687000e+05   3.8208008e+01
   3.2688200e+05   3.3020020e+01
   3.2691600e+05   3.1799316e+01
   3.2692700e+05   3.3630371e+01
   3.2696900e+05   3.2531738e+01
   3.2703000e+05   3.8574219e+01
   3.2705300e+05   3.4973145e+01
   3.2708500e+05   3.8635254e+01
   3.2710200e+05   4.6752930e+01
   3.2712700e+05   3.4301758e+01
   3.2714500e+05   3.8208008e+01
   3.2717500e+05   3.1677246e+01
   3.2723700e+05   3.1921387e+01
   3.2725100e+05   4.0283203e+01
   3.2729700e+05   3.3386230e+01
   3.2734000e+05   3.1616211e+01
   3.2755600e+05   3.1066895e+01
   3.5114000e+05   3.4974976e+03
   3.5120900e+05   3.7780762e+01
   3.5126600e+05   4.3701172e+01
   3.5127800e+05   6.6772461e+01
   3.5129500e+05   3.5461426e+01
   3.7887600e+05   3.3935547e+01
   3.8511800e+05   4.2175293e+01
   3.8513900e+05   3.0334473e+01
   3.8516300e+05   3.1738281e+01
   3.8517900e+05   4.9255371e+01
   3.8520800e+05   6.8908691e+01
   3.8523100e+05   3.8452148e+01
   3.8526800e+05   3.6254883e+01
   3.8529800e+05   3.2775879e+01
   3.8533700e+05   3.7353516e+01
   3.8534700e+05   3.2104492e+01
   3.8538700e+05   3.4606934e+01
   3.8541300e+05   3.7414551e+01
   3.8542900e+05   4.2541504e+01
   3.8545400e+05   3.4851074e+01
   3.8546700e+05   3.7963867e+01
   3.8550900e+05   5.1330566e+01
   3.8552900e+05   4.1564941e+01
   3.8555400e+05   5.5725098e+01
   3.8558200e+05   3.7658691e+01
   3.8561900e+05   3.0700684e+01
   3.8566000e+05   4.4067383e+01
   3.8570000e+05   3.9672852e+01
   3.8571700e+05   2.9785156e+01
   3.8576100e+05   2.9724121e+01
   3.8578500e+05   3.0517578e+01
   3.8584100e+05   3.2653809e+01
   3.8586600e+05   3.3142090e+01
   3.8590800e+05   3.2653809e+01
   3.8591900e+05   3.1311035e+01
   4.0115400e+05   3.4989014e+03
   4.0126800e+05   3.5400391e+01
   4.0129600e+05   4.0344238e+01
   4.0133300e+05   3.0822754e+01
   4.0141800e+05   3.0273438e+01
   4.3620600e+05   3.0822754e+01
   4.4666600e+05   3.0029297e+01
   4.5092500e+05   2.9968262e+01
   4.5116600e+05   1.4988403e+03
   4.5128700e+05   3.6071777e+01
   4.5131600e+05   4.7119141e+01
   4.5137200e+05   4.3701172e+01
   4.5139700e+05   3.4973145e+01
   4.6988700e+05   3.4729004e+01
   4.9368300e+05   3.1311035e+01
   5.0118000e+05   1.5122070e+03
   5.0126000e+05   3.5583496e+01
   5.0132100e+05   4.1015625e+01
   5.0133600e+05   3.2104492e+01
   5.1814600e+05   3.0090332e+01
   5.2381800e+05   2.9846191e+01
   5.4371400e+05   3.1982422e+01
   5.4376100e+05   3.7780762e+01
   5.4377700e+05   3.1250000e+01
   5.4380800e+05   3.1982422e+01
   5.4382700e+05   5.8166504e+01
   5.4386500e+05   3.0639648e+01
   5.4387700e+05   3.5400391e+01
   5.4394100e+05   3.4973145e+01
   5.4396400e+05   3.0334473e+01
   5.4398700e+05   3.1860352e+01
   5.4399900e+05   3.3142090e+01
   5.4403200e+05   3.1860352e+01
   5.4406300e+05   3.2714844e+01
   5.4409800e+05   3.4790039e+01
   5.4413900e+05   3.1311035e+01
   5.4416500e+05   3.0700684e+01
   5.4419000e+05   3.1311035e+01
   5.4422000e+05   4.1503906e+01
   5.4424300e+05   4.7424316e+01
   5.4427400e+05   3.3081055e+01
   5.4429800e+05   3.1555176e+01
   5.4431200e+05   3.4790039e+01
   5.4436700e+05   3.6926270e+01
   5.4441800e+05   3.6865234e+01
   5.4445200e+05   2.9968262e+01
   5.4447400e+05   3.6682129e+01
   5.4454200e+05   3.8818359e+01
   5.4461000e+05   3.2958984e+01
   5.4466800e+05   3.1066895e+01
   5.4473900e+05   2.9968262e+01
   5.4493300e+05   3.1433105e+01
   5.4497800e+05   3.3081055e+01
   5.4508800e+05   3.3264160e+01
   5.4576100e+05   3.1005859e+01
   5.5119400e+05   1.5028076e+03
   5.8150500e+05   3.0151367e+01
   5.8424000e+05   3.0822754e+01
   5.9156900e+05   3.0212402e+01
   6.0121000e+05   3.5090332e+03
   6.0127400e+05   3.0700684e+01
   6.0137100e+05   4.1809082e+01
   6.1746100e+05   3.0090332e+01
   6.3490000e+05   3.0273438e+01
   6.3491600e+05   3.9245605e+01
   6.3494600e+05   3.8940430e+01
   6.3496500e+05   3.4851074e+01
   6.3499000e+05   5.3894043e+01
   6.3500600e+05   3.5888672e+01
   6.3502500e+05   4.3151855e+01
   6.3504000e+05   2.9724121e+01
   6.3506000e+05   4.2663574e+01
   6.3509400e+05   3.2958984e+01
   6.3510600e+05   2.9907227e+01
   6.3513800e+05   3.6926270e+01
   6.3517500e+05   3.4545898e+01
   6.3521800e+05   4.6447754e+01
   6.3527100e+05   3.2897949e+01
   6.3528700e+05   3.1555176e+01
   6.3535400e+05   3.1188965e+01
   6.3538200e+05   3.7475586e+01
   6.3555300e+05   3.0395508e+01
   6.3557900e+05   3.6865234e+01
   6.5122200e+05   1.5026245e+03
   6.5137500e+05   4.9560547e+01
   6.6236300e+05   3.0822754e+01
   6.8579300e+05   3.1921387e+01
   6.9949600e+05   3.2043457e+01
   7.0123800e+05   3.4942017e+03
   7.0137900e+05   4.5654297e+01
   7.0140400e+05   3.0212402e+01
   7.0142700e+05   3.2104492e+01
   7.0150600e+05   3.0761719e+01
   7.3949700e+05   3.1066895e+01
   7.5125000e+05   1.5004272e+03
   7.5131600e+05   3.6682129e+01
   7.5137800e+05   3.9550781e+01
   7.5140100e+05   4.7729492e+01
   7.5142200e+05   3.6682129e+01
   7.9952000e+05   4.5410156e+01
   7.9953600e+05   3.6621094e+01
   7.9956100e+05   3.6804199e+01
   7.9957800e+05   3.8330078e+01
   7.9960100e+05   4.2968750e+01
   7.9963400e+05   5.1574707e+01
   7.9965800e+05   3.1127930e+01
   7.9969200e+05   3.6254883e+01
   7.9972900e+05   3.2836914e+01
   7.9974700e+05   4.1076660e+01
   7.9977500e+05   3.6193848e+01
   7.9980100e+05   3.4118652e+01
   7.9982000e+05   3.0700684e+01
   7.9989600e+05   3.2714844e+01
   7.9993200e+05   3.8330078e+01
   7.9995000e+05   3.1127930e+01
   8.0002000e+05   3.0944824e+01
   8.0003200e+05   3.4362793e+01
   8.0011900e+05   3.3691406e+01
   8.0017700e+05   3.6682129e+01
   8.0021700e+05   3.0700684e+01
   8.0025600e+05   3.2775879e+01
   8.0037600e+05   3.0578613e+01
   8.0041900e+05   3.0212402e+01
   8.0048800e+05   3.1433105e+01
   8.0058000e+05   3.0395508e+01
   8.0065300e+05   3.1982422e+01
   8.0072000e+05   3.2958984e+01
   8.0080700e+05   3.3447266e+01
   8.0092200e+05   3.0517578e+01
   8.0126300e+05   6.7858887e+02
   8.0134000e+05   2.9846191e+01
   8.0476800e+05   3.0700684e+01
   8.0582800e+05   3.0761719e+01
   8.5061500e+05   2.9785156e+01
   8.5127800e+05   1.4995728e+03
   8.5144900e+05   4.1259766e+01
   8.5783200e+05   3.0212402e+01
   8.9675000e+05   3.2287598e+01
   9.0129400e+05   3.4982300e+03
   9.0141100e+05   3.3630371e+01
   9.0144500e+05   5.7556152e+01
   9.0251500e+05   3.0334473e+01
   9.0571400e+05   3.0029297e+01
   9.5130800e+05   3.4951172e+03
   9.5144300e+05   3.9611816e+01
   9.8913000e+05   2.9724121e+01
   1.0013220e+06   3.5017090e+03
   1.0013850e+06   3.7780762e+01
   1.0014330e+06   3.2653809e+01
   1.0014650e+06   5.5236816e+01
   1.0286450e+06   2.9785156e+01
   1.0513360e+06   3.5080566e+03
   1.0514500e+06   3.0761719e+01
   1.0514840e+06   4.5410156e+01
   1.0514970e+06   5.6335449e+01
   1.0596890e+06   3.0639648e+01
   1.1013480e+06   1.5067749e+03
   1.1014220e+06   3.3142090e+01
   1.1015040e+06   3.9245605e+01
   1.1016000e+06   3.2653809e+01
   1.1513620e+06   1.5103760e+03
   1.1514810e+06   4.2541504e+01
   1.1514920e+06   3.0090332e+01
   1.1515190e+06   3.7414551e+01
   1.1515580e+06   3.1921387e+01
   1.1515980e+06   4.4311523e+01
   1.1598170e+06   3.0578613e+01
   1.1718250e+06   3.1311035e+01
   1.2013780e+06   3.5042725e+03
   1.2014550e+06   3.0456543e+01
   1.2014980e+06   3.5156250e+01
   1.2015140e+06   5.7556152e+01
   1.2015580e+06   3.0334473e+01
   1.2016260e+06   2.9968262e+01
   1.2342290e+06   3.2470703e+01
   1.2342560e+06   3.1005859e+01
   1.2342700e+06   3.1555176e+01
   1.2342980e+06   3.3935547e+01
   1.2343100e+06   4.4372559e+01
   1.2343310e+06   3.5278320e+01
   1.2343610e+06   3.1738281e+01
   1.2343740e+06   3.1311035e+01
   1.2343990e+06   4.4250488e+01
   1.2344490e+06   4.2053223e+01
   1.2344680e+06   3.5217285e+01
   1.2344860e+06   3.4362793e+01
   1.2344960e+06   4.3212891e+01
   1.2345120e+06   2.9724121e+01
   1.2346020e+06   3.3752441e+01
   1.2346340e+06   3.3691406e+01
   1.2346550e+06   3.4667969e+01
   1.2346710e+06   3.4912109e+01
   1.2346990e+06   3.7353516e+01
   1.2347460e+06   3.6987305e+01
   1.2348150e+06   4.4372559e+01
   1.2348680e+06   2.9968262e+01
   1.2349940e+06   3.6499023e+01
   1.2350220e+06   3.1921387e+01
   1.2351230e+06   3.8330078e+01
   1.2352680e+06   3.5705566e+01
   1.2353300e+06   3.0273438e+01
   1.2353850e+06   3.1005859e+01
   1.2356710e+06   3.7109375e+01
   1.2357840e+06   3.0212402e+01
   1.2358590e+06   3.3691406e+01
   1.2359600e+06   3.0944824e+01
   1.2360360e+06   3.0090332e+01
   1.2363940e+06   3.3752441e+01
   1.2388320e+06   3.1799316e+01
   1.2407560e+06   3.1921387e+01
   1.2513900e+06   1.5123291e+03
   1.2733780e+06   2.9724121e+01
   1.2806010e+06   3.0822754e+01
   1.3014040e+06   1.5092773e+03
   1.3014840e+06   3.2348633e+01
   1.3245890e+06   3.2165527e+01
   1.3514200e+06   3.5017090e+03
   1.3515190e+06   3.3081055e+01
   1.3515370e+06   4.3701172e+01
   1.3515620e+06   3.3203125e+01
   1.3515890e+06   3.3142090e+01
   1.3517150e+06   3.4545898e+01
   1.3525230e+06   2.9907227e+01
   1.3525520e+06   3.1005859e+01
   1.3525980e+06   3.4240723e+01
   1.3526750e+06   3.3996582e+01
   1.3618150e+06   3.0029297e+01
   1.3945790e+06   2.9724121e+01
   1.4014340e+06   3.4995117e+03
   1.4015490e+06   3.6071777e+01
   1.4015660e+06   3.3691406e+01
   1.4015810e+06   4.6569824e+01
   1.4016080e+06   3.9855957e+01
   1.4016290e+06   3.3020020e+01
   1.4016530e+06   4.0466309e+01
   1.4018120e+06   3.6437988e+01
   1.4019790e+06   3.6804199e+01
   1.4020710e+06   4.1931152e+01
   1.4021050e+06   3.2531738e+01
   1.4021300e+06   4.9377441e+01
   1.4021930e+06   3.0700684e+01
   1.4022180e+06   3.5827637e+01
   1.4023150e+06   3.9611816e+01
   1.4292540e+06   3.0883789e+01
   1.4452570e+06   3.0883789e+01
   1.4514460e+06   1.5066528e+03
   1.4515780e+06   3.0944824e+01
   1.4515920e+06   6.0913086e+01
   1.4516440e+06   3.5583496e+01
   1.4516590e+06   2.9968262e+01
   1.4518960e+06   3.8330078e+01
   1.4519530e+06   3.4362793e+01
   1.4520130e+06   3.2470703e+01
   1.4521630e+06   3.8269043e+01
   1.5014620e+06   3.4954224e+03
   1.5016120e+06   4.0710449e+01
   1.5016560e+06   3.0273438e+01
   1.5016770e+06   3.1616211e+01
   1.5017200e+06   3.8391113e+01
   1.5017750e+06   3.8085938e+01
   1.5018800e+06   4.1992188e+01
   1.5022040e+06   3.0578613e+01
   1.5514760e+06   3.4970093e+03
   1.5515570e+06   2.9907227e+01
   1.5516070e+06   3.6071777e+01
   1.5516170e+06   4.4616699e+01
   1.5516460e+06   3.6315918e+01
   1.5516850e+06   3.0456543e+01
   1.5517190e+06   2.9907227e+01
   1.5517800e+06   2.9968262e+01
   1.5518320e+06   3.6010742e+01
   1.5518660e+06   4.0100098e+01
   1.5518850e+06   3.6071777e+01
   1.5519200e+06   3.1616211e+01
   1.5519370e+06   3.1372070e+01
   1.5519720e+06   3.7475586e+01
   1.5519900e+06   3.2165527e+01
   1.5520950e+06   3.4973145e+01
   1.5991580e+06   3.0151367e+01
   1.6014880e+06   1.5083008e+03
   1.6016310e+06   5.7434082e+01
   1.6016500e+06   3.0822754e+01
   1.6016850e+06   3.0517578e+01
   1.6017180e+06   4.1809082e+01
   1.6017820e+06   3.3264160e+01
   1.6018830e+06   3.5949707e+01
   1.6458460e+06   3.2409668e+01
   1.6515040e+06   3.4969482e+03
   1.6516330e+06   4.3762207e+01
   1.6516470e+06   3.2592773e+01
   1.6516690e+06   3.3020020e+01
   1.6516990e+06   5.3344727e+01
   1.6517250e+06   2.9846191e+01
   1.6517720e+06   3.3325195e+01
   1.6517870e+06   4.3701172e+01
   1.6518650e+06   3.3569336e+01
   1.6518950e+06   2.9785156e+01
   1.6706830e+06   3.0822754e+01
   1.6986140e+06   3.0517578e+01
   1.7005360e+06   3.2592773e+01
   1.7005580e+06   4.3823242e+01
   1.7006150e+06   4.4921875e+01
   1.7006590e+06   3.8696289e+01
   1.7007140e+06   3.6621094e+01
   1.7007440e+06   3.8635254e+01
   1.7007710e+06   3.7597656e+01
   1.7007890e+06   3.0456543e+01
   1.7008440e+06   3.2592773e+01
   1.7008710e+06   3.3996582e+01
   1.7015160e+06   1.5040894e+03
   1.7016700e+06   3.6682129e+01
   1.7335870e+06   3.2287598e+01
   1.7515300e+06   1.5112305e+03
   1.7516090e+06   3.5766602e+01
   1.7516590e+06   3.4973145e+01
   1.7516910e+06   3.5583496e+01
   1.7517380e+06   3.5583496e+01
   1.7517880e+06   3.2897949e+01
   1.7518930e+06   3.8635254e+01
   1.7520260e+06   3.2897949e+01
   1.7522210e+06   2.9968262e+01
   1.7713080e+06   3.1677246e+01
   1.7819340e+06   3.6621094e+01
   1.7957370e+06   3.2226563e+01
   1.8015440e+06   1.5171509e+03
   1.8016080e+06   2.9907227e+01
   1.8016670e+06   3.0883789e+01
   1.8016830e+06   3.8024902e+01
   1.8017740e+06   3.0883789e+01
   1.8018410e+06   3.4851074e+01
   1.8269300e+06   3.0517578e+01
   1.8515580e+06   1.5025024e+03
   1.8516680e+06   3.4057617e+01
   1.8516940e+06   3.7475586e+01
   1.8517220e+06   4.2053223e+01
   1.8517320e+06   3.2592773e+01
   1.8517460e+06   2.9968262e+01
   1.8517860e+06   3.5461426e+01
   1.8599370e+06   3.0578613e+01
   1.8884410e+06   3.3569336e+01
   1.9015740e+06   3.5050049e+03
   1.9016920e+06   3.2531738e+01
   1.9017060e+06   5.1330566e+01
   1.9017780e+06   3.6010742e+01
   1.9018010e+06   3.6865234e+01
   1.9018230e+06   3.0456543e+01
   1.9018480e+06   3.2226563e+01
   1.9018710e+06   3.8391113e+01
   1.9019730e+06   3.1982422e+01
   1.9348820e+06   3.1677246e+01
   1.9515860e+06   1.5099487e+03
   1.9515960e+06   3.1066895e+01
   1.9517010e+06   3.2470703e+01
   1.9517180e+06   3.3203125e+01
   1.9517450e+06   3.8513184e+01
   1.9517840e+06   3.4179688e+01
   1.9518110e+06   3.1799316e+01
   1.9518900e+06   2.9846191e+01
   1.9525790e+06   3.0822754e+01
   2.0016020e+06   3.5042725e+03
   2.0017210e+06   6.3537598e+01
   2.0017410e+06   5.8410645e+01
   2.0017600e+06   5.2917480e+01
   2.0017860e+06   3.0578613e+01
   2.0018230e+06   3.3142090e+01
   2.0018400e+06   3.6254883e+01
   2.0018580e+06   3.3508301e+01
   2.0018770e+06   2.9846191e+01
   2.0018930e+06   3.2653809e+01
   2.0019400e+06   3.0151367e+01
   2.0019870e+06   3.7414551e+01
   2.0020080e+06   3.6682129e+01
   2.0021050e+06   3.5156250e+01
   2.0022790e+06   2.9907227e+01
   2.0023370e+06   4.0039063e+01
   2.0236490e+06   3.0517578e+01
   2.0257440e+06   3.0029297e+01
   2.0257770e+06   3.1799316e+01
   2.0258180e+06   3.7719727e+01
   2.0258480e+06   4.4799805e+01
   2.0258940e+06   3.4851074e+01
   2.0259100e+06   3.8757324e+01
   2.0259250e+06   3.9489746e+01
   2.0259730e+06   3.2470703e+01
   2.0260120e+06   4.2053223e+01
   2.0260310e+06   4.5532227e+01
   2.0260920e+06   4.3395996e+01
   2.0261130e+06   4.1137695e+01
   2.0261260e+06   2.9724121e+01
   2.0261460e+06   3.9245605e+01
   2.0261970e+06   3.1616211e+01
   2.0262640e+06   2.9907227e+01
   2.0262830e+06   3.1616211e+01
   2.0263590e+06   3.4057617e+01
   2.0264090e+06   3.0578613e+01
   2.0266600e+06   2.9907227e+01
   2.0266870e+06   3.0944824e+01
   2.0267420e+06   3.6621094e+01
   2.0269050e+06   3.6987305e+01
   2.0269720e+06   4.6691895e+01
   2.0270080e+06   3.3264160e+01
   2.0273010e+06   3.0761719e+01
   2.0274540e+06   2.9785156e+01
   2.0274700e+06   3.6071777e+01
   2.0307380e+06   3.0212402e+01
   2.0516140e+06   1.5133667e+03
   2.1016300e+06   3.4989014e+03
   2.1017110e+06   3.0761719e+01
   2.1017740e+06   3.2958984e+01
   2.1017970e+06   4.3090820e+01
   2.1385560e+06   3.3508301e+01
   2.1385980e+06   3.7353516e+01
   2.1386240e+06   3.1311035e+01
   2.1386450e+06   3.4118652e+01
   2.1387180e+06   3.0456543e+01
   2.1387300e+06   4.6325684e+01
   2.1387610e+06   2.9785156e+01
   2.1387730e+06   5.8776855e+01
   2.1387830e+06   3.1982422e+01
   2.1388440e+06   3.8452148e+01
   2.1388550e+06   3.7780762e+01
   2.1389060e+06   3.7231445e+01
   2.1389160e+06   3.5522461e+01
   2.1389790e+06   3.3813477e+01
   2.1390080e+06   3.8574219e+01
   2.1390270e+06   3.0151367e+01
   2.1390460e+06   4.3762207e+01
   2.1391120e+06   2.9968262e+01
   2.1391480e+06   3.3935547e+01
   2.1391730e+06   3.5156250e+01
   2.1391930e+06   3.1555176e+01
   2.1392370e+06   3.0273438e+01
   2.1392710e+06   3.2836914e+01
   2.1393040e+06   3.1860352e+01
   2.1393390e+06   3.3752441e+01
   2.1395700e+06   4.8522949e+01
   2.1396850e+06   3.4729004e+01
   2.1398440e+06   3.3081055e+01
   2.1516420e+06   1.5095825e+03
   2.1518110e+06   3.0944824e+01
   2.2016560e+06   1.5115967e+03
   2.2017900e+06   4.0161133e+01
   2.2018110e+06   3.4606934e+01
   2.2018340e+06   5.4260254e+01
   2.2018480e+06   3.5888672e+01
   2.2018660e+06   3.2592773e+01
   2.2018980e+06   3.2592773e+01
   2.2019110e+06   3.0578613e+01
   2.2019390e+06   3.9794922e+01
   2.2019860e+06   3.0273438e+01
   2.2020200e+06   3.3386230e+01
   2.2020600e+06   3.1188965e+01
   2.2020790e+06   3.8452148e+01
   2.2021130e+06   5.3710938e+01
   2.2021330e+06   4.0832520e+01
   2.2021520e+06   4.2541504e+01
   2.2021660e+06   3.3264160e+01
   2.2021980e+06   4.2663574e+01
   2.2022150e+06   3.2836914e+01
   2.2022530e+06   3.8208008e+01
   2.2022850e+06   3.0761719e+01
   2.2023040e+06   3.2348633e+01
   2.2023570e+06   3.5339355e+01
   2.2023760e+06   3.0883789e+01
   2.2024210e+06   3.3447266e+01
   2.2025330e+06   3.4667969e+01
   2.2028340e+06   3.2531738e+01
   2.2029190e+06   3.5278320e+01
   2.2380070e+06   3.8391113e+01
   2.2381100e+06   4.0283203e+01
   2.2381590e+06   2.9846191e+01
   2.2382130e+06   3.4667969e+01
   2.2383470e+06   3.2897949e+01
   2.2405550e+06   3.1250000e+01
   2.2516720e+06   3.5072632e+03
   2.2517420e+06   3.5888672e+01
   2.2518350e+06   4.1748047e+01
   2.2519550e+06   2.9907227e+01
   2.2661380e+06   4.6630859e+01
   2.2662020e+06   5.0476074e+01
   2.2662380e+06   3.4729004e+01
   2.2662640e+06   3.7231445e+01
   2.2663780e+06   3.0151367e+01
   2.2664240e+06   3.0822754e+01
   2.3016840e+06   1.5110474e+03
   2.3018020e+06   3.6743164e+01
   2.3018330e+06   4.1320801e+01
   2.3019400e+06   3.1982422e+01
   2.3019520e+06   3.0029297e+01
   2.3019710e+06   2.9846191e+01
   2.3026370e+06   2.9785156e+01
   2.3186390e+06   3.1127930e+01
   2.3263410e+06   2.9724121e+01
   2.3514570e+06   3.4301758e+01
   2.3516980e+06   1.5083008e+03
   2.3518000e+06   2.9846191e+01
   2.3518180e+06   3.6865234e+01
   2.3518400e+06   4.7058105e+01
   2.3518590e+06   2.9724121e+01
   2.3519000e+06   3.0944824e+01
   2.3519250e+06   2.9846191e+01
   2.3519460e+06   3.7719727e+01
   2.3519680e+06   3.5888672e+01
   2.3520320e+06   4.0222168e+01
   2.3520710e+06   3.0822754e+01
   2.3520900e+06   4.1992188e+01
   2.3521700e+06   3.5766602e+01
   2.3521870e+06   3.3081055e+01
   2.3522040e+06   3.1555176e+01
   2.3522290e+06   3.4912109e+01
   2.3522500e+06   3.2653809e+01
   2.3522730e+06   2.9785156e+01
   2.3523090e+06   3.0456543e+01
   2.3523200e+06   2.9785156e+01
   2.3523770e+06   4.3273926e+01
   2.3524070e+06   3.0639648e+01
   2.3525030e+06   3.1127930e+01
   2.3526130e+06   3.5034180e+01
   2.4017120e+06   1.5085449e+03
   2.4018570e+06   5.0476074e+01
   2.4018690e+06   2.9907227e+01
   2.4018900e+06   3.2043457e+01
   2.4019150e+06   3.7231445e+01
   2.4019390e+06   3.6743164e+01
   2.4019590e+06   3.0517578e+01
   2.4019730e+06   4.2724609e+01
   2.4020080e+06   3.1311035e+01
   2.4020250e+06   3.5705566e+01
   2.4020550e+06   3.2775879e+01
   2.4020760e+06   3.4057617e+01
   2.4022110e+06   3.8330078e+01
   2.4022650e+06   3.2531738e+01
   2.4023010e+06   3.3142090e+01
   2.4023290e+06   3.9978027e+01
   2.4023430e+06   3.9733887e+01
   2.4024850e+06   3.1860352e+01
   2.4495320e+06   3.3386230e+01
   2.4517260e+06   1.5083618e+03
   2.4518770e+06   5.1757813e+01
   2.4518950e+06   3.1005859e+01
   2.4519550e+06   2.9968262e+01
   2.4519800e+06   3.2836914e+01
   2.4520030e+06   3.0700684e+01
   2.4520550e+06   3.9672852e+01
   2.4521210e+06   3.0578613e+01
   2.4521640e+06   3.2653809e+01
   2.4521970e+06   3.0822754e+01
   2.5637900e+06   3.1433105e+01
   2.5757660e+06   3.1188965e+01
   2.5896030e+06   3.1066895e+01
   2.6389400e+06   3.1433105e+01
   2.6391640e+06   4.3334961e+01
   2.6392110e+06   3.3935547e+01
   2.6392250e+06   3.1494141e+01
   2.6392720e+06   3.0944824e+01
   2.6392960e+06   3.3020020e+01
   2.6393310e+06   3.1677246e+01
   2.6393950e+06   3.2714844e+01
   2.6394340e+06   3.6437988e+01
   2.6394610e+06   3.8146973e+01
   2.6394720e+06   4.1625977e+01
   2.6395100e+06   3.2592773e+01
   2.6396010e+06   2.9724121e+01
   2.6610680e+06   3.3691406e+01
   2.7964470e+06   3.0334473e+01
   2.7986040e+06   3.1982422e+01
   2.7986590e+06   3.0944824e+01
   2.7986760e+06   3.0456543e+01
   2.7987390e+06   3.7292480e+01
   2.7990750e+06   3.2836914e+01
   2.7991540e+06   3.0151367e+01
   2.7991860e+06   4.5227051e+01
   2.8489840e+06   4.9072266e+01
   2.8490480e+06   3.5766602e+01
   2.8490710e+06   4.0039063e+01
   2.8490920e+06   4.7119141e+01
   2.8491020e+06   4.3884277e+01
   2.8491420e+06   3.6621094e+01
   2.8491690e+06   3.9611816e+01
   2.8492460e+06   3.5156250e+01
   2.8492660e+06   3.0944824e+01
   2.8492920e+06   3.7292480e+01
   2.8493350e+06   3.3203125e+01
   2.8493510e+06   3.3264160e+01
   2.8493660e+06   3.0029297e+01
   2.8493930e+06   3.9550781e+01
   2.8494150e+06   3.1555176e+01
   2.8495140e+06   3.8574219e+01
   2.8495730e+06   3.4240723e+01
   2.8496080e+06   3.5827637e+01
   2.8496370e+06   3.5949707e+01
   2.8496530e+06   3.1127930e+01
   2.8496960e+06   3.3813477e+01
   2.8497780e+06   3.7902832e+01
   2.8498470e+06   3.6071777e+01
   2.8499360e+06   3.5217285e+01
   2.8501500e+06   3.0212402e+01
   2.8503680e+06   3.0944824e+01
   2.8504910e+06   3.2775879e+01
   2.8506110e+06   3.0944824e+01
   2.8564540e+06   3.1921387e+01
   2.8572380e+06   2.9724121e+01
   2.9179260e+06   3.3142090e+01
   2.9296920e+06   3.7109375e+01
   2.9426950e+06   3.3020020e+01
   2.9643810e+06   2.9724121e+01
   2.9670560e+06   3.7475586e+01
   2.9673400e+06   3.0517578e+01
   2.9673750e+06   3.0212402e+01
   2.9674050e+06   3.5034180e+01
   2.9674410e+06   3.1311035e+01
   2.9811860e+06   3.1555176e+01
