   2.9990000e+06   0.0000000e+00
   1.0400000e+03   1.5531006e+03
   1.0710000e+03   4.3518066e+01
   1.1020000e+03   6.5246582e+01
   1.1220000e+03   1.0839844e+02
   1.1350000e+03   4.4189453e+01
   1.1580000e+03   3.7109375e+01
   1.1830000e+03   3.5278320e+01
   1.2170000e+03   4.6325684e+01
   1.2470000e+03   5.2368164e+01
   1.2630000e+03   3.3264160e+01
   1.2960000e+03   3.5339355e+01
   1.3354000e+04   1.1016846e+02
   3.0633000e+04   1.3824463e+02
   3.2364000e+04   3.9245605e+01
   3.5124000e+04   8.0322266e+01
   3.6918000e+04   1.2426758e+02
   4.2771000e+04   4.6386719e+01
   4.4295000e+04   5.8471680e+01
   4.8619000e+04   5.6945801e+01
   5.1054000e+04   1.5662842e+03
   5.1066000e+04   3.6376953e+01
   5.1088000e+04   7.0495605e+01
   5.1099000e+04   6.6467285e+01
   5.1119000e+04   6.1462402e+01
   5.1133000e+04   6.7077637e+01
   5.1143000e+04   4.2053223e+01
   5.1166000e+04   3.6682129e+01
   5.1186000e+04   6.7321777e+01
   5.1196000e+04   7.5317383e+01
   5.1229000e+04   3.6499023e+01
   5.1242000e+04   5.0048828e+01
   5.1253000e+04   5.4443359e+01
   5.1292000e+04   4.3395996e+01
   5.1316000e+04   4.4250488e+01
   5.1352000e+04   3.6743164e+01
   5.1377000e+04   4.2358398e+01
   5.1394000e+04   3.6499023e+01
   5.1422000e+04   3.2714844e+01
   5.1440000e+04   3.3508301e+01
   5.1472000e+04   3.6804199e+01
   5.1503000e+04   3.3020020e+01
   5.1613000e+04   5.3222656e+01
   5.1629000e+04   4.4067383e+01
   5.1660000e+04   5.0292969e+01
   5.1687000e+04   3.3691406e+01
   5.1708000e+04   3.5583496e+01
   5.1743000e+04   3.3630371e+01
   5.2136000e+04   3.2897949e+01
   6.9653000e+04   1.1938477e+02
   7.2694000e+04   6.8481445e+01
   9.0051000e+04   6.4819336e+01
   9.2981000e+04   4.1687012e+01
   9.2991000e+04   3.8879395e+01
   9.3022000e+04   6.0546875e+01
   9.3047000e+04   1.0601807e+02
   9.3070000e+04   7.7392578e+01
   9.3088000e+04   7.7026367e+01
   9.3108000e+04   5.9692383e+01
   9.3118000e+04   5.7189941e+01
   9.3141000e+04   5.7556152e+01
   9.3165000e+04   7.5317383e+01
   9.3200000e+04   6.7626953e+01
   9.3220000e+04   1.3031006e+02
   9.3235000e+04   5.5480957e+01
   9.3251000e+04   4.6386719e+01
   9.3277000e+04   8.8378906e+01
   9.3294000e+04   1.0833740e+02
   9.3317000e+04   6.3415527e+01
   9.3336000e+04   3.7719727e+01
   9.3349000e+04   4.5288086e+01
   9.3372000e+04   4.6691895e+01
   9.3387000e+04   4.6142578e+01
   9.3412000e+04   7.1655273e+01
   9.3432000e+04   8.6669922e+01
   9.3443000e+04   7.5500488e+01
   9.3468000e+04   4.0527344e+01
   9.3481000e+04   4.1870117e+01
   9.3494000e+04   4.4433594e+01
   9.3508000e+04   6.7626953e+01
   9.3537000e+04   6.5002441e+01
   9.3559000e+04   5.6579590e+01
   9.3572000e+04   3.4729004e+01
   9.3590000e+04   3.3630371e+01
   9.3607000e+04   4.2358398e+01
   9.3636000e+04   3.6865234e+01
   9.3653000e+04   3.8574219e+01
   9.3666000e+04   5.1452637e+01
   9.3690000e+04   3.7719727e+01
   9.3777000e+04   3.3569336e+01
   9.3796000e+04   3.3325195e+01
   9.3860000e+04   3.8085938e+01
   9.4116000e+04   3.3142090e+01
   1.0106800e+05   1.5651245e+03
   1.0109000e+05   3.9245605e+01
   1.0111700e+05   3.9916992e+01
   1.0113000e+05   4.9499512e+01
   1.0115900e+05   6.7077637e+01
   1.0117800e+05   4.4677734e+01
   1.0120500e+05   3.9184570e+01
   1.0126600e+05   4.3640137e+01
   1.1006800e+05   4.2236328e+01
   1.2386900e+05   1.4544678e+02
   1.2857100e+05   4.7119141e+01
   1.3023800e+05   5.9814453e+01
   1.3356000e+05   5.8593750e+01
   1.4071300e+05   6.1340332e+01
   1.5108200e+05   1.5667114e+03
   1.5112700e+05   6.1279297e+01
   1.5115900e+05   1.3745117e+02
   1.5117200e+05   1.0156250e+02
   1.5118400e+05   4.2846680e+01
   1.5120600e+05   7.6721191e+01
   1.5121900e+05   3.7048340e+01
   1.5123800e+05   6.3415527e+01
   1.5125100e+05   5.8898926e+01
   1.5128500e+05   6.0119629e+01
   1.5131500e+05   6.9274902e+01
   1.5133000e+05   8.5388184e+01
   1.5134000e+05   3.3020020e+01
   1.5138400e+05   3.6193848e+01
   1.5140400e+05   3.9611816e+01
   1.5158800e+05   3.3264160e+01
   1.5168900e+05   3.3935547e+01
   1.5178300e+05   3.9978027e+01
   1.5180500e+05   5.8654785e+01
   1.5226100e+05   3.4057617e+01
   1.7207700e+05   5.2551270e+01
   1.7329500e+05   5.1513672e+01
   1.7332700e+05   6.6772461e+01
   1.7333900e+05   1.3452148e+02
   1.7337400e+05   1.5124512e+02
   1.7340600e+05   9.8754883e+01
   1.7342100e+05   5.6274414e+01
   1.7344300e+05   9.4421387e+01
   1.7345300e+05   8.1054688e+01
   1.7346600e+05   6.9152832e+01
   1.7347800e+05   5.0598145e+01
   1.7350200e+05   3.8330078e+01
   1.7352300e+05   4.7668457e+01
   1.7354300e+05   7.9223633e+01
   1.7357600e+05   6.7016602e+01
   1.7359700e+05   7.2265625e+01
   1.7361800e+05   4.2602539e+01
   1.7364500e+05   7.5744629e+01
   1.7366800e+05   5.2368164e+01
   1.7369100e+05   9.4909668e+01
   1.7370300e+05   5.4382324e+01
   1.7373000e+05   4.3640137e+01
   1.7376000e+05   3.6804199e+01
   1.7377900e+05   8.9843750e+01
   1.7384400e+05   3.3081055e+01
   1.7386800e+05   3.7841797e+01
   1.7389300e+05   6.1584473e+01
   1.7390900e+05   8.4106445e+01
   1.7401100e+05   3.6621094e+01
   1.7402100e+05   4.3457031e+01
   1.7409900e+05   3.4973145e+01
   1.7416900e+05   4.2114258e+01
   1.7447800e+05   3.4790039e+01
   1.9844400e+05   4.9377441e+01
   2.0019800e+05   6.0119629e+01
   2.0094600e+05   3.7170410e+01
   2.0109600e+05   1.5639038e+03
   2.0113000e+05   6.2377930e+01
   2.0115400e+05   7.2937012e+01
   2.0117000e+05   6.6833496e+01
   2.0118300e+05   9.0759277e+01
   2.0120700e+05   5.1025391e+01
   2.0122600e+05   1.0601807e+02
   2.0123900e+05   5.2551270e+01
   2.0125800e+05   3.9733887e+01
   2.0129300e+05   6.1950684e+01
   2.0130700e+05   4.0283203e+01
   2.0135500e+05   4.3640137e+01
   2.0139600e+05   4.3395996e+01
   2.0180400e+05   3.8024902e+01
   2.1557500e+05   9.1491699e+01
   2.2001200e+05   6.8298340e+01
   2.2427900e+05   4.0588379e+01
   2.2571100e+05   3.8452148e+01
   2.2605000e+05   1.0253906e+02
   2.3156200e+05   6.1218262e+01
   2.3265200e+05   3.5156250e+01
   2.3388600e+05   3.9489746e+01
   2.3719300e+05   5.1086426e+01
   2.3720400e+05   3.3264160e+01
   2.3722500e+05   8.8623047e+01
   2.3724100e+05   1.2658691e+02
   2.3725800e+05   9.0515137e+01
   2.3727200e+05   8.5449219e+01
   2.3730100e+05   8.3068848e+01
   2.3732300e+05   5.4931641e+01
   2.3733800e+05   7.4584961e+01
   2.3736400e+05   6.2011719e+01
   2.3737900e+05   6.0241699e+01
   2.3738900e+05   3.8146973e+01
   2.3741500e+05   6.1767578e+01
   2.3743300e+05   7.0678711e+01
   2.3744900e+05   8.2824707e+01
   2.3746800e+05   7.2875977e+01
   2.3748300e+05   9.2651367e+01
   2.3749900e+05   6.9580078e+01
   2.3751500e+05   5.7983398e+01
   2.3754500e+05   1.0229492e+02
   2.3755700e+05   4.5471191e+01
   2.3758400e+05   5.8410645e+01
   2.3759500e+05   5.2185059e+01
   2.3761500e+05   3.4423828e+01
   2.3763000e+05   3.3569336e+01
   2.3764400e+05   7.5500488e+01
   2.3767600e+05   4.8645020e+01
   2.3768900e+05   3.2653809e+01
   2.3771800e+05   3.5705566e+01
   2.3773700e+05   3.5156250e+01
   2.3776400e+05   4.4067383e+01
   2.3780200e+05   5.6335449e+01
   2.3782400e+05   3.7597656e+01
   2.3783500e+05   3.7902832e+01
   2.3788300e+05   3.4301758e+01
   2.3793900e+05   3.5888672e+01
   2.3795200e+05   3.6865234e+01
   2.3797900e+05   6.3720703e+01
   2.3799600e+05   5.6335449e+01
   2.3801200e+05   3.7109375e+01
   2.3820000e+05   3.7109375e+01
   2.3821800e+05   4.0100098e+01
   2.5099000e+05   3.3386230e+01
   2.5111200e+05   3.5566406e+03
   2.5114400e+05   3.4790039e+01
   2.5115900e+05   6.7504883e+01
   2.5119000e+05   9.2468262e+01
   2.5120300e+05   4.8706055e+01
   2.5123600e+05   3.8757324e+01
   2.5126100e+05   5.6640625e+01
   2.5129800e+05   3.8330078e+01
   2.5134400e+05   3.4179688e+01
   2.6510200e+05   1.2872314e+02
   2.6832100e+05   8.3129883e+01
   2.7191700e+05   1.1938477e+02
   2.7509400e+05   4.9072266e+01
   2.7792300e+05   1.2292480e+02
   2.8198400e+05   1.0162354e+02
   2.8412300e+05   3.3752441e+01
   2.9419400e+05   6.7993164e+01
   3.0112400e+05   1.5713501e+03
   3.0115700e+05   6.0241699e+01
   3.0116800e+05   4.4189453e+01
   3.0119700e+05   1.1059570e+02
   3.0121700e+05   8.7768555e+01
   3.0124200e+05   5.3588867e+01
   3.0126000e+05   5.3894043e+01
   3.0127900e+05   6.8908691e+01
   3.0130800e+05   5.7189941e+01
   3.0132900e+05   8.6181641e+01
   3.0136500e+05   4.4799805e+01
   3.0138400e+05   3.5095215e+01
   3.0139700e+05   3.2836914e+01
   3.0147800e+05   4.2907715e+01
   3.0178600e+05   3.8330078e+01
   3.0181100e+05   3.3264160e+01
   3.0187300e+05   4.4555664e+01
   3.0189100e+05   3.9978027e+01
   3.0192700e+05   3.8024902e+01
   3.0195100e+05   3.3691406e+01
   3.2674100e+05   4.5166016e+01
   3.2678100e+05   8.2275391e+01
   3.2679500e+05   1.4910889e+02
   3.2682300e+05   1.2164307e+02
   3.2684800e+05   6.0668945e+01
   3.2686300e+05   6.5002441e+01
   3.2687500e+05   4.4738770e+01
   3.2690100e+05   5.2917480e+01
   3.2691500e+05   6.6772461e+01
   3.2693400e+05   5.5908203e+01
   3.2694900e+05   6.1584473e+01
   3.2696100e+05   6.6711426e+01
   3.2699800e+05   4.1931152e+01
   3.2702800e+05   6.6467285e+01
   3.2703900e+05   3.9672852e+01
   3.2705200e+05   5.7739258e+01
   3.2706800e+05   9.7778320e+01
   3.2710100e+05   8.5510254e+01
   3.2712400e+05   5.9997559e+01
   3.2715900e+05   7.0190430e+01
   3.2718800e+05   4.7119141e+01
   3.2721700e+05   5.0720215e+01
   3.2724600e+05   8.4472656e+01
   3.2727300e+05   3.9550781e+01
   3.2734400e+05   4.8706055e+01
   3.2742200e+05   6.4758301e+01
   3.2747900e+05   3.8635254e+01
   3.4732800e+05   1.4367676e+02
   3.5113800e+05   1.5723267e+03
   3.5117200e+05   5.5358887e+01
   3.5119200e+05   7.1289063e+01
   3.5120700e+05   1.6577148e+02
   3.5122600e+05   6.2622070e+01
   3.5126200e+05   7.4218750e+01
   3.5128200e+05   5.6030273e+01
   3.5129400e+05   5.4382324e+01
   3.5133000e+05   3.6926270e+01
   3.5134900e+05   5.0537109e+01
   3.5140200e+05   4.6020508e+01
   3.5142200e+05   4.1076660e+01
   3.6289800e+05   1.2487793e+02
   3.6912600e+05   3.5217285e+01
   3.7144400e+05   1.0546875e+02
   3.7745400e+05   5.1574707e+01
   3.8204700e+05   5.4809570e+01
   3.8382600e+05   5.8898926e+01
   3.8514100e+05   7.1472168e+01
   3.8516600e+05   5.9753418e+01
   3.8517600e+05   1.3647461e+02
   3.8520600e+05   1.4691162e+02
   3.8522900e+05   5.7495117e+01
   3.8524400e+05   3.9733887e+01
   3.8525500e+05   5.7617188e+01
   3.8527600e+05   9.0515137e+01
   3.8528700e+05   7.5073242e+01
   3.8529900e+05   7.2814941e+01
   3.8532100e+05   7.1166992e+01
   3.8536000e+05   1.1163330e+02
   3.8538800e+05   7.3852539e+01
   3.8540800e+05   5.5725098e+01
   3.8541800e+05   5.3405762e+01
   3.8543600e+05   6.9091797e+01
   3.8547200e+05   8.0749512e+01
   3.8548700e+05   7.3913574e+01
   3.8550700e+05   4.2907715e+01
   3.8553400e+05   7.6843262e+01
   3.8556000e+05   8.7280273e+01
   3.8557700e+05   3.6926270e+01
   3.8560700e+05   3.9428711e+01
   3.8562900e+05   5.1391602e+01
   3.8565500e+05   3.9733887e+01
   3.8568200e+05   8.0444336e+01
   3.8570100e+05   6.9213867e+01
   3.8573800e+05   3.8208008e+01
   3.8575600e+05   4.7363281e+01
   3.8576700e+05   5.0231934e+01
   3.8579100e+05   4.7058105e+01
   3.8580500e+05   4.4555664e+01
   3.8584000e+05   4.6569824e+01
   3.8585200e+05   3.8146973e+01
   3.8586800e+05   3.4973145e+01
   3.8589500e+05   8.3068848e+01
   3.8593500e+05   4.1259766e+01
   3.8594500e+05   3.9428711e+01
   3.8596400e+05   3.5949707e+01
   3.8600300e+05   3.5034180e+01
   3.8601700e+05   4.9743652e+01
   3.8603900e+05   3.5400391e+01
   3.8607000e+05   4.4494629e+01
   3.8608300e+05   5.7067871e+01
   3.8612100e+05   4.0100098e+01
   3.8613300e+05   6.7871094e+01
   3.8618700e+05   3.5461426e+01
   3.8619800e+05   3.3203125e+01
   3.8623300e+05   3.4606934e+01
   3.8626100e+05   3.6560059e+01
   3.8627300e+05   3.8574219e+01
   3.8631100e+05   4.1503906e+01
   3.8634200e+05   4.0405273e+01
   3.8636700e+05   3.6743164e+01
   3.8639600e+05   3.8879395e+01
   3.8650700e+05   3.9672852e+01
   3.8664800e+05   4.6264648e+01
   3.8699700e+05   3.5339355e+01
   3.8711100e+05   3.5461426e+01
   3.9002100e+05   3.2714844e+01
   3.9468900e+05   3.3325195e+01
   4.0115400e+05   3.5512085e+03
   4.0119000e+05   3.9978027e+01
   4.0121500e+05   6.2500000e+01
   4.0122500e+05   1.3775635e+02
   4.0123500e+05   7.6721191e+01
   4.0127200e+05   4.4372559e+01
   4.0129600e+05   6.6467285e+01
   4.0131700e+05   3.5461426e+01
   4.0133100e+05   5.1391602e+01
   4.0135100e+05   3.5217285e+01
   4.0140000e+05   3.5583496e+01
   4.0892600e+05   1.2347412e+02
   4.1093200e+05   1.2463379e+02
   4.1201300e+05   5.3039551e+01
   4.1662800e+05   5.2490234e+01
   4.1821500e+05   3.4484863e+01
   4.2486800e+05   1.1553955e+02
   4.3400800e+05   5.3955078e+01
   4.3416500e+05   3.4118652e+01
   4.3563900e+05   4.9011230e+01
   4.3905200e+05   4.8156738e+01
   4.4560600e+05   1.2469482e+02
   4.5116600e+05   1.5680542e+03
   4.5117800e+05   3.3569336e+01
   4.5120000e+05   6.7810059e+01
   4.5123100e+05   6.3232422e+01
   4.5124900e+05   1.1791992e+02
   4.5126300e+05   1.1584473e+02
   4.5127400e+05   6.4392090e+01
   4.5129400e+05   3.9611816e+01
   4.5131100e+05   5.1940918e+01
   4.5134400e+05   5.8593750e+01
   4.5135500e+05   3.8391113e+01
   4.5136900e+05   5.7067871e+01
   4.5141500e+05   5.5786133e+01
   4.5149900e+05   3.9245605e+01
   4.5151900e+05   3.2897949e+01
   4.5204000e+05   3.8452148e+01
   4.6330300e+05   3.9916992e+01
   4.6985400e+05   4.5532227e+01
   4.7654100e+05   3.4545898e+01
   4.8298600e+05   3.3264160e+01
   4.8984200e+05   6.9580078e+01
   4.9625500e+05   7.2021484e+01
   5.0051600e+05   1.2365723e+02
   5.0118000e+05   1.5753784e+03
   5.0121400e+05   6.6955566e+01
   5.0124300e+05   7.3730469e+01
   5.0125500e+05   3.6926270e+01
   5.0127900e+05   1.4147949e+02
   5.0131400e+05   1.1303711e+02
   5.0134500e+05   6.3110352e+01
   5.0136700e+05   4.6447754e+01
   5.0140100e+05   5.2795410e+01
   5.0142500e+05   3.4667969e+01
   5.1264800e+05   3.6682129e+01
   5.3010400e+05   3.2714844e+01
   5.4372100e+05   4.4494629e+01
   5.4374600e+05   3.6193848e+01
   5.4376400e+05   9.6069336e+01
   5.4378100e+05   1.5020752e+02
   5.4381100e+05   1.2322998e+02
   5.4384000e+05   6.5490723e+01
   5.4385200e+05   8.0505371e+01
   5.4388000e+05   1.0009766e+02
   5.4389200e+05   8.6425781e+01
   5.4390500e+05   7.4279785e+01
   5.4393000e+05   5.7189941e+01
   5.4395800e+05   7.5683594e+01
   5.4397500e+05   1.0992432e+02
   5.4400200e+05   4.7180176e+01
   5.4401200e+05   3.7109375e+01
   5.4402200e+05   5.1025391e+01
   5.4405800e+05   8.0871582e+01
   5.4407800e+05   3.3020020e+01
   5.4409700e+05   8.5144043e+01
   5.4412700e+05   5.7312012e+01
   5.4416200e+05   8.8256836e+01
   5.4417600e+05   6.8908691e+01
   5.4418900e+05   4.2907715e+01
   5.4419900e+05   3.4851074e+01
   5.4422400e+05   5.6640625e+01
   5.4423600e+05   7.0129395e+01
   5.4426700e+05   6.5551758e+01
   5.4428000e+05   6.1340332e+01
   5.4431100e+05   6.4331055e+01
   5.4432900e+05   4.6508789e+01
   5.4435600e+05   6.0668945e+01
   5.4438300e+05   5.2917480e+01
   5.4441300e+05   5.2856445e+01
   5.4444500e+05   6.2866211e+01
   5.4446200e+05   4.2968750e+01
   5.4448200e+05   4.2053223e+01
   5.4449700e+05   3.3142090e+01
   5.4452700e+05   3.7963867e+01
   5.4453800e+05   5.1025391e+01
   5.4456700e+05   3.8879395e+01
   5.4458500e+05   4.2541504e+01
   5.4461300e+05   3.7414551e+01
   5.4463500e+05   6.4941406e+01
   5.4464800e+05   5.2062988e+01
   5.4466800e+05   5.2551270e+01
   5.4472200e+05   4.0466309e+01
   5.4473300e+05   4.1076660e+01
   5.4475100e+05   4.2236328e+01
   5.4477500e+05   4.5471191e+01
   5.4479400e+05   4.4738770e+01
   5.4482300e+05   4.2053223e+01
   5.4483400e+05   3.5766602e+01
   5.4487000e+05   4.7058105e+01
   5.4490100e+05   4.4860840e+01
   5.4493300e+05   4.5532227e+01
   5.4494900e+05   4.5532227e+01
   5.4497300e+05   4.1809082e+01
   5.4499800e+05   5.4931641e+01
   5.4502100e+05   4.3029785e+01
   5.4504000e+05   4.0710449e+01
   5.4509800e+05   4.5288086e+01
   5.4512400e+05   3.8574219e+01
   5.4514400e+05   3.9428711e+01
   5.4516700e+05   3.2653809e+01
   5.4520700e+05   4.5349121e+01
   5.4523200e+05   8.6853027e+01
   5.4524600e+05   3.3264160e+01
   5.4533500e+05   3.2958984e+01
   5.4536300e+05   3.3630371e+01
   5.4537300e+05   3.5888672e+01
   5.4540000e+05   3.2653809e+01
   5.4543800e+05   4.5898438e+01
   5.4548600e+05   5.2856445e+01
   5.4550800e+05   3.3935547e+01
   5.4563300e+05   3.3386230e+01
   5.4570500e+05   3.3203125e+01
   5.4575300e+05   3.4973145e+01
   5.4580400e+05   3.4790039e+01
   5.4586700e+05   3.3813477e+01
   5.4612600e+05   3.6682129e+01
   5.4855000e+05   3.4179687e+01
   5.5119400e+05   1.5551147e+03
   5.5123200e+05   4.7851563e+01
   5.5126000e+05   4.4372559e+01
   5.5128000e+05   4.6020508e+01
   5.5129600e+05   1.2310791e+02
   5.5130900e+05   3.2714844e+01
   5.5132200e+05   5.2185059e+01
   5.5189300e+05   3.3813477e+01
   5.5214000e+05   3.2775879e+01
   5.5360700e+05   3.3447266e+01
   5.5479500e+05   3.7536621e+01
   5.5568600e+05   3.4790039e+01
   5.6591400e+05   5.8593750e+01
   5.7841800e+05   1.2469482e+02
   5.8067300e+05   5.5419922e+01
   5.8946500e+05   5.4565430e+01
   5.9590500e+05   6.0913086e+01
   6.0120800e+05   1.5585938e+03
   6.0123500e+05   3.8574219e+01
   6.0125200e+05   6.2072754e+01
   6.0127700e+05   6.2805176e+01
   6.0129700e+05   8.8989258e+01
   6.0132200e+05   4.0222168e+01
   6.0135100e+05   6.3842773e+01
   6.0138900e+05   3.9001465e+01
   6.0142700e+05   3.6193848e+01
   6.0144700e+05   3.3020020e+01
   6.0866500e+05   3.3447266e+01
   6.1091100e+05   5.8044434e+01
   6.2816300e+05   3.3935547e+01
   6.3037800e+05   3.4301758e+01
   6.3160600e+05   3.3508301e+01
   6.3486100e+05   3.4606934e+01
   6.3487400e+05   7.1289063e+01
   6.3491800e+05   4.7485352e+01
   6.3492900e+05   1.4404297e+02
   6.3497000e+05   1.6552734e+02
   6.3498000e+05   6.8786621e+01
   6.3499900e+05   4.7363281e+01
   6.3503000e+05   7.3730469e+01
   6.3504800e+05   6.3659668e+01
   6.3506500e+05   8.0871582e+01
   6.3509800e+05   5.9082031e+01
   6.3512300e+05   5.2246094e+01
   6.3513400e+05   7.9467773e+01
   6.3518000e+05   9.3627930e+01
   6.3520400e+05   4.3395996e+01
   6.3521400e+05   4.9865723e+01
   6.3525100e+05   5.8349609e+01
   6.3526800e+05   9.1064453e+01
   6.3528100e+05   7.2143555e+01
   6.3529500e+05   5.6762695e+01
   6.3531400e+05   5.2490234e+01
   6.3532500e+05   4.6203613e+01
   6.3535200e+05   8.6364746e+01
   6.3536700e+05   7.5988770e+01
   6.3539000e+05   3.3935547e+01
   6.3540800e+05   3.5339355e+01
   6.3541900e+05   4.1076660e+01
   6.3544300e+05   5.8776855e+01
   6.3546300e+05   5.1025391e+01
   6.3549600e+05   8.1420898e+01
   6.3550800e+05   4.3395996e+01
   6.3551900e+05   3.3081055e+01
   6.3554500e+05   4.1503906e+01
   6.3555800e+05   4.5959473e+01
   6.3556800e+05   4.0832520e+01
   6.3558800e+05   3.8024902e+01
   6.3561400e+05   8.8684082e+01
   6.3570800e+05   3.2775879e+01
   6.3574400e+05   3.6621094e+01
   6.5122400e+05   3.5510864e+03
   6.5125700e+05   4.0832520e+01
   6.5127500e+05   5.7861328e+01
   6.5130400e+05   9.8205566e+01
   6.5132800e+05   5.3039551e+01
   6.5134800e+05   4.0161133e+01
   6.5137900e+05   3.9062500e+01
   6.5139400e+05   4.1381836e+01
   6.5141800e+05   6.9885254e+01
   6.6908700e+05   5.1330566e+01
   6.7067500e+05   5.3710937e+01
   6.7996100e+05   5.5358887e+01
   6.8723700e+05   3.3752441e+01
   6.9204600e+05   3.4118652e+01
   6.9348400e+05   3.5217285e+01
   6.9600500e+05   4.3518066e+01
   7.0012700e+05   3.8085938e+01
   7.0123600e+05   1.5776367e+03
   7.0124600e+05   4.7546387e+01
   7.0126900e+05   7.1472168e+01
   7.0128000e+05   6.4514160e+01
   7.0131400e+05   1.0650635e+02
   7.0133100e+05   5.2551270e+01
   7.0134800e+05   9.8144531e+01
   7.0137500e+05   3.3142090e+01
   7.0139400e+05   3.3630371e+01
   7.0141400e+05   3.8146973e+01
   7.0142900e+05   3.8696289e+01
   7.0145900e+05   5.3955078e+01
   7.0147400e+05   3.6804199e+01
   7.0151100e+05   3.3996582e+01
   7.0153400e+05   3.8452148e+01
   7.0188500e+05   3.5156250e+01
   7.0194300e+05   3.7963867e+01
   7.0195800e+05   4.9316406e+01
   7.0202400e+05   6.3659668e+01
   7.0204600e+05   3.3264160e+01
   7.0209400e+05   3.3081055e+01
   7.0214600e+05   3.9978027e+01
   7.0216900e+05   3.2836914e+01
   7.3531700e+05   3.3996582e+01
   7.3615100e+05   5.0109863e+01
   7.3838100e+05   1.3183594e+02
   7.4133700e+05   6.1950684e+01
   7.4444300e+05   5.3222656e+01
   7.4922400e+05   4.4494629e+01
   7.5125000e+05   1.5689087e+03
   7.5126100e+05   3.5766602e+01
   7.5128300e+05   6.0974121e+01
   7.5131400e+05   6.6589355e+01
   7.5133000e+05   1.3891602e+02
   7.5134000e+05   5.6579590e+01
   7.5135100e+05   5.5725098e+01
   7.5136900e+05   8.6547852e+01
   7.5138700e+05   6.4331055e+01
   7.5140700e+05   5.1818848e+01
   7.5141900e+05   5.6884766e+01
   7.5143300e+05   3.6743164e+01
   7.5145900e+05   3.6193848e+01
   7.5150800e+05   3.5766602e+01
   7.5156200e+05   3.5522461e+01
   7.5185300e+05   3.5278320e+01
   7.5291600e+05   3.4729004e+01
   7.6772200e+05   3.7109375e+01
   7.6984300e+05   3.4240723e+01
   7.8218900e+05   3.2958984e+01
   7.9138600e+05   3.7780762e+01
   7.9458000e+05   3.2714844e+01
   7.9674600e+05   1.3250732e+02
   7.9945700e+05   4.6630859e+01
   7.9946800e+05   5.5053711e+01
   7.9948800e+05   7.2570801e+01
   7.9950000e+05   1.0534668e+02
   7.9953000e+05   1.2963867e+02
   7.9954300e+05   7.4462891e+01
   7.9955400e+05   8.5876465e+01
   7.9957800e+05   5.8227539e+01
   7.9959300e+05   1.1474609e+02
   7.9962800e+05   1.1499023e+02
   7.9964400e+05   9.1003418e+01
   7.9965600e+05   6.4636230e+01
   7.9968400e+05   4.0161133e+01
   7.9969900e+05   8.2031250e+01
   7.9972200e+05   7.5378418e+01
   7.9973300e+05   7.7392578e+01
   7.9975400e+05   4.7424316e+01
   7.9978500e+05   8.1359863e+01
   7.9980900e+05   7.9040527e+01
   7.9983900e+05   5.2185059e+01
   7.9985800e+05   5.9753418e+01
   7.9988500e+05   8.3618164e+01
   7.9991500e+05   7.8186035e+01
   7.9992500e+05   5.8532715e+01
   7.9994500e+05   4.7485352e+01
   7.9996400e+05   3.3874512e+01
   7.9997800e+05   8.9477539e+01
   8.0000800e+05   7.4462891e+01
   8.0002700e+05   9.0637207e+01
   8.0004700e+05   4.6325684e+01
   8.0006300e+05   5.3649902e+01
   8.0009900e+05   7.6049805e+01
   8.0011000e+05   5.7495117e+01
   8.0012600e+05   4.5043945e+01
   8.0015200e+05   3.4606934e+01
   8.0018600e+05   4.4799805e+01
   8.0019600e+05   7.5256348e+01
   8.0022500e+05   5.7678223e+01
   8.0024600e+05   5.0048828e+01
   8.0028200e+05   6.3964844e+01
   8.0029600e+05   7.4523926e+01
   8.0033000e+05   6.6162109e+01
   8.0034200e+05   3.3569336e+01
   8.0035500e+05   3.9123535e+01
   8.0037000e+05   3.5644531e+01
   8.0038200e+05   5.8959961e+01
   8.0039400e+05   3.4179688e+01
   8.0040700e+05   5.7983398e+01
   8.0042600e+05   4.3212891e+01
   8.0045600e+05   3.5278320e+01
   8.0047300e+05   4.1992188e+01
   8.0050000e+05   3.7902832e+01
   8.0058000e+05   3.5034180e+01
   8.0060100e+05   4.5227051e+01
   8.0061800e+05   5.7067871e+01
   8.0063900e+05   3.5278320e+01
   8.0066900e+05   3.5461426e+01
   8.0072000e+05   4.6875000e+01
   8.0078900e+05   4.1992188e+01
   8.0082000e+05   5.2917480e+01
   8.0083600e+05   3.5400391e+01
   8.0085600e+05   3.7353516e+01
   8.0096100e+05   5.0964355e+01
   8.0097900e+05   3.2653809e+01
   8.0111100e+05   3.4790039e+01
   8.0112200e+05   5.4931641e+01
   8.0126600e+05   3.5864868e+03
   8.0128400e+05   5.3100586e+01
   8.0131200e+05   3.9062500e+01
   8.0133300e+05   4.4433594e+01
   8.0143500e+05   3.7048340e+01
   8.0287100e+05   3.2653809e+01
   8.0338500e+05   3.2775879e+01
   8.0544100e+05   3.4484863e+01
   8.0623200e+05   4.5410156e+01
   8.0641000e+05   3.4851074e+01
   8.0680900e+05   3.5583496e+01
   8.0979700e+05   3.3447266e+01
   8.1079100e+05   3.3386230e+01
   8.1268100e+05   3.2653809e+01
   8.1298800e+05   4.2541504e+01
   8.2003700e+05   1.3745117e+02
   8.2365600e+05   3.2653809e+01
   8.3264900e+05   5.5786133e+01
   8.3486300e+05   4.4677734e+01
   8.3740400e+05   1.1517334e+02
   8.4199600e+05   3.7048340e+01
   8.4336500e+05   4.6264648e+01
   8.5127800e+05   1.5559692e+03
   8.5131300e+05   5.6945801e+01
   8.5134300e+05   5.0292969e+01
   8.5136700e+05   1.2213135e+02
   8.5138000e+05   3.9611816e+01
   8.5143200e+05   3.8574219e+01
   8.5145000e+05   3.8696289e+01
   8.5148300e+05   3.7353516e+01
   8.5985900e+05   5.9753418e+01
   8.7610600e+05   3.5766602e+01
   8.8086700e+05   1.1602783e+02
   8.8326300e+05   4.7058105e+01
   8.9123400e+05   1.2976074e+02
   8.9261700e+05   1.2377930e+02
   8.9601200e+05   5.3161621e+01
   9.0129200e+05   1.5689697e+03
   9.0130400e+05   3.4240723e+01
   9.0133500e+05   5.5358887e+01
   9.0135200e+05   7.6538086e+01
   9.0137200e+05   6.7626953e+01
   9.0138300e+05   9.3017578e+01
   9.0140600e+05   5.5541992e+01
   9.0142800e+05   4.1076660e+01
   9.0145200e+05   3.6560059e+01
   9.0152900e+05   4.3640137e+01
   9.0153900e+05   3.4301758e+01
   9.0161900e+05   3.4301758e+01
   9.0184300e+05   4.3945313e+01
   9.0186100e+05   3.8635254e+01
   9.0189500e+05   3.9611816e+01
   9.0191500e+05   3.3325195e+01
   9.0208700e+05   3.6499023e+01
   9.0216700e+05   3.5034180e+01
   9.0218000e+05   3.7475586e+01
   9.0222500e+05   3.3569336e+01
   9.0225200e+05   3.6132813e+01
   9.0236600e+05   3.9916992e+01
   9.0263400e+05   5.9204102e+01
   9.2333300e+05   4.1931152e+01
   9.2682800e+05   6.8725586e+01
   9.3855000e+05   3.5034180e+01
   9.4337600e+05   3.4606934e+01
   9.4569800e+05   3.2897949e+01
   9.4966300e+05   1.3336182e+02
   9.5130800e+05   3.5595703e+03
   9.5134000e+05   5.4321289e+01
   9.5136200e+05   5.6823730e+01
   9.5139300e+05   1.2951660e+02
   9.5142100e+05   8.9721680e+01
   9.5143300e+05   6.9641113e+01
   9.5144300e+05   3.6621094e+01
   9.5147100e+05   4.2358398e+01
   9.5148600e+05   3.3813477e+01
   9.5150900e+05   4.2968750e+01
   9.5155700e+05   3.5583496e+01
   9.5168700e+05   3.4545898e+01
   9.5200100e+05   3.3691406e+01
   9.5221600e+05   3.2714844e+01
   9.5230800e+05   3.7475586e+01
   9.5241100e+05   3.2775879e+01
   9.5254400e+05   5.8471680e+01
   9.5260400e+05   3.3020020e+01
   9.6229200e+05   3.5034180e+01
   9.8543600e+05   1.1437988e+02
   9.8885100e+05   5.6945801e+01
   9.9669000e+05   3.4973145e+01
   1.0012020e+06   3.7353516e+01
   1.0013220e+06   3.5719604e+03
   1.0013460e+06   4.0344238e+01
   1.0013620e+06   6.0485840e+01
   1.0013730e+06   5.4077148e+01
   1.0013950e+06   1.0504150e+02
   1.0014120e+06   5.3833008e+01
   1.0014350e+06   8.0871582e+01
   1.0014490e+06   7.4401855e+01
   1.0014660e+06   8.3129883e+01
   1.0014810e+06   4.1625977e+01
   1.0015160e+06   3.9306641e+01
   1.0015310e+06   3.3569336e+01
   1.0016410e+06   3.6560059e+01
   1.0019440e+06   3.5827637e+01
   1.0022190e+06   4.3701172e+01
   1.0022360e+06   3.4667969e+01
   1.0023340e+06   4.3273926e+01
   1.0188190e+06   4.0222168e+01
   1.0239150e+06   3.2775879e+01
   1.0251860e+06   3.3569336e+01
   1.0290880e+06   1.3616943e+02
   1.0358020e+06   7.2326660e+01
   1.0386080e+06   6.0424805e+01
   1.0407390e+06   4.2114258e+01
   1.0436540e+06   1.2286377e+02
   1.0451210e+06   1.0174561e+02
   1.0467690e+06   6.4880371e+01
   1.0513340e+06   1.5835571e+03
   1.0513470e+06   3.7109375e+01
   1.0513680e+06   5.6030273e+01
   1.0513780e+06   5.2734375e+01
   1.0514030e+06   6.4392090e+01
   1.0514150e+06   7.7819824e+01
   1.0514400e+06   1.0327148e+02
   1.0514520e+06   6.2072754e+01
   1.0515080e+06   4.7912598e+01
   1.0515760e+06   3.7719727e+01
   1.0529200e+06   5.2429199e+01
   1.0682040e+06   5.5053711e+01
   1.0695650e+06   5.0170898e+01
   1.0771600e+06   3.4362793e+01
   1.0810970e+06   1.2524414e+02
   1.0841550e+06   4.4677734e+01
   1.0864010e+06   3.5400391e+01
   1.0885910e+06   1.0736084e+02
   1.0934860e+06   4.0954590e+01
   1.0955060e+06   3.3752441e+01
   1.1001980e+06   3.9916992e+01
   1.1013500e+06   3.5615234e+03
   1.1013820e+06   5.5236816e+01
   1.1014130e+06   6.7749023e+01
   1.1014270e+06   1.3256836e+02
   1.1014410e+06   6.7199707e+01
   1.1014720e+06   5.4077148e+01
   1.1014840e+06   8.0078125e+01
   1.1015230e+06   5.0170898e+01
   1.1015510e+06   3.4179688e+01
   1.1015900e+06   4.5349121e+01
   1.1020620e+06   3.5522461e+01
   1.1028440e+06   3.3874512e+01
   1.1028680e+06   3.8635254e+01
   1.1127150e+06   1.3684082e+02
   1.1150100e+06   5.8349609e+01
   1.1240670e+06   1.2158203e+02
   1.1243250e+06   3.2775879e+01
   1.1254520e+06   5.6152344e+01
   1.1293380e+06   3.8024902e+01
   1.1304620e+06   3.5156250e+01
   1.1317820e+06   3.8208008e+01
   1.1373130e+06   3.6071777e+01
   1.1373550e+06   4.1259766e+01
   1.1437620e+06   3.4606934e+01
   1.1440980e+06   4.9743652e+01
   1.1479420e+06   3.3630371e+01
   1.1491450e+06   3.3081055e+01
   1.1493370e+06   1.1724854e+02
   1.1513640e+06   3.5630493e+03
   1.1513950e+06   6.5124512e+01
   1.1514070e+06   5.0598145e+01
   1.1514370e+06   1.1578369e+02
   1.1514590e+06   1.1572266e+02
   1.1514880e+06   7.2937012e+01
   1.1515020e+06   8.1176758e+01
   1.1515290e+06   5.0292969e+01
   1.1515450e+06   4.8461914e+01
   1.1515880e+06   4.2297363e+01
   1.1515980e+06   4.5715332e+01
   1.1516270e+06   3.7597656e+01
   1.1516420e+06   3.9184570e+01
   1.1516690e+06   5.2917480e+01
   1.1517200e+06   3.2653809e+01
   1.1520300e+06   3.4301758e+01
   1.1635380e+06   6.8359375e+01
   1.1648730e+06   5.0903320e+01
   1.1716330e+06   3.5278320e+01
   1.1719170e+06   3.3874512e+01
   1.1784660e+06   6.4270020e+01
   1.1859520e+06   3.4667969e+01
   1.1958030e+06   1.1254883e+02
   1.1994030e+06   4.1320801e+01
   1.2012000e+06   4.0832520e+01
   1.2013780e+06   3.5639648e+03
   1.2013940e+06   4.0527344e+01
   1.2014190e+06   9.4482422e+01
   1.2014460e+06   5.5297852e+01
   1.2014580e+06   1.1511230e+02
   1.2014900e+06   4.8156738e+01
   1.2015050e+06   6.8420410e+01
   1.2015170e+06   7.1472168e+01
   1.2015320e+06   4.3640137e+01
   1.2015470e+06   3.8574219e+01
   1.2015860e+06   4.9499512e+01
   1.2016130e+06   3.9916992e+01
   1.2016350e+06   4.8095703e+01
   1.2016700e+06   3.7109375e+01
   1.2016870e+06   3.5034180e+01
   1.2020640e+06   4.0832520e+01
   1.2108360e+06   3.5156250e+01
   1.2175940e+06   3.9794922e+01
   1.2191840e+06   3.3081055e+01
   1.2201970e+06   3.5766602e+01
   1.2212220e+06   6.1584473e+01
   1.2242460e+06   6.2377930e+01
   1.2293970e+06   6.0058594e+01
   1.2312220e+06   5.0170898e+01
   1.2333910e+06   4.0161133e+01
   1.2342450e+06   6.3476562e+01
   1.2342740e+06   1.1566162e+02
   1.2342850e+06   1.1553955e+02
   1.2343080e+06   1.0809326e+02
   1.2343200e+06   4.1625977e+01
   1.2343420e+06   6.0424805e+01
   1.2343690e+06   3.9916992e+01
   1.2343890e+06   8.9233398e+01
   1.2344170e+06   5.9387207e+01
   1.2344480e+06   1.1267090e+02
   1.2344720e+06   5.5603027e+01
   1.2345030e+06   5.7189941e+01
   1.2345170e+06   6.4025879e+01
   1.2345410e+06   3.8696289e+01
   1.2345620e+06   1.2084961e+02
   1.2345930e+06   5.4321289e+01
   1.2346060e+06   5.0476074e+01
   1.2346420e+06   8.5266113e+01
   1.2346660e+06   7.3364258e+01
   1.2346840e+06   6.6955566e+01
   1.2347200e+06   5.8776855e+01
   1.2347320e+06   5.9570313e+01
   1.2347470e+06   6.7749023e+01
   1.2347760e+06   6.3781738e+01
   1.2347860e+06   3.6010742e+01
   1.2348150e+06   5.9387207e+01
   1.2348300e+06   6.0180664e+01
   1.2348460e+06   4.5959473e+01
   1.2348860e+06   3.8879395e+01
   1.2349070e+06   6.7993164e+01
   1.2349300e+06   3.7231445e+01
   1.2349750e+06   4.3273926e+01
   1.2350000e+06   4.3579102e+01
   1.2350150e+06   4.9316406e+01
   1.2350430e+06   5.3527832e+01
   1.2350760e+06   5.0903320e+01
   1.2350910e+06   3.7414551e+01
   1.2351060e+06   5.1818848e+01
   1.2351390e+06   4.2236328e+01
   1.2351690e+06   5.2673340e+01
   1.2351850e+06   4.7912598e+01
   1.2351990e+06   3.3386230e+01
   1.2352120e+06   3.3691406e+01
   1.2352330e+06   4.4128418e+01
   1.2352590e+06   3.5156250e+01
   1.2352840e+06   5.9387207e+01
   1.2353140e+06   5.7556152e+01
   1.2353470e+06   3.9306641e+01
   1.2353690e+06   4.1015625e+01
   1.2354130e+06   4.1259766e+01
   1.2354280e+06   3.3325195e+01
   1.2354700e+06   3.7170410e+01
   1.2354990e+06   4.8828125e+01
   1.2355130e+06   4.7485352e+01
   1.2355300e+06   3.2714844e+01
   1.2356040e+06   4.0283203e+01
   1.2356360e+06   3.4484863e+01
   1.2356490e+06   4.5593262e+01
   1.2356990e+06   3.9855957e+01
   1.2357110e+06   3.3935547e+01
   1.2357300e+06   3.4362793e+01
   1.2357840e+06   4.8034668e+01
   1.2358240e+06   4.4067383e+01
   1.2358540e+06   3.9001465e+01
   1.2358870e+06   4.1442871e+01
   1.2359180e+06   3.9306641e+01
   1.2359400e+06   3.3386230e+01
   1.2360160e+06   5.8044434e+01
   1.2361120e+06   3.9794922e+01
   1.2361460e+06   3.7658691e+01
   1.2361580e+06   5.4992676e+01
   1.2362090e+06   3.9123535e+01
   1.2362990e+06   3.9306641e+01
   1.2363940e+06   3.3996582e+01
   1.2364670e+06   3.3691406e+01
   1.2365740e+06   3.6010742e+01
   1.2366140e+06   3.5705566e+01
   1.2366260e+06   3.3081055e+01
   1.2389190e+06   3.4301758e+01
   1.2399500e+06   3.7841797e+01
   1.2410960e+06   3.4484863e+01
   1.2412340e+06   3.7597656e+01
   1.2413920e+06   3.3020020e+01
   1.2416730e+06   3.4301758e+01
   1.2427780e+06   3.3630371e+01
   1.2433070e+06   3.3752441e+01
   1.2458010e+06   3.4606934e+01
   1.2472070e+06   3.4484863e+01
   1.2489460e+06   3.5888672e+01
   1.2513900e+06   1.5657959e+03
   1.2514010e+06   3.7048340e+01
   1.2514250e+06   4.2419434e+01
   1.2514510e+06   4.3518066e+01
   1.2514820e+06   1.3452148e+02
   1.2514990e+06   3.4118652e+01
   1.2515350e+06   3.8940430e+01
   1.2737900e+06   6.0485840e+01
   1.2957860e+06   1.3171387e+02
   1.3014040e+06   1.5656128e+03
   1.3014260e+06   3.2653809e+01
   1.3014390e+06   6.7443848e+01
   1.3014600e+06   5.0964355e+01
   1.3014820e+06   7.3242187e+01
   1.3015000e+06   4.3762207e+01
   1.3015240e+06   4.2602539e+01
   1.3015440e+06   6.3781738e+01
   1.3015800e+06   3.6376953e+01
   1.3212660e+06   3.4667969e+01
   1.3389390e+06   3.7963867e+01
   1.3418970e+06   4.2724609e+01
   1.3421630e+06   3.3203125e+01
   1.3446110e+06   1.3787842e+02
   1.3514180e+06   1.5718994e+03
   1.3514520e+06   5.6579590e+01
   1.3514840e+06   6.4758301e+01
   1.3515010e+06   1.5203857e+02
   1.3515130e+06   7.4890137e+01
   1.3515330e+06   3.8635254e+01
   1.3515610e+06   1.1907959e+02
   1.3515750e+06   6.8786621e+01
   1.3516000e+06   4.5898438e+01
   1.3516310e+06   3.9001465e+01
   1.3516640e+06   3.8146973e+01
   1.3516770e+06   5.5847168e+01
   1.3517610e+06   3.2897949e+01
   1.3517990e+06   3.4667969e+01
   1.3519020e+06   3.3813477e+01
   1.3519250e+06   3.3691406e+01
   1.3520240e+06   4.9072266e+01
   1.3520430e+06   3.8879395e+01
   1.3520630e+06   3.4362793e+01
   1.3521990e+06   3.9978027e+01
   1.3522150e+06   3.6437988e+01
   1.3524850e+06   3.4973145e+01
   1.3525710e+06   3.2775879e+01
   1.3525970e+06   3.5278320e+01
   1.3526150e+06   1.3311768e+02
   1.3526410e+06   4.5898438e+01
   1.3526610e+06   3.2653809e+01
   1.3527040e+06   3.7780762e+01
   1.3527560e+06   3.2958984e+01
   1.3723180e+06   5.1940918e+01
   1.3835460e+06   5.6701660e+01
   1.3873760e+06   3.2714844e+01
   1.3889780e+06   3.3935547e+01
   1.3915450e+06   4.2297363e+01
   1.3916390e+06   3.9489746e+01
   1.3925740e+06   3.5034180e+01
   1.3965350e+06   1.0925293e+02
   1.3977270e+06   3.3630371e+01
   1.4000810e+06   3.3630371e+01
   1.4014340e+06   3.5598755e+03
   1.4014650e+06   5.6457520e+01
   1.4014980e+06   4.9316406e+01
   1.4015200e+06   1.0754395e+02
   1.4015310e+06   5.6213379e+01
   1.4015450e+06   5.2124023e+01
   1.4015630e+06   6.7565918e+01
   1.4015730e+06   4.5776367e+01
   1.4015890e+06   4.4555664e+01
   1.4016120e+06   4.0466309e+01
   1.4016270e+06   3.3020020e+01
   1.4016660e+06   4.0405273e+01
   1.4016970e+06   4.3762207e+01
   1.4017120e+06   6.5246582e+01
   1.4017520e+06   3.7780762e+01
   1.4017650e+06   3.9123535e+01
   1.4017910e+06   3.3447266e+01
   1.4018090e+06   3.3508301e+01
   1.4018480e+06   3.5156250e+01
   1.4020110e+06   1.1743164e+02
   1.4020210e+06   3.3630371e+01
   1.4020480e+06   5.4504395e+01
   1.4020660e+06   7.7636719e+01
   1.4020770e+06   4.4006348e+01
   1.4021000e+06   5.3894043e+01
   1.4021180e+06   6.6467285e+01
   1.4021340e+06   5.3100586e+01
   1.4021450e+06   3.6560059e+01
   1.4021710e+06   5.9570312e+01
   1.4022030e+06   4.0893555e+01
   1.4022280e+06   5.2307129e+01
   1.4022550e+06   4.0893555e+01
   1.4022800e+06   6.5612793e+01
   1.4204370e+06   3.5766602e+01
   1.4225950e+06   1.2091064e+02
   1.4248810e+06   5.9509277e+01
   1.4276710e+06   3.3569336e+01
   1.4333340e+06   3.9855957e+01
   1.4369330e+06   1.1730957e+02
   1.4419110e+06   5.3466797e+01
   1.4475250e+06   4.4982910e+01
   1.4514480e+06   3.5596313e+03
   1.4514800e+06   6.8115234e+01
   1.4515110e+06   4.9438477e+01
   1.4515390e+06   1.1401367e+02
   1.4515630e+06   7.3120117e+01
   1.4515760e+06   9.9609375e+01
   1.4516290e+06   5.3100586e+01
   1.4516540e+06   8.4106445e+01
   1.4516830e+06   4.8156738e+01
   1.4516990e+06   4.0039062e+01
   1.4517360e+06   3.2836914e+01
   1.4517510e+06   6.8664551e+01
   1.4517620e+06   3.7292480e+01
   1.4518080e+06   3.3264160e+01
   1.4518360e+06   5.0720215e+01
   1.4518690e+06   4.0405273e+01
   1.4518900e+06   4.0161133e+01
   1.4519190e+06   7.9040527e+01
   1.4519340e+06   4.8339844e+01
   1.4519710e+06   3.8940430e+01
   1.4519990e+06   7.0434570e+01
   1.4520140e+06   5.3161621e+01
   1.4520410e+06   1.2176514e+02
   1.4521090e+06   3.6621094e+01
   1.4521220e+06   3.7719727e+01
   1.4521570e+06   3.2714844e+01
   1.4521860e+06   8.7036133e+01
   1.4522030e+06   3.6865234e+01
   1.4522450e+06   3.9672852e+01
   1.4522770e+06   3.4667969e+01
   1.4523530e+06   3.6560059e+01
   1.4523660e+06   3.7292480e+01
   1.4524020e+06   3.3630371e+01
   1.4524320e+06   5.6945801e+01
   1.4524590e+06   3.5766602e+01
   1.4525250e+06   3.3203125e+01
   1.4526260e+06   4.7973633e+01
   1.4526660e+06   3.7597656e+01
   1.4527420e+06   3.5583496e+01
   1.4530140e+06   3.3935547e+01
   1.4770230e+06   5.2673340e+01
   1.4807690e+06   6.0180664e+01
   1.4911950e+06   3.3203125e+01
   1.4941920e+06   5.4199219e+01
   1.5006550e+06   5.6701660e+01
   1.5014600e+06   1.5838013e+03
   1.5014760e+06   3.7170410e+01
   1.5014930e+06   4.9316406e+01
   1.5015250e+06   7.8247070e+01
   1.5015460e+06   1.5191650e+02
   1.5015660e+06   7.2814941e+01
   1.5015850e+06   8.2336426e+01
   1.5016050e+06   6.5246582e+01
   1.5016290e+06   5.3588867e+01
   1.5016520e+06   4.1687012e+01
   1.5016710e+06   4.1503906e+01
   1.5017050e+06   5.0476074e+01
   1.5017160e+06   5.0109863e+01
   1.5017300e+06   3.5705566e+01
   1.5017790e+06   3.4729004e+01
   1.5018100e+06   5.5480957e+01
   1.5018220e+06   3.9855957e+01
   1.5018500e+06   4.7729492e+01
   1.5018800e+06   4.7241211e+01
   1.5019030e+06   3.7719727e+01
   1.5019510e+06   4.3579102e+01
   1.5019650e+06   4.8278809e+01
   1.5019860e+06   3.3203125e+01
   1.5020060e+06   3.5400391e+01
   1.5020260e+06   8.0871582e+01
   1.5020470e+06   3.6865234e+01
   1.5020740e+06   7.3486328e+01
   1.5021080e+06   3.3264160e+01
   1.5021210e+06   4.1931152e+01
   1.5021450e+06   3.4362793e+01
   1.5021660e+06   3.5034180e+01
   1.5021880e+06   6.2866211e+01
   1.5022060e+06   4.6569824e+01
   1.5022500e+06   5.2673340e+01
   1.5022780e+06   3.3508301e+01
   1.5023190e+06   3.6682129e+01
   1.5023400e+06   3.3630371e+01
   1.5023820e+06   3.7109375e+01
   1.5024300e+06   3.2897949e+01
   1.5024610e+06   5.0231934e+01
   1.5026280e+06   3.9245605e+01
   1.5029480e+06   3.4545898e+01
   1.5264160e+06   1.2200928e+02
   1.5280990e+06   6.2133789e+01
   1.5321660e+06   5.4138184e+01
   1.5352250e+06   5.0537109e+01
   1.5366790e+06   1.2316895e+02
   1.5366920e+06   3.4729004e+01
   1.5388630e+06   3.4606934e+01
   1.5418510e+06   9.8815918e+01
   1.5474170e+06   1.1791992e+02
   1.5489700e+06   1.0638428e+02
   1.5514760e+06   3.5574951e+03
   1.5514860e+06   3.2897949e+01
   1.5515080e+06   5.7128906e+01
   1.5515420e+06   6.5429688e+01
   1.5515600e+06   1.0174561e+02
   1.5515870e+06   5.7739258e+01
   1.5516030e+06   1.0968018e+02
   1.5516130e+06   7.0373535e+01
   1.5516340e+06   4.9621582e+01
   1.5516730e+06   7.3181152e+01
   1.5516840e+06   4.9682617e+01
   1.5517020e+06   3.4362793e+01
   1.5517240e+06   5.1940918e+01
   1.5517520e+06   3.7536621e+01
   1.5517780e+06   4.0100098e+01
   1.5518100e+06   5.1574707e+01
   1.5518310e+06   6.3537598e+01
   1.5518420e+06   6.4453125e+01
   1.5518870e+06   7.1838379e+01
   1.5519120e+06   6.1340332e+01
   1.5519350e+06   3.9123535e+01
   1.5519640e+06   6.1035156e+01
   1.5519900e+06   4.1687012e+01
   1.5520020e+06   5.1513672e+01
   1.5520290e+06   3.3264160e+01
   1.5520470e+06   4.8034668e+01
   1.5520620e+06   4.1503906e+01
   1.5520800e+06   3.6987305e+01
   1.5521010e+06   5.6335449e+01
   1.5521330e+06   8.0932617e+01
   1.5521600e+06   4.1198730e+01
   1.5521720e+06   3.3325195e+01
   1.5522020e+06   3.6804199e+01
   1.5522270e+06   3.3752441e+01
   1.5523020e+06   5.0354004e+01
   1.5523270e+06   3.9733887e+01
   1.5523650e+06   3.5888672e+01
   1.5524100e+06   3.6987305e+01
   1.5524430e+06   3.4973145e+01
   1.5524860e+06   4.1259766e+01
   1.5526900e+06   4.0832520e+01
   1.5528210e+06   3.3264160e+01
   1.5529390e+06   3.3142090e+01
   1.5530690e+06   4.2785645e+01
   1.5532190e+06   3.4057617e+01
   1.5536130e+06   3.6437988e+01
   1.5670170e+06   6.4086914e+01
   1.5733270e+06   5.1757812e+01
   1.5749070e+06   1.1340332e+02
   1.5776810e+06   5.0292969e+01
   1.5791060e+06   5.1330566e+01
   1.5848590e+06   3.7353516e+01
   1.5863720e+06   5.8776855e+01
   1.5923730e+06   4.5349121e+01
   1.5940100e+06   5.8837891e+01
   1.5951290e+06   1.1022949e+02
   1.5962770e+06   3.4973145e+01
   1.5981110e+06   3.4423828e+01
   1.6001700e+06   5.7861328e+01
   1.6014880e+06   1.5715332e+03
   1.6015000e+06   3.4484863e+01
   1.6015220e+06   6.6467285e+01
   1.6015550e+06   6.4697266e+01
   1.6015680e+06   7.6293945e+01
   1.6015800e+06   3.9062500e+01
   1.6016120e+06   6.1218262e+01
   1.6016220e+06   6.9091797e+01
   1.6016530e+06   6.7199707e+01
   1.6016780e+06   3.4545898e+01
   1.6017040e+06   4.5776367e+01
   1.6017210e+06   4.8522949e+01
   1.6017550e+06   3.5522461e+01
   1.6017770e+06   3.7902832e+01
   1.6018080e+06   4.1076660e+01
   1.6018220e+06   3.4545898e+01
   1.6018580e+06   3.6010742e+01
   1.6018900e+06   3.2775879e+01
   1.6019370e+06   4.6691895e+01
   1.6019570e+06   3.5278320e+01
   1.6019960e+06   5.1513672e+01
   1.6020450e+06   7.3364258e+01
   1.6022920e+06   3.8330078e+01
   1.6023270e+06   3.3386230e+01
   1.6024880e+06   3.4240723e+01
   1.6027020e+06   3.9306641e+01
   1.6139990e+06   3.3447266e+01
   1.6154060e+06   3.6254883e+01
   1.6180110e+06   3.6682129e+01
   1.6213020e+06   4.6264648e+01
   1.6213460e+06   3.3752441e+01
   1.6216000e+06   5.2185059e+01
   1.6216360e+06   3.7902832e+01
   1.6223190e+06   3.9245605e+01
   1.6255760e+06   1.3140869e+02
   1.6288700e+06   5.9326172e+01
   1.6310280e+06   4.6447754e+01
   1.6326380e+06   1.0107422e+02
   1.6418070e+06   1.2542725e+02
   1.6438190e+06   1.0839844e+02
   1.6457710e+06   4.1625977e+01
   1.6475630e+06   5.1635742e+01
   1.6500270e+06   1.2207031e+02
   1.6515020e+06   1.5662842e+03
   1.6515360e+06   5.2612305e+01
   1.6515550e+06   4.3579102e+01
   1.6515800e+06   1.3635254e+02
   1.6516110e+06   5.5664062e+01
   1.6516270e+06   6.5856934e+01
   1.6516400e+06   6.4941406e+01
   1.6516690e+06   8.7402344e+01
   1.6516830e+06   3.4729004e+01
   1.6516940e+06   3.4851074e+01
   1.6517140e+06   5.6823730e+01
   1.6517370e+06   3.9062500e+01
   1.6517620e+06   3.7658691e+01
   1.6517820e+06   3.4118652e+01
   1.6518030e+06   3.5522461e+01
   1.6518330e+06   3.4606934e+01
   1.6518600e+06   3.6254883e+01
   1.6518920e+06   4.2175293e+01
   1.6519070e+06   3.5278320e+01
   1.6519300e+06   4.4677734e+01
   1.6520000e+06   3.5095215e+01
   1.6524510e+06   3.9489746e+01
   1.6524760e+06   4.1198730e+01
   1.6667800e+06   5.9936523e+01
   1.6674120e+06   3.5278320e+01
   1.6714740e+06   4.3640137e+01
   1.6725280e+06   4.2236328e+01
   1.6725530e+06   1.0559082e+02
   1.6725690e+06   5.4199219e+01
   1.6725910e+06   4.8645020e+01
   1.6753980e+06   5.3222656e+01
   1.6771770e+06   4.7363281e+01
   1.6798930e+06   5.5297852e+01
   1.6832760e+06   1.1010742e+02
   1.6900720e+06   3.8208008e+01
   1.7000220e+06   1.2866211e+02
   1.7005420e+06   5.6884766e+01
   1.7005590e+06   4.4189453e+01
   1.7005770e+06   4.5288086e+01
   1.7006160e+06   7.8369141e+01
   1.7006260e+06   7.7148438e+01
   1.7006420e+06   5.9753418e+01
   1.7006690e+06   6.3049316e+01
   1.7006840e+06   5.1635742e+01
   1.7007050e+06   6.7749023e+01
   1.7007210e+06   4.3701172e+01
   1.7007460e+06   3.5522461e+01
   1.7007930e+06   8.9294434e+01
   1.7008090e+06   4.1748047e+01
   1.7008600e+06   3.8940430e+01
   1.7008920e+06   8.3251953e+01
   1.7009090e+06   3.6621094e+01
   1.7009340e+06   3.7902832e+01
   1.7009530e+06   3.7902832e+01
   1.7009780e+06   3.9733887e+01
   1.7010890e+06   3.3691406e+01
   1.7012050e+06   3.9123535e+01
   1.7015180e+06   3.5648804e+03
   1.7015370e+06   3.6987305e+01
   1.7015510e+06   6.3598633e+01
   1.7015670e+06   3.9306641e+01
   1.7015870e+06   4.1076660e+01
   1.7016090e+06   1.0363770e+02
   1.7097330e+06   3.3081055e+01
   1.7276000e+06   3.2714844e+01
   1.7306580e+06   7.4279785e+01
   1.7456080e+06   1.3970947e+02
   1.7471300e+06   3.6132813e+01
   1.7515300e+06   1.5675659e+03
   1.7515560e+06   3.4667969e+01
   1.7515690e+06   4.0100098e+01
   1.7516100e+06   1.5051270e+02
   1.7516210e+06   8.3618164e+01
   1.7516430e+06   5.4260254e+01
   1.7516630e+06   1.4086914e+02
   1.7516900e+06   5.4931641e+01
   1.7517120e+06   6.0668945e+01
   1.7517240e+06   6.5917969e+01
   1.7517380e+06   8.0444336e+01
   1.7517490e+06   3.3264160e+01
   1.7517720e+06   7.4890137e+01
   1.7518020e+06   3.6865234e+01
   1.7518290e+06   4.4738770e+01
   1.7518440e+06   4.1076660e+01
   1.7519080e+06   3.7292480e+01
   1.7519330e+06   3.7902832e+01
   1.7519590e+06   3.3386230e+01
   1.7520210e+06   3.4362793e+01
   1.7520380e+06   3.4240723e+01
   1.7520930e+06   3.6071777e+01
   1.7521540e+06   9.9975586e+01
   1.7623030e+06   6.1157227e+01
   1.7662020e+06   4.0588379e+01
   1.7724530e+06   3.3203125e+01
   1.7798870e+06   6.3354492e+01
   1.7856730e+06   7.9162598e+01
   1.7886780e+06   6.8664551e+01
   1.7917060e+06   1.2524414e+02
   1.7941480e+06   4.7851563e+01
   1.7956850e+06   5.4138184e+01
   1.7979030e+06   1.0784912e+02
   1.8015440e+06   1.5697021e+03
   1.8015770e+06   5.9143066e+01
   1.8015870e+06   4.8583984e+01
   1.8016160e+06   1.1401367e+02
   1.8016410e+06   9.8327637e+01
   1.8016610e+06   5.9265137e+01
   1.8016720e+06   4.1992188e+01
   1.8017010e+06   5.5175781e+01
   1.8017150e+06   3.7170410e+01
   1.8017500e+06   4.0222168e+01
   1.8017750e+06   5.0415039e+01
   1.8017900e+06   3.8879395e+01
   1.8018090e+06   4.4067383e+01
   1.8018200e+06   3.3386230e+01
   1.8018430e+06   4.6264648e+01
   1.8018880e+06   4.2053223e+01
   1.8020640e+06   3.2897949e+01
   1.8025280e+06   4.4677734e+01
   1.8247040e+06   3.3569336e+01
   1.8250290e+06   1.3537598e+02
   1.8268620e+06   1.0095215e+02
   1.8325630e+06   3.8208008e+01
   1.8349620e+06   1.2841797e+02
   1.8375550e+06   3.6376953e+01
   1.8399590e+06   5.2307129e+01
   1.8428180e+06   3.8574219e+01
   1.8490040e+06   3.3752441e+01
   1.8496920e+06   1.1340332e+02
   1.8515580e+06   1.5673218e+03
   1.8515920e+06   7.5683594e+01
   1.8516050e+06   4.8522949e+01
   1.8516360e+06   1.1309814e+02
   1.8516600e+06   5.9387207e+01
   1.8516720e+06   7.5012207e+01
   1.8516890e+06   4.4982910e+01
   1.8517070e+06   5.0109863e+01
   1.8517290e+06   3.5034180e+01
   1.8517430e+06   7.9467773e+01
   1.8517570e+06   4.1625977e+01
   1.8517790e+06   8.2763672e+01
   1.8517900e+06   4.3334961e+01
   1.8518240e+06   3.6437988e+01
   1.8518400e+06   3.2653809e+01
   1.8518810e+06   3.9489746e+01
   1.8518980e+06   3.3752441e+01
   1.8519180e+06   4.1320801e+01
   1.8520580e+06   3.9611816e+01
   1.8520720e+06   3.5949707e+01
   1.8524690e+06   5.2124023e+01
   1.8660330e+06   3.3996582e+01
   1.8676240e+06   4.9194336e+01
   1.8690170e+06   1.0809326e+02
   1.8752980e+06   1.0565186e+02
   1.8788690e+06   9.5825195e+01
   1.8805980e+06   4.0588379e+01
   1.8832790e+06   4.8767090e+01
   1.8870930e+06   5.0659180e+01
   1.8909000e+06   5.5175781e+01
   1.8917250e+06   3.4240723e+01
   1.8917880e+06   3.5095215e+01
   1.8918100e+06   3.3447266e+01
   1.8938940e+06   5.7434082e+01
   1.8975360e+06   1.0650635e+02
   1.9011110e+06   3.4667969e+01
   1.9015720e+06   1.5745239e+03
   1.9015840e+06   3.3142090e+01
   1.9016050e+06   4.9865723e+01
   1.9016340e+06   3.7475586e+01
   1.9016460e+06   9.7717285e+01
   1.9016640e+06   5.2673340e+01
   1.9016880e+06   5.9997559e+01
   1.9016980e+06   8.2153320e+01
   1.9017340e+06   4.9743652e+01
   1.9017580e+06   5.3588867e+01
   1.9018010e+06   5.0903320e+01
   1.9018170e+06   4.6447754e+01
   1.9018490e+06   4.4433594e+01
   1.9018670e+06   4.6569824e+01
   1.9019030e+06   3.6071777e+01
   1.9019790e+06   3.4240723e+01
   1.9021540e+06   3.5400391e+01
   1.9023380e+06   4.2053223e+01
   1.9025760e+06   3.9916992e+01
   1.9026770e+06   3.4118652e+01
   1.9212600e+06   6.0180664e+01
   1.9338400e+06   5.7312012e+01
   1.9400890e+06   1.2152100e+02
   1.9435020e+06   5.7067871e+01
   1.9458710e+06   3.4179687e+01
   1.9472960e+06   1.3177490e+02
   1.9485520e+06   1.2268066e+02
   1.9515870e+06   4.1156006e+02
   1.9515970e+06   4.0527344e+01
   1.9516170e+06   5.5541992e+01
   1.9516410e+06   3.9794922e+01
   1.9516620e+06   9.5764160e+01
   1.9516800e+06   8.9111328e+01
   1.9516990e+06   5.4016113e+01
   1.9517170e+06   5.0903320e+01
   1.9517440e+06   5.5175781e+01
   1.9517580e+06   5.2307129e+01
   1.9517820e+06   6.5734863e+01
   1.9518020e+06   9.8083496e+01
   1.9518310e+06   4.1137695e+01
   1.9519060e+06   4.5837402e+01
   1.9519480e+06   3.3264160e+01
   1.9520140e+06   4.1625977e+01
   1.9520250e+06   3.8085938e+01
   1.9521660e+06   4.1992188e+01
   1.9523750e+06   5.6274414e+01
   1.9524030e+06   3.5156250e+01
   1.9526650e+06   3.9428711e+01
   1.9616160e+06   5.1208496e+01
   1.9640180e+06   9.9304199e+01
   1.9706160e+06   5.7189941e+01
   1.9766730e+06   1.2738037e+02
   1.9788210e+06   5.1147461e+01
   1.9799660e+06   1.0418701e+02
   1.9812660e+06   3.6804199e+01
   1.9835400e+06   5.6213379e+01
   1.9875990e+06   8.4106445e+01
   1.9951630e+06   6.0058594e+01
   2.0015740e+06   1.0882568e+02
   2.0016020e+06   3.5646973e+03
   2.0016330e+06   6.0607910e+01
   2.0016510e+06   4.2846680e+01
   2.0016690e+06   6.6650391e+01
   2.0016870e+06   1.0156250e+02
   2.0017000e+06   7.9772949e+01
   2.0017280e+06   5.3955078e+01
   2.0017510e+06   7.2753906e+01
   2.0017800e+06   8.3129883e+01
   2.0017980e+06   8.2031250e+01
   2.0018260e+06   4.4311523e+01
   2.0018510e+06   3.5339355e+01
   2.0018710e+06   4.8278809e+01
   2.0018900e+06   3.9550781e+01
   2.0019180e+06   4.4494629e+01
   2.0019520e+06   8.5998535e+01
   2.0019660e+06   6.1523437e+01
   2.0019830e+06   3.7170410e+01
   2.0020010e+06   5.3039551e+01
   2.0020120e+06   5.0781250e+01
   2.0020350e+06   3.7658691e+01
   2.0020720e+06   4.7119141e+01
   2.0020840e+06   3.8269043e+01
   2.0021240e+06   3.5888672e+01
   2.0021350e+06   5.0109863e+01
   2.0021510e+06   4.0466309e+01
   2.0021840e+06   6.7993164e+01
   2.0022040e+06   3.9550781e+01
   2.0022230e+06   4.3579102e+01
   2.0022370e+06   3.5278320e+01
   2.0022550e+06   3.3081055e+01
   2.0022710e+06   4.2480469e+01
   2.0022820e+06   5.1940918e+01
   2.0023010e+06   4.3823242e+01
   2.0023170e+06   4.7485352e+01
   2.0023270e+06   4.0161133e+01
   2.0023520e+06   4.8217773e+01
   2.0023620e+06   4.1137695e+01
   2.0024320e+06   4.4982910e+01
   2.0024470e+06   4.1198730e+01
   2.0024700e+06   4.5166016e+01
   2.0024920e+06   7.1166992e+01
   2.0091740e+06   6.6223145e+01
   2.0105850e+06   3.6132813e+01
   2.0118610e+06   1.1474609e+02
   2.0137150e+06   5.5786133e+01
   2.0139110e+06   3.3752441e+01
   2.0175870e+06   1.1816406e+02
   2.0256400e+06   3.3935547e+01
   2.0256890e+06   4.7058105e+01
   2.0256990e+06   3.5034180e+01
   2.0257190e+06   3.3447266e+01
   2.0257430e+06   6.9396973e+01
   2.0257650e+06   4.9560547e+01
   2.0257830e+06   5.6945801e+01
   2.0258160e+06   7.0678711e+01
   2.0258430e+06   5.8898926e+01
   2.0258660e+06   5.5908203e+01
   2.0258790e+06   1.3159180e+02
   2.0258990e+06   6.2561035e+01
   2.0259160e+06   5.2673340e+01
   2.0259410e+06   7.1105957e+01
   2.0259510e+06   5.6518555e+01
   2.0259740e+06   7.8735352e+01
   2.0259860e+06   7.1594238e+01
   2.0260030e+06   4.6752930e+01
   2.0260330e+06   1.0272217e+02
   2.0260530e+06   6.3781738e+01
   2.0260710e+06   4.6630859e+01
   2.0260910e+06   5.1269531e+01
   2.0261150e+06   9.9182129e+01
   2.0261290e+06   4.5532227e+01
   2.0261530e+06   4.2297363e+01
   2.0261650e+06   6.0241699e+01
   2.0261900e+06   5.4626465e+01
   2.0262120e+06   5.0964355e+01
   2.0262420e+06   3.8391113e+01
   2.0262650e+06   6.9335938e+01
   2.0262860e+06   4.7729492e+01
   2.0263180e+06   4.8339844e+01
   2.0263400e+06   6.7687988e+01
   2.0263610e+06   4.9926758e+01
   2.0263830e+06   4.2968750e+01
   2.0264140e+06   4.7058105e+01
   2.0264340e+06   4.8095703e+01
   2.0264910e+06   4.7912598e+01
   2.0265340e+06   3.6437988e+01
   2.0265520e+06   4.2480469e+01
   2.0265870e+06   3.7048340e+01
   2.0266110e+06   5.4809570e+01
   2.0266290e+06   5.4382324e+01
   2.0266420e+06   3.6987305e+01
   2.0266570e+06   3.5766602e+01
   2.0266740e+06   3.5583496e+01
   2.0267030e+06   4.7851563e+01
   2.0267480e+06   4.1931152e+01
   2.0267770e+06   4.9560547e+01
   2.0267940e+06   4.4067383e+01
   2.0268150e+06   3.5339355e+01
   2.0268590e+06   3.3508301e+01
   2.0268870e+06   5.5541992e+01
   2.0269050e+06   3.4912109e+01
   2.0269760e+06   4.4738770e+01
   2.0269970e+06   3.4545898e+01
   2.0270260e+06   4.2785645e+01
   2.0270610e+06   3.9855957e+01
   2.0270980e+06   3.8513184e+01
   2.0271170e+06   6.2316895e+01
   2.0271320e+06   5.8532715e+01
   2.0271970e+06   3.7353516e+01
   2.0272210e+06   4.7302246e+01
   2.0272470e+06   5.4504395e+01
   2.0272800e+06   4.3457031e+01
   2.0273270e+06   4.2785645e+01
   2.0273540e+06   3.3264160e+01
   2.0273830e+06   3.8696289e+01
   2.0274100e+06   5.7434082e+01
   2.0274700e+06   3.6437988e+01
   2.0274870e+06   4.0832520e+01
   2.0275160e+06   3.7353516e+01
   2.0276070e+06   4.0710449e+01
   2.0276380e+06   3.8940430e+01
   2.0277980e+06   3.4729004e+01
   2.0278230e+06   3.5339355e+01
   2.0278550e+06   3.2836914e+01
   2.0278990e+06   3.9978027e+01
   2.0279640e+06   3.3142090e+01
   2.0280810e+06   3.8146973e+01
   2.0289410e+06   3.6376953e+01
   2.0290510e+06   3.3752441e+01
   2.0304790e+06   3.5522461e+01
   2.0311180e+06   3.3935547e+01
   2.0332290e+06   3.3508301e+01
   2.0347600e+06   3.7963867e+01
   2.0350510e+06   3.4973145e+01
   2.0353430e+06   3.2897949e+01
   2.0356390e+06   3.3020020e+01
   2.0357580e+06   3.4179687e+01
   2.0362330e+06   3.3203125e+01
   2.0365740e+06   3.5827637e+01
   2.0367910e+06   3.6987305e+01
   2.0380640e+06   3.4301758e+01
   2.0390730e+06   3.4118652e+01
   2.0393590e+06   3.3630371e+01
   2.0397340e+06   3.8818359e+01
   2.0404150e+06   3.5766602e+01
   2.0412300e+06   3.6621094e+01
   2.0516140e+06   1.5702515e+03
   2.0516490e+06   6.1462402e+01
   2.0516670e+06   3.5888672e+01
   2.0516840e+06   8.2031250e+01
   2.0517000e+06   3.6987305e+01
   2.0517240e+06   3.9611816e+01
   2.0517400e+06   3.5156250e+01
   2.0518340e+06   4.2297363e+01
   2.0873370e+06   1.1700439e+02
   2.0985590e+06   7.1228027e+01
   2.1016280e+06   1.5670776e+03
   2.1016420e+06   3.7841797e+01
   2.1016590e+06   6.9824219e+01
   2.1016880e+06   3.5888672e+01
   2.1017040e+06   5.2734375e+01
   2.1017230e+06   5.7495117e+01
   2.1017530e+06   5.4260254e+01
   2.1017700e+06   4.3884277e+01
   2.1017990e+06   3.5339355e+01
   2.1018340e+06   6.9580078e+01
   2.1018960e+06   3.7048340e+01
   2.1019290e+06   3.2836914e+01
   2.1020140e+06   3.5827637e+01
   2.1384290e+06   4.0527344e+01
   2.1384560e+06   3.5644531e+01
   2.1384670e+06   4.5288086e+01
   2.1385000e+06   3.2958984e+01
   2.1385120e+06   5.3039551e+01
   2.1385250e+06   3.8208008e+01
   2.1385540e+06   5.7800293e+01
   2.1385830e+06   8.6914063e+01
   2.1386130e+06   3.9306641e+01
   2.1386280e+06   8.2214355e+01
   2.1386470e+06   1.0778809e+02
   2.1386640e+06   4.3273926e+01
   2.1386850e+06   5.4992676e+01
   2.1387100e+06   6.2316895e+01
   2.1387230e+06   6.4819336e+01
   2.1387440e+06   6.7443848e+01
   2.1387590e+06   5.3283691e+01
   2.1387720e+06   5.4809570e+01
   2.1387930e+06   3.5705566e+01
   2.1388250e+06   2.0526123e+02
   2.1388370e+06   5.3283691e+01
   2.1388590e+06   7.6538086e+01
   2.1388760e+06   5.1757813e+01
   2.1389040e+06   9.0881348e+01
   2.1389210e+06   1.0815430e+02
   2.1389330e+06   3.8330078e+01
   2.1389440e+06   4.0649414e+01
   2.1389540e+06   4.0222168e+01
   2.1389700e+06   5.0964355e+01
   2.1389900e+06   7.3608398e+01
   2.1390100e+06   8.1298828e+01
   2.1390440e+06   8.0261230e+01
   2.1390620e+06   5.0354004e+01
   2.1390800e+06   3.9794922e+01
   2.1391000e+06   6.8725586e+01
   2.1391230e+06   5.5969238e+01
   2.1391510e+06   7.4340820e+01
   2.1391690e+06   4.7973633e+01
   2.1391920e+06   6.2133789e+01
   2.1392050e+06   4.8034668e+01
   2.1392670e+06   6.1340332e+01
   2.1392940e+06   4.9804688e+01
   2.1393140e+06   3.4240723e+01
   2.1393420e+06   5.2429199e+01
   2.1393710e+06   6.0852051e+01
   2.1393880e+06   5.3466797e+01
   2.1394200e+06   4.3945313e+01
   2.1394440e+06   3.6315918e+01
   2.1394550e+06   4.0832520e+01
   2.1394790e+06   3.9916992e+01
   2.1395070e+06   3.7109375e+01
   2.1395370e+06   4.4494629e+01
   2.1395500e+06   4.7180176e+01
   2.1395790e+06   3.5400391e+01
   2.1396420e+06   3.5156250e+01
   2.1396800e+06   3.2958984e+01
   2.1397500e+06   5.4138184e+01
   2.1397880e+06   4.0161133e+01
   2.1398180e+06   4.1870117e+01
   2.1398740e+06   3.4057617e+01
   2.1399110e+06   4.3212891e+01
   2.1399380e+06   3.6682129e+01
   2.1399600e+06   3.2653809e+01
   2.1400120e+06   3.4057617e+01
   2.1400630e+06   4.3212891e+01
   2.1400870e+06   3.5827637e+01
   2.1401690e+06   3.8208008e+01
   2.1402660e+06   4.0283203e+01
   2.1407980e+06   3.2714844e+01
   2.1473360e+06   3.3569336e+01
   2.1516440e+06   3.5529175e+03
   2.1516640e+06   3.8879395e+01
   2.1516880e+06   4.8583984e+01
   2.1517080e+06   6.0180664e+01
   2.1517320e+06   7.7941895e+01
   2.1517630e+06   4.1137695e+01
   2.1517750e+06   5.2490234e+01
   2.1517950e+06   3.6437988e+01
   2.1518240e+06   4.4372559e+01
   2.1518510e+06   3.5705566e+01
   2.1727410e+06   5.2185059e+01
   2.1806290e+06   6.6101074e+01
   2.1856040e+06   6.0607910e+01
   2.2016560e+06   1.5727539e+03
   2.2016880e+06   5.9936523e+01
   2.2016990e+06   4.7485352e+01
   2.2017290e+06   1.2121582e+02
   2.2017390e+06   7.3974609e+01
   2.2017550e+06   4.5959473e+01
   2.2017770e+06   7.6599121e+01
   2.2017880e+06   6.6955566e+01
   2.2018130e+06   3.3935547e+01
   2.2018230e+06   5.6518555e+01
   2.2018500e+06   6.5795898e+01
   2.2018660e+06   5.6152344e+01
   2.2018900e+06   4.1748047e+01
   2.2019060e+06   5.3894043e+01
   2.2019160e+06   4.4860840e+01
   2.2019330e+06   6.1340332e+01
   2.2019570e+06   5.2490234e+01
   2.2019730e+06   7.0495605e+01
   2.2019970e+06   1.2628174e+02
   2.2020200e+06   6.7443848e+01
   2.2020410e+06   9.3139648e+01
   2.2020610e+06   5.1574707e+01
   2.2020750e+06   5.3222656e+01
   2.2020940e+06   4.2663574e+01
   2.2021040e+06   8.0261230e+01
   2.2021300e+06   3.5278320e+01
   2.2021430e+06   6.2011719e+01
   2.2021670e+06   4.0588379e+01
   2.2021850e+06   5.3039551e+01
   2.2022080e+06   6.9702148e+01
   2.2022230e+06   7.6904297e+01
   2.2022460e+06   5.9326172e+01
   2.2022710e+06   6.4636230e+01
   2.2022880e+06   5.2307129e+01
   2.2023020e+06   3.7231445e+01
   2.2023250e+06   5.8532715e+01
   2.2023560e+06   4.5043945e+01
   2.2023890e+06   9.1735840e+01
   2.2024000e+06   5.6091309e+01
   2.2024390e+06   4.2114258e+01
   2.2024580e+06   5.8471680e+01
   2.2024840e+06   4.2053223e+01
   2.2025050e+06   4.0466309e+01
   2.2025320e+06   5.2795410e+01
   2.2025510e+06   3.3996582e+01
   2.2026000e+06   3.4240723e+01
   2.2026200e+06   3.4912109e+01
   2.2026380e+06   4.6630859e+01
   2.2026540e+06   4.4860840e+01
   2.2026650e+06   3.9489746e+01
   2.2027010e+06   3.5217285e+01
   2.2027360e+06   3.6254883e+01
   2.2027650e+06   3.7231445e+01
   2.2027760e+06   5.8776855e+01
   2.2028130e+06   3.3203125e+01
   2.2028360e+06   3.8757324e+01
   2.2028630e+06   6.3354492e+01
   2.2028930e+06   4.6325684e+01
   2.2029250e+06   3.2958984e+01
   2.2029570e+06   4.4433594e+01
   2.2029700e+06   6.6406250e+01
   2.2029940e+06   5.1940918e+01
   2.2030180e+06   3.9245605e+01
   2.2030910e+06   3.5156250e+01
   2.2031050e+06   3.2958984e+01
   2.2031340e+06   4.5959473e+01
   2.2031630e+06   3.8085938e+01
   2.2032420e+06   4.1442871e+01
   2.2032520e+06   3.2714844e+01
   2.2033030e+06   3.4729004e+01
   2.2033930e+06   3.6987305e+01
   2.2034390e+06   3.6743164e+01
   2.2034720e+06   6.4453125e+01
   2.2035670e+06   3.6621094e+01
   2.2036100e+06   3.5827637e+01
   2.2036590e+06   3.4606934e+01
   2.2037000e+06   3.5156250e+01
   2.2039210e+06   3.3508301e+01
   2.2078700e+06   3.9733887e+01
   2.2086680e+06   3.6499023e+01
   2.2117940e+06   3.3203125e+01
   2.2319380e+06   5.4443359e+01
   2.2377520e+06   3.4118652e+01
   2.2377860e+06   4.0527344e+01
   2.2378400e+06   4.8767090e+01
   2.2378560e+06   3.9611816e+01
   2.2378750e+06   3.6315918e+01
   2.2379190e+06   3.2714844e+01
   2.2379410e+06   3.7841797e+01
   2.2379590e+06   4.3640137e+01
   2.2379800e+06   5.2001953e+01
   2.2380060e+06   6.4880371e+01
   2.2380200e+06   5.0537109e+01
   2.2380360e+06   4.5532227e+01
   2.2380570e+06   6.7199707e+01
   2.2380750e+06   4.6081543e+01
   2.2380920e+06   3.9978027e+01
   2.2381100e+06   5.0415039e+01
   2.2381360e+06   5.6030273e+01
   2.2381490e+06   1.2329102e+02
   2.2381590e+06   7.2082520e+01
   2.2381840e+06   3.9733887e+01
   2.2382280e+06   3.7475586e+01
   2.2382410e+06   4.4921875e+01
   2.2382510e+06   6.5002441e+01
   2.2382640e+06   4.0283203e+01
   2.2382810e+06   3.5522461e+01
   2.2383060e+06   4.4616699e+01
   2.2383430e+06   3.7536621e+01
   2.2383690e+06   5.8776855e+01
   2.2383790e+06   3.6560059e+01
   2.2384520e+06   3.5156250e+01
   2.2385300e+06   7.0800781e+01
   2.2387880e+06   4.9865723e+01
   2.2388040e+06   3.3386230e+01
   2.2392140e+06   3.9184570e+01
   2.2516720e+06   3.5577393e+03
   2.2516820e+06   3.5095215e+01
   2.2517020e+06   4.5288086e+01
   2.2517360e+06   4.9011230e+01
   2.2517510e+06   1.3012695e+02
   2.2517660e+06   4.1076660e+01
   2.2517890e+06   4.9377441e+01
   2.2518070e+06   9.3872070e+01
   2.2518270e+06   7.5927734e+01
   2.2518800e+06   3.4851074e+01
   2.2519040e+06   3.9794922e+01
   2.2519290e+06   3.7963867e+01
   2.2519490e+06   3.5217285e+01
   2.2520970e+06   3.2958984e+01
   2.2611150e+06   1.2121582e+02
   2.2612980e+06   3.3081055e+01
   2.2630300e+06   5.1025391e+01
   2.2658640e+06   4.1564941e+01
   2.2659520e+06   5.1757813e+01
   2.2659720e+06   3.6193848e+01
   2.2659910e+06   4.2236328e+01
   2.2660160e+06   5.8105469e+01
   2.2660700e+06   5.6274414e+01
   2.2660900e+06   9.2468262e+01
   2.2661000e+06   4.9743652e+01
   2.2661450e+06   3.8940430e+01
   2.2661610e+06   1.3641357e+02
   2.2661830e+06   4.2907715e+01
   2.2661960e+06   4.4555664e+01
   2.2662170e+06   5.8166504e+01
   2.2662370e+06   4.6752930e+01
   2.2662500e+06   7.2753906e+01
   2.2662720e+06   4.6569824e+01
   2.2663030e+06   5.9631348e+01
   2.2663230e+06   4.9194336e+01
   2.2663520e+06   3.2653809e+01
   2.2663660e+06   4.1198730e+01
   2.2663950e+06   3.6682129e+01
   2.2664280e+06   4.6875000e+01
   2.2664760e+06   3.4912109e+01
   2.2665010e+06   3.7292480e+01
   2.2665380e+06   3.2836914e+01
   2.2668260e+06   5.0598145e+01
   2.2668470e+06   3.8085938e+01
   2.2670700e+06   4.3395996e+01
   2.2670950e+06   3.3813477e+01
   2.2677150e+06   3.3264160e+01
   2.2686050e+06   3.2897949e+01
   2.2800220e+06   3.7597656e+01
   2.2800750e+06   3.9062500e+01
   2.2800960e+06   3.2836914e+01
   2.2801380e+06   4.4677734e+01
   2.2801840e+06   4.1442871e+01
   2.2802120e+06   9.0759277e+01
   2.2802220e+06   3.6621094e+01
   2.2802630e+06   3.7536621e+01
   2.2802760e+06   3.5644531e+01
   2.2803130e+06   3.6560059e+01
   2.2803300e+06   5.3283691e+01
   2.2803500e+06   4.1748047e+01
   2.2803950e+06   4.1687012e+01
   2.2805020e+06   3.2653809e+01
   2.2976390e+06   4.1625977e+01
   2.2976580e+06   3.5339355e+01
   2.2977800e+06   3.5827637e+01
   2.2978020e+06   3.4118652e+01
   2.2978860e+06   4.4494629e+01
   2.2980050e+06   3.6010742e+01
   2.2996000e+06   5.1818848e+01
   2.3016860e+06   3.5684204e+03
   2.3017190e+06   5.5175781e+01
   2.3017540e+06   7.2448730e+01
   2.3017730e+06   9.2041016e+01
   2.3017860e+06   5.8532715e+01
   2.3018100e+06   7.7697754e+01
   2.3018220e+06   8.5144043e+01
   2.3018440e+06   4.5837402e+01
   2.3018720e+06   5.0598145e+01
   2.3018890e+06   4.5104980e+01
   2.3019140e+06   4.4860840e+01
   2.3019260e+06   7.4401855e+01
   2.3019540e+06   3.6743164e+01
   2.3019760e+06   3.3752441e+01
   2.3019950e+06   3.3325195e+01
   2.3027140e+06   6.5917969e+01
   2.3027650e+06   3.5278320e+01
   2.3027950e+06   4.0405273e+01
   2.3078930e+06   3.4484863e+01
   2.3104790e+06   1.0675049e+02
   2.3155480e+06   1.3177490e+02
   2.3190760e+06   4.2724609e+01
   2.3190970e+06   4.8461914e+01
   2.3191580e+06   4.5715332e+01
   2.3191820e+06   4.1870117e+01
   2.3192170e+06   5.6945801e+01
   2.3192470e+06   4.1564941e+01
   2.3193040e+06   3.7536621e+01
   2.3193370e+06   3.6132813e+01
   2.3193650e+06   3.7353516e+01
   2.3195620e+06   3.5278320e+01
   2.3369050e+06   3.7414551e+01
   2.3415510e+06   4.9987793e+01
   2.3452820e+06   1.1163330e+02
   2.3495240e+06   3.6987305e+01
   2.3517000e+06   3.5650024e+03
   2.3517100e+06   3.7719727e+01
   2.3517300e+06   5.1086426e+01
   2.3517520e+06   4.6813965e+01
   2.3517750e+06   1.2719727e+02
   2.3518040e+06   4.2297363e+01
   2.3518300e+06   9.5703125e+01
   2.3518410e+06   1.0754395e+02
   2.3518680e+06   4.2297363e+01
   2.3518970e+06   6.5307617e+01
   2.3519130e+06   5.3710938e+01
   2.3519340e+06   7.7697754e+01
   2.3519520e+06   4.3029785e+01
   2.3519800e+06   4.1381836e+01
   2.3520000e+06   4.5043945e+01
   2.3520240e+06   4.3701172e+01
   2.3520410e+06   5.3283691e+01
   2.3520730e+06   8.7402344e+01
   2.3521030e+06   7.5195313e+01
   2.3521150e+06   4.0466309e+01
   2.3521480e+06   4.2602539e+01
   2.3521690e+06   3.7780762e+01
   2.3521860e+06   4.0710449e+01
   2.3522120e+06   3.9001465e+01
   2.3522370e+06   1.0449219e+02
   2.3522510e+06   3.7719727e+01
   2.3522910e+06   3.6743164e+01
   2.3523100e+06   3.7231445e+01
   2.3523510e+06   3.7353516e+01
   2.3523620e+06   5.5908203e+01
   2.3523800e+06   3.6193848e+01
   2.3523990e+06   3.5339355e+01
   2.3524800e+06   3.3874512e+01
   2.3525010e+06   3.9489746e+01
   2.3525120e+06   3.5217285e+01
   2.3525400e+06   3.4484863e+01
   2.3527790e+06   6.5185547e+01
   2.3838030e+06   1.2634277e+02
   2.3871680e+06   5.8654785e+01
   2.3913550e+06   4.2663574e+01
   2.3948280e+06   3.6254883e+01
   2.4001650e+06   4.1381836e+01
   2.4017140e+06   2.0104980e+03
   2.4017450e+06   5.6213379e+01
   2.4017800e+06   9.1796875e+01
   2.4018010e+06   6.6101074e+01
   2.4018260e+06   1.0101318e+02
   2.4018440e+06   8.6730957e+01
   2.4018550e+06   3.4301758e+01
   2.4018780e+06   7.6232910e+01
   2.4019070e+06   5.1574707e+01
   2.4019270e+06   5.4138184e+01
   2.4019380e+06   3.6376953e+01
   2.4019620e+06   3.5583496e+01
   2.4019790e+06   3.6437988e+01
   2.4019930e+06   3.9306641e+01
   2.4020110e+06   7.1777344e+01
   2.4020440e+06   3.6560059e+01
   2.4020800e+06   7.0190430e+01
   2.4021020e+06   4.1381836e+01
   2.4021220e+06   3.5766602e+01
   2.4021860e+06   4.3029785e+01
   2.4022080e+06   4.3518066e+01
   2.4022370e+06   5.5603027e+01
   2.4022480e+06   9.3444824e+01
   2.4022790e+06   4.1992188e+01
   2.4022970e+06   5.2612305e+01
   2.4023260e+06   4.3151855e+01
   2.4023420e+06   6.8725586e+01
   2.4023670e+06   3.4973145e+01
   2.4024450e+06   3.5095215e+01
   2.4024910e+06   6.9824219e+01
   2.4025630e+06   3.4179688e+01
   2.4140090e+06   5.4809570e+01
   2.4155970e+06   4.5227051e+01
   2.4209070e+06   5.2856445e+01
   2.4349200e+06   6.5673828e+01
   2.4381960e+06   8.3740234e+01
   2.4424670e+06   1.1822510e+02
   2.4430860e+06   5.0903320e+01
   2.4457630e+06   7.9528809e+01
   2.4476150e+06   3.3508301e+01
   2.4504270e+06   1.1431885e+02
   2.4517260e+06   1.5838623e+03
   2.4517600e+06   6.3964844e+01
   2.4517810e+06   4.5715332e+01
   2.4518040e+06   1.0711670e+02
   2.4518220e+06   4.2724609e+01
   2.4518340e+06   3.8208008e+01
   2.4518630e+06   6.8359375e+01
   2.4518860e+06   7.5012207e+01
   2.4519030e+06   3.6010742e+01
   2.4519300e+06   4.0222168e+01
   2.4519600e+06   5.0659180e+01
   2.4519940e+06   3.7597656e+01
   2.4520130e+06   8.0871582e+01
   2.4520960e+06   3.7841797e+01
   2.4521060e+06   4.7607422e+01
   2.4521570e+06   3.2775879e+01
   2.4523870e+06   3.2714844e+01
   2.4524930e+06   3.2653809e+01
   2.4525730e+06   3.2897949e+01
   2.4526560e+06   3.4851074e+01
   2.4526890e+06   7.9284668e+01
   2.4690410e+06   6.2133789e+01
   2.4740330e+06   1.1639404e+02
   2.4758160e+06   5.1574707e+01
   2.4801420e+06   9.9670410e+01
   2.4814230e+06   5.9020996e+01
   2.4866600e+06   1.0876465e+02
   2.4893510e+06   1.1212158e+02
   2.4906350e+06   1.1724854e+02
   2.4943120e+06   3.3203125e+01
   2.4994370e+06   5.0903320e+01
   2.5042840e+06   3.6926270e+01
   2.5045540e+06   1.2878418e+02
   2.5059400e+06   5.7556152e+01
   2.5077440e+06   4.2053223e+01
   2.5159330e+06   5.6091309e+01
   2.5175190e+06   1.0327148e+02
   2.5175470e+06   3.5339355e+01
   2.5216460e+06   5.1818848e+01
   2.5240190e+06   6.3415527e+01
   2.5253950e+06   4.2419434e+01
   2.5269070e+06   3.3386230e+01
   2.5284410e+06   3.2836914e+01
   2.5289250e+06   3.2714844e+01
   2.5315840e+06   3.4240723e+01
   2.5335400e+06   4.4921875e+01
   2.5353690e+06   3.5400391e+01
   2.5379560e+06   3.5034180e+01
   2.5403930e+06   5.0292969e+01
   2.5432630e+06   5.5236816e+01
   2.5460880e+06   4.5471191e+01
   2.5490480e+06   5.9509277e+01
   2.5520510e+06   5.9875488e+01
   2.5547590e+06   5.2185059e+01
   2.5581560e+06   6.8542480e+01
   2.5595520e+06   4.3579102e+01
   2.5694070e+06   4.1992187e+01
   2.5729400e+06   5.3771973e+01
   2.5744300e+06   1.1517334e+02
   2.5786040e+06   4.6203613e+01
   2.5846800e+06   5.2612305e+01
   2.5977180e+06   1.1254883e+02
   2.6004180e+06   9.3322754e+01
   2.6034080e+06   3.2897949e+01
   2.6090610e+06   5.1635742e+01
   2.6115370e+06   1.2322998e+02
   2.6157400e+06   3.7292480e+01
   2.6160270e+06   4.4372559e+01
   2.6189530e+06   1.1505127e+02
   2.6221860e+06   3.4606934e+01
   2.6263870e+06   3.5522461e+01
   2.6271120e+06   1.1907959e+02
   2.6306260e+06   7.8918457e+01
   2.6348060e+06   3.8085938e+01
   2.6375390e+06   1.1407471e+02
   2.6388750e+06   4.9072266e+01
   2.6389340e+06   3.3386230e+01
   2.6389610e+06   3.7963867e+01
   2.6389950e+06   4.3457031e+01
   2.6390120e+06   5.1330566e+01
   2.6390290e+06   5.1391602e+01
   2.6390570e+06   8.3374023e+01
   2.6391480e+06   5.8227539e+01
   2.6391580e+06   3.5705566e+01
   2.6391740e+06   3.6437988e+01
   2.6391970e+06   9.3933105e+01
   2.6392290e+06   4.5654297e+01
   2.6392490e+06   4.2663574e+01
   2.6392600e+06   4.9682617e+01
   2.6392950e+06   5.8166504e+01
   2.6393080e+06   5.3405762e+01
   2.6393360e+06   4.5959473e+01
   2.6393550e+06   8.0688477e+01
   2.6393680e+06   7.5805664e+01
   2.6394000e+06   4.6875000e+01
   2.6394250e+06   3.4851074e+01
   2.6394530e+06   5.3222656e+01
   2.6394750e+06   6.6162109e+01
   2.6395070e+06   4.4982910e+01
   2.6395460e+06   3.4545898e+01
   2.6395780e+06   3.7902832e+01
   2.6395960e+06   3.5522461e+01
   2.6398310e+06   3.5583496e+01
   2.6423490e+06   3.9733887e+01
   2.6423830e+06   3.3630371e+01
   2.6424020e+06   3.4179688e+01
   2.6424400e+06   3.3813477e+01
   2.6425380e+06   5.7006836e+01
   2.6614410e+06   5.9692383e+01
   2.6642220e+06   4.4494629e+01
   2.6728770e+06   1.2756348e+02
   2.6766650e+06   1.5338135e+02
   2.6833610e+06   3.9672852e+01
   2.6875800e+06   4.4860840e+01
   2.6936440e+06   6.2194824e+01
   2.7099280e+06   3.3081055e+01
   2.7132670e+06   5.5297852e+01
   2.7182620e+06   6.6162109e+01
   2.7269370e+06   6.3232422e+01
   2.7302790e+06   3.4118652e+01
   2.7417540e+06   6.5795898e+01
   2.7440720e+06   9.9731445e+01
   2.7477780e+06   1.0913086e+02
   2.7498060e+06   4.6875000e+01
   2.7537920e+06   1.0125732e+02
   2.7551300e+06   4.6875000e+01
   2.7552730e+06   3.3325195e+01
   2.7563200e+06   3.4423828e+01
   2.7590340e+06   3.8818359e+01
   2.7590540e+06   4.3029785e+01
   2.7602020e+06   1.0858154e+02
   2.7643960e+06   3.3752441e+01
   2.7648120e+06   3.2714844e+01
   2.7657510e+06   5.2795410e+01
   2.7689180e+06   3.6865234e+01
   2.7721290e+06   1.0974121e+02
   2.7735040e+06   3.4179688e+01
   2.7737120e+06   1.0443115e+02
   2.7822580e+06   3.5705566e+01
   2.7850500e+06   3.3325195e+01
   2.7870880e+06   1.0980225e+02
   2.7884540e+06   5.6396484e+01
   2.7924350e+06   4.5776367e+01
   2.7953500e+06   3.8269043e+01
   2.7954840e+06   6.8908691e+01
   2.7981710e+06   3.8452148e+01
   2.7984520e+06   5.3161621e+01
   2.7984980e+06   5.5114746e+01
   2.7985660e+06   4.1198730e+01
   2.7985880e+06   4.1625977e+01
   2.7986170e+06   3.5034180e+01
   2.7986350e+06   7.6721191e+01
   2.7986570e+06   3.4851074e+01
   2.7986700e+06   5.3527832e+01
   2.7986860e+06   7.5927734e+01
   2.7986960e+06   9.3444824e+01
   2.7987070e+06   3.6499023e+01
   2.7987280e+06   3.4851074e+01
   2.7987570e+06   4.0954590e+01
   2.7987700e+06   4.3273926e+01
   2.7987890e+06   3.4362793e+01
   2.7988310e+06   3.9550781e+01
   2.7989490e+06   3.4362793e+01
   2.7990400e+06   9.4970703e+01
   2.7990700e+06   3.4362793e+01
   2.7991070e+06   5.3894043e+01
   2.7991200e+06   5.6518555e+01
   2.7991380e+06   4.8522949e+01
   2.7991480e+06   7.0983887e+01
   2.7991790e+06   5.2856445e+01
   2.7992100e+06   4.4555664e+01
   2.7992740e+06   4.3090820e+01
   2.7992940e+06   3.6376953e+01
   2.7998140e+06   3.5888672e+01
   2.8138210e+06   3.4301758e+01
   2.8174840e+06   1.1572266e+02
   2.8210120e+06   6.2988281e+01
   2.8294420e+06   3.2714844e+01
   2.8297840e+06   1.0876465e+02
   2.8359930e+06   4.8522949e+01
   2.8394320e+06   1.3171387e+02
   2.8406280e+06   3.7902832e+01
   2.8406740e+06   4.7729492e+01
   2.8441730e+06   1.1077881e+02
   2.8488120e+06   3.3752441e+01
   2.8488700e+06   3.2653809e+01
   2.8488900e+06   4.0161133e+01
   2.8489290e+06   7.2143555e+01
   2.8489450e+06   1.3165283e+02
   2.8489580e+06   1.1108398e+02
   2.8489740e+06   4.0405273e+01
   2.8490030e+06   5.7983398e+01
   2.8490250e+06   7.3120117e+01
   2.8490440e+06   7.9162598e+01
   2.8490750e+06   1.1230469e+02
   2.8490930e+06   5.0170898e+01
   2.8491110e+06   5.1086426e+01
   2.8491300e+06   8.7097168e+01
   2.8491610e+06   1.3385010e+02
   2.8491720e+06   7.4279785e+01
   2.8491930e+06   4.5104980e+01
   2.8492240e+06   8.0566406e+01
   2.8492440e+06   1.1120605e+02
   2.8492600e+06   5.2734375e+01
   2.8492870e+06   5.8898926e+01
   2.8493180e+06   7.5927734e+01
   2.8493310e+06   3.5949707e+01
   2.8493420e+06   6.0180664e+01
   2.8493770e+06   5.6335449e+01
   2.8493940e+06   6.6467285e+01
   2.8494190e+06   6.6223145e+01
   2.8494500e+06   4.0466309e+01
   2.8494760e+06   5.0781250e+01
   2.8495000e+06   8.6608887e+01
   2.8495140e+06   4.1870117e+01
   2.8495420e+06   5.4138184e+01
   2.8495670e+06   6.7565918e+01
   2.8495780e+06   7.4951172e+01
   2.8495990e+06   3.9184570e+01
   2.8496170e+06   3.8513184e+01
   2.8496370e+06   4.0222168e+01
   2.8496730e+06   4.8461914e+01
   2.8496890e+06   4.2602539e+01
   2.8497090e+06   4.1931152e+01
   2.8497300e+06   3.7658691e+01
   2.8497450e+06   4.4311523e+01
   2.8497640e+06   4.0527344e+01
   2.8498280e+06   6.0729980e+01
   2.8498390e+06   3.6865234e+01
   2.8498980e+06   3.6743164e+01
   2.8499270e+06   4.6691895e+01
   2.8499410e+06   4.0344238e+01
   2.8499520e+06   3.9428711e+01
   2.8499790e+06   3.9123535e+01
   2.8499910e+06   3.7231445e+01
   2.8500010e+06   5.1879883e+01
   2.8500230e+06   4.1320801e+01
   2.8500410e+06   4.0161133e+01
   2.8501140e+06   3.8879395e+01
   2.8501440e+06   3.4179688e+01
   2.8501660e+06   4.4921875e+01
   2.8501790e+06   5.3527832e+01
   2.8502100e+06   3.9367676e+01
   2.8502600e+06   5.9265137e+01
   2.8502730e+06   4.3212891e+01
   2.8503130e+06   3.7841797e+01
   2.8503300e+06   3.8879395e+01
   2.8503790e+06   6.3842773e+01
   2.8504050e+06   4.4006348e+01
   2.8504450e+06   4.5959473e+01
   2.8504810e+06   4.8522949e+01
   2.8505020e+06   4.3457031e+01
   2.8505270e+06   4.4311523e+01
   2.8505620e+06   3.8024902e+01
   2.8505820e+06   3.3996582e+01
   2.8506120e+06   4.6508789e+01
   2.8506590e+06   3.3203125e+01
   2.8506860e+06   3.7353516e+01
   2.8507040e+06   4.3884277e+01
   2.8507390e+06   3.2714844e+01
   2.8507490e+06   3.5583496e+01
   2.8508320e+06   5.6579590e+01
   2.8509220e+06   3.6560059e+01
   2.8509320e+06   4.6813965e+01
   2.8509610e+06   3.5278320e+01
   2.8510090e+06   3.6987305e+01
   2.8510850e+06   3.2714844e+01
   2.8536070e+06   3.4545898e+01
   2.8550760e+06   3.6743164e+01
   2.8556280e+06   3.7231445e+01
   2.8569670e+06   3.5888672e+01
   2.8585830e+06   3.3508301e+01
   2.8610550e+06   3.5400391e+01
   2.8613920e+06   3.5278320e+01
   2.8625170e+06   3.3691406e+01
   2.8626580e+06   3.2836914e+01
   2.8655510e+06   3.3691406e+01
   2.8797160e+06   1.3079834e+02
   2.8949580e+06   1.3165283e+02
   2.9132360e+06   6.1035156e+01
   2.9416450e+06   3.2653809e+01
   2.9418890e+06   4.4921875e+01
   2.9419090e+06   4.0710449e+01
   2.9419310e+06   4.9987793e+01
   2.9419650e+06   4.6569824e+01
   2.9419990e+06   4.3395996e+01
   2.9420200e+06   3.7170410e+01
   2.9420340e+06   3.9794922e+01
   2.9420710e+06   5.4931641e+01
   2.9421170e+06   3.3325195e+01
   2.9421730e+06   3.3020020e+01
   2.9426670e+06   3.3508301e+01
   2.9427160e+06   3.3569336e+01
   2.9612600e+06   6.1401367e+01
   2.9616980e+06   3.5034180e+01
   2.9625870e+06   3.3752441e+01
   2.9651990e+06   3.2958984e+01
   2.9670720e+06   3.3447266e+01
   2.9671060e+06   5.2673340e+01
   2.9671370e+06   5.1086426e+01
   2.9671620e+06   3.7719727e+01
   2.9672760e+06   4.0588379e+01
   2.9673520e+06   4.9621582e+01
   2.9673660e+06   3.5888672e+01
   2.9673900e+06   5.1086426e+01
   2.9674170e+06   3.5583496e+01
   2.9674500e+06   4.5104980e+01
   2.9674710e+06   4.5471191e+01
   2.9675970e+06   3.6926270e+01
   2.9680690e+06   4.1259766e+01
   2.9680870e+06   3.5400391e+01
   2.9681040e+06   3.8574219e+01
   2.9681250e+06   4.0466309e+01
   2.9681380e+06   3.5583496e+01
   2.9681620e+06   4.6875000e+01
   2.9682000e+06   3.8513184e+01
   2.9682260e+06   6.2316895e+01
   2.9682550e+06   6.8908691e+01
   2.9682660e+06   5.9143066e+01
   2.9682900e+06   3.3020020e+01
   2.9683070e+06   4.6386719e+01
   2.9683320e+06   3.6376953e+01
   2.9683480e+06   4.7241211e+01
   2.9683780e+06   4.8889160e+01
   2.9684010e+06   4.0893555e+01
   2.9684290e+06   3.6499023e+01
   2.9684560e+06   3.3935547e+01
   2.9685030e+06   3.2714844e+01
   2.9686170e+06   3.3813477e+01
   2.9686270e+06   4.0527344e+01
   2.9687400e+06   3.3874512e+01
   2.9888610e+06   6.1279297e+01
   2.9988730e+06   6.1218262e+01
