   2.9990000e+06   0.0000000e+00
   3.9000000e+01   2.0071411e+03
   1.4300000e+02   3.2165527e+01
   5.0055000e+04   3.9999390e+03
   7.4640000e+04   3.5705566e+01
   7.4685000e+04   3.7353516e+01
   7.4799000e+04   3.4606934e+01
   1.0006700e+05   2.0075073e+03
   1.0018200e+05   3.9245605e+01
   1.5008100e+05   2.0090332e+03
   1.5020400e+05   4.2297363e+01
   2.0009500e+05   2.0125122e+03
   2.0021400e+05   3.3264160e+01
   2.0025100e+05   3.7292480e+01
   2.0688400e+05   3.2104492e+01
   2.0711600e+05   3.4118652e+01
   2.5010900e+05   2.0055542e+03
   2.5021000e+05   5.1025391e+01
   2.9324000e+05   3.7048340e+01
   2.9346200e+05   4.7363281e+01
   3.0012500e+05   3.9999390e+03
   3.5013700e+05   2.0081177e+03
   3.5024900e+05   3.6804199e+01
   3.7886300e+05   3.6376953e+01
   3.7891000e+05   3.3386230e+01
   3.7896100e+05   4.2968750e+01
   3.7909900e+05   3.3569336e+01
   3.7928100e+05   3.6987305e+01
   3.7961300e+05   3.3996582e+01
   4.0015300e+05   3.9999390e+03
   4.0028200e+05   3.7414551e+01
   4.5016500e+05   2.0112305e+03
   4.5026700e+05   4.1137695e+01
   4.5034000e+05   4.0100098e+01
   5.0017900e+05   2.0075684e+03
   5.2013200e+05   3.2287598e+01
   5.5019300e+05   2.0131226e+03
   5.5042500e+05   3.4423828e+01
   5.9066300e+05   3.9733887e+01
   6.0020900e+05   3.9999390e+03
   6.5022100e+05   2.0069580e+03
   6.5023300e+05   3.7597656e+01
   6.5033900e+05   3.7841797e+01
   7.0023700e+05   3.9999390e+03
   7.0044100e+05   3.2104492e+01
   7.0197700e+05   4.0649414e+01
   7.2081500e+05   4.5288086e+01
   7.2088500e+05   3.7231445e+01
   7.5024900e+05   2.0066528e+03
   8.0026300e+05   2.0123291e+03
   8.0045700e+05   4.2114258e+01
   8.5027900e+05   3.9999390e+03
   8.5041600e+05   3.7292480e+01
   8.7564000e+05   3.2165527e+01
   8.7652000e+05   3.2165527e+01
   9.0029300e+05   3.9999390e+03
   9.0044500e+05   3.5461426e+01
   9.5030500e+05   2.0092773e+03
   9.5041800e+05   3.4729004e+01
   9.5044600e+05   4.3701172e+01
   1.0003190e+06   2.0084839e+03
   1.0004390e+06   3.2104492e+01
   1.0307280e+06   4.0649414e+01
   1.0308390e+06   3.2714844e+01
   1.0503330e+06   2.0059814e+03
   1.0504670e+06   3.9489746e+01
   1.1003490e+06   3.9999390e+03
   1.1004700e+06   3.4179688e+01
   1.1503610e+06   2.0099487e+03
   1.1504760e+06   3.7353516e+01
   1.1727060e+06   3.4606934e+01
   1.2003750e+06   2.0046387e+03
   1.2003870e+06   4.1137695e+01
   1.2005330e+06   4.1076660e+01
   1.2290610e+06   3.7414551e+01
   1.2503890e+06   2.0099487e+03
   1.2504010e+06   4.1259766e+01
   1.2505260e+06   3.6132813e+01
   1.2809470e+06   4.1992188e+01
   1.2811100e+06   4.0161133e+01
   1.2814070e+06   3.3569336e+01
   1.3004030e+06   2.0103149e+03
   1.3004140e+06   4.7790527e+01
   1.3008560e+06   3.5705566e+01
   1.3504190e+06   3.9999390e+03
   1.3505510e+06   3.2226563e+01
   1.4004330e+06   3.9999390e+03
   1.4005680e+06   3.2775879e+01
   1.4295570e+06   3.7475586e+01
   1.4308990e+06   3.3508301e+01
   1.4310440e+06   3.2592773e+01
   1.4504450e+06   2.0110474e+03
   1.4505600e+06   3.7353516e+01
   1.5004610e+06   3.9999390e+03
   1.5005840e+06   3.3752441e+01
   1.5006980e+06   3.4790039e+01
   1.5318760e+06   4.5288086e+01
   1.5319400e+06   3.4973145e+01
   1.5504730e+06   2.0081787e+03
   1.5506120e+06   3.2775879e+01
   1.5952900e+06   3.9733887e+01
   1.5953740e+06   3.3508301e+01
   1.6004870e+06   2.0070801e+03
   1.6251520e+06   4.2053223e+01
   1.6505010e+06   2.0030518e+03
   1.6505120e+06   5.0781250e+01
   1.7005170e+06   3.9999390e+03
   1.7005290e+06   3.2897949e+01
   1.7006250e+06   3.5156250e+01
   1.7398680e+06   3.2226563e+01
   1.7505290e+06   2.0106201e+03
   1.7948870e+06   3.2775879e+01
   1.7949170e+06   3.9489746e+01
   1.7949330e+06   3.5400391e+01
   1.7949970e+06   3.9855957e+01
   1.7951510e+06   3.3813477e+01
   1.7953640e+06   3.2592773e+01
   1.8005430e+06   2.0096436e+03
   1.8505590e+06   3.9999390e+03
   1.8505710e+06   3.4973145e+01
   1.8519670e+06   3.2287598e+01
   1.8522310e+06   3.4729004e+01
   1.8653390e+06   3.5034180e+01
   1.8894810e+06   3.3752441e+01
   1.9005730e+06   2.0106812e+03
   1.9007170e+06   3.3264160e+01
   1.9191050e+06   3.2104492e+01
   1.9493180e+06   3.5766602e+01
   1.9505870e+06   3.9999390e+03
   1.9505980e+06   3.8024902e+01
   1.9507300e+06   4.8217773e+01
   1.9568330e+06   3.2470703e+01
   1.9569950e+06   4.1137695e+01
   2.0005990e+06   2.0139771e+03
   2.0007380e+06   3.7109375e+01
   2.0348210e+06   3.6132813e+01
   2.0351020e+06   3.3447266e+01
   2.0506130e+06   2.0050659e+03
   2.0507620e+06   3.2958984e+01
   2.1006290e+06   3.9999390e+03
   2.1007540e+06   3.4118652e+01
   2.1008590e+06   3.3325195e+01
   2.1268970e+06   3.8879395e+01
   2.1271170e+06   3.4118652e+01
   2.1452090e+06   3.3569336e+01
   2.1506410e+06   2.0059814e+03
   2.1507770e+06   3.2470703e+01
   2.1664130e+06   3.4057617e+01
   2.1737160e+06   3.3569336e+01
   2.1738000e+06   3.2653809e+01
   2.2006570e+06   3.9999390e+03
   2.2506690e+06   2.0172729e+03
   2.2786050e+06   3.5278320e+01
   2.2801100e+06   3.3203125e+01
   2.2802200e+06   3.4667969e+01
   2.3006850e+06   3.9999390e+03
   2.3009030e+06   3.9062500e+01
   2.3506970e+06   2.0077515e+03
   2.3508460e+06   3.5888672e+01
   2.3894190e+06   4.0710449e+01
   2.3895390e+06   3.8085938e+01
   2.4007110e+06   2.0072021e+03
   2.4507270e+06   3.9999390e+03
   2.4508490e+06   3.3081055e+01
   2.5113450e+06   3.5888672e+01
   2.5425530e+06   3.4240723e+01
   2.5703760e+06   3.5217285e+01
   2.7050940e+06   3.4423828e+01
   2.7057120e+06   3.2165527e+01
   2.7236980e+06   3.9184570e+01
   2.7237250e+06   3.3386230e+01
   2.7237510e+06   3.4484863e+01
   2.7237840e+06   3.3569336e+01
   2.8384170e+06   3.3569336e+01
   2.8392800e+06   3.4118652e+01
   2.8397470e+06   3.2653809e+01
   2.8990300e+06   3.5217285e+01
   2.9294340e+06   3.2470703e+01
   2.9400270e+06   3.2226563e+01
   2.9822270e+06   3.4179688e+01
   2.9823010e+06   3.3752441e+01
   2.9832890e+06   3.3691406e+01
   2.9834130e+06   3.7597656e+01
