   2.9990000e+06   0.0000000e+00
   4.1000000e+01   3.9999390e+03
   5.0053000e+04   2.0072021e+03
   5.0066000e+04   3.3508301e+01
   7.4681000e+04   4.2846680e+01
   1.0006900e+05   3.9999390e+03
   1.5008100e+05   2.0104370e+03
   2.0009700e+05   3.9999390e+03
   2.0683100e+05   3.8146973e+01
   2.0700100e+05   3.2897949e+01
   2.0723500e+05   3.4118652e+01
   2.5011100e+05   3.9999390e+03
   2.5022400e+05   3.7292480e+01
   2.9320200e+05   3.4484863e+01
   2.9337700e+05   3.9367676e+01
   3.0012300e+05   2.0135498e+03
   3.0013500e+05   3.4057617e+01
   3.0024000e+05   3.4301758e+01
   3.5013700e+05   2.0065918e+03
   3.7888100e+05   3.4057617e+01
   3.7894100e+05   3.6376953e+01
   4.0015300e+05   3.9999390e+03
   4.4496100e+05   3.2531738e+01
   4.5016500e+05   2.0072021e+03
   5.0018100e+05   3.9999390e+03
   5.2026800e+05   3.2104492e+01
   5.5019300e+05   2.0059814e+03
   5.5029400e+05   3.3081055e+01
   5.9065900e+05   3.8330078e+01
   5.9077500e+05   3.8146973e+01
   5.9183800e+05   3.4179688e+01
   5.9188200e+05   3.5217285e+01
   6.0020700e+05   2.0062866e+03
   6.0022000e+05   3.3447266e+01
   6.5022100e+05   2.0092773e+03
   7.0023500e+05   2.0076294e+03
   7.0034400e+05   3.4240723e+01
   7.2083800e+05   3.2348633e+01
   7.2090600e+05   3.2653809e+01
   7.5024900e+05   2.0069580e+03
   7.5038100e+05   3.5400391e+01
   8.0026300e+05   2.0076904e+03
   8.0027600e+05   3.2836914e+01
   8.0039100e+05   3.5705566e+01
   8.3675600e+05   4.6569824e+01
   8.5027900e+05   3.9999390e+03
   8.7567200e+05   3.2287598e+01
   9.0029300e+05   3.9999390e+03
   9.5030500e+05   2.0073242e+03
   9.5042300e+05   3.3630371e+01
   1.0000040e+06   3.7292480e+01
   1.0003210e+06   3.9999390e+03
   1.0503350e+06   2.0123901e+03
   1.1003490e+06   3.9999390e+03
   1.1503610e+06   2.0078125e+03
   1.1503730e+06   3.4790039e+01
   1.1732500e+06   3.4912109e+01
   1.2003770e+06   3.9999390e+03
   1.2005220e+06   3.2348633e+01
   1.2302430e+06   3.2531738e+01
   1.2479890e+06   3.4118652e+01
   1.2503890e+06   2.0075073e+03
   1.2809920e+06   3.3020020e+01
   1.3004030e+06   2.0074463e+03
   1.3504170e+06   2.0089722e+03
   1.4004310e+06   2.0062866e+03
   1.4504470e+06   3.9999390e+03
   1.5004590e+06   2.0100098e+03
   1.5004720e+06   3.5400391e+01
   1.5504730e+06   2.0115356e+03
   1.5504870e+06   3.2531738e+01
   1.5506090e+06   3.2958984e+01
   1.6004870e+06   2.0069580e+03
   1.6259330e+06   3.6254883e+01
   1.6260270e+06   3.6743164e+01
   1.6262170e+06   3.6621094e+01
   1.6263980e+06   3.5217285e+01
   1.6266680e+06   3.4362793e+01
   1.6268590e+06   4.0954590e+01
   1.6270700e+06   4.2724609e+01
   1.6505010e+06   2.0067749e+03
   1.6506240e+06   3.2287598e+01
   1.7005170e+06   3.9999390e+03
   1.7005280e+06   3.3508301e+01
   1.7505290e+06   2.0120850e+03
   1.7506560e+06   3.3142090e+01
   1.7949160e+06   3.2836914e+01
   1.7951060e+06   3.6560059e+01
   1.7952140e+06   3.3691406e+01
   1.8005430e+06   2.0065308e+03
   1.8505590e+06   3.9999390e+03
   1.9005710e+06   2.0034790e+03
   1.9006940e+06   3.3752441e+01
   1.9505870e+06   3.9999390e+03
   1.9505980e+06   3.5766602e+01
   1.9507450e+06   3.2226563e+01
   1.9570250e+06   4.5104980e+01
   1.9575710e+06   3.8085938e+01
   2.0005990e+06   2.0066528e+03
   2.0349140e+06   4.0344238e+01
   2.0506130e+06   2.0092163e+03
   2.0506250e+06   3.5827637e+01
   2.1006290e+06   3.9999390e+03
   2.1006400e+06   3.3264160e+01
   2.1506410e+06   2.0061646e+03
   2.1506540e+06   3.4729004e+01
   2.2006550e+06   2.0059814e+03
   2.2506710e+06   3.9999390e+03
   2.2507550e+06   3.3569336e+01
   2.2798580e+06   3.8391113e+01
   2.3006830e+06   2.0125122e+03
   2.3506990e+06   3.9999390e+03
   2.3508090e+06   3.7536621e+01
   2.3894300e+06   3.7170410e+01
   2.3894580e+06   3.3142090e+01
   2.3894980e+06   4.1198730e+01
   2.4007110e+06   2.0104370e+03
   2.4507270e+06   3.9999390e+03
   2.5421900e+06   3.2531738e+01
   2.7109990e+06   3.5095215e+01
   2.7111430e+06   4.4250488e+01
   2.7115080e+06   3.2287598e+01
   2.7237510e+06   3.2165527e+01
   2.7238460e+06   3.6865234e+01
   2.7239380e+06   4.3395996e+01
