   2.9990000e+06   0.0000000e+00
   3.6000000e+01   7.4768066e+01
   7.5000000e+01   7.5317383e+01
   1.1600000e+02   5.4077148e+01
   2.0400000e+02   4.3640137e+01
   3.8600000e+02   8.9355469e+01
   5.5300000e+02   6.0668945e+01
   7.5200000e+02   6.2377930e+01
   7.9900000e+02   6.5917969e+01
   8.6800000e+02   5.3527832e+01
   9.7600000e+02   6.4697266e+01
   1.0790000e+03   5.1330566e+01
   1.1480000e+03   6.5185547e+01
   5.2500000e+03   4.9316406e+01
   2.1673000e+04   6.8176270e+01
   3.7579000e+04   7.0617676e+01
   3.9809000e+04   7.8247070e+01
   4.7390000e+04   5.4199219e+01
   5.0053000e+04   2.0094604e+03
   5.0070000e+04   8.3801270e+01
   5.0094000e+04   6.7626953e+01
   5.0137000e+04   6.3171387e+01
   5.0160000e+04   6.2377930e+01
   5.0197000e+04   5.9082031e+01
   5.0225000e+04   6.9274902e+01
   5.0265000e+04   4.3884277e+01
   5.0306000e+04   4.0710449e+01
   5.0378000e+04   4.7790527e+01
   5.0419000e+04   4.1259766e+01
   5.0565000e+04   5.4077148e+01
   7.4694000e+04   4.7546387e+01
   7.4736000e+04   6.0119629e+01
   7.4769000e+04   6.9152832e+01
   7.4814000e+04   4.7668457e+01
   7.4843000e+04   7.3547363e+01
   7.4898000e+04   6.6711426e+01
   7.4928000e+04   6.9213867e+01
   7.4978000e+04   6.8908691e+01
   7.5016000e+04   4.5349121e+01
   7.5094000e+04   5.0537109e+01
   7.5128000e+04   6.1828613e+01
   7.5183000e+04   6.9152832e+01
   7.5258000e+04   6.2194824e+01
   7.5410000e+04   4.8645020e+01
   7.5706000e+04   4.6386719e+01
   1.0006700e+05   2.0089722e+03
   1.0008400e+05   8.4350586e+01
   1.0010800e+05   5.0903320e+01
   1.0014900e+05   5.1879883e+01
   1.0017900e+05   6.0180664e+01
   1.0020900e+05   4.1442871e+01
   1.0025300e+05   4.8400879e+01
   1.0028300e+05   4.2663574e+01
   1.0034100e+05   4.4006348e+01
   1.0088800e+05   5.6884766e+01
   1.0103900e+05   7.9284668e+01
   1.0112500e+05   7.3852539e+01
   1.0117500e+05   6.2683105e+01
   1.0127800e+05   5.3100586e+01
   1.0133100e+05   7.9528809e+01
   1.0144000e+05   4.1015625e+01
   1.0149100e+05   4.2053223e+01
   1.2788100e+05   8.5632324e+01
   1.3586400e+05   4.1931152e+01
   1.3793400e+05   5.4809570e+01
   1.3811800e+05   5.0415039e+01
   1.3914100e+05   6.7687988e+01
   1.4769400e+05   6.2988281e+01
   1.4906100e+05   5.4016113e+01
   1.5008100e+05   2.0083618e+03
   1.5009800e+05   7.5317383e+01
   1.5011900e+05   4.9438477e+01
   1.5016500e+05   5.9387207e+01
   1.5019600e+05   5.5175781e+01
   1.5022600e+05   5.2368164e+01
   1.5025400e+05   5.3100586e+01
   1.5036400e+05   5.3222656e+01
   1.5042200e+05   5.0537109e+01
   1.5053500e+05   4.7912598e+01
   1.5061200e+05   5.3771973e+01
   1.5096400e+05   5.5541992e+01
   1.7250700e+05   6.1218262e+01
   1.8133800e+05   5.5969238e+01
   1.8149300e+05   5.6518555e+01
   1.8163200e+05   5.5847168e+01
   1.8192300e+05   4.3518066e+01
   1.8224200e+05   5.4382324e+01
   1.8659200e+05   4.7119141e+01
   1.8889300e+05   5.1635742e+01
   1.9064000e+05   4.8034668e+01
   1.9524000e+05   7.0983887e+01
   2.0009500e+05   2.0119629e+03
   2.0011200e+05   7.9467773e+01
   2.0013800e+05   5.6030273e+01
   2.0014900e+05   4.3762207e+01
   2.0018200e+05   6.8359375e+01
   2.0021700e+05   6.9091797e+01
   2.0025700e+05   7.0373535e+01
   2.0029400e+05   5.3466797e+01
   2.0034400e+05   6.3354492e+01
   2.0041100e+05   6.3171387e+01
   2.0055000e+05   5.7983398e+01
   2.0075000e+05   6.4697266e+01
   2.0083400e+05   7.6660156e+01
   2.0090500e+05   5.6762695e+01
   2.0093000e+05   5.0720215e+01
   2.0098600e+05   6.1157227e+01
   2.0103500e+05   6.0058594e+01
   2.0116000e+05   6.2805176e+01
   2.0622700e+05   5.1147461e+01
   2.0689200e+05   5.0720215e+01
   2.0695900e+05   5.0964355e+01
   2.0703700e+05   7.2631836e+01
   2.0706400e+05   4.2358398e+01
   2.0710400e+05   6.6955566e+01
   2.0713200e+05   6.4147949e+01
   2.0718000e+05   6.4453125e+01
   2.0720600e+05   5.1513672e+01
   2.0727100e+05   6.1767578e+01
   2.0731800e+05   4.9804687e+01
   2.0737800e+05   5.9143066e+01
   2.0741400e+05   5.5236816e+01
   2.0757200e+05   4.1564941e+01
   2.4275800e+05   5.6030273e+01
   2.5010900e+05   2.0077515e+03
   2.5012600e+05   8.5021973e+01
   2.5015000e+05   5.7678223e+01
   2.5018700e+05   6.6589355e+01
   2.5021500e+05   5.9753418e+01
   2.5024600e+05   5.9143066e+01
   2.5027600e+05   6.1218262e+01
   2.5031200e+05   5.0048828e+01
   2.5037100e+05   5.9448242e+01
   2.5046600e+05   6.8908691e+01
   2.6196600e+05   5.9692383e+01
   2.7072000e+05   6.7565918e+01
   2.7436000e+05   6.9946289e+01
   2.7530600e+05   6.6711426e+01
   2.7688400e+05   6.7504883e+01
   2.7742900e+05   6.4880371e+01
   2.7858800e+05   7.4401855e+01
   2.8106100e+05   5.6152344e+01
   2.8129700e+05   6.6833496e+01
   2.8161600e+05   8.1481934e+01
   2.9193900e+05   4.3457031e+01
   2.9304500e+05   4.8583984e+01
   2.9327200e+05   4.6813965e+01
   2.9336700e+05   6.3720703e+01
   2.9343500e+05   5.7189941e+01
   2.9346100e+05   5.0781250e+01
   2.9349000e+05   4.8217773e+01
   2.9352400e+05   5.6518555e+01
   2.9355600e+05   5.0903320e+01
   2.9358800e+05   4.8645020e+01
   2.9362800e+05   6.3903809e+01
   2.9366600e+05   4.5349121e+01
   2.9370400e+05   5.4077148e+01
   2.9375100e+05   6.6101074e+01
   2.9378200e+05   5.2917480e+01
   2.9386300e+05   6.3476563e+01
   2.9391600e+05   5.5603027e+01
   2.9408500e+05   6.9946289e+01
   2.9433000e+05   4.2297363e+01
   3.0012500e+05   3.9999390e+03
   3.0014000e+05   9.2468262e+01
   3.0016300e+05   5.5969238e+01
   3.0019700e+05   5.3161621e+01
   3.0023600e+05   6.5612793e+01
   3.0030500e+05   5.9082031e+01
   3.0034500e+05   6.8847656e+01
   3.2083700e+05   4.7668457e+01
   3.2436600e+05   6.7565918e+01
   3.2701400e+05   7.2509766e+01
   3.3026800e+05   5.6823730e+01
   3.3171000e+05   6.1828613e+01
   3.3430700e+05   5.9265137e+01
   3.3551800e+05   7.4157715e+01
   3.3761300e+05   5.5419922e+01
   3.4303000e+05   7.3852539e+01
   3.4491900e+05   7.8918457e+01
   3.4764200e+05   4.0771484e+01
   3.4958300e+05   7.3181152e+01
   3.5013700e+05   2.0109863e+03
   3.5015400e+05   8.9782715e+01
   3.5017700e+05   5.6518555e+01
   3.5021700e+05   6.1218262e+01
   3.5026100e+05   5.1208496e+01
   3.5029100e+05   5.6945801e+01
   3.5032400e+05   4.1076660e+01
   3.5037900e+05   6.3232422e+01
   3.5043700e+05   6.6284180e+01
   3.5057100e+05   4.6447754e+01
   3.5063000e+05   6.1096191e+01
   3.5134500e+05   5.5786133e+01
   3.5974900e+05   5.2551270e+01
   3.6091400e+05   8.2397461e+01
   3.6128900e+05   5.9936523e+01
   3.6308200e+05   6.6772461e+01
   3.6806400e+05   5.0842285e+01
   3.6943700e+05   6.7016602e+01
   3.7032500e+05   4.9926758e+01
   3.7050100e+05   4.4677734e+01
   3.7061400e+05   4.6936035e+01
   3.7153200e+05   5.4748535e+01
   3.7850000e+05   6.4392090e+01
   3.7890000e+05   8.6059570e+01
   3.7894100e+05   4.5654297e+01
   3.7897500e+05   4.6020508e+01
   3.7900700e+05   5.8715820e+01
   3.7902900e+05   4.2358398e+01
   3.7905900e+05   4.4006348e+01
   3.7908700e+05   4.7058105e+01
   3.7912700e+05   5.3344727e+01
   3.7918400e+05   5.7617187e+01
   3.7921600e+05   4.7546387e+01
   3.7924600e+05   5.2490234e+01
   3.7929500e+05   6.1767578e+01
   3.7933800e+05   5.4931641e+01
   3.7937300e+05   5.2551270e+01
   3.7947300e+05   6.1523437e+01
   3.7954100e+05   6.6894531e+01
   3.9855200e+05   7.4462891e+01
   4.0015100e+05   2.0101929e+03
   4.0016800e+05   8.2031250e+01
   4.0019200e+05   6.8298340e+01
   4.0020600e+05   4.2175293e+01
   4.0022700e+05   5.8044434e+01
   4.0025800e+05   6.0729980e+01
   4.0029800e+05   4.7912598e+01
   4.0033100e+05   4.5776367e+01
   4.0038900e+05   4.2480469e+01
   4.0060200e+05   4.4494629e+01
   4.0991000e+05   6.0791016e+01
   4.1235300e+05   7.5317383e+01
   4.1321800e+05   5.1208496e+01
   4.1344800e+05   6.4575195e+01
   4.1504500e+05   4.7302246e+01
   4.1530800e+05   5.0170898e+01
   4.1834000e+05   5.1086426e+01
   4.2011000e+05   5.9082031e+01
   4.2147100e+05   5.4443359e+01
   4.2251000e+05   4.7119141e+01
   4.2435600e+05   7.1228027e+01
   4.2636000e+05   4.6081543e+01
   4.2691400e+05   4.6264648e+01
   4.2784700e+05   4.1137695e+01
   4.2876600e+05   7.3425293e+01
   4.3214800e+05   6.4147949e+01
   4.3282000e+05   5.5541992e+01
   4.3479100e+05   4.8339844e+01
   4.3534800e+05   7.5195313e+01
   4.3576300e+05   5.4016113e+01
   4.3598400e+05   6.5490723e+01
   4.3619800e+05   6.8054199e+01
   4.3667100e+05   5.3955078e+01
   4.3719500e+05   4.4433594e+01
   4.3925200e+05   6.8786621e+01
   4.4100900e+05   6.0668945e+01
   4.4219300e+05   7.3059082e+01
   4.4389900e+05   7.0251465e+01
   4.4422200e+05   6.9519043e+01
   4.4708100e+05   8.4533691e+01
   4.4723800e+05   6.6833496e+01
   4.4810500e+05   4.2541504e+01
   4.4949900e+05   5.5297852e+01
   4.4995900e+05   4.2297363e+01
   4.5016500e+05   2.0104370e+03
   4.5018200e+05   8.2458496e+01
   4.5020400e+05   6.5124512e+01
   4.5024900e+05   4.9316406e+01
   4.5028200e+05   6.4025879e+01
   4.5031700e+05   6.2011719e+01
   4.5036200e+05   6.2133789e+01
   4.5042000e+05   6.9519043e+01
   4.5055400e+05   4.2053223e+01
   4.5071800e+05   5.0476074e+01
   4.5983800e+05   8.1420898e+01
   4.6104300e+05   7.3181152e+01
   4.6294500e+05   6.6528320e+01
   4.6665800e+05   5.6518555e+01
   4.6839000e+05   5.2490234e+01
   4.6892200e+05   4.5227051e+01
   4.6960100e+05   8.7219238e+01
   4.7150000e+05   5.1147461e+01
   4.7357300e+05   6.6406250e+01
   4.7384600e+05   8.0688477e+01
   4.7652600e+05   4.7851563e+01
   4.7835600e+05   6.7932129e+01
   4.8039000e+05   6.9885254e+01
   4.8050900e+05   5.1696777e+01
   4.8151100e+05   7.2387695e+01
   4.8243900e+05   4.7302246e+01
   4.8362100e+05   7.4462891e+01
   4.8555200e+05   5.6152344e+01
   4.8658600e+05   8.6975098e+01
   4.8937700e+05   5.6701660e+01
   4.9415300e+05   7.5012207e+01
   4.9436600e+05   6.3476563e+01
   4.9636900e+05   5.1513672e+01
   4.9725700e+05   4.9865723e+01
   4.9820700e+05   6.6894531e+01
   5.0012600e+05   5.8288574e+01
   5.0018100e+05   2.0073242e+03
   5.0019700e+05   6.8054199e+01
   5.0021900e+05   4.7607422e+01
   5.0025900e+05   5.8898926e+01
   5.0028900e+05   4.6325684e+01
   5.0032500e+05   5.6274414e+01
   5.0035800e+05   5.6335449e+01
   5.0039800e+05   6.0913086e+01
   5.0043600e+05   6.2438965e+01
   5.0051700e+05   5.9875488e+01
   5.0077900e+05   5.0048828e+01
   5.0103000e+05   4.9194336e+01
   5.1055200e+05   4.8095703e+01
   5.1339700e+05   7.5927734e+01
   5.1449700e+05   5.3466797e+01
   5.1473300e+05   7.6110840e+01
   5.1618900e+05   6.6894531e+01
   5.1901300e+05   6.1462402e+01
   5.1957600e+05   4.2968750e+01
   5.2001300e+05   5.6762695e+01
   5.2026700e+05   7.6171875e+01
   5.2039000e+05   6.9458008e+01
   5.2057700e+05   4.3212891e+01
   5.2075200e+05   5.3894043e+01
   5.2177500e+05   5.3283691e+01
   5.2459000e+05   6.8298340e+01
   5.2742600e+05   5.6030273e+01
   5.3001800e+05   7.1105957e+01
   5.3131700e+05   6.9580078e+01
   5.3248000e+05   5.6640625e+01
   5.3364300e+05   6.5124512e+01
   5.3524400e+05   6.3476563e+01
   5.3983000e+05   6.6101074e+01
   5.4141300e+05   6.3964844e+01
   5.4164900e+05   4.7241211e+01
   5.4175900e+05   4.7729492e+01
   5.4184000e+05   6.7749023e+01
   5.4270200e+05   6.8176270e+01
   5.4371600e+05   6.5307617e+01
   5.4666100e+05   6.0852051e+01
   5.4793700e+05   6.3781738e+01
   5.5019500e+05   3.9999390e+03
   5.5021000e+05   9.4116211e+01
   5.5023400e+05   6.5429688e+01
   5.5024400e+05   4.0466309e+01
   5.5028500e+05   6.1584473e+01
   5.5032800e+05   6.1889648e+01
   5.5036100e+05   6.6528320e+01
   5.5039700e+05   6.0302734e+01
   5.5045300e+05   5.9020996e+01
   5.5793400e+05   7.8002930e+01
   5.5853700e+05   6.6589355e+01
   5.6080700e+05   4.4921875e+01
   5.6203800e+05   4.6386719e+01
   5.6232900e+05   5.9020996e+01
   5.6276100e+05   5.6579590e+01
   5.6526300e+05   7.8796387e+01
   5.7220700e+05   6.1584473e+01
   5.7247600e+05   6.9396973e+01
   5.7359200e+05   4.6264648e+01
   5.7461100e+05   6.7260742e+01
   5.7534700e+05   6.6345215e+01
   5.7895800e+05   5.4199219e+01
   5.8099800e+05   6.1157227e+01
   5.8291600e+05   6.6406250e+01
   5.8541000e+05   4.6997070e+01
   5.8646600e+05   5.6884766e+01
   5.8732800e+05   6.8298340e+01
   5.8785800e+05   5.2917480e+01
   5.8877400e+05   5.7861328e+01
   5.8959600e+05   5.1513672e+01
   5.9008900e+05   5.3100586e+01
   5.9054400e+05   6.6650391e+01
   5.9066600e+05   4.9011230e+01
   5.9074100e+05   5.5664063e+01
   5.9078300e+05   4.7485352e+01
   5.9094100e+05   5.4199219e+01
   5.9098500e+05   5.9997559e+01
   5.9108300e+05   4.6569824e+01
   5.9112300e+05   4.8583984e+01
   5.9126300e+05   4.6569824e+01
   5.9145800e+05   4.5837402e+01
   5.9151800e+05   4.2114258e+01
   5.9164200e+05   5.7983398e+01
   5.9177300e+05   5.8349609e+01
   5.9195100e+05   4.1870117e+01
   5.9201200e+05   7.5073242e+01
   5.9203100e+05   8.6669922e+01
   5.9204500e+05   5.1635742e+01
   5.9208700e+05   6.9152832e+01
   5.9220900e+05   6.2500000e+01
   6.0020700e+05   2.0115356e+03
   6.0022400e+05   1.0662842e+02
   6.0024800e+05   6.6955566e+01
   6.0028900e+05   6.6406250e+01
   6.0032200e+05   5.4443359e+01
   6.0036900e+05   4.8583984e+01
   6.0087500e+05   6.0852051e+01
   6.1615600e+05   5.7312012e+01
   6.1776100e+05   7.0678711e+01
   6.2082500e+05   4.2419434e+01
   6.2602000e+05   5.3588867e+01
   6.2686200e+05   4.5227051e+01
   6.3109400e+05   6.0913086e+01
   6.3478300e+05   4.5349121e+01
   6.3680300e+05   4.0588379e+01
   6.3787300e+05   5.7983398e+01
   6.3924100e+05   8.5021973e+01
   6.4172500e+05   5.8410645e+01
   6.4463900e+05   5.2978516e+01
   6.4655900e+05   6.7504883e+01
   6.4712200e+05   6.3232422e+01
   6.4992300e+05   4.4982910e+01
   6.5022300e+05   2.0095825e+03
   6.5023800e+05   8.8562012e+01
   6.5026100e+05   6.6101074e+01
   6.5030400e+05   6.8969727e+01
   6.5034700e+05   4.9804688e+01
   6.5037700e+05   5.2551270e+01
   6.5042500e+05   5.3100586e+01
   6.5050400e+05   4.6569824e+01
   6.5057900e+05   4.1992188e+01
   6.5078400e+05   5.1391602e+01
   6.6031700e+05   8.3312988e+01
   6.6105400e+05   7.5744629e+01
   6.6136400e+05   6.5185547e+01
   6.6184900e+05   4.3212891e+01
   6.6584300e+05   4.8400879e+01
   6.6788400e+05   5.4199219e+01
   6.6896800e+05   5.4687500e+01
   6.7103600e+05   5.3405762e+01
   6.7853300e+05   5.3955078e+01
   6.8034100e+05   5.4199219e+01
   6.8145200e+05   4.9682617e+01
   6.8249500e+05   4.0649414e+01
   6.8563400e+05   4.4616699e+01
   6.8847100e+05   4.9804688e+01
   6.8990200e+05   4.1687012e+01
   6.9130600e+05   5.2429199e+01
   6.9314400e+05   4.7973633e+01
   6.9812200e+05   8.1848145e+01
   6.9972700e+05   5.9204102e+01
   7.0023500e+05   2.0072632e+03
   7.0025200e+05   8.4594727e+01
   7.0027300e+05   5.2490234e+01
   7.0032000e+05   5.9387207e+01
   7.0035000e+05   5.7983398e+01
   7.0038100e+05   5.0354004e+01
   7.0042400e+05   6.1035156e+01
   7.0054800e+05   6.9152832e+01
   7.0088700e+05   4.3273926e+01
   7.0187200e+05   6.4208984e+01
   7.0238900e+05   7.3669434e+01
   7.1197000e+05   7.5866699e+01
   7.1351500e+05   6.6528320e+01
   7.1742100e+05   7.5744629e+01
   7.1896000e+05   7.8247070e+01
   7.1936900e+05   5.6762695e+01
   7.2086300e+05   6.5002441e+01
   7.2096200e+05   5.2368164e+01
   7.2099700e+05   5.8105469e+01
   7.2102300e+05   4.0588379e+01
   7.2108000e+05   5.3283691e+01
   7.2132700e+05   4.7119141e+01
   7.2145100e+05   5.4931641e+01
   7.2157200e+05   5.4382324e+01
   7.2169700e+05   5.1330566e+01
   7.2176400e+05   5.4931641e+01
   7.2177700e+05   4.3884277e+01
   7.2182900e+05   6.8969727e+01
   7.2185500e+05   4.1992188e+01
   7.2186600e+05   4.6630859e+01
   7.2191300e+05   6.1950684e+01
   7.2197800e+05   4.1870117e+01
   7.2205800e+05   7.5378418e+01
   7.2230100e+05   5.9326172e+01
   7.3591900e+05   6.3415527e+01
   7.4808000e+05   5.9387207e+01
   7.5005600e+05   4.1320801e+01
   7.5024900e+05   2.0081177e+03
   7.5026600e+05   9.1613770e+01
   7.5029000e+05   4.8950195e+01
   7.5033000e+05   5.6396484e+01
   7.5036800e+05   7.2692871e+01
   7.5040900e+05   6.6589355e+01
   7.5045300e+05   6.0974121e+01
   7.5057900e+05   5.1574707e+01
   7.6151300e+05   4.7790527e+01
   7.6299700e+05   5.1330566e+01
   7.6469900e+05   4.0527344e+01
   7.6766200e+05   6.7687988e+01
   7.7006400e+05   7.0312500e+01
   7.7020500e+05   5.2673340e+01
   7.7081500e+05   4.9072266e+01
   7.7120800e+05   7.6293945e+01
   7.7171300e+05   5.0903320e+01
   7.7462300e+05   4.2785645e+01
   7.7728200e+05   7.2570801e+01
   7.7994300e+05   5.8044434e+01
   7.8054800e+05   5.5725098e+01
   7.8100000e+05   6.2866211e+01
   7.8199200e+05   5.7373047e+01
   7.8562300e+05   6.7565918e+01
   7.8793500e+05   7.5256348e+01
   7.8930600e+05   5.7128906e+01
   7.8962400e+05   7.0617676e+01
   7.9148200e+05   4.3395996e+01
   7.9296800e+05   5.3955078e+01
   7.9526000e+05   4.9011230e+01
   7.9616000e+05   6.9396973e+01
   7.9715100e+05   6.2805176e+01
   7.9843300e+05   5.8105469e+01
   8.0026300e+05   2.0102539e+03
   8.0028000e+05   8.6303711e+01
   8.0030300e+05   5.2856445e+01
   8.0033900e+05   6.8237305e+01
   8.0036900e+05   7.2448730e+01
   8.0040700e+05   6.2561035e+01
   8.0045700e+05   6.9946289e+01
   8.0049900e+05   5.8166504e+01
   8.0056800e+05   5.8349609e+01
   8.0067800e+05   4.8217773e+01
   8.0112900e+05   5.7495117e+01
   8.0703300e+05   4.5654297e+01
   8.0765900e+05   6.2438965e+01
   8.1100300e+05   7.0129395e+01
   8.1357700e+05   6.2744141e+01
   8.1650500e+05   4.2358398e+01
   8.1771100e+05   5.6274414e+01
   8.1808500e+05   4.5654297e+01
   8.2193200e+05   5.8166504e+01
   8.2655100e+05   5.0292969e+01
   8.2791100e+05   6.9335938e+01
   8.2846400e+05   5.9265137e+01
   8.2980200e+05   5.9082031e+01
   8.3217000e+05   6.1828613e+01
   8.3498800e+05   5.9265137e+01
   8.3509600e+05   4.8645020e+01
   8.3557200e+05   4.7119141e+01
   8.3586900e+05   5.5541992e+01
   8.3601600e+05   4.3701172e+01
   8.3620900e+05   7.8674316e+01
   8.3629400e+05   6.7810059e+01
   8.4217400e+05   6.3415527e+01
   8.4332300e+05   5.9875488e+01
   8.4990000e+05   4.5593262e+01
   8.5027700e+05   2.0108643e+03
   8.5029400e+05   8.9050293e+01
   8.5031800e+05   6.1035156e+01
   8.5036200e+05   5.1330566e+01
   8.5039400e+05   5.7128906e+01
   8.5043100e+05   6.0852051e+01
   8.5046500e+05   5.4382324e+01
   8.5083000e+05   5.5664063e+01
   8.5958300e+05   6.1279297e+01
   8.6093400e+05   6.0791016e+01
   8.6222700e+05   5.8715820e+01
   8.6275300e+05   5.9814453e+01
   8.6440800e+05   6.2866211e+01
   8.6620100e+05   5.1452637e+01
   8.6669400e+05   5.7128906e+01
   8.6884000e+05   5.9204102e+01
   8.6973100e+05   7.4279785e+01
   8.7137700e+05   5.0964355e+01
   8.7401900e+05   7.1777344e+01
   8.7425700e+05   4.3945313e+01
   8.7500200e+05   7.2021484e+01
   8.7573300e+05   6.2133789e+01
   8.7593800e+05   6.6406250e+01
   8.7633400e+05   6.1279297e+01
   8.7642700e+05   6.3293457e+01
   8.7650800e+05   4.2358398e+01
   8.7673900e+05   5.1330566e+01
   8.7686600e+05   4.1503906e+01
   8.7690900e+05   5.6457520e+01
   8.7734200e+05   5.7800293e+01
   8.8659800e+05   6.1828613e+01
   8.8869600e+05   8.1420898e+01
   8.9187100e+05   7.8002930e+01
   8.9406900e+05   7.2326660e+01
   8.9527700e+05   5.1025391e+01
   8.9601800e+05   5.7434082e+01
   8.9814700e+05   6.6406250e+01
   9.0029300e+05   3.9999390e+03
   9.0030800e+05   8.7768555e+01
   9.0033100e+05   5.8288574e+01
   9.0037700e+05   6.3842773e+01
   9.0040100e+05   5.9631348e+01
   9.0043700e+05   4.7363281e+01
   9.0048800e+05   5.7434082e+01
   9.0051700e+05   6.3537598e+01
   9.0069100e+05   4.2907715e+01
   9.0099800e+05   5.5236816e+01
   9.0386500e+05   8.5693359e+01
   9.1098700e+05   5.2673340e+01
   9.1409900e+05   5.5847168e+01
   9.2010900e+05   6.2194824e+01
   9.2333800e+05   6.0302734e+01
   9.2628000e+05   7.3181152e+01
   9.2714800e+05   6.6406250e+01
   9.2799600e+05   7.7392578e+01
   9.2991900e+05   6.2500000e+01
   9.3067400e+05   5.0964355e+01
   9.3142000e+05   4.4372559e+01
   9.3490300e+05   7.5866699e+01
   9.3708700e+05   5.9020996e+01
   9.3947400e+05   7.7758789e+01
   9.4656400e+05   5.4687500e+01
   9.5030500e+05   2.0141602e+03
   9.5032200e+05   7.8430176e+01
   9.5034700e+05   4.8522949e+01
   9.5038700e+05   6.6650391e+01
   9.5042000e+05   7.3913574e+01
   9.5044500e+05   6.0058594e+01
   9.5052300e+05   4.9377441e+01
   9.5056600e+05   6.7626953e+01
   9.5073400e+05   5.4443359e+01
   9.5092300e+05   4.3884277e+01
   9.5805200e+05   7.2143555e+01
   9.6055700e+05   8.4228516e+01
   9.6340900e+05   4.2297363e+01
   9.6651200e+05   4.3273926e+01
   9.6901300e+05   4.7363281e+01
   9.7179600e+05   4.2480469e+01
   9.8042300e+05   5.4626465e+01
   9.8193200e+05   5.9326172e+01
   9.8227100e+05   5.8776855e+01
   9.8693800e+05   4.7058105e+01
   9.8946400e+05   5.8105469e+01
   9.9388600e+05   5.7495117e+01
   9.9478800e+05   6.2561035e+01
   9.9645200e+05   5.8410645e+01
   9.9754300e+05   5.6396484e+01
   9.9897400e+05   8.3496094e+01
   9.9926700e+05   5.9020996e+01
   9.9933300e+05   8.0749512e+01
   9.9950800e+05   5.7739258e+01
   9.9982200e+05   4.5837402e+01
   9.9998500e+05   7.5744629e+01
   1.0000750e+06   5.1635742e+01
   1.0001320e+06   5.1452637e+01
   1.0001600e+06   5.7739258e+01
   1.0002080e+06   5.7800293e+01
   1.0003020e+06   5.5297852e+01
   1.0003210e+06   3.9999390e+03
   1.0003590e+06   6.0363770e+01
   1.0003910e+06   5.6457520e+01
   1.0004370e+06   5.8959961e+01
   1.0004690e+06   6.0852051e+01
   1.0006830e+06   4.1870117e+01
   1.0009610e+06   6.9396973e+01
   1.0011840e+06   7.6049805e+01
   1.0165600e+06   5.4321289e+01
   1.0176190e+06   5.1452637e+01
   1.0250750e+06   6.5307617e+01
   1.0286840e+06   6.0607910e+01
   1.0308020e+06   4.6020508e+01
   1.0308560e+06   9.6069336e+01
   1.0308930e+06   6.0974121e+01
   1.0309290e+06   7.5012207e+01
   1.0309820e+06   5.5175781e+01
   1.0310130e+06   6.8481445e+01
   1.0310600e+06   4.0893555e+01
   1.0311510e+06   4.7302246e+01
   1.0312890e+06   6.5246582e+01
   1.0314540e+06   4.7302246e+01
   1.0321120e+06   4.7912598e+01
   1.0325020e+06   5.1330566e+01
   1.0457490e+06   6.1218262e+01
   1.0474790e+06   5.4870605e+01
   1.0503350e+06   3.9999390e+03
   1.0503710e+06   6.9152832e+01
   1.0504060e+06   7.0922852e+01
   1.0504370e+06   5.8288574e+01
   1.0504770e+06   6.2805176e+01
   1.0505500e+06   5.2124023e+01
   1.0506160e+06   4.1687012e+01
   1.0579190e+06   6.2133789e+01
   1.0610250e+06   7.5317383e+01
   1.0622720e+06   4.5288086e+01
   1.0641270e+06   6.9641113e+01
   1.0726230e+06   6.8237305e+01
   1.0780280e+06   5.8471680e+01
   1.0805710e+06   4.3090820e+01
   1.0813230e+06   4.0832520e+01
   1.0813490e+06   8.4594727e+01
   1.0822430e+06   4.0954590e+01
   1.0844460e+06   6.1340332e+01
   1.0915390e+06   4.4250488e+01
   1.0929770e+06   4.2480469e+01
   1.0985770e+06   7.0129395e+01
   1.0990800e+06   6.2194824e+01
   1.1003470e+06   2.0081177e+03
   1.1003640e+06   8.4411621e+01
   1.1003880e+06   5.5603027e+01
   1.1004270e+06   4.5959473e+01
   1.1004670e+06   6.0791016e+01
   1.1004960e+06   5.4443359e+01
   1.1005420e+06   5.6457520e+01
   1.1005980e+06   6.5856934e+01
   1.1007830e+06   6.0058594e+01
   1.1103390e+06   6.2683105e+01
   1.1117360e+06   7.8125000e+01
   1.1125050e+06   5.7495117e+01
   1.1152350e+06   7.2387695e+01
   1.1170340e+06   4.9926758e+01
   1.1172310e+06   6.4575195e+01
   1.1198270e+06   8.3435059e+01
   1.1224170e+06   7.9345703e+01
   1.1234690e+06   5.2368164e+01
   1.1261250e+06   6.0668945e+01
   1.1274310e+06   6.4331055e+01
   1.1318240e+06   6.6345215e+01
   1.1338030e+06   6.3903809e+01
   1.1348200e+06   4.9194336e+01
   1.1355440e+06   4.6936035e+01
   1.1382090e+06   4.9438477e+01
   1.1400510e+06   6.7871094e+01
   1.1428080e+06   4.3945313e+01
   1.1432530e+06   5.0170898e+01
   1.1442480e+06   5.3161621e+01
   1.1467900e+06   6.8481445e+01
   1.1498380e+06   6.3171387e+01
   1.1503630e+06   2.0126953e+03
   1.1503780e+06   9.7045898e+01
   1.1504010e+06   4.6447754e+01
   1.1504110e+06   4.1259766e+01
   1.1504370e+06   7.4951172e+01
   1.1504730e+06   5.0598145e+01
   1.1505220e+06   6.0607910e+01
   1.1506420e+06   5.9875488e+01
   1.1507780e+06   5.5908203e+01
   1.1509370e+06   5.0048828e+01
   1.1579790e+06   5.7495117e+01
   1.1624750e+06   6.7199707e+01
   1.1695650e+06   6.1706543e+01
   1.1707860e+06   6.1035156e+01
   1.1723980e+06   6.2194824e+01
   1.1727280e+06   6.5307617e+01
   1.1730690e+06   4.2907715e+01
   1.1733790e+06   6.2133789e+01
   1.1734150e+06   6.2377930e+01
   1.1735300e+06   4.7973633e+01
   1.1735610e+06   5.7067871e+01
   1.1736320e+06   8.0383301e+01
   1.1736630e+06   5.4382324e+01
   1.1737270e+06   4.7119141e+01
   1.1738520e+06   4.3151855e+01
   1.1738930e+06   6.0241699e+01
   1.1740790e+06   5.1757813e+01
   1.1743490e+06   6.1645508e+01
   1.1743910e+06   6.0485840e+01
   1.1744970e+06   4.4677734e+01
   1.1748710e+06   5.9082031e+01
   1.1900350e+06   6.3781738e+01
   1.1928750e+06   4.2358398e+01
   1.1956360e+06   6.5490723e+01
   1.1960770e+06   7.0495605e+01
   1.2000770e+06   6.6528320e+01
   1.2003750e+06   2.0080566e+03
   1.2003920e+06   9.2163086e+01
   1.2004140e+06   5.4016113e+01
   1.2004670e+06   4.7424316e+01
   1.2004980e+06   5.7434082e+01
   1.2005470e+06   4.1503906e+01
   1.2006050e+06   6.3354492e+01
   1.2008500e+06   7.0312500e+01
   1.2127260e+06   4.6569824e+01
   1.2160350e+06   6.1645508e+01
   1.2224190e+06   6.8359375e+01
   1.2273390e+06   8.2153320e+01
   1.2291110e+06   6.3415527e+01
   1.2293160e+06   4.7058105e+01
   1.2297930e+06   7.4707031e+01
   1.2299490e+06   5.2246094e+01
   1.2300000e+06   4.3334961e+01
   1.2300550e+06   4.6264648e+01
   1.2301820e+06   5.4809570e+01
   1.2303930e+06   4.1137695e+01
   1.2305090e+06   5.2795410e+01
   1.2305680e+06   4.0771484e+01
   1.2307600e+06   5.3771973e+01
   1.2308690e+06   7.6171875e+01
   1.2309450e+06   6.2438965e+01
   1.2310810e+06   5.2429199e+01
   1.2311290e+06   4.2724609e+01
   1.2311650e+06   5.4382324e+01
   1.2312440e+06   5.5236816e+01
   1.2313250e+06   6.5490723e+01
   1.2314980e+06   5.8227539e+01
   1.2316510e+06   4.2358398e+01
   1.2316880e+06   4.7302246e+01
   1.2320350e+06   5.3955078e+01
   1.2496810e+06   6.2255859e+01
   1.2503910e+06   3.9999390e+03
   1.2504060e+06   9.3383789e+01
   1.2504290e+06   4.7851563e+01
   1.2504830e+06   6.4514160e+01
   1.2505150e+06   5.8105469e+01
   1.2505620e+06   5.0598145e+01
   1.2506290e+06   4.8950195e+01
   1.2507550e+06   5.9875488e+01
   1.2511760e+06   4.2541504e+01
   1.2544960e+06   8.0505371e+01
   1.2568690e+06   4.1625977e+01
   1.2623410e+06   5.3039551e+01
   1.2645990e+06   8.6181641e+01
   1.2658830e+06   5.8349609e+01
   1.2683970e+06   4.2968750e+01
   1.2711470e+06   4.9560547e+01
   1.2722280e+06   5.3039551e+01
   1.2783940e+06   6.5124512e+01
   1.2795750e+06   5.2551270e+01
   1.2810220e+06   7.6721191e+01
   1.2810710e+06   4.4006348e+01
   1.2810940e+06   8.1481934e+01
   1.2811280e+06   7.2326660e+01
   1.2812010e+06   4.9865723e+01
   1.2812300e+06   6.4636230e+01
   1.2812600e+06   5.9387207e+01
   1.2813170e+06   5.5603027e+01
   1.2813520e+06   4.0710449e+01
   1.2814020e+06   5.6640625e+01
   1.2814390e+06   6.2438965e+01
   1.2815460e+06   4.1992188e+01
   1.2816180e+06   7.1777344e+01
   1.2817910e+06   6.9580078e+01
   1.2953420e+06   6.2805176e+01
   1.3004050e+06   3.9999390e+03
   1.3004200e+06   7.9162598e+01
   1.3004420e+06   6.5734863e+01
   1.3005000e+06   5.4199219e+01
   1.3005280e+06   6.2377930e+01
   1.3005610e+06   4.3884277e+01
   1.3006030e+06   6.0302734e+01
   1.3006810e+06   4.6569824e+01
   1.3079440e+06   6.0546875e+01
   1.3089300e+06   6.3842773e+01
   1.3129560e+06   5.7128906e+01
   1.3156050e+06   4.6264648e+01
   1.3163000e+06   6.2500000e+01
   1.3193330e+06   5.4321289e+01
   1.3217050e+06   6.1889648e+01
   1.3245430e+06   8.5144043e+01
   1.3250230e+06   6.6894531e+01
   1.3260970e+06   4.8583984e+01
   1.3287390e+06   6.6040039e+01
   1.3300860e+06   6.1157227e+01
   1.3302030e+06   6.7077637e+01
   1.3319560e+06   7.5439453e+01
   1.3325240e+06   6.7626953e+01
   1.3363020e+06   4.9560547e+01
   1.3373300e+06   5.8166504e+01
   1.3384450e+06   5.8715820e+01
   1.3398230e+06   8.0749512e+01
   1.3418230e+06   6.8786621e+01
   1.3428920e+06   6.1767578e+01
   1.3432370e+06   6.2683105e+01
   1.3452030e+06   6.1096191e+01
   1.3473010e+06   4.8950195e+01
   1.3504170e+06   2.0075684e+03
   1.3504340e+06   7.7636719e+01
   1.3504590e+06   8.1298828e+01
   1.3505020e+06   5.5297852e+01
   1.3505310e+06   6.7993164e+01
   1.3505690e+06   5.4687500e+01
   1.3506020e+06   4.2297363e+01
   1.3506700e+06   4.3701172e+01
   1.3507390e+06   8.8439941e+01
   1.3508980e+06   4.9316406e+01
   1.3607250e+06   5.8715820e+01
   1.3622740e+06   8.3923340e+01
   1.3648660e+06   5.4016113e+01
   1.3674700e+06   6.0913086e+01
   1.3677760e+06   5.5664063e+01
   1.3705920e+06   7.9101563e+01
   1.3715460e+06   7.2692871e+01
   1.3736580e+06   4.5410156e+01
   1.3748460e+06   6.5307617e+01
   1.3761920e+06   5.1574707e+01
   1.3766990e+06   5.7128906e+01
   1.3782550e+06   4.8217773e+01
   1.3825260e+06   8.4167480e+01
   1.3855040e+06   4.2663574e+01
   1.3894080e+06   4.6630859e+01
   1.3922200e+06   7.3425293e+01
   1.3930350e+06   5.0415039e+01
   1.3943150e+06   5.2917480e+01
   1.3967610e+06   4.6264648e+01
   1.3986060e+06   6.2561035e+01
   1.3997750e+06   5.3894043e+01
   1.3998850e+06   5.4504395e+01
   1.4004330e+06   3.9999390e+03
   1.4004480e+06   1.0534668e+02
   1.4004710e+06   6.7687988e+01
   1.4005130e+06   5.7495117e+01
   1.4005440e+06   6.1645508e+01
   1.4005990e+06   5.8959961e+01
   1.4006410e+06   5.9814453e+01
   1.4007930e+06   5.4809570e+01
   1.4009500e+06   7.6232910e+01
   1.4013070e+06   5.3222656e+01
   1.4018160e+06   6.7687988e+01
   1.4024840e+06   7.1899414e+01
   1.4025900e+06   4.8828125e+01
   1.4026370e+06   4.4860840e+01
   1.4139420e+06   6.7138672e+01
   1.4160180e+06   5.9692383e+01
   1.4166760e+06   5.6640625e+01
   1.4170900e+06   7.9406738e+01
   1.4176820e+06   5.1391602e+01
   1.4185030e+06   5.4870605e+01
   1.4199390e+06   6.6040039e+01
   1.4218370e+06   4.8950195e+01
   1.4237690e+06   5.4504395e+01
   1.4254460e+06   5.3894043e+01
   1.4266370e+06   5.3405762e+01
   1.4295650e+06   4.2419434e+01
   1.4316310e+06   7.6354980e+01
   1.4318100e+06   6.4086914e+01
   1.4366210e+06   5.6274414e+01
   1.4385690e+06   5.4382324e+01
   1.4413450e+06   4.7546387e+01
   1.4438870e+06   4.3151855e+01
   1.4465870e+06   5.5541992e+01
   1.4491320e+06   5.5175781e+01
   1.4504450e+06   2.0110474e+03
   1.4504620e+06   9.2163086e+01
   1.4504850e+06   6.0424805e+01
   1.4505290e+06   4.4982910e+01
   1.4505610e+06   5.6762695e+01
   1.4506040e+06   5.9020996e+01
   1.4506460e+06   5.3405762e+01
   1.4508840e+06   4.7973633e+01
   1.4529560e+06   6.9580078e+01
   1.4613290e+06   7.2082520e+01
   1.4617070e+06   5.0048828e+01
   1.4640170e+06   7.1411133e+01
   1.4685440e+06   7.0922852e+01
   1.4698230e+06   5.7312012e+01
   1.4729860e+06   7.5073242e+01
   1.4776390e+06   6.9580078e+01
   1.4799020e+06   4.7058105e+01
   1.4810650e+06   5.3771973e+01
   1.4818540e+06   5.9692383e+01
   1.4835660e+06   5.4443359e+01
   1.4843220e+06   6.2683105e+01
   1.4853120e+06   5.3405762e+01
   1.4864320e+06   5.5114746e+01
   1.4891280e+06   5.7861328e+01
   1.4917970e+06   5.5664063e+01
   1.4933420e+06   6.9580078e+01
   1.4954150e+06   7.5927734e+01
   1.4979370e+06   6.6772461e+01
   1.4991800e+06   6.8542480e+01
   1.4998220e+06   8.3740234e+01
   1.5004590e+06   2.0083618e+03
   1.5004760e+06   9.0881348e+01
   1.5004990e+06   6.5002441e+01
   1.5005500e+06   4.8095703e+01
   1.5005940e+06   4.3579102e+01
   1.5006920e+06   6.0791016e+01
   1.5088250e+06   6.3598633e+01
   1.5118190e+06   8.2214355e+01
   1.5128570e+06   5.1208496e+01
   1.5151880e+06   7.8796387e+01
   1.5185390e+06   4.7424316e+01
   1.5220250e+06   7.4890137e+01
   1.5225740e+06   5.5664063e+01
   1.5256820e+06   5.5603027e+01
   1.5268660e+06   5.6579590e+01
   1.5298450e+06   4.8278809e+01
   1.5319600e+06   7.1777344e+01
   1.5320390e+06   5.5053711e+01
   1.5320790e+06   7.3669434e+01
   1.5321450e+06   5.4992676e+01
   1.5322130e+06   4.9926758e+01
   1.5323140e+06   4.3762207e+01
   1.5323720e+06   4.8767090e+01
   1.5324890e+06   4.5898438e+01
   1.5326130e+06   5.9631348e+01
   1.5326900e+06   5.7617188e+01
   1.5327650e+06   5.6823730e+01
   1.5331310e+06   6.0485840e+01
   1.5332140e+06   4.1809082e+01
   1.5333000e+06   5.8105469e+01
   1.5334510e+06   4.3273926e+01
   1.5335690e+06   4.8278809e+01
   1.5339100e+06   4.3395996e+01
   1.5341690e+06   4.5837402e+01
   1.5344790e+06   6.9335938e+01
   1.5345460e+06   4.8156738e+01
   1.5458230e+06   7.3913574e+01
   1.5504750e+06   3.9999390e+03
   1.5504900e+06   7.6293945e+01
   1.5505140e+06   6.0668945e+01
   1.5505740e+06   6.9030762e+01
   1.5506030e+06   6.2377930e+01
   1.5506450e+06   5.7861328e+01
   1.5507020e+06   4.3090820e+01
   1.5511800e+06   4.6630859e+01
   1.5523550e+06   5.9692383e+01
   1.5525310e+06   6.4819336e+01
   1.5601340e+06   4.8645020e+01
   1.5656300e+06   5.7556152e+01
   1.5708120e+06   5.7617188e+01
   1.5736580e+06   4.3762207e+01
   1.5764740e+06   5.1452637e+01
   1.5785060e+06   6.1889648e+01
   1.5787050e+06   5.2978516e+01
   1.5818340e+06   8.1176758e+01
   1.5857290e+06   5.6579590e+01
   1.5865940e+06   7.8491211e+01
   1.5919540e+06   7.9528809e+01
   1.5979020e+06   7.3059082e+01
   1.6004870e+06   2.0088501e+03
   1.6005040e+06   7.7392578e+01
   1.6005270e+06   6.1340332e+01
   1.6005780e+06   7.9711914e+01
   1.6006050e+06   6.8359375e+01
   1.6006590e+06   6.3903809e+01
   1.6007270e+06   5.7495117e+01
   1.6008540e+06   4.7851563e+01
   1.6010500e+06   6.1218262e+01
   1.6016510e+06   6.0058594e+01
   1.6148920e+06   6.4880371e+01
   1.6180920e+06   8.9477539e+01
   1.6204070e+06   5.2124023e+01
   1.6248840e+06   5.2490234e+01
   1.6253070e+06   4.6691895e+01
   1.6256280e+06   5.2734375e+01
   1.6260150e+06   5.4260254e+01
   1.6260800e+06   4.5898438e+01
   1.6261740e+06   5.0537109e+01
   1.6263080e+06   4.6508789e+01
   1.6263500e+06   5.2429199e+01
   1.6263890e+06   6.8969727e+01
   1.6264330e+06   5.2734375e+01
   1.6264660e+06   6.3415527e+01
   1.6265000e+06   5.5297852e+01
   1.6265690e+06   6.0424805e+01
   1.6266590e+06   5.4443359e+01
   1.6267880e+06   5.4443359e+01
   1.6269180e+06   5.3894043e+01
   1.6270730e+06   7.4645996e+01
   1.6271080e+06   6.6162109e+01
   1.6272310e+06   8.0322266e+01
   1.6273640e+06   6.2194824e+01
   1.6275130e+06   5.3833008e+01
   1.6459160e+06   5.2368164e+01
   1.6505010e+06   2.0056763e+03
   1.6505180e+06   9.0332031e+01
   1.6505430e+06   6.2438965e+01
   1.6505570e+06   4.5837402e+01
   1.6505960e+06   7.1533203e+01
   1.6506300e+06   5.7617187e+01
   1.6506800e+06   5.0903320e+01
   1.6507290e+06   5.0231934e+01
   1.6510510e+06   5.7250977e+01
   1.6514530e+06   7.8918457e+01
   1.6619490e+06   5.2673340e+01
   1.6624820e+06   7.4768066e+01
   1.6659640e+06   5.4931641e+01
   1.6695090e+06   5.6518555e+01
   1.6698920e+06   4.8583984e+01
   1.6706010e+06   7.5561523e+01
   1.6718290e+06   6.3659668e+01
   1.6731040e+06   7.9650879e+01
   1.6742400e+06   6.2133789e+01
   1.6744300e+06   6.1828613e+01
   1.6746590e+06   6.6101074e+01
   1.6770480e+06   6.3415527e+01
   1.6801880e+06   5.1696777e+01
   1.6826640e+06   6.1157227e+01
   1.6828540e+06   6.2927246e+01
   1.6830710e+06   4.8645020e+01
   1.6866450e+06   8.8012695e+01
   1.6906600e+06   4.8522949e+01
   1.6927500e+06   6.7993164e+01
   1.6945590e+06   4.5837402e+01
   1.6954130e+06   7.1472168e+01
   1.6995250e+06   5.8654785e+01
   1.7005150e+06   2.0067749e+03
   1.7005320e+06   8.4777832e+01
   1.7005570e+06   6.4941406e+01
   1.7006100e+06   4.9926758e+01
   1.7006500e+06   6.2744141e+01
   1.7007050e+06   7.3486328e+01
   1.7007880e+06   5.0292969e+01
   1.7012670e+06   6.8847656e+01
   1.7061130e+06   7.4035645e+01
   1.7102450e+06   8.0627441e+01
   1.7160330e+06   4.3334961e+01
   1.7176170e+06   6.1767578e+01
   1.7187830e+06   6.3232422e+01
   1.7195180e+06   5.4992676e+01
   1.7241830e+06   6.8359375e+01
   1.7259550e+06   6.3659668e+01
   1.7267520e+06   5.8471680e+01
   1.7288670e+06   8.3496094e+01
   1.7291530e+06   5.8227539e+01
   1.7337520e+06   5.0109863e+01
   1.7349770e+06   4.9865723e+01
   1.7351470e+06   7.1777344e+01
   1.7378320e+06   7.1899414e+01
   1.7402400e+06   6.1218262e+01
   1.7429300e+06   5.0415039e+01
   1.7444520e+06   7.1655273e+01
   1.7467940e+06   5.1757813e+01
   1.7483670e+06   7.6171875e+01
   1.7495720e+06   7.6232910e+01
   1.7501870e+06   4.4494629e+01
   1.7505310e+06   2.0067749e+03
   1.7505460e+06   9.5581055e+01
   1.7505700e+06   5.7800293e+01
   1.7506140e+06   6.0058594e+01
   1.7506470e+06   6.0180664e+01
   1.7506980e+06   6.4331055e+01
   1.7507790e+06   6.0302734e+01
   1.7514390e+06   6.0607910e+01
   1.7590760e+06   6.3598633e+01
   1.7664610e+06   5.6518555e+01
   1.7696940e+06   5.4748535e+01
   1.7765380e+06   4.5471191e+01
   1.7782520e+06   5.5725098e+01
   1.7785000e+06   4.7546387e+01
   1.7836580e+06   6.5856934e+01
   1.7839420e+06   6.5246582e+01
   1.7846170e+06   5.6640625e+01
   1.7857730e+06   8.2153320e+01
   1.7866130e+06   6.0485840e+01
   1.7911050e+06   6.3171387e+01
   1.7915740e+06   5.9631348e+01
   1.7949470e+06   4.2846680e+01
   1.7950020e+06   7.8979492e+01
   1.7950450e+06   6.0485840e+01
   1.7950680e+06   5.4626465e+01
   1.7950990e+06   8.1298828e+01
   1.7951250e+06   5.3771973e+01
   1.7951520e+06   5.2001953e+01
   1.7951800e+06   4.7241211e+01
   1.7952160e+06   4.4189453e+01
   1.7952490e+06   4.1015625e+01
   1.7952880e+06   4.9926758e+01
   1.7953360e+06   5.8227539e+01
   1.7953860e+06   5.6701660e+01
   1.7954190e+06   5.7250977e+01
   1.7955300e+06   4.9743652e+01
   1.7956520e+06   6.4758301e+01
   1.8005430e+06   2.0129395e+03
   1.8005600e+06   1.0797119e+02
   1.8005850e+06   5.3955078e+01
   1.8006410e+06   4.9865723e+01
   1.8007560e+06   4.8339844e+01
   1.8146130e+06   9.2773438e+01
   1.8197780e+06   5.7312012e+01
   1.8217300e+06   6.6711426e+01
   1.8281800e+06   5.2429199e+01
   1.8302140e+06   7.1838379e+01
   1.8322520e+06   6.2500000e+01
   1.8331470e+06   6.7626953e+01
   1.8355690e+06   5.2124023e+01
   1.8389380e+06   6.7199707e+01
   1.8414630e+06   8.6059570e+01
   1.8440690e+06   5.7434082e+01
   1.8461400e+06   8.5693359e+01
   1.8468270e+06   6.3293457e+01
   1.8477760e+06   5.4138184e+01
   1.8494510e+06   5.0048828e+01
   1.8505570e+06   2.0061035e+03
   1.8505740e+06   7.5866699e+01
   1.8505960e+06   5.5419922e+01
   1.8506370e+06   7.7392578e+01
   1.8506730e+06   4.2175293e+01
   1.8507090e+06   5.4687500e+01
   1.8507580e+06   5.2856445e+01
   1.8508370e+06   7.1472168e+01
   1.8510150e+06   6.7504883e+01
   1.8518960e+06   6.2805176e+01
   1.8593350e+06   6.9885254e+01
   1.8615150e+06   8.1787109e+01
   1.8626180e+06   7.4157715e+01
   1.8636940e+06   7.2143555e+01
   1.8645960e+06   8.2946777e+01
   1.8647740e+06   6.7199707e+01
   1.8654160e+06   7.3486328e+01
   1.8658960e+06   6.8603516e+01
   1.8674790e+06   4.9621582e+01
   1.8716530e+06   6.6162109e+01
   1.8763180e+06   5.5114746e+01
   1.8799810e+06   6.3293457e+01
   1.8808180e+06   7.0373535e+01
   1.8833200e+06   5.4260254e+01
   1.8844490e+06   7.8308105e+01
   1.8868610e+06   6.0302734e+01
   1.8879180e+06   5.2551270e+01
   1.8883350e+06   5.1574707e+01
   1.8896820e+06   5.6518555e+01
   1.8933130e+06   5.6579590e+01
   1.8951720e+06   6.2255859e+01
   1.8960640e+06   4.9255371e+01
   1.8964870e+06   6.4453125e+01
   1.8980420e+06   5.6152344e+01
   1.8989720e+06   7.3791504e+01
   1.9004740e+06   6.6467285e+01
   1.9005710e+06   2.0092163e+03
   1.9005880e+06   1.0833740e+02
   1.9006120e+06   6.3415527e+01
   1.9006220e+06   4.4616699e+01
   1.9006750e+06   4.2541504e+01
   1.9007020e+06   6.4392090e+01
   1.9007360e+06   7.3669434e+01
   1.9008500e+06   4.5227051e+01
   1.9010800e+06   4.4250488e+01
   1.9082140e+06   6.5979004e+01
   1.9100440e+06   6.1157227e+01
   1.9137180e+06   5.5786133e+01
   1.9195110e+06   5.8532715e+01
   1.9209820e+06   7.4523926e+01
   1.9221970e+06   7.5500488e+01
   1.9261350e+06   6.6162109e+01
   1.9289200e+06   6.9641113e+01
   1.9297280e+06   7.2265625e+01
   1.9313000e+06   7.9284668e+01
   1.9336370e+06   6.2988281e+01
   1.9361240e+06   6.6345215e+01
   1.9366070e+06   8.2641602e+01
   1.9378300e+06   7.5256348e+01
   1.9387260e+06   4.6447754e+01
   1.9421680e+06   7.8552246e+01
   1.9449440e+06   6.9458008e+01
   1.9468310e+06   5.9387207e+01
   1.9479920e+06   4.2053223e+01
   1.9491890e+06   6.0058594e+01
   1.9505850e+06   2.0066528e+03
   1.9506020e+06   7.1289063e+01
   1.9506270e+06   6.5734863e+01
   1.9506820e+06   4.8156738e+01
   1.9507180e+06   5.0231934e+01
   1.9507520e+06   6.2561035e+01
   1.9507970e+06   4.2053223e+01
   1.9508430e+06   6.7443848e+01
   1.9510100e+06   4.8217773e+01
   1.9519570e+06   6.9824219e+01
   1.9525670e+06   7.1777344e+01
   1.9532340e+06   7.6965332e+01
   1.9535110e+06   5.7373047e+01
   1.9569600e+06   7.2448730e+01
   1.9570630e+06   4.6020508e+01
   1.9571170e+06   4.0954590e+01
   1.9573660e+06   7.0129395e+01
   1.9575670e+06   5.4016113e+01
   1.9576920e+06   8.1115723e+01
   1.9577720e+06   5.7006836e+01
   1.9578680e+06   4.7790527e+01
   1.9579740e+06   6.4025879e+01
   1.9580330e+06   4.9926758e+01
   1.9580850e+06   5.5786133e+01
   1.9581000e+06   4.1076660e+01
   1.9581620e+06   4.1870117e+01
   1.9582040e+06   4.6630859e+01
   1.9582310e+06   5.6823730e+01
   1.9582740e+06   4.8889160e+01
   1.9583260e+06   4.4128418e+01
   1.9583660e+06   4.4311523e+01
   1.9587100e+06   4.2968750e+01
   1.9795710e+06   4.8706055e+01
   1.9834350e+06   7.5561523e+01
   1.9881520e+06   5.3222656e+01
   1.9885290e+06   5.7434082e+01
   1.9904820e+06   6.7932129e+01
   1.9908930e+06   6.0058594e+01
   1.9943850e+06   6.4147949e+01
   1.9967560e+06   4.7546387e+01
   1.9999770e+06   6.9335938e+01
   2.0002970e+06   4.7424316e+01
   2.0005990e+06   2.0093384e+03
   2.0006160e+06   8.1726074e+01
   2.0006390e+06   6.2133789e+01
   2.0006800e+06   5.0415039e+01
   2.0007120e+06   5.7128906e+01
   2.0007560e+06   6.3232422e+01
   2.0007900e+06   4.2053223e+01
   2.0008360e+06   6.4880371e+01
   2.0009240e+06   4.3762207e+01
   2.0011830e+06   4.1870117e+01
   2.0110920e+06   6.4697266e+01
   2.0137950e+06   4.5227051e+01
   2.0149060e+06   7.9345703e+01
   2.0159220e+06   6.1462402e+01
   2.0170260e+06   5.1757813e+01
   2.0176980e+06   7.2631836e+01
   2.0200210e+06   6.5246582e+01
   2.0215810e+06   6.2927246e+01
   2.0247290e+06   5.7556152e+01
   2.0284110e+06   6.5002441e+01
   2.0301990e+06   5.9631348e+01
   2.0309340e+06   4.4067383e+01
   2.0325370e+06   5.9997559e+01
   2.0331960e+06   5.4504395e+01
   2.0337000e+06   6.3964844e+01
   2.0342770e+06   6.8847656e+01
   2.0344460e+06   4.8645020e+01
   2.0349300e+06   6.0791016e+01
   2.0349900e+06   6.0485840e+01
   2.0350480e+06   7.2448730e+01
   2.0350750e+06   5.2062988e+01
   2.0351470e+06   4.0527344e+01
   2.0351920e+06   4.7912598e+01
   2.0352400e+06   5.6030273e+01
   2.0353410e+06   5.5297852e+01
   2.0354730e+06   4.5227051e+01
   2.0360860e+06   4.0527344e+01
   2.0377920e+06   6.8176270e+01
   2.0498690e+06   6.1523438e+01
   2.0506150e+06   3.9999390e+03
   2.0506300e+06   9.0270996e+01
   2.0506540e+06   6.3842773e+01
   2.0506640e+06   5.1696777e+01
   2.0507100e+06   4.6386719e+01
   2.0507450e+06   5.2246094e+01
   2.0507820e+06   5.8532715e+01
   2.0508660e+06   4.8522949e+01
   2.0518840e+06   4.2053223e+01
   2.0590910e+06   7.2387695e+01
   2.0609180e+06   5.4809570e+01
   2.0626170e+06   4.6813965e+01
   2.0649940e+06   5.7983398e+01
   2.0659390e+06   7.0434570e+01
   2.0719630e+06   6.9030762e+01
   2.0768670e+06   6.3781738e+01
   2.0790290e+06   4.5410156e+01
   2.0830440e+06   6.8359375e+01
   2.0853700e+06   5.7800293e+01
   2.0954700e+06   6.3537598e+01
   2.0975050e+06   5.2673340e+01
   2.0995590e+06   7.1533203e+01
   2.1003840e+06   4.0771484e+01
   2.1006270e+06   2.0120239e+03
   2.1006440e+06   1.0516357e+02
   2.1006690e+06   5.2612305e+01
   2.1007220e+06   5.7189941e+01
   2.1007560e+06   6.3598633e+01
   2.1007950e+06   5.6335449e+01
   2.1009220e+06   4.1259766e+01
   2.1014280e+06   7.2204590e+01
   2.1020950e+06   8.9965820e+01
   2.1154690e+06   6.8298340e+01
   2.1175790e+06   5.1696777e+01
   2.1194810e+06   5.4626465e+01
   2.1206090e+06   9.0209961e+01
   2.1247050e+06   5.8288574e+01
   2.1272270e+06   6.1157227e+01
   2.1287120e+06   5.2490234e+01
   2.1314700e+06   6.5368652e+01
   2.1401100e+06   5.9875488e+01
   2.1453140e+06   4.7607422e+01
   2.1457350e+06   6.6650391e+01
   2.1468090e+06   5.8166504e+01
   2.1506430e+06   3.9999390e+03
   2.1506580e+06   7.6599121e+01
   2.1506810e+06   5.5419922e+01
   2.1507240e+06   5.4626465e+01
   2.1507580e+06   6.0546875e+01
   2.1507950e+06   4.1259766e+01
   2.1508380e+06   4.5349121e+01
   2.1508950e+06   4.7607422e+01
   2.1510640e+06   5.7800293e+01
   2.1514460e+06   7.9345703e+01
   2.1618240e+06   5.7922363e+01
   2.1652530e+06   6.7504883e+01
   2.1669730e+06   6.4270020e+01
   2.1725870e+06   8.4838867e+01
   2.1745520e+06   8.1604004e+01
   2.1772190e+06   4.8217773e+01
   2.1785480e+06   6.4147949e+01
   2.1811510e+06   8.5510254e+01
   2.1896140e+06   5.9997559e+01
   2.1898630e+06   7.8002930e+01
   2.1901670e+06   5.7983398e+01
   2.1909550e+06   6.1889648e+01
   2.1986360e+06   7.4218750e+01
   2.2006550e+06   2.0119629e+03
   2.2006720e+06   8.7158203e+01
   2.2006970e+06   5.9082031e+01
   2.2007360e+06   6.3110352e+01
   2.2007730e+06   5.4565430e+01
   2.2008200e+06   6.6772461e+01
   2.2009280e+06   4.5776367e+01
   2.2010080e+06   5.9753418e+01
   2.2013620e+06   4.6447754e+01
   2.2014180e+06   4.8156738e+01
   2.2018420e+06   4.5166016e+01
   2.2022020e+06   6.7443848e+01
   2.2190100e+06   6.2988281e+01
   2.2235320e+06   7.0678711e+01
   2.2248860e+06   5.0903320e+01
   2.2271670e+06   6.8725586e+01
   2.2300300e+06   6.5307617e+01
   2.2349800e+06   6.4270020e+01
   2.2377440e+06   4.5715332e+01
   2.2427150e+06   8.7707520e+01
   2.2462770e+06   6.2561035e+01
   2.2498870e+06   5.4504395e+01
   2.2506710e+06   3.9999390e+03
   2.2506860e+06   7.7209473e+01
   2.2507090e+06   5.6823730e+01
   2.2507220e+06   4.2968750e+01
   2.2507630e+06   5.3588867e+01
   2.2507930e+06   7.5561523e+01
   2.2508210e+06   5.2612305e+01
   2.2508880e+06   4.7973633e+01
   2.2509450e+06   5.2307129e+01
   2.2510740e+06   4.8706055e+01
   2.2515740e+06   5.8532715e+01
   2.2622760e+06   6.8847656e+01
   2.2647870e+06   4.8522949e+01
   2.2691060e+06   9.2407227e+01
   2.2782270e+06   5.7739258e+01
   2.2787290e+06   4.5837402e+01
   2.2792180e+06   6.9152832e+01
   2.2794030e+06   6.5307617e+01
   2.2796670e+06   7.6110840e+01
   2.2798730e+06   5.8227539e+01
   2.2800980e+06   4.3762207e+01
   2.2803040e+06   7.5561523e+01
   2.2806000e+06   4.4799805e+01
   2.2813010e+06   7.7148438e+01
   2.2816930e+06   5.9143066e+01
   2.2868540e+06   5.6091309e+01
   2.2899970e+06   6.0302734e+01
   2.2928410e+06   5.4199219e+01
   2.2988160e+06   7.5927734e+01
   2.3006830e+06   2.0098877e+03
   2.3007000e+06   8.8073730e+01
   2.3007240e+06   4.4982910e+01
   2.3007780e+06   5.3894043e+01
   2.3008130e+06   5.2612305e+01
   2.3009080e+06   6.6406250e+01
   2.3010300e+06   4.5166016e+01
   2.3015630e+06   7.9162598e+01
   2.3101490e+06   4.4860840e+01
   2.3141240e+06   8.1848145e+01
   2.3159420e+06   6.2622070e+01
   2.3221760e+06   4.3212891e+01
   2.3261000e+06   8.3496094e+01
   2.3292350e+06   6.2683105e+01
   2.3372080e+06   6.1462402e+01
   2.3406410e+06   7.5378418e+01
   2.3461240e+06   7.0922852e+01
   2.3472480e+06   5.5114746e+01
   2.3485770e+06   6.6772461e+01
   2.3506990e+06   3.9999390e+03
   2.3507140e+06   7.6049805e+01
   2.3507400e+06   5.0781250e+01
   2.3507950e+06   7.6477051e+01
   2.3508300e+06   4.9438477e+01
   2.3508780e+06   5.5480957e+01
   2.3509750e+06   5.6579590e+01
   2.3564770e+06   4.5898438e+01
   2.3610550e+06   5.9143066e+01
   2.3669460e+06   5.6945801e+01
   2.3723560e+06   4.3518066e+01
   2.3731080e+06   8.9599609e+01
   2.3733440e+06   5.0170898e+01
   2.3734300e+06   4.8583984e+01
   2.3735810e+06   5.4626465e+01
   2.3741740e+06   7.6049805e+01
   2.3796800e+06   7.3791504e+01
   2.3894280e+06   7.3059082e+01
   2.3894940e+06   8.1237793e+01
   2.3895260e+06   5.4321289e+01
   2.3895520e+06   7.0068359e+01
   2.3895790e+06   6.8420410e+01
   2.3896090e+06   4.9072266e+01
   2.3896380e+06   7.3913574e+01
   2.3896970e+06   5.8166504e+01
   2.3897320e+06   4.7119141e+01
   2.3898060e+06   6.9641113e+01
   2.3898940e+06   4.1870117e+01
   2.3899540e+06   4.3884277e+01
   2.3901310e+06   4.1259766e+01
   2.3903060e+06   5.4321289e+01
   2.4007110e+06   2.0147095e+03
   2.4007280e+06   8.6547852e+01
   2.4007540e+06   6.2072754e+01
   2.4008090e+06   7.0190430e+01
   2.4008480e+06   4.4006348e+01
   2.4009870e+06   4.8706055e+01
   2.4164440e+06   6.6589355e+01
   2.4212530e+06   5.9448242e+01
   2.4228340e+06   6.5490723e+01
   2.4252450e+06   6.2866211e+01
   2.4301580e+06   6.6467285e+01
   2.4337040e+06   7.4707031e+01
   2.4386980e+06   5.4687500e+01
   2.4388650e+06   5.0537109e+01
   2.4491630e+06   7.8063965e+01
   2.4507270e+06   3.9999390e+03
   2.4507420e+06   8.2031250e+01
   2.4507650e+06   5.3527832e+01
   2.4508060e+06   5.1452637e+01
   2.4508370e+06   7.9223633e+01
   2.4509070e+06   4.5471191e+01
   2.4510150e+06   6.6101074e+01
   2.4514220e+06   6.5002441e+01
   2.4596720e+06   6.0485840e+01
   2.4605020e+06   5.6762695e+01
   2.4620400e+06   5.4138184e+01
   2.4649580e+06   5.0292969e+01
   2.4665860e+06   5.3833008e+01
   2.4692930e+06   5.2307129e+01
   2.4697600e+06   5.6335449e+01
   2.4740110e+06   7.2021484e+01
   2.4757090e+06   5.5297852e+01
   2.4764310e+06   4.7424316e+01
   2.4777220e+06   6.1157227e+01
   2.4787800e+06   4.7912598e+01
   2.4827190e+06   5.2612305e+01
   2.4855190e+06   8.0749512e+01
   2.4885140e+06   7.3974609e+01
   2.4925260e+06   8.9721680e+01
   2.4970930e+06   4.2114258e+01
   2.5026200e+06   7.3425293e+01
   2.5033980e+06   5.9265137e+01
   2.5040110e+06   4.6569824e+01
   2.5054040e+06   5.8532715e+01
   2.5102630e+06   7.8796387e+01
   2.5128160e+06   5.2490234e+01
   2.5148160e+06   7.3120117e+01
   2.5151640e+06   6.8420410e+01
   2.5172780e+06   5.3161621e+01
   2.5210870e+06   6.3720703e+01
   2.5252330e+06   6.1828613e+01
   2.5263390e+06   5.3405762e+01
   2.5271990e+06   7.3303223e+01
   2.5281670e+06   4.3823242e+01
   2.5297730e+06   5.5603027e+01
   2.5313500e+06   5.1757813e+01
   2.5321840e+06   8.4106445e+01
   2.5333600e+06   7.5622559e+01
   2.5353360e+06   5.8288574e+01
   2.5384850e+06   8.5021973e+01
   2.5405380e+06   6.9519043e+01
   2.5419290e+06   7.3059082e+01
   2.5422750e+06   5.6213379e+01
   2.5424110e+06   4.7363281e+01
   2.5425100e+06   6.1767578e+01
   2.5438650e+06   6.2377930e+01
   2.5470940e+06   6.2500000e+01
   2.5495100e+06   8.4838867e+01
   2.5560480e+06   6.3476563e+01
   2.5635520e+06   6.0241699e+01
   2.5680270e+06   8.5388184e+01
   2.5701250e+06   6.6894531e+01
   2.5701460e+06   4.2480469e+01
   2.5729890e+06   6.7749023e+01
   2.5743800e+06   6.0424805e+01
   2.5761990e+06   6.4331055e+01
   2.5767140e+06   7.1655273e+01
   2.5771630e+06   6.2255859e+01
   2.5773730e+06   4.2785645e+01
   2.5775460e+06   4.5593262e+01
   2.5777090e+06   7.0251465e+01
   2.5811090e+06   7.1838379e+01
   2.5847070e+06   5.8837891e+01
   2.5900270e+06   6.5002441e+01
   2.5904890e+06   7.6477051e+01
   2.5975080e+06   7.1838379e+01
   2.5993510e+06   6.4270020e+01
   2.5994300e+06   7.5622559e+01
   2.6015190e+06   5.2856445e+01
   2.6057090e+06   5.6762695e+01
   2.6066170e+06   6.0546875e+01
   2.6079880e+06   8.3679199e+01
   2.6130980e+06   7.2998047e+01
   2.6160200e+06   7.2143555e+01
   2.6175490e+06   7.7148438e+01
   2.6245710e+06   6.8359375e+01
   2.6271060e+06   7.4645996e+01
   2.6322020e+06   7.0983887e+01
   2.6350710e+06   4.5959473e+01
   2.6363810e+06   6.8664551e+01
   2.6414230e+06   7.5073242e+01
   2.6466430e+06   7.2753906e+01
   2.6488460e+06   8.0139160e+01
   2.6510920e+06   8.0932617e+01
   2.6517500e+06   7.0373535e+01
   2.6577570e+06   6.2072754e+01
   2.6606240e+06   5.3771973e+01
   2.6609620e+06   4.7302246e+01
   2.6616100e+06   6.3354492e+01
   2.6688210e+06   5.2368164e+01
   2.6742750e+06   5.8044434e+01
   2.6764550e+06   5.7678223e+01
   2.6811660e+06   6.2072754e+01
   2.6819310e+06   5.5114746e+01
   2.6858070e+06   5.9692383e+01
   2.6869110e+06   4.5593262e+01
   2.6887910e+06   5.3894043e+01
   2.6940630e+06   7.1777344e+01
   2.6977330e+06   5.6640625e+01
   2.7017020e+06   6.4270020e+01
   2.7018490e+06   4.8461914e+01
   2.7052000e+06   6.0363770e+01
   2.7057850e+06   8.5632324e+01
   2.7082920e+06   9.4726563e+01
   2.7092110e+06   6.7565918e+01
   2.7093270e+06   5.5908203e+01
   2.7094560e+06   6.0791016e+01
   2.7095420e+06   5.6030273e+01
   2.7096270e+06   4.2175293e+01
   2.7096820e+06   6.6589355e+01
   2.7098290e+06   6.1950684e+01
   2.7098960e+06   4.5471191e+01
   2.7100520e+06   5.7312012e+01
   2.7102560e+06   4.4372559e+01
   2.7107740e+06   4.1564941e+01
   2.7237770e+06   6.6345215e+01
   2.7238180e+06   5.2001953e+01
   2.7238500e+06   5.7373047e+01
   2.7238950e+06   5.9875488e+01
   2.7239200e+06   6.2255859e+01
   2.7239640e+06   5.3527832e+01
   2.7240080e+06   7.6477051e+01
   2.7240360e+06   4.7485352e+01
   2.7241230e+06   6.7138672e+01
   2.7241830e+06   6.2561035e+01
   2.7249160e+06   7.5561523e+01
   2.7469290e+06   6.5307617e+01
   2.7503080e+06   6.2988281e+01
   2.7556190e+06   5.5419922e+01
   2.7628070e+06   4.8095703e+01
   2.7659260e+06   6.5673828e+01
   2.7677300e+06   5.1208496e+01
   2.7683480e+06   4.1809082e+01
   2.7685130e+06   7.6110840e+01
   2.7697620e+06   6.0546875e+01
   2.7716950e+06   5.7189941e+01
   2.7741590e+06   4.4372559e+01
   2.7746620e+06   6.4819336e+01
   2.7783560e+06   7.8369141e+01
   2.7821230e+06   6.0546875e+01
   2.7828160e+06   7.3059082e+01
   2.7835220e+06   4.5715332e+01
   2.7866430e+06   4.4616699e+01
   2.7898770e+06   5.5664063e+01
   2.7908780e+06   8.4716797e+01
   2.7918560e+06   6.2622070e+01
   2.7943110e+06   5.1696777e+01
   2.7973970e+06   5.4443359e+01
   2.8009280e+06   4.0832520e+01
   2.8050430e+06   6.4331055e+01
   2.8054730e+06   5.0354004e+01
   2.8068030e+06   6.1462402e+01
   2.8098530e+06   5.8410645e+01
   2.8135570e+06   6.1706543e+01
   2.8154080e+06   4.5898438e+01
   2.8176040e+06   5.9204102e+01
   2.8205800e+06   5.1635742e+01
   2.8246950e+06   7.1899414e+01
   2.8377710e+06   6.5246582e+01
   2.8389460e+06   6.6467285e+01
   2.8396480e+06   6.5368652e+01
   2.8420320e+06   5.1513672e+01
   2.8431760e+06   6.6650391e+01
   2.8459150e+06   7.8735352e+01
   2.8498210e+06   7.8186035e+01
   2.8510970e+06   5.0048828e+01
   2.8547480e+06   7.7636719e+01
   2.8568430e+06   8.0200195e+01
   2.8613320e+06   4.0893555e+01
   2.8617330e+06   7.1777344e+01
   2.8618630e+06   4.4250488e+01
   2.8656810e+06   7.1899414e+01
   2.8703660e+06   6.4575195e+01
   2.8747960e+06   5.9204102e+01
   2.8752000e+06   6.4270020e+01
   2.8826690e+06   6.3476563e+01
   2.8830320e+06   7.1228027e+01
   2.8848230e+06   5.0170898e+01
   2.8853270e+06   5.9936523e+01
   2.8904450e+06   5.6579590e+01
   2.8963110e+06   6.4758301e+01
   2.8983130e+06   7.4401855e+01
   2.8989850e+06   5.5541992e+01
   2.8990330e+06   5.2917480e+01
   2.8991100e+06   4.5837402e+01
   2.8991530e+06   6.3415527e+01
   2.8992330e+06   5.7922363e+01
   2.8993660e+06   6.4941406e+01
   2.8995830e+06   4.1809082e+01
   2.9092850e+06   6.4514160e+01
   2.9158830e+06   5.9326172e+01
   2.9165670e+06   6.0729980e+01
   2.9174420e+06   6.4147949e+01
   2.9221710e+06   6.0241699e+01
   2.9228060e+06   6.4086914e+01
   2.9245450e+06   7.2387695e+01
   2.9275050e+06   4.8217773e+01
   2.9279420e+06   7.1105957e+01
   2.9313910e+06   6.2194824e+01
   2.9327340e+06   5.9143066e+01
   2.9360010e+06   5.9570313e+01
   2.9398020e+06   5.6213379e+01
   2.9399030e+06   8.0444336e+01
   2.9401700e+06   4.6447754e+01
   2.9403110e+06   4.7302246e+01
   2.9404420e+06   4.6386719e+01
   2.9427060e+06   7.0922852e+01
   2.9494870e+06   4.2358398e+01
   2.9567820e+06   5.0659180e+01
   2.9578880e+06   7.0983887e+01
   2.9593020e+06   4.1198730e+01
   2.9593260e+06   7.1350098e+01
   2.9594530e+06   6.5307617e+01
   2.9618270e+06   5.2978516e+01
   2.9649620e+06   5.4382324e+01
   2.9656750e+06   7.9895020e+01
   2.9689350e+06   5.9143066e+01
   2.9702010e+06   4.8950195e+01
   2.9722300e+06   5.5297852e+01
   2.9766550e+06   8.7097168e+01
   2.9784640e+06   5.2795410e+01
   2.9807300e+06   7.8369141e+01
   2.9834520e+06   6.4514160e+01
   2.9876990e+06   6.2988281e+01
   2.9907310e+06   6.1950684e+01
   2.9946030e+06   6.4880371e+01
