   2.9990000e+06   0.0000000e+00
   3.9000000e+01   2.0088501e+03
   5.0053000e+04   2.0072021e+03
   5.0223000e+04   4.5471191e+01
   7.4862000e+04   5.2429199e+01
   1.0006700e+05   2.0116577e+03
   1.0019100e+05   5.0476074e+01
   1.5008300e+05   3.9999390e+03
   2.0009700e+05   3.9999390e+03
   2.5010900e+05   2.0082397e+03
   3.0012500e+05   3.9999390e+03
   3.5013900e+05   3.9999390e+03
   4.0015100e+05   2.0146484e+03
   4.5016500e+05   2.0087891e+03
   5.0017900e+05   2.0080566e+03
   5.5019500e+05   2.0072632e+03
   5.9103000e+05   4.3640137e+01
   6.0020900e+05   3.9999390e+03
   6.5022300e+05   3.9999390e+03
   7.0023500e+05   2.0102539e+03
   7.5024900e+05   2.0102539e+03
   8.0026300e+05   2.0058594e+03
   8.5027900e+05   3.9999390e+03
   9.0029300e+05   3.9999390e+03
   9.5030500e+05   2.0092773e+03
   1.0003210e+06   3.9999390e+03
   1.0503350e+06   3.9999390e+03
   1.1003490e+06   2.0099487e+03
   1.1503610e+06   2.0115967e+03
   1.2003750e+06   2.0137939e+03
   1.2503910e+06   3.9999390e+03
   1.2810950e+06   4.4372559e+01
   1.3004030e+06   2.0079956e+03
   1.3504190e+06   2.0104980e+03
   1.4004310e+06   2.0093384e+03
   1.4443900e+06   4.6508789e+01
   1.4504470e+06   2.0106201e+03
   1.5004590e+06   2.0137329e+03
   1.5504750e+06   3.9999390e+03
   1.6004870e+06   2.0081177e+03
   1.6505010e+06   2.0122070e+03
   1.7005150e+06   2.0107422e+03
   1.7505310e+06   3.9999390e+03
   1.8005430e+06   2.0115356e+03
   1.8505570e+06   2.0093384e+03
   1.8505680e+06   4.3029785e+01
   1.9005730e+06   3.9999390e+03
   1.9505870e+06   3.9999390e+03
   2.0005990e+06   2.0085449e+03
   2.0506130e+06   2.0061646e+03
   2.1006290e+06   3.9999390e+03
   2.1006390e+06   4.2846680e+01
   2.1008450e+06   4.8339844e+01
   2.1506430e+06   3.9999390e+03
   2.2006570e+06   3.9999390e+03
   2.2506690e+06   2.0056763e+03
   2.3006850e+06   3.9999390e+03
   2.3506970e+06   2.0092773e+03
   2.4007110e+06   2.0056152e+03
   2.4007230e+06   4.3457031e+01
   2.4507250e+06   2.0158081e+03
