   2.9990000e+06   0.0000000e+00
   4.1000000e+01   3.9999390e+03
   1.3400000e+02   4.5959473e+01
   4.9300000e+02   4.5471191e+01
   7.0500000e+02   4.7790527e+01
   7.9900000e+02   5.2185059e+01
   9.2530000e+03   5.7128906e+01
   1.1249000e+04   4.4067383e+01
   1.2358000e+04   4.4860840e+01
   1.5101000e+04   4.8156738e+01
   1.6091000e+04   4.6813965e+01
   1.7001000e+04   4.4738770e+01
   2.3279000e+04   4.3823242e+01
   2.5909000e+04   4.7546387e+01
   2.5961000e+04   4.8889160e+01
   3.0087000e+04   4.3884277e+01
   3.0238000e+04   4.7790527e+01
   3.0277000e+04   5.2124023e+01
   3.2918000e+04   4.6813965e+01
   3.7265000e+04   4.9438477e+01
   3.7797000e+04   4.6813965e+01
   3.7811000e+04   4.7058105e+01
   3.8119000e+04   5.0842285e+01
   3.8280000e+04   4.7058105e+01
   3.9421000e+04   4.5104980e+01
   4.0929000e+04   4.9499512e+01
   4.0979000e+04   4.4616699e+01
   4.1094000e+04   4.3640137e+01
   4.2239000e+04   4.7912598e+01
   4.7097000e+04   4.8034668e+01
   4.7279000e+04   4.5715332e+01
   4.7483000e+04   4.3823242e+01
   4.8350000e+04   4.5043945e+01
   4.9195000e+04   5.7250977e+01
   4.9953000e+04   5.0720215e+01
   5.0055000e+04   3.9999390e+03
   5.0103000e+04   5.1208496e+01
   5.0176000e+04   5.9997559e+01
   5.0326000e+04   4.7668457e+01
   5.0358000e+04   4.6752930e+01
   5.0510000e+04   4.5898438e+01
   5.0847000e+04   4.5104980e+01
   5.0972000e+04   5.0720215e+01
   5.1584000e+04   4.7851563e+01
   5.1656000e+04   4.7607422e+01
   5.1805000e+04   4.3884277e+01
   5.1903000e+04   6.2561035e+01
   5.2423000e+04   4.4982910e+01
   5.2480000e+04   4.8156738e+01
   5.2720000e+04   4.4067383e+01
   5.2761000e+04   6.8786621e+01
   5.2807000e+04   4.9865723e+01
   5.3083000e+04   4.4860840e+01
   5.3114000e+04   4.8400879e+01
   5.3582000e+04   1.1090088e+02
   5.3606000e+04   6.7260742e+01
   5.3633000e+04   4.4555664e+01
   5.3718000e+04   6.2133789e+01
   5.3742000e+04   5.1025391e+01
   5.3809000e+04   5.0537109e+01
   5.3842000e+04   4.5898438e+01
   5.3865000e+04   4.6325684e+01
   5.3931000e+04   4.5104980e+01
   5.4010000e+04   4.4982910e+01
   5.4131000e+04   5.0170898e+01
   5.4218000e+04   4.6691895e+01
   5.5006000e+04   5.2429199e+01
   5.5071000e+04   4.6020508e+01
   5.5252000e+04   4.6875000e+01
   5.5435000e+04   4.5288086e+01
   5.5970000e+04   4.3640137e+01
   5.6003000e+04   5.0170898e+01
   5.6021000e+04   4.9194336e+01
   5.6333000e+04   4.5898438e+01
   5.6511000e+04   4.8767090e+01
   5.6542000e+04   4.6630859e+01
   5.7071000e+04   4.6691895e+01
   5.7456000e+04   5.0415039e+01
   5.8348000e+04   4.3945313e+01
   5.8403000e+04   4.7973633e+01
   6.1202000e+04   4.8156738e+01
   6.1615000e+04   4.4250488e+01
   6.1794000e+04   4.5532227e+01
   6.3054000e+04   4.5288086e+01
   6.5533000e+04   4.5654297e+01
   6.6135000e+04   4.4433594e+01
   6.8595000e+04   6.0485840e+01
   7.0343000e+04   4.6203613e+01
   7.1412000e+04   4.4433594e+01
   7.1584000e+04   5.2124023e+01
   7.2113000e+04   4.9133301e+01
   7.4437000e+04   4.4494629e+01
   7.4685000e+04   4.9194336e+01
   7.4786000e+04   5.4016113e+01
   7.4849000e+04   5.5969238e+01
   7.4923000e+04   4.4311523e+01
   7.5109000e+04   6.1401367e+01
   7.5310000e+04   5.9387207e+01
   7.6055000e+04   5.1879883e+01
   7.6682000e+04   4.5104980e+01
   7.6868000e+04   4.4799805e+01
   7.7396000e+04   4.5898438e+01
   7.7536000e+04   4.4250488e+01
   7.7743000e+04   4.5959473e+01
   7.7811000e+04   4.5837402e+01
   7.7863000e+04   4.7851563e+01
   8.1669000e+04   4.9194336e+01
   8.2987000e+04   4.4677734e+01
   8.3335000e+04   5.5236816e+01
   8.7744000e+04   4.6752930e+01
   8.8949000e+04   5.0292969e+01
   8.9564000e+04   4.5349121e+01
   9.0314000e+04   4.3945313e+01
   9.1018000e+04   4.5715332e+01
   9.2741000e+04   4.8217773e+01
   9.4088000e+04   4.6325684e+01
   9.4436000e+04   4.6325684e+01
   9.5577000e+04   4.4067383e+01
   9.5727000e+04   4.4555664e+01
   9.6407000e+04   5.3588867e+01
   9.6960000e+04   5.2673340e+01
   9.7122000e+04   4.8889160e+01
   9.7439000e+04   4.5166016e+01
   9.7659000e+04   4.4677734e+01
   9.8502000e+04   4.6325684e+01
   9.9555000e+04   5.1147461e+01
   9.9664000e+04   5.0842285e+01
   9.9864000e+04   4.4433594e+01
   1.0006700e+05   2.0125732e+03
   1.0009100e+05   4.5837402e+01
   1.0011200e+05   5.6335449e+01
   1.0070600e+05   4.3823242e+01
   1.0085900e+05   4.6813965e+01
   1.0111500e+05   6.0974121e+01
   1.0143700e+05   5.0109863e+01
   1.0167700e+05   4.4189453e+01
   1.0173200e+05   4.6081543e+01
   1.0223700e+05   4.9072266e+01
   1.0234000e+05   4.5288086e+01
   1.0240300e+05   4.6142578e+01
   1.0248900e+05   4.4250488e+01
   1.0267800e+05   5.4016113e+01
   1.0276100e+05   4.5898438e+01
   1.0290900e+05   5.0842285e+01
   1.0294700e+05   4.5104980e+01
   1.0299400e+05   5.7922363e+01
   1.0305000e+05   4.7485352e+01
   1.0317700e+05   4.6936035e+01
   1.0331400e+05   5.2734375e+01
   1.0411700e+05   4.7241211e+01
   1.0415100e+05   4.3884277e+01
   1.0428200e+05   5.1513672e+01
   1.0496500e+05   4.3640137e+01
   1.0498900e+05   6.0058594e+01
   1.0506400e+05   4.4006348e+01
   1.0525500e+05   4.3823242e+01
   1.0544300e+05   4.4006348e+01
   1.0562500e+05   4.8950195e+01
   1.0577500e+05   4.8217773e+01
   1.0633600e+05   4.4677734e+01
   1.0649600e+05   4.4189453e+01
   1.0663600e+05   4.5166016e+01
   1.0669800e+05   4.7546387e+01
   1.0673100e+05   6.3354492e+01
   1.0685000e+05   4.4128418e+01
   1.0716300e+05   4.3823242e+01
   1.0743900e+05   4.6691895e+01
   1.0766100e+05   4.5837402e+01
   1.0776500e+05   4.4128418e+01
   1.0781600e+05   5.5175781e+01
   1.0783100e+05   4.5288086e+01
   1.0795000e+05   4.4616699e+01
   1.0800400e+05   6.0852051e+01
   1.0815400e+05   4.4372559e+01
   1.0822900e+05   5.0231934e+01
   1.0854500e+05   4.6264648e+01
   1.0859400e+05   5.0109863e+01
   1.0885000e+05   4.5471191e+01
   1.0888500e+05   6.2072754e+01
   1.0891600e+05   5.7983398e+01
   1.0903300e+05   5.1208496e+01
   1.0921100e+05   4.7973633e+01
   1.0928600e+05   5.6640625e+01
   1.0932800e+05   4.7973633e+01
   1.0952200e+05   5.9875488e+01
   1.0955700e+05   4.5837402e+01
   1.0975500e+05   4.6264648e+01
   1.0984800e+05   4.6630859e+01
   1.0991100e+05   4.5410156e+01
   1.1006000e+05   4.8706055e+01
   1.1010600e+05   4.8889160e+01
   1.1014300e+05   4.7424316e+01
   1.1019600e+05   4.4433594e+01
   1.1032800e+05   4.6020508e+01
   1.1042100e+05   4.6081543e+01
   1.1047200e+05   4.7058105e+01
   1.1076800e+05   4.4067383e+01
   1.1086100e+05   5.3588867e+01
   1.1120900e+05   4.5715332e+01
   1.1175100e+05   5.7800293e+01
   1.1176400e+05   5.4992676e+01
   1.1180200e+05   5.0720215e+01
   1.1192100e+05   5.7189941e+01
   1.1233900e+05   4.4372559e+01
   1.1264500e+05   6.9824219e+01
   1.1267700e+05   4.4067383e+01
   1.1271400e+05   4.4738770e+01
   1.1280200e+05   4.9072266e+01
   1.1290700e+05   5.9814453e+01
   1.1303700e+05   4.3640137e+01
   1.1311600e+05   4.3640137e+01
   1.1317800e+05   4.5837402e+01
   1.1322000e+05   5.1879883e+01
   1.1324800e+05   5.3039551e+01
   1.1329100e+05   6.8298340e+01
   1.1331800e+05   4.8950195e+01
   1.1343800e+05   5.3527832e+01
   1.1363900e+05   4.6752930e+01
   1.1376400e+05   4.9255371e+01
   1.1386400e+05   4.5471191e+01
   1.1392400e+05   5.1940918e+01
   1.1393700e+05   4.6264648e+01
   1.1396300e+05   4.4006348e+01
   1.1399400e+05   4.7180176e+01
   1.1401000e+05   4.7363281e+01
   1.1410800e+05   4.4433594e+01
   1.1421400e+05   4.6142578e+01
   1.1423900e+05   4.4128418e+01
   1.1441700e+05   4.3640137e+01
   1.1444700e+05   5.2673340e+01
   1.1450100e+05   4.5532227e+01
   1.1463300e+05   4.3640137e+01
   1.1479600e+05   6.5124512e+01
   1.1481300e+05   5.9387207e+01
   1.1484800e+05   5.2917480e+01
   1.1508100e+05   4.5776367e+01
   1.1516700e+05   4.4250488e+01
   1.1520700e+05   4.7668457e+01
   1.1540100e+05   4.4372559e+01
   1.1543900e+05   4.7790527e+01
   1.1545300e+05   4.9072266e+01
   1.1548000e+05   4.8767090e+01
   1.1551600e+05   4.5043945e+01
   1.1559900e+05   4.5166016e+01
   1.1580100e+05   5.0170898e+01
   1.1582800e+05   7.1838379e+01
   1.1585900e+05   4.8217773e+01
   1.1590900e+05   4.5654297e+01
   1.1594200e+05   4.4921875e+01
   1.1603800e+05   5.7434082e+01
   1.1606600e+05   4.6630859e+01
   1.1612500e+05   5.4016113e+01
   1.1619400e+05   4.6325684e+01
   1.1636800e+05   4.8217773e+01
   1.1641900e+05   5.2673340e+01
   1.1644700e+05   4.9133301e+01
   1.1648800e+05   4.9438477e+01
   1.1651000e+05   4.8095703e+01
   1.1654600e+05   5.7922363e+01
   1.1657200e+05   4.3823242e+01
   1.1659700e+05   4.6752930e+01
   1.1673500e+05   4.6569824e+01
   1.1682600e+05   5.6213379e+01
   1.1684500e+05   1.0809326e+02
   1.1686600e+05   6.6223145e+01
   1.1690900e+05   4.5410156e+01
   1.1693700e+05   4.9194336e+01
   1.1703200e+05   4.5959473e+01
   1.1710000e+05   5.1818848e+01
   1.1716200e+05   4.8706055e+01
   1.1721300e+05   5.2246094e+01
   1.1731600e+05   4.6997070e+01
   1.1737500e+05   5.1269531e+01
   1.1778600e+05   6.7199707e+01
   1.1784100e+05   5.0048828e+01
   1.1785500e+05   4.7424316e+01
   1.1798900e+05   5.7739258e+01
   1.1804800e+05   4.6386719e+01
   1.1807400e+05   5.0231934e+01
   1.1808600e+05   4.6997070e+01
   1.1816300e+05   5.9509277e+01
   1.1828800e+05   6.5246582e+01
   1.1834300e+05   5.6762695e+01
   1.1839600e+05   4.8400879e+01
   1.1841800e+05   4.6325684e+01
   1.1847900e+05   4.9804688e+01
   1.1872300e+05   7.4645996e+01
   1.1879300e+05   6.0241699e+01
   1.1892600e+05   4.6081543e+01
   1.1897200e+05   4.4982910e+01
   1.1901000e+05   4.6203613e+01
   1.1910400e+05   4.4311523e+01
   1.1914900e+05   5.2185059e+01
   1.1922900e+05   4.4433594e+01
   1.1927800e+05   4.8767090e+01
   1.1933200e+05   4.6936035e+01
   1.1944200e+05   7.1044922e+01
   1.1964600e+05   4.6386719e+01
   1.1967300e+05   5.6701660e+01
   1.1973700e+05   4.6447754e+01
   1.1978000e+05   4.4311523e+01
   1.1996200e+05   6.0180664e+01
   1.2015900e+05   5.0781250e+01
   1.2020400e+05   4.4677734e+01
   1.2024200e+05   4.4372559e+01
   1.2025300e+05   7.0617676e+01
   1.2030100e+05   4.9072266e+01
   1.2038300e+05   5.2185059e+01
   1.2040700e+05   4.5776367e+01
   1.2090300e+05   4.3945313e+01
   1.2105700e+05   5.2246094e+01
   1.2117200e+05   4.7607422e+01
   1.2147200e+05   4.9194336e+01
   1.2156000e+05   4.8583984e+01
   1.2157500e+05   4.5043945e+01
   1.2164100e+05   5.4321289e+01
   1.2166300e+05   4.5715332e+01
   1.2182900e+05   4.6264648e+01
   1.2207500e+05   4.5104980e+01
   1.2218800e+05   5.5541992e+01
   1.2233400e+05   5.0964355e+01
   1.2241100e+05   6.0974121e+01
   1.2244200e+05   4.7363281e+01
   1.2255700e+05   5.1696777e+01
   1.2263300e+05   6.4575195e+01
   1.2275900e+05   5.0170898e+01
   1.2295900e+05   4.5104980e+01
   1.2299100e+05   4.6508789e+01
   1.2333400e+05   4.5532227e+01
   1.2343500e+05   4.8400879e+01
   1.2351600e+05   4.3945313e+01
   1.2356500e+05   5.9997559e+01
   1.2405600e+05   5.9448242e+01
   1.2422200e+05   4.4860840e+01
   1.2426300e+05   4.8095703e+01
   1.2429500e+05   4.6142578e+01
   1.2433700e+05   4.9316406e+01
   1.2442700e+05   4.7973633e+01
   1.2451700e+05   4.6264648e+01
   1.2455100e+05   5.0720215e+01
   1.2457600e+05   5.1818848e+01
   1.2463600e+05   6.0668945e+01
   1.2466700e+05   6.9030762e+01
   1.2476300e+05   5.6457520e+01
   1.2482500e+05   4.5715332e+01
   1.2484200e+05   5.3649902e+01
   1.2495700e+05   4.6936035e+01
   1.2501600e+05   5.3710938e+01
   1.2505300e+05   4.8095703e+01
   1.2509000e+05   4.6325684e+01
   1.2517200e+05   4.5959473e+01
   1.2525800e+05   4.8522949e+01
   1.2532100e+05   4.5104980e+01
   1.2540100e+05   8.6975098e+01
   1.2549700e+05   4.3945313e+01
   1.2560300e+05   5.2673340e+01
   1.2562700e+05   5.3100586e+01
   1.2568800e+05   5.2795410e+01
   1.2596800e+05   5.1452637e+01
   1.2607400e+05   6.5734863e+01
   1.2619900e+05   4.4799805e+01
   1.2649200e+05   4.5227051e+01
   1.2654700e+05   4.5715332e+01
   1.2671800e+05   5.5847168e+01
   1.2675300e+05   5.3100586e+01
   1.2682900e+05   4.5593262e+01
   1.2710600e+05   5.0537109e+01
   1.2712800e+05   4.9194336e+01
   1.2726300e+05   5.2368164e+01
   1.2732000e+05   6.7810059e+01
   1.2743600e+05   4.8400879e+01
   1.2767900e+05   4.4616699e+01
   1.2772100e+05   5.0598145e+01
   1.2780100e+05   5.9631348e+01
   1.2788700e+05   5.4382324e+01
   1.2795500e+05   5.1574707e+01
   1.2805400e+05   4.7180176e+01
   1.2810100e+05   4.8889160e+01
   1.2815100e+05   6.4392090e+01
   1.2819900e+05   4.4189453e+01
   1.2824800e+05   4.4128418e+01
   1.2828600e+05   4.5593262e+01
   1.2840700e+05   4.9011230e+01
   1.2849000e+05   4.6020508e+01
   1.2855600e+05   5.0842285e+01
   1.2867200e+05   5.5053711e+01
   1.2899200e+05   5.2368164e+01
   1.2902700e+05   4.9072266e+01
   1.2906500e+05   4.5471191e+01
   1.2911000e+05   4.6752930e+01
   1.2921700e+05   4.4311523e+01
   1.2924800e+05   6.3781738e+01
   1.2926200e+05   4.7058105e+01
   1.2946800e+05   5.1635742e+01
   1.2958100e+05   4.5898438e+01
   1.2963600e+05   4.5104980e+01
   1.2968500e+05   4.5227051e+01
   1.2973900e+05   5.0048828e+01
   1.2978400e+05   5.0170898e+01
   1.3004200e+05   4.6875000e+01
   1.3014000e+05   4.8645020e+01
   1.3037500e+05   4.8461914e+01
   1.3040700e+05   5.3344727e+01
   1.3045400e+05   6.1889648e+01
   1.3056400e+05   4.5593262e+01
   1.3066600e+05   5.0048828e+01
   1.3078800e+05   5.5358887e+01
   1.3087000e+05   5.0964355e+01
   1.3134500e+05   4.7424316e+01
   1.3137600e+05   5.7800293e+01
   1.3141600e+05   4.4128418e+01
   1.3150400e+05   4.4677734e+01
   1.3154400e+05   4.8461914e+01
   1.3160900e+05   5.1269531e+01
   1.3167900e+05   4.4677734e+01
   1.3191300e+05   4.3701172e+01
   1.3192600e+05   4.9316406e+01
   1.3216000e+05   4.6081543e+01
   1.3233400e+05   4.8583984e+01
   1.3272800e+05   4.9560547e+01
   1.3298300e+05   4.8828125e+01
   1.3320000e+05   4.9377441e+01
   1.3326300e+05   6.4514160e+01
   1.3352000e+05   5.3527832e+01
   1.3360500e+05   4.9072266e+01
   1.3368200e+05   4.3640137e+01
   1.3378300e+05   4.9255371e+01
   1.3391000e+05   5.8837891e+01
   1.3399100e+05   4.7607422e+01
   1.3405500e+05   5.1391602e+01
   1.3412600e+05   4.8645020e+01
   1.3421000e+05   4.7119141e+01
   1.3432000e+05   5.1269531e+01
   1.3437300e+05   4.8583984e+01
   1.3440700e+05   4.8034668e+01
   1.3451300e+05   4.6813965e+01
   1.3467200e+05   4.8278809e+01
   1.3493500e+05   4.5288086e+01
   1.3516500e+05   4.5104980e+01
   1.3521800e+05   4.4555664e+01
   1.3545000e+05   4.3823242e+01
   1.3551800e+05   4.6569824e+01
   1.3556200e+05   8.9172363e+01
   1.3568300e+05   4.9377441e+01
   1.3581600e+05   5.3222656e+01
   1.3584900e+05   6.1706543e+01
   1.3587700e+05   4.5349121e+01
   1.3596500e+05   4.5104980e+01
   1.3603000e+05   6.3110352e+01
   1.3608500e+05   4.3945313e+01
   1.3611700e+05   5.5175781e+01
   1.3615200e+05   5.3039551e+01
   1.3618700e+05   4.9804688e+01
   1.3620600e+05   5.3588867e+01
   1.3624800e+05   4.5410156e+01
   1.3637100e+05   6.1035156e+01
   1.3642500e+05   6.3415527e+01
   1.3654100e+05   5.2368164e+01
   1.3667000e+05   5.2001953e+01
   1.3675200e+05   4.4128418e+01
   1.3677800e+05   4.4494629e+01
   1.3684600e+05   4.7241211e+01
   1.3685900e+05   5.8105469e+01
   1.3691600e+05   4.4555664e+01
   1.3704500e+05   4.8645020e+01
   1.3709500e+05   4.6081543e+01
   1.3712900e+05   6.0668945e+01
   1.3722200e+05   5.5541992e+01
   1.3724900e+05   5.4016113e+01
   1.3727700e+05   4.4799805e+01
   1.3729800e+05   4.7668457e+01
   1.3733600e+05   6.1828613e+01
   1.3736200e+05   4.7302246e+01
   1.3737800e+05   5.5358887e+01
   1.3741900e+05   4.8950195e+01
   1.3743200e+05   5.2734375e+01
   1.3747900e+05   4.5898438e+01
   1.3754200e+05   4.9316406e+01
   1.3760600e+05   5.1086426e+01
   1.3764900e+05   5.0109863e+01
   1.3767200e+05   4.6691895e+01
   1.3771800e+05   4.5227051e+01
   1.3777400e+05   4.4250488e+01
   1.3785900e+05   4.8217773e+01
   1.3789600e+05   5.0903320e+01
   1.3793600e+05   5.4077148e+01
   1.3802400e+05   4.4311523e+01
   1.3813200e+05   6.9152832e+01
   1.3825300e+05   4.9194336e+01
   1.3835900e+05   5.7617188e+01
   1.3844400e+05   4.5410156e+01
   1.3848900e+05   5.0354004e+01
   1.3858900e+05   4.7851563e+01
   1.3869400e+05   4.7180176e+01
   1.3881500e+05   5.2368164e+01
   1.3889200e+05   4.5837402e+01
   1.3898800e+05   4.3640137e+01
   1.3908100e+05   6.3049316e+01
   1.3912300e+05   6.2927246e+01
   1.3915200e+05   6.4514160e+01
   1.3918800e+05   4.8767090e+01
   1.3921400e+05   5.2978516e+01
   1.3926900e+05   5.2490234e+01
   1.3933500e+05   4.5288086e+01
   1.3935700e+05   4.4311523e+01
   1.3943900e+05   5.0109863e+01
   1.3973700e+05   4.7729492e+01
   1.3975000e+05   4.6691895e+01
   1.3977800e+05   4.4738770e+01
   1.3979700e+05   5.5480957e+01
   1.4024300e+05   4.6020508e+01
   1.4040500e+05   5.0354004e+01
   1.4051300e+05   4.7607422e+01
   1.4057400e+05   4.4189453e+01
   1.4104100e+05   4.8400879e+01
   1.4126900e+05   4.4799805e+01
   1.4183200e+05   4.7363281e+01
   1.4196100e+05   4.7058105e+01
   1.4200700e+05   4.6264648e+01
   1.4241300e+05   5.3588867e+01
   1.4249900e+05   5.3894043e+01
   1.4302800e+05   5.0415039e+01
   1.4304500e+05   5.3100586e+01
   1.4315200e+05   4.8889160e+01
   1.4325300e+05   5.0415039e+01
   1.4346700e+05   4.5471191e+01
   1.4358100e+05   5.7739258e+01
   1.4362400e+05   4.5654297e+01
   1.4366600e+05   4.6630859e+01
   1.4376400e+05   6.2988281e+01
   1.4382500e+05   4.9316406e+01
   1.4399400e+05   5.3466797e+01
   1.4403100e+05   4.9438477e+01
   1.4417500e+05   5.1879883e+01
   1.4419100e+05   4.6142578e+01
   1.4424900e+05   5.0170898e+01
   1.4438200e+05   4.3884277e+01
   1.4445000e+05   4.3945313e+01
   1.4463300e+05   4.4372559e+01
   1.4487400e+05   5.3222656e+01
   1.4492700e+05   4.5654297e+01
   1.4494300e+05   4.4921875e+01
   1.4501700e+05   4.9682617e+01
   1.4512300e+05   4.4738770e+01
   1.4532300e+05   5.0476074e+01
   1.4550700e+05   5.5236816e+01
   1.4565200e+05   4.5837402e+01
   1.4571200e+05   4.4433594e+01
   1.4581800e+05   4.4372559e+01
   1.4613300e+05   5.2307129e+01
   1.4649800e+05   4.4555664e+01
   1.4733200e+05   5.2978516e+01
   1.4742400e+05   4.5043945e+01
   1.4765400e+05   4.4250488e+01
   1.4780800e+05   4.4372559e+01
   1.4784700e+05   4.6447754e+01
   1.4795300e+05   5.5541992e+01
   1.4801100e+05   4.8583984e+01
   1.4805800e+05   4.3640137e+01
   1.4862800e+05   4.8583984e+01
   1.4876700e+05   5.4443359e+01
   1.4877800e+05   4.6203613e+01
   1.4893900e+05   5.0964355e+01
   1.4896500e+05   5.6762695e+01
   1.4911200e+05   4.5532227e+01
   1.4929500e+05   5.1635742e+01
   1.4934100e+05   4.8950195e+01
   1.4943300e+05   5.3466797e+01
   1.4953400e+05   4.6447754e+01
   1.4957100e+05   4.9926758e+01
   1.4959700e+05   4.4189453e+01
   1.4965400e+05   5.6640625e+01
   1.5006500e+05   5.2185059e+01
   1.5008300e+05   3.9999390e+03
   1.5014900e+05   4.6813965e+01
   1.5017900e+05   5.5969238e+01
   1.5020200e+05   4.3701172e+01
   1.5035500e+05   4.5410156e+01
   1.5042000e+05   4.6813965e+01
   1.5197900e+05   4.4677734e+01
   1.5230000e+05   4.3884277e+01
   1.5305000e+05   4.3762207e+01
   1.5307500e+05   4.5166016e+01
   1.5313100e+05   4.4982910e+01
   1.5342000e+05   4.4799805e+01
   1.5401400e+05   5.6884766e+01
   1.5426300e+05   4.4433594e+01
   1.5435500e+05   4.4555664e+01
   1.5480700e+05   4.4494629e+01
   1.5494800e+05   4.4128418e+01
   1.5499500e+05   4.4128418e+01
   1.5541800e+05   4.7607422e+01
   1.5551600e+05   4.6691895e+01
   1.5555400e+05   1.0858154e+02
   1.5558300e+05   4.4555664e+01
   1.5562000e+05   4.3884277e+01
   1.5565000e+05   4.4067383e+01
   1.5571500e+05   5.4809570e+01
   1.5573700e+05   5.8227539e+01
   1.5580900e+05   4.3762207e+01
   1.5592100e+05   5.0476074e+01
   1.5599700e+05   6.1401367e+01
   1.5615400e+05   5.1452637e+01
   1.5641000e+05   5.2673340e+01
   1.5651600e+05   5.3771973e+01
   1.5656300e+05   5.6518555e+01
   1.5664900e+05   5.2062988e+01
   1.5669000e+05   4.5043945e+01
   1.5673500e+05   4.5349121e+01
   1.5678600e+05   6.5368652e+01
   1.5686800e+05   5.0720215e+01
   1.5699400e+05   4.5104980e+01
   1.5710000e+05   4.6081543e+01
   1.5715300e+05   4.7302246e+01
   1.5716600e+05   4.8034668e+01
   1.5724700e+05   4.6752930e+01
   1.5728300e+05   4.5959473e+01
   1.5734900e+05   4.5715332e+01
   1.5740300e+05   5.1513672e+01
   1.5744800e+05   4.9499512e+01
   1.5774900e+05   4.5227051e+01
   1.5777000e+05   4.3823242e+01
   1.5784700e+05   5.1025391e+01
   1.5791100e+05   4.3640137e+01
   1.5794000e+05   4.5776367e+01
   1.5797600e+05   5.8044434e+01
   1.5801800e+05   4.4616699e+01
   1.5806100e+05   5.2490234e+01
   1.5807500e+05   5.9875488e+01
   1.5811400e+05   5.1574707e+01
   1.5816700e+05   5.4565430e+01
   1.5825300e+05   4.4189453e+01
   1.5830600e+05   4.6020508e+01
   1.5842500e+05   5.0537109e+01
   1.5846500e+05   5.1879883e+01
   1.5848900e+05   4.9377441e+01
   1.5867200e+05   4.4372559e+01
   1.5874300e+05   5.8349609e+01
   1.5880900e+05   5.0781250e+01
   1.5915300e+05   5.0659180e+01
   1.5920000e+05   4.3823242e+01
   1.5940600e+05   4.4982910e+01
   1.5947500e+05   4.5288086e+01
   1.5949000e+05   4.7058105e+01
   1.5968500e+05   4.4616699e+01
   1.5973800e+05   4.6691895e+01
   1.5975200e+05   5.5847168e+01
   1.5981400e+05   4.9865723e+01
   1.5982800e+05   4.4982910e+01
   1.6012900e+05   5.4748535e+01
   1.6068400e+05   4.8095703e+01
   1.6083300e+05   4.3884277e+01
   1.6094400e+05   4.5593262e+01
   1.6098700e+05   4.8400879e+01
   1.6192300e+05   4.6691895e+01
   1.6204000e+05   4.9011230e+01
   1.6208500e+05   4.5593262e+01
   1.6236900e+05   4.9621582e+01
   1.6263500e+05   4.5471191e+01
   1.6268900e+05   7.3547363e+01
   1.6361800e+05   5.1940918e+01
   1.6425300e+05   4.6508789e+01
   1.6500800e+05   4.7973633e+01
   1.6540800e+05   5.1391602e+01
   1.6545500e+05   4.6569824e+01
   1.6548800e+05   4.6386719e+01
   1.6556300e+05   4.5837402e+01
   1.6609000e+05   4.4555664e+01
   1.6612100e+05   4.9987793e+01
   1.6649100e+05   5.1696777e+01
   1.6683700e+05   4.7424316e+01
   1.6736000e+05   5.5541992e+01
   1.6763100e+05   4.3945313e+01
   1.6765700e+05   4.5043945e+01
   1.6783600e+05   4.4067383e+01
   1.6785800e+05   4.9377441e+01
   1.6792700e+05   4.3762207e+01
   1.6822800e+05   4.3823242e+01
   1.6841100e+05   6.2377930e+01
   1.6846500e+05   4.4921875e+01
   1.6852800e+05   5.2429199e+01
   1.6874800e+05   4.6691895e+01
   1.6886300e+05   5.0231934e+01
   1.6915000e+05   4.4189453e+01
   1.6932700e+05   4.6020508e+01
   1.6966900e+05   5.6457520e+01
   1.6977400e+05   4.9316406e+01
   1.7006200e+05   4.5715332e+01
   1.7044300e+05   4.7180176e+01
   1.7058100e+05   4.3823242e+01
   1.7132800e+05   4.5288086e+01
   1.7154300e+05   4.3701172e+01
   1.7170300e+05   4.6447754e+01
   1.7286000e+05   4.4616699e+01
   1.7293400e+05   4.7546387e+01
   1.7412900e+05   4.9926758e+01
   1.7479500e+05   4.9743652e+01
   1.7807000e+05   5.5053711e+01
   1.7893900e+05   4.4250488e+01
   1.8378800e+05   4.8217773e+01
   1.8574900e+05   5.2856445e+01
   1.9421100e+05   5.0048828e+01
   1.9528300e+05   4.9743652e+01
   1.9770700e+05   4.5410156e+01
   2.0009500e+05   2.0109253e+03
   2.0013700e+05   4.5532227e+01
   2.0091600e+05   4.7729492e+01
   2.0185300e+05   4.4250488e+01
   2.0598100e+05   4.6203613e+01
   2.0614300e+05   4.6020508e+01
   2.0697600e+05   4.6936035e+01
   2.0705200e+05   4.9194336e+01
   2.0712200e+05   4.4067383e+01
   2.0764200e+05   4.8400879e+01
   2.0816700e+05   4.6020508e+01
   2.0841500e+05   4.4860840e+01
   2.3738800e+05   4.8706055e+01
   2.4181900e+05   4.4067383e+01
   2.4277200e+05   4.7851563e+01
   2.4527600e+05   4.7607422e+01
   2.5010900e+05   2.0196533e+03
   2.6504800e+05   5.1208496e+01
   2.6926400e+05   4.6020508e+01
   2.7399300e+05   5.1818848e+01
   2.7455500e+05   5.0659180e+01
   2.7536300e+05   4.8767090e+01
   2.7671700e+05   4.9133301e+01
   2.8058000e+05   4.7424316e+01
   2.8106400e+05   5.2917480e+01
   2.8979100e+05   4.5776367e+01
   2.9146100e+05   4.4494629e+01
   2.9202100e+05   4.7851563e+01
   2.9345200e+05   5.7739258e+01
   2.9363700e+05   5.2673340e+01
   2.9391600e+05   5.0537109e+01
   2.9405300e+05   4.5593262e+01
   2.9416600e+05   4.7241211e+01
   2.9431800e+05   5.2185059e+01
   2.9442100e+05   4.5776367e+01
   2.9469100e+05   5.0109863e+01
   2.9537500e+05   4.4372559e+01
   2.9588900e+05   4.3701172e+01
   2.9701600e+05   5.6518555e+01
   2.9742600e+05   4.4189453e+01
   2.9764800e+05   4.7607422e+01
   2.9832200e+05   4.7485352e+01
   2.9929500e+05   4.4616699e+01
   3.0012300e+05   2.0104980e+03
   3.0017300e+05   4.9377441e+01
   3.1578000e+05   5.2307129e+01
   3.1801900e+05   4.9987793e+01
   3.2079900e+05   5.4748535e+01
   3.2639700e+05   4.4738770e+01
   3.2651500e+05   4.4799805e+01
   3.3065200e+05   4.6997070e+01
   3.3563000e+05   4.6875000e+01
   3.3919900e+05   4.6081543e+01
   3.4025000e+05   4.5593262e+01
   3.4216800e+05   4.7363281e+01
   3.4468300e+05   4.5349121e+01
   3.4648200e+05   4.6264648e+01
   3.4988000e+05   4.9804688e+01
   3.5013700e+05   2.0140381e+03
   3.5018400e+05   4.9865723e+01
   3.5023100e+05   4.4372559e+01
   3.5054900e+05   5.7678223e+01
   3.6487700e+05   5.3405762e+01
   3.6859600e+05   5.5725098e+01
   3.7726500e+05   5.3222656e+01
   3.7870100e+05   4.6875000e+01
   3.7889600e+05   5.7739258e+01
   3.7900100e+05   4.5227051e+01
   3.7912300e+05   4.9560547e+01
   3.7917600e+05   4.5104980e+01
   3.7932100e+05   4.7546387e+01
   3.7937000e+05   4.4982910e+01
   3.7949000e+05   5.8044434e+01
   3.8005200e+05   4.3762207e+01
   3.8173200e+05   4.5837402e+01
   3.8391300e+05   4.4067383e+01
   4.0015100e+05   2.0108032e+03
   4.0016200e+05   5.3222656e+01
   4.0019800e+05   4.5104980e+01
   4.2136500e+05   4.4067383e+01
   4.2259300e+05   4.5227051e+01
   4.2720600e+05   5.3100586e+01
   4.2808300e+05   4.6081543e+01
   4.3081700e+05   6.3293457e+01
   4.3192100e+05   4.6813965e+01
   4.3436700e+05   4.4250488e+01
   4.3492800e+05   4.9804688e+01
   4.3621800e+05   4.7546387e+01
   4.4044300e+05   4.6813965e+01
   4.4387900e+05   4.7119141e+01
   4.4424100e+05   5.6579590e+01
   4.4724000e+05   4.4494629e+01
   4.5016500e+05   2.0081177e+03
   4.5020900e+05   4.7058105e+01
   4.5055300e+05   4.6325684e+01
   4.5110500e+05   4.9560547e+01
   4.5178900e+05   4.3701172e+01
   4.6009800e+05   4.6386719e+01
   4.6287600e+05   6.1584473e+01
   4.6612000e+05   4.5471191e+01
   4.7307500e+05   5.8105469e+01
   4.7681100e+05   4.9926758e+01
   4.7848300e+05   4.7607422e+01
   4.7949700e+05   4.8767090e+01
   4.8213200e+05   5.7922363e+01
   4.8578100e+05   5.0842285e+01
   4.8661300e+05   4.3640137e+01
   4.8868500e+05   4.6691895e+01
   4.9035900e+05   4.8645020e+01
   4.9130500e+05   4.6447754e+01
   4.9240000e+05   5.1879883e+01
   4.9442000e+05   4.4372559e+01
   4.9832100e+05   5.6030273e+01
   4.9955000e+05   5.3100586e+01
   5.0018100e+05   3.9999390e+03
   5.0022500e+05   4.8645020e+01
   5.1196700e+05   4.4982910e+01
   5.1466800e+05   4.4860840e+01
   5.1653700e+05   5.4992676e+01
   5.1975300e+05   4.5776367e+01
   5.2029800e+05   4.5715332e+01
   5.2069100e+05   5.6518555e+01
   5.2470500e+05   4.5654297e+01
   5.2749100e+05   4.3945313e+01
   5.3087100e+05   5.0537109e+01
   5.3249800e+05   4.3884277e+01
   5.3930100e+05   4.4311523e+01
   5.4384700e+05   4.5959473e+01
   5.5018200e+05   4.6569824e+01
   5.5019500e+05   3.9999390e+03
   5.6125400e+05   5.1147461e+01
   5.7251900e+05   4.4921875e+01
   5.7636300e+05   4.9804688e+01
   5.7759900e+05   4.8889160e+01
   5.7800600e+05   5.1025391e+01
   5.7890300e+05   4.4250488e+01
   5.8089800e+05   4.7546387e+01
   5.8213100e+05   4.4677734e+01
   5.8301000e+05   5.4931641e+01
   5.8542200e+05   4.4433594e+01
   5.8668000e+05   4.7607422e+01
   5.8838700e+05   5.7312012e+01
   5.9099800e+05   4.6081543e+01
   5.9145600e+05   7.0373535e+01
   5.9160200e+05   4.4860840e+01
   5.9178300e+05   4.6020508e+01
   5.9185000e+05   4.6813965e+01
   5.9195600e+05   4.4555664e+01
   5.9208300e+05   5.4931641e+01
   5.9221300e+05   4.8034668e+01
   5.9225800e+05   4.9377441e+01
   5.9374700e+05   4.3823242e+01
   5.9424900e+05   4.5532227e+01
   6.0020700e+05   2.0120850e+03
   6.0025300e+05   4.8889160e+01
   6.2294100e+05   4.5166016e+01
   6.2566400e+05   4.9682617e+01
   6.2786900e+05   4.7485352e+01
   6.3460200e+05   5.7861328e+01
   6.3681500e+05   4.5959473e+01
   6.3924100e+05   4.8767090e+01
   6.4124800e+05   5.1452637e+01
   6.4733800e+05   5.5725098e+01
   6.5022100e+05   2.0090332e+03
   6.5027000e+05   4.9865723e+01
   6.5852500e+05   5.1879883e+01
   6.5937000e+05   5.0292969e+01
   6.6381400e+05   4.8889160e+01
   6.6791300e+05   5.1086426e+01
   6.7278700e+05   5.1757813e+01
   6.7317300e+05   4.5288086e+01
   6.7712500e+05   5.4687500e+01
   6.8060800e+05   4.5349121e+01
   6.8255700e+05   4.5532227e+01
   6.8511800e+05   5.6884766e+01
   6.8749300e+05   5.4382324e+01
   6.9126500e+05   5.2185059e+01
   6.9242200e+05   4.9194336e+01
   6.9768500e+05   4.9621582e+01
   6.9893300e+05   4.6508789e+01
   6.9956300e+05   5.2551270e+01
   7.0023700e+05   3.9999390e+03
   7.0029500e+05   6.1523438e+01
   7.0791800e+05   4.8156738e+01
   7.1317400e+05   4.6813965e+01
   7.1355300e+05   4.6691895e+01
   7.1748800e+05   5.0903320e+01
   7.2006800e+05   4.6691895e+01
   7.2052000e+05   4.9804688e+01
   7.2149500e+05   4.9621582e+01
   7.2160300e+05   4.9438477e+01
   7.2185900e+05   4.9377441e+01
   7.2201400e+05   4.3823242e+01
   7.2212100e+05   4.4616699e+01
   7.2230500e+05   4.8828125e+01
   7.2289000e+05   4.4311523e+01
   7.2316000e+05   5.0903320e+01
   7.2421200e+05   4.4677734e+01
   7.5025100e+05   3.9999390e+03
   7.5029300e+05   4.8278809e+01
   7.5180200e+05   4.8034668e+01
   7.5396200e+05   4.4250488e+01
   7.5810600e+05   4.5349121e+01
   7.5943600e+05   4.4677734e+01
   7.6317200e+05   4.8461914e+01
   7.6398500e+05   4.5043945e+01
   7.6952500e+05   5.5664063e+01
   7.7014600e+05   4.8950195e+01
   7.7173000e+05   5.2673340e+01
   7.7610200e+05   5.0598145e+01
   7.7905700e+05   5.0354004e+01
   7.7963100e+05   4.5654297e+01
   7.8001400e+05   4.8217773e+01
   7.8092100e+05   4.5593262e+01
   7.8169100e+05   4.4738770e+01
   7.8457800e+05   5.2429199e+01
   7.8572400e+05   5.0720215e+01
   7.8691200e+05   4.7668457e+01
   7.8804700e+05   4.4128418e+01
   7.8932600e+05   4.8034668e+01
   7.9150700e+05   5.4931641e+01
   7.9444700e+05   5.1330566e+01
   7.9472900e+05   4.5471191e+01
   7.9532800e+05   4.6447754e+01
   7.9717300e+05   4.6630859e+01
   8.0017200e+05   4.6508789e+01
   8.0026500e+05   3.9999390e+03
   8.0030900e+05   4.4433594e+01
   8.0239000e+05   4.9865723e+01
   8.0392000e+05   4.7241211e+01
   8.0747200e+05   4.5349121e+01
   8.1233600e+05   5.4565430e+01
   8.1654300e+05   5.0048828e+01
   8.1768800e+05   5.5969238e+01
   8.1857600e+05   5.7250977e+01
   8.1912400e+05   5.5603027e+01
   8.2084100e+05   5.5114746e+01
   8.2631900e+05   5.9936523e+01
   8.2991300e+05   4.9987793e+01
   8.3085100e+05   6.1157227e+01
   8.3187600e+05   4.4616699e+01
   8.3369600e+05   4.7363281e+01
   8.3494000e+05   4.9682617e+01
   8.3624100e+05   5.3955078e+01
   8.3661400e+05   4.6875000e+01
   8.3683100e+05   4.5715332e+01
   8.3701200e+05   5.4687500e+01
   8.5017300e+05   4.4372559e+01
   8.5027900e+05   3.9999390e+03
   8.5032100e+05   4.9377441e+01
   8.5037300e+05   4.7119141e+01
   8.5240700e+05   4.5715332e+01
   8.6131900e+05   4.5166016e+01
   8.6276000e+05   4.6447754e+01
   8.6322800e+05   4.8400879e+01
   8.6886400e+05   5.4687500e+01
   8.7212700e+05   4.9377441e+01
   8.7290400e+05   4.5043945e+01
   8.7415100e+05   4.5593262e+01
   8.7458200e+05   4.3884277e+01
   8.7502500e+05   4.5959473e+01
   8.7651600e+05   4.3823242e+01
   8.7663700e+05   4.4067383e+01
   8.7704500e+05   4.4982910e+01
   8.7732800e+05   4.5532227e+01
   8.7770800e+05   5.5664063e+01
   8.7802700e+05   4.3701172e+01
   8.7842600e+05   4.8400879e+01
   8.9162300e+05   4.7973633e+01
   8.9358800e+05   4.8522949e+01
   8.9441500e+05   4.4067383e+01
   8.9531100e+05   4.6813965e+01
   8.9827600e+05   4.8706055e+01
   9.0029300e+05   3.9999390e+03
   9.0033700e+05   5.0842285e+01
   9.0390000e+05   4.3640137e+01
   9.0799500e+05   4.9072266e+01
   9.1067200e+05   5.6579590e+01
   9.1715200e+05   5.2917480e+01
   9.1954100e+05   5.2368164e+01
   9.2430700e+05   4.3884277e+01
   9.2970300e+05   6.3049316e+01
   9.3068700e+05   5.1452637e+01
   9.3164000e+05   4.5471191e+01
   9.3849100e+05   5.1696777e+01
   9.4137300e+05   5.4870605e+01
   9.4251200e+05   5.5969238e+01
   9.4627300e+05   4.4067383e+01
   9.4902600e+05   4.6020508e+01
   9.5030700e+05   3.9999390e+03
   9.5655900e+05   5.4138184e+01
   9.6049500e+05   4.6386719e+01
   9.6380900e+05   5.3100586e+01
   9.6899800e+05   5.1940918e+01
   9.7387300e+05   4.6997070e+01
   9.7608600e+05   5.3588867e+01
   9.7975200e+05   5.1452637e+01
   9.8153600e+05   4.3823242e+01
   9.8192900e+05   5.2307129e+01
   9.8707300e+05   4.3823242e+01
   9.9299300e+05   4.6508789e+01
   9.9523900e+05   4.6203613e+01
   9.9639000e+05   4.4433594e+01
   9.9687600e+05   4.8034668e+01
   9.9901200e+05   4.6447754e+01
   9.9917500e+05   4.7363281e+01
   1.0001370e+06   4.3640137e+01
   1.0003190e+06   2.0076294e+03
   1.0003670e+06   4.6325684e+01
   1.0007720e+06   4.7790527e+01
   1.0009970e+06   4.7424316e+01
   1.0011540e+06   4.8217773e+01
   1.0014770e+06   4.4860840e+01
   1.0019510e+06   4.7607422e+01
   1.0233020e+06   4.4677734e+01
   1.0302440e+06   5.2978516e+01
   1.0307390e+06   4.4921875e+01
   1.0317060e+06   4.5043945e+01
   1.0327220e+06   4.7912598e+01
   1.0328940e+06   4.6691895e+01
   1.0503330e+06   2.0148926e+03
   1.0503830e+06   5.2246094e+01
   1.0517190e+06   5.2062988e+01
   1.0652110e+06   5.2368164e+01
   1.0675970e+06   5.1086426e+01
   1.0726360e+06   5.3161621e+01
   1.0775170e+06   4.5532227e+01
   1.0807830e+06   5.1086426e+01
   1.0815220e+06   4.9133301e+01
   1.0899720e+06   5.7556152e+01
   1.0962530e+06   4.8522949e+01
   1.0988300e+06   4.4128418e+01
   1.0993950e+06   5.9204102e+01
   1.1003470e+06   2.0045776e+03
   1.1003910e+06   4.5959473e+01
   1.1015530e+06   4.7119141e+01
   1.1018180e+06   4.8095703e+01
   1.1031000e+06   6.0607910e+01
   1.1049020e+06   4.4677734e+01
   1.1063330e+06   4.4982910e+01
   1.1077390e+06   4.4555664e+01
   1.1093350e+06   4.7119141e+01
   1.1166500e+06   5.2001953e+01
   1.1171170e+06   4.4799805e+01
   1.1172330e+06   4.3762207e+01
   1.1186700e+06   4.8889160e+01
   1.1194520e+06   4.6813965e+01
   1.1223610e+06   4.5898438e+01
   1.1260510e+06   4.7973633e+01
   1.1287570e+06   5.7556152e+01
   1.1289400e+06   4.5227051e+01
   1.1313070e+06   4.4250488e+01
   1.1335350e+06   5.7128906e+01
   1.1356560e+06   4.8400879e+01
   1.1395920e+06   4.7424316e+01
   1.1412210e+06   4.5776367e+01
   1.1456050e+06   4.5654297e+01
   1.1498990e+06   5.6518555e+01
   1.1503610e+06   2.0058594e+03
   1.1504080e+06   4.9011230e+01
   1.1520810e+06   4.7790527e+01
   1.1552040e+06   5.0598145e+01
   1.1556780e+06   5.0476074e+01
   1.1567350e+06   4.4006348e+01
   1.1606020e+06   5.6091309e+01
   1.1609110e+06   5.8898926e+01
   1.1611080e+06   4.6447754e+01
   1.1615670e+06   4.5593262e+01
   1.1650870e+06   4.5776367e+01
   1.1695770e+06   4.4555664e+01
   1.1705570e+06   4.6325684e+01
   1.1718430e+06   4.9865723e+01
   1.1730740e+06   5.4504395e+01
   1.1735720e+06   4.9133301e+01
   1.1736920e+06   4.6081543e+01
   1.1737620e+06   4.5959473e+01
   1.1742520e+06   4.5410156e+01
   1.1743410e+06   5.1147461e+01
   1.1743850e+06   4.6630859e+01
   1.1745990e+06   4.5349121e+01
   1.1746400e+06   4.4372559e+01
   1.1747250e+06   5.5725098e+01
   1.1748670e+06   4.6020508e+01
   1.1770170e+06   4.7851563e+01
   1.2003770e+06   3.9999390e+03
   1.2004210e+06   4.5776367e+01
   1.2010680e+06   5.0292969e+01
   1.2142540e+06   4.6691895e+01
   1.2153760e+06   4.6020508e+01
   1.2160740e+06   4.5349121e+01
   1.2189270e+06   5.7617188e+01
   1.2214000e+06   4.4616699e+01
   1.2221030e+06   4.9377441e+01
   1.2240990e+06   5.5358887e+01
   1.2272640e+06   5.7312012e+01
   1.2290030e+06   5.8288574e+01
   1.2303760e+06   4.7241211e+01
   1.2308830e+06   4.4433594e+01
   1.2312710e+06   4.7180176e+01
   1.2323470e+06   4.4982910e+01
   1.2328310e+06   5.7922363e+01
   1.2495740e+06   4.5043945e+01
   1.2503890e+06   2.0093384e+03
   1.2504350e+06   5.0964355e+01
   1.2544910e+06   4.7912598e+01
   1.2559450e+06   4.6447754e+01
   1.2589050e+06   4.9194336e+01
   1.2598700e+06   4.7363281e+01
   1.2612490e+06   6.1523438e+01
   1.2631090e+06   5.7373047e+01
   1.2671340e+06   4.4494629e+01
   1.2691610e+06   4.8706055e+01
   1.2711460e+06   5.4260254e+01
   1.2763820e+06   4.4982910e+01
   1.2776360e+06   4.5410156e+01
   1.2783990e+06   4.6569824e+01
   1.2810210e+06   4.5471191e+01
   1.2811260e+06   5.1086426e+01
   1.2811720e+06   4.3884277e+01
   1.2814150e+06   5.8715820e+01
   1.2815440e+06   4.4311523e+01
   1.2920210e+06   4.5166016e+01
   1.2988780e+06   4.5532227e+01
   1.2995800e+06   4.6325684e+01
   1.3004030e+06   2.0083618e+03
   1.3004510e+06   4.8156738e+01
   1.3005230e+06   4.5654297e+01
   1.3047660e+06   4.3701172e+01
   1.3097580e+06   5.2307129e+01
   1.3114640e+06   5.2978516e+01
   1.3114930e+06   4.3762207e+01
   1.3120000e+06   4.8461914e+01
   1.3127830e+06   5.7861328e+01
   1.3176330e+06   6.0485840e+01
   1.3191830e+06   4.5166016e+01
   1.3210930e+06   4.7607422e+01
   1.3218820e+06   4.8645020e+01
   1.3222570e+06   4.9804688e+01
   1.3227500e+06   4.4738770e+01
   1.3233230e+06   4.5471191e+01
   1.3234610e+06   4.4067383e+01
   1.3237320e+06   5.0292969e+01
   1.3288490e+06   4.5471191e+01
   1.3302010e+06   5.5603027e+01
   1.3319450e+06   5.5419922e+01
   1.3392130e+06   4.7729492e+01
   1.3406950e+06   4.8400879e+01
   1.3410120e+06   4.8095703e+01
   1.3420360e+06   4.5471191e+01
   1.3446340e+06   4.6691895e+01
   1.3465500e+06   4.3762207e+01
   1.3469840e+06   4.8950195e+01
   1.3472800e+06   4.4189453e+01
   1.3482210e+06   4.7729492e+01
   1.3486240e+06   4.9133301e+01
   1.3491060e+06   5.7495117e+01
   1.3504190e+06   3.9999390e+03
   1.3514320e+06   4.6081543e+01
   1.3522240e+06   4.8583984e+01
   1.3534690e+06   4.4372559e+01
   1.3580890e+06   4.6264648e+01
   1.3595090e+06   5.8532715e+01
   1.3614780e+06   5.2124023e+01
   1.3623380e+06   4.4067383e+01
   1.3631040e+06   4.7119141e+01
   1.3659490e+06   5.0048828e+01
   1.3667660e+06   5.1391602e+01
   1.3679880e+06   4.8706055e+01
   1.3695170e+06   4.3701172e+01
   1.3708780e+06   5.0476074e+01
   1.3751470e+06   5.8837891e+01
   1.3759050e+06   5.1818848e+01
   1.3762010e+06   4.4067383e+01
   1.3770210e+06   4.3640137e+01
   1.3774650e+06   4.5532227e+01
   1.3782720e+06   4.4433594e+01
   1.3803130e+06   5.0231934e+01
   1.3820910e+06   4.8034668e+01
   1.3837680e+06   4.9194336e+01
   1.3854250e+06   5.4931641e+01
   1.3868540e+06   4.4494629e+01
   1.3872060e+06   4.8400879e+01
   1.3928200e+06   4.4189453e+01
   1.3932540e+06   5.2612305e+01
   1.3933670e+06   5.1879883e+01
   1.3952540e+06   4.8461914e+01
   1.3955270e+06   5.1635742e+01
   1.3961070e+06   4.4677734e+01
   1.3984310e+06   5.5786133e+01
   1.4004330e+06   3.9999390e+03
   1.4029710e+06   5.1452637e+01
   1.4154950e+06   5.0476074e+01
   1.4161810e+06   5.0598145e+01
   1.4212010e+06   4.8400879e+01
   1.4216880e+06   4.6447754e+01
   1.4229800e+06   4.8095703e+01
   1.4267300e+06   4.5349121e+01
   1.4283910e+06   5.4687500e+01
   1.4296940e+06   4.5776367e+01
   1.4308990e+06   4.9865723e+01
   1.4312650e+06   4.3884277e+01
   1.4318210e+06   4.8156738e+01
   1.4323640e+06   4.6020508e+01
   1.4328980e+06   4.8950195e+01
   1.4339180e+06   4.5288086e+01
   1.4371690e+06   5.5114746e+01
   1.4376000e+06   4.6691895e+01
   1.4438300e+06   5.0598145e+01
   1.4441010e+06   4.4006348e+01
   1.4450890e+06   4.8278809e+01
   1.4452230e+06   6.0852051e+01
   1.4459120e+06   5.2185059e+01
   1.4481190e+06   5.0842285e+01
   1.4484330e+06   4.7851563e+01
   1.4504470e+06   3.9999390e+03
   1.4504910e+06   4.8278809e+01
   1.4576480e+06   5.4870605e+01
   1.4582470e+06   4.7180176e+01
   1.4617300e+06   4.5410156e+01
   1.4619780e+06   4.9987793e+01
   1.4647760e+06   4.7485352e+01
   1.4656420e+06   4.8950195e+01
   1.4665440e+06   5.1879883e+01
   1.4698250e+06   4.6569824e+01
   1.4729880e+06   4.4494629e+01
   1.4731930e+06   4.9438477e+01
   1.4739170e+06   4.5837402e+01
   1.4772390e+06   4.8034668e+01
   1.4809550e+06   6.0607910e+01
   1.4813720e+06   5.7312012e+01
   1.4853400e+06   4.8645020e+01
   1.4856850e+06   4.5959473e+01
   1.4876030e+06   4.6447754e+01
   1.4890000e+06   4.6936035e+01
   1.4900100e+06   4.7058105e+01
   1.4919220e+06   5.2062988e+01
   1.4923200e+06   4.7607422e+01
   1.4926850e+06   4.6142578e+01
   1.4964810e+06   4.4555664e+01
   1.4985810e+06   5.7006836e+01
   1.4992160e+06   5.0659180e+01
   1.5004610e+06   3.9999390e+03
   1.5015050e+06   4.4921875e+01
   1.5024640e+06   4.6752930e+01
   1.5032900e+06   5.3649902e+01
   1.5034630e+06   4.9072266e+01
   1.5074430e+06   5.6823730e+01
   1.5075600e+06   5.8288574e+01
   1.5079600e+06   4.6569824e+01
   1.5083560e+06   5.2062988e+01
   1.5107710e+06   5.2490234e+01
   1.5111510e+06   4.7851563e+01
   1.5118090e+06   4.5349121e+01
   1.5126980e+06   4.6691895e+01
   1.5151370e+06   4.7363281e+01
   1.5161520e+06   4.7058105e+01
   1.5166940e+06   4.4006348e+01
   1.5189190e+06   4.6020508e+01
   1.5193310e+06   4.8583984e+01
   1.5209860e+06   5.1879883e+01
   1.5228670e+06   4.5959473e+01
   1.5231570e+06   4.5532227e+01
   1.5257590e+06   4.4799805e+01
   1.5276380e+06   4.7546387e+01
   1.5300370e+06   4.7485352e+01
   1.5303620e+06   4.4250488e+01
   1.5319210e+06   5.1025391e+01
   1.5329380e+06   4.4494629e+01
   1.5331340e+06   4.7485352e+01
   1.5333040e+06   5.0720215e+01
   1.5334090e+06   5.2001953e+01
   1.5334570e+06   4.4738770e+01
   1.5335710e+06   5.9692383e+01
   1.5338380e+06   4.7729492e+01
   1.5339120e+06   4.3640137e+01
   1.5343270e+06   4.5043945e+01
   1.5352710e+06   4.8889160e+01
   1.5453970e+06   4.8522949e+01
   1.5458860e+06   4.9377441e+01
   1.5495130e+06   5.0048828e+01
   1.5501360e+06   4.8217773e+01
   1.5504730e+06   2.0108032e+03
   1.5505200e+06   4.4250488e+01
   1.5512610e+06   5.1391602e+01
   1.5589010e+06   4.8400879e+01
   1.5596530e+06   4.8339844e+01
   1.5602050e+06   5.1574707e+01
   1.5627690e+06   5.3588867e+01
   1.5630510e+06   4.6630859e+01
   1.5650880e+06   5.5908203e+01
   1.5663990e+06   4.8950195e+01
   1.5686560e+06   4.9621582e+01
   1.5727170e+06   4.8767090e+01
   1.5755160e+06   5.3222656e+01
   1.5761430e+06   4.6569824e+01
   1.5770200e+06   4.6142578e+01
   1.5779750e+06   4.4677734e+01
   1.5799690e+06   4.9865723e+01
   1.5802990e+06   5.7373047e+01
   1.5817280e+06   5.8410645e+01
   1.5821010e+06   5.3771973e+01
   1.5825220e+06   4.6691895e+01
   1.5847320e+06   5.8410645e+01
   1.5857940e+06   5.1330566e+01
   1.5862470e+06   4.4128418e+01
   1.5894740e+06   5.2185059e+01
   1.5930160e+06   5.1330566e+01
   1.5958130e+06   4.9072266e+01
   1.5977670e+06   4.5166016e+01
   1.5984740e+06   4.8339844e+01
   1.5998790e+06   4.5593262e+01
   1.6002640e+06   4.5959473e+01
   1.6004870e+06   2.0154419e+03
   1.6005420e+06   4.3640137e+01
   1.6055930e+06   4.4738770e+01
   1.6077710e+06   4.6447754e+01
   1.6082140e+06   5.0903320e+01
   1.6101090e+06   4.4616699e+01
   1.6111260e+06   4.5227051e+01
   1.6132570e+06   4.9499512e+01
   1.6187890e+06   4.5349121e+01
   1.6191560e+06   5.1879883e+01
   1.6212410e+06   4.7607422e+01
   1.6223170e+06   4.7790527e+01
   1.6245350e+06   5.6579590e+01
   1.6249800e+06   4.7302246e+01
   1.6251890e+06   4.4738770e+01
   1.6264120e+06   4.4250488e+01
   1.6265100e+06   4.8828125e+01
   1.6266250e+06   6.5551758e+01
   1.6271130e+06   4.3640137e+01
   1.6273230e+06   5.3344727e+01
   1.6281660e+06   5.3771973e+01
   1.6413410e+06   5.4382324e+01
   1.6418140e+06   5.2795410e+01
   1.6424140e+06   5.4260254e+01
   1.6442370e+06   4.3701172e+01
   1.6447120e+06   4.7119141e+01
   1.6466170e+06   4.4860840e+01
   1.6484590e+06   4.6630859e+01
   1.6489070e+06   4.4860840e+01
   1.6503410e+06   4.4982910e+01
   1.6505010e+06   2.0099487e+03
   1.6505160e+06   4.4372559e+01
   1.6505450e+06   6.4270020e+01
   1.6549360e+06   5.4199219e+01
   1.6553590e+06   6.5551758e+01
   1.6580170e+06   5.3649902e+01
   1.6586160e+06   5.3344727e+01
   1.6613470e+06   5.5603027e+01
   1.6617160e+06   5.3894043e+01
   1.6620980e+06   5.0415039e+01
   1.6648150e+06   4.7302246e+01
   1.6652060e+06   5.3222656e+01
   1.6673100e+06   4.4677734e+01
   1.6740350e+06   4.5227051e+01
   1.6765810e+06   4.5166016e+01
   1.6772330e+06   5.5664063e+01
   1.6793260e+06   4.8400879e+01
   1.6806560e+06   5.3405762e+01
   1.6811290e+06   4.9255371e+01
   1.6828580e+06   4.7424316e+01
   1.6831370e+06   4.7180176e+01
   1.6834140e+06   4.5227051e+01
   1.6854760e+06   4.6020508e+01
   1.6873670e+06   5.2429199e+01
   1.6892950e+06   4.6447754e+01
   1.6898490e+06   4.6936035e+01
   1.6901010e+06   4.5104980e+01
   1.6946240e+06   5.2490234e+01
   1.6951560e+06   4.3701172e+01
   1.6966360e+06   4.7302246e+01
   1.6970150e+06   4.6386719e+01
   1.6974590e+06   4.4311523e+01
   1.6992470e+06   4.5349121e+01
   1.7005150e+06   2.0067749e+03
   1.7005610e+06   4.5959473e+01
   1.7061980e+06   5.0231934e+01
   1.7085280e+06   4.3823242e+01
   1.7122270e+06   4.7485352e+01
   1.7128740e+06   4.4067383e+01
   1.7132880e+06   4.7790527e+01
   1.7155640e+06   4.9438477e+01
   1.7176530e+06   5.0354004e+01
   1.7190020e+06   4.7363281e+01
   1.7207870e+06   4.6081543e+01
   1.7231750e+06   4.8400879e+01
   1.7239880e+06   4.4738770e+01
   1.7262840e+06   6.1584473e+01
   1.7267250e+06   4.5837402e+01
   1.7283910e+06   4.7180176e+01
   1.7295040e+06   5.2001953e+01
   1.7297040e+06   4.9865723e+01
   1.7323400e+06   5.1086426e+01
   1.7337920e+06   4.3823242e+01
   1.7353770e+06   5.1391602e+01
   1.7359850e+06   5.0842285e+01
   1.7385540e+06   5.2856445e+01
   1.7407040e+06   4.9682617e+01
   1.7411980e+06   5.7861328e+01
   1.7444750e+06   4.3945313e+01
   1.7463610e+06   6.0241699e+01
   1.7484450e+06   4.4006348e+01
   1.7488040e+06   4.3945313e+01
   1.7493900e+06   5.2673340e+01
   1.7499310e+06   5.1269531e+01
   1.7505290e+06   2.0106812e+03
   1.7505760e+06   4.6875000e+01
   1.7549640e+06   5.1391602e+01
   1.7555150e+06   4.6569824e+01
   1.7576940e+06   4.8767090e+01
   1.7583580e+06   4.6264648e+01
   1.7590800e+06   4.9255371e+01
   1.7615400e+06   4.6630859e+01
   1.7639030e+06   5.0903320e+01
   1.7652560e+06   5.8837891e+01
   1.7664850e+06   4.9499512e+01
   1.7689630e+06   4.9133301e+01
   1.7698010e+06   5.1452637e+01
   1.7751800e+06   5.0903320e+01
   1.7780340e+06   4.5715332e+01
   1.7787480e+06   5.7128906e+01
   1.7793530e+06   5.1147461e+01
   1.7817700e+06   4.3945313e+01
   1.7821620e+06   4.3701172e+01
   1.7832190e+06   5.1391602e+01
   1.7834420e+06   4.5898438e+01
   1.7863790e+06   6.2622070e+01
   1.7893390e+06   5.3710938e+01
   1.7948380e+06   4.4189453e+01
   1.7951850e+06   5.2734375e+01
   1.7953380e+06   4.8522949e+01
   1.7955100e+06   4.4433594e+01
   1.7955860e+06   4.3945313e+01
   1.7956560e+06   4.9682617e+01
   1.7958020e+06   4.7363281e+01
   1.8005430e+06   2.0112915e+03
   1.8005910e+06   4.8645020e+01
   1.8007830e+06   4.8461914e+01
   1.8088440e+06   4.9255371e+01
   1.8096450e+06   5.0964355e+01
   1.8143120e+06   5.5664063e+01
   1.8148570e+06   4.9804688e+01
   1.8153280e+06   5.2368164e+01
   1.8177530e+06   4.7607422e+01
   1.8182210e+06   5.0781250e+01
   1.8218260e+06   4.9560547e+01
   1.8244330e+06   4.9560547e+01
   1.8250890e+06   4.9926758e+01
   1.8267110e+06   5.2062988e+01
   1.8284040e+06   4.4067383e+01
   1.8294380e+06   5.0842285e+01
   1.8335410e+06   4.4250488e+01
   1.8340870e+06   4.6936035e+01
   1.8360880e+06   4.7729492e+01
   1.8371320e+06   5.7434082e+01
   1.8400000e+06   5.0781250e+01
   1.8409850e+06   4.4921875e+01
   1.8429660e+06   4.9011230e+01
   1.8434420e+06   4.8217773e+01
   1.8455740e+06   5.3588867e+01
   1.8461500e+06   4.6813965e+01
   1.8490120e+06   5.0781250e+01
   1.8503880e+06   4.8706055e+01
   1.8505570e+06   2.0138550e+03
   1.8507180e+06   4.3640137e+01
   1.8573830e+06   4.8583984e+01
   1.8578650e+06   4.5532227e+01
   1.8601140e+06   4.8583984e+01
   1.8615110e+06   4.3945313e+01
   1.8628080e+06   4.5104980e+01
   1.8637040e+06   5.4382324e+01
   1.8643910e+06   4.6997070e+01
   1.8677300e+06   5.3955078e+01
   1.8690010e+06   4.7485352e+01
   1.8713350e+06   5.9631348e+01
   1.8757330e+06   4.3823242e+01
   1.8783610e+06   4.4860840e+01
   1.8792750e+06   5.0903320e+01
   1.8810990e+06   4.7424316e+01
   1.8824300e+06   5.1086426e+01
   1.8833930e+06   4.8034668e+01
   1.8838120e+06   4.7241211e+01
   1.8839180e+06   4.3945313e+01
   1.8862800e+06   4.7668457e+01
   1.8906920e+06   4.4799805e+01
   1.8951900e+06   5.0415039e+01
   1.8960720e+06   5.0109863e+01
   1.8973230e+06   4.8461914e+01
   1.8982060e+06   4.9011230e+01
   1.8996290e+06   5.2185059e+01
   1.9004900e+06   5.3405762e+01
   1.9005710e+06   2.0074463e+03
   1.9006180e+06   4.9255371e+01
   1.9019190e+06   4.7363281e+01
   1.9090700e+06   5.5847168e+01
   1.9125920e+06   4.4311523e+01
   1.9158560e+06   5.4748535e+01
   1.9175630e+06   4.8706055e+01
   1.9180130e+06   4.4616699e+01
   1.9190690e+06   4.4860840e+01
   1.9222140e+06   5.6640625e+01
   1.9238530e+06   4.8645020e+01
   1.9244030e+06   4.6203613e+01
   1.9275520e+06   4.6325684e+01
   1.9282390e+06   4.7180176e+01
   1.9306630e+06   4.8645020e+01
   1.9311360e+06   4.8400879e+01
   1.9335600e+06   4.5166016e+01
   1.9353460e+06   6.0485840e+01
   1.9356990e+06   5.7495117e+01
   1.9387350e+06   4.8889160e+01
   1.9404290e+06   4.5471191e+01
   1.9423570e+06   4.4311523e+01
   1.9442320e+06   5.3894043e+01
   1.9449530e+06   4.6020508e+01
   1.9463930e+06   5.3344727e+01
   1.9492900e+06   4.4433594e+01
   1.9505870e+06   3.9999390e+03
   1.9505970e+06   4.3945313e+01
   1.9506320e+06   5.1940918e+01
   1.9533610e+06   4.7058105e+01
   1.9534520e+06   6.3476563e+01
   1.9541170e+06   4.7851563e+01
   1.9568730e+06   5.0842285e+01
   1.9575800e+06   5.7434082e+01
   1.9576990e+06   5.0842285e+01
   1.9581990e+06   4.6081543e+01
   1.9585130e+06   5.0659180e+01
   1.9586610e+06   4.6875000e+01
   1.9588570e+06   4.5166016e+01
   1.9590430e+06   4.4677734e+01
   1.9594200e+06   5.4138184e+01
   1.9600280e+06   4.5227051e+01
   1.9811130e+06   4.9621582e+01
   1.9814970e+06   4.5043945e+01
   1.9864460e+06   5.2368164e+01
   1.9889230e+06   4.4616699e+01
   1.9893490e+06   4.4006348e+01
   1.9902400e+06   5.2307129e+01
   1.9919840e+06   4.5715332e+01
   1.9971540e+06   5.3710938e+01
   2.0000890e+06   5.3466797e+01
   2.0002900e+06   5.1086426e+01
   2.0005990e+06   2.0099487e+03
   2.0006510e+06   4.5593262e+01
   2.0029050e+06   5.3222656e+01
   2.0111040e+06   4.5959473e+01
   2.0120890e+06   5.5297852e+01
   2.0139790e+06   4.3884277e+01
   2.0170320e+06   5.0415039e+01
   2.0259930e+06   4.6081543e+01
   2.0268890e+06   4.6325684e+01
   2.0322810e+06   4.5776367e+01
   2.0325470e+06   4.4494629e+01
   2.0354580e+06   4.8889160e+01
   2.0356620e+06   5.4565430e+01
   2.0357740e+06   4.4311523e+01
   2.0360670e+06   4.4372559e+01
   2.0377930e+06   4.5898438e+01
   2.0506130e+06   2.0153809e+03
   2.0506610e+06   5.6945801e+01
   2.0518910e+06   4.6875000e+01
   2.0678110e+06   5.6945801e+01
   2.0688840e+06   5.2062988e+01
   2.0727290e+06   4.8950195e+01
   2.0734510e+06   4.9499512e+01
   2.0802000e+06   5.2673340e+01
   2.0820020e+06   4.8400879e+01
   2.0841350e+06   5.1696777e+01
   2.0902540e+06   4.7790527e+01
   2.0940980e+06   4.3762207e+01
   2.0948810e+06   5.3466797e+01
   2.0954730e+06   5.2856445e+01
   2.0976000e+06   5.7434082e+01
   2.1006270e+06   2.0093384e+03
   2.1006390e+06   4.5104980e+01
   2.1006730e+06   4.7363281e+01
   2.1007350e+06   4.6569824e+01
   2.1019670e+06   5.4504395e+01
   2.1168750e+06   5.4748535e+01
   2.1231700e+06   4.8522949e+01
   2.1240020e+06   4.3762207e+01
   2.1257760e+06   4.9499512e+01
   2.1263430e+06   4.5593262e+01
   2.1292830e+06   5.3710938e+01
   2.1328770e+06   4.3701172e+01
   2.1345950e+06   4.6630859e+01
   2.1362010e+06   4.9743652e+01
   2.1398580e+06   4.6325684e+01
   2.1413630e+06   5.0292969e+01
   2.1448740e+06   4.5166016e+01
   2.1460450e+06   4.4738770e+01
   2.1476150e+06   4.4372559e+01
   2.1506430e+06   3.9999390e+03
   2.1527050e+06   4.6325684e+01
   2.1575330e+06   4.3762207e+01
   2.1599190e+06   4.6325684e+01
   2.1617890e+06   5.1513672e+01
   2.1629810e+06   5.1757813e+01
   2.1665560e+06   4.5227051e+01
   2.1716050e+06   4.5532227e+01
   2.1729820e+06   4.7180176e+01
   2.1734430e+06   5.5664063e+01
   2.1751180e+06   5.3588867e+01
   2.1809410e+06   4.4738770e+01
   2.1875880e+06   4.6081543e+01
   2.1901900e+06   4.5776367e+01
   2.1968050e+06   4.9926758e+01
   2.1989960e+06   5.1879883e+01
   2.2006570e+06   3.9999390e+03
   2.2022570e+06   4.4921875e+01
   2.2045280e+06   5.0415039e+01
   2.2138180e+06   5.1391602e+01
   2.2174600e+06   4.8034668e+01
   2.2252330e+06   4.9499512e+01
   2.2273090e+06   5.9692383e+01
   2.2288370e+06   4.8889160e+01
   2.2324630e+06   5.2307129e+01
   2.2343860e+06   4.6325684e+01
   2.2364040e+06   4.4921875e+01
   2.2374980e+06   5.2917480e+01
   2.2391420e+06   4.9560547e+01
   2.2397510e+06   4.4738770e+01
   2.2433130e+06   5.1513672e+01
   2.2449130e+06   4.6691895e+01
   2.2473700e+06   4.5043945e+01
   2.2497930e+06   4.6264648e+01
   2.2506690e+06   2.0126343e+03
   2.2506800e+06   5.2185059e+01
   2.2522090e+06   4.6569824e+01
   2.2530590e+06   5.3894043e+01
   2.2688600e+06   4.3701172e+01
   2.2710410e+06   4.6020508e+01
   2.2720090e+06   5.3833008e+01
   2.2749680e+06   5.3100586e+01
   2.2784240e+06   4.3762207e+01
   2.2798860e+06   4.4616699e+01
   2.2813360e+06   4.5471191e+01
   2.2828190e+06   4.8522949e+01
   2.3005690e+06   5.3344727e+01
   2.3006830e+06   2.0069580e+03
   2.3007300e+06   4.5349121e+01
   2.3175340e+06   5.2368164e+01
   2.3223640e+06   4.5104980e+01
   2.3261990e+06   5.4504395e+01
   2.3289350e+06   4.8889160e+01
   2.3344940e+06   4.9255371e+01
   2.3355540e+06   4.7790527e+01
   2.3401350e+06   4.7729492e+01
   2.3428600e+06   5.5908203e+01
   2.3506970e+06   2.0109863e+03
   2.3518710e+06   4.9194336e+01
   2.3524950e+06   4.6752930e+01
   2.3532680e+06   4.3640137e+01
   2.3619120e+06   4.5593262e+01
   2.3638970e+06   4.7790527e+01
   2.3660630e+06   4.6447754e+01
   2.3668700e+06   4.5715332e+01
   2.3684640e+06   5.2551270e+01
   2.3714210e+06   5.0537109e+01
   2.3741790e+06   4.4250488e+01
   2.3810130e+06   5.0720215e+01
   2.3820540e+06   5.0720215e+01
   2.3843970e+06   5.1757813e+01
   2.3870020e+06   5.6396484e+01
   2.3891580e+06   5.4809570e+01
   2.3894070e+06   4.4372559e+01
   2.3895500e+06   4.7790527e+01
   2.3897040e+06   4.5837402e+01
   2.3925670e+06   4.5471191e+01
   2.4007110e+06   2.0057983e+03
   2.4007580e+06   5.2307129e+01
   2.4172490e+06   4.5715332e+01
   2.4204220e+06   4.4189453e+01
   2.4262680e+06   5.1513672e+01
   2.4306230e+06   5.0231934e+01
   2.4325000e+06   5.0354004e+01
   2.4375340e+06   4.5288086e+01
   2.4388770e+06   5.0109863e+01
   2.4408900e+06   4.9133301e+01
   2.4428850e+06   4.5410156e+01
   2.4439540e+06   5.4382324e+01
   2.4465570e+06   5.4138184e+01
   2.4495160e+06   4.5715332e+01
   2.4507270e+06   3.9999390e+03
   2.4507380e+06   4.7485352e+01
   2.4515650e+06   5.0170898e+01
   2.4519130e+06   5.2917480e+01
   2.4537920e+06   4.8034668e+01
   2.4584690e+06   5.0720215e+01
   2.4621770e+06   4.6325684e+01
   2.4674790e+06   4.7241211e+01
   2.4680210e+06   5.3466797e+01
   2.4716660e+06   4.8767090e+01
   2.4736440e+06   4.6386719e+01
   2.4765080e+06   4.5166016e+01
   2.4795850e+06   5.3527832e+01
   2.4823500e+06   4.3762207e+01
   2.4827560e+06   4.4128418e+01
   2.4927450e+06   4.6081543e+01
   2.4932540e+06   4.9865723e+01
   2.4993710e+06   4.3640137e+01
   2.5022770e+06   4.9804688e+01
   2.5030520e+06   6.2438965e+01
   2.5061930e+06   4.4067383e+01
   2.5103390e+06   5.3466797e+01
   2.5123220e+06   4.4311523e+01
   2.5127280e+06   4.4921875e+01
   2.5142150e+06   5.4687500e+01
   2.5148190e+06   4.8461914e+01
   2.5227320e+06   5.0598145e+01
   2.5248060e+06   4.3945313e+01
   2.5271020e+06   4.5959473e+01
   2.5291320e+06   4.6325684e+01
   2.5298850e+06   5.5908203e+01
   2.5315760e+06   4.9987793e+01
   2.5419310e+06   4.4982910e+01
   2.5514840e+06   5.3283691e+01
   2.5536070e+06   4.4799805e+01
   2.5546160e+06   5.1635742e+01
   2.5627190e+06   4.5898438e+01
   2.5669230e+06   5.0170898e+01
   2.5684530e+06   4.9560547e+01
   2.5761920e+06   4.6752930e+01
   2.5782650e+06   4.7302246e+01
   2.5819290e+06   5.3588867e+01
   2.5869340e+06   4.5349121e+01
   2.5900620e+06   5.3405762e+01
   2.5941120e+06   4.8095703e+01
   2.5983070e+06   4.8156738e+01
   2.6057410e+06   4.7851563e+01
   2.6066060e+06   4.9438477e+01
   2.6089190e+06   4.9804688e+01
   2.6142790e+06   4.4982910e+01
   2.6191900e+06   4.5410156e+01
   2.6218450e+06   4.4372559e+01
   2.6231640e+06   4.5288086e+01
   2.6235120e+06   4.7058105e+01
   2.6301870e+06   4.3945313e+01
   2.6340850e+06   5.6823730e+01
   2.6394120e+06   4.7119141e+01
   2.6398520e+06   5.8349609e+01
   2.6460000e+06   4.7851563e+01
   2.6466470e+06   4.4738770e+01
   2.6510990e+06   5.1330566e+01
   2.6565100e+06   4.5227051e+01
   2.6574300e+06   4.9865723e+01
   2.6592540e+06   4.5410156e+01
   2.6597720e+06   4.8339844e+01
   2.6629020e+06   4.8461914e+01
   2.6636750e+06   4.6508789e+01
   2.6654250e+06   4.9316406e+01
   2.6685920e+06   4.8522949e+01
   2.6707940e+06   5.0048828e+01
   2.6739640e+06   4.6936035e+01
   2.6762360e+06   4.6875000e+01
   2.6793060e+06   5.4382324e+01
   2.6799980e+06   4.6630859e+01
   2.6847850e+06   4.9865723e+01
   2.6921880e+06   5.3100586e+01
   2.6957980e+06   4.5654297e+01
   2.7008530e+06   5.2368164e+01
   2.7012500e+06   5.0048828e+01
   2.7031170e+06   4.4311523e+01
   2.7041980e+06   5.0109863e+01
   2.7092980e+06   4.9133301e+01
   2.7102800e+06   4.4677734e+01
   2.7103540e+06   5.4870605e+01
   2.7107620e+06   4.8400879e+01
   2.7108980e+06   5.1940918e+01
   2.7112080e+06   4.8828125e+01
   2.7113500e+06   4.5776367e+01
   2.7119210e+06   4.9926758e+01
   2.7121200e+06   4.4677734e+01
   2.7237370e+06   5.1330566e+01
   2.7238320e+06   4.5532227e+01
   2.7241780e+06   4.8950195e+01
   2.7242780e+06   4.4189453e+01
   2.7249320e+06   6.2072754e+01
   2.7491020e+06   4.4738770e+01
   2.7639770e+06   4.5166016e+01
   2.7677300e+06   5.7189941e+01
   2.7680860e+06   4.6875000e+01
   2.7686600e+06   4.7424316e+01
   2.7708720e+06   5.2612305e+01
   2.7721640e+06   4.4921875e+01
   2.7747900e+06   4.6569824e+01
   2.7766100e+06   4.6630859e+01
   2.7793320e+06   5.9814453e+01
   2.7812560e+06   5.4992676e+01
   2.7815010e+06   4.3945313e+01
   2.7834340e+06   4.5471191e+01
   2.7844460e+06   4.6508789e+01
   2.7847430e+06   5.5908203e+01
   2.7877070e+06   5.1452637e+01
   2.7919020e+06   4.4494629e+01
   2.7931670e+06   4.8034668e+01
   2.7944400e+06   4.8522949e+01
   2.8011520e+06   4.8706055e+01
   2.8023620e+06   4.5715332e+01
   2.8072830e+06   5.3955078e+01
   2.8099360e+06   4.5593262e+01
   2.8165240e+06   5.1391602e+01
   2.8186660e+06   5.0415039e+01
   2.8233990e+06   4.4067383e+01
   2.8238920e+06   4.5532227e+01
   2.8264750e+06   4.7485352e+01
   2.8333930e+06   6.1828613e+01
   2.8340100e+06   4.9621582e+01
   2.8366160e+06   4.6081543e+01
   2.8377190e+06   5.4321289e+01
   2.8386580e+06   4.4189453e+01
   2.8389470e+06   4.8706055e+01
   2.8391060e+06   4.7851563e+01
   2.8392370e+06   4.5410156e+01
   2.8459310e+06   4.4067383e+01
   2.8479270e+06   4.6936035e+01
   2.8511550e+06   4.6386719e+01
   2.8530530e+06   5.7128906e+01
   2.8539550e+06   4.5471191e+01
   2.8569430e+06   5.4321289e+01
   2.8589170e+06   4.7546387e+01
   2.8598420e+06   4.6936035e+01
   2.8694740e+06   4.4372559e+01
   2.8733160e+06   5.0476074e+01
   2.8753260e+06   4.8645020e+01
   2.8769280e+06   5.0659180e+01
   2.8803430e+06   4.8095703e+01
   2.8830000e+06   4.7424316e+01
   2.8853480e+06   4.9011230e+01
   2.8880010e+06   5.8898926e+01
   2.8891210e+06   4.9316406e+01
   2.8934310e+06   4.6264648e+01
   2.8940130e+06   4.4311523e+01
   2.8977520e+06   4.8400879e+01
   2.8999600e+06   4.9987793e+01
   2.9010290e+06   4.5104980e+01
   2.9019540e+06   4.9072266e+01
   2.9033010e+06   4.4738770e+01
   2.9043890e+06   4.7058105e+01
   2.9109670e+06   4.9133301e+01
   2.9165790e+06   5.0109863e+01
   2.9243710e+06   4.7485352e+01
   2.9272270e+06   4.5104980e+01
   2.9293030e+06   4.6142578e+01
   2.9318440e+06   5.0537109e+01
   2.9352110e+06   5.1635742e+01
   2.9385280e+06   5.2551270e+01
   2.9395090e+06   4.7180176e+01
   2.9412770e+06   4.7241211e+01
   2.9458020e+06   4.9133301e+01
   2.9513360e+06   4.4128418e+01
   2.9571280e+06   5.8959961e+01
   2.9578140e+06   5.3100586e+01
   2.9591600e+06   4.5593262e+01
   2.9593590e+06   5.0292969e+01
   2.9594780e+06   4.9377441e+01
   2.9600500e+06   4.6569824e+01
   2.9618800e+06   5.4443359e+01
   2.9649640e+06   4.4006348e+01
   2.9709940e+06   5.0476074e+01
   2.9815300e+06   4.7607422e+01
   2.9826300e+06   5.0170898e+01
   2.9835970e+06   5.0048828e+01
   2.9855060e+06   5.2673340e+01
   2.9893350e+06   5.1513672e+01
   2.9932530e+06   5.4687500e+01
   2.9946680e+06   4.5104980e+01
   2.9967340e+06   4.7546387e+01
