   2.9990000e+06   0.0000000e+00
   4.1000000e+01   3.9999390e+03
   1.1500000e+02   4.6752930e+01
   1.6500000e+02   6.3293457e+01
   1.7900000e+02   4.7424316e+01
   5.2500000e+02   4.7729492e+01
   7.3300000e+02   4.0649414e+01
   9.1300000e+02   4.6081543e+01
   1.0030000e+03   3.8391113e+01
   1.1450000e+03   1.1602783e+02
   1.1690000e+03   4.1259766e+01
   3.3409000e+04   5.0964355e+01
   4.9125000e+04   6.1462402e+01
   5.0053000e+04   2.0104370e+03
   5.0109000e+04   6.1462402e+01
   5.0162000e+04   1.3641357e+02
   5.0196000e+04   4.1564941e+01
   5.0244000e+04   5.0415039e+01
   7.4608000e+04   4.8645020e+01
   7.4712000e+04   4.1015625e+01
   7.4723000e+04   9.4787598e+01
   7.4733000e+04   3.9428711e+01
   7.4769000e+04   4.2236328e+01
   7.4790000e+04   4.7119141e+01
   7.4833000e+04   5.0354004e+01
   7.4899000e+04   4.1748047e+01
   7.4964000e+04   3.9306641e+01
   7.4990000e+04   4.0283203e+01
   7.5131000e+04   5.0415039e+01
   7.6226000e+04   4.0527344e+01
   1.0006700e+05   2.0073853e+03
   1.0012400e+05   6.3171387e+01
   1.0018000e+05   1.2677002e+02
   1.0020900e+05   3.8024902e+01
   1.0026000e+05   5.1696777e+01
   1.2726800e+05   4.3762207e+01
   1.3781700e+05   6.6833496e+01
   1.3790000e+05   5.6274414e+01
   1.3796700e+05   4.5043945e+01
   1.3799600e+05   4.2541504e+01
   1.3876600e+05   4.2846680e+01
   1.3887500e+05   1.0723877e+02
   1.5008300e+05   3.9999390e+03
   1.5009500e+05   4.2358398e+01
   1.5013800e+05   5.9082031e+01
   1.5015900e+05   4.2541504e+01
   1.5019600e+05   7.2204590e+01
   1.5021600e+05   6.0729980e+01
   1.5025900e+05   7.1899414e+01
   1.5035700e+05   4.4494629e+01
   1.5043100e+05   3.8024902e+01
   1.8107800e+05   4.9255371e+01
   1.9930500e+05   6.1340332e+01
   2.0009500e+05   2.0068359e+03
   2.0010900e+05   4.3395996e+01
   2.0015100e+05   6.8359375e+01
   2.0020200e+05   1.2701416e+02
   2.0024900e+05   4.0039063e+01
   2.0027400e+05   6.2194824e+01
   2.0691400e+05   9.6801758e+01
   2.0693800e+05   4.5349121e+01
   2.0700600e+05   1.0620117e+02
   2.0709700e+05   5.2490234e+01
   2.0710800e+05   7.3303223e+01
   2.0723900e+05   4.2541504e+01
   2.0931100e+05   3.9245605e+01
   2.2287100e+05   4.6569824e+01
   2.3103200e+05   3.8940430e+01
   2.3684300e+05   5.2856445e+01
   2.4965900e+05   4.0405273e+01
   2.5011100e+05   3.9999390e+03
   2.5012800e+05   3.7658691e+01
   2.5016300e+05   8.2641602e+01
   2.5021400e+05   9.9182129e+01
   2.5022600e+05   5.3588867e+01
   2.5026400e+05   4.7119141e+01
   2.6183000e+05   5.0598145e+01
   2.7780800e+05   4.9804688e+01
   2.8453000e+05   4.7424316e+01
   2.8832800e+05   4.9682617e+01
   2.9331900e+05   5.9692383e+01
   2.9336300e+05   3.9428711e+01
   2.9338800e+05   5.6152344e+01
   2.9349700e+05   5.0720215e+01
   2.9351300e+05   4.3151855e+01
   2.9367100e+05   4.9926758e+01
   2.9376200e+05   5.2490234e+01
   2.9378900e+05   4.3334961e+01
   2.9390000e+05   3.8085938e+01
   3.0012300e+05   2.0112915e+03
   3.0018000e+05   6.7932129e+01
   3.0020700e+05   3.9978027e+01
   3.0032400e+05   3.9245605e+01
   3.1600200e+05   6.1401367e+01
   3.4658800e+05   5.2551270e+01
   3.4708900e+05   3.9001465e+01
   3.5013700e+05   2.0138550e+03
   3.5019300e+05   6.6589355e+01
   3.5023600e+05   8.2885742e+01
   3.5025000e+05   4.4921875e+01
   3.5031200e+05   6.6284180e+01
   3.5032200e+05   4.4616699e+01
   3.6363400e+05   4.1687012e+01
   3.7171300e+05   4.4677734e+01
   3.7892900e+05   7.2631836e+01
   3.7894200e+05   3.9001465e+01
   3.7898100e+05   7.2204590e+01
   3.7899500e+05   4.2907715e+01
   3.7905400e+05   7.6477051e+01
   3.7908000e+05   4.5227051e+01
   3.7911500e+05   6.7199707e+01
   3.7924300e+05   4.4433594e+01
   3.7927700e+05   4.8522949e+01
   3.7938700e+05   4.2602539e+01
   3.7941300e+05   9.3750000e+01
   3.8147600e+05   3.7658691e+01
   3.9873900e+05   3.8208008e+01
   4.0015100e+05   2.0056152e+03
   4.0016400e+05   3.9916992e+01
   4.0020700e+05   5.7250977e+01
   4.0026800e+05   9.4055176e+01
   4.0037300e+05   6.7932129e+01
   4.0042100e+05   4.0100098e+01
   4.5016700e+05   2.0044556e+03
   4.5017700e+05   4.9743652e+01
   4.5022100e+05   6.0485840e+01
   4.5027300e+05   9.3200684e+01
   4.5029800e+05   4.7546387e+01
   4.5035800e+05   3.8330078e+01
   4.5038000e+05   8.7890625e+01
   4.6959600e+05   4.4738770e+01
   5.0018100e+05   3.9999390e+03
   5.0023600e+05   5.8532715e+01
   5.0027300e+05   1.0150146e+02
   5.0035200e+05   6.3110352e+01
   5.0038300e+05   4.6936035e+01
   5.0053500e+05   4.4372559e+01
   5.2025800e+05   1.1853027e+02
   5.2033300e+05   6.6650391e+01
   5.2045100e+05   5.6640625e+01
   5.2046400e+05   4.5104980e+01
   5.2086800e+05   5.2368164e+01
   5.2175000e+05   5.3771973e+01
   5.2591300e+05   5.1574707e+01
   5.4146300e+05   4.5898438e+01
   5.5019500e+05   3.9999390e+03
   5.5025100e+05   4.7241211e+01
   5.5029800e+05   1.1523438e+02
   5.5035400e+05   5.6274414e+01
   5.6910800e+05   5.1940918e+01
   5.9059200e+05   6.8176270e+01
   5.9096400e+05   9.9670410e+01
   5.9103200e+05   5.7556152e+01
   5.9105800e+05   5.6030273e+01
   5.9109200e+05   4.4006348e+01
   5.9119600e+05   4.1748047e+01
   5.9149500e+05   3.9428711e+01
   5.9151200e+05   4.6142578e+01
   5.9203300e+05   5.9387207e+01
   5.9210900e+05   8.7280273e+01
   6.0020700e+05   2.0083618e+03
   6.0022000e+05   4.2358398e+01
   6.0026500e+05   6.0424805e+01
   6.0034500e+05   1.0443115e+02
   6.0035500e+05   4.2480469e+01
   6.2819700e+05   4.9987793e+01
   6.3303500e+05   4.9194336e+01
   6.5022100e+05   2.0092163e+03
   6.5027900e+05   6.3110352e+01
   6.5033300e+05   6.5307617e+01
   6.5034400e+05   4.7302246e+01
   6.5038600e+05   4.5104980e+01
   6.5041500e+05   1.0498047e+02
   6.6521600e+05   4.5654297e+01
   6.8505200e+05   5.0109863e+01
   7.0023500e+05   2.0048218e+03
   7.0024800e+05   3.9978027e+01
   7.0029200e+05   6.6650391e+01
   7.0035700e+05   8.9782715e+01
   7.0043800e+05   4.7180176e+01
   7.0188100e+05   1.0949707e+02
   7.0211700e+05   9.6557617e+01
   7.0316400e+05   5.0415039e+01
   7.2001600e+05   5.2368164e+01
   7.2088800e+05   3.8391113e+01
   7.2091000e+05   4.1809082e+01
   7.2097800e+05   1.0931396e+02
   7.2106500e+05   4.8583984e+01
   7.2128400e+05   4.7302246e+01
   7.2179100e+05   3.9855957e+01
   7.3788600e+05   5.1208496e+01
   7.5024900e+05   2.0101318e+03
   7.5030500e+05   6.9335938e+01
   7.5036300e+05   1.0394287e+02
   7.5044300e+05   6.0974121e+01
   7.6211600e+05   5.8410645e+01
   7.9652700e+05   5.4321289e+01
   7.9768200e+05   4.0954590e+01
   8.0026500e+05   2.0116577e+03
   8.0032000e+05   6.0363770e+01
   8.0036500e+05   1.0034180e+02
   8.0038500e+05   3.8269043e+01
   8.0043100e+05   5.0659180e+01
   8.2300800e+05   4.6630859e+01
   8.3451300e+05   5.4870605e+01
   8.3471700e+05   5.4870605e+01
   8.3502800e+05   4.2297363e+01
   8.3607700e+05   5.6945801e+01
   8.3686900e+05   5.1818848e+01
   8.5027700e+05   2.0067749e+03
   8.5033600e+05   5.7678223e+01
   8.5038400e+05   4.6325684e+01
   8.5041700e+05   9.5153809e+01
   8.5043200e+05   3.9306641e+01
   8.5050400e+05   6.5856934e+01
   8.6744400e+05   3.7841797e+01
   8.7625500e+05   5.1391602e+01
   8.7682800e+05   4.0588379e+01
   8.7698700e+05   3.8085938e+01
   8.7746500e+05   4.1564941e+01
   9.0029100e+05   2.0119019e+03
   9.0034700e+05   5.3527832e+01
   9.0040600e+05   4.5471191e+01
   9.0042200e+05   9.2773438e+01
   9.0045800e+05   3.8269043e+01
   9.5030700e+05   3.9999390e+03
   9.5031700e+05   4.2480469e+01
   9.5036000e+05   7.1472168e+01
   9.5040500e+05   3.9855957e+01
   9.5041700e+05   1.1682129e+02
   9.5048400e+05   4.6752930e+01
   9.5051400e+05   6.4086914e+01
   9.5592900e+05   4.9621582e+01
   9.5626500e+05   4.3212891e+01
   9.7600500e+05   5.2795410e+01
   9.9952900e+05   3.9306641e+01
   9.9994700e+05   7.0556641e+01
   1.0000900e+06   6.3049316e+01
   1.0002180e+06   4.0344238e+01
   1.0003030e+06   3.9123535e+01
   1.0003210e+06   3.9999390e+03
   1.0003930e+06   6.9519043e+01
   1.0005780e+06   4.9865723e+01
   1.0308170e+06   3.9062500e+01
   1.0308310e+06   9.2590332e+01
   1.0308680e+06   4.3640137e+01
   1.0310310e+06   4.0832520e+01
   1.0503330e+06   2.0073242e+03
   1.0503900e+06   6.6589355e+01
   1.0504480e+06   1.0058594e+02
   1.0504760e+06   4.4799805e+01
   1.0505810e+06   7.3730469e+01
   1.0622700e+06   5.5236816e+01
   1.0805240e+06   4.6264648e+01
   1.0805750e+06   4.2297363e+01
   1.0809100e+06   4.0649414e+01
   1.1003490e+06   3.9999390e+03
   1.1004030e+06   6.7932129e+01
   1.1004710e+06   4.1015625e+01
   1.1005770e+06   6.9396973e+01
   1.1162250e+06   4.8828125e+01
   1.1165690e+06   3.8146973e+01
   1.1422960e+06   4.4250488e+01
   1.1499960e+06   5.7617188e+01
   1.1503630e+06   3.9999390e+03
   1.1504160e+06   8.0566406e+01
   1.1504790e+06   6.5917969e+01
   1.1505280e+06   4.2175293e+01
   1.1732400e+06   3.9733887e+01
   1.1734230e+06   9.8327637e+01
   1.1734380e+06   3.8024902e+01
   1.1735770e+06   6.2927246e+01
   1.1736020e+06   3.9733887e+01
   1.1736310e+06   3.8146973e+01
   1.1736790e+06   7.1044922e+01
   1.1738390e+06   4.4128418e+01
   1.1740600e+06   5.5725098e+01
   1.1759400e+06   4.6569824e+01
   1.2003770e+06   3.9999390e+03
   1.2003870e+06   3.8085938e+01
   1.2004100e+06   4.0344238e+01
   1.2004320e+06   6.7443848e+01
   1.2004590e+06   4.3151855e+01
   1.2005030e+06   8.4960938e+01
   1.2005300e+06   4.4555664e+01
   1.2503890e+06   2.0111694e+03
   1.2504460e+06   6.8664551e+01
   1.2505120e+06   5.7495117e+01
   1.2759600e+06   4.9621582e+01
   1.2810200e+06   1.1077881e+02
   1.2810370e+06   3.8146973e+01
   1.2810770e+06   8.9599609e+01
   1.2811100e+06   4.9682617e+01
   1.2811280e+06   4.5593262e+01
   1.2811450e+06   7.0617676e+01
   1.2812440e+06   4.4006348e+01
   1.2812550e+06   6.9763184e+01
   1.2812810e+06   4.3884277e+01
   1.2813780e+06   5.5358887e+01
   1.2814230e+06   3.9550781e+01
   1.2816330e+06   4.7424316e+01
   1.2818210e+06   5.0598145e+01
   1.2822700e+06   4.8400879e+01
   1.3004050e+06   3.9999390e+03
   1.3004160e+06   4.1076660e+01
   1.3004610e+06   4.9987793e+01
   1.3005290e+06   4.8156738e+01
   1.3092440e+06   4.5471191e+01
   1.3128220e+06   4.1320801e+01
   1.3196610e+06   4.3334961e+01
   1.3380090e+06   4.7363281e+01
   1.3504190e+06   3.9999390e+03
   1.3504740e+06   7.1655273e+01
   1.3505290e+06   1.1883545e+02
   1.3506850e+06   4.9316406e+01
   1.3763310e+06   5.0659180e+01
   1.3825760e+06   4.3395996e+01
   1.3990480e+06   4.8461914e+01
   1.4004330e+06   3.9999390e+03
   1.4004440e+06   3.9367676e+01
   1.4004890e+06   6.9213867e+01
   1.4005760e+06   8.4472656e+01
   1.4005870e+06   4.3090820e+01
   1.4309080e+06   1.1523438e+02
   1.4310030e+06   1.1187744e+02
   1.4310960e+06   8.8500977e+01
   1.4311630e+06   3.9672852e+01
   1.4318870e+06   4.6264648e+01
   1.4322000e+06   4.0039063e+01
   1.4504450e+06   2.0100098e+03
   1.4504640e+06   4.2297363e+01
   1.4505020e+06   5.4077148e+01
   1.4505160e+06   4.0710449e+01
   1.4505760e+06   1.4514160e+02
   1.4505860e+06   4.6203613e+01
   1.4720840e+06   4.4677734e+01
   1.4852950e+06   5.6640625e+01
   1.4936920e+06   4.3884277e+01
   1.5004590e+06   2.0080566e+03
   1.5005160e+06   6.5795898e+01
   1.5005780e+06   4.3029785e+01
   1.5005950e+06   9.5642090e+01
   1.5006420e+06   4.7973633e+01
   1.5007180e+06   5.6945801e+01
   1.5148760e+06   5.0048828e+01
   1.5285500e+06   6.0180664e+01
   1.5320440e+06   4.0710449e+01
   1.5321490e+06   5.0720215e+01
   1.5323000e+06   4.8767090e+01
   1.5325130e+06   5.1025391e+01
   1.5327820e+06   4.4311523e+01
   1.5331730e+06   4.1442871e+01
   1.5504730e+06   2.0070801e+03
   1.5505300e+06   6.0119629e+01
   1.5505440e+06   4.5349121e+01
   1.5506050e+06   8.7280273e+01
   1.5506980e+06   4.4128418e+01
   1.5527370e+06   4.3090820e+01
   1.5614880e+06   5.2978516e+01
   1.5895430e+06   5.3894043e+01
   1.6004870e+06   2.0053711e+03
   1.6005030e+06   3.8879395e+01
   1.6005440e+06   5.9082031e+01
   1.6005970e+06   8.8439941e+01
   1.6006430e+06   4.7607422e+01
   1.6006900e+06   5.7983398e+01
   1.6256020e+06   4.8767090e+01
   1.6261860e+06   4.8095703e+01
   1.6262730e+06   9.7778320e+01
   1.6264460e+06   4.3518066e+01
   1.6269530e+06   4.6081543e+01
   1.6270540e+06   1.0485840e+02
   1.6274760e+06   6.0791016e+01
   1.6275720e+06   3.9916992e+01
   1.6505030e+06   3.9999390e+03
   1.6505600e+06   6.2500000e+01
   1.6506330e+06   9.1491699e+01
   1.6651940e+06   4.4494629e+01
   1.6738960e+06   4.4860840e+01
   1.6742540e+06   5.1879883e+01
   1.7005150e+06   2.0056763e+03
   1.7005450e+06   4.7607422e+01
   1.7006450e+06   4.3640137e+01
   1.7006600e+06   5.9814453e+01
   1.7025240e+06   6.8847656e+01
   1.7026920e+06   4.7729492e+01
   1.7027840e+06   4.7119141e+01
   1.7132910e+06   4.5104980e+01
   1.7223760e+06   4.8339844e+01
   1.7372480e+06   4.4433594e+01
   1.7453200e+06   6.0485840e+01
   1.7464920e+06   5.6152344e+01
   1.7470300e+06   4.6142578e+01
   1.7505310e+06   3.9999390e+03
   1.7505860e+06   5.5541992e+01
   1.7506510e+06   3.9855957e+01
   1.7506880e+06   4.5776367e+01
   1.7588680e+06   4.0344238e+01
   1.7856840e+06   7.2570801e+01
   1.7860900e+06   1.2908936e+02
   1.7876750e+06   4.6508789e+01
   1.7949390e+06   4.5410156e+01
   1.7949630e+06   1.2365723e+02
   1.7949810e+06   4.1687012e+01
   1.7949990e+06   3.8452148e+01
   1.7950200e+06   1.0485840e+02
   1.7950520e+06   6.0668945e+01
   1.7950670e+06   4.2480469e+01
   1.7951030e+06   4.0771484e+01
   1.7951580e+06   7.2937012e+01
   1.7952440e+06   4.8767090e+01
   1.7952880e+06   4.2846680e+01
   1.7954210e+06   7.7636719e+01
   1.7954710e+06   4.3395996e+01
   1.7956220e+06   3.9123535e+01
   1.7956520e+06   5.5114746e+01
   1.7971670e+06   3.9001465e+01
   1.8005430e+06   2.0100708e+03
   1.8006010e+06   5.5297852e+01
   1.8505590e+06   3.9999390e+03
   1.8506140e+06   6.0058594e+01
   1.8506760e+06   6.1523438e+01
   1.8507050e+06   3.8757324e+01
   1.8507750e+06   4.5959473e+01
   1.8639660e+06   8.3618164e+01
   1.8642990e+06   4.6386719e+01
   1.8895120e+06   4.7424316e+01
   1.9005710e+06   2.0051270e+03
   1.9006290e+06   5.6091309e+01
   1.9007000e+06   8.5449219e+01
   1.9007690e+06   4.5959473e+01
   1.9008210e+06   6.7382813e+01
   1.9091340e+06   3.8085938e+01
   1.9148230e+06   5.2368164e+01
   1.9195980e+06   4.9316406e+01
   1.9369300e+06   4.1320801e+01
   1.9484270e+06   4.6813965e+01
   1.9505850e+06   2.0069580e+03
   1.9506430e+06   6.0913086e+01
   1.9507610e+06   1.2664795e+02
   1.9508620e+06   4.0588379e+01
   1.9570600e+06   3.7902832e+01
   1.9575220e+06   3.8635254e+01
   1.9577600e+06   5.0109863e+01
   1.9578060e+06   1.2072754e+02
   1.9580660e+06   5.9020996e+01
   1.9583090e+06   4.0710449e+01
   1.9589330e+06   1.0693359e+02
   1.9837290e+06   4.7485352e+01
   1.9924240e+06   5.0781250e+01
   2.0005990e+06   2.0067139e+03
   2.0006560e+06   5.8410645e+01
   2.0007610e+06   1.1370850e+02
   2.0007780e+06   4.7546387e+01
   2.0008480e+06   8.6975098e+01
   2.0008670e+06   3.7902832e+01
   2.0349890e+06   7.0922852e+01
   2.0350030e+06   3.9306641e+01
   2.0351100e+06   4.0039063e+01
   2.0352760e+06   4.3579102e+01
   2.0360010e+06   4.1198730e+01
   2.0506130e+06   2.0036011e+03
   2.0506700e+06   6.5551758e+01
   2.0867180e+06   5.2246094e+01
   2.1006270e+06   2.0142212e+03
   2.1006840e+06   6.5917969e+01
   2.1007700e+06   8.8684082e+01
   2.1072120e+06   5.1269531e+01
   2.1506410e+06   2.0073853e+03
   2.1506980e+06   5.7495117e+01
   2.1507560e+06   3.8574219e+01
   2.1507790e+06   7.1044922e+01
   2.1507940e+06   5.2062988e+01
   2.1508820e+06   3.8818359e+01
   2.1725090e+06   3.9062500e+01
   2.1732470e+06   3.8208008e+01
   2.1897570e+06   4.9682617e+01
   2.2006550e+06   2.0125122e+03
   2.2006690e+06   4.4555664e+01
   2.2007130e+06   7.1716309e+01
   2.2007930e+06   1.0095215e+02
   2.2008140e+06   4.1748047e+01
   2.2011090e+06   4.9987793e+01
   2.2012930e+06   3.7841797e+01
   2.2015660e+06   3.8818359e+01
   2.2022210e+06   4.6936035e+01
   2.2481490e+06   4.1442871e+01
   2.2506690e+06   2.0252686e+03
   2.2507270e+06   5.3222656e+01
   2.2507610e+06   8.5449219e+01
   2.2508150e+06   7.0495605e+01
   2.2537360e+06   4.9255371e+01
   2.2544300e+06   4.9865723e+01
   2.2801780e+06   1.0064697e+02
   2.2802980e+06   3.9428711e+01
   2.2822180e+06   4.8645020e+01
   2.2996870e+06   4.2968750e+01
   2.3006850e+06   2.0119019e+03
   2.3007400e+06   6.3842773e+01
   2.3008400e+06   8.9843750e+01
   2.3252370e+06   4.3884277e+01
   2.3318510e+06   4.1137695e+01
   2.3467290e+06   4.8461914e+01
   2.3506970e+06   2.0104370e+03
   2.3507540e+06   5.3039551e+01
   2.3508240e+06   1.0296631e+02
   2.3508600e+06   4.5837402e+01
   2.3749450e+06   3.8574219e+01
   2.3836050e+06   4.1625977e+01
   2.3894380e+06   7.4401855e+01
   2.3894510e+06   5.1025391e+01
   2.3895010e+06   4.7729492e+01
   2.3895130e+06   4.5227051e+01
   2.3896330e+06   4.7485352e+01
   2.3898150e+06   3.8024902e+01
   2.4007110e+06   2.0070190e+03
   2.4007690e+06   6.7871094e+01
   2.4260330e+06   4.7973633e+01
   2.4507250e+06   2.0075073e+03
   2.4507360e+06   4.5959473e+01
   2.4507830e+06   6.4147949e+01
   2.4508030e+06   3.8574219e+01
   2.4508460e+06   9.9426270e+01
   2.4509160e+06   3.8818359e+01
   2.4509500e+06   7.0495605e+01
   2.5094330e+06   4.4921875e+01
   2.5413930e+06   4.9377441e+01
   2.5422510e+06   6.4025879e+01
   2.5424100e+06   7.9284668e+01
   2.5434710e+06   4.3334961e+01
   2.5758660e+06   4.1259766e+01
   2.5764390e+06   4.5776367e+01
   2.5817650e+06   4.5654297e+01
   2.5818220e+06   4.1931152e+01
   2.6102470e+06   4.3334961e+01
   2.6318770e+06   4.6875000e+01
   2.6467040e+06   4.5104980e+01
   2.6614920e+06   4.6691895e+01
   2.6617800e+06   6.7932129e+01
   2.6618530e+06   1.0522461e+02
   2.6619320e+06   4.7729492e+01
   2.6622860e+06   1.1102295e+02
   2.6658340e+06   4.1381836e+01
   2.6825300e+06   5.4992676e+01
   2.7078130e+06   3.8757324e+01
   2.7089560e+06   5.3527832e+01
   2.7090890e+06   3.8024902e+01
   2.7091230e+06   5.3527832e+01
   2.7092610e+06   5.0964355e+01
   2.7092830e+06   3.9306641e+01
   2.7093230e+06   3.8330078e+01
   2.7093700e+06   4.2236328e+01
   2.7100210e+06   3.8208008e+01
   2.7109780e+06   6.4208984e+01
   2.7111380e+06   4.7424316e+01
   2.7111740e+06   3.7719727e+01
   2.7113220e+06   6.0241699e+01
   2.7118160e+06   6.6284180e+01
   2.7119680e+06   5.4504395e+01
   2.7237240e+06   3.8330078e+01
   2.7237910e+06   7.1838379e+01
   2.7238110e+06   6.1645508e+01
   2.7238440e+06   9.4848633e+01
   2.7238650e+06   3.7902832e+01
   2.7239450e+06   7.4707031e+01
   2.7239660e+06   5.0415039e+01
   2.7242400e+06   4.0527344e+01
   2.7256090e+06   4.0100098e+01
   2.7258950e+06   4.3029785e+01
   2.7263520e+06   4.2175293e+01
   2.8079950e+06   5.3588867e+01
   2.8399530e+06   5.3161621e+01
   2.8589410e+06   4.8645020e+01
   2.8594360e+06   5.0781250e+01
   2.8600530e+06   4.2663574e+01
   2.8666820e+06   4.6936035e+01
   2.8981500e+06   4.7851563e+01
   2.8990760e+06   5.3344727e+01
   2.8993670e+06   4.7912598e+01
   2.8995870e+06   4.8156738e+01
   2.9133030e+06   5.1208496e+01
   2.9317780e+06   4.5532227e+01
   2.9405720e+06   4.4250488e+01
   2.9695310e+06   4.9011230e+01
   2.9767230e+06   4.2541504e+01
   2.9825680e+06   5.7495117e+01
   2.9827470e+06   1.2377930e+02
   2.9829250e+06   5.2734375e+01
   2.9912330e+06   4.4555664e+01
   2.9980920e+06   5.6457520e+01
