   2.9990000e+06   0.0000000e+00
   4.1000000e+01   3.9999390e+03
   1.0100000e+02   3.9794922e+01
   1.6600000e+02   4.3701172e+01
   1.8800000e+02   2.9174805e+01
   3.1929000e+04   4.6691895e+01
   4.7035000e+04   3.5400391e+01
   4.9911000e+04   4.5349121e+01
   5.0055000e+04   3.9999390e+03
   5.0117000e+04   4.1809082e+01
   5.0174000e+04   3.0273438e+01
   5.0200000e+04   2.9296875e+01
   5.0260000e+04   3.7536621e+01
   7.4621000e+04   3.6010742e+01
   7.4667000e+04   4.1442871e+01
   7.4688000e+04   6.1462402e+01
   7.4713000e+04   4.7119141e+01
   7.4748000e+04   4.4921875e+01
   7.4776000e+04   3.5644531e+01
   7.4793000e+04   2.9174805e+01
   7.4822000e+04   4.7485352e+01
   7.4861000e+04   4.1564941e+01
   7.4960000e+04   3.7597656e+01
   7.4996000e+04   4.5410156e+01
   7.5289000e+04   3.0090332e+01
   7.5419000e+04   3.5644531e+01
   1.0006900e+05   3.9999390e+03
   1.0012800e+05   4.0405273e+01
   1.0019700e+05   4.6386719e+01
   1.0023600e+05   5.3710938e+01
   1.0066100e+05   3.0395508e+01
   1.0134700e+05   3.8269043e+01
   1.0148200e+05   3.8818359e+01
   1.2783900e+05   3.5583496e+01
   1.3704400e+05   3.9489746e+01
   1.3871500e+05   4.1503906e+01
   1.5008300e+05   2.0051880e+03
   1.5014000e+05   4.2236328e+01
   1.5019600e+05   3.6743164e+01
   1.5023500e+05   3.6499023e+01
   1.5026900e+05   3.9672852e+01
   1.5087200e+05   3.5034180e+01
   1.8029800e+05   3.6560059e+01
   1.8477100e+05   2.9357910e+01
   2.0009500e+05   2.0101318e+03
   2.0015500e+05   3.6926270e+01
   2.0023100e+05   3.1616211e+01
   2.0027400e+05   5.4199219e+01
   2.0030900e+05   3.6926270e+01
   2.0108000e+05   4.1687012e+01
   2.0604300e+05   5.0903320e+01
   2.0610800e+05   4.0283203e+01
   2.0614400e+05   3.0822754e+01
   2.0642600e+05   3.5400391e+01
   2.0665100e+05   3.3813477e+01
   2.0675800e+05   3.5156250e+01
   2.0685800e+05   3.5888672e+01
   2.0690700e+05   3.8635254e+01
   2.0692200e+05   3.0761719e+01
   2.0695900e+05   3.3203125e+01
   2.0697400e+05   3.1005859e+01
   2.0698900e+05   3.2043457e+01
   2.0704600e+05   3.1738281e+01
   2.0710000e+05   3.6804199e+01
   2.0714300e+05   3.6315918e+01
   2.0715500e+05   3.1433105e+01
   2.0717200e+05   4.9499512e+01
   2.0726700e+05   4.1259766e+01
   2.0742800e+05   3.1372070e+01
   2.0766600e+05   3.0578613e+01
   2.5010900e+05   2.0042725e+03
   2.5012300e+05   3.4118652e+01
   2.5028400e+05   3.7658691e+01
   2.5036300e+05   3.2836914e+01
   2.6889900e+05   4.2968750e+01
   2.6919100e+05   4.5471191e+01
   2.6964300e+05   4.4189453e+01
   2.9234800e+05   3.7658691e+01
   2.9288000e+05   3.9855957e+01
   2.9297900e+05   4.2968750e+01
   2.9302700e+05   3.3447266e+01
   2.9309400e+05   3.3142090e+01
   2.9313400e+05   4.2724609e+01
   2.9319300e+05   3.5522461e+01
   2.9322300e+05   4.9743652e+01
   2.9328500e+05   3.0090332e+01
   2.9332700e+05   2.9113770e+01
   2.9333700e+05   3.0700684e+01
   2.9335300e+05   4.0466309e+01
   2.9342400e+05   4.0222168e+01
   2.9352000e+05   4.4860840e+01
   2.9359300e+05   3.0761719e+01
   2.9362100e+05   5.1818848e+01
   2.9387600e+05   4.6630859e+01
   3.0012300e+05   2.0045166e+03
   3.0018900e+05   3.3569336e+01
   3.0026500e+05   4.2358398e+01
   3.1425800e+05   3.7353516e+01
   3.5013700e+05   2.0109863e+03
   3.5020000e+05   4.0832520e+01
   3.5027100e+05   4.2663574e+01
   3.5034600e+05   2.9907227e+01
   3.5682900e+05   3.1677246e+01
   3.5722800e+05   4.6081543e+01
   3.7433200e+05   4.5166016e+01
   3.7881600e+05   3.7841797e+01
   3.7886600e+05   4.8706055e+01
   3.7888800e+05   4.5593262e+01
   3.7891700e+05   4.0100098e+01
   3.7894300e+05   4.1259766e+01
   3.7896600e+05   3.9611816e+01
   3.7899100e+05   4.5654297e+01
   3.7902300e+05   2.9296875e+01
   3.7905600e+05   4.9743652e+01
   3.7911500e+05   3.0639648e+01
   3.7919800e+05   3.8696289e+01
   3.7922600e+05   3.8269043e+01
   3.7930900e+05   3.5400391e+01
   3.7936900e+05   4.2175293e+01
   3.7949100e+05   3.5766602e+01
   3.7960600e+05   3.2592773e+01
   4.0015100e+05   2.0071411e+03
   4.0021200e+05   3.4606934e+01
   4.0027900e+05   3.7536621e+01
   4.0032200e+05   4.9987793e+01
   4.3093400e+05   2.9785156e+01
   4.3224700e+05   2.9663086e+01
   4.3623700e+05   3.5217285e+01
   4.5016500e+05   2.0052490e+03
   4.5026100e+05   3.0883789e+01
   4.5033200e+05   3.9306641e+01
   4.5207600e+05   3.9855957e+01
   4.6320400e+05   3.2348633e+01
   4.7914200e+05   3.4667969e+01
   4.8435100e+05   4.5227051e+01
   4.9453400e+05   4.7790527e+01
   4.9506100e+05   3.8940430e+01
   4.9953300e+05   4.4311523e+01
   4.9984100e+05   3.0761719e+01
   5.0015400e+05   3.8635254e+01
   5.0018100e+05   3.9999390e+03
   5.0023500e+05   3.9550781e+01
   5.0030800e+05   3.1677246e+01
   5.0039800e+05   3.3569336e+01
   5.2019500e+05   3.1311035e+01
   5.2039000e+05   3.9184570e+01
   5.2056500e+05   4.6630859e+01
   5.3376300e+05   4.1992188e+01
   5.5019300e+05   2.0109253e+03
   5.5025100e+05   3.4179688e+01
   5.5043100e+05   3.3325195e+01
   5.8973900e+05   2.9357910e+01
   5.8990400e+05   3.4545898e+01
   5.9003200e+05   3.7475586e+01
   5.9027200e+05   3.3996582e+01
   5.9034800e+05   4.0283203e+01
   5.9042200e+05   3.6865234e+01
   5.9049700e+05   5.3771973e+01
   5.9056500e+05   3.2348633e+01
   5.9060700e+05   3.0517578e+01
   5.9065600e+05   4.4555664e+01
   5.9071100e+05   4.3273926e+01
   5.9076500e+05   3.0090332e+01
   5.9088100e+05   4.0100098e+01
   5.9105400e+05   3.7780762e+01
   5.9184700e+05   3.9123535e+01
   5.9198200e+05   3.9855957e+01
   5.9203500e+05   4.3762207e+01
   5.9207400e+05   3.2592773e+01
   5.9225400e+05   2.9724121e+01
   5.9236900e+05   3.4240723e+01
   6.0020700e+05   2.0070801e+03
   6.0022000e+05   3.4606934e+01
   6.0026700e+05   3.1738281e+01
   6.0033700e+05   4.1442871e+01
   6.2702400e+05   3.7353516e+01
   6.3943300e+05   3.4606934e+01
   6.4044000e+05   4.5349121e+01
   6.4155800e+05   3.6865234e+01
   6.5022100e+05   2.0114136e+03
   6.5023200e+05   3.5949707e+01
   6.5028400e+05   4.1687012e+01
   6.5041700e+05   4.4799805e+01
   6.7673600e+05   4.5654297e+01
   6.8630100e+05   5.1208496e+01
   7.0023700e+05   3.9999390e+03
   7.0024900e+05   3.3081055e+01
   7.0041700e+05   3.5278320e+01
   7.0181000e+05   3.4545898e+01
   7.0216000e+05   4.4677734e+01
   7.0229300e+05   4.3273926e+01
   7.2076600e+05   4.7180176e+01
   7.2082000e+05   4.5593262e+01
   7.2084300e+05   3.2470703e+01
   7.2088400e+05   4.9560547e+01
   7.2091000e+05   3.1616211e+01
   7.2097900e+05   3.4912109e+01
   7.2111800e+05   3.2287598e+01
   7.2177500e+05   4.9316406e+01
   7.2182500e+05   2.9785156e+01
   7.2190400e+05   4.0344238e+01
   7.2195700e+05   5.4687500e+01
   7.2202700e+05   2.9663086e+01
   7.2211600e+05   3.0090332e+01
   7.2226200e+05   4.3579102e+01
   7.5024900e+05   2.0059204e+03
   7.5038200e+05   4.9560547e+01
   7.5041100e+05   3.2653809e+01
   7.5049000e+05   3.9001465e+01
   7.7202500e+05   2.9113770e+01
   7.7445600e+05   4.4860840e+01
   7.7897300e+05   4.4799805e+01
   7.8393700e+05   3.1799316e+01
   8.0026300e+05   2.0070801e+03
   8.0031900e+05   5.2368164e+01
   8.0042700e+05   4.5898438e+01
   8.0047200e+05   4.2907715e+01
   8.0277300e+05   3.6376953e+01
   8.3629900e+05   5.1940918e+01
   8.3650100e+05   3.4301758e+01
   8.3671900e+05   4.5898438e+01
   8.3677900e+05   3.0212402e+01
   8.5027700e+05   2.0103760e+03
   8.5033700e+05   4.0222168e+01
   8.7482000e+05   3.6376953e+01
   8.7547200e+05   4.2236328e+01
   8.7560400e+05   4.9255371e+01
   8.7585200e+05   3.1066895e+01
   8.7603300e+05   3.8269043e+01
   8.7605000e+05   2.9235840e+01
   8.7628400e+05   4.7180176e+01
   8.7633500e+05   4.5166016e+01
   8.7647000e+05   2.9052734e+01
   8.7652600e+05   4.6691895e+01
   8.7660200e+05   4.6142578e+01
   9.0029300e+05   3.9999390e+03
   9.0035200e+05   4.8095703e+01
   9.0044100e+05   5.0170898e+01
   9.0049100e+05   4.6447754e+01
   9.0463000e+05   2.9724121e+01
   9.0484000e+05   4.5654297e+01
   9.4195100e+05   4.5288086e+01
   9.4689100e+05   4.7668457e+01
   9.5030500e+05   2.0046387e+03
   9.5036700e+05   3.5095215e+01
   9.5044000e+05   4.2297363e+01
   9.5047900e+05   5.4748535e+01
   9.9916700e+05   3.9611816e+01
   9.9923300e+05   4.0466309e+01
   9.9926700e+05   4.8095703e+01
   9.9938500e+05   3.2043457e+01
   9.9961300e+05   4.4128418e+01
   9.9988300e+05   4.6569824e+01
   1.0000120e+06   3.6437988e+01
   1.0002010e+06   4.4067383e+01
   1.0002840e+06   3.6987305e+01
   1.0003070e+06   3.1188965e+01
   1.0003210e+06   3.9999390e+03
   1.0003910e+06   4.7363281e+01
   1.0004600e+06   3.6132813e+01
   1.0010380e+06   3.3325195e+01
   1.0012510e+06   4.3334961e+01
   1.0137160e+06   3.4790039e+01
   1.0238650e+06   3.4973145e+01
   1.0306770e+06   4.6386719e+01
   1.0307370e+06   4.1320801e+01
   1.0307680e+06   3.9428711e+01
   1.0307940e+06   5.0781250e+01
   1.0308050e+06   3.4423828e+01
   1.0308390e+06   3.0456543e+01
   1.0308910e+06   4.7851563e+01
   1.0310280e+06   3.2348633e+01
   1.0311400e+06   3.1005859e+01
   1.0314700e+06   3.0212402e+01
   1.0503350e+06   3.9999390e+03
   1.0503470e+06   3.3874512e+01
   1.0503980e+06   4.0466309e+01
   1.0504870e+06   4.8034668e+01
   1.0505590e+06   3.3996582e+01
   1.0782330e+06   4.4372559e+01
   1.1003470e+06   2.0117188e+03
   1.1004050e+06   4.2297363e+01
   1.1004810e+06   4.0954590e+01
   1.1005260e+06   3.6560059e+01
   1.1118560e+06   2.9846191e+01
   1.1503610e+06   2.0112915e+03
   1.1504220e+06   5.1208496e+01
   1.1505000e+06   3.4179688e+01
   1.1505990e+06   3.5278320e+01
   1.1641190e+06   3.1311035e+01
   1.1691500e+06   3.1799316e+01
   1.1725920e+06   2.9785156e+01
   1.1726400e+06   3.1982422e+01
   1.1726990e+06   3.9184570e+01
   1.1728240e+06   3.0761719e+01
   1.1730260e+06   3.5705566e+01
   1.1731100e+06   3.5766602e+01
   1.1731640e+06   3.0151367e+01
   1.1732780e+06   3.3142090e+01
   1.1733360e+06   3.9245605e+01
   1.1734040e+06   3.1860352e+01
   1.1734730e+06   3.7780762e+01
   1.1735400e+06   3.3569336e+01
   1.1736030e+06   4.3151855e+01
   1.1747610e+06   4.0710449e+01
   1.2003750e+06   2.0057983e+03
   1.2004360e+06   5.0964355e+01
   1.2005400e+06   3.5095215e+01
   1.2157410e+06   3.0517578e+01
   1.2289550e+06   3.2470703e+01
   1.2290200e+06   3.2714844e+01
   1.2290570e+06   4.4250488e+01
   1.2290820e+06   3.0395508e+01
   1.2295170e+06   2.9968262e+01
   1.2297670e+06   3.6743164e+01
   1.2299070e+06   4.6569824e+01
   1.2299660e+06   3.2409668e+01
   1.2300240e+06   2.9357910e+01
   1.2301910e+06   3.0639648e+01
   1.2305780e+06   3.3142090e+01
   1.2311570e+06   3.0822754e+01
   1.2356240e+06   3.0273438e+01
   1.2503890e+06   2.0052490e+03
   1.2504450e+06   2.9357910e+01
   1.2504780e+06   2.9602051e+01
   1.2505420e+06   4.3090820e+01
   1.2594860e+06   3.9794922e+01
   1.2809220e+06   3.4484863e+01
   1.2809370e+06   3.2897949e+01
   1.2809730e+06   4.5349121e+01
   1.2810010e+06   6.5673828e+01
   1.2810270e+06   5.2917480e+01
   1.2810510e+06   3.0639648e+01
   1.2810810e+06   4.0527344e+01
   1.2811140e+06   3.4118652e+01
   1.2811390e+06   3.3142090e+01
   1.2811700e+06   3.6193848e+01
   1.2812020e+06   4.7424316e+01
   1.2812350e+06   3.5583496e+01
   1.2812460e+06   3.9672852e+01
   1.2812910e+06   4.1015625e+01
   1.2815170e+06   3.2348633e+01
   1.2816060e+06   3.9001465e+01
   1.2817790e+06   3.7231445e+01
   1.3004030e+06   2.0045776e+03
   1.3004670e+06   4.0588379e+01
   1.3005630e+06   4.3579102e+01
   1.3504190e+06   3.9999390e+03
   1.3504780e+06   4.3701172e+01
   1.3505490e+06   3.7658691e+01
   1.3506000e+06   4.1015625e+01
   1.3847450e+06   3.6376953e+01
   1.3862870e+06   3.5034180e+01
   1.3877150e+06   3.8818359e+01
   1.3991960e+06   3.0212402e+01
   1.4004330e+06   3.9999390e+03
   1.4004890e+06   4.6447754e+01
   1.4005010e+06   3.3752441e+01
   1.4005760e+06   3.0822754e+01
   1.4283370e+06   2.9113770e+01
   1.4303820e+06   3.7719727e+01
   1.4311480e+06   3.0151367e+01
   1.4313650e+06   3.5705566e+01
   1.4317550e+06   3.6254883e+01
   1.4437540e+06   4.1687012e+01
   1.4504470e+06   3.9999390e+03
   1.4505110e+06   3.3081055e+01
   1.4505850e+06   3.5156250e+01
   1.4516030e+06   3.0273438e+01
   1.4610190e+06   3.8269043e+01
   1.4781390e+06   4.0588379e+01
   1.4788230e+06   3.1433105e+01
   1.4856210e+06   3.1555176e+01
   1.4912830e+06   4.0039063e+01
   1.5004610e+06   3.9999390e+03
   1.5004710e+06   3.0212402e+01
   1.5005220e+06   3.2043457e+01
   1.5006070e+06   4.1259766e+01
   1.5006880e+06   4.5410156e+01
   1.5225320e+06   4.2541504e+01
   1.5289690e+06   4.8828125e+01
   1.5318510e+06   3.3874512e+01
   1.5318970e+06   3.1982422e+01
   1.5319260e+06   4.1687012e+01
   1.5319700e+06   4.8706055e+01
   1.5320290e+06   3.0517578e+01
   1.5320890e+06   4.6081543e+01
   1.5321120e+06   3.3020020e+01
   1.5322930e+06   4.4311523e+01
   1.5504750e+06   2.0069580e+03
   1.5505320e+06   4.4799805e+01
   1.5506220e+06   4.0344238e+01
   1.5754870e+06   3.2226563e+01
   1.5946240e+06   3.1433105e+01
   1.6004870e+06   2.0048828e+03
   1.6005510e+06   3.2348633e+01
   1.6250990e+06   3.7780762e+01
   1.6251650e+06   3.1311035e+01
   1.6252940e+06   2.9663086e+01
   1.6255400e+06   4.4189453e+01
   1.6256020e+06   3.2592773e+01
   1.6259510e+06   4.0649414e+01
   1.6260110e+06   3.6254883e+01
   1.6260460e+06   4.0954590e+01
   1.6260800e+06   3.4606934e+01
   1.6261390e+06   4.5166016e+01
   1.6261880e+06   3.9489746e+01
   1.6262230e+06   3.7902832e+01
   1.6263100e+06   3.6071777e+01
   1.6264480e+06   3.0212402e+01
   1.6265220e+06   3.8085938e+01
   1.6268030e+06   4.8156738e+01
   1.6268660e+06   5.0842285e+01
   1.6269820e+06   4.8461914e+01
   1.6271120e+06   4.2053223e+01
   1.6271810e+06   2.9968262e+01
   1.6505010e+06   2.0071411e+03
   1.6505160e+06   2.9846191e+01
   1.6505670e+06   4.1809082e+01
   1.6506600e+06   4.0222168e+01
   1.6507060e+06   3.1494141e+01
   1.6714620e+06   3.8452148e+01
   1.7005170e+06   3.9999390e+03
   1.7005760e+06   4.4128418e+01
   1.7019940e+06   4.5654297e+01
   1.7046470e+06   3.0822754e+01
   1.7272850e+06   2.9418945e+01
   1.7392550e+06   3.8391113e+01
   1.7399070e+06   4.3151855e+01
   1.7414700e+06   2.9724121e+01
   1.7505290e+06   2.0076294e+03
   1.7505840e+06   4.4799805e+01
   1.7506880e+06   3.7170410e+01
   1.7507610e+06   3.0273438e+01
   1.7585830e+06   4.0222168e+01
   1.7591250e+06   3.3081055e+01
   1.7596650e+06   3.7719727e+01
   1.7620620e+06   4.3212891e+01
   1.7823430e+06   4.1015625e+01
   1.7929820e+06   3.2165527e+01
   1.7948510e+06   3.7902832e+01
   1.7948860e+06   3.0334473e+01
   1.7949040e+06   4.6936035e+01
   1.7949250e+06   4.6020508e+01
   1.7949480e+06   3.9001465e+01
   1.7949780e+06   3.1372070e+01
   1.7950030e+06   4.0771484e+01
   1.7950300e+06   4.2907715e+01
   1.7950560e+06   5.5358887e+01
   1.7951200e+06   2.9235840e+01
   1.7951870e+06   5.2124023e+01
   1.7952230e+06   4.0222168e+01
   1.7952660e+06   4.2480469e+01
   1.7953160e+06   4.4677734e+01
   1.7953700e+06   3.8085938e+01
   1.7954640e+06   2.9785156e+01
   1.7957260e+06   3.1066895e+01
   1.8005430e+06   2.0101929e+03
   1.8006120e+06   3.3020020e+01
   1.8382910e+06   3.0456543e+01
   1.8505570e+06   2.0086060e+03
   1.8506190e+06   3.5949707e+01
   1.8507150e+06   3.4057617e+01
   1.8508350e+06   3.9306641e+01
   1.8606100e+06   4.3823242e+01
   1.8614560e+06   4.3762207e+01
   1.8634900e+06   2.9418945e+01
   1.8636170e+06   3.6437988e+01
   1.8645840e+06   3.8146973e+01
   1.8751320e+06   4.6569824e+01
   1.8889860e+06   3.7048340e+01
   1.8894310e+06   3.2348633e+01
   1.8895760e+06   3.4545898e+01
   1.8896630e+06   3.9916992e+01
   1.8899650e+06   3.7231445e+01
   1.8943710e+06   3.5156250e+01
   1.8956690e+06   3.3142090e+01
   1.8960630e+06   3.0334473e+01
   1.9005730e+06   3.9999390e+03
   1.9006290e+06   4.2114258e+01
   1.9007130e+06   2.9846191e+01
   1.9008290e+06   3.5400391e+01
   1.9154690e+06   5.0048828e+01
   1.9157430e+06   2.9296875e+01
   1.9160660e+06   3.3020020e+01
   1.9175890e+06   3.3325195e+01
   1.9179000e+06   5.1391602e+01
   1.9180340e+06   4.3579102e+01
   1.9337800e+06   4.3884277e+01
   1.9364790e+06   3.3203125e+01
   1.9367500e+06   3.4606934e+01
   1.9373130e+06   3.3325195e+01
   1.9375470e+06   4.4921875e+01
   1.9465220e+06   3.7597656e+01
   1.9505850e+06   2.0127563e+03
   1.9506450e+06   4.4250488e+01
   1.9507390e+06   3.3630371e+01
   1.9508840e+06   2.9418945e+01
   1.9521850e+06   3.7292480e+01
   1.9527000e+06   3.6926270e+01
   1.9536340e+06   4.1625977e+01
   1.9538720e+06   3.8024902e+01
   1.9542170e+06   3.7475586e+01
   1.9546330e+06   4.6020508e+01
   1.9567830e+06   3.4362793e+01
   1.9568390e+06   2.9113770e+01
   1.9569000e+06   3.7414551e+01
   1.9569310e+06   5.0170898e+01
   1.9570050e+06   3.6071777e+01
   1.9571850e+06   3.7963867e+01
   1.9573330e+06   3.8513184e+01
   1.9574610e+06   4.3334961e+01
   1.9576350e+06   3.5705566e+01
   1.9577430e+06   3.2958984e+01
   1.9579720e+06   3.3264160e+01
   1.9580320e+06   3.5278320e+01
   1.9580680e+06   3.3874512e+01
   1.9582080e+06   3.7719727e+01
   1.9582640e+06   3.5400391e+01
   1.9586260e+06   3.0273438e+01
   1.9865870e+06   2.9357910e+01
   2.0005990e+06   2.0019531e+03
   2.0006580e+06   3.6926270e+01
   2.0007480e+06   3.9245605e+01
   2.0012210e+06   4.6203613e+01
   2.0269510e+06   3.2043457e+01
   2.0327920e+06   4.4738770e+01
   2.0332420e+06   3.6376953e+01
   2.0348350e+06   3.9428711e+01
   2.0348950e+06   3.8024902e+01
   2.0349150e+06   5.6945801e+01
   2.0349580e+06   3.4362793e+01
   2.0349900e+06   4.3090820e+01
   2.0350520e+06   4.2480469e+01
   2.0351110e+06   3.2226563e+01
   2.0506150e+06   3.9999390e+03
   2.0507740e+06   3.4240723e+01
   2.0798540e+06   3.9611816e+01
   2.1006290e+06   3.9999390e+03
   2.1008050e+06   3.4118652e+01
   2.1008660e+06   4.8339844e+01
   2.1020100e+06   3.1433105e+01
   2.1267330e+06   4.3029785e+01
   2.1268510e+06   3.7048340e+01
   2.1447920e+06   3.3691406e+01
   2.1452500e+06   3.2836914e+01
   2.1506430e+06   3.9999390e+03
   2.1506980e+06   2.9418945e+01
   2.1507870e+06   3.9123535e+01
   2.1508420e+06   3.7109375e+01
   2.1651500e+06   3.7841797e+01
   2.1728100e+06   3.3325195e+01
   2.1731240e+06   3.3508301e+01
   2.1848640e+06   3.9916992e+01
   2.2006550e+06   2.0076904e+03
   2.2006700e+06   3.1799316e+01
   2.2007180e+06   3.0395508e+01
   2.2007980e+06   3.6865234e+01
   2.2010630e+06   3.2104492e+01
   2.2017120e+06   2.9663086e+01
   2.2019040e+06   3.6499023e+01
   2.2021320e+06   3.1799316e+01
   2.2021950e+06   3.9245605e+01
   2.2280730e+06   3.2836914e+01
   2.2503870e+06   3.9672852e+01
   2.2506710e+06   3.9999390e+03
   2.2507310e+06   3.9672852e+01
   2.2507850e+06   3.9855957e+01
   2.2508680e+06   3.8574219e+01
   2.2731460e+06   3.0090332e+01
   2.2784840e+06   4.2480469e+01
   2.2785650e+06   4.3762207e+01
   2.2791530e+06   3.3508301e+01
   2.2792710e+06   3.7109375e+01
   2.2794540e+06   3.5034180e+01
   2.2797760e+06   2.9418945e+01
   2.2800000e+06   4.7546387e+01
   2.3006830e+06   2.0073242e+03
   2.3006950e+06   3.4057617e+01
   2.3007480e+06   2.9357910e+01
   2.3008380e+06   3.5583496e+01
   2.3009250e+06   3.6987305e+01
   2.3461970e+06   3.0273438e+01
   2.3471920e+06   2.9235840e+01
   2.3506990e+06   3.9999390e+03
   2.3507600e+06   3.7292480e+01
   2.3509500e+06   3.1494141e+01
   2.3510120e+06   4.2480469e+01
   2.3751750e+06   3.1555176e+01
   2.3893260e+06   3.9733887e+01
   2.3893690e+06   3.2958984e+01
   2.3893960e+06   4.8095703e+01
   2.3894300e+06   5.3710938e+01
   2.3894530e+06   3.7658691e+01
   2.3894790e+06   4.2724609e+01
   2.3895060e+06   4.1748047e+01
   2.3895390e+06   4.0405273e+01
   2.3895690e+06   4.2480469e+01
   2.3896140e+06   3.7902832e+01
   2.3897030e+06   4.9377441e+01
   2.3898080e+06   3.2226563e+01
   2.4007110e+06   2.0083618e+03
   2.4007760e+06   4.0100098e+01
   2.4009530e+06   3.3081055e+01
   2.4441140e+06   4.5043945e+01
   2.4507270e+06   3.9999390e+03
   2.4507880e+06   3.5583496e+01
   2.4509170e+06   4.2663574e+01
   2.4518220e+06   3.0273438e+01
   2.4762810e+06   3.5827637e+01
   2.5038570e+06   3.5888672e+01
   2.5120000e+06   3.2775879e+01
   2.5123030e+06   3.6621094e+01
   2.5126100e+06   3.2104492e+01
   2.5283940e+06   4.5227051e+01
   2.5423380e+06   3.5217285e+01
   2.5424560e+06   3.4912109e+01
   2.5425850e+06   3.1250000e+01
   2.5526910e+06   3.0090332e+01
   2.5566630e+06   3.1921387e+01
   2.5699360e+06   2.9907227e+01
   2.5701540e+06   3.6437988e+01
   2.5705560e+06   2.9174805e+01
   2.5784380e+06   2.9235840e+01
   2.5892780e+06   4.2846680e+01
   2.6270100e+06   2.9663086e+01
   2.6318970e+06   3.1494141e+01
   2.6423350e+06   3.4851074e+01
   2.6448380e+06   3.6010742e+01
   2.6520070e+06   3.2287598e+01
   2.6606890e+06   3.1433105e+01
   2.6612830e+06   4.1687012e+01
   2.6879380e+06   4.5654297e+01
   2.7045080e+06   3.7475586e+01
   2.7046370e+06   3.4118652e+01
   2.7047370e+06   3.8818359e+01
   2.7052120e+06   2.9968262e+01
   2.7053160e+06   3.1066895e+01
   2.7053980e+06   3.2897949e+01
   2.7057170e+06   3.0761719e+01
   2.7058760e+06   4.3823242e+01
   2.7066520e+06   3.9245605e+01
   2.7099320e+06   5.8410645e+01
   2.7100820e+06   2.9479980e+01
   2.7102250e+06   4.5776367e+01
   2.7103720e+06   3.9184570e+01
   2.7109560e+06   3.3447266e+01
   2.7111410e+06   3.7048340e+01
   2.7111890e+06   3.8513184e+01
   2.7112930e+06   3.9428711e+01
   2.7114720e+06   2.9479980e+01
   2.7115530e+06   3.7658691e+01
   2.7117350e+06   3.4118652e+01
   2.7236660e+06   3.3508301e+01
   2.7237050e+06   3.4362793e+01
   2.7237320e+06   4.8889160e+01
   2.7237610e+06   4.8583984e+01
   2.7237920e+06   3.9123535e+01
   2.7238180e+06   6.0546875e+01
   2.7238320e+06   3.6254883e+01
   2.7238630e+06   3.0822754e+01
   2.7239000e+06   3.2470703e+01
   2.7239250e+06   4.4921875e+01
   2.7239780e+06   3.6682129e+01
   2.7240200e+06   4.2968750e+01
   2.7240360e+06   3.5461426e+01
   2.7240580e+06   5.4931641e+01
   2.7241160e+06   3.9367676e+01
   2.7242340e+06   4.3212891e+01
   2.7243200e+06   4.3457031e+01
   2.8387430e+06   3.3142090e+01
   2.8389990e+06   3.2775879e+01
   2.8393930e+06   3.4973145e+01
   2.8585650e+06   4.2846680e+01
   2.8819250e+06   3.1311035e+01
   2.8988730e+06   4.3762207e+01
   2.8989150e+06   3.7109375e+01
   2.8989530e+06   4.6020508e+01
   2.8989990e+06   3.7170410e+01
   2.8990420e+06   4.1809082e+01
   2.8993580e+06   2.9418945e+01
   2.9393580e+06   3.1311035e+01
   2.9394280e+06   2.9418945e+01
   2.9395080e+06   3.4362793e+01
   2.9396460e+06   4.3518066e+01
   2.9397320e+06   3.0395508e+01
   2.9397700e+06   3.2958984e+01
   2.9398540e+06   3.3325195e+01
   2.9399090e+06   3.6132813e+01
   2.9408690e+06   3.4301758e+01
   2.9411230e+06   4.0588379e+01
   2.9417620e+06   3.6315918e+01
   2.9735570e+06   3.1982422e+01
   2.9809390e+06   3.5522461e+01
   2.9820130e+06   3.8513184e+01
   2.9822480e+06   3.6804199e+01
   2.9823700e+06   3.5949707e+01
   2.9982230e+06   3.0334473e+01
