   2.9990000e+06   0.0000000e+00
   3.9000000e+01   2.0071411e+03
   5.0000000e+01   6.2683105e+01
   7.2000000e+01   5.0231934e+01
   5.0053000e+04   2.0211182e+03
   5.0118000e+04   4.7058105e+01
   5.0131000e+04   5.1513672e+01
   7.4731000e+04   4.5654297e+01
   1.0006900e+05   2.0127563e+03
   1.0014300e+05   4.5776367e+01
   1.5008300e+05   3.9999390e+03
   1.5015800e+05   4.5593262e+01
   1.8187600e+05   5.1025391e+01
   2.0009500e+05   2.0104980e+03
   2.0716100e+05   4.6386719e+01
   2.0719600e+05   4.5959473e+01
   2.5011100e+05   3.9999390e+03
   2.5018000e+05   5.2429199e+01
   2.9334800e+05   4.8706055e+01
   2.9356600e+05   6.7260742e+01
   2.9364000e+05   4.8583984e+01
   3.0012300e+05   2.0162964e+03
   3.5013700e+05   2.0175171e+03
   3.5020600e+05   5.5847168e+01
   3.5022400e+05   4.7851563e+01
   3.7899200e+05   7.8918457e+01
   3.7908500e+05   6.0302734e+01
   4.0015100e+05   2.0180054e+03
   4.5016500e+05   2.0100708e+03
   5.0017900e+05   2.0129395e+03
   5.5019500e+05   3.9999390e+03
   5.9064900e+05   4.7546387e+01
   5.9195000e+05   4.9987793e+01
   6.0020900e+05   3.9999390e+03
   6.4007500e+05   4.6997070e+01
   6.5022100e+05   2.0059814e+03
   7.0023700e+05   3.9999390e+03
   7.0030900e+05   6.1218262e+01
   7.0033300e+05   6.0852051e+01
   7.1981900e+05   4.7729492e+01
   7.2101400e+05   4.7119141e+01
   7.2198900e+05   5.5480957e+01
   7.2204600e+05   5.7617188e+01
   7.5025100e+05   2.0167847e+03
   8.0026300e+05   2.0162354e+03
   8.0034000e+05   6.4392090e+01
   8.5027900e+05   3.9999390e+03
   8.5034200e+05   5.2246094e+01
   9.0029300e+05   3.9999390e+03
   9.5030500e+05   2.0115967e+03
   9.5037800e+05   5.2795410e+01
   1.0002590e+06   6.4514160e+01
   1.0003210e+06   3.9999390e+03
   1.0003780e+06   4.9072266e+01
   1.0313860e+06   4.7180176e+01
   1.0503330e+06   2.0106812e+03
   1.0504040e+06   6.9763184e+01
   1.1003470e+06   2.0060425e+03
   1.1003730e+06   4.6142578e+01
   1.1004160e+06   4.8095703e+01
   1.1250260e+06   4.6325684e+01
   1.1503610e+06   2.0128784e+03
   1.1504400e+06   7.3364258e+01
   1.1734830e+06   4.5776367e+01
   1.1748560e+06   5.3649902e+01
   1.2003750e+06   2.0130615e+03
   1.2003910e+06   5.0964355e+01
   1.2503910e+06   3.9999390e+03
   1.2811190e+06   5.4504395e+01
   1.2811680e+06   4.6813965e+01
   1.2811960e+06   6.8725586e+01
   1.3004050e+06   3.9999390e+03
   1.3004740e+06   5.9020996e+01
   1.3504170e+06   2.0080566e+03
   1.4004310e+06   2.0075073e+03
   1.4504470e+06   3.9999390e+03
   1.5004610e+06   3.9999390e+03
   1.5333900e+06   4.6142578e+01
   1.5504730e+06   2.0099487e+03
   1.6004870e+06   2.0147095e+03
   1.6005020e+06   5.2368164e+01
   1.6270770e+06   6.8969727e+01
   1.6505010e+06   2.0093994e+03
   1.7005170e+06   3.9999390e+03
   1.7505310e+06   3.9999390e+03
   1.7950290e+06   5.6823730e+01
   1.7951360e+06   5.0415039e+01
   1.8005430e+06   2.0155640e+03
   1.8505590e+06   3.9999390e+03
   1.9005710e+06   2.0111694e+03
   1.9007650e+06   4.7607422e+01
   1.9505870e+06   3.9999390e+03
   1.9582090e+06   5.0842285e+01
   1.9582300e+06   5.6274414e+01
   1.9583500e+06   5.1330566e+01
   2.0005990e+06   2.0126953e+03
   2.0006100e+06   5.2001953e+01
   2.0506130e+06   2.0108643e+03
   2.1006290e+06   3.9999390e+03
   2.1506410e+06   2.0080566e+03
   2.1901610e+06   5.0476074e+01
   2.2006550e+06   2.0141602e+03
   2.2006650e+06   5.2551270e+01
   2.2506690e+06   2.0160522e+03
   2.2506800e+06   5.8410645e+01
   2.3006830e+06   2.0095825e+03
   2.3006930e+06   6.2805176e+01
   2.3506970e+06   2.0119629e+03
   2.3895100e+06   5.5725098e+01
   2.3896170e+06   5.6091309e+01
   2.4007110e+06   2.0064087e+03
   2.4007220e+06   5.8898926e+01
   2.4507250e+06   2.0044556e+03
   2.7239030e+06   7.3303223e+01
