   2.9990000e+06   0.0000000e+00
   4.1000000e+01   3.9999390e+03
   1.0400000e+02   3.3386230e+01
   6.0100000e+02   3.6010742e+01
   1.9290000e+03   3.7719727e+01
   5.0055000e+04   3.9999390e+03
   5.0116000e+04   3.6682129e+01
   5.0132000e+04   3.8208008e+01
   5.0183000e+04   7.0434570e+01
   5.0230000e+04   3.3691406e+01
   5.0285000e+04   3.4606934e+01
   7.4793000e+04   3.4057617e+01
   7.4862000e+04   3.5461426e+01
   7.4904000e+04   4.7363281e+01
   7.4962000e+04   4.9560547e+01
   7.5021000e+04   3.6987305e+01
   7.5143000e+04   3.7475586e+01
   7.5268000e+04   3.4423828e+01
   8.7207000e+04   3.5766602e+01
   9.1719000e+04   3.3447266e+01
   1.0006700e+05   2.0070190e+03
   1.0008100e+05   3.3752441e+01
   1.0011500e+05   3.6621094e+01
   1.0131100e+05   4.2419434e+01
   1.0144500e+05   3.7902832e+01
   1.0961800e+05   3.3569336e+01
   1.1076200e+05   3.4912109e+01
   1.4837100e+05   3.3691406e+01
   1.5008300e+05   3.9999390e+03
   1.5009500e+05   3.7353516e+01
   1.5019500e+05   4.0405273e+01
   1.5020500e+05   3.3874512e+01
   1.5021700e+05   3.4729004e+01
   1.5024700e+05   4.1442871e+01
   2.0009500e+05   2.0106812e+03
   2.0010800e+05   4.3090820e+01
   2.0016500e+05   4.4372559e+01
   2.0095000e+05   3.4362793e+01
   2.0103100e+05   3.6499023e+01
   2.0705500e+05   3.4240723e+01
   2.0707300e+05   7.4645996e+01
   2.0710000e+05   3.6376953e+01
   2.0715900e+05   3.7170410e+01
   2.0718000e+05   8.1665039e+01
   2.0738100e+05   6.2377930e+01
   2.0741800e+05   4.3029785e+01
   2.0755300e+05   3.6987305e+01
   2.0764600e+05   3.6315918e+01
   2.1640200e+05   3.7780762e+01
   2.5011100e+05   3.9999390e+03
   2.5021100e+05   3.4973145e+01
   2.8077600e+05   5.4870605e+01
   2.8093200e+05   6.0485840e+01
   2.8102900e+05   5.3833008e+01
   2.9257000e+05   3.6254883e+01
   2.9326100e+05   5.3039551e+01
   2.9337000e+05   4.8645020e+01
   2.9349900e+05   4.2663574e+01
   2.9350900e+05   5.8776855e+01
   2.9352600e+05   3.4545898e+01
   2.9356600e+05   4.0344238e+01
   2.9358600e+05   3.5888672e+01
   2.9360400e+05   3.4729004e+01
   2.9364800e+05   3.6010742e+01
   2.9366100e+05   3.7597656e+01
   2.9371300e+05   3.4240723e+01
   2.9378600e+05   5.6579590e+01
   2.9383800e+05   3.4301758e+01
   2.9390800e+05   3.4851074e+01
   2.9393700e+05   6.0607910e+01
   2.9395000e+05   3.6315918e+01
   2.9401500e+05   4.2480469e+01
   2.9433600e+05   4.8645020e+01
   3.0012300e+05   2.0112305e+03
   3.0013500e+05   5.1208496e+01
   3.0019200e+05   4.0710449e+01
   3.3687900e+05   3.4301758e+01
   3.4055200e+05   7.7087402e+01
   3.4085500e+05   5.4321289e+01
   3.4197800e+05   7.2570801e+01
   3.4212100e+05   4.5410156e+01
   3.5013700e+05   2.0083618e+03
   3.5014700e+05   6.1889648e+01
   3.5019500e+05   3.8513184e+01
   3.5022400e+05   3.6254883e+01
   3.5023400e+05   3.7841797e+01
   3.5029100e+05   3.9672852e+01
   3.5040300e+05   3.6376953e+01
   3.5194200e+05   5.7434082e+01
   3.6657000e+05   3.3447266e+01
   3.6798400e+05   6.3232422e+01
   3.6816600e+05   6.0363770e+01
   3.6857400e+05   6.0058594e+01
   3.6869300e+05   5.2795410e+01
   3.7097700e+05   6.5002441e+01
   3.7904300e+05   3.8391113e+01
   3.7908300e+05   4.2541504e+01
   3.7910200e+05   6.2072754e+01
   3.7913700e+05   4.6264648e+01
   3.7918600e+05   6.2622070e+01
   3.7923100e+05   6.6711426e+01
   3.7927300e+05   4.3334961e+01
   3.7929300e+05   3.7353516e+01
   3.7931900e+05   4.6691895e+01
   3.7935100e+05   3.6621094e+01
   3.7941700e+05   3.9489746e+01
   3.7948600e+05   3.7048340e+01
   3.7955300e+05   3.6499023e+01
   3.7977100e+05   3.4057617e+01
   4.0015100e+05   2.0050659e+03
   4.0075100e+05   5.5847168e+01
   4.0125200e+05   5.9936523e+01
   4.2673300e+05   6.5490723e+01
   4.2690700e+05   5.8288574e+01
   4.2743600e+05   3.3752441e+01
   4.3022600e+05   5.6274414e+01
   4.3037100e+05   4.6691895e+01
   4.3084500e+05   4.9560547e+01
   4.3112500e+05   5.3771973e+01
   4.3452600e+05   5.7739258e+01
   4.3580000e+05   5.0170898e+01
   4.3668900e+05   5.9265137e+01
   4.4646500e+05   5.9753418e+01
   4.4666300e+05   4.8400879e+01
   4.5016500e+05   2.0095825e+03
   4.5017800e+05   3.4912109e+01
   4.5026600e+05   4.0405273e+01
   4.5042000e+05   3.6071777e+01
   4.5053100e+05   3.4362793e+01
   4.5133200e+05   5.5419922e+01
   4.5180900e+05   6.6223145e+01
   4.6498400e+05   6.1767578e+01
   4.6793300e+05   6.1584473e+01
   4.6879000e+05   5.4138184e+01
   4.6892600e+05   4.4738770e+01
   4.7366600e+05   6.1096191e+01
   4.7474600e+05   6.1096191e+01
   4.7512800e+05   5.2978516e+01
   4.7536300e+05   5.4443359e+01
   4.8114400e+05   4.5288086e+01
   4.8139900e+05   4.6142578e+01
   4.8329600e+05   5.5053711e+01
   4.8442300e+05   5.8959961e+01
   4.8502400e+05   3.6071777e+01
   4.9124000e+05   4.9133301e+01
   4.9160900e+05   5.5175781e+01
   4.9383500e+05   5.4260254e+01
   4.9849600e+05   5.5175781e+01
   5.0017900e+05   2.0077515e+03
   5.0019100e+05   4.8339844e+01
   5.0024600e+05   4.0100098e+01
   5.0030400e+05   3.3752441e+01
   5.0041200e+05   3.3630371e+01
   5.1702500e+05   6.2194824e+01
   5.1719300e+05   4.6813965e+01
   5.2053700e+05   5.2978516e+01
   5.2855700e+05   6.1523438e+01
   5.3243800e+05   5.4382324e+01
   5.3308800e+05   5.8898926e+01
   5.3330900e+05   4.3701172e+01
   5.3689900e+05   4.8583984e+01
   5.3756100e+05   5.6945801e+01
   5.4215500e+05   3.3447266e+01
   5.4709700e+05   5.8715820e+01
   5.4725200e+05   5.8288574e+01
   5.5019500e+05   3.9999390e+03
   5.5034100e+05   5.5541992e+01
   5.5035200e+05   3.6499023e+01
   5.5082800e+05   5.7128906e+01
   5.5137400e+05   4.5837402e+01
   5.6177900e+05   5.5725098e+01
   5.6204500e+05   7.1716309e+01
   5.7311700e+05   3.5400391e+01
   5.7494500e+05   5.1757813e+01
   5.7514200e+05   4.9865723e+01
   5.8106000e+05   5.2490234e+01
   5.8412300e+05   5.8105469e+01
   5.8559800e+05   5.2001953e+01
   5.9078300e+05   6.2133789e+01
   5.9139200e+05   5.3222656e+01
   5.9145000e+05   3.3935547e+01
   5.9152100e+05   4.7424316e+01
   5.9163600e+05   5.4077148e+01
   5.9176500e+05   5.6579590e+01
   5.9177800e+05   3.3935547e+01
   5.9195900e+05   4.0100098e+01
   5.9200900e+05   3.8879395e+01
   5.9222100e+05   4.3029785e+01
   5.9238000e+05   3.9733887e+01
   5.9282700e+05   5.7434082e+01
   6.0020700e+05   2.0111084e+03
   6.0022000e+05   3.6865234e+01
   6.1122700e+05   3.5461426e+01
   6.1877900e+05   5.5847168e+01
   6.1899200e+05   4.3273926e+01
   6.1938500e+05   5.0048828e+01
   6.2838100e+05   5.4321289e+01
   6.2859700e+05   5.3649902e+01
   6.3884600e+05   5.6213379e+01
   6.4057000e+05   5.6213379e+01
   6.4074400e+05   4.9194336e+01
   6.4090600e+05   4.8095703e+01
   6.5022300e+05   3.9999390e+03
   6.5035800e+05   4.0100098e+01
   6.5162600e+05   6.9274902e+01
   6.6195300e+05   5.5480957e+01
   6.6694800e+05   5.2917480e+01
   6.7068200e+05   5.5603027e+01
   6.7088200e+05   4.9560547e+01
   6.7101000e+05   3.9306641e+01
   6.7631300e+05   5.4687500e+01
   6.7648400e+05   5.1330566e+01
   6.8122500e+05   5.8105469e+01
   6.8430200e+05   6.4086914e+01
   6.8732400e+05   5.9814453e+01
   6.8767400e+05   4.4799805e+01
   6.9564800e+05   5.5053711e+01
   6.9677500e+05   5.4016113e+01
   6.9999000e+05   5.8349609e+01
   7.0023700e+05   2.0096436e+03
   7.0025400e+05   3.5278320e+01
   7.0090900e+05   4.9194336e+01
   7.1127100e+05   5.9631348e+01
   7.1143100e+05   5.9814453e+01
   7.1152100e+05   3.8818359e+01
   7.1177500e+05   3.7231445e+01
   7.1879000e+05   4.5471191e+01
   7.2039100e+05   5.1025391e+01
   7.2131100e+05   4.4738770e+01
   7.2154900e+05   4.5349121e+01
   7.2168900e+05   4.3884277e+01
   7.2178000e+05   3.6071777e+01
   7.2185300e+05   3.3935547e+01
   7.2204700e+05   3.9306641e+01
   7.2233500e+05   3.7963867e+01
   7.2256500e+05   4.2907715e+01
   7.2295000e+05   3.3386230e+01
   7.4919400e+05   5.9082031e+01
   7.4935800e+05   5.3527832e+01
   7.5024900e+05   2.0077515e+03
   7.5073100e+05   5.7617187e+01
   7.5234200e+05   6.5307617e+01
   7.6312500e+05   5.8166504e+01
   7.6597500e+05   5.5114746e+01
   7.6645000e+05   4.7851562e+01
   7.7103300e+05   6.2866211e+01
   7.7148400e+05   5.2795410e+01
   7.7440700e+05   5.9814453e+01
   7.7547700e+05   5.2856445e+01
   7.7933600e+05   3.5827637e+01
   7.7996200e+05   5.4748535e+01
   7.8128900e+05   6.0180664e+01
   7.8729700e+05   5.5603027e+01
   7.9021000e+05   4.3518066e+01
   7.9046600e+05   4.5959473e+01
   7.9417800e+05   5.3771973e+01
   7.9463600e+05   5.2001953e+01
   8.0026300e+05   2.0077515e+03
   8.0033800e+05   5.0720215e+01
   8.0036000e+05   6.7260742e+01
   8.0038800e+05   3.4912109e+01
   8.0748200e+05   3.4484863e+01
   8.1242900e+05   5.6579590e+01
   8.1267100e+05   4.8461914e+01
   8.1719900e+05   5.6701660e+01
   8.1746400e+05   5.0354004e+01
   8.1761600e+05   4.0588379e+01
   8.2322600e+05   5.0292969e+01
   8.2403100e+05   5.6457520e+01
   8.2445400e+05   5.2001953e+01
   8.3044700e+05   5.5969238e+01
   8.3108600e+05   4.7058105e+01
   8.3668400e+05   5.2307129e+01
   8.3797700e+05   5.7128906e+01
   8.4419900e+05   5.5175781e+01
   8.4484000e+05   5.4992676e+01
   8.4532600e+05   4.6325684e+01
   8.4547800e+05   4.2785645e+01
   8.5027700e+05   2.0097046e+03
   8.5029000e+05   3.5339355e+01
   8.5036200e+05   3.6254883e+01
   8.5076300e+05   5.1757813e+01
   8.5268000e+05   4.8400879e+01
   8.5297000e+05   4.9133301e+01
   8.6151000e+05   5.5847168e+01
   8.6176100e+05   4.9987793e+01
   8.6515300e+05   6.3049316e+01
   8.6569500e+05   4.9987793e+01
   8.6604200e+05   3.4729004e+01
   8.6742700e+05   3.4301758e+01
   8.7218100e+05   6.2194824e+01
   8.7320300e+05   4.6142578e+01
   8.7606700e+05   4.6325684e+01
   8.7642500e+05   6.2072754e+01
   8.7726000e+05   5.3649902e+01
   8.7848100e+05   5.0048828e+01
   8.8647800e+05   5.2917480e+01
   8.8778500e+05   3.3630371e+01
   8.9131500e+05   6.3964844e+01
   8.9315200e+05   4.8645020e+01
   8.9710000e+05   3.7353516e+01
   8.9727600e+05   4.8461914e+01
   8.9745800e+05   4.0954590e+01
   9.0029100e+05   2.0084839e+03
   9.0036200e+05   3.5156250e+01
   9.0339300e+05   3.3447266e+01
   9.1101000e+05   3.3935547e+01
   9.1368200e+05   5.8044434e+01
   9.1846900e+05   5.3894043e+01
   9.1866100e+05   5.1696777e+01
   9.2280600e+05   5.1513672e+01
   9.2609100e+05   5.4504395e+01
   9.2670100e+05   4.1625977e+01
   9.2942000e+05   3.3447266e+01
   9.3060300e+05   5.4748535e+01
   9.3874600e+05   5.2917480e+01
   9.3903400e+05   4.7302246e+01
   9.4378000e+05   5.3222656e+01
   9.4404000e+05   5.1147461e+01
   9.4816600e+05   5.2246094e+01
   9.4988300e+05   3.4240723e+01
   9.5030700e+05   3.9999390e+03
   9.5031900e+05   3.5888672e+01
   9.5037600e+05   4.6081543e+01
   9.5137500e+05   4.9804687e+01
   9.6346700e+05   4.6447754e+01
   9.6723400e+05   5.8349609e+01
   9.6745400e+05   5.5236816e+01
   9.6764800e+05   3.4057617e+01
   9.7445800e+05   3.3935547e+01
   9.7716000e+05   6.4147949e+01
   9.7763800e+05   5.7800293e+01
   9.7777100e+05   3.6010742e+01
   9.8718800e+05   5.3344727e+01
   9.8746500e+05   4.9133301e+01
   9.9256500e+05   4.7668457e+01
   9.9271600e+05   4.0832520e+01
   1.0001560e+06   5.7434082e+01
   1.0003050e+06   6.3415527e+01
   1.0003190e+06   2.0089111e+03
   1.0003310e+06   3.9916992e+01
   1.0003700e+06   4.6508789e+01
   1.0004110e+06   3.3752441e+01
   1.0004220e+06   3.9367676e+01
   1.0012120e+06   4.2541504e+01
   1.0109710e+06   3.5217285e+01
   1.0316060e+06   6.3842773e+01
   1.0317360e+06   5.5175781e+01
   1.0320040e+06   5.9326172e+01
   1.0322410e+06   6.0058594e+01
   1.0324480e+06   4.4738770e+01
   1.0326610e+06   3.6193848e+01
   1.0329820e+06   5.3894043e+01
   1.0496610e+06   3.7719727e+01
   1.0503330e+06   2.0089111e+03
   1.0503440e+06   4.6936035e+01
   1.0504610e+06   3.7475586e+01
   1.0509450e+06   5.6884766e+01
   1.0560760e+06   3.7963867e+01
   1.0668040e+06   3.3386230e+01
   1.0786230e+06   5.7922363e+01
   1.0787990e+06   5.6030273e+01
   1.0792420e+06   6.5063477e+01
   1.0793420e+06   3.8024902e+01
   1.0794460e+06   3.7353516e+01
   1.0977970e+06   7.5195313e+01
   1.0979940e+06   5.0720215e+01
   1.1003490e+06   3.9999390e+03
   1.1003600e+06   5.3283691e+01
   1.1004180e+06   3.4851074e+01
   1.1004360e+06   3.3813477e+01
   1.1004880e+06   3.3935547e+01
   1.1249580e+06   5.2673340e+01
   1.1251480e+06   5.1696777e+01
   1.1306050e+06   3.4240723e+01
   1.1379560e+06   5.0048828e+01
   1.1381230e+06   5.2368164e+01
   1.1443770e+06   4.7546387e+01
   1.1445470e+06   5.3222656e+01
   1.1446450e+06   3.3630371e+01
   1.1503630e+06   3.9999390e+03
   1.1504310e+06   3.7719727e+01
   1.1706450e+06   5.4565430e+01
   1.1725430e+06   3.4118652e+01
   1.1736240e+06   3.7414551e+01
   1.1737300e+06   5.1452637e+01
   1.1737850e+06   3.4912109e+01
   1.1738330e+06   3.9367676e+01
   1.1738860e+06   3.5095215e+01
   1.1740950e+06   4.3090820e+01
   1.1743480e+06   4.4982910e+01
   1.1744810e+06   4.4189453e+01
   1.2003750e+06   2.0053101e+03
   1.2003870e+06   3.3935547e+01
   1.2007840e+06   5.5603027e+01
   1.2058720e+06   3.3874512e+01
   1.2180480e+06   7.4584961e+01
   1.2181970e+06   5.5236816e+01
   1.2184780e+06   5.9326172e+01
   1.2186480e+06   4.3701172e+01
   1.2261490e+06   3.5522461e+01
   1.2299520e+06   5.2795410e+01
   1.2302890e+06   6.4086914e+01
   1.2304050e+06   3.4667969e+01
   1.2307030e+06   5.2734375e+01
   1.2308510e+06   4.9133301e+01
   1.2311300e+06   4.3945313e+01
   1.2311470e+06   3.6499023e+01
   1.2313640e+06   4.7973633e+01
   1.2315870e+06   5.0476074e+01
   1.2318800e+06   4.7485352e+01
   1.2323060e+06   5.8776855e+01
   1.2503910e+06   3.9999390e+03
   1.2504060e+06   4.0527344e+01
   1.2505290e+06   3.3874512e+01
   1.2518560e+06   6.2255859e+01
   1.2702310e+06   6.0546875e+01
   1.2704400e+06   5.8349609e+01
   1.2751040e+06   3.4912109e+01
   1.2802740e+06   6.8237305e+01
   1.2805100e+06   5.1513672e+01
   1.2811510e+06   3.7597656e+01
   1.2811660e+06   4.0527344e+01
   1.2811960e+06   5.7556152e+01
   1.2812240e+06   3.6437988e+01
   1.2812500e+06   4.0710449e+01
   1.2813310e+06   3.3447266e+01
   1.2813540e+06   3.7536621e+01
   1.2813810e+06   3.8940430e+01
   1.2813920e+06   3.5339355e+01
   1.2814270e+06   3.8696289e+01
   1.2814430e+06   3.3813477e+01
   1.2815020e+06   3.7841797e+01
   1.2815470e+06   4.9438477e+01
   1.2815650e+06   5.4748535e+01
   1.2817130e+06   3.3386230e+01
   1.2819200e+06   3.5339355e+01
   1.3004050e+06   3.9999390e+03
   1.3004160e+06   3.8879395e+01
   1.3010210e+06   6.2927246e+01
   1.3095930e+06   6.0180664e+01
   1.3098010e+06   6.1584473e+01
   1.3149300e+06   4.6936035e+01
   1.3157700e+06   5.1940918e+01
   1.3158980e+06   3.4362793e+01
   1.3226970e+06   3.4790039e+01
   1.3257370e+06   5.4016113e+01
   1.3285680e+06   6.0424805e+01
   1.3356800e+06   4.8400879e+01
   1.3379920e+06   5.4626465e+01
   1.3381970e+06   4.4799805e+01
   1.3384730e+06   3.8635254e+01
   1.3417170e+06   5.6823730e+01
   1.3439250e+06   5.8288574e+01
   1.3441250e+06   4.9316406e+01
   1.3487080e+06   3.4729004e+01
   1.3504190e+06   3.9999390e+03
   1.3504300e+06   4.3518066e+01
   1.3508670e+06   5.8288574e+01
   1.3513390e+06   4.8217773e+01
   1.3710890e+06   3.6437988e+01
   1.3730300e+06   5.5358887e+01
   1.3732980e+06   6.2500000e+01
   1.3735750e+06   4.6447754e+01
   1.3804940e+06   4.6813965e+01
   1.3806690e+06   4.5959473e+01
   1.3853720e+06   3.5888672e+01
   1.3895480e+06   5.3771973e+01
   1.3930080e+06   5.5297852e+01
   1.3950350e+06   6.1767578e+01
   1.3952050e+06   3.8085938e+01
   1.4004330e+06   3.9999390e+03
   1.4004440e+06   4.7363281e+01
   1.4005020e+06   3.7048340e+01
   1.4009710e+06   5.7067871e+01
   1.4014490e+06   5.4077148e+01
   1.4018340e+06   4.9743652e+01
   1.4021870e+06   4.5532227e+01
   1.4024420e+06   3.3508301e+01
   1.4025970e+06   3.3630371e+01
   1.4026190e+06   3.4729004e+01
   1.4029220e+06   5.2673340e+01
   1.4135850e+06   3.4362793e+01
   1.4170790e+06   3.6865234e+01
   1.4178900e+06   4.9682617e+01
   1.4181810e+06   5.3833008e+01
   1.4300930e+06   5.2795410e+01
   1.4333610e+06   5.3466797e+01
   1.4379830e+06   5.2124023e+01
   1.4381650e+06   5.3344727e+01
   1.4459350e+06   5.6030273e+01
   1.4462210e+06   4.4067383e+01
   1.4465510e+06   4.2663574e+01
   1.4504450e+06   2.0079346e+03
   1.4508510e+06   7.5622559e+01
   1.4520900e+06   4.6569824e+01
   1.4647450e+06   5.3100586e+01
   1.4650670e+06   3.4606934e+01
   1.4653710e+06   5.5725098e+01
   1.4689110e+06   5.0476074e+01
   1.4695830e+06   5.1574707e+01
   1.4769580e+06   4.7790527e+01
   1.4771740e+06   5.2001953e+01
   1.4803940e+06   5.2551270e+01
   1.4806610e+06   4.4189453e+01
   1.4854750e+06   5.3039551e+01
   1.4887650e+06   5.2368164e+01
   1.4894370e+06   5.8349609e+01
   1.4895620e+06   3.5888672e+01
   1.4955170e+06   4.6997070e+01
   1.4963300e+06   5.4931641e+01
   1.4966560e+06   5.0231934e+01
   1.5004610e+06   3.9999390e+03
   1.5005280e+06   3.8024902e+01
   1.5008310e+06   5.7006836e+01
   1.5015540e+06   4.7912598e+01
   1.5125860e+06   5.3100586e+01
   1.5129290e+06   4.5776367e+01
   1.5171120e+06   5.4626465e+01
   1.5212960e+06   3.7170410e+01
   1.5218660e+06   5.2062988e+01
   1.5220190e+06   4.2053223e+01
   1.5302400e+06   5.7128906e+01
   1.5306370e+06   5.0048828e+01
   1.5335370e+06   6.2683105e+01
   1.5335660e+06   3.8513184e+01
   1.5338870e+06   5.4077148e+01
   1.5342160e+06   4.2419434e+01
   1.5344540e+06   4.3701172e+01
   1.5504730e+06   2.0050049e+03
   1.5504850e+06   4.6081543e+01
   1.5513220e+06   4.6020508e+01
   1.5518260e+06   5.6518555e+01
   1.5675710e+06   3.6010742e+01
   1.5678820e+06   6.2194824e+01
   1.5682950e+06   6.0424805e+01
   1.5684230e+06   3.9184570e+01
   1.5805490e+06   5.8105469e+01
   1.5812530e+06   3.6804199e+01
   1.5817330e+06   5.7556152e+01
   1.5840920e+06   3.6437988e+01
   1.5863570e+06   4.5532227e+01
   1.5929800e+06   5.4260254e+01
   1.5977620e+06   4.9987793e+01
   1.6004870e+06   2.0090332e+03
   1.6005650e+06   3.4118652e+01
   1.6010090e+06   5.1391602e+01
   1.6014910e+06   5.0964355e+01
   1.6160010e+06   6.1706543e+01
   1.6161910e+06   5.0781250e+01
   1.6216440e+06   6.2500000e+01
   1.6262650e+06   5.1330566e+01
   1.6263610e+06   6.8359375e+01
   1.6263940e+06   4.3395996e+01
   1.6264550e+06   4.1748047e+01
   1.6265120e+06   4.1320801e+01
   1.6266470e+06   4.6752930e+01
   1.6268890e+06   5.3527832e+01
   1.6270550e+06   4.3395996e+01
   1.6271160e+06   3.3630371e+01
   1.6345530e+06   3.6437988e+01
   1.6495490e+06   5.2062988e+01
   1.6497140e+06   5.7434082e+01
   1.6505010e+06   2.0067139e+03
   1.6505190e+06   3.7597656e+01
   1.6505720e+06   4.2907715e+01
   1.6617350e+06   5.5114746e+01
   1.6619440e+06   6.0913086e+01
   1.6666020e+06   6.1462402e+01
   1.6667920e+06   5.0781250e+01
   1.6696870e+06   3.4301758e+01
   1.6743900e+06   5.1635742e+01
   1.6782250e+06   3.4423828e+01
   1.6842080e+06   6.7932129e+01
   1.6844200e+06   4.6997070e+01
   1.6898870e+06   5.5786133e+01
   1.6900720e+06   4.6997070e+01
   1.6975480e+06   5.6091309e+01
   1.6994910e+06   5.4931641e+01
   1.6999860e+06   5.1879883e+01
   1.7005170e+06   3.9999390e+03
   1.7006650e+06   3.9245605e+01
   1.7021170e+06   5.1818848e+01
   1.7169780e+06   5.0231934e+01
   1.7172020e+06   4.9438477e+01
   1.7173320e+06   3.9916992e+01
   1.7211670e+06   4.9316406e+01
   1.7213190e+06   3.7414551e+01
   1.7275140e+06   5.1635742e+01
   1.7371780e+06   5.3222656e+01
   1.7388470e+06   5.4199219e+01
   1.7389910e+06   5.7983398e+01
   1.7410790e+06   3.9184570e+01
   1.7467030e+06   5.0048828e+01
   1.7489120e+06   5.4626465e+01
   1.7505290e+06   2.0081177e+03
   1.7506080e+06   3.7780762e+01
   1.7510550e+06   4.4738770e+01
   1.7514170e+06   4.4189453e+01
   1.7631510e+06   4.6264648e+01
   1.7632930e+06   5.3405762e+01
   1.7664590e+06   6.0424805e+01
   1.7708870e+06   4.5166016e+01
   1.7712440e+06   5.9265137e+01
   1.7713900e+06   4.5776367e+01
   1.7779410e+06   5.9265137e+01
   1.7803970e+06   3.4545898e+01
   1.7833920e+06   5.4260254e+01
   1.7836690e+06   6.1157227e+01
   1.7891270e+06   6.2561035e+01
   1.7893220e+06   5.0170898e+01
   1.7951080e+06   4.6997070e+01
   1.7951490e+06   4.7424316e+01
   1.7951900e+06   3.4729004e+01
   1.7952150e+06   6.8847656e+01
   1.7952310e+06   3.7719727e+01
   1.7952560e+06   3.5583496e+01
   1.7952750e+06   4.1748047e+01
   1.7953030e+06   4.2907715e+01
   1.7953470e+06   3.8208008e+01
   1.7953990e+06   4.8217773e+01
   1.7954210e+06   3.6010742e+01
   1.7954430e+06   3.3569336e+01
   1.7954930e+06   3.4912109e+01
   1.7955170e+06   3.9978027e+01
   1.7955820e+06   3.3996582e+01
   1.7956790e+06   3.6865234e+01
   1.7959440e+06   3.3752441e+01
   1.8005450e+06   3.9999390e+03
   1.8323910e+06   5.1086426e+01
   1.8325550e+06   4.9926758e+01
   1.8347600e+06   5.3100586e+01
   1.8349750e+06   5.1391602e+01
   1.8351630e+06   4.4433594e+01
   1.8428420e+06   3.4179688e+01
   1.8505570e+06   2.0056152e+03
   1.8506730e+06   5.5297852e+01
   1.8513450e+06   4.4372559e+01
   1.8638890e+06   5.7617188e+01
   1.8640140e+06   5.1940918e+01
   1.8642230e+06   4.7729492e+01
   1.8645640e+06   4.8339844e+01
   1.8795060e+06   5.6274414e+01
   1.8796870e+06   5.2490234e+01
   1.8890990e+06   5.1452637e+01
   1.8908780e+06   5.8227539e+01
   1.8928100e+06   5.0109863e+01
   1.8929640e+06   4.9072266e+01
   1.8999260e+06   4.8034668e+01
   1.9005730e+06   3.9999390e+03
   1.9005830e+06   4.0222168e+01
   1.9006380e+06   3.4667969e+01
   1.9007990e+06   3.4179688e+01
   1.9013020e+06   4.7119141e+01
   1.9107040e+06   6.0974121e+01
   1.9110520e+06   4.4250488e+01
   1.9111670e+06   3.7536621e+01
   1.9198210e+06   6.2805176e+01
   1.9200120e+06   4.8156738e+01
   1.9286960e+06   4.6875000e+01
   1.9293400e+06   6.1096191e+01
   1.9312680e+06   5.7373047e+01
   1.9378090e+06   5.7373047e+01
   1.9412500e+06   5.1391602e+01
   1.9413880e+06   5.1757813e+01
   1.9483610e+06   4.3762207e+01
   1.9505850e+06   2.0065308e+03
   1.9505960e+06   4.2724609e+01
   1.9506570e+06   3.3386230e+01
   1.9518870e+06   6.9335938e+01
   1.9522120e+06   5.9631348e+01
   1.9523340e+06   3.9794922e+01
   1.9528710e+06   4.8156738e+01
   1.9530580e+06   4.3395996e+01
   1.9546130e+06   5.5847168e+01
   1.9579850e+06   5.4138184e+01
   1.9580470e+06   4.4555664e+01
   1.9580770e+06   3.4729004e+01
   1.9581100e+06   3.3569336e+01
   1.9581210e+06   3.7536621e+01
   1.9581400e+06   5.5358887e+01
   1.9581730e+06   3.4423828e+01
   1.9582340e+06   4.3212891e+01
   1.9583540e+06   3.4545898e+01
   1.9583900e+06   3.3691406e+01
   1.9585160e+06   3.4851074e+01
   1.9586830e+06   4.9621582e+01
   1.9843170e+06   5.9814453e+01
   1.9846210e+06   4.9560547e+01
   1.9928970e+06   5.5480957e+01
   1.9930590e+06   5.5236816e+01
   1.9936580e+06   5.3222656e+01
   2.0005990e+06   2.0066528e+03
   2.0007240e+06   3.4301758e+01
   2.0017870e+06   5.0048828e+01
   2.0024220e+06   4.4128418e+01
   2.0162790e+06   4.0039063e+01
   2.0257030e+06   5.9936523e+01
   2.0258820e+06   5.6579590e+01
   2.0321770e+06   6.6894531e+01
   2.0324890e+06   5.1330566e+01
   2.0328230e+06   5.9082031e+01
   2.0350120e+06   3.9001465e+01
   2.0361610e+06   5.3955078e+01
   2.0368970e+06   4.9377441e+01
   2.0371250e+06   4.1809082e+01
   2.0373600e+06   3.6987305e+01
   2.0377810e+06   3.5827637e+01
   2.0379850e+06   4.7851563e+01
   2.0506150e+06   3.9999390e+03
   2.0506250e+06   4.9072266e+01
   2.0511690e+06   5.3833008e+01
   2.0515820e+06   6.9702148e+01
   2.0567390e+06   3.3447266e+01
   2.0634600e+06   3.3691406e+01
   2.0642110e+06   3.3447266e+01
   2.0728980e+06   5.8166504e+01
   2.0730790e+06   5.0354004e+01
   2.0732170e+06   4.7058105e+01
   2.0793990e+06   4.9682617e+01
   2.0798220e+06   4.9011230e+01
   2.0799420e+06   4.9499512e+01
   2.0910950e+06   5.5725098e+01
   2.0922820e+06   5.8776855e+01
   2.0948120e+06   5.0659180e+01
   2.0958660e+06   6.0913086e+01
   2.0960300e+06   3.4240723e+01
   2.0964270e+06   4.3212891e+01
   2.1006290e+06   3.9999390e+03
   2.1006390e+06   4.1870117e+01
   2.1007060e+06   3.5644531e+01
   2.1013970e+06   7.0495605e+01
   2.1020470e+06   4.2236328e+01
   2.1022540e+06   4.8583984e+01
   2.1028720e+06   4.7180176e+01
   2.1148980e+06   5.5358887e+01
   2.1151070e+06   4.6997070e+01
   2.1268800e+06   5.9082031e+01
   2.1270900e+06   4.7912598e+01
   2.1345740e+06   5.3833008e+01
   2.1347340e+06   4.3701172e+01
   2.1400640e+06   5.5114746e+01
   2.1506430e+06   3.9999390e+03
   2.1514540e+06   4.8095703e+01
   2.1598910e+06   3.7780762e+01
   2.1739160e+06   6.1950684e+01
   2.1740730e+06   5.8837891e+01
   2.1831360e+06   6.2194824e+01
   2.1834050e+06   5.4077148e+01
   2.1838700e+06   4.3029785e+01
   2.1915950e+06   5.3649902e+01
   2.2006570e+06   2.0071411e+03
   2.2006710e+06   3.3691406e+01
   2.2007250e+06   3.4240723e+01
   2.2016930e+06   4.4921875e+01
   2.2224280e+06   5.9265137e+01
   2.2226320e+06   5.1086426e+01
   2.2227610e+06   5.1391602e+01
   2.2229010e+06   4.0527344e+01
   2.2244300e+06   3.6010742e+01
   2.2366130e+06   6.5856934e+01
   2.2368650e+06   4.6264648e+01
   2.2370000e+06   4.6813965e+01
   2.2388410e+06   3.6499023e+01
   2.2477880e+06   5.7434082e+01
   2.2480570e+06   5.3527832e+01
   2.2483270e+06   4.7973633e+01
   2.2506690e+06   2.0056763e+03
   2.2643960e+06   3.3386230e+01
   2.2753620e+06   5.2917480e+01
   2.2755760e+06   5.1818848e+01
   2.2756860e+06   4.1870117e+01
   2.2805320e+06   6.1584473e+01
   2.2913280e+06   3.4362793e+01
   2.3006850e+06   3.9999390e+03
   2.3006970e+06   3.6193848e+01
   2.3007560e+06   3.5461426e+01
   2.3016470e+06   5.5786133e+01
   2.3377190e+06   6.8969727e+01
   2.3379850e+06   4.2785645e+01
   2.3380960e+06   4.3945313e+01
   2.3433260e+06   5.4199219e+01
   2.3435040e+06   5.9265137e+01
   2.3447280e+06   3.4118652e+01
   2.3506970e+06   2.0073242e+03
   2.3507090e+06   4.0527344e+01
   2.3514660e+06   6.3903809e+01
   2.3517030e+06   4.8645020e+01
   2.3522530e+06   5.6945801e+01
   2.3528050e+06   3.9245605e+01
   2.3754810e+06   6.3598633e+01
   2.3822610e+06   3.3813477e+01
   2.3896930e+06   3.5339355e+01
   2.3897340e+06   3.4362793e+01
   2.3901400e+06   3.3508301e+01
   2.3902840e+06   3.3569336e+01
   2.3903010e+06   6.8786621e+01
   2.3962610e+06   3.5888672e+01
   2.3974400e+06   3.8879395e+01
   2.4007110e+06   2.0065918e+03
   2.4007220e+06   5.2307129e+01
   2.4236040e+06   3.6071777e+01
   2.4327340e+06   3.3447266e+01
   2.4507270e+06   3.9999390e+03
   2.4514400e+06   4.7485352e+01
   2.4732030e+06   6.4514160e+01
   2.4733270e+06   5.0048828e+01
   2.4734130e+06   3.6376953e+01
   2.4735070e+06   3.5949707e+01
   2.4737020e+06   4.0466309e+01
   2.4752700e+06   5.4138184e+01
   2.4753690e+06   4.1809082e+01
   2.4988980e+06   3.5095215e+01
   2.5195200e+06   4.0527344e+01
   2.5236560e+06   3.4301758e+01
   2.5330350e+06   3.3691406e+01
   2.5436670e+06   6.8786621e+01
   2.5438830e+06   5.3833008e+01
   2.5441690e+06   5.5358887e+01
   2.5443040e+06   5.3894043e+01
   2.5616570e+06   3.3447266e+01
   2.5708300e+06   3.8085938e+01
   2.5747900e+06   3.7414551e+01
   2.5792990e+06   6.8847656e+01
   2.5794590e+06   5.6640625e+01
   2.5796610e+06   5.8349609e+01
   2.5954320e+06   3.4545898e+01
   2.5987300e+06   3.3630371e+01
   2.5993190e+06   3.8391113e+01
   2.6338150e+06   5.9387207e+01
   2.6339400e+06   5.0781250e+01
   2.6340190e+06   4.2480469e+01
   2.6479270e+06   5.8227539e+01
   2.6480930e+06   5.0170898e+01
   2.6481950e+06   3.9550781e+01
   2.6483940e+06   5.0598145e+01
   2.6485370e+06   3.6926270e+01
   2.6629120e+06   6.6040039e+01
   2.6630620e+06   5.2856445e+01
   2.6744240e+06   3.3813477e+01
   2.6781730e+06   6.7749023e+01
   2.6783490e+06   4.8950195e+01
   2.6784630e+06   4.6569824e+01
   2.6785860e+06   3.7109375e+01
   2.6831260e+06   3.4667969e+01
   2.6930740e+06   4.9865723e+01
   2.6932290e+06   5.6579590e+01
   2.6937710e+06   5.0842285e+01
   2.6957690e+06   3.3874512e+01
   2.7050390e+06   6.2744141e+01
   2.7051790e+06   4.5654297e+01
   2.7101110e+06   3.7475586e+01
   2.7102990e+06   3.4851074e+01
   2.7104410e+06   4.1809082e+01
   2.7106460e+06   3.7109375e+01
   2.7239940e+06   3.7536621e+01
   2.7240750e+06   3.4667969e+01
   2.7246000e+06   3.7780762e+01
   2.7680890e+06   5.4321289e+01
   2.7683390e+06   5.7617187e+01
   2.7793550e+06   3.3752441e+01
   2.7843550e+06   5.6335449e+01
   2.7845230e+06   5.5908203e+01
   2.7846190e+06   4.1809082e+01
   2.7940700e+06   3.7292480e+01
   2.7979690e+06   3.5217285e+01
   2.8004560e+06   5.9570313e+01
   2.8006240e+06   5.0415039e+01
   2.8007220e+06   4.1442871e+01
   2.8008830e+06   4.2053223e+01
   2.8100810e+06   5.2185059e+01
   2.8113030e+06   6.2683105e+01
   2.8114360e+06   4.4799805e+01
   2.8243590e+06   5.8105469e+01
   2.8307610e+06   5.9204102e+01
   2.8310890e+06   4.9804688e+01
   2.8312670e+06   5.6396484e+01
   2.8379430e+06   5.8532715e+01
   2.8384550e+06   5.7556152e+01
   2.8386270e+06   5.2185059e+01
   2.8465380e+06   3.4667969e+01
   2.8487740e+06   6.4086914e+01
   2.8489440e+06   5.0842285e+01
   2.8567330e+06   6.0791016e+01
   2.8607770e+06   3.4362793e+01
   2.8626540e+06   5.7983398e+01
   2.8705680e+06   5.0109863e+01
   2.8707470e+06   5.1696777e+01
   2.8770190e+06   7.0922852e+01
   2.8772180e+06   5.2856445e+01
   2.8826830e+06   5.8044434e+01
   2.8846800e+06   3.3569336e+01
   2.8851890e+06   4.4433594e+01
   2.8900550e+06   6.1035156e+01
   2.8902180e+06   4.4982910e+01
   2.8960990e+06   5.6457520e+01
   2.8995310e+06   3.3691406e+01
   2.9001500e+06   5.1269531e+01
   2.9004430e+06   4.4616699e+01
   2.9047540e+06   5.2490234e+01
   2.9050890e+06   4.6936035e+01
   2.9085720e+06   3.6804199e+01
   2.9142380e+06   5.3100586e+01
   2.9144600e+06   6.1157227e+01
   2.9202650e+06   3.9001465e+01
   2.9230720e+06   4.8767090e+01
   2.9234500e+06   5.4321289e+01
   2.9253300e+06   3.3996582e+01
   2.9305440e+06   5.8837891e+01
   2.9307410e+06   5.1574707e+01
   2.9311140e+06   5.2612305e+01
   2.9339020e+06   3.6132813e+01
   2.9388400e+06   5.9997559e+01
   2.9397710e+06   3.5766602e+01
   2.9443230e+06   3.4729004e+01
   2.9503700e+06   5.7678223e+01
   2.9510510e+06   5.3100586e+01
   2.9511800e+06   3.6376953e+01
   2.9604510e+06   5.2307129e+01
   2.9639060e+06   5.4870605e+01
   2.9642400e+06   5.0537109e+01
   2.9762630e+06   6.0424805e+01
   2.9763930e+06   3.9916992e+01
   2.9772940e+06   3.3569336e+01
   2.9821150e+06   6.4025879e+01
   2.9822980e+06   4.0039063e+01
   2.9887360e+06   7.1105957e+01
   2.9889230e+06   5.3222656e+01
   2.9920250e+06   5.0781250e+01
   2.9932170e+06   4.3701172e+01
   2.9936280e+06   5.8654785e+01
   2.9984710e+06   5.2734375e+01
