   2.9990000e+06   0.0000000e+00
   1.0610000e+03   3.9999390e+03
   1.0920000e+03   6.3720703e+01
   1.1370000e+03   3.9001465e+01
   1.1640000e+03   5.9875488e+01
   1.1790000e+03   6.9885254e+01
   1.2070000e+03   3.3508301e+01
   1.2170000e+03   6.0729980e+01
   1.2500000e+03   3.0944824e+01
   1.2980000e+03   3.6071777e+01
   1.3240000e+03   6.4758301e+01
   1.3840000e+03   4.1442871e+01
   1.5250000e+03   5.5053711e+01
   1.5770000e+03   4.1381836e+01
   1.6130000e+03   3.2653809e+01
   1.7940000e+03   3.1494141e+01
   1.8250000e+03   6.6894531e+01
   2.0990000e+03   3.1066895e+01
   6.5600000e+03   3.4362793e+01
   6.9610000e+03   3.2531738e+01
   1.6093000e+04   3.1860352e+01
   2.6047000e+04   3.1250000e+01
   3.4061000e+04   3.5522461e+01
   5.0795000e+04   3.1677246e+01
   5.1075000e+04   3.9999390e+03
   5.1106000e+04   7.6171875e+01
   5.1167000e+04   3.5888672e+01
   5.1195000e+04   6.0119629e+01
   5.1217000e+04   7.2509766e+01
   5.1255000e+04   5.3039551e+01
   5.1270000e+04   3.5583496e+01
   5.1299000e+04   3.1738281e+01
   5.1326000e+04   3.2897949e+01
   5.1346000e+04   5.3100586e+01
   5.5123000e+04   3.5461426e+01
   5.5308000e+04   3.1982422e+01
   5.5808000e+04   3.4057617e+01
   5.8594000e+04   3.3203125e+01
   5.8853000e+04   3.4179688e+01
   6.7128000e+04   3.2287598e+01
   7.0242000e+04   4.1381836e+01
   7.9168000e+04   3.9306641e+01
   8.3323000e+04   3.7658691e+01
   8.4382000e+04   3.4667969e+01
   9.0472000e+04   4.2175293e+01
   9.2754000e+04   3.2104492e+01
   9.7116000e+04   3.3020020e+01
   9.7922000e+04   3.3691406e+01
   9.8836000e+04   6.9030762e+01
   9.8886000e+04   3.6743164e+01
   9.8943000e+04   5.6884766e+01
   9.9572000e+04   3.0456543e+01
   1.0108700e+05   2.0079346e+03
   1.0112000e+05   8.2153320e+01
   1.0121200e+05   6.6406250e+01
   1.0124000e+05   6.7932129e+01
   1.0126200e+05   6.7932129e+01
   1.0134900e+05   5.3344727e+01
   1.0136400e+05   7.0922852e+01
   1.0201700e+05   3.0639648e+01
   1.0534500e+05   3.9978027e+01
   1.0560100e+05   3.1433105e+01
   1.0605100e+05   3.3630371e+01
   1.1542900e+05   3.2165527e+01
   1.1594400e+05   3.8085938e+01
   1.1970500e+05   4.0466309e+01
   1.2479500e+05   3.3630371e+01
   1.4285000e+05   3.2836914e+01
   1.4931100e+05   3.3020020e+01
   1.4949700e+05   3.2653809e+01
   1.5110100e+05   2.0073853e+03
   1.5113400e+05   6.6345215e+01
   1.5117200e+05   3.2714844e+01
   1.5121300e+05   3.0883789e+01
   1.5123400e+05   8.2641602e+01
   1.5127100e+05   5.1635742e+01
   1.5134700e+05   5.3710938e+01
   1.5137000e+05   8.3007813e+01
   1.5139200e+05   3.7902832e+01
   1.5177800e+05   3.5339355e+01
   1.5696100e+05   3.1860352e+01
   1.5790100e+05   3.7841797e+01
   1.6680000e+05   3.6315918e+01
   1.6974000e+05   4.2968750e+01
   1.7752100e+05   3.2775879e+01
   1.7835600e+05   3.4057617e+01
   1.8258500e+05   3.3447266e+01
   1.8938800e+05   3.2897949e+01
   1.8972200e+05   3.4484863e+01
   1.9259400e+05   5.9509277e+01
   1.9263300e+05   3.1677246e+01
   1.9266100e+05   5.0903320e+01
   1.9275300e+05   3.3264160e+01
   1.9276600e+05   4.8339844e+01
   1.9279400e+05   7.9284668e+01
   1.9281900e+05   5.1635742e+01
   1.9284900e+05   4.4433594e+01
   1.9286900e+05   6.5124512e+01
   1.9289300e+05   6.3903809e+01
   1.9291500e+05   5.3833008e+01
   1.9293700e+05   8.6975098e+01
   1.9294700e+05   3.9001465e+01
   1.9299000e+05   3.5644531e+01
   1.9301800e+05   6.1523438e+01
   1.9302900e+05   6.7932129e+01
   1.9309000e+05   6.7810059e+01
   1.9310800e+05   6.0180664e+01
   1.9313600e+05   6.2927246e+01
   1.9316300e+05   4.0832520e+01
   1.9318000e+05   3.2775879e+01
   1.9321200e+05   3.6071777e+01
   1.9323900e+05   5.9326172e+01
   1.9326800e+05   5.3283691e+01
   1.9331000e+05   3.5949707e+01
   1.9333500e+05   4.1809082e+01
   1.9335300e+05   6.1340332e+01
   1.9341100e+05   4.4921875e+01
   1.9345000e+05   6.6223145e+01
   1.9346100e+05   3.4729004e+01
   1.9349000e+05   3.6499023e+01
   1.9350600e+05   3.5949707e+01
   1.9351900e+05   3.7536621e+01
   1.9355200e+05   4.0893555e+01
   1.9359400e+05   3.6315918e+01
   1.9360700e+05   3.8574219e+01
   1.9362700e+05   3.7109375e+01
   1.9371300e+05   3.6865234e+01
   1.9379800e+05   4.9621582e+01
   1.9380900e+05   5.7312012e+01
   1.9384700e+05   4.5593262e+01
   1.9386100e+05   3.0944824e+01
   1.9390500e+05   3.7109375e+01
   1.9396200e+05   5.2551270e+01
   1.9400800e+05   3.2104492e+01
   1.9411900e+05   5.8105469e+01
   1.9423600e+05   4.9011230e+01
   1.9429200e+05   3.3264160e+01
   1.9437900e+05   6.1645508e+01
   1.9441300e+05   3.7231445e+01
   1.9450300e+05   5.9753418e+01
   1.9477500e+05   3.7963867e+01
   1.9506800e+05   3.1127930e+01
   2.0111500e+05   2.0086060e+03
   2.0112600e+05   3.1555176e+01
   2.0114900e+05   8.3435059e+01
   2.0127300e+05   6.2072754e+01
   2.1357100e+05   6.9091797e+01
   2.2199900e+05   3.2226563e+01
   2.2417400e+05   3.0578613e+01
   2.2436700e+05   3.1250000e+01
   2.2795300e+05   3.4729004e+01
   2.2862800e+05   3.7170410e+01
   2.3337500e+05   3.6010742e+01
   2.4270200e+05   3.2165527e+01
   2.4292100e+05   3.2775879e+01
   2.5112900e+05   2.0084229e+03
   2.5116200e+05   6.9763184e+01
   2.5123100e+05   4.7424316e+01
   2.5126800e+05   3.1921387e+01
   2.5129200e+05   6.5429688e+01
   2.5134500e+05   3.3081055e+01
   2.5136200e+05   3.1799316e+01
   2.5139200e+05   3.2104492e+01
   2.5140400e+05   4.1259766e+01
   2.5142800e+05   3.0944824e+01
   2.5150500e+05   5.9204102e+01
   2.5161800e+05   5.7800293e+01
   2.5170000e+05   5.2612305e+01
   2.5175300e+05   3.0822754e+01
   2.5179100e+05   6.5673828e+01
   2.5186100e+05   4.6447754e+01
   2.5200200e+05   3.1799316e+01
   2.5855400e+05   3.5461426e+01
   2.5935300e+05   3.6987305e+01
   2.5996000e+05   3.1677246e+01
   2.6307400e+05   3.6682129e+01
   2.6833100e+05   3.6804199e+01
   2.6857000e+05   3.1555176e+01
   2.7549600e+05   3.6499023e+01
   2.8818500e+05   3.6010742e+01
   2.8883600e+05   3.2775879e+01
   2.9124800e+05   6.4575195e+01
   2.9205700e+05   4.0588379e+01
   2.9207200e+05   6.1462402e+01
   2.9208200e+05   3.6193848e+01
   2.9210700e+05   3.3874512e+01
   2.9214100e+05   6.5002441e+01
   2.9217700e+05   5.2062988e+01
   2.9219200e+05   3.5705566e+01
   2.9222300e+05   5.3955078e+01
   2.9223800e+05   4.7119141e+01
   2.9226900e+05   5.5236816e+01
   2.9228200e+05   4.1015625e+01
   2.9231000e+05   5.2917480e+01
   2.9232900e+05   1.1743164e+02
   2.9239600e+05   4.5410156e+01
   2.9241700e+05   7.2875977e+01
   2.9242800e+05   7.2143555e+01
   2.9245700e+05   3.3874512e+01
   2.9251300e+05   5.4199219e+01
   2.9253400e+05   5.2124023e+01
   2.9255200e+05   3.3325195e+01
   2.9258400e+05   3.1860352e+01
   2.9262500e+05   6.7199707e+01
   2.9266300e+05   3.0578613e+01
   2.9271500e+05   3.1433105e+01
   2.9273700e+05   3.1616211e+01
   2.9284100e+05   4.6142578e+01
   2.9287900e+05   4.9377441e+01
   2.9291200e+05   3.8818359e+01
   2.9299300e+05   5.0598145e+01
   2.9301300e+05   4.9133301e+01
   2.9308400e+05   5.3527832e+01
   2.9318000e+05   3.1677246e+01
   2.9319600e+05   6.1767578e+01
   2.9321200e+05   3.1066895e+01
   2.9324700e+05   3.9916992e+01
   2.9335400e+05   5.4382324e+01
   2.9360800e+05   5.5603027e+01
   2.9379400e+05   3.2348633e+01
   2.9384900e+05   4.8645020e+01
   2.9386100e+05   4.5410156e+01
   2.9400300e+05   3.3203125e+01
   2.9403300e+05   4.9804688e+01
   2.9430300e+05   5.1879883e+01
   2.9462200e+05   3.1860352e+01
   3.0114500e+05   3.9999390e+03
   3.0117700e+05   6.5368652e+01
   3.0128000e+05   3.3630371e+01
   3.0134900e+05   5.0964355e+01
   3.2735300e+05   6.6101074e+01
   3.3574100e+05   3.0822754e+01
   3.3899700e+05   3.2348633e+01
   3.3920500e+05   3.9489746e+01
   3.4201700e+05   4.1931152e+01
   3.4874700e+05   3.5583496e+01
   3.4916200e+05   3.5461426e+01
   3.5115900e+05   3.9999390e+03
   3.5119000e+05   7.6293945e+01
   3.5123700e+05   3.2043457e+01
   3.5126100e+05   3.7597656e+01
   3.5129100e+05   1.0723877e+02
   3.5130100e+05   4.4555664e+01
   3.5136500e+05   6.4392090e+01
   3.5137600e+05   5.7250977e+01
   3.5151700e+05   6.3293457e+01
   3.5161300e+05   3.1433105e+01
   3.5163600e+05   6.9702148e+01
   3.5167400e+05   6.4575195e+01
   3.5172300e+05   6.8969727e+01
   3.5175400e+05   3.8452148e+01
   3.5176800e+05   4.8217773e+01
   3.5180000e+05   7.1899414e+01
   3.5181400e+05   3.3935547e+01
   3.5187400e+05   3.4362793e+01
   3.5188900e+05   5.3222656e+01
   3.5191400e+05   4.7363281e+01
   3.5195100e+05   3.3935547e+01
   3.5197300e+05   7.5866699e+01
   3.5200000e+05   3.5888672e+01
   3.5204500e+05   4.1442871e+01
   3.5206300e+05   5.0048828e+01
   3.5209700e+05   3.0944824e+01
   3.5212200e+05   3.7597656e+01
   3.5213600e+05   3.5888672e+01
   3.5217700e+05   3.1982422e+01
   3.5219600e+05   4.6997070e+01
   3.5221400e+05   3.4362793e+01
   3.5225300e+05   4.9133301e+01
   3.5227700e+05   4.2663574e+01
   3.5233700e+05   4.4799805e+01
   3.5241200e+05   4.8217773e+01
   3.5243600e+05   5.6701660e+01
   3.5245500e+05   3.1555176e+01
   3.5250000e+05   4.3823242e+01
   3.5259100e+05   7.0495605e+01
   3.5278100e+05   6.5856934e+01
   3.5293300e+05   3.1982422e+01
   3.5295300e+05   4.4494629e+01
   3.5307700e+05   3.1494141e+01
   3.5310000e+05   5.2856445e+01
   3.5326700e+05   4.4677734e+01
   3.5329900e+05   4.5715332e+01
   3.5347800e+05   6.0363770e+01
   3.5369400e+05   3.2165527e+01
   3.5374800e+05   7.8979492e+01
   3.5398800e+05   5.4260254e+01
   3.5421900e+05   3.2592773e+01
   3.5450600e+05   3.0883789e+01
   3.6847600e+05   3.6193848e+01
   3.6906200e+05   3.1921387e+01
   3.6934100e+05   3.3691406e+01
   3.7254500e+05   3.9184570e+01
   3.7990800e+05   3.0639648e+01
   3.8577700e+05   3.0822754e+01
   3.8597700e+05   3.6193848e+01
   3.9847700e+05   3.6621094e+01
   3.9886800e+05   3.8757324e+01
   4.0117100e+05   2.0050659e+03
   4.0120400e+05   6.0363770e+01
   4.0125000e+05   4.4616699e+01
   4.0128200e+05   5.5297852e+01
   4.0129800e+05   9.4848633e+01
   4.0131600e+05   4.1198730e+01
   4.0135500e+05   3.0822754e+01
   4.0138100e+05   3.5339355e+01
   4.0139700e+05   3.6376953e+01
   4.0143100e+05   5.1696777e+01
   4.0145800e+05   3.1066895e+01
   4.0149700e+05   4.8645020e+01
   4.0166200e+05   5.5053711e+01
   4.0176700e+05   5.8227539e+01
   4.0178400e+05   3.9733887e+01
   4.0182200e+05   3.9062500e+01
   4.0185800e+05   3.1005859e+01
   4.0189000e+05   5.1879883e+01
   4.0193000e+05   3.9123535e+01
   4.0194700e+05   4.4067383e+01
   4.0196500e+05   3.0517578e+01
   4.0201100e+05   4.6386719e+01
   4.0202300e+05   3.1311035e+01
   4.0206100e+05   3.8269043e+01
   4.0207300e+05   5.9753418e+01
   4.0209800e+05   4.0954590e+01
   4.0222700e+05   5.9326172e+01
   4.0229900e+05   3.1127930e+01
   4.0232200e+05   3.1799316e+01
   4.0235600e+05   5.8837891e+01
   4.0239200e+05   3.0944824e+01
   4.0260100e+05   3.2531738e+01
   4.0270800e+05   5.4382324e+01
   4.2039400e+05   3.3691406e+01
   4.3907600e+05   5.4809570e+01
   4.3914600e+05   4.8461914e+01
   4.3916400e+05   4.4189453e+01
   4.3920000e+05   3.2287598e+01
   4.3928600e+05   4.1809082e+01
   4.4118000e+05   5.8654785e+01
   4.4136600e+05   5.9387207e+01
   4.4137700e+05   3.9916992e+01
   4.4145700e+05   5.5358887e+01
   4.4157000e+05   6.0180664e+01
   4.4158200e+05   4.1625977e+01
   4.4160700e+05   3.2104492e+01
   4.4165900e+05   4.8400879e+01
   4.4169100e+05   5.0231934e+01
   4.4170100e+05   5.1757813e+01
   4.4171300e+05   3.7353516e+01
   4.4175200e+05   5.7617188e+01
   4.4182400e+05   5.0292969e+01
   4.4185200e+05   3.8818359e+01
   4.4192900e+05   8.4655762e+01
   4.4194400e+05   6.5185547e+01
   4.4195600e+05   5.2246094e+01
   4.4199800e+05   4.1015625e+01
   4.4203700e+05   7.5561523e+01
   4.4205100e+05   5.7495117e+01
   4.4207500e+05   3.2958984e+01
   4.4209400e+05   4.0161133e+01
   4.4211500e+05   4.6936035e+01
   4.4214000e+05   3.2287598e+01
   4.4216200e+05   3.0700684e+01
   4.4218300e+05   5.4809570e+01
   4.4229300e+05   5.8166504e+01
   4.4239300e+05   3.7231445e+01
   4.4240700e+05   4.2846680e+01
   4.4242700e+05   4.1809082e+01
   4.4267800e+05   5.8898926e+01
   4.5118500e+05   2.0097656e+03
   4.5121900e+05   7.4829102e+01
   4.5130800e+05   5.1574707e+01
   4.5133500e+05   3.7048340e+01
   4.5135100e+05   3.6987305e+01
   4.5147000e+05   4.8034668e+01
   4.7455300e+05   3.1433105e+01
   4.7476900e+05   3.2897949e+01
   4.7790200e+05   6.5612793e+01
   4.8900400e+05   5.5969238e+01
   4.8911200e+05   4.9682617e+01
   4.8916100e+05   3.3020020e+01
   4.8917200e+05   4.1625977e+01
   4.8919500e+05   3.6254883e+01
   4.8922000e+05   3.6682129e+01
   4.8924800e+05   6.3110352e+01
   4.8929100e+05   3.8269043e+01
   4.8932700e+05   3.2287598e+01
   4.8934400e+05   9.6679688e+01
   4.8936500e+05   4.0771484e+01
   4.8939900e+05   3.5644531e+01
   4.8943700e+05   6.4453125e+01
   4.8948000e+05   3.1066895e+01
   4.8949700e+05   4.0588379e+01
   4.8950900e+05   3.6193848e+01
   4.8955900e+05   4.5410156e+01
   4.8963600e+05   4.5959473e+01
   4.8965300e+05   3.1372070e+01
   4.8967400e+05   3.2653809e+01
   4.8972300e+05   3.0517578e+01
   4.8975200e+05   5.3344727e+01
   4.8978600e+05   3.1127930e+01
   4.8992700e+05   5.9997559e+01
   4.8998300e+05   3.1250000e+01
   4.9003300e+05   5.5664063e+01
   4.9006900e+05   3.2043457e+01
   4.9011600e+05   4.5654297e+01
   4.9014400e+05   4.9316406e+01
   4.9037300e+05   3.2043457e+01
   5.0120100e+05   3.9999390e+03
   5.0123300e+05   6.7565918e+01
   5.0127200e+05   3.4362793e+01
   5.0129300e+05   3.3935547e+01
   5.0133800e+05   5.4870605e+01
   5.0136300e+05   3.4545898e+01
   5.0139600e+05   4.4494629e+01
   5.0141400e+05   3.2104492e+01
   5.1099800e+05   5.9448242e+01
   5.2267200e+05   3.3935547e+01
   5.2293800e+05   3.1860352e+01
   5.3185600e+05   4.0832520e+01
   5.4035000e+05   3.2287598e+01
   5.4067700e+05   3.7536621e+01
   5.4166800e+05   6.8420410e+01
   5.4177500e+05   5.2368164e+01
   5.4180600e+05   3.7048340e+01
   5.4183800e+05   3.0456543e+01
   5.4185600e+05   6.2500000e+01
   5.4187300e+05   3.2775879e+01
   5.4190800e+05   5.3344727e+01
   5.4193200e+05   1.1340332e+02
   5.4194400e+05   4.9377441e+01
   5.4199000e+05   6.0058594e+01
   5.4201900e+05   7.4279785e+01
   5.4202900e+05   6.5490723e+01
   5.4205300e+05   3.4179688e+01
   5.4207200e+05   3.8269043e+01
   5.4208900e+05   3.1433105e+01
   5.4210000e+05   6.8298340e+01
   5.4213100e+05   8.9477539e+01
   5.4215300e+05   6.9458008e+01
   5.4216600e+05   5.9814453e+01
   5.4220200e+05   4.4677734e+01
   5.4223400e+05   4.1992188e+01
   5.4225400e+05   6.7749023e+01
   5.4227900e+05   3.9245605e+01
   5.4230900e+05   5.4626465e+01
   5.4233200e+05   4.0039063e+01
   5.4234700e+05   4.3945313e+01
   5.4237400e+05   5.3649902e+01
   5.4239300e+05   3.4606934e+01
   5.4242200e+05   6.1401367e+01
   5.4245100e+05   3.4362793e+01
   5.4247700e+05   3.9428711e+01
   5.4249100e+05   4.5959473e+01
   5.4252000e+05   3.6071777e+01
   5.4254200e+05   3.4179688e+01
   5.4255700e+05   3.8635254e+01
   5.4258800e+05   3.4790039e+01
   5.4262000e+05   3.1005859e+01
   5.4264400e+05   3.3996582e+01
   5.4267600e+05   3.2836914e+01
   5.4269000e+05   3.2226563e+01
   5.4270100e+05   3.5217285e+01
   5.4274200e+05   4.2724609e+01
   5.4277200e+05   4.0771484e+01
   5.4282300e+05   3.0822754e+01
   5.4287100e+05   5.3527832e+01
   5.4296800e+05   3.5583496e+01
   5.4304800e+05   3.1494141e+01
   5.4307200e+05   5.5419922e+01
   5.4310200e+05   3.2104492e+01
   5.4313600e+05   3.1494141e+01
   5.4317300e+05   4.5776367e+01
   5.4322900e+05   3.1555176e+01
   5.4325300e+05   4.7241211e+01
   5.4327800e+05   5.4992676e+01
   5.4339000e+05   4.2053223e+01
   5.4342400e+05   3.1066895e+01
   5.4354100e+05   5.2734375e+01
   5.4367500e+05   3.6132813e+01
   5.4369800e+05   3.1005859e+01
   5.4393100e+05   5.0964355e+01
   5.4408800e+05   3.5705566e+01
   5.4847600e+05   4.2663574e+01
   5.4971500e+05   3.4301758e+01
   5.5121500e+05   3.9999390e+03
   5.5124700e+05   8.2824707e+01
   5.5130600e+05   4.6630859e+01
   5.5132000e+05   3.1555176e+01
   5.5136400e+05   3.8696289e+01
   5.5359500e+05   5.6030273e+01
   5.5640200e+05   5.9204102e+01
   5.5869400e+05   5.8959961e+01
   5.6058700e+05   6.3842773e+01
   5.6099800e+05   6.1401367e+01
   5.6479200e+05   6.0241699e+01
   5.6669900e+05   6.2561035e+01
   5.7369800e+05   6.1767578e+01
   5.7975000e+05   6.4147949e+01
   5.8417400e+05   3.4240723e+01
   5.8428400e+05   3.2165527e+01
   5.8448000e+05   3.1005859e+01
   5.8471900e+05   3.1616211e+01
   5.9306100e+05   3.7475586e+01
   5.9610300e+05   3.2836914e+01
   5.9643700e+05   3.0700684e+01
   6.0122700e+05   2.0072021e+03
   6.0126100e+05   6.9763184e+01
   6.0129100e+05   3.3325195e+01
   6.0132600e+05   5.0720215e+01
   6.0136600e+05   4.7241211e+01
   6.0139400e+05   5.1391602e+01
   6.0140700e+05   8.9050293e+01
   6.0146100e+05   3.2592773e+01
   6.0147200e+05   3.6743164e+01
   6.0151000e+05   4.7668457e+01
   6.0155700e+05   4.2541504e+01
   6.0160700e+05   3.5217285e+01
   6.0163400e+05   7.3303223e+01
   6.0165100e+05   4.3457031e+01
   6.0168300e+05   3.1005859e+01
   6.0170800e+05   4.8400879e+01
   6.0176000e+05   4.0222168e+01
   6.0177900e+05   7.7270508e+01
   6.0182600e+05   3.1677246e+01
   6.0184600e+05   3.1066895e+01
   6.0186800e+05   5.4870605e+01
   6.0192600e+05   3.4851074e+01
   6.0198100e+05   5.2246094e+01
   6.0200900e+05   4.0344238e+01
   6.0206000e+05   3.3813477e+01
   6.0209100e+05   4.5593262e+01
   6.0210400e+05   3.3325195e+01
   6.0215600e+05   4.1625977e+01
   6.0219800e+05   3.2775879e+01
   6.0225700e+05   6.9885254e+01
   6.0227600e+05   5.1147461e+01
   6.0232800e+05   3.1372070e+01
   6.0243600e+05   5.2307129e+01
   6.0254700e+05   3.2165527e+01
   6.0269900e+05   3.5278320e+01
   6.0280600e+05   4.9682617e+01
   6.1253300e+05   5.9204102e+01
   6.1369400e+05   3.2775879e+01
   6.1409100e+05   3.0700684e+01
   6.1445900e+05   3.1311035e+01
   6.1744900e+05   8.2885742e+01
   6.2565300e+05   6.5979004e+01
   6.2929200e+05   7.1105957e+01
   6.3865300e+05   3.5278320e+01
   6.3906000e+05   3.5766602e+01
   6.4429800e+05   5.9082031e+01
   6.4554700e+05   3.0822754e+01
   6.5081600e+05   6.2683105e+01
   6.5124100e+05   2.0042114e+03
   6.5127500e+05   6.2194824e+01
   6.5129200e+05   3.3874512e+01
   6.5133900e+05   5.9875488e+01
   6.5135100e+05   3.9855957e+01
   6.5137100e+05   3.0517578e+01
   6.5138400e+05   6.9702148e+01
   6.5140500e+05   3.6987305e+01
   6.5143600e+05   3.5949707e+01
   6.5145000e+05   3.7536621e+01
   6.5147100e+05   4.4677734e+01
   6.5149900e+05   4.1137695e+01
   6.5154000e+05   8.4533691e+01
   6.5159400e+05   5.9692383e+01
   6.5168500e+05   3.3752441e+01
   6.5178400e+05   5.7617188e+01
   6.5182600e+05   3.1188965e+01
   6.5184300e+05   3.2836914e+01
   6.5193800e+05   6.8786621e+01
   6.5197000e+05   3.9978027e+01
   6.5208300e+05   5.3588867e+01
   6.5211100e+05   3.2043457e+01
   6.5220000e+05   4.7424316e+01
   6.5229700e+05   4.7485352e+01
   6.5231200e+05   5.9082031e+01
   6.5239800e+05   3.1311035e+01
   6.5243100e+05   4.4738770e+01
   6.5244800e+05   4.7729492e+01
   6.5246400e+05   4.7119141e+01
   6.5252500e+05   3.0456543e+01
   6.5255200e+05   6.5063477e+01
   6.5257200e+05   5.5114746e+01
   6.5259300e+05   3.3630371e+01
   6.5261800e+05   3.1188965e+01
   6.5264000e+05   4.9987793e+01
   6.5266300e+05   3.6560059e+01
   6.5269800e+05   6.9274902e+01
   6.5271100e+05   5.4382324e+01
   6.6174800e+05   3.7658691e+01
   6.6202700e+05   3.3508301e+01
   6.6227400e+05   3.3569336e+01
   6.6250600e+05   3.3447266e+01
   6.6573600e+05   3.8085938e+01
   6.6664900e+05   6.3476563e+01
   6.7060300e+05   4.1015625e+01
   6.8172200e+05   3.1066895e+01
   6.8213900e+05   3.5766602e+01
   6.8564600e+05   3.6254883e+01
   6.8608800e+05   3.6437988e+01
   6.8626600e+05   3.2348633e+01
   6.8834000e+05   5.5236816e+01
   6.9999300e+05   3.4667969e+01
   7.0125500e+05   2.0058594e+03
   7.0128900e+05   6.7871094e+01
   7.0131900e+05   3.6560059e+01
   7.0136000e+05   5.1635742e+01
   7.0137500e+05   7.2265625e+01
   7.0139100e+05   4.0893555e+01
   7.0140600e+05   4.2846680e+01
   7.0147200e+05   7.4218750e+01
   7.0148500e+05   5.2490234e+01
   7.0157200e+05   5.5236816e+01
   7.0168200e+05   3.5339355e+01
   7.0177000e+05   3.2958984e+01
   7.0182500e+05   3.0700684e+01
   7.0190300e+05   3.6071777e+01
   7.0232400e+05   8.3984375e+01
   7.0234000e+05   3.5156250e+01
   7.0239000e+05   3.2043457e+01
   7.0240900e+05   7.9101563e+01
   7.0244900e+05   4.5410156e+01
   7.0247400e+05   4.3334961e+01
   7.0250100e+05   8.4960938e+01
   7.0252100e+05   4.7363281e+01
   7.0253900e+05   3.1311035e+01
   7.0257100e+05   3.3630371e+01
   7.0259300e+05   6.3415527e+01
   7.0260500e+05   6.3598633e+01
   7.0266300e+05   6.5856934e+01
   7.0273400e+05   3.4179688e+01
   7.0274800e+05   4.5654297e+01
   7.0275900e+05   4.2297363e+01
   7.0282700e+05   5.1879883e+01
   7.1435900e+05   3.1799316e+01
   7.1486000e+05   5.3039551e+01
   7.2803200e+05   3.1677246e+01
   7.2824200e+05   3.2470703e+01
   7.3319400e+05   3.0883789e+01
   7.3342300e+05   3.3508301e+01
   7.3391700e+05   3.0517578e+01
   7.3413800e+05   3.3508301e+01
   7.3449400e+05   5.7312012e+01
   7.3531600e+05   3.3020020e+01
   7.4249900e+05   3.6682129e+01
   7.4269200e+05   3.0700684e+01
   7.4282500e+05   3.1555176e+01
   7.4604700e+05   3.2531738e+01
   7.5127100e+05   3.9999390e+03
   7.5130300e+05   6.5979004e+01
   7.5134200e+05   3.5339355e+01
   7.5136100e+05   4.3212891e+01
   7.5138700e+05   3.0517578e+01
   7.5140500e+05   5.5175781e+01
   7.5142700e+05   8.2824707e+01
   7.5144500e+05   3.3508301e+01
   7.5147200e+05   5.0598145e+01
   7.5152700e+05   3.0944824e+01
   7.5168500e+05   3.1799316e+01
   7.5231600e+05   3.9794922e+01
   7.5240100e+05   3.1188965e+01
   7.5244000e+05   7.2448730e+01
   7.5245700e+05   3.2409668e+01
   7.5247600e+05   3.3630371e+01
   7.5252100e+05   5.9875488e+01
   7.5254300e+05   4.3395996e+01
   7.5256300e+05   3.4606934e+01
   7.5259000e+05   5.4504395e+01
   7.5260900e+05   3.9916992e+01
   7.5263100e+05   7.5073242e+01
   7.5267500e+05   3.0822754e+01
   7.5271700e+05   3.3142090e+01
   7.5273200e+05   5.7617188e+01
   7.5282600e+05   3.8024902e+01
   7.5291500e+05   5.7861328e+01
   7.5326300e+05   6.5979004e+01
   7.5337400e+05   5.8227539e+01
   7.6096000e+05   3.4851074e+01
   7.6132300e+05   3.4606934e+01
   7.6456500e+05   3.7048340e+01
   7.6511500e+05   3.1738281e+01
   7.6533600e+05   3.0883789e+01
   7.7039400e+05   3.5034180e+01
   7.8005600e+05   3.2897949e+01
   7.8041700e+05   3.3569336e+01
   7.8666100e+05   3.5949707e+01
   7.8710000e+05   6.2316895e+01
   7.9168500e+05   3.2592773e+01
   7.9190500e+05   3.7658691e+01
   7.9210600e+05   3.9001465e+01
   7.9439100e+05   3.8146973e+01
   7.9825900e+05   3.1738281e+01
   8.0128300e+05   2.0044556e+03
   8.0131600e+05   7.7270508e+01
   8.0136500e+05   3.1127930e+01
   8.0141400e+05   5.7495117e+01
   8.0142400e+05   3.6132813e+01
   8.0144600e+05   8.6730957e+01
   8.0147100e+05   5.1574707e+01
   8.0153800e+05   4.5288086e+01
   8.0156000e+05   3.1982422e+01
   8.0552600e+05   3.8208008e+01
   8.0618100e+05   4.1870117e+01
   8.1219800e+05   3.3142090e+01
   8.2381900e+05   3.3996582e+01
   8.2399500e+05   3.3508301e+01
   8.2766100e+05   3.9916992e+01
   8.2833200e+05   3.1372070e+01
   8.3880600e+05   3.6865234e+01
   8.3919900e+05   3.3081055e+01
   8.3938600e+05   3.5400391e+01
   8.3959000e+05   3.2958984e+01
   8.5129700e+05   2.0083008e+03
   8.5133000e+05   7.1044922e+01
   8.5139700e+05   3.0578613e+01
   8.5141300e+05   5.7434082e+01
   8.5142700e+05   3.0700684e+01
   8.5145600e+05   3.7780762e+01
   8.5151400e+05   3.1066895e+01
   8.5167300e+05   3.2531738e+01
   8.5188100e+05   3.0822754e+01
   8.5418300e+05   3.1494141e+01
   8.5468200e+05   3.8696289e+01
   8.5510000e+05   3.2714844e+01
   8.7701800e+05   3.3325195e+01
   8.8036200e+05   3.4484863e+01
   8.8196200e+05   3.1250000e+01
   8.8256600e+05   3.2470703e+01
   8.8943400e+05   3.2836914e+01
   8.9827300e+05   6.6711426e+01
   8.9845700e+05   5.8166504e+01
   8.9891600e+05   5.3283691e+01
   8.9913400e+05   6.3110352e+01
   8.9953100e+05   6.3537598e+01
   8.9968000e+05   6.0485840e+01
   8.9973500e+05   3.3203125e+01
   8.9988000e+05   6.1157227e+01
   8.9998100e+05   3.6865234e+01
   8.9999100e+05   5.8349609e+01
   9.0005400e+05   3.3325195e+01
   9.0010900e+05   4.9438477e+01
   9.0012100e+05   3.2592773e+01
   9.0017400e+05   4.8950195e+01
   9.0018400e+05   4.7851563e+01
   9.0023600e+05   9.0087891e+01
   9.0025300e+05   3.9794922e+01
   9.0028500e+05   4.2785645e+01
   9.0030700e+05   6.5979004e+01
   9.0032600e+05   3.8757324e+01
   9.0036300e+05   3.3386230e+01
   9.0038500e+05   5.6152344e+01
   9.0040700e+05   3.7902832e+01
   9.0042500e+05   4.4494629e+01
   9.0046700e+05   4.7485352e+01
   9.0048200e+05   7.6416016e+01
   9.0050100e+05   5.0964355e+01
   9.0051600e+05   4.9316406e+01
   9.0053700e+05   3.1616211e+01
   9.0058500e+05   4.3273926e+01
   9.0060200e+05   6.4453125e+01
   9.0062600e+05   4.8278809e+01
   9.0065000e+05   3.0639648e+01
   9.0067700e+05   6.6467285e+01
   9.0069600e+05   4.3212891e+01
   9.0075700e+05   3.8940430e+01
   9.0078100e+05   3.8696289e+01
   9.0079200e+05   4.5898438e+01
   9.0080600e+05   3.9001465e+01
   9.0086300e+05   3.9184570e+01
   9.0087800e+05   4.8950195e+01
   9.0090200e+05   3.2043457e+01
   9.0093400e+05   3.6010742e+01
   9.0095900e+05   3.6926270e+01
   9.0099300e+05   4.1625977e+01
   9.0102600e+05   4.5471191e+01
   9.0104900e+05   4.2968750e+01
   9.0113300e+05   4.3090820e+01
   9.0116200e+05   4.0039063e+01
   9.0117900e+05   3.1372070e+01
   9.0124500e+05   3.1005859e+01
   9.0129900e+05   5.2246094e+01
   9.0131100e+05   2.0031738e+03
   9.0133200e+05   3.9184570e+01
   9.0135200e+05   4.8828125e+01
   9.0141300e+05   3.5705566e+01
   9.0147800e+05   4.2663574e+01
   9.0162400e+05   3.9672852e+01
   9.0163900e+05   3.2714844e+01
   9.0170200e+05   3.5156250e+01
   9.0174500e+05   5.7006836e+01
   9.0186700e+05   5.0659180e+01
   9.0613900e+05   6.1096191e+01
   9.1161900e+05   6.1340332e+01
   9.1277700e+05   6.7932129e+01
   9.1498000e+05   6.5002441e+01
   9.1736900e+05   6.7626953e+01
   9.2135800e+05   6.1218262e+01
   9.2281800e+05   6.8542480e+01
   9.2484000e+05   5.9020996e+01
   9.2643000e+05   3.3630371e+01
   9.2663300e+05   3.2531738e+01
   9.2678200e+05   3.2348633e+01
   9.2857900e+05   6.3659668e+01
   9.3269600e+05   3.2531738e+01
   9.3711000e+05   3.4606934e+01
   9.3901800e+05   5.8349609e+01
   9.3996400e+05   3.5827637e+01
   9.4017900e+05   3.6376953e+01
   9.4926200e+05   3.1738281e+01
   9.4962500e+05   6.4270020e+01
   9.5132500e+05   2.0067749e+03
   9.5135900e+05   6.9091797e+01
   9.5140400e+05   3.3935547e+01
   9.5142800e+05   4.5776367e+01
   9.5146000e+05   4.8217773e+01
   9.5148600e+05   6.3598633e+01
   9.5154500e+05   3.6193848e+01
   9.5165700e+05   5.0537109e+01
   9.5211100e+05   3.1616211e+01
   9.5252300e+05   6.5979004e+01
   9.6501000e+05   3.2714844e+01
   9.6542700e+05   3.2409668e+01
   9.7500300e+05   3.4912109e+01
   9.8092800e+05   3.5583496e+01
   9.8138800e+05   3.2104492e+01
   9.8503800e+05   3.7353516e+01
   9.8688200e+05   3.8269043e+01
   9.8958700e+05   3.1188965e+01
   9.9746500e+05   3.6010742e+01
   1.0013390e+06   2.0031738e+03
   1.0013720e+06   6.3232422e+01
   1.0014200e+06   3.5034180e+01
   1.0014430e+06   4.3212891e+01
   1.0014660e+06   7.2692871e+01
   1.0014870e+06   8.1970215e+01
   1.0015410e+06   4.0100098e+01
   1.0015760e+06   3.9306641e+01
   1.0016520e+06   6.8969727e+01
   1.0018570e+06   3.7414551e+01
   1.0021200e+06   3.1188965e+01
   1.0022440e+06   4.8522949e+01
   1.0062200e+06   3.6315918e+01
   1.0131150e+06   3.4912109e+01
   1.0134600e+06   3.3142090e+01
   1.0211160e+06   3.1860352e+01
   1.0213640e+06   3.0517578e+01
   1.0223800e+06   6.6284180e+01
   1.0226420e+06   6.5856934e+01
   1.0232710e+06   5.7128906e+01
   1.0250280e+06   3.4301758e+01
   1.0260600e+06   3.7597656e+01
   1.0289840e+06   3.1738281e+01
   1.0332270e+06   3.3386230e+01
   1.0377340e+06   7.0800781e+01
   1.0466260e+06   3.1005859e+01
   1.0513530e+06   2.0103760e+03
   1.0513860e+06   7.0983887e+01
   1.0514190e+06   3.3935547e+01
   1.0514620e+06   3.8146973e+01
   1.0514720e+06   3.9489746e+01
   1.0514910e+06   3.7475586e+01
   1.0515030e+06   3.8513184e+01
   1.0515690e+06   5.7861328e+01
   1.0516010e+06   6.7871094e+01
   1.0516160e+06   3.1555176e+01
   1.0517220e+06   5.2490234e+01
   1.0521270e+06   3.2043457e+01
   1.0521570e+06   3.1127930e+01
   1.0522020e+06   3.2653809e+01
   1.0522550e+06   4.6264648e+01
   1.0522730e+06   5.8654785e+01
   1.0562270e+06   3.1494141e+01
   1.0565280e+06   3.6193848e+01
   1.0567130e+06   4.0588379e+01
   1.0569430e+06   3.1127930e+01
   1.0609240e+06   3.6987305e+01
   1.0729910e+06   3.4118652e+01
   1.0733290e+06   3.6987305e+01
   1.0737430e+06   3.2348633e+01
   1.0802590e+06   3.4179688e+01
   1.0806490e+06   3.1677246e+01
   1.0863090e+06   3.1372070e+01
   1.0869560e+06   3.3752441e+01
   1.0942490e+06   3.0517578e+01
   1.0981790e+06   3.5949707e+01
   1.1013690e+06   3.9999390e+03
   1.1014000e+06   7.5195313e+01
   1.1014650e+06   3.2470703e+01
   1.1014890e+06   7.6354980e+01
   1.1014990e+06   4.3395996e+01
   1.1015220e+06   5.1208496e+01
   1.1015370e+06   3.0639648e+01
   1.1015860e+06   6.8664551e+01
   1.1016190e+06   3.6499023e+01
   1.1023100e+06   3.7414551e+01
   1.1056610e+06   3.2653809e+01
   1.1092260e+06   3.3203125e+01
   1.1123930e+06   3.9611816e+01
   1.1175000e+06   3.7780762e+01
   1.1278860e+06   3.9611816e+01
   1.1291460e+06   3.2409668e+01
   1.1300620e+06   3.1250000e+01
   1.1303480e+06   3.1738281e+01
   1.1387140e+06   3.3569336e+01
   1.1428180e+06   3.1494141e+01
   1.1431380e+06   3.4240723e+01
   1.1441120e+06   6.3964844e+01
   1.1444660e+06   4.0893555e+01
   1.1489670e+06   3.1066895e+01
   1.1513810e+06   2.0104980e+03
   1.1514140e+06   6.5795898e+01
   1.1514620e+06   3.1311035e+01
   1.1514970e+06   4.0832520e+01
   1.1515270e+06   6.6406250e+01
   1.1515460e+06   4.4494629e+01
   1.1515620e+06   3.0456543e+01
   1.1516730e+06   4.7363281e+01
   1.1523230e+06   5.3100586e+01
   1.1551030e+06   3.4423828e+01
   1.1564710e+06   3.5034180e+01
   1.1654620e+06   3.3935547e+01
   1.1723710e+06   4.1137695e+01
   1.1798530e+06   3.4240723e+01
   1.1813370e+06   6.4025879e+01
   1.1814410e+06   5.4077148e+01
   1.1814550e+06   7.0251465e+01
   1.1823840e+06   6.0913086e+01
   1.1825160e+06   5.2062988e+01
   1.1825890e+06   3.3508301e+01
   1.1826060e+06   3.4118652e+01
   1.1826710e+06   3.3386230e+01
   1.1826840e+06   5.3710938e+01
   1.1827650e+06   6.6284180e+01
   1.1827830e+06   6.2561035e+01
   1.1827990e+06   4.7607422e+01
   1.1828230e+06   4.9316406e+01
   1.1828500e+06   4.4372559e+01
   1.1828950e+06   3.3752441e+01
   1.1829160e+06   4.9438477e+01
   1.1829320e+06   3.1494141e+01
   1.1829670e+06   3.2592773e+01
   1.1829970e+06   3.7841797e+01
   1.1830190e+06   8.0383301e+01
   1.1830340e+06   8.6181641e+01
   1.1830620e+06   3.5583496e+01
   1.1830790e+06   3.2653809e+01
   1.1830940e+06   3.4301758e+01
   1.1831180e+06   3.3874512e+01
   1.1831450e+06   4.4067383e+01
   1.1831590e+06   4.7485352e+01
   1.1831700e+06   6.9152832e+01
   1.1831880e+06   3.3630371e+01
   1.1832160e+06   7.3730469e+01
   1.1832300e+06   6.8298340e+01
   1.1832570e+06   4.7424316e+01
   1.1832910e+06   3.6804199e+01
   1.1833130e+06   9.6496582e+01
   1.1833380e+06   4.8339844e+01
   1.1833520e+06   3.8024902e+01
   1.1833710e+06   3.1188965e+01
   1.1834050e+06   4.7729492e+01
   1.1834160e+06   3.2470703e+01
   1.1834530e+06   3.2287598e+01
   1.1834770e+06   5.2795410e+01
   1.1835060e+06   3.6804199e+01
   1.1835370e+06   3.5766602e+01
   1.1835700e+06   3.7841797e+01
   1.1836060e+06   4.4738770e+01
   1.1836270e+06   5.3283691e+01
   1.1836580e+06   3.7292480e+01
   1.1836690e+06   3.6743164e+01
   1.1836920e+06   4.0405273e+01
   1.1837120e+06   3.6865234e+01
   1.1837350e+06   3.4240723e+01
   1.1837600e+06   3.9123535e+01
   1.1838250e+06   3.2470703e+01
   1.1838660e+06   3.3264160e+01
   1.1838920e+06   3.6621094e+01
   1.1839240e+06   4.7790527e+01
   1.1840020e+06   4.1137695e+01
   1.1840160e+06   3.4729004e+01
   1.1840440e+06   4.1748047e+01
   1.1840960e+06   3.1433105e+01
   1.1841090e+06   6.2255859e+01
   1.1841810e+06   3.2043457e+01
   1.1842250e+06   5.8959961e+01
   1.1842350e+06   6.7749023e+01
   1.1843450e+06   3.3264160e+01
   1.1844020e+06   3.7902832e+01
   1.1844300e+06   4.8706055e+01
   1.1845080e+06   5.8410645e+01
   1.1846070e+06   5.6579590e+01
   1.1847930e+06   6.0607910e+01
   1.1849400e+06   5.5297852e+01
   1.1852170e+06   3.3447266e+01
   1.1852870e+06   4.4189453e+01
   1.2013970e+06   3.9999390e+03
   1.2014290e+06   7.0617676e+01
   1.2014990e+06   4.2907715e+01
   1.2015170e+06   3.3569336e+01
   1.2015470e+06   4.3334961e+01
   1.2185170e+06   3.2348633e+01
   1.2260510e+06   3.1555176e+01
   1.2291520e+06   5.9265137e+01
   1.2414990e+06   6.4147949e+01
   1.2461770e+06   5.8471680e+01
   1.2514110e+06   3.9999390e+03
   1.2514420e+06   6.4880371e+01
   1.2515160e+06   3.6743164e+01
   1.2515290e+06   3.6376953e+01
   1.2515400e+06   6.5368652e+01
   1.2515580e+06   3.8635254e+01
   1.2515730e+06   4.9621582e+01
   1.2515960e+06   3.7292480e+01
   1.2516150e+06   3.3813477e+01
   1.2516330e+06   4.1625977e+01
   1.2516970e+06   3.8330078e+01
   1.2517600e+06   3.9306641e+01
   1.2518000e+06   3.1677246e+01
   1.2518640e+06   3.3142090e+01
   1.2519350e+06   4.6020508e+01
   1.2520050e+06   3.5339355e+01
   1.2520200e+06   4.8034668e+01
   1.2521990e+06   5.6335449e+01
   1.2522460e+06   3.3142090e+01
   1.2523080e+06   4.3334961e+01
   1.2525350e+06   5.1513672e+01
   1.2526690e+06   6.0119629e+01
   1.2527980e+06   4.7851563e+01
   1.2533840e+06   5.0476074e+01
   1.2534440e+06   3.5644531e+01
   1.2534650e+06   3.6193848e+01
   1.2534880e+06   3.9184570e+01
   1.2535140e+06   3.3874512e+01
   1.2535260e+06   4.6386719e+01
   1.2535560e+06   5.6884766e+01
   1.2535820e+06   3.6071777e+01
   1.2536020e+06   8.3374023e+01
   1.2536230e+06   3.8391113e+01
   1.2536480e+06   4.0405273e+01
   1.2536780e+06   3.3142090e+01
   1.2536910e+06   4.2785645e+01
   1.2537450e+06   3.3081055e+01
   1.2537580e+06   8.5815430e+01
   1.2538800e+06   4.2114258e+01
   1.2539430e+06   3.1433105e+01
   1.2542500e+06   6.7199707e+01
   1.2608120e+06   3.2775879e+01
   1.2610220e+06   3.2165527e+01
   1.2611290e+06   3.1860352e+01
   1.2647400e+06   3.4057617e+01
   1.2660430e+06   3.0517578e+01
   1.2717240e+06   3.7597656e+01
   1.2762570e+06   7.1777344e+01
   1.2814110e+06   3.7475586e+01
   1.2843300e+06   3.1311035e+01
   1.2880550e+06   3.9550781e+01
   1.2932250e+06   4.6142578e+01
   1.2935490e+06   6.7382813e+01
   1.2938620e+06   3.5278320e+01
   1.2939330e+06   5.4077148e+01
   1.2940420e+06   3.7780762e+01
   1.2941530e+06   4.2541504e+01
   1.2942750e+06   3.7170410e+01
   1.2942860e+06   4.9804688e+01
   1.2943100e+06   3.2165527e+01
   1.2943430e+06   5.0598145e+01
   1.2943570e+06   3.8085938e+01
   1.2943980e+06   5.1513672e+01
   1.2944500e+06   4.6813965e+01
   1.2944610e+06   4.0039063e+01
   1.2945150e+06   3.1127930e+01
   1.2945380e+06   5.2734375e+01
   1.2945580e+06   6.9335938e+01
   1.2945890e+06   3.7536621e+01
   1.2946220e+06   6.3354492e+01
   1.2946480e+06   1.0357666e+02
   1.2946970e+06   3.2775879e+01
   1.2947070e+06   5.3588867e+01
   1.2947430e+06   3.5949707e+01
   1.2947800e+06   3.4362793e+01
   1.2948130e+06   3.5949707e+01
   1.2948420e+06   7.1044922e+01
   1.2948790e+06   6.8237305e+01
   1.2949270e+06   5.7006836e+01
   1.2949440e+06   5.3466797e+01
   1.2949610e+06   3.2104492e+01
   1.2950020e+06   5.4748535e+01
   1.2950190e+06   4.9011230e+01
   1.2950290e+06   3.4545898e+01
   1.2950710e+06   3.3752441e+01
   1.2951210e+06   4.0466309e+01
   1.2951390e+06   3.5034180e+01
   1.2951610e+06   3.3203125e+01
   1.2951760e+06   3.8269043e+01
   1.2952220e+06   3.3203125e+01
   1.2952510e+06   3.5522461e+01
   1.2953480e+06   3.4118652e+01
   1.2953680e+06   3.1982422e+01
   1.2953970e+06   3.3020020e+01
   1.2955390e+06   3.6193848e+01
   1.3014230e+06   2.0103149e+03
   1.3014580e+06   6.9763184e+01
   1.3015140e+06   3.4545898e+01
   1.3015770e+06   7.0983887e+01
   1.3053720e+06   3.9855957e+01
   1.3055730e+06   3.5339355e+01
   1.3119550e+06   6.1950684e+01
   1.3156500e+06   6.5002441e+01
   1.3160730e+06   6.0852051e+01
   1.3161380e+06   4.5288086e+01
   1.3161520e+06   3.1921387e+01
   1.3162110e+06   3.2836914e+01
   1.3162320e+06   3.4851074e+01
   1.3162660e+06   3.4240723e+01
   1.3162770e+06   5.1208496e+01
   1.3163370e+06   4.6264648e+01
   1.3163570e+06   4.3212891e+01
   1.3164000e+06   4.8217773e+01
   1.3164200e+06   4.7912598e+01
   1.3164560e+06   4.4494629e+01
   1.3164840e+06   6.5063477e+01
   1.3165100e+06   3.7292480e+01
   1.3165270e+06   3.8513184e+01
   1.3165500e+06   6.5795898e+01
   1.3165640e+06   3.0883789e+01
   1.3166060e+06   4.1870117e+01
   1.3166170e+06   4.1320801e+01
   1.3166410e+06   6.6345215e+01
   1.3166760e+06   3.9978027e+01
   1.3167050e+06   3.5705566e+01
   1.3167270e+06   8.1787109e+01
   1.3167500e+06   4.9682617e+01
   1.3167640e+06   5.2734375e+01
   1.3168090e+06   3.5888672e+01
   1.3168450e+06   5.3222656e+01
   1.3168670e+06   5.3161621e+01
   1.3168770e+06   4.8461914e+01
   1.3169150e+06   5.0964355e+01
   1.3169550e+06   3.6987305e+01
   1.3169850e+06   3.3386230e+01
   1.3170150e+06   3.1066895e+01
   1.3170430e+06   3.6621094e+01
   1.3170800e+06   4.7790527e+01
   1.3171050e+06   3.5888672e+01
   1.3171820e+06   3.3508301e+01
   1.3172080e+06   3.1005859e+01
   1.3173260e+06   4.7180176e+01
   1.3174560e+06   3.4973145e+01
   1.3174680e+06   5.6335449e+01
   1.3175760e+06   3.5522461e+01
   1.3177120e+06   3.5705566e+01
   1.3179220e+06   6.9213867e+01
   1.3181450e+06   4.9011230e+01
   1.3183810e+06   3.3081055e+01
   1.3290000e+06   6.6223145e+01
   1.3329920e+06   5.1879883e+01
   1.3392140e+06   6.0607910e+01
   1.3396610e+06   7.3120117e+01
   1.3400420e+06   6.2805176e+01
   1.3402600e+06   5.5541992e+01
   1.3403240e+06   3.1066895e+01
   1.3403580e+06   4.9133301e+01
   1.3405370e+06   5.2429199e+01
   1.3408770e+06   5.3833008e+01
   1.3410830e+06   6.1950684e+01
   1.3413820e+06   5.2062988e+01
   1.3415180e+06   5.0781250e+01
   1.3421440e+06   4.7546387e+01
   1.3514370e+06   2.0139160e+03
   1.3514710e+06   6.4208984e+01
   1.3515140e+06   4.3762207e+01
   1.3515390e+06   6.5429688e+01
   1.3515680e+06   3.3325195e+01
   1.3515940e+06   5.5603027e+01
   1.3516170e+06   3.1616211e+01
   1.3516760e+06   3.8696289e+01
   1.3518110e+06   6.2805176e+01
   1.3518410e+06   3.2836914e+01
   1.3521510e+06   5.1940918e+01
   1.3524370e+06   4.8034668e+01
   1.3528450e+06   3.3752441e+01
   1.3529010e+06   3.4667969e+01
   1.3529210e+06   5.4199219e+01
   1.3529510e+06   3.0456543e+01
   1.3529780e+06   3.9794922e+01
   1.3530080e+06   3.8818359e+01
   1.3530300e+06   4.7973633e+01
   1.3530540e+06   3.6132813e+01
   1.3530830e+06   3.3020020e+01
   1.3531030e+06   4.2053223e+01
   1.3531250e+06   3.5095215e+01
   1.3531460e+06   6.3598633e+01
   1.3531670e+06   4.0588379e+01
   1.3532020e+06   3.2714844e+01
   1.3532290e+06   3.1433105e+01
   1.3533240e+06   3.2714844e+01
   1.3534310e+06   4.8645020e+01
   1.3708430e+06   6.7016602e+01
   1.3709590e+06   3.5278320e+01
   1.3710140e+06   3.2348633e+01
   1.3710350e+06   6.1828613e+01
   1.3711450e+06   5.3588867e+01
   1.3712310e+06   3.6743164e+01
   1.3713480e+06   3.0456543e+01
   1.3714150e+06   4.8645020e+01
   1.3714410e+06   3.0883789e+01
   1.3714750e+06   3.4606934e+01
   1.3715150e+06   5.3100586e+01
   1.3715310e+06   4.9194336e+01
   1.3715490e+06   3.1066895e+01
   1.3715610e+06   3.5888672e+01
   1.3716190e+06   3.0456543e+01
   1.3716300e+06   7.2875977e+01
   1.3716490e+06   4.1259766e+01
   1.3716740e+06   3.8696289e+01
   1.3716890e+06   5.6884766e+01
   1.3717020e+06   4.4921875e+01
   1.3717240e+06   3.0639648e+01
   1.3717370e+06   3.4179688e+01
   1.3717680e+06   5.0048828e+01
   1.3717850e+06   4.1259766e+01
   1.3718650e+06   5.8471680e+01
   1.3718970e+06   3.1616211e+01
   1.3720210e+06   4.4006348e+01
   1.3720490e+06   3.1433105e+01
   1.3835480e+06   3.5034180e+01
   1.3838670e+06   3.4423828e+01
   1.3850660e+06   3.9855957e+01
   1.3886380e+06   5.6396484e+01
   1.3901320e+06   3.2104492e+01
   1.3902900e+06   6.7321777e+01
   1.3904050e+06   5.7128906e+01
   1.3904660e+06   3.0700684e+01
   1.3904860e+06   6.3110352e+01
   1.3905670e+06   3.4851074e+01
   1.3906100e+06   4.4128418e+01
   1.3906620e+06   3.6437988e+01
   1.3906720e+06   5.2673340e+01
   1.3907020e+06   3.1005859e+01
   1.3907220e+06   3.6621094e+01
   1.3907520e+06   3.9123535e+01
   1.3907790e+06   4.3640137e+01
   1.3908140e+06   4.3457031e+01
   1.3908350e+06   9.9365234e+01
   1.3908500e+06   5.0170898e+01
   1.3908680e+06   5.9631348e+01
   1.3908940e+06   3.4667969e+01
   1.3909130e+06   5.1757813e+01
   1.3909390e+06   5.9143066e+01
   1.3909550e+06   4.3518066e+01
   1.3909890e+06   3.7536621e+01
   1.3910110e+06   7.0739746e+01
   1.3910250e+06   3.2043457e+01
   1.3910590e+06   3.1921387e+01
   1.3910910e+06   5.2185059e+01
   1.3911250e+06   3.1250000e+01
   1.3911480e+06   4.4616699e+01
   1.3912180e+06   5.4992676e+01
   1.3912490e+06   5.8288574e+01
   1.4014530e+06   3.9999390e+03
   1.4014850e+06   6.4147949e+01
   1.4015320e+06   3.9001465e+01
   1.4015800e+06   5.7067871e+01
   1.4015980e+06   3.9550781e+01
   1.4016190e+06   3.5522461e+01
   1.4017180e+06   5.8227539e+01
   1.4051880e+06   3.4301758e+01
   1.4057740e+06   3.7353516e+01
   1.4106790e+06   5.6335449e+01
   1.4107380e+06   4.4006348e+01
   1.4107930e+06   4.8889160e+01
   1.4108530e+06   3.2226563e+01
   1.4108780e+06   3.3447266e+01
   1.4108950e+06   4.5227051e+01
   1.4109470e+06   3.0761719e+01
   1.4109730e+06   4.7119141e+01
   1.4109940e+06   3.2348633e+01
   1.4110250e+06   3.6926270e+01
   1.4110400e+06   4.1015625e+01
   1.4110780e+06   4.0100098e+01
   1.4110880e+06   3.2531738e+01
   1.4111280e+06   3.2043457e+01
   1.4111450e+06   3.4729004e+01
   1.4111870e+06   5.2368164e+01
   1.4112120e+06   3.7109375e+01
   1.4112650e+06   7.0373535e+01
   1.4112840e+06   5.1818848e+01
   1.4114400e+06   5.4992676e+01
   1.4116140e+06   3.2226563e+01
   1.4116300e+06   4.8461914e+01
   1.4117820e+06   3.6499023e+01
   1.4119870e+06   3.0578613e+01
   1.4224830e+06   3.1982422e+01
   1.4226850e+06   3.2043457e+01
   1.4267300e+06   5.8166504e+01
   1.4315610e+06   5.6762695e+01
   1.4316620e+06   6.4208984e+01
   1.4317080e+06   5.3283691e+01
   1.4317400e+06   3.2226563e+01
   1.4317530e+06   3.2836914e+01
   1.4317700e+06   3.4973145e+01
   1.4317970e+06   4.7790527e+01
   1.4318240e+06   6.5246582e+01
   1.4318410e+06   3.2165527e+01
   1.4318660e+06   6.3537598e+01
   1.4318880e+06   3.2226563e+01
   1.4319110e+06   8.9355469e+01
   1.4319270e+06   4.9865723e+01
   1.4319580e+06   5.5786133e+01
   1.4319970e+06   1.0205078e+02
   1.4320160e+06   3.6743164e+01
   1.4320260e+06   3.0578613e+01
   1.4320550e+06   4.7912598e+01
   1.4320790e+06   5.7983398e+01
   1.4321120e+06   4.1992188e+01
   1.4321220e+06   3.5217285e+01
   1.4321540e+06   4.7729492e+01
   1.4321850e+06   4.4860840e+01
   1.4321950e+06   3.4423828e+01
   1.4322180e+06   3.5400391e+01
   1.4322440e+06   6.6345215e+01
   1.4322650e+06   3.9428711e+01
   1.4323050e+06   5.2612305e+01
   1.4323250e+06   3.7780762e+01
   1.4323540e+06   3.1860352e+01
   1.4324370e+06   4.2907715e+01
   1.4326030e+06   5.4382324e+01
   1.4326840e+06   4.5593262e+01
   1.4327550e+06   3.4301758e+01
   1.4327850e+06   5.6091309e+01
   1.4329140e+06   5.2978516e+01
   1.4329340e+06   3.2104492e+01
   1.4329830e+06   3.1555176e+01
   1.4330780e+06   5.2917480e+01
   1.4332740e+06   5.9448242e+01
   1.4337240e+06   5.5358887e+01
   1.4422620e+06   3.1616211e+01
   1.4457670e+06   5.6579590e+01
   1.4472740e+06   5.4382324e+01
   1.4481380e+06   5.8593750e+01
   1.4514650e+06   2.0054321e+03
   1.4515000e+06   6.9946289e+01
   1.4515550e+06   3.4362793e+01
   1.4515760e+06   4.5593262e+01
   1.4515930e+06   4.8217773e+01
   1.4516240e+06   6.0485840e+01
   1.4516690e+06   3.4667969e+01
   1.4516900e+06   4.3884277e+01
   1.4522530e+06   3.0517578e+01
   1.4525830e+06   3.9794922e+01
   1.4527800e+06   6.1889648e+01
   1.4530030e+06   4.6936035e+01
   1.4536790e+06   5.8288574e+01
   1.4635970e+06   3.6071777e+01
   1.4722770e+06   5.8410645e+01
   1.4727870e+06   6.2988281e+01
   1.4730020e+06   6.2866211e+01
   1.4730830e+06   5.5847168e+01
   1.4731050e+06   3.4729004e+01
   1.4731280e+06   3.5034180e+01
   1.4731480e+06   3.3325195e+01
   1.4731610e+06   3.5827637e+01
   1.4731830e+06   4.4006348e+01
   1.4732080e+06   9.3444824e+01
   1.4732200e+06   4.5288086e+01
   1.4732490e+06   3.3691406e+01
   1.4732720e+06   6.4208984e+01
   1.4732880e+06   4.7485352e+01
   1.4733180e+06   3.9611816e+01
   1.4733340e+06   7.2387695e+01
   1.4733510e+06   3.0822754e+01
   1.4733780e+06   3.5034180e+01
   1.4733980e+06   5.5114746e+01
   1.4734230e+06   3.8757324e+01
   1.4734580e+06   4.1259766e+01
   1.4734720e+06   6.5734863e+01
   1.4735060e+06   3.5949707e+01
   1.4735430e+06   3.5400391e+01
   1.4735680e+06   7.1594238e+01
   1.4736040e+06   4.0771484e+01
   1.4736270e+06   3.5705566e+01
   1.4736430e+06   3.7536621e+01
   1.4736840e+06   4.8522949e+01
   1.4736940e+06   4.4433594e+01
   1.4737740e+06   4.8583984e+01
   1.4738010e+06   3.2836914e+01
   1.4738120e+06   4.8339844e+01
   1.4739140e+06   3.7902832e+01
   1.4739540e+06   3.7353516e+01
   1.4739870e+06   5.1879883e+01
   1.4740160e+06   3.1433105e+01
   1.4740810e+06   3.3264160e+01
   1.4741030e+06   6.5734863e+01
   1.4743240e+06   5.5114746e+01
   1.4808580e+06   5.5603027e+01
   1.4814400e+06   6.0180664e+01
   1.4840790e+06   6.2561035e+01
   1.4863070e+06   6.8420410e+01
   1.4890480e+06   3.3264160e+01
   1.4921900e+06   5.2978516e+01
   1.4944460e+06   6.0546875e+01
   1.4961970e+06   3.6682129e+01
   1.5014790e+06   2.0055542e+03
   1.5014900e+06   3.0578613e+01
   1.5015140e+06   6.7199707e+01
   1.5015630e+06   3.3447266e+01
   1.5015890e+06   7.5622559e+01
   1.5016230e+06   3.6071777e+01
   1.5016490e+06   4.5593262e+01
   1.5016710e+06   4.1870117e+01
   1.5017020e+06   3.0944824e+01
   1.5018000e+06   5.0109863e+01
   1.5020080e+06   5.2429199e+01
   1.5043040e+06   6.0485840e+01
   1.5044410e+06   3.0456543e+01
   1.5044710e+06   4.0710449e+01
   1.5045240e+06   6.1096191e+01
   1.5047020e+06   5.6152344e+01
   1.5048110e+06   4.9926758e+01
   1.5048510e+06   4.5166016e+01
   1.5048930e+06   3.1066895e+01
   1.5049640e+06   4.9865723e+01
   1.5050840e+06   4.2846680e+01
   1.5051550e+06   3.0517578e+01
   1.5051830e+06   4.6813965e+01
   1.5052580e+06   3.5583496e+01
   1.5052820e+06   4.3640137e+01
   1.5170420e+06   3.6254883e+01
   1.5205280e+06   6.4086914e+01
   1.5206900e+06   6.0119629e+01
   1.5209250e+06   6.5734863e+01
   1.5210970e+06   5.5908203e+01
   1.5211360e+06   3.2531738e+01
   1.5212310e+06   4.6936035e+01
   1.5213090e+06   3.1311035e+01
   1.5214250e+06   5.2795410e+01
   1.5215370e+06   5.3466797e+01
   1.5269630e+06   3.6987305e+01
   1.5273830e+06   3.1616211e+01
   1.5275450e+06   3.1372070e+01
   1.5277050e+06   3.1921387e+01
   1.5392110e+06   5.8227539e+01
   1.5393840e+06   6.4758301e+01
   1.5394210e+06   3.2043457e+01
   1.5394430e+06   4.9621582e+01
   1.5394930e+06   5.7617188e+01
   1.5395080e+06   4.3090820e+01
   1.5395270e+06   3.4484863e+01
   1.5395580e+06   3.8818359e+01
   1.5395710e+06   6.5124512e+01
   1.5395980e+06   6.5307617e+01
   1.5396340e+06   4.0283203e+01
   1.5396480e+06   5.9997559e+01
   1.5396580e+06   4.9316406e+01
   1.5396960e+06   3.8024902e+01
   1.5397130e+06   4.6142578e+01
   1.5397280e+06   3.2165527e+01
   1.5397580e+06   5.6457520e+01
   1.5397890e+06   5.7678223e+01
   1.5398010e+06   5.5114746e+01
   1.5398440e+06   3.3630371e+01
   1.5398730e+06   3.6071777e+01
   1.5398970e+06   6.3415527e+01
   1.5399200e+06   3.3874512e+01
   1.5399420e+06   3.2409668e+01
   1.5399790e+06   3.1311035e+01
   1.5400030e+06   3.9672852e+01
   1.5400400e+06   4.2053223e+01
   1.5400620e+06   3.2043457e+01
   1.5401000e+06   6.3354492e+01
   1.5401330e+06   3.8208008e+01
   1.5401960e+06   3.2104492e+01
   1.5403300e+06   4.7973633e+01
   1.5403750e+06   3.5583496e+01
   1.5404420e+06   3.4606934e+01
   1.5404530e+06   4.9194336e+01
   1.5506660e+06   6.6833496e+01
   1.5514950e+06   3.9999390e+03
   1.5515280e+06   5.2795410e+01
   1.5515590e+06   3.4179688e+01
   1.5515950e+06   3.1616211e+01
   1.5516480e+06   3.0883789e+01
   1.5516630e+06   4.8095703e+01
   1.5519110e+06   6.1401367e+01
   1.5523690e+06   4.7912598e+01
   1.5552430e+06   3.5095215e+01
   1.5554930e+06   3.6499023e+01
   1.5569680e+06   5.7861328e+01
   1.5597990e+06   5.2490234e+01
   1.5602090e+06   5.2673340e+01
   1.5675620e+06   6.4453125e+01
   1.5739580e+06   5.2429199e+01
   1.5741800e+06   6.5551758e+01
   1.5742880e+06   5.6945801e+01
   1.5743490e+06   5.2734375e+01
   1.5743650e+06   4.6813965e+01
   1.5743800e+06   3.5156250e+01
   1.5744020e+06   4.9377441e+01
   1.5744120e+06   4.4921875e+01
   1.5744570e+06   3.6804199e+01
   1.5744790e+06   4.0405273e+01
   1.5744940e+06   3.9245605e+01
   1.5745150e+06   4.6813965e+01
   1.5745500e+06   3.1005859e+01
   1.5745850e+06   9.9609375e+01
   1.5746370e+06   3.3142090e+01
   1.5746590e+06   5.1025391e+01
   1.5746710e+06   3.0883789e+01
   1.5747040e+06   6.1279297e+01
   1.5747170e+06   4.8461914e+01
   1.5747930e+06   3.2165527e+01
   1.5748300e+06   3.3874512e+01
   1.5748510e+06   3.1066895e+01
   1.5749820e+06   5.2673340e+01
   1.5826220e+06   3.6437988e+01
   1.5834990e+06   3.1188965e+01
   1.5836930e+06   3.3996582e+01
   1.5863090e+06   6.1096191e+01
   1.5919380e+06   3.6437988e+01
   1.5925020e+06   3.1066895e+01
   1.5956500e+06   5.7128906e+01
   1.5961390e+06   6.1462402e+01
   1.5964340e+06   5.4687500e+01
   1.5965360e+06   4.6386719e+01
   1.5965570e+06   3.4667969e+01
   1.5966000e+06   4.4067383e+01
   1.5966520e+06   5.4382324e+01
   1.5967670e+06   5.4138184e+01
   1.5968160e+06   4.1992188e+01
   1.5969190e+06   4.2907715e+01
   1.5969340e+06   3.4545898e+01
   1.5969720e+06   5.7861328e+01
   1.5970920e+06   4.9438477e+01
   1.5971450e+06   3.3508301e+01
   1.5974800e+06   3.1555176e+01
   1.5975510e+06   7.4645996e+01
   1.5975670e+06   3.1677246e+01
   1.5976330e+06   6.9335938e+01
   1.5976450e+06   3.8940430e+01
   1.5976800e+06   3.6560059e+01
   1.5976990e+06   4.5349121e+01
   1.5978040e+06   3.2287598e+01
   1.5978710e+06   6.8237305e+01
   1.6015070e+06   2.0047607e+03
   1.6015420e+06   6.6284180e+01
   1.6016800e+06   5.2551270e+01
   1.6069830e+06   3.8208008e+01
   1.6073460e+06   3.3386230e+01
   1.6077190e+06   3.5949707e+01
   1.6079220e+06   5.2185059e+01
   1.6152370e+06   3.5644531e+01
   1.6202690e+06   3.0456543e+01
   1.6233460e+06   3.1799316e+01
   1.6235200e+06   3.8574219e+01
   1.6265660e+06   3.0761719e+01
   1.6267940e+06   5.8166504e+01
   1.6268850e+06   5.7495117e+01
   1.6269600e+06   3.8574219e+01
   1.6269780e+06   3.2775879e+01
   1.6270060e+06   6.2927246e+01
   1.6270240e+06   5.5358887e+01
   1.6270350e+06   3.4667969e+01
   1.6270630e+06   3.5949707e+01
   1.6271070e+06   5.1269531e+01
   1.6271180e+06   3.4545898e+01
   1.6271570e+06   3.2226563e+01
   1.6271750e+06   4.6691895e+01
   1.6272300e+06   8.5937500e+01
   1.6272580e+06   3.7597656e+01
   1.6273210e+06   5.7556152e+01
   1.6273390e+06   6.6467285e+01
   1.6273600e+06   3.6621094e+01
   1.6273860e+06   4.2663574e+01
   1.6274300e+06   3.0700684e+01
   1.6274470e+06   4.0649414e+01
   1.6274800e+06   3.4545898e+01
   1.6274960e+06   4.0283203e+01
   1.6275420e+06   4.1748047e+01
   1.6275750e+06   3.5095215e+01
   1.6276710e+06   6.4331055e+01
   1.6278490e+06   3.8024902e+01
   1.6347470e+06   5.6091309e+01
   1.6439550e+06   3.8146973e+01
   1.6440500e+06   5.4077148e+01
   1.6441860e+06   3.5461426e+01
   1.6515210e+06   2.0094604e+03
   1.6515550e+06   7.4768066e+01
   1.6516160e+06   3.5888672e+01
   1.6516400e+06   5.7678223e+01
   1.6516590e+06   3.7170410e+01
   1.6516700e+06   3.0761719e+01
   1.6516930e+06   7.7392578e+01
   1.6517330e+06   3.2531738e+01
   1.6519540e+06   3.2958984e+01
   1.6554220e+06   3.1921387e+01
   1.6556260e+06   3.0517578e+01
   1.6561710e+06   3.8146973e+01
   1.6564470e+06   3.3264160e+01
   1.6642610e+06   3.9001465e+01
   1.6680180e+06   7.8430176e+01
   1.6681310e+06   4.3334961e+01
   1.6681660e+06   3.2287598e+01
   1.6681980e+06   3.4423828e+01
   1.6682420e+06   6.6345215e+01
   1.6683460e+06   5.2612305e+01
   1.6721590e+06   3.6193848e+01
   1.6725440e+06   3.4545898e+01
   1.6755810e+06   3.7475586e+01
   1.6758140e+06   3.0517578e+01
   1.6761440e+06   5.8044434e+01
   1.6762830e+06   3.5034180e+01
   1.6804160e+06   3.4179688e+01
   1.6883170e+06   4.0100098e+01
   1.6885490e+06   3.6560059e+01
   1.6961260e+06   3.2165527e+01
   1.7015030e+06   3.5095215e+01
   1.7015370e+06   3.9999390e+03
   1.7015690e+06   5.9692383e+01
   1.7016330e+06   3.6376953e+01
   1.7016590e+06   1.0430908e+02
   1.7017080e+06   4.2419434e+01
   1.7017270e+06   4.8095703e+01
   1.7018380e+06   5.9448242e+01
   1.7056810e+06   3.5583496e+01
   1.7092650e+06   3.4301758e+01
   1.7117270e+06   3.5583496e+01
   1.7261110e+06   6.3476563e+01
   1.7261770e+06   3.2348633e+01
   1.7261960e+06   6.0913086e+01
   1.7262480e+06   7.1289063e+01
   1.7263000e+06   4.8706055e+01
   1.7263960e+06   3.3996582e+01
   1.7266870e+06   6.8115234e+01
   1.7299440e+06   3.1127930e+01
   1.7303130e+06   3.7597656e+01
   1.7304880e+06   3.0639648e+01
   1.7333640e+06   3.0517578e+01
   1.7337600e+06   3.7841797e+01
   1.7374480e+06   3.1738281e+01
   1.7483080e+06   3.6499023e+01
   1.7485420e+06   3.3691406e+01
   1.7488240e+06   3.4301758e+01
   1.7515490e+06   2.0036621e+03
   1.7515820e+06   6.6101074e+01
   1.7516030e+06   3.2836914e+01
   1.7516580e+06   6.7016602e+01
   1.7516840e+06   9.0637207e+01
   1.7517150e+06   4.5410156e+01
   1.7517850e+06   3.4240723e+01
   1.7518630e+06   4.8461914e+01
   1.7520270e+06   3.5888672e+01
   1.7545470e+06   3.5705566e+01
   1.7569750e+06   3.2775879e+01
   1.7609840e+06   3.3264160e+01
   1.7647050e+06   3.7170410e+01
   1.7787160e+06   3.3081055e+01
   1.7788950e+06   3.1188965e+01
   1.7790740e+06   3.2653809e+01
   1.7839320e+06   3.1921387e+01
   1.7871600e+06   3.0578613e+01
   1.7890830e+06   3.0700684e+01
   1.8014050e+06   3.1433105e+01
   1.8015630e+06   2.0040283e+03
   1.8015960e+06   5.8471680e+01
   1.8016510e+06   4.0832520e+01
   1.8016800e+06   5.5236816e+01
   1.8017040e+06   6.2438965e+01
   1.8017150e+06   3.0944824e+01
   1.8017420e+06   3.7536621e+01
   1.8017640e+06   6.7077637e+01
   1.8018090e+06   3.4179688e+01
   1.8018810e+06   5.4138184e+01
   1.8046900e+06   3.3508301e+01
   1.8052730e+06   3.6621094e+01
   1.8147100e+06   3.0883789e+01
   1.8233230e+06   3.3020020e+01
   1.8271370e+06   3.1372070e+01
   1.8305240e+06   3.2043457e+01
   1.8366650e+06   3.0700684e+01
   1.8428920e+06   3.3142090e+01
   1.8503050e+06   7.4096680e+01
   1.8504260e+06   6.1706543e+01
   1.8504440e+06   7.2143555e+01
   1.8504960e+06   3.3569336e+01
   1.8505330e+06   3.1860352e+01
   1.8506070e+06   3.2043457e+01
   1.8506790e+06   3.3691406e+01
   1.8507630e+06   5.7617188e+01
   1.8515770e+06   2.0077515e+03
   1.8516100e+06   6.2683105e+01
   1.8517000e+06   4.0832520e+01
   1.8518170e+06   3.0883789e+01
   1.8552490e+06   3.0944824e+01
   1.8559410e+06   3.1616211e+01
   1.8561460e+06   3.4301758e+01
   1.8565760e+06   3.6560059e+01
   1.8716540e+06   3.0944824e+01
   1.8719570e+06   3.4423828e+01
   1.8738820e+06   3.1982422e+01
   1.8744600e+06   5.7250977e+01
   1.8746010e+06   5.6518555e+01
   1.8746950e+06   3.6560059e+01
   1.8747620e+06   6.2988281e+01
   1.8876010e+06   6.3171387e+01
   1.8877140e+06   5.9265137e+01
   1.8877270e+06   3.3569336e+01
   1.8877760e+06   3.5217285e+01
   1.8878050e+06   5.0354004e+01
   1.8878400e+06   3.2653809e+01
   1.8878950e+06   6.5979004e+01
   1.8879650e+06   3.0639648e+01
   1.8904780e+06   3.7109375e+01
   1.8909000e+06   3.4118652e+01
   1.8910670e+06   3.4362793e+01
   1.9015930e+06   3.9999390e+03
   1.9016240e+06   6.8115234e+01
   1.9016420e+06   3.2104492e+01
   1.9016730e+06   3.1372070e+01
   1.9017210e+06   6.2194824e+01
   1.9017330e+06   3.2409668e+01
   1.9017690e+06   4.5227051e+01
   1.9017930e+06   4.4494629e+01
   1.9021840e+06   3.1738281e+01
   1.9046530e+06   3.6376953e+01
   1.9118830e+06   3.0578613e+01
   1.9126280e+06   3.9245605e+01
   1.9199380e+06   3.3325195e+01
   1.9220520e+06   3.2470703e+01
   1.9224270e+06   3.8879395e+01
   1.9254260e+06   5.6640625e+01
   1.9255020e+06   5.7373047e+01
   1.9255640e+06   3.1738281e+01
   1.9255850e+06   6.1096191e+01
   1.9256010e+06   4.0710449e+01
   1.9256310e+06   6.5979004e+01
   1.9256490e+06   3.6560059e+01
   1.9256960e+06   6.0363770e+01
   1.9257230e+06   3.3630371e+01
   1.9257550e+06   3.6010742e+01
   1.9257680e+06   8.7280273e+01
   1.9257950e+06   7.5622559e+01
   1.9258080e+06   4.0527344e+01
   1.9258250e+06   4.6142578e+01
   1.9258620e+06   5.9936523e+01
   1.9259020e+06   5.3955078e+01
   1.9259490e+06   3.0700684e+01
   1.9259620e+06   3.6010742e+01
   1.9260030e+06   5.0781250e+01
   1.9260190e+06   3.8024902e+01
   1.9260300e+06   5.8105469e+01
   1.9260730e+06   3.1799316e+01
   1.9261030e+06   3.7780762e+01
   1.9261170e+06   4.2846680e+01
   1.9261280e+06   3.1555176e+01
   1.9261520e+06   3.1616211e+01
   1.9261790e+06   3.3569336e+01
   1.9262100e+06   6.3232422e+01
   1.9262290e+06   3.7780762e+01
   1.9262730e+06   3.8330078e+01
   1.9262960e+06   4.3334961e+01
   1.9263120e+06   4.9438477e+01
   1.9263320e+06   5.7678223e+01
   1.9263540e+06   3.2409668e+01
   1.9263800e+06   3.3996582e+01
   1.9263970e+06   4.2053223e+01
   1.9264070e+06   3.8574219e+01
   1.9264420e+06   3.7536621e+01
   1.9264610e+06   6.3964844e+01
   1.9265100e+06   3.5705566e+01
   1.9265360e+06   3.5095215e+01
   1.9265610e+06   3.8391113e+01
   1.9265780e+06   4.0893555e+01
   1.9266210e+06   4.3579102e+01
   1.9266500e+06   3.2409668e+01
   1.9267050e+06   3.2653809e+01
   1.9267190e+06   4.6508789e+01
   1.9267520e+06   3.6865234e+01
   1.9268140e+06   4.4738770e+01
   1.9268360e+06   4.7790527e+01
   1.9268750e+06   5.7800293e+01
   1.9269570e+06   3.2836914e+01
   1.9270640e+06   4.7119141e+01
   1.9271040e+06   3.0761719e+01
   1.9271780e+06   5.8532715e+01
   1.9272560e+06   3.2714844e+01
   1.9272930e+06   3.3325195e+01
   1.9274530e+06   5.3161621e+01
   1.9276080e+06   4.0405273e+01
   1.9276930e+06   5.7434082e+01
   1.9278610e+06   3.5156250e+01
   1.9278760e+06   3.2714844e+01
   1.9280160e+06   3.2104492e+01
   1.9383270e+06   6.3720703e+01
   1.9390540e+06   5.5847168e+01
   1.9394600e+06   6.0363770e+01
   1.9400000e+06   5.5114746e+01
   1.9516050e+06   2.0070190e+03
   1.9516390e+06   8.0749512e+01
   1.9516970e+06   3.2043457e+01
   1.9517120e+06   4.4738770e+01
   1.9517380e+06   3.1921387e+01
   1.9517690e+06   4.7241211e+01
   1.9517930e+06   3.6926270e+01
   1.9519010e+06   5.7739258e+01
   1.9528940e+06   5.5419922e+01
   1.9543180e+06   5.3222656e+01
   1.9589630e+06   3.1494141e+01
   1.9591490e+06   3.3996582e+01
   1.9684970e+06   3.3996582e+01
   1.9693080e+06   3.2531738e+01
   1.9752880e+06   3.1555176e+01
   1.9758660e+06   3.6315918e+01
   1.9863680e+06   3.0517578e+01
   1.9963270e+06   4.0588379e+01
   2.0016190e+06   2.0076904e+03
   2.0016520e+06   7.4035645e+01
   2.0016790e+06   3.0517578e+01
   2.0017300e+06   5.3100586e+01
   2.0017520e+06   3.5766602e+01
   2.0017690e+06   7.6232910e+01
   2.0017800e+06   5.8837891e+01
   2.0018230e+06   3.9306641e+01
   2.0019130e+06   5.0964355e+01
   2.0043760e+06   3.3569336e+01
   2.0095480e+06   3.0822754e+01
   2.0171170e+06   6.3598633e+01
   2.0214040e+06   3.0456543e+01
   2.0315540e+06   3.2714844e+01
   2.0336550e+06   7.1228027e+01
   2.0343760e+06   6.2683105e+01
   2.0352700e+06   4.8339844e+01
   2.0474830e+06   3.2348633e+01
   2.0493520e+06   3.5949707e+01
   2.0497140e+06   3.1860352e+01
   2.0498360e+06   3.3569336e+01
   2.0516350e+06   2.0053101e+03
   2.0516660e+06   7.2692871e+01
   2.0517410e+06   5.4809570e+01
   2.0517550e+06   3.0578613e+01
   2.0517910e+06   5.9936523e+01
   2.0518050e+06   7.8674316e+01
   2.0518400e+06   6.3781738e+01
   2.0518660e+06   4.3212891e+01
   2.0519000e+06   5.7983398e+01
   2.0519470e+06   3.0883789e+01
   2.0519610e+06   5.5847168e+01
   2.0519830e+06   3.0517578e+01
   2.0519980e+06   3.5095215e+01
   2.0520290e+06   3.3630371e+01
   2.0520700e+06   3.2897949e+01
   2.0521210e+06   3.0456543e+01
   2.0521360e+06   6.2622070e+01
   2.0521930e+06   4.0100098e+01
   2.0522270e+06   3.3874512e+01
   2.0522580e+06   5.6762695e+01
   2.0523370e+06   4.1870117e+01
   2.0523490e+06   5.8837891e+01
   2.0523690e+06   3.9611816e+01
   2.0524000e+06   4.3457031e+01
   2.0524370e+06   3.2165527e+01
   2.0524530e+06   5.2490234e+01
   2.0524950e+06   3.5827637e+01
   2.0525070e+06   6.9458008e+01
   2.0525770e+06   3.4912109e+01
   2.0526060e+06   4.7912598e+01
   2.0526520e+06   6.6711426e+01
   2.0527030e+06   3.4362793e+01
   2.0527150e+06   3.2653809e+01
   2.0527350e+06   3.7109375e+01
   2.0527990e+06   5.6823730e+01
   2.0528330e+06   6.3598633e+01
   2.0528600e+06   5.4870605e+01
   2.0528750e+06   4.3701172e+01
   2.0528860e+06   3.1127930e+01
   2.0528970e+06   3.2043457e+01
   2.0529440e+06   4.0649414e+01
   2.0529570e+06   3.4057617e+01
   2.0529700e+06   3.3569336e+01
   2.0530270e+06   3.3630371e+01
   2.0530680e+06   3.8757324e+01
   2.0532050e+06   3.1066895e+01
   2.0533540e+06   7.4829102e+01
   2.0535260e+06   4.3884277e+01
   2.0536610e+06   5.4687500e+01
   2.0538250e+06   3.5095215e+01
   2.0538590e+06   5.5114746e+01
   2.0540350e+06   3.3020020e+01
   2.0542770e+06   4.5715332e+01
   2.0544980e+06   3.1982422e+01
   2.0548060e+06   3.1616211e+01
   2.0670160e+06   6.8603516e+01
   2.0723110e+06   3.1433105e+01
   2.0804030e+06   6.9946289e+01
   2.0820610e+06   5.5541992e+01
   2.0822680e+06   5.9692383e+01
   2.0825020e+06   5.6274414e+01
   2.0828730e+06   5.6152344e+01
   2.0831700e+06   5.8288574e+01
   2.0833840e+06   5.7739258e+01
   2.0847880e+06   6.6040039e+01
   2.0851130e+06   3.1860352e+01
   2.0896770e+06   3.8879395e+01
   2.0954510e+06   3.5339355e+01
   2.0978170e+06   6.4941406e+01
   2.0980180e+06   5.9082031e+01
   2.0980970e+06   4.0588379e+01
   2.0981460e+06   3.7902832e+01
   2.0981580e+06   3.8085938e+01
   2.0981790e+06   3.7536621e+01
   2.1016470e+06   2.0109253e+03
   2.1016810e+06   7.0983887e+01
   2.1017410e+06   4.5166016e+01
   2.1017540e+06   5.0109863e+01
   2.1017720e+06   4.5471191e+01
   2.1018030e+06   4.0527344e+01
   2.1019050e+06   3.4606934e+01
   2.1062030e+06   3.0822754e+01
   2.1064430e+06   3.1555176e+01
   2.1065530e+06   3.3813477e+01
   2.1186190e+06   3.7414551e+01
   2.1188330e+06   3.4606934e+01
   2.1243230e+06   6.0791016e+01
   2.1304860e+06   5.6945801e+01
   2.1307230e+06   3.4912109e+01
   2.1323040e+06   3.5644531e+01
   2.1325670e+06   3.1738281e+01
   2.1374040e+06   3.7597656e+01
   2.1382030e+06   3.3874512e+01
   2.1408060e+06   6.0485840e+01
   2.1409800e+06   5.7067871e+01
   2.1410540e+06   5.5725098e+01
   2.1410640e+06   3.4790039e+01
   2.1411150e+06   3.4667969e+01
   2.1411260e+06   4.4494629e+01
   2.1411890e+06   5.2612305e+01
   2.1411990e+06   6.6284180e+01
   2.1412350e+06   3.2592773e+01
   2.1412510e+06   4.9316406e+01
   2.1412860e+06   3.2409668e+01
   2.1413100e+06   9.2102051e+01
   2.1413820e+06   3.0517578e+01
   2.1414200e+06   6.2011719e+01
   2.1414420e+06   3.1005859e+01
   2.1414600e+06   3.7780762e+01
   2.1415090e+06   4.4921875e+01
   2.1415400e+06   4.2480469e+01
   2.1415540e+06   4.5104980e+01
   2.1415710e+06   6.5307617e+01
   2.1416050e+06   3.3752441e+01
   2.1416320e+06   6.2805176e+01
   2.1416470e+06   3.8330078e+01
   2.1417160e+06   4.6997070e+01
   2.1417450e+06   3.5095215e+01
   2.1417700e+06   6.0791016e+01
   2.1418410e+06   3.4423828e+01
   2.1418890e+06   4.9377441e+01
   2.1419080e+06   3.6926270e+01
   2.1419420e+06   3.3081055e+01
   2.1419520e+06   4.6569824e+01
   2.1419890e+06   3.9062500e+01
   2.1420260e+06   3.1188965e+01
   2.1420390e+06   5.9143066e+01
   2.1420790e+06   4.3212891e+01
   2.1421540e+06   3.9428711e+01
   2.1423120e+06   3.7597656e+01
   2.1516610e+06   2.0039673e+03
   2.1516950e+06   5.6701660e+01
   2.1517660e+06   4.2602539e+01
   2.1517800e+06   3.8574219e+01
   2.1518160e+06   5.0537109e+01
   2.1518500e+06   4.3945313e+01
   2.1519910e+06   6.2377930e+01
   2.1694350e+06   3.0822754e+01
   2.1871610e+06   3.0700684e+01
   2.1874020e+06   3.2287598e+01
   2.1988150e+06   3.0883789e+01
   2.1990240e+06   3.2104492e+01
   2.2016750e+06   2.0527344e+03
   2.2017390e+06   3.5461426e+01
   2.2017750e+06   9.0942383e+01
   2.2018030e+06   4.1503906e+01
   2.2018290e+06   5.2001953e+01
   2.2018950e+06   7.1899414e+01
   2.2019310e+06   3.8330078e+01
   2.2019820e+06   6.2988281e+01
   2.2020020e+06   3.8452148e+01
   2.2020220e+06   3.6621094e+01
   2.2020490e+06   4.4250488e+01
   2.2020890e+06   7.1350098e+01
   2.2021080e+06   3.4729004e+01
   2.2021250e+06   5.4016113e+01
   2.2021360e+06   3.1311035e+01
   2.2021740e+06   5.2062988e+01
   2.2021930e+06   4.3151855e+01
   2.2022050e+06   5.1391602e+01
   2.2022410e+06   5.2307129e+01
   2.2022540e+06   6.3842773e+01
   2.2023050e+06   3.2775879e+01
   2.2023190e+06   3.0944824e+01
   2.2023340e+06   4.4677734e+01
   2.2023530e+06   6.1157227e+01
   2.2023860e+06   4.5532227e+01
   2.2024140e+06   4.4128418e+01
   2.2024420e+06   3.8696289e+01
   2.2024670e+06   3.5339355e+01
   2.2024820e+06   3.9855957e+01
   2.2025020e+06   3.8024902e+01
   2.2025150e+06   3.2653809e+01
   2.2025370e+06   3.1311035e+01
   2.2026150e+06   3.8635254e+01
   2.2026300e+06   3.6437988e+01
   2.2026490e+06   4.3579102e+01
   2.2027000e+06   3.7963867e+01
   2.2027490e+06   3.5217285e+01
   2.2027940e+06   3.5827637e+01
   2.2028080e+06   4.4250488e+01
   2.2028370e+06   4.2297363e+01
   2.2028500e+06   3.5156250e+01
   2.2029230e+06   4.0100098e+01
   2.2029330e+06   3.5278320e+01
   2.2030100e+06   3.0517578e+01
   2.2030500e+06   3.9672852e+01
   2.2031350e+06   5.1757813e+01
   2.2031720e+06   4.3884277e+01
   2.2032610e+06   4.3640137e+01
   2.2033120e+06   4.2053223e+01
   2.2033800e+06   3.9550781e+01
   2.2035040e+06   3.9916992e+01
   2.2035330e+06   4.0039063e+01
   2.2035580e+06   3.5400391e+01
   2.2036610e+06   4.4616699e+01
   2.2038120e+06   5.6030273e+01
   2.2038240e+06   3.3630371e+01
   2.2038950e+06   3.3691406e+01
   2.2039580e+06   5.1330566e+01
   2.2039750e+06   3.0822754e+01
   2.2040580e+06   4.7973633e+01
   2.2041640e+06   3.2592773e+01
   2.2042850e+06   3.3264160e+01
   2.2043140e+06   4.6997070e+01
   2.2045110e+06   4.4189453e+01
   2.2060330e+06   3.5217285e+01
   2.2079030e+06   4.9377441e+01
   2.2135380e+06   5.8593750e+01
   2.2196590e+06   5.6396484e+01
   2.2209910e+06   5.4443359e+01
   2.2246930e+06   6.3964844e+01
   2.2266350e+06   6.6772461e+01
   2.2291190e+06   6.0607910e+01
   2.2320610e+06   5.3710938e+01
   2.2347810e+06   5.3833008e+01
   2.2378700e+06   5.9387207e+01
   2.2399270e+06   5.3100586e+01
   2.2461470e+06   5.6213379e+01
   2.2477140e+06   5.7739258e+01
   2.2505990e+06   5.1635742e+01
   2.2512830e+06   3.6743164e+01
   2.2516890e+06   2.0050659e+03
   2.2517230e+06   7.3181152e+01
   2.2518200e+06   6.5856934e+01
   2.2518370e+06   5.0842285e+01
   2.2518750e+06   4.0954590e+01
   2.2521180e+06   3.0822754e+01
   2.2522160e+06   5.2001953e+01
   2.2524860e+06   3.2775879e+01
   2.2525470e+06   5.0781250e+01
   2.2528380e+06   5.4748535e+01
   2.2529960e+06   6.2438965e+01
   2.2532460e+06   5.4687500e+01
   2.2532560e+06   3.5339355e+01
   2.2533990e+06   5.1513672e+01
   2.2540230e+06   5.5603027e+01
   2.2542330e+06   6.2377930e+01
   2.2545820e+06   6.8969727e+01
   2.2551660e+06   6.2072754e+01
   2.2611380e+06   3.0761719e+01
   2.2631530e+06   6.3537598e+01
   2.2660680e+06   5.6640625e+01
   2.2685370e+06   7.2082520e+01
   2.2703110e+06   5.7128906e+01
   2.2717960e+06   5.4443359e+01
   2.2745650e+06   5.8227539e+01
   2.2771280e+06   3.7780762e+01
   2.2792130e+06   4.8217773e+01
   2.2830570e+06   6.1828613e+01
   2.2840710e+06   6.3659668e+01
   2.2852670e+06   6.6101074e+01
   2.2854040e+06   6.2561035e+01
   2.2855530e+06   5.5114746e+01
   2.2855830e+06   3.5400391e+01
   2.2856340e+06   4.8706055e+01
   2.2856780e+06   3.2592773e+01
   2.2857030e+06   5.4870605e+01
   2.2857230e+06   4.1015625e+01
   2.2857630e+06   3.5644531e+01
   2.2857990e+06   3.0456543e+01
   2.2858140e+06   3.7963867e+01
   2.2858630e+06   3.6682129e+01
   2.2858890e+06   8.6059570e+01
   2.2859040e+06   4.0466309e+01
   2.2859440e+06   4.2358398e+01
   2.2859830e+06   3.7536621e+01
   2.2860000e+06   4.6997070e+01
   2.2860210e+06   3.3264160e+01
   2.2860540e+06   3.1311035e+01
   2.2860650e+06   4.7424316e+01
   2.2860930e+06   3.3386230e+01
   2.2861210e+06   7.2021484e+01
   2.2861450e+06   5.9326172e+01
   2.2861710e+06   5.7006836e+01
   2.2862130e+06   3.1677246e+01
   2.2862520e+06   4.2602539e+01
   2.2862620e+06   7.4340820e+01
   2.2862880e+06   3.5095215e+01
   2.2863540e+06   3.7719727e+01
   2.2864180e+06   3.1250000e+01
   2.2864940e+06   5.4931641e+01
   2.2870940e+06   3.0700684e+01
   2.2948640e+06   5.7006836e+01
   2.2949680e+06   3.2348633e+01
   2.2952880e+06   3.5949707e+01
   2.2982560e+06   5.9997559e+01
   2.2989580e+06   6.5795898e+01
   2.3017030e+06   2.0114746e+03
   2.3017370e+06   7.0312500e+01
   2.3018120e+06   3.4301758e+01
   2.3018320e+06   3.8574219e+01
   2.3018640e+06   5.0964355e+01
   2.3018760e+06   3.8818359e+01
   2.3020150e+06   5.5236816e+01
   2.3020850e+06   3.4912109e+01
   2.3023030e+06   5.2124023e+01
   2.3024320e+06   3.2104492e+01
   2.3024500e+06   5.7189941e+01
   2.3025190e+06   6.5246582e+01
   2.3026480e+06   5.2551270e+01
   2.3027780e+06   6.1340332e+01
   2.3031390e+06   6.1157227e+01
   2.3032790e+06   3.5034180e+01
   2.3033540e+06   3.8452148e+01
   2.3034220e+06   3.2470703e+01
   2.3035400e+06   5.4077148e+01
   2.3108970e+06   3.3508301e+01
   2.3148430e+06   6.2683105e+01
   2.3161420e+06   5.9570313e+01
   2.3164080e+06   6.0424805e+01
   2.3207330e+06   7.1594238e+01
   2.3270810e+06   6.2866211e+01
   2.3280130e+06   5.8654785e+01
   2.3282260e+06   6.3110352e+01
   2.3282800e+06   3.5095215e+01
   2.3283160e+06   4.9499512e+01
   2.3284290e+06   3.2958984e+01
   2.3284970e+06   6.5917969e+01
   2.3285610e+06   7.5744629e+01
   2.3285770e+06   3.5461426e+01
   2.3286190e+06   3.3325195e+01
   2.3286380e+06   3.2104492e+01
   2.3286660e+06   5.9631348e+01
   2.3287380e+06   5.1635742e+01
   2.3294690e+06   5.9020996e+01
   2.3295370e+06   5.2551270e+01
   2.3295690e+06   3.5339355e+01
   2.3296080e+06   4.6325684e+01
   2.3296410e+06   3.0517578e+01
   2.3299540e+06   4.9987793e+01
   2.3299860e+06   5.4748535e+01
   2.3300040e+06   3.1799316e+01
   2.3300500e+06   5.5603027e+01
   2.3300810e+06   3.0822754e+01
   2.3301100e+06   4.1198730e+01
   2.3301740e+06   3.3264160e+01
   2.3301930e+06   6.2683105e+01
   2.3302110e+06   6.7016602e+01
   2.3302740e+06   3.6132813e+01
   2.3302850e+06   5.0781250e+01
   2.3303110e+06   3.5400391e+01
   2.3303270e+06   9.6374512e+01
   2.3303790e+06   3.6682129e+01
   2.3304110e+06   4.2175293e+01
   2.3304210e+06   6.6650391e+01
   2.3304790e+06   6.7382813e+01
   2.3305880e+06   5.9509277e+01
   2.3306140e+06   6.8176270e+01
   2.3306280e+06   3.6132813e+01
   2.3308090e+06   5.3344727e+01
   2.3308430e+06   3.0822754e+01
   2.3404880e+06   6.4086914e+01
   2.3422840e+06   5.9143066e+01
   2.3459570e+06   6.0852051e+01
   2.3462810e+06   5.8105469e+01
   2.3463570e+06   4.9560547e+01
   2.3463770e+06   4.7790527e+01
   2.3464110e+06   3.5949707e+01
   2.3464220e+06   3.6804199e+01
   2.3464640e+06   4.5043945e+01
   2.3464820e+06   6.8054199e+01
   2.3465380e+06   3.0456543e+01
   2.3466250e+06   5.1391602e+01
   2.3475040e+06   6.0119629e+01
   2.3475670e+06   3.5095215e+01
   2.3479070e+06   3.5644531e+01
   2.3479400e+06   5.7983398e+01
   2.3517190e+06   3.9999390e+03
   2.3517520e+06   6.4880371e+01
   2.3518470e+06   3.6560059e+01
   2.3519100e+06   3.1799316e+01
   2.3519390e+06   5.4260254e+01
   2.3519620e+06   3.0822754e+01
   2.3599910e+06   5.7067871e+01
   2.3612620e+06   5.7800293e+01
   2.3616090e+06   4.6691895e+01
   2.3618830e+06   6.5490723e+01
   2.3619270e+06   3.0517578e+01
   2.3621520e+06   5.1513672e+01
   2.3673660e+06   6.1828613e+01
   2.3689850e+06   3.4790039e+01
   2.3709280e+06   3.7109375e+01
   2.3730370e+06   6.5368652e+01
   2.3752860e+06   5.2246094e+01
   2.3762160e+06   3.7414551e+01
   2.3766620e+06   5.7617188e+01
   2.3770300e+06   6.0241699e+01
   2.3786190e+06   4.5776367e+01
   2.3787170e+06   4.3945313e+01
   2.3787330e+06   6.3720703e+01
   2.3787950e+06   3.9001465e+01
   2.3788090e+06   5.4626465e+01
   2.3789150e+06   5.1757813e+01
   2.3789300e+06   3.3447266e+01
   2.3790030e+06   4.9926758e+01
   2.3790460e+06   3.1127930e+01
   2.3790850e+06   3.4301758e+01
   2.3831030e+06   3.1188965e+01
   2.3833480e+06   3.7780762e+01
   2.3835200e+06   3.1188965e+01
   2.3866790e+06   3.0944824e+01
   2.3873010e+06   3.3813477e+01
   2.3896360e+06   6.3720703e+01
   2.3904060e+06   6.2133789e+01
   2.3938380e+06   3.0456543e+01
   2.3994430e+06   6.3110352e+01
   2.4017330e+06   2.0071411e+03
   2.4017650e+06   7.2814941e+01
   2.4018190e+06   3.8330078e+01
   2.4018520e+06   4.0283203e+01
   2.4018730e+06   7.2814941e+01
   2.4018960e+06   3.2653809e+01
   2.4019100e+06   3.3569336e+01
   2.4019660e+06   7.8063965e+01
   2.4019790e+06   3.8208008e+01
   2.4020890e+06   5.0964355e+01
   2.4022520e+06   3.5766602e+01
   2.4029980e+06   6.9213867e+01
   2.4030410e+06   4.0283203e+01
   2.4030850e+06   3.3325195e+01
   2.4031040e+06   5.3710938e+01
   2.4031290e+06   6.4392090e+01
   2.4031510e+06   5.8288574e+01
   2.4031690e+06   3.5034180e+01
   2.4031980e+06   7.2692871e+01
   2.4032250e+06   5.0964355e+01
   2.4032350e+06   5.1269531e+01
   2.4032750e+06   6.0241699e+01
   2.4033040e+06   3.4851074e+01
   2.4033410e+06   6.8420410e+01
   2.4033580e+06   3.5400391e+01
   2.4033680e+06   3.2287598e+01
   2.4033920e+06   3.3142090e+01
   2.4034040e+06   5.2978516e+01
   2.4034490e+06   3.1005859e+01
   2.4034650e+06   3.1921387e+01
   2.4034780e+06   5.9448242e+01
   2.4035460e+06   3.1494141e+01
   2.4035760e+06   3.5095215e+01
   2.4036050e+06   3.8757324e+01
   2.4036240e+06   5.9020996e+01
   2.4036430e+06   4.0588379e+01
   2.4036550e+06   3.1188965e+01
   2.4036910e+06   5.3222656e+01
   2.4037370e+06   3.1616211e+01
   2.4037640e+06   4.8400879e+01
   2.4038130e+06   3.3508301e+01
   2.4040260e+06   5.1940918e+01
   2.4190340e+06   6.6528320e+01
   2.4229700e+06   5.4870605e+01
   2.4250090e+06   3.2958984e+01
   2.4265310e+06   5.5969238e+01
   2.4266440e+06   5.1330566e+01
   2.4307020e+06   3.1188965e+01
   2.4310190e+06   3.0578613e+01
   2.4359330e+06   3.2470703e+01
   2.4362640e+06   3.0761719e+01
   2.4401570e+06   6.2927246e+01
   2.4468140e+06   3.4912109e+01
   2.4493600e+06   3.2653809e+01
   2.4497410e+06   5.6640625e+01
   2.4517450e+06   2.0085449e+03
   2.4517790e+06   6.7199707e+01
   2.4518740e+06   6.7199707e+01
   2.4519180e+06   5.7678223e+01
   2.4519310e+06   3.9184570e+01
   2.4519780e+06   3.8879395e+01
   2.4534090e+06   5.9082031e+01
   2.4534470e+06   3.5705566e+01
   2.4534730e+06   5.4016113e+01
   2.4535270e+06   4.9743652e+01
   2.4535490e+06   6.2133789e+01
   2.4535890e+06   3.3630371e+01
   2.4536000e+06   4.0771484e+01
   2.4536330e+06   4.9316406e+01
   2.4536440e+06   4.3518066e+01
   2.4536580e+06   6.3232422e+01
   2.4536710e+06   3.4973145e+01
   2.4537110e+06   3.5827637e+01
   2.4537390e+06   4.4494629e+01
   2.4537670e+06   5.9814453e+01
   2.4537970e+06   6.3110352e+01
   2.4538360e+06   5.7189941e+01
   2.4538650e+06   5.1940918e+01
   2.4538910e+06   9.2834473e+01
   2.4539100e+06   3.1555176e+01
   2.4539710e+06   4.6813965e+01
   2.4539970e+06   6.1401367e+01
   2.4540080e+06   3.9428711e+01
   2.4540820e+06   4.4860840e+01
   2.4541060e+06   3.2470703e+01
   2.4541160e+06   6.5612793e+01
   2.4542250e+06   4.9377441e+01
   2.4542560e+06   3.8085938e+01
   2.4543920e+06   3.3325195e+01
   2.4545430e+06   3.3874512e+01
   2.4545600e+06   6.7626953e+01
   2.4664010e+06   3.2287598e+01
   2.4678940e+06   6.2683105e+01
   2.4755390e+06   6.5856934e+01
   2.4787660e+06   3.4912109e+01
   2.4790800e+06   3.1616211e+01
   2.4830300e+06   3.7902832e+01
   2.4886400e+06   7.3181152e+01
   2.4942350e+06   3.5583496e+01
   2.5026910e+06   3.1188965e+01
   2.5084930e+06   3.3081055e+01
   2.5087770e+06   3.6437988e+01
   2.5143730e+06   3.6987305e+01
   2.5145450e+06   3.2470703e+01
   2.5149560e+06   6.4147949e+01
   2.5239610e+06   3.8757324e+01
   2.5246460e+06   3.2470703e+01
   2.5262850e+06   6.0424805e+01
   2.5263650e+06   6.7871094e+01
   2.5264030e+06   3.5095215e+01
   2.5264130e+06   3.2836914e+01
   2.5264290e+06   5.6823730e+01
   2.5264450e+06   3.1005859e+01
   2.5264880e+06   3.5278320e+01
   2.5265540e+06   5.6640625e+01
   2.5266780e+06   3.0822754e+01
   2.5267000e+06   5.1391602e+01
   2.5267370e+06   3.4423828e+01
   2.5267640e+06   8.6853027e+01
   2.5267900e+06   3.7780762e+01
   2.5268100e+06   3.1860352e+01
   2.5268660e+06   4.1259766e+01
   2.5268930e+06   3.6560059e+01
   2.5269070e+06   5.1696777e+01
   2.5269500e+06   6.7749023e+01
   2.5269800e+06   4.4006348e+01
   2.5269950e+06   5.1452637e+01
   2.5270320e+06   4.5043945e+01
   2.5270510e+06   3.2897949e+01
   2.5270710e+06   5.1696777e+01
   2.5270870e+06   4.4555664e+01
   2.5271210e+06   4.5532227e+01
   2.5271310e+06   6.6467285e+01
   2.5271870e+06   3.2592773e+01
   2.5272010e+06   6.5368652e+01
   2.5272390e+06   3.1860352e+01
   2.5272540e+06   4.6447754e+01
   2.5272690e+06   4.6936035e+01
   2.5272950e+06   3.2836914e+01
   2.5273080e+06   3.4423828e+01
   2.5273500e+06   5.0476074e+01
   2.5274040e+06   4.8400879e+01
   2.5274430e+06   3.7658691e+01
   2.5274720e+06   4.5043945e+01
   2.5275370e+06   4.9255371e+01
   2.5275760e+06   4.1564941e+01
   2.5276700e+06   4.9316406e+01
   2.5277050e+06   3.4423828e+01
   2.5278210e+06   7.0495605e+01
   2.5278510e+06   3.3935547e+01
   2.5279660e+06   4.6936035e+01
   2.5279870e+06   5.8959961e+01
   2.5282190e+06   5.5175781e+01
   2.5288130e+06   3.4179688e+01
   2.5366780e+06   5.7128906e+01
   2.5413050e+06   3.0639648e+01
   2.5437520e+06   6.3476563e+01
   2.5462320e+06   6.3842773e+01
   2.5496000e+06   6.5002441e+01
   2.5515930e+06   3.0639648e+01
   2.5530740e+06   3.5217285e+01
   2.5549830e+06   6.3293457e+01
   2.5570680e+06   6.4880371e+01
   2.5586890e+06   6.4331055e+01
   2.5587040e+06   3.3264160e+01
   2.5590700e+06   3.4484863e+01
   2.5609450e+06   6.1767578e+01
   2.5612160e+06   5.6152344e+01
   2.5624300e+06   3.1188965e+01
   2.5644040e+06   3.0639648e+01
   2.5664530e+06   6.2622070e+01
   2.5673860e+06   6.2866211e+01
   2.5756620e+06   5.3955078e+01
   2.5770510e+06   6.2622070e+01
   2.5774350e+06   6.6406250e+01
   2.5789950e+06   6.7077637e+01
   2.5819780e+06   3.5400391e+01
   2.5869190e+06   6.5490723e+01
   2.5894760e+06   6.2133789e+01
   2.5924210e+06   3.3874512e+01
   2.5925460e+06   3.0944824e+01
   2.5967040e+06   5.8288574e+01
   2.5967990e+06   6.3293457e+01
   2.5968570e+06   5.8288574e+01
   2.5969080e+06   8.3923340e+01
   2.5969210e+06   5.1574707e+01
   2.5969410e+06   3.9001465e+01
   2.5969590e+06   3.1799316e+01
   2.5969810e+06   5.0842285e+01
   2.5970130e+06   3.7170410e+01
   2.5970300e+06   5.0903320e+01
   2.5970500e+06   3.7353516e+01
   2.5970680e+06   7.4951172e+01
   2.5971030e+06   4.7912598e+01
   2.5971160e+06   3.4973145e+01
   2.5971530e+06   4.1503906e+01
   2.5971670e+06   7.1716309e+01
   2.5971870e+06   3.8391113e+01
   2.5972360e+06   4.8522949e+01
   2.5972840e+06   5.8776855e+01
   2.5973210e+06   5.6030273e+01
   2.5973690e+06   3.5949707e+01
   2.5974410e+06   4.5959473e+01
   2.5974760e+06   3.5949707e+01
   2.5975460e+06   4.7851563e+01
   2.5975750e+06   7.2570801e+01
   2.5975860e+06   5.6640625e+01
   2.5976590e+06   3.2958984e+01
   2.5977110e+06   8.0871582e+01
   2.5978300e+06   4.9499512e+01
   2.5978620e+06   3.1066895e+01
   2.5980080e+06   4.8217773e+01
   2.6071360e+06   3.2409668e+01
   2.6125670e+06   5.5969238e+01
   2.6131610e+06   6.6650391e+01
   2.6134000e+06   5.4321289e+01
   2.6138520e+06   5.6274414e+01
   2.6141660e+06   5.4077148e+01
   2.6145950e+06   6.5246582e+01
   2.6197070e+06   3.6010742e+01
   2.6200490e+06   3.5949707e+01
   2.6202840e+06   3.1494141e+01
   2.6250560e+06   5.5725098e+01
   2.6253910e+06   5.5419922e+01
   2.6256340e+06   6.5612793e+01
   2.6258030e+06   4.5104980e+01
   2.6258840e+06   4.0771484e+01
   2.6260360e+06   6.0974121e+01
   2.6260940e+06   4.8583984e+01
   2.6261640e+06   3.8269043e+01
   2.6262000e+06   4.9865723e+01
   2.6265380e+06   4.4738770e+01
   2.6267920e+06   3.3569336e+01
   2.6284280e+06   6.0729980e+01
   2.6284500e+06   4.7546387e+01
   2.6284750e+06   8.5327148e+01
   2.6285010e+06   3.8879395e+01
   2.6285180e+06   9.5703125e+01
   2.6285400e+06   3.4667969e+01
   2.6285500e+06   3.9611816e+01
   2.6285660e+06   3.3691406e+01
   2.6285850e+06   8.0688477e+01
   2.6286160e+06   3.1433105e+01
   2.6286330e+06   4.2846680e+01
   2.6286510e+06   3.0700684e+01
   2.6286690e+06   4.2663574e+01
   2.6286950e+06   4.4433594e+01
   2.6287060e+06   4.0100098e+01
   2.6287330e+06   4.0222168e+01
   2.6287610e+06   6.1889648e+01
   2.6287800e+06   5.3588867e+01
   2.6288370e+06   5.8471680e+01
   2.6288590e+06   5.6274414e+01
   2.6288790e+06   3.1982422e+01
   2.6289070e+06   4.0832520e+01
   2.6289270e+06   3.9001465e+01
   2.6289420e+06   3.3142090e+01
   2.6290110e+06   6.9030762e+01
   2.6290490e+06   3.1311035e+01
   2.6290960e+06   3.2287598e+01
   2.6291130e+06   5.0781250e+01
   2.6291340e+06   5.1086426e+01
   2.6291510e+06   3.7353516e+01
   2.6291980e+06   4.6813965e+01
   2.6292410e+06   3.1433105e+01
   2.6292640e+06   4.0222168e+01
   2.6293530e+06   3.1250000e+01
   2.6293730e+06   3.2653809e+01
   2.6294130e+06   3.0822754e+01
   2.6294600e+06   3.8635254e+01
   2.6296460e+06   4.2358398e+01
   2.6296870e+06   5.7495117e+01
   2.6297200e+06   4.0710449e+01
   2.6298270e+06   5.2551270e+01
   2.6423840e+06   6.4331055e+01
   2.6432460e+06   6.9824219e+01
   2.6450690e+06   6.4819336e+01
   2.6468890e+06   5.8349609e+01
   2.6477320e+06   4.7729492e+01
   2.6551360e+06   3.2348633e+01
   2.6554420e+06   3.1250000e+01
   2.6598230e+06   3.2714844e+01
   2.6613790e+06   3.3325195e+01
   2.6620890e+06   3.3142090e+01
   2.6642280e+06   6.3110352e+01
   2.6660220e+06   6.3598633e+01
   2.6662760e+06   6.0363770e+01
   2.6663420e+06   3.1738281e+01
   2.6663890e+06   6.5856934e+01
   2.6664450e+06   3.5583496e+01
   2.6664580e+06   5.9020996e+01
   2.6664850e+06   3.6499023e+01
   2.6665160e+06   3.1188965e+01
   2.6665430e+06   3.7414551e+01
   2.6666100e+06   4.6020508e+01
   2.6666520e+06   3.6804199e+01
   2.6667170e+06   4.6508789e+01
   2.6667600e+06   3.5400391e+01
   2.6667800e+06   4.0161133e+01
   2.6668120e+06   3.7658691e+01
   2.6668640e+06   5.1513672e+01
   2.6669210e+06   4.0344238e+01
   2.6669530e+06   3.1982422e+01
   2.6669750e+06   4.1503906e+01
   2.6669870e+06   4.3090820e+01
   2.6670460e+06   3.0761719e+01
   2.6670740e+06   5.5236816e+01
   2.6673340e+06   3.2165527e+01
   2.6673560e+06   3.2836914e+01
   2.6676720e+06   3.0761719e+01
   2.6749430e+06   3.1250000e+01
   2.6751720e+06   3.1311035e+01
   2.6802670e+06   3.1433105e+01
   2.6943630e+06   5.4565430e+01
   2.7004470e+06   3.0822754e+01
   2.7013540e+06   6.7871094e+01
   2.7063980e+06   3.2653809e+01
   2.7066760e+06   3.4423828e+01
   2.7136570e+06   5.7800293e+01
   2.7163360e+06   3.4301758e+01
   2.7206080e+06   7.0861816e+01
   2.7210870e+06   5.4931641e+01
   2.7237410e+06   3.1372070e+01
   2.7241610e+06   3.4790039e+01
   2.7245580e+06   3.4484863e+01
   2.7275430e+06   3.3996582e+01
   2.7308120e+06   3.0883789e+01
   2.7331180e+06   3.3813477e+01
   2.7335490e+06   3.0761719e+01
   2.7358890e+06   3.1494141e+01
   2.7423470e+06   6.7565918e+01
   2.7426900e+06   5.5175781e+01
   2.7477280e+06   3.9733887e+01
   2.7492940e+06   3.2592773e+01
   2.7653470e+06   3.4301758e+01
   2.7656400e+06   6.7077637e+01
   2.7659570e+06   3.3142090e+01
   2.7662120e+06   3.3874512e+01
   2.7663970e+06   6.0485840e+01
   2.7666010e+06   3.1066895e+01
   2.7666600e+06   3.3264160e+01
   2.7691730e+06   3.3264160e+01
   2.7699960e+06   3.4362793e+01
   2.7702090e+06   3.2531738e+01
   2.7813090e+06   3.5400391e+01
   2.7839250e+06   3.4118652e+01
   2.7861540e+06   3.6376953e+01
   2.7866840e+06   3.3752441e+01
   2.7870090e+06   3.6621094e+01
   2.7899160e+06   3.6132813e+01
   2.7904120e+06   3.1066895e+01
   2.7958820e+06   6.5795898e+01
   2.7968250e+06   6.2316895e+01
   2.7969940e+06   5.3405762e+01
   2.7970620e+06   3.4484863e+01
   2.7970840e+06   4.5898438e+01
   2.7971220e+06   4.3457031e+01
   2.7971400e+06   4.0222168e+01
   2.7971580e+06   8.2153320e+01
   2.7971680e+06   5.0415039e+01
   2.7971900e+06   3.2897949e+01
   2.7972310e+06   3.3081055e+01
   2.7972500e+06   4.7119141e+01
   2.7972630e+06   5.6030273e+01
   2.7973150e+06   5.6518555e+01
   2.7973440e+06   4.6081543e+01
   2.7973670e+06   3.1921387e+01
   2.7974140e+06   3.8757324e+01
   2.7974350e+06   5.3649902e+01
   2.7974990e+06   5.9997559e+01
   2.7975900e+06   5.2734375e+01
   2.7976990e+06   4.9865723e+01
   2.7984770e+06   3.0944824e+01
   2.7987100e+06   5.7556152e+01
   2.7987980e+06   3.1494141e+01
   2.8068870e+06   6.4575195e+01
   2.8079750e+06   3.3264160e+01
   2.8229880e+06   3.1372070e+01
   2.8233210e+06   3.1433105e+01
   2.8270120e+06   3.0578613e+01
   2.8296540e+06   3.5461426e+01
   2.8299780e+06   3.6254883e+01
   2.8384640e+06   3.1494141e+01
   2.8387150e+06   3.4484863e+01
   2.8435940e+06   3.5156250e+01
   2.8505570e+06   3.9489746e+01
   2.8526560e+06   3.7902832e+01
   2.8532370e+06   3.3752441e+01
   2.8584930e+06   3.1005859e+01
   2.8613380e+06   3.0822754e+01
   2.8684770e+06   3.1372070e+01
   2.8691490e+06   3.1188965e+01
   2.8738470e+06   3.3203125e+01
   2.8762240e+06   3.9733887e+01
   2.8768660e+06   3.1982422e+01
   2.8782850e+06   3.0761719e+01
   2.8784990e+06   3.4973145e+01
   2.8998370e+06   3.1188965e+01
   2.9001640e+06   3.3874512e+01
   2.9003640e+06   3.1372070e+01
   2.9054900e+06   3.2958984e+01
   2.9079170e+06   3.2043457e+01
   2.9087210e+06   3.1433105e+01
   2.9192100e+06   3.3447266e+01
   2.9220680e+06   3.2714844e+01
   2.9245290e+06   3.1555176e+01
   2.9274600e+06   6.3720703e+01
   2.9275800e+06   5.6213379e+01
   2.9276820e+06   3.0761719e+01
   2.9280260e+06   5.5480957e+01
   2.9280490e+06   3.2348633e+01
   2.9280920e+06   4.7607422e+01
   2.9281260e+06   3.3508301e+01
   2.9281510e+06   5.5786133e+01
   2.9281640e+06   9.0026855e+01
   2.9282190e+06   4.5349121e+01
   2.9282880e+06   3.5034180e+01
   2.9283350e+06   3.8574219e+01
   2.9320570e+06   3.5095215e+01
   2.9337530e+06   3.0517578e+01
   2.9350450e+06   3.2043457e+01
   2.9397540e+06   3.6682129e+01
   2.9443590e+06   3.8879395e+01
   2.9478210e+06   3.2287598e+01
   2.9536850e+06   3.1005859e+01
   2.9737340e+06   3.8330078e+01
   2.9811200e+06   3.3264160e+01
   2.9830610e+06   3.2592773e+01
   2.9833180e+06   3.3264160e+01
   2.9875970e+06   3.0700684e+01
   2.9900910e+06   3.1250000e+01
   2.9949210e+06   3.2775879e+01
