   2.9990000e+06   0.0000000e+00
   1.0590000e+03   2.0104980e+03
   1.1180000e+03   5.5114746e+01
   1.1390000e+03   6.8054199e+01
   1.1560000e+03   1.5734863e+02
   1.1780000e+03   6.1279297e+01
   1.2050000e+03   9.3994141e+01
   1.2290000e+03   4.7180176e+01
   1.2820000e+03   3.9306641e+01
   1.3030000e+03   5.1208496e+01
   1.3560000e+03   4.0771484e+01
   1.4260000e+03   3.6621094e+01
   1.4670000e+03   7.5988770e+01
   1.4770000e+03   3.9672852e+01
   1.6090000e+03   4.1076660e+01
   1.6420000e+03   4.2175293e+01
   1.7720000e+03   4.2480469e+01
   1.7910000e+03   4.0466309e+01
   1.8750000e+03   3.6926270e+01
   1.9150000e+03   3.9184570e+01
   5.1075000e+04   3.9999390e+03
   5.1132000e+04   5.7128906e+01
   5.1143000e+04   4.1320801e+01
   5.1172000e+04   1.3128662e+02
   5.1191000e+04   7.2998047e+01
   5.1212000e+04   4.6142578e+01
   5.1361000e+04   7.5927734e+01
   5.1600000e+04   3.8818359e+01
   5.1758000e+04   3.6071777e+01
   9.6128000e+04   3.7109375e+01
   9.8786000e+04   1.2121582e+02
   9.8804000e+04   3.7414551e+01
   9.8855000e+04   4.8583984e+01
   1.0108900e+05   3.9999390e+03
   1.0114700e+05   4.5532227e+01
   1.0116800e+05   4.0283203e+01
   1.0118600e+05   1.4062500e+02
   1.0121300e+05   8.3374023e+01
   1.0123300e+05   3.6376953e+01
   1.0136700e+05   3.7719727e+01
   1.0146100e+05   4.6203613e+01
   1.4346000e+05   3.5644531e+01
   1.5110300e+05   3.9999390e+03
   1.5113500e+05   3.6987305e+01
   1.5116000e+05   5.4809570e+01
   1.5119300e+05   4.2480469e+01
   1.5120600e+05   1.3208008e+02
   1.5122800e+05   6.8420410e+01
   1.5125200e+05   5.2917480e+01
   1.5130600e+05   4.0832520e+01
   1.5133500e+05   4.0222168e+01
   1.5137600e+05   3.6560059e+01
   1.5139000e+05   3.8208008e+01
   1.5143100e+05   3.9550781e+01
   1.5148700e+05   4.5715332e+01
   1.5149900e+05   4.2907715e+01
   1.5155800e+05   4.1320801e+01
   1.5158600e+05   4.3884277e+01
   1.5180900e+05   3.7841797e+01
   1.5204600e+05   4.6325684e+01
   1.9277900e+05   3.6010742e+01
   1.9288000e+05   3.9428711e+01
   1.9289000e+05   3.6071777e+01
   1.9293400e+05   4.5593262e+01
   1.9295400e+05   6.8603516e+01
   1.9298200e+05   1.4306641e+02
   1.9300300e+05   8.7158203e+01
   1.9302600e+05   6.5002441e+01
   1.9304200e+05   1.1352539e+02
   1.9307000e+05   4.7485352e+01
   1.9311100e+05   5.0109863e+01
   1.9313400e+05   4.1137695e+01
   1.9314700e+05   5.6396484e+01
   1.9318800e+05   8.6486816e+01
   1.9321400e+05   6.8420410e+01
   1.9322400e+05   5.2551270e+01
   1.9325100e+05   1.0485840e+02
   1.9328600e+05   3.6743164e+01
   1.9330500e+05   4.3273926e+01
   1.9332700e+05   8.8989258e+01
   1.9334000e+05   6.7993164e+01
   1.9335700e+05   6.5429688e+01
   1.9338600e+05   4.7668457e+01
   1.9340200e+05   4.2358398e+01
   1.9341300e+05   4.9804688e+01
   1.9342600e+05   9.0698242e+01
   1.9348300e+05   5.2429199e+01
   1.9350400e+05   5.8166504e+01
   1.9354000e+05   3.8146973e+01
   1.9355200e+05   4.3579102e+01
   1.9358500e+05   7.4401855e+01
   1.9361100e+05   4.3945313e+01
   1.9366000e+05   4.6691895e+01
   1.9372200e+05   3.8146973e+01
   1.9374500e+05   4.0466309e+01
   1.9376400e+05   5.4016113e+01
   1.9378300e+05   3.5705566e+01
   1.9380400e+05   3.6621094e+01
   1.9382500e+05   4.3945313e+01
   1.9384600e+05   3.8024902e+01
   1.9388100e+05   4.0161133e+01
   1.9390900e+05   3.9978027e+01
   1.9394600e+05   3.6804199e+01
   1.9396000e+05   3.8696289e+01
   1.9407500e+05   8.8256836e+01
   1.9415500e+05   3.7048340e+01
   1.9487000e+05   4.4372559e+01
   1.9732700e+05   3.6987305e+01
   1.9886100e+05   3.9855957e+01
   1.9914400e+05   4.2785645e+01
   1.9965100e+05   4.2236328e+01
   2.0043200e+05   3.6987305e+01
   2.0054500e+05   3.7841797e+01
   2.0111700e+05   3.9999390e+03
   2.0117400e+05   3.8452148e+01
   2.0121700e+05   3.8024902e+01
   2.0633900e+05   3.5949707e+01
   2.1795600e+05   3.6682129e+01
   2.5113100e+05   3.9999390e+03
   2.5120000e+05   5.0537109e+01
   2.5122400e+05   7.6538086e+01
   2.5123400e+05   1.8884277e+02
   2.5127700e+05   1.0589600e+02
   2.5129300e+05   4.0771484e+01
   2.5135500e+05   6.0363770e+01
   2.5137100e+05   5.6152344e+01
   2.5143300e+05   4.1137695e+01
   2.5144400e+05   9.6740723e+01
   2.5154400e+05   4.5776367e+01
   2.5155700e+05   1.4416504e+02
   2.5158500e+05   4.4433594e+01
   2.5160200e+05   7.4584961e+01
   2.5165200e+05   3.9550781e+01
   2.5166600e+05   6.0424805e+01
   2.5168700e+05   4.1381836e+01
   2.5171200e+05   6.0302734e+01
   2.5174000e+05   4.5593262e+01
   2.5175100e+05   1.3110352e+02
   2.5176100e+05   3.9855957e+01
   2.5179100e+05   3.5888672e+01
   2.5182100e+05   4.4067383e+01
   2.9226700e+05   3.5766602e+01
   2.9237300e+05   4.1809082e+01
   2.9240300e+05   3.9855957e+01
   2.9244800e+05   1.1791992e+02
   2.9247700e+05   6.2561035e+01
   2.9254600e+05   7.6171875e+01
   2.9256100e+05   3.9001465e+01
   2.9258800e+05   4.8706055e+01
   2.9263200e+05   3.7414551e+01
   2.9265400e+05   4.2541504e+01
   2.9268100e+05   3.6926270e+01
   2.9272900e+05   3.5949707e+01
   3.0114500e+05   3.9999390e+03
   3.0120200e+05   6.2622070e+01
   3.0124600e+05   1.3397217e+02
   3.0128000e+05   5.0415039e+01
   3.4191500e+05   3.8024902e+01
   3.5115700e+05   2.0129395e+03
   3.5121600e+05   5.3405762e+01
   3.5123100e+05   5.2917480e+01
   3.5125200e+05   4.3579102e+01
   3.5127200e+05   3.7536621e+01
   3.5128700e+05   1.1859131e+02
   3.5133400e+05   3.6987305e+01
   3.5140200e+05   4.3884277e+01
   3.5146000e+05   3.7963867e+01
   3.5148300e+05   4.4067383e+01
   3.5151500e+05   7.4951172e+01
   3.5152600e+05   4.2724609e+01
   3.5161100e+05   4.1442871e+01
   3.5164600e+05   4.2480469e+01
   3.5166500e+05   6.7260742e+01
   3.5172300e+05   1.0021973e+02
   3.5175500e+05   4.6997070e+01
   3.5177400e+05   6.7504883e+01
   3.5179600e+05   1.4941406e+02
   3.5181700e+05   3.6376953e+01
   3.5186300e+05   4.6752930e+01
   3.5187300e+05   3.8452148e+01
   3.5193300e+05   5.2185059e+01
   3.5194400e+05   5.6640625e+01
   3.5196800e+05   1.0717773e+02
   3.5203700e+05   3.7963867e+01
   3.5205900e+05   4.2297363e+01
   3.5210000e+05   4.0039063e+01
   3.5221000e+05   4.0344238e+01
   4.0117300e+05   3.9999390e+03
   4.0123000e+05   4.9560547e+01
   4.0125300e+05   4.2175293e+01
   4.0126500e+05   1.4599609e+02
   4.0128000e+05   7.9650879e+01
   4.0131000e+05   1.5649414e+02
   4.0132100e+05   6.5063477e+01
   4.0137500e+05   3.6193848e+01
   4.0141900e+05   4.8522949e+01
   4.0153300e+05   3.9978027e+01
   4.3909600e+05   3.5827637e+01
   4.3911200e+05   1.6339111e+02
   4.3914100e+05   5.1086426e+01
   4.3917900e+05   1.1608887e+02
   4.5118700e+05   3.9999390e+03
   4.5124400e+05   5.1086426e+01
   4.5125700e+05   3.6254883e+01
   4.5127100e+05   5.0292969e+01
   4.5129300e+05   1.4434814e+02
   4.5132200e+05   7.2326660e+01
   4.8913000e+05   4.4494629e+01
   4.8914400e+05   4.0039063e+01
   4.8916300e+05   1.2829590e+02
   4.8917800e+05   4.3640137e+01
   4.8919900e+05   5.2551270e+01
   4.8921500e+05   1.1126709e+02
   4.8923600e+05   4.6081543e+01
   4.8928100e+05   5.6274414e+01
   4.8931200e+05   4.5227051e+01
   4.8932800e+05   4.4189453e+01
   4.8935900e+05   4.5532227e+01
   4.8937500e+05   8.5021973e+01
   4.8940900e+05   3.7963867e+01
   4.8944300e+05   4.0405273e+01
   4.8946700e+05   1.7266846e+02
   4.8948500e+05   7.1960449e+01
   4.8951300e+05   5.0781250e+01
   4.8954500e+05   7.4279785e+01
   4.8959500e+05   8.1909180e+01
   4.8961100e+05   4.7973633e+01
   4.8963500e+05   4.0161133e+01
   4.8972600e+05   8.9050293e+01
   4.8978200e+05   3.9001465e+01
   4.8979600e+05   3.9367676e+01
   5.0119900e+05   2.0095825e+03
   5.0125800e+05   4.5471191e+01
   5.0128500e+05   3.9489746e+01
   5.0131400e+05   1.6235352e+02
   5.0132500e+05   4.3701172e+01
   5.0146100e+05   4.1076660e+01
   5.4183100e+05   3.8818359e+01
   5.4200600e+05   3.7414551e+01
   5.4202500e+05   7.0678711e+01
   5.4204800e+05   1.2915039e+02
   5.4207000e+05   5.4809570e+01
   5.4208600e+05   3.7292480e+01
   5.4210700e+05   5.2429199e+01
   5.4211800e+05   1.5454102e+02
   5.4214900e+05   4.2236328e+01
   5.4216900e+05   6.4819336e+01
   5.4219500e+05   8.6547852e+01
   5.4220700e+05   4.5959473e+01
   5.4222700e+05   4.5349121e+01
   5.4225400e+05   4.9560547e+01
   5.4227900e+05   1.0607910e+02
   5.4230300e+05   5.9387207e+01
   5.4232300e+05   7.6416016e+01
   5.4235300e+05   1.0650635e+02
   5.4237200e+05   6.6345215e+01
   5.4239100e+05   4.7851563e+01
   5.4240300e+05   6.1767578e+01
   5.4243400e+05   6.5612793e+01
   5.4246000e+05   3.9550781e+01
   5.4247200e+05   5.0903320e+01
   5.4250300e+05   9.5397949e+01
   5.4252700e+05   6.0668945e+01
   5.4254400e+05   4.1870117e+01
   5.4258200e+05   4.3457031e+01
   5.4259200e+05   4.8889160e+01
   5.4262600e+05   3.6926270e+01
   5.4265300e+05   7.5988770e+01
   5.4268400e+05   4.3884277e+01
   5.4273500e+05   5.9692383e+01
   5.4276000e+05   5.4992676e+01
   5.4278600e+05   5.4870605e+01
   5.4279900e+05   5.7800293e+01
   5.4283200e+05   4.3762207e+01
   5.4285500e+05   3.5705566e+01
   5.4286500e+05   5.0170898e+01
   5.4294000e+05   4.3273926e+01
   5.4298600e+05   4.3762207e+01
   5.4305900e+05   3.7109375e+01
   5.4309100e+05   7.6782227e+01
   5.4316900e+05   5.2795410e+01
   5.4320000e+05   4.2419434e+01
   5.4321000e+05   3.5827637e+01
   5.4328900e+05   4.4311523e+01
   5.4331700e+05   5.0903320e+01
   5.4343500e+05   6.7810059e+01
   5.4346700e+05   3.8330078e+01
   5.4351700e+05   3.6010742e+01
   5.4357900e+05   9.4482422e+01
   5.4371300e+05   5.3466797e+01
   5.4833400e+05   3.6865234e+01
   5.4955200e+05   4.0954590e+01
   5.5089200e+05   3.7658691e+01
   5.5121300e+05   2.0119629e+03
   5.5127300e+05   4.3640137e+01
   5.5129400e+05   3.9855957e+01
   5.5132400e+05   1.7449951e+02
   5.5136000e+05   3.6193848e+01
   6.0122900e+05   3.9999390e+03
   6.0128600e+05   5.3771973e+01
   6.0133200e+05   7.1289063e+01
   6.0134800e+05   1.5484619e+02
   6.0137100e+05   3.7658691e+01
   6.0139100e+05   7.7636719e+01
   6.0141000e+05   5.4870605e+01
   6.0143600e+05   3.9672852e+01
   6.0145400e+05   1.1535645e+02
   6.0147300e+05   4.1564941e+01
   6.0155100e+05   3.8024902e+01
   6.0158000e+05   1.1267090e+02
   6.0161400e+05   5.2856445e+01
   6.0168600e+05   1.5277100e+02
   6.0171700e+05   5.8044434e+01
   6.0176800e+05   4.7241211e+01
   6.0180700e+05   6.6284180e+01
   6.0182700e+05   1.0192871e+02
   6.0185100e+05   4.4616699e+01
   6.0186100e+05   4.7973633e+01
   6.0195800e+05   9.4848633e+01
   6.0220700e+05   5.0842285e+01
   6.0226700e+05   5.2246094e+01
   6.4310900e+05   3.9245605e+01
   6.5124300e+05   3.9999390e+03
   6.5130000e+05   4.2724609e+01
   6.5132600e+05   8.1726074e+01
   6.5133600e+05   1.7828369e+02
   6.5135600e+05   3.7719727e+01
   6.5137900e+05   9.8266602e+01
   6.5140700e+05   4.1320801e+01
   6.5144700e+05   3.7536621e+01
   6.5148000e+05   4.2114258e+01
   6.5159600e+05   4.5043945e+01
   6.5168400e+05   3.6071777e+01
   6.5173900e+05   3.8146973e+01
   6.5177400e+05   1.3635254e+02
   6.5182100e+05   3.7902832e+01
   6.5184600e+05   3.6682129e+01
   7.0125500e+05   2.0110474e+03
   7.0131400e+05   6.0485840e+01
   7.0134700e+05   1.2219238e+02
   7.0136300e+05   5.6091309e+01
   7.0139600e+05   1.2078857e+02
   7.0140600e+05   5.1147461e+01
   7.0142700e+05   3.5949707e+01
   7.0146200e+05   3.5827637e+01
   7.0148200e+05   7.5378418e+01
   7.0152500e+05   3.7719727e+01
   7.0156200e+05   3.6560059e+01
   7.0267000e+05   4.1931152e+01
   7.3672200e+05   3.8024902e+01
   7.3740100e+05   3.6743164e+01
   7.5127100e+05   3.9999390e+03
   7.5132800e+05   5.3894043e+01
   7.5135600e+05   1.4971924e+02
   7.5137700e+05   5.5175781e+01
   7.5138900e+05   8.6303711e+01
   7.5141800e+05   1.1987305e+02
   7.5145300e+05   4.3884277e+01
   7.5159700e+05   4.0039063e+01
   7.5260800e+05   3.5949707e+01
   7.5282500e+05   7.9101563e+01
   7.5284100e+05   6.4758301e+01
   7.5285400e+05   3.8818359e+01
   7.5291800e+05   3.6010742e+01
   7.5293600e+05   6.1218262e+01
   7.5295900e+05   5.9997559e+01
   7.5301600e+05   1.1175537e+02
   7.5304300e+05   6.3842773e+01
   7.5318500e+05   7.2998047e+01
   7.5321000e+05   4.5532227e+01
   7.5323400e+05   1.5759277e+02
   7.5326400e+05   3.9916992e+01
   7.5327900e+05   4.2175293e+01
   7.5342000e+05   6.3049316e+01
   8.0128500e+05   3.9999390e+03
   8.0134200e+05   4.9072266e+01
   8.0137100e+05   4.1931152e+01
   8.0140300e+05   4.7973633e+01
   8.0141800e+05   3.9916992e+01
   8.0144400e+05   3.9978027e+01
   8.2690500e+05   3.6437988e+01
   8.4538700e+05   3.6621094e+01
   8.5129700e+05   2.0082397e+03
   8.5133200e+05   3.8940430e+01
   8.5135600e+05   5.2429199e+01
   8.5137300e+05   5.9020996e+01
   8.5139500e+05   1.2908936e+02
   8.5141500e+05   3.9611816e+01
   8.5143300e+05   8.4411621e+01
   8.5144500e+05   3.5705566e+01
   8.5154300e+05   3.6010742e+01
   8.7513600e+05   3.6193848e+01
   8.7539000e+05   3.9428711e+01
   8.9968200e+05   8.0139160e+01
   8.9970200e+05   4.0710449e+01
   8.9977500e+05   4.3029785e+01
   8.9980200e+05   4.0954590e+01
   8.9992900e+05   4.3212891e+01
   8.9994100e+05   1.3079834e+02
   9.0003300e+05   4.2297363e+01
   9.0006100e+05   5.2612305e+01
   9.0009900e+05   4.0283203e+01
   9.0011600e+05   1.3891602e+02
   9.0013800e+05   4.1564941e+01
   9.0014900e+05   4.1564941e+01
   9.0017900e+05   8.3007813e+01
   9.0020100e+05   4.2175293e+01
   9.0021700e+05   5.5297852e+01
   9.0024400e+05   8.7158203e+01
   9.0026400e+05   9.3505859e+01
   9.0027700e+05   5.2307129e+01
   9.0030500e+05   5.8837891e+01
   9.0035700e+05   3.9733887e+01
   9.0036900e+05   5.8288574e+01
   9.0040400e+05   4.5837402e+01
   9.0042800e+05   6.0852051e+01
   9.0044600e+05   6.4270020e+01
   9.0046300e+05   4.1076660e+01
   9.0047700e+05   5.1696777e+01
   9.0049700e+05   4.1137695e+01
   9.0051200e+05   4.5104980e+01
   9.0053500e+05   8.4045410e+01
   9.0056400e+05   3.9978027e+01
   9.0057600e+05   5.3466797e+01
   9.0062000e+05   4.6508789e+01
   9.0063800e+05   9.6374512e+01
   9.0068000e+05   4.2663574e+01
   9.0070000e+05   4.2419434e+01
   9.0071400e+05   4.2480469e+01
   9.0074200e+05   5.7312012e+01
   9.0076200e+05   5.6823730e+01
   9.0079100e+05   4.0100098e+01
   9.0081500e+05   6.1828613e+01
   9.0084300e+05   3.7048340e+01
   9.0085300e+05   3.7963867e+01
   9.0090200e+05   4.8889160e+01
   9.0091400e+05   3.6682129e+01
   9.0095200e+05   3.8330078e+01
   9.0097200e+05   3.6193848e+01
   9.0099800e+05   4.0832520e+01
   9.0109100e+05   3.6621094e+01
   9.0111600e+05   3.6621094e+01
   9.0117700e+05   3.9489746e+01
   9.0120000e+05   3.5949707e+01
   9.0121100e+05   5.8715820e+01
   9.0124400e+05   4.0649414e+01
   9.0127000e+05   3.8024902e+01
   9.0131300e+05   3.9999390e+03
   9.0134900e+05   4.9072266e+01
   9.0137400e+05   6.1462402e+01
   9.0147500e+05   6.2316895e+01
   9.0148800e+05   3.7353516e+01
   9.0160500e+05   4.6997070e+01
   9.0163500e+05   4.1198730e+01
   9.0164600e+05   4.4128418e+01
   9.0169200e+05   3.5827637e+01
   9.0173700e+05   3.6926270e+01
   9.0176600e+05   6.3903809e+01
   9.0180400e+05   3.6804199e+01
   9.0186800e+05   4.0344238e+01
   9.0190600e+05   9.6862793e+01
   9.0213800e+05   4.1137695e+01
   9.1045300e+05   3.7231445e+01
   9.5132500e+05   2.0082397e+03
   9.5138500e+05   3.7597656e+01
   9.7143000e+05   3.6926270e+01
   9.8046400e+05   4.2236328e+01
   9.8065300e+05   6.3415527e+01
   9.8101200e+05   6.1401367e+01
   9.8120400e+05   5.6152344e+01
   9.8168800e+05   6.1889648e+01
   9.8217800e+05   5.6518555e+01
   9.8449000e+05   5.9631348e+01
   9.8467300e+05   3.7292480e+01
   9.8527200e+05   4.1259766e+01
   9.8550600e+05   3.9184570e+01
   9.8559000e+05   5.2734375e+01
   9.8673100e+05   5.1818848e+01
   9.8686400e+05   4.5288086e+01
   9.8767500e+05   6.2011719e+01
   1.0013390e+06   2.0122681e+03
   1.0013730e+06   3.6254883e+01
   1.0013980e+06   4.4921875e+01
   1.0014210e+06   1.2683105e+02
   1.0014500e+06   8.7829590e+01
   1.0014760e+06   1.0180664e+02
   1.0015010e+06   6.1462402e+01
   1.0219890e+06   3.8513184e+01
   1.0235590e+06   3.6010742e+01
   1.0432200e+06   3.5949707e+01
   1.0513530e+06   2.0112305e+03
   1.0514120e+06   4.4128418e+01
   1.0514390e+06   1.3671875e+02
   1.0514560e+06   4.3273926e+01
   1.0514890e+06   1.2030029e+02
   1.0515220e+06   5.2612305e+01
   1.0521690e+06   4.1137695e+01
   1.0521900e+06   1.1419678e+02
   1.0522100e+06   7.5561523e+01
   1.0522630e+06   5.4321289e+01
   1.0523180e+06   3.8146973e+01
   1.1013690e+06   3.9999390e+03
   1.1014260e+06   5.3588867e+01
   1.1014590e+06   1.1370850e+02
   1.1014720e+06   8.0444336e+01
   1.1015140e+06   9.7045898e+01
   1.1015330e+06   3.8940430e+01
   1.1021420e+06   3.7780762e+01
   1.1021570e+06   4.2907715e+01
   1.1425720e+06   3.5827637e+01
   1.1449280e+06   3.6132813e+01
   1.1513810e+06   2.0054932e+03
   1.1514400e+06   3.8513184e+01
   1.1514640e+06   4.4006348e+01
   1.1514810e+06   1.4660645e+02
   1.1514960e+06   4.6081543e+01
   1.1515090e+06   4.1442871e+01
   1.1515560e+06   3.7353516e+01
   1.1823860e+06   3.9001465e+01
   1.1824720e+06   6.1950684e+01
   1.1826910e+06   3.6437988e+01
   1.1827370e+06   3.9916992e+01
   1.1828190e+06   3.6499023e+01
   1.1829450e+06   4.0405273e+01
   1.1829560e+06   3.6193848e+01
   1.1829870e+06   4.7973633e+01
   1.1829990e+06   4.2236328e+01
   1.1830120e+06   1.4221191e+02
   1.1830390e+06   9.9060059e+01
   1.1830590e+06   4.6630859e+01
   1.1830970e+06   1.5057373e+02
   1.1831250e+06   8.6853027e+01
   1.1831370e+06   5.2246094e+01
   1.1831690e+06   4.9865723e+01
   1.1831940e+06   4.6875000e+01
   1.1832100e+06   5.3039551e+01
   1.1832480e+06   6.6345215e+01
   1.1832580e+06   7.5134277e+01
   1.1832690e+06   4.2053223e+01
   1.1832830e+06   5.0231934e+01
   1.1833070e+06   4.5532227e+01
   1.1833320e+06   8.3801270e+01
   1.1833470e+06   6.0729980e+01
   1.1833610e+06   3.6071777e+01
   1.1833820e+06   4.1625977e+01
   1.1833950e+06   3.8879395e+01
   1.1834100e+06   3.5766602e+01
   1.1834380e+06   8.7280273e+01
   1.1834550e+06   6.0302734e+01
   1.1835140e+06   8.0017090e+01
   1.1835420e+06   5.9143066e+01
   1.1835530e+06   4.4494629e+01
   1.1835760e+06   4.7180176e+01
   1.1835960e+06   5.7312012e+01
   1.1836240e+06   6.5002441e+01
   1.1836620e+06   5.9753418e+01
   1.1836920e+06   5.4321289e+01
   1.1837180e+06   5.3222656e+01
   1.1837280e+06   3.6743164e+01
   1.1837660e+06   4.3945313e+01
   1.1837770e+06   5.7739258e+01
   1.1837890e+06   3.6743164e+01
   1.1838680e+06   4.6081543e+01
   1.1838800e+06   6.4392090e+01
   1.1839090e+06   3.6132813e+01
   1.1839300e+06   3.6865234e+01
   1.1839720e+06   4.4433594e+01
   1.1840220e+06   3.8818359e+01
   1.1841140e+06   5.1391602e+01
   1.1841520e+06   4.3151855e+01
   1.1842620e+06   7.6171875e+01
   1.1843820e+06   3.7475586e+01
   1.1868120e+06   3.5705566e+01
   1.1873460e+06   3.7963867e+01
   1.1903970e+06   3.5705566e+01
   1.1918940e+06   3.6987305e+01
   1.1959370e+06   3.5644531e+01
   1.2013950e+06   2.0120239e+03
   1.2014550e+06   3.9978027e+01
   1.2014670e+06   4.8217773e+01
   1.2014960e+06   6.1157227e+01
   1.2015100e+06   1.3525391e+02
   1.2046220e+06   3.7170410e+01
   1.2514090e+06   2.0085449e+03
   1.2514680e+06   5.6701660e+01
   1.2514990e+06   6.0241699e+01
   1.2515170e+06   7.7575684e+01
   1.2515290e+06   4.4677734e+01
   1.2515530e+06   6.4086914e+01
   1.2515710e+06   8.4533691e+01
   1.2515930e+06   4.4189453e+01
   1.2516330e+06   4.4006348e+01
   1.2516460e+06   4.0771484e+01
   1.2516730e+06   1.0180664e+02
   1.2516910e+06   5.9570313e+01
   1.2517130e+06   3.7414551e+01
   1.2517410e+06   3.9428711e+01
   1.2517710e+06   3.6315918e+01
   1.2518280e+06   4.2602539e+01
   1.2518640e+06   1.3958740e+02
   1.2518750e+06   5.2551270e+01
   1.2518980e+06   5.2246094e+01
   1.2519380e+06   4.5166016e+01
   1.2519630e+06   3.8879395e+01
   1.2520290e+06   3.6193848e+01
   1.2521340e+06   3.6254883e+01
   1.2536200e+06   4.3518066e+01
   1.2536560e+06   3.6682129e+01
   1.2537210e+06   4.1809082e+01
   1.2537410e+06   8.8500977e+01
   1.2537600e+06   3.8085938e+01
   1.2945400e+06   5.4748535e+01
   1.2945540e+06   4.7729492e+01
   1.2945750e+06   7.9895020e+01
   1.2946340e+06   4.4189453e+01
   1.2946710e+06   4.2236328e+01
   1.2947030e+06   1.9256592e+02
   1.2947310e+06   5.0842285e+01
   1.2947710e+06   6.5124512e+01
   1.2947890e+06   1.1407471e+02
   1.2948040e+06   4.1015625e+01
   1.2948250e+06   5.4626465e+01
   1.2948450e+06   4.6752930e+01
   1.2948720e+06   3.9733887e+01
   1.2948900e+06   4.3395996e+01
   1.2949290e+06   4.7668457e+01
   1.2949550e+06   6.4392090e+01
   1.2949810e+06   3.6682129e+01
   1.2950040e+06   8.9477539e+01
   1.2950140e+06   4.5593262e+01
   1.2950310e+06   4.6997070e+01
   1.2950490e+06   3.9489746e+01
   1.2950870e+06   1.0174561e+02
   1.2951040e+06   3.7231445e+01
   1.2951260e+06   3.9367676e+01
   1.2951480e+06   3.7841797e+01
   1.2951760e+06   7.4829102e+01
   1.2952070e+06   3.7414551e+01
   1.2952650e+06   4.2724609e+01
   1.2953130e+06   5.9448242e+01
   1.3014230e+06   2.0078125e+03
   1.3014830e+06   5.2795410e+01
   1.3015490e+06   5.5969238e+01
   1.3164200e+06   4.1870117e+01
   1.3164710e+06   3.6132813e+01
   1.3165410e+06   5.3833008e+01
   1.3165570e+06   6.5063477e+01
   1.3165870e+06   3.9428711e+01
   1.3166250e+06   3.6621094e+01
   1.3166390e+06   8.9111328e+01
   1.3166660e+06   1.3470459e+02
   1.3166890e+06   3.7414551e+01
   1.3167710e+06   6.9580078e+01
   1.3417500e+06   3.8391113e+01
   1.3419190e+06   7.3791504e+01
   1.3421700e+06   3.7902832e+01
   1.3426460e+06   6.9091797e+01
   1.3429950e+06   5.4626465e+01
   1.3514390e+06   3.9999390e+03
   1.3514960e+06   5.8593750e+01
   1.3515130e+06   3.6682129e+01
   1.3515370e+06   1.0009766e+02
   1.3515580e+06   4.8950195e+01
   1.3515690e+06   5.8044434e+01
   1.3515950e+06   3.8146973e+01
   1.3516120e+06   7.4218750e+01
   1.3517410e+06   3.9306641e+01
   1.3716630e+06   4.5288086e+01
   1.3716900e+06   5.7922363e+01
   1.3717490e+06   4.8950195e+01
   1.3717730e+06   7.5561523e+01
   1.3718000e+06   7.2509766e+01
   1.3718950e+06   3.9062500e+01
   1.3719910e+06   7.3608398e+01
   1.3908580e+06   4.3273926e+01
   1.3908770e+06   3.7170410e+01
   1.3909220e+06   4.1259766e+01
   1.3909410e+06   1.7547607e+02
   1.3909970e+06   3.8696289e+01
   1.3910590e+06   3.5705566e+01
   1.3910730e+06   4.1564941e+01
   1.3912680e+06   3.6865234e+01
   1.4014530e+06   2.0049438e+03
   1.4015100e+06   4.4494629e+01
   1.4015510e+06   5.0231934e+01
   1.4015680e+06   8.3435059e+01
   1.4111940e+06   4.9499512e+01
   1.4112330e+06   6.1706543e+01
   1.4112640e+06   1.4520264e+02
   1.4112900e+06   4.0588379e+01
   1.4113300e+06   3.9428711e+01
   1.4113490e+06   3.6926270e+01
   1.4318830e+06   3.6865234e+01
   1.4319400e+06   4.7363281e+01
   1.4319690e+06   3.8024902e+01
   1.4320010e+06   3.6926270e+01
   1.4320240e+06   4.1870117e+01
   1.4320350e+06   3.6621094e+01
   1.4320660e+06   3.5644531e+01
   1.4320920e+06   5.4199219e+01
   1.4321270e+06   3.8879395e+01
   1.4321370e+06   1.3195801e+02
   1.4322440e+06   3.7170410e+01
   1.4322820e+06   3.6376953e+01
   1.4323740e+06   4.0466309e+01
   1.4514650e+06   2.0109863e+03
   1.4515240e+06   4.4494629e+01
   1.4515410e+06   3.9672852e+01
   1.4515730e+06   4.3029785e+01
   1.4515970e+06   8.4106445e+01
   1.4516090e+06   3.5949707e+01
   1.4732570e+06   4.0771484e+01
   1.4732850e+06   8.6425781e+01
   1.4733070e+06   1.5612793e+02
   1.4733250e+06   4.3212891e+01
   1.4733790e+06   4.1870117e+01
   1.4734180e+06   1.3256836e+02
   1.4734430e+06   4.2419434e+01
   1.4735310e+06   3.8635254e+01
   1.4735610e+06   4.4616699e+01
   1.4735730e+06   4.2297363e+01
   1.4735940e+06   3.5888672e+01
   1.4736300e+06   4.0222168e+01
   1.4736870e+06   7.2204590e+01
   1.4737630e+06   3.6682129e+01
   1.4737940e+06   5.6457520e+01
   1.5014790e+06   2.0060425e+03
   1.5015380e+06   6.4514160e+01
   1.5015870e+06   9.8693848e+01
   1.5016010e+06   3.8879395e+01
   1.5016250e+06   3.9978027e+01
   1.5054850e+06   6.5185547e+01
   1.5060720e+06   3.8940430e+01
   1.5067880e+06   3.6682129e+01
   1.5241290e+06   6.3476563e+01
   1.5242540e+06   6.1523438e+01
   1.5243850e+06   5.6396484e+01
   1.5396060e+06   3.5766602e+01
   1.5396260e+06   3.8330078e+01
   1.5396430e+06   1.5423584e+02
   1.5396750e+06   6.9030762e+01
   1.5397030e+06   7.9223633e+01
   1.5397140e+06   4.7119141e+01
   1.5397610e+06   5.8837891e+01
   1.5397980e+06   7.0617676e+01
   1.5398150e+06   3.6865234e+01
   1.5398390e+06   3.8024902e+01
   1.5398520e+06   4.0832520e+01
   1.5398830e+06   5.4809570e+01
   1.5398990e+06   3.7719727e+01
   1.5399240e+06   6.1828613e+01
   1.5400100e+06   3.7048340e+01
   1.5400760e+06   3.6621094e+01
   1.5401090e+06   6.9885254e+01
   1.5401420e+06   5.7434082e+01
   1.5401810e+06   3.6376953e+01
   1.5514930e+06   2.0070801e+03
   1.5515030e+06   3.5827637e+01
   1.5515520e+06   5.0598145e+01
   1.5515900e+06   3.5766602e+01
   1.5516230e+06   1.2609863e+02
   1.5516430e+06   3.7109375e+01
   1.5745590e+06   4.6691895e+01
   1.5970830e+06   6.6711426e+01
   1.5973690e+06   4.6264648e+01
   1.5973860e+06   4.4250488e+01
   1.5974060e+06   8.8317871e+01
   1.5974270e+06   4.3701172e+01
   1.5974630e+06   1.2359619e+02
   1.5974830e+06   3.8391113e+01
   1.5974960e+06   5.6274414e+01
   1.5975150e+06   8.7890625e+01
   1.5975560e+06   4.4433594e+01
   1.5975820e+06   6.4147949e+01
   1.5976000e+06   6.1706543e+01
   1.5976300e+06   7.4096680e+01
   1.5976740e+06   6.6955566e+01
   1.5976860e+06   3.7475586e+01
   1.5976990e+06   4.1809082e+01
   1.5977220e+06   4.3151855e+01
   1.5977570e+06   7.1777344e+01
   1.5977800e+06   4.0527344e+01
   1.5978110e+06   4.7790527e+01
   1.5978430e+06   3.8330078e+01
   1.5978740e+06   1.1865234e+02
   1.5979050e+06   3.8208008e+01
   1.5979240e+06   6.0180664e+01
   1.5980120e+06   3.9794922e+01
   1.6015090e+06   3.9999390e+03
   1.6015670e+06   4.7241211e+01
   1.6035490e+06   3.6254883e+01
   1.6272150e+06   5.8532715e+01
   1.6272730e+06   7.8125000e+01
   1.6272970e+06   1.2164307e+02
   1.6273270e+06   5.0903320e+01
   1.6273670e+06   4.6997070e+01
   1.6273970e+06   1.2780762e+02
   1.6274260e+06   4.6264648e+01
   1.6274360e+06   4.0283203e+01
   1.6274630e+06   4.1870117e+01
   1.6274770e+06   4.1015625e+01
   1.6275050e+06   4.8645020e+01
   1.6275310e+06   4.1870117e+01
   1.6275530e+06   8.8867187e+01
   1.6275770e+06   9.0820313e+01
   1.6276510e+06   6.5673828e+01
   1.6276680e+06   3.7841797e+01
   1.6276780e+06   4.8706055e+01
   1.6276920e+06   5.0048828e+01
   1.6277110e+06   3.9123535e+01
   1.6277480e+06   3.7292480e+01
   1.6277640e+06   1.0742188e+02
   1.6278460e+06   3.9367676e+01
   1.6515210e+06   2.0108643e+03
   1.6515830e+06   4.9621582e+01
   1.6516010e+06   4.3273926e+01
   1.6516280e+06   1.3458252e+02
   1.6516420e+06   6.0302734e+01
   1.6516920e+06   3.6499023e+01
   1.6518710e+06   3.9306641e+01
   1.6667830e+06   3.6804199e+01
   1.6680370e+06   4.2114258e+01
   1.6680950e+06   3.8940430e+01
   1.6681050e+06   8.2275391e+01
   1.6681300e+06   4.2419434e+01
   1.6681490e+06   1.2078857e+02
   1.6681650e+06   3.9245605e+01
   1.6681850e+06   4.4189453e+01
   1.6840840e+06   3.7170410e+01
   1.7015350e+06   2.0100098e+03
   1.7015940e+06   6.5856934e+01
   1.7016080e+06   4.1931152e+01
   1.7016370e+06   1.4984131e+02
   1.7016700e+06   4.0405273e+01
   1.7018990e+06   3.5705566e+01
   1.7260750e+06   4.0649414e+01
   1.7261420e+06   3.8757324e+01
   1.7261590e+06   1.0601807e+02
   1.7262000e+06   5.8532715e+01
   1.7262160e+06   8.9965820e+01
   1.7262380e+06   5.7861328e+01
   1.7262600e+06   4.2114258e+01
   1.7515510e+06   3.9999390e+03
   1.7516080e+06   5.3100586e+01
   1.7516410e+06   3.7597656e+01
   1.7516580e+06   1.8377686e+02
   1.7517130e+06   6.4147949e+01
   1.7823250e+06   3.5766602e+01
   1.7939480e+06   3.5644531e+01
   1.8015630e+06   2.0068359e+03
   1.8016220e+06   5.7556152e+01
   1.8016530e+06   1.3995361e+02
   1.8016710e+06   7.6293945e+01
   1.8016820e+06   5.2246094e+01
   1.8017080e+06   1.1737061e+02
   1.8018310e+06   3.7658691e+01
   1.8503930e+06   4.3273926e+01
   1.8504560e+06   1.2933350e+02
   1.8504690e+06   6.7687988e+01
   1.8505350e+06   4.6081543e+01
   1.8515770e+06   2.0071411e+03
   1.8516360e+06   5.5541992e+01
   1.8516690e+06   1.2426758e+02
   1.8516900e+06   5.1391602e+01
   1.8687180e+06   6.0791016e+01
   1.8688460e+06   5.8471680e+01
   1.8691900e+06   5.8532715e+01
   1.8693050e+06   6.3049316e+01
   1.8695870e+06   5.9387207e+01
   1.8697190e+06   4.6936035e+01
   1.8743500e+06   4.1748047e+01
   1.8745010e+06   3.6315918e+01
   1.8745140e+06   1.5136719e+02
   1.8876560e+06   4.4677734e+01
   1.8877050e+06   1.1932373e+02
   1.8877470e+06   5.3344727e+01
   1.8877570e+06   5.5175781e+01
   1.8877670e+06   1.0632324e+02
   1.8877900e+06   3.7963867e+01
   1.8878150e+06   3.8024902e+01
   1.8879160e+06   4.2602539e+01
   1.8879360e+06   4.7058105e+01
   1.9015910e+06   2.0104980e+03
   1.9016500e+06   4.4799805e+01
   1.9016600e+06   4.2724609e+01
   1.9016830e+06   3.9306641e+01
   1.9017030e+06   5.5175781e+01
   1.9017220e+06   5.2307129e+01
   1.9017370e+06   4.4677734e+01
   1.9017480e+06   9.7045898e+01
   1.9017710e+06   3.6499023e+01
   1.9252350e+06   3.7170410e+01
   1.9253330e+06   1.3018799e+02
   1.9253600e+06   4.9499512e+01
   1.9253710e+06   4.5959473e+01
   1.9254060e+06   1.1669922e+02
   1.9254340e+06   4.4067383e+01
   1.9255000e+06   8.0810547e+01
   1.9255230e+06   5.3039551e+01
   1.9255330e+06   5.8654785e+01
   1.9255570e+06   5.6762695e+01
   1.9255770e+06   8.3923340e+01
   1.9256080e+06   3.6193848e+01
   1.9256290e+06   4.3640137e+01
   1.9256800e+06   7.9589844e+01
   1.9257020e+06   1.0949707e+02
   1.9257270e+06   3.8818359e+01
   1.9257400e+06   3.6987305e+01
   1.9257580e+06   4.5227051e+01
   1.9257910e+06   6.0363770e+01
   1.9258150e+06   4.5776367e+01
   1.9258290e+06   1.0260010e+02
   1.9258510e+06   6.2316895e+01
   1.9258730e+06   6.0180664e+01
   1.9258890e+06   3.8452148e+01
   1.9259160e+06   3.6193848e+01
   1.9259290e+06   5.8471680e+01
   1.9259500e+06   7.4218750e+01
   1.9259710e+06   5.7495117e+01
   1.9259920e+06   4.4128418e+01
   1.9260090e+06   5.2062988e+01
   1.9260230e+06   3.9916992e+01
   1.9260440e+06   5.5786133e+01
   1.9260560e+06   6.5002441e+01
   1.9260820e+06   3.7353516e+01
   1.9261000e+06   5.6945801e+01
   1.9261350e+06   4.7546387e+01
   1.9261640e+06   7.1166992e+01
   1.9261750e+06   4.6325684e+01
   1.9262110e+06   4.7790527e+01
   1.9262240e+06   5.0415039e+01
   1.9262460e+06   4.1687012e+01
   1.9262760e+06   5.9753418e+01
   1.9263180e+06   4.7607422e+01
   1.9263470e+06   5.2185059e+01
   1.9263790e+06   4.4006348e+01
   1.9264270e+06   4.6936035e+01
   1.9264820e+06   5.6152344e+01
   1.9265340e+06   3.8879395e+01
   1.9265450e+06   4.6264648e+01
   1.9266330e+06   4.1503906e+01
   1.9266440e+06   3.8879395e+01
   1.9267220e+06   3.9428711e+01
   1.9267650e+06   5.9082031e+01
   1.9268320e+06   3.8635254e+01
   1.9271060e+06   3.6743164e+01
   1.9335900e+06   3.6865234e+01
   1.9338240e+06   3.8513184e+01
   1.9339930e+06   3.6315918e+01
   1.9343080e+06   3.8085938e+01
   1.9383410e+06   3.6132813e+01
   1.9516050e+06   2.0088501e+03
   1.9516650e+06   4.1809082e+01
   1.9516900e+06   3.7353516e+01
   1.9517070e+06   5.0231934e+01
   1.9517240e+06   1.2280273e+02
   1.9517480e+06   3.7475586e+01
   1.9542260e+06   3.6315918e+01
   1.9965860e+06   5.7434082e+01
   1.9967030e+06   5.9875488e+01
   1.9972700e+06   6.3659668e+01
   1.9976510e+06   6.0363770e+01
   1.9978620e+06   5.6701660e+01
   2.0016190e+06   2.0075684e+03
   2.0016780e+06   4.5471191e+01
   2.0017020e+06   1.3500977e+02
   2.0017250e+06   7.3181152e+01
   2.0017430e+06   9.0881348e+01
   2.0017590e+06   1.1151123e+02
   2.0017750e+06   4.2236328e+01
   2.0018560e+06   3.9855957e+01
   2.0019030e+06   3.8940430e+01
   2.0409860e+06   4.3884277e+01
   2.0415490e+06   3.5644531e+01
   2.0418800e+06   5.7189941e+01
   2.0420900e+06   5.1818848e+01
   2.0422480e+06   5.7434082e+01
   2.0426300e+06   6.6528320e+01
   2.0516350e+06   3.9999390e+03
   2.0516920e+06   5.7678223e+01
   2.0517220e+06   1.4123535e+02
   2.0517340e+06   7.8979492e+01
   2.0517730e+06   9.0820313e+01
   2.0518010e+06   4.2358398e+01
   2.0519070e+06   4.4616699e+01
   2.0519220e+06   4.8828125e+01
   2.0519770e+06   3.5766602e+01
   2.0521580e+06   4.6508789e+01
   2.0522130e+06   1.1370850e+02
   2.0522380e+06   3.6132813e+01
   2.0522680e+06   3.8024902e+01
   2.0522880e+06   9.5458984e+01
   2.0523050e+06   3.6010742e+01
   2.0524600e+06   3.8879395e+01
   2.0525880e+06   3.8024902e+01
   2.0822970e+06   3.6193848e+01
   2.0845870e+06   4.3518066e+01
   2.0846600e+06   4.2724609e+01
   2.0847130e+06   5.5541992e+01
   2.0847450e+06   4.5288086e+01
   2.0847670e+06   1.1431885e+02
   2.0847960e+06   3.7109375e+01
   2.0980920e+06   1.2469482e+02
   2.0981050e+06   3.6926270e+01
   2.0981240e+06   3.7719727e+01
   2.0981840e+06   1.1291504e+02
   2.1016470e+06   2.0089111e+03
   2.1017060e+06   5.3527832e+01
   2.1017240e+06   3.9123535e+01
   2.1017440e+06   1.0992432e+02
   2.1017630e+06   6.5551758e+01
   2.1017830e+06   5.0964355e+01
   2.1018400e+06   4.4677734e+01
   2.1410130e+06   3.9978027e+01
   2.1410800e+06   3.9855957e+01
   2.1410950e+06   1.1608887e+02
   2.1411120e+06   3.7109375e+01
   2.1411410e+06   7.7514648e+01
   2.1411670e+06   3.7902832e+01
   2.1412130e+06   3.9306641e+01
   2.1412230e+06   1.2957764e+02
   2.1412440e+06   3.7658691e+01
   2.1412850e+06   5.4931641e+01
   2.1413200e+06   6.8664551e+01
   2.1413460e+06   3.8513184e+01
   2.1413610e+06   4.3395996e+01
   2.1414380e+06   1.0760498e+02
   2.1414500e+06   4.8339844e+01
   2.1414600e+06   7.6965332e+01
   2.1415120e+06   3.8452148e+01
   2.1415640e+06   4.6264648e+01
   2.1416030e+06   4.6630859e+01
   2.1416340e+06   1.1145020e+02
   2.1416570e+06   3.6560059e+01
   2.1416850e+06   3.9550781e+01
   2.1417010e+06   3.8391113e+01
   2.1417220e+06   3.9184570e+01
   2.1419340e+06   3.9306641e+01
   2.1516630e+06   3.9999390e+03
   2.1516960e+06   4.2358398e+01
   2.1517200e+06   5.2307129e+01
   2.1517450e+06   3.6437988e+01
   2.1517670e+06   1.2799072e+02
   2.1517820e+06   4.0771484e+01
   2.1518070e+06   4.1259766e+01
   2.2016750e+06   2.0114136e+03
   2.2017340e+06   1.7797852e+02
   2.2017650e+06   5.6823730e+01
   2.2017760e+06   1.4581299e+02
   2.2018010e+06   4.0710449e+01
   2.2018130e+06   3.9855957e+01
   2.2018520e+06   1.2475586e+02
   2.2018720e+06   4.3334961e+01
   2.2019020e+06   5.9875488e+01
   2.2019120e+06   4.8461914e+01
   2.2019460e+06   9.0698242e+01
   2.2019710e+06   3.6804199e+01
   2.2020110e+06   4.8461914e+01
   2.2020240e+06   9.4848633e+01
   2.2020470e+06   6.0668945e+01
   2.2020800e+06   6.4025879e+01
   2.2021010e+06   3.7475586e+01
   2.2021120e+06   7.7514648e+01
   2.2021410e+06   7.8918457e+01
   2.2021660e+06   4.9316406e+01
   2.2021960e+06   6.2500000e+01
   2.2022080e+06   4.7241211e+01
   2.2022400e+06   4.2297363e+01
   2.2022530e+06   5.9509277e+01
   2.2022670e+06   4.0771484e+01
   2.2022890e+06   4.5349121e+01
   2.2023150e+06   4.4921875e+01
   2.2023330e+06   4.3579102e+01
   2.2023750e+06   4.9011230e+01
   2.2023930e+06   3.6682129e+01
   2.2024280e+06   3.8940430e+01
   2.2024410e+06   5.6152344e+01
   2.2024940e+06   3.9489746e+01
   2.2025290e+06   4.0405273e+01
   2.2025500e+06   6.0485840e+01
   2.2025980e+06   4.4433594e+01
   2.2026280e+06   4.9560547e+01
   2.2026460e+06   5.4565430e+01
   2.2027030e+06   4.2785645e+01
   2.2027140e+06   3.9184570e+01
   2.2027470e+06   4.0832520e+01
   2.2027690e+06   4.0954590e+01
   2.2028230e+06   6.6345215e+01
   2.2028950e+06   5.2001953e+01
   2.2029160e+06   3.7780762e+01
   2.2029460e+06   3.9794922e+01
   2.2029640e+06   3.6926270e+01
   2.2030180e+06   4.5593262e+01
   2.2030480e+06   4.4128418e+01
   2.2031280e+06   5.4626465e+01
   2.2031410e+06   3.7719727e+01
   2.2031710e+06   3.7414551e+01
   2.2032440e+06   4.5898438e+01
   2.2032570e+06   3.8208008e+01
   2.2032840e+06   4.5593262e+01
   2.2033670e+06   4.0588379e+01
   2.2033900e+06   4.2541504e+01
   2.2034210e+06   4.4616699e+01
   2.2035270e+06   6.8481445e+01
   2.2085590e+06   3.6865234e+01
   2.2100560e+06   3.6682129e+01
   2.2116100e+06   3.6437988e+01
   2.2516890e+06   2.0067139e+03
   2.2517490e+06   5.7617188e+01
   2.2526790e+06   5.6091309e+01
   2.2531760e+06   3.5949707e+01
   2.2587280e+06   5.2612305e+01
   2.2591130e+06   6.1218262e+01
   2.2595020e+06   5.7739258e+01
   2.2597050e+06   3.8818359e+01
   2.2693310e+06   3.8146973e+01
   2.2712380e+06   3.6315918e+01
   2.2787110e+06   3.6010742e+01
   2.2814750e+06   3.9062500e+01
   2.2816980e+06   5.7678223e+01
   2.2821400e+06   5.8288574e+01
   2.2823330e+06   5.6823730e+01
   2.2860180e+06   3.8452148e+01
   2.2860660e+06   3.8635254e+01
   2.2861680e+06   5.1879883e+01
   2.2862660e+06   3.6376953e+01
   2.2863070e+06   4.2419434e+01
   2.2864230e+06   6.2683105e+01
   2.2865900e+06   4.8522949e+01
   2.2871930e+06   7.0434570e+01
   2.2987530e+06   6.8298340e+01
   2.2992530e+06   6.4636230e+01
   2.3017050e+06   3.9999390e+03
   2.3017620e+06   5.6762695e+01
   2.3018120e+06   4.1015625e+01
   2.3018330e+06   3.6865234e+01
   2.3018460e+06   4.3640137e+01
   2.3018660e+06   5.4748535e+01
   2.3018830e+06   5.4748535e+01
   2.3019070e+06   4.2114258e+01
   2.3020450e+06   5.9570313e+01
   2.3024270e+06   1.1791992e+02
   2.3024570e+06   3.8146973e+01
   2.3024790e+06   4.6936035e+01
   2.3024960e+06   4.2785645e+01
   2.3025300e+06   3.7353516e+01
   2.3025470e+06   3.5827637e+01
   2.3155790e+06   5.5541992e+01
   2.3157770e+06   5.5419922e+01
   2.3158830e+06   4.3090820e+01
   2.3159100e+06   4.3212891e+01
   2.3277270e+06   5.2795410e+01
   2.3281810e+06   1.3366699e+02
   2.3285020e+06   7.0861816e+01
   2.3285350e+06   3.8208008e+01
   2.3285750e+06   1.3000488e+02
   2.3286210e+06   3.7719727e+01
   2.3301370e+06   3.8269043e+01
   2.3303010e+06   4.8400879e+01
   2.3303620e+06   4.8461914e+01
   2.3304400e+06   4.3457031e+01
   2.3304740e+06   4.6813965e+01
   2.3304940e+06   4.1076660e+01
   2.3305480e+06   6.7504883e+01
   2.3306020e+06   3.8269043e+01
   2.3306680e+06   3.7658691e+01
   2.3306800e+06   3.8452148e+01
   2.3307260e+06   5.9997559e+01
   2.3462540e+06   3.8330078e+01
   2.3463210e+06   1.4617920e+02
   2.3463430e+06   9.2956543e+01
   2.3463660e+06   4.6630859e+01
   2.3464040e+06   1.1022949e+02
   2.3464670e+06   3.8452148e+01
   2.3465030e+06   4.1442871e+01
   2.3465460e+06   4.7973633e+01
   2.3465720e+06   3.5766602e+01
   2.3466050e+06   1.0504150e+02
   2.3466510e+06   5.3527832e+01
   2.3467400e+06   3.5827637e+01
   2.3467550e+06   5.2001953e+01
   2.3517190e+06   3.9999390e+03
   2.3517770e+06   4.8034668e+01
   2.3518640e+06   4.0710449e+01
   2.3663190e+06   5.8715820e+01
   2.3669460e+06   4.2968750e+01
   2.3669860e+06   5.2307129e+01
   2.3670890e+06   9.0942383e+01
   2.3783010e+06   4.1015625e+01
   2.3783520e+06   6.0485840e+01
   2.3784440e+06   3.6376953e+01
   2.3785830e+06   1.2463379e+02
   2.3785980e+06   6.1218262e+01
   2.3786910e+06   3.8879395e+01
   2.3787230e+06   3.8330078e+01
   2.3788300e+06   3.8024902e+01
   2.3788800e+06   4.0649414e+01
   2.3789920e+06   9.7900391e+01
   2.3790080e+06   5.1086426e+01
   2.3790250e+06   3.7658691e+01
   2.3790740e+06   3.7658691e+01
   2.4017310e+06   2.0081787e+03
   2.4017410e+06   4.1687012e+01
   2.4017650e+06   3.7353516e+01
   2.4017900e+06   4.2907715e+01
   2.4018170e+06   3.5766602e+01
   2.4018440e+06   1.6583252e+02
   2.4018650e+06   4.4128418e+01
   2.4018980e+06   5.4992676e+01
   2.4019220e+06   4.9011230e+01
   2.4032840e+06   4.3029785e+01
   2.4032940e+06   4.5593262e+01
   2.4033280e+06   5.9814453e+01
   2.4033550e+06   4.5104980e+01
   2.4033800e+06   4.7668457e+01
   2.4033970e+06   4.5227051e+01
   2.4034420e+06   3.6010742e+01
   2.4035130e+06   3.8269043e+01
   2.4035750e+06   5.1086426e+01
   2.4264730e+06   4.6752930e+01
   2.4264940e+06   1.1535645e+02
   2.4265090e+06   7.4157715e+01
   2.4265560e+06   5.4931641e+01
   2.4265890e+06   3.8024902e+01
   2.4517470e+06   3.9999390e+03
   2.4518040e+06   5.0476074e+01
   2.4518370e+06   3.7414551e+01
   2.4518480e+06   1.6925049e+02
   2.4518770e+06   4.3945313e+01
   2.4519170e+06   5.2062988e+01
   2.4519380e+06   1.1834717e+02
   2.4537020e+06   3.8879395e+01
   2.4537380e+06   3.6865234e+01
   2.4537570e+06   5.0842285e+01
   2.4537770e+06   3.5949707e+01
   2.4538050e+06   4.6875000e+01
   2.4538590e+06   3.6010742e+01
   2.4538740e+06   6.3232422e+01
   2.4539030e+06   7.4645996e+01
   2.4539370e+06   1.3507080e+02
   2.4540140e+06   4.7546387e+01
   2.4540860e+06   3.9306641e+01
   2.4541250e+06   3.6499023e+01
   2.4541550e+06   4.7180176e+01
   2.5262490e+06   4.0710449e+01
   2.5263250e+06   6.5429688e+01
   2.5265150e+06   4.6569824e+01
   2.5266710e+06   5.7373047e+01
   2.5266940e+06   3.6071777e+01
   2.5268710e+06   6.5368652e+01
   2.5268870e+06   4.2541504e+01
   2.5269080e+06   3.8940430e+01
   2.5269380e+06   1.1669922e+02
   2.5269540e+06   8.6608887e+01
   2.5270160e+06   9.2346191e+01
   2.5270270e+06   3.7475586e+01
   2.5270510e+06   4.4860840e+01
   2.5270750e+06   3.8330078e+01
   2.5270970e+06   4.2114258e+01
   2.5271170e+06   4.2968750e+01
   2.5271380e+06   1.0168457e+02
   2.5271670e+06   3.9733887e+01
   2.5272360e+06   5.8898926e+01
   2.5272600e+06   5.1818848e+01
   2.5273090e+06   3.6132813e+01
   2.5273270e+06   3.6437988e+01
   2.5273980e+06   6.1706543e+01
   2.5965180e+06   7.2753906e+01
   2.5966020e+06   3.7475586e+01
   2.5966280e+06   1.3031006e+02
   2.5966490e+06   4.0710449e+01
   2.5966780e+06   3.9428711e+01
   2.5967010e+06   1.0980225e+02
   2.5967480e+06   3.6499023e+01
   2.5967660e+06   3.6682129e+01
   2.5967970e+06   4.3762207e+01
   2.5968150e+06   5.3955078e+01
   2.5968320e+06   3.8513184e+01
   2.5968430e+06   4.1748047e+01
   2.5968690e+06   7.4645996e+01
   2.5968830e+06   1.1840820e+02
   2.5968940e+06   4.0771484e+01
   2.5969200e+06   3.7353516e+01
   2.5969790e+06   7.3730469e+01
   2.5970080e+06   5.5786133e+01
   2.5970250e+06   5.4138184e+01
   2.5970380e+06   3.7414551e+01
   2.5971040e+06   1.1328125e+02
   2.5971300e+06   5.4931641e+01
   2.5971490e+06   4.6081543e+01
   2.5971640e+06   3.8146973e+01
   2.5971770e+06   5.0048828e+01
   2.5971990e+06   4.7241211e+01
   2.5972420e+06   8.8928223e+01
   2.5972650e+06   3.7536621e+01
   2.5972790e+06   3.7719727e+01
   2.5973750e+06   3.7780762e+01
   2.6256120e+06   3.5705566e+01
   2.6277250e+06   4.0161133e+01
   2.6282600e+06   4.3762207e+01
   2.6282770e+06   4.9133301e+01
   2.6283280e+06   4.8950195e+01
   2.6283420e+06   1.5356445e+02
   2.6284010e+06   5.7312012e+01
   2.6284110e+06   6.1462402e+01
   2.6284350e+06   4.7241211e+01
   2.6284790e+06   7.8369141e+01
   2.6285110e+06   7.7941895e+01
   2.6285340e+06   1.0357666e+02
   2.6285490e+06   6.5307617e+01
   2.6285700e+06   4.4372559e+01
   2.6286100e+06   6.9152832e+01
   2.6286350e+06   5.5541992e+01
   2.6286450e+06   3.6804199e+01
   2.6286760e+06   4.7119141e+01
   2.6287000e+06   7.5195313e+01
   2.6287240e+06   7.1350098e+01
   2.6287530e+06   4.9499512e+01
   2.6287770e+06   5.9448242e+01
   2.6288060e+06   6.7565918e+01
   2.6288250e+06   6.1523438e+01
   2.6288350e+06   5.0415039e+01
   2.6289080e+06   4.5349121e+01
   2.6289450e+06   5.5480957e+01
   2.6289560e+06   4.9743652e+01
   2.6289800e+06   3.9184570e+01
   2.6290150e+06   4.3457031e+01
   2.6290330e+06   3.5705566e+01
   2.6290610e+06   4.4311523e+01
   2.6291200e+06   5.3039551e+01
   2.6291320e+06   4.6936035e+01
   2.6292590e+06   4.2541504e+01
   2.6292690e+06   4.5043945e+01
   2.6293220e+06   4.1076660e+01
   2.6293660e+06   4.9438477e+01
   2.6293870e+06   5.1269531e+01
   2.6294170e+06   3.8391113e+01
   2.6294720e+06   4.4616699e+01
   2.6294890e+06   5.0048828e+01
   2.6295060e+06   4.5166016e+01
   2.6295860e+06   4.3884277e+01
   2.6296280e+06   3.7658691e+01
   2.6296900e+06   4.8339844e+01
   2.6297080e+06   4.4006348e+01
   2.6297200e+06   4.4860840e+01
   2.6298010e+06   6.2133789e+01
   2.6298900e+06   3.5827637e+01
   2.6299240e+06   4.9743652e+01
   2.6300490e+06   8.2885742e+01
   2.6302100e+06   6.9641113e+01
   2.6305510e+06   3.9245605e+01
   2.6308220e+06   3.7414551e+01
   2.6350780e+06   3.9367676e+01
   2.6668470e+06   3.8940430e+01
   2.6669770e+06   4.2663574e+01
   2.6674430e+06   4.7790527e+01
   2.6899950e+06   4.2236328e+01
   2.6906320e+06   6.3598633e+01
   2.6909190e+06   5.6823730e+01
   2.6952620e+06   3.6132813e+01
   2.7010600e+06   3.6499023e+01
   2.7011890e+06   3.6621094e+01
   2.7013320e+06   3.9489746e+01
   2.7013780e+06   6.8603516e+01
   2.7015320e+06   3.6437988e+01
   2.7015500e+06   4.0893555e+01
   2.7015830e+06   7.1533203e+01
   2.7017750e+06   5.8349609e+01
   2.7017860e+06   3.9123535e+01
   2.7018660e+06   3.7780762e+01
   2.7019750e+06   5.4260254e+01
   2.7038880e+06   3.9794922e+01
   2.7171480e+06   4.0649414e+01
   2.7173130e+06   6.9213867e+01
   2.7177850e+06   6.4086914e+01
   2.7178930e+06   3.5888672e+01
   2.7185850e+06   3.8635254e+01
   2.7298220e+06   5.8959961e+01
   2.7301740e+06   5.4321289e+01
   2.7304010e+06   5.5053711e+01
   2.7307530e+06   5.1452637e+01
   2.7320960e+06   4.0771484e+01
   2.7344220e+06   3.5827637e+01
   2.7423560e+06   1.2921143e+02
   2.7429540e+06   3.9794922e+01
   2.7430430e+06   6.2377930e+01
   2.7434080e+06   5.9814453e+01
   2.7568700e+06   3.5827637e+01
   2.7846760e+06   3.6804199e+01
   2.7970060e+06   3.7048340e+01
   2.7970290e+06   1.0791016e+02
   2.7970520e+06   9.0148926e+01
   2.7970760e+06   6.0424805e+01
   2.7971070e+06   5.6945801e+01
   2.7971340e+06   5.9143066e+01
   2.7971520e+06   4.1198730e+01
   2.7971740e+06   3.8879395e+01
   2.7971870e+06   1.0522461e+02
   2.7972100e+06   4.4921875e+01
   2.7972280e+06   5.2001953e+01
   2.7972440e+06   3.7170410e+01
   2.7972670e+06   3.9794922e+01
   2.7972970e+06   5.8227539e+01
   2.7973100e+06   5.9204102e+01
   2.7973410e+06   7.0739746e+01
   2.7973560e+06   5.7495117e+01
   2.7974100e+06   4.0466309e+01
   2.7974290e+06   6.2622070e+01
   2.7974440e+06   6.1340332e+01
   2.7974540e+06   4.4616699e+01
   2.7974910e+06   3.7353516e+01
   2.7975010e+06   3.5766602e+01
   2.7975270e+06   6.1828613e+01
   2.7975390e+06   3.8269043e+01
   2.7975670e+06   3.8757324e+01
   2.7975880e+06   3.5766602e+01
   2.7976420e+06   3.8208008e+01
   2.7976600e+06   9.6862793e+01
   2.7976780e+06   5.2307129e+01
   2.7977170e+06   5.4443359e+01
   2.7977360e+06   3.7231445e+01
   2.7977790e+06   3.6315918e+01
   2.7978420e+06   4.2358398e+01
   2.7980890e+06   3.6499023e+01
   2.8246230e+06   3.6926270e+01
   2.8764380e+06   5.6579590e+01
   2.9275620e+06   4.2419434e+01
   2.9280720e+06   5.1269531e+01
   2.9280830e+06   1.4422607e+02
   2.9281040e+06   6.7382813e+01
   2.9281170e+06   4.0771484e+01
   2.9281500e+06   1.0955811e+02
   2.9281640e+06   5.2001953e+01
   2.9281900e+06   8.4777832e+01
