   2.9990000e+06   0.0000000e+00
   1.0590000e+03   2.0086670e+03
   1.0700000e+03   7.0129395e+01
   1.0920000e+03   6.9274902e+01
   1.1170000e+03   4.1748047e+01
   1.1370000e+03   4.3334961e+01
   1.2000000e+03   3.6743164e+01
   1.3450000e+03   3.6437988e+01
   1.3920000e+03   3.4179688e+01
   1.5070000e+03   3.5339355e+01
   1.5750000e+03   3.9245605e+01
   1.6560000e+03   1.1798096e+02
   1.7540000e+03   1.0369873e+02
   3.3639000e+04   3.5766602e+01
   5.1073000e+04   2.0115967e+03
   5.1094000e+04   4.7729492e+01
   5.1106000e+04   6.2500000e+01
   5.1132000e+04   4.1503906e+01
   5.1144000e+04   4.6752930e+01
   5.1175000e+04   1.1108398e+02
   5.1278000e+04   3.3813477e+01
   5.1302000e+04   4.2114258e+01
   5.1554000e+04   3.4057617e+01
   5.1662000e+04   3.9916992e+01
   5.1710000e+04   3.9916992e+01
   9.3924000e+04   3.6315918e+01
   9.8587000e+04   3.3691406e+01
   9.8736000e+04   3.7597656e+01
   9.8813000e+04   4.3395996e+01
   9.8902000e+04   3.6926270e+01
   1.0108900e+05   3.9999390e+03
   1.0110800e+05   3.6437988e+01
   1.0112100e+05   6.6345215e+01
   1.0115000e+05   3.8513184e+01
   1.0116500e+05   3.6743164e+01
   1.0129200e+05   4.0771484e+01
   1.3410700e+05   3.3630371e+01
   1.4109700e+05   3.3752441e+01
   1.4336500e+05   3.9245605e+01
   1.5110300e+05   2.0058594e+03
   1.5113400e+05   7.0922852e+01
   1.5115400e+05   4.0100098e+01
   1.5120800e+05   3.4179688e+01
   1.5130300e+05   3.4667969e+01
   1.5175400e+05   3.3569336e+01
   1.9282600e+05   3.4667969e+01
   1.9285300e+05   4.8156738e+01
   1.9301400e+05   3.4484863e+01
   1.9310300e+05   3.5888672e+01
   1.9312800e+05   1.0638428e+02
   1.9319900e+05   4.2053223e+01
   1.9329400e+05   9.4848633e+01
   1.9332000e+05   4.2785645e+01
   1.9337200e+05   3.3874512e+01
   1.9339800e+05   3.4790039e+01
   1.9342200e+05   3.7048340e+01
   1.9345400e+05   5.9997559e+01
   1.9347800e+05   3.3691406e+01
   1.9355100e+05   3.6254883e+01
   1.9359500e+05   7.8125000e+01
   1.9362400e+05   3.5278320e+01
   2.0111500e+05   2.0098267e+03
   2.0113000e+05   4.6752930e+01
   2.0114800e+05   6.7626953e+01
   2.0118700e+05   3.3935547e+01
   2.4095800e+05   3.4301758e+01
   2.5112900e+05   2.0079346e+03
   2.5114100e+05   6.0119629e+01
   2.5116200e+05   6.3781738e+01
   2.5118500e+05   4.3212891e+01
   2.5121500e+05   4.4006348e+01
   2.5123500e+05   3.5644531e+01
   2.5125300e+05   3.5461426e+01
   2.5128000e+05   3.5705566e+01
   2.5129700e+05   4.2053223e+01
   2.5134300e+05   3.7292480e+01
   2.5140800e+05   3.9123535e+01
   2.5144200e+05   4.0527344e+01
   2.5147300e+05   3.6804199e+01
   2.5155000e+05   9.4177246e+01
   2.5156400e+05   3.6865234e+01
   2.5161600e+05   4.0405273e+01
   2.5166100e+05   3.6071777e+01
   2.5169600e+05   6.3903809e+01
   2.5177300e+05   8.2458496e+01
   2.5179500e+05   3.5217285e+01
   2.5181600e+05   3.4484863e+01
   2.5192000e+05   6.5002441e+01
   2.5293000e+05   3.9611816e+01
   2.9187300e+05   3.5644531e+01
   2.9223800e+05   3.3935547e+01
   2.9225900e+05   3.4423828e+01
   2.9230700e+05   3.4545898e+01
   2.9238300e+05   4.1931152e+01
   2.9249900e+05   4.6081543e+01
   2.9259000e+05   9.6679688e+01
   2.9297800e+05   4.1992188e+01
   3.0114500e+05   3.9999390e+03
   3.0115600e+05   5.1269531e+01
   3.0117700e+05   4.8889160e+01
   3.0121700e+05   4.1564941e+01
   3.0125800e+05   3.7536621e+01
   3.0157200e+05   3.4912109e+01
   3.2600800e+05   3.6193848e+01
   3.5115900e+05   3.9999390e+03
   3.5119000e+05   4.1137695e+01
   3.5121200e+05   4.3640137e+01
   3.5124400e+05   4.4616699e+01
   3.5129200e+05   4.0771484e+01
   3.5131700e+05   5.1513672e+01
   3.5135500e+05   3.6499023e+01
   3.5136700e+05   1.0565186e+02
   3.5142900e+05   3.6437988e+01
   3.5146200e+05   4.5532227e+01
   3.5150300e+05   8.8806152e+01
   3.5154300e+05   3.9672852e+01
   3.5156600e+05   4.3029785e+01
   3.5161300e+05   7.7941895e+01
   3.5164500e+05   4.2480469e+01
   3.5167200e+05   4.0649414e+01
   3.5169800e+05   8.8500977e+01
   3.5173200e+05   3.4606934e+01
   3.5175200e+05   3.9062500e+01
   3.5179500e+05   5.8959961e+01
   3.5185500e+05   3.6254883e+01
   3.5187500e+05   5.0476074e+01
   3.5188800e+05   4.1992188e+01
   3.5197200e+05   4.1259766e+01
   3.5198700e+05   4.1076660e+01
   3.5210200e+05   3.6499023e+01
   3.5214200e+05   4.1015625e+01
   3.5215400e+05   6.3110352e+01
   3.5225900e+05   3.6621094e+01
   3.5235600e+05   5.8776855e+01
   3.5253400e+05   7.5927734e+01
   3.5271900e+05   3.8024902e+01
   4.0117300e+05   3.9999390e+03
   4.0118300e+05   6.5551758e+01
   4.0120800e+05   4.8461914e+01
   4.0124100e+05   4.2602539e+01
   4.0126900e+05   1.1572266e+02
   4.0130500e+05   3.4301758e+01
   4.0131900e+05   3.7658691e+01
   4.0136200e+05   3.9794922e+01
   4.0140800e+05   3.5400391e+01
   4.0145500e+05   3.4912109e+01
   4.0156900e+05   3.5034180e+01
   4.0175900e+05   3.5400391e+01
   4.0191500e+05   3.7414551e+01
   4.0193900e+05   3.4118652e+01
   4.0262300e+05   3.3752441e+01
   4.3879000e+05   3.4118652e+01
   4.3886600e+05   4.0283203e+01
   4.3891200e+05   4.4494629e+01
   4.3894100e+05   4.3518066e+01
   4.4174600e+05   4.1809082e+01
   4.4181200e+05   3.4240723e+01
   4.4184300e+05   3.6376953e+01
   4.4185700e+05   3.4118652e+01
   4.4203600e+05   3.5217285e+01
   4.4206400e+05   8.5571289e+01
   4.5118500e+05   2.0062256e+03
   4.5121900e+05   4.7851563e+01
   4.5124400e+05   3.4484863e+01
   4.5133900e+05   3.3752441e+01
   4.5145600e+05   4.5227051e+01
   4.6706500e+05   3.4484863e+01
   4.8822700e+05   3.7414551e+01
   4.8883500e+05   4.2724609e+01
   4.8900000e+05   3.6315918e+01
   4.8902700e+05   3.6804199e+01
   4.8907500e+05   3.4057617e+01
   4.8911100e+05   3.3935547e+01
   4.8913300e+05   1.0748291e+02
   4.8916800e+05   3.4606934e+01
   4.8923200e+05   3.4851074e+01
   4.8927500e+05   3.4057617e+01
   4.8928700e+05   3.6804199e+01
   4.8930800e+05   7.9040527e+01
   4.8934300e+05   4.4982910e+01
   4.8942700e+05   1.0516357e+02
   4.8947000e+05   3.7048340e+01
   4.8953300e+05   3.5278320e+01
   4.9014500e+05   3.4057617e+01
   5.0120100e+05   3.9999390e+03
   5.0121100e+05   5.5541992e+01
   5.0123300e+05   6.5002441e+01
   5.0126900e+05   4.2480469e+01
   5.1080200e+05   3.4118652e+01
   5.4195900e+05   4.5166016e+01
   5.4199500e+05   1.1737061e+02
   5.4201000e+05   3.8391113e+01
   5.4205800e+05   3.8818359e+01
   5.4212600e+05   3.4790039e+01
   5.4214400e+05   4.3212891e+01
   5.4216800e+05   3.4118652e+01
   5.4218500e+05   3.4301758e+01
   5.4221600e+05   3.6437988e+01
   5.4223800e+05   1.1767578e+02
   5.4228600e+05   3.7658691e+01
   5.4235100e+05   8.2519531e+01
   5.4237200e+05   3.8452148e+01
   5.4243400e+05   6.5002441e+01
   5.4246300e+05   4.7485352e+01
   5.4248400e+05   3.5888672e+01
   5.4254300e+05   6.0913086e+01
   5.4256800e+05   3.6682129e+01
   5.4263700e+05   4.5593262e+01
   5.4270100e+05   3.9428711e+01
   5.4280300e+05   4.4677734e+01
   5.4290800e+05   5.7067871e+01
   5.4293800e+05   4.9804688e+01
   5.4296600e+05   4.1137695e+01
   5.4301200e+05   5.1696777e+01
   5.4307000e+05   3.8146973e+01
   5.4313200e+05   4.2114258e+01
   5.4329400e+05   3.7170410e+01
   5.4331900e+05   5.4687500e+01
   5.4341000e+05   3.6010742e+01
   5.4349200e+05   3.5949707e+01
   5.4365300e+05   3.3630371e+01
   5.4391400e+05   3.5705566e+01
   5.5121300e+05   2.0115356e+03
   5.5122500e+05   5.4260254e+01
   5.5125100e+05   6.1523438e+01
   5.5127600e+05   3.9550781e+01
   5.5136900e+05   3.8391113e+01
   5.6038000e+05   3.4362793e+01
   5.9310100e+05   3.6254883e+01
   6.0022700e+05   3.4423828e+01
   6.0122700e+05   2.0071411e+03
   6.0123900e+05   6.3171387e+01
   6.0126100e+05   7.5561523e+01
   6.0129900e+05   3.5766602e+01
   6.0134200e+05   3.6621094e+01
   6.0137600e+05   1.1395264e+02
   6.0140500e+05   3.7170410e+01
   6.0143000e+05   3.7231445e+01
   6.0146000e+05   4.0893555e+01
   6.0149200e+05   7.9895020e+01
   6.0156900e+05   7.3242188e+01
   6.0163800e+05   3.6437988e+01
   6.0171300e+05   6.9213867e+01
   6.0173900e+05   3.9550781e+01
   6.0188100e+05   6.7199707e+01
   6.0191300e+05   3.6132813e+01
   6.0210800e+05   4.0893555e+01
   6.0215900e+05   7.9772949e+01
   6.2903200e+05   3.7780762e+01
   6.2963600e+05   3.5949707e+01
   6.3646100e+05   3.4423828e+01
   6.5009700e+05   3.6743164e+01
   6.5124300e+05   3.9999390e+03
   6.5125300e+05   5.4382324e+01
   6.5127500e+05   4.6997070e+01
   6.5129500e+05   3.6682129e+01
   6.5134100e+05   1.0034180e+02
   6.5139300e+05   3.3996582e+01
   6.5140600e+05   3.4118652e+01
   6.5143400e+05   3.3691406e+01
   6.5146800e+05   4.2663574e+01
   6.5148700e+05   3.9367676e+01
   6.5156100e+05   3.9245605e+01
   6.5158000e+05   3.5339355e+01
   6.5161700e+05   3.5461426e+01
   6.5168400e+05   3.3874512e+01
   6.5169900e+05   9.8266602e+01
   6.5177500e+05   4.0771484e+01
   6.5179800e+05   3.5583496e+01
   6.5183200e+05   8.3435059e+01
   6.5184800e+05   3.4606934e+01
   6.5189600e+05   3.4301758e+01
   6.5223900e+05   3.6437988e+01
   6.5260700e+05   3.6621094e+01
   6.5273900e+05   3.8513184e+01
   6.8210200e+05   3.4606934e+01
   6.8583000e+05   3.3752441e+01
   6.9053700e+05   3.5034180e+01
   7.0125500e+05   2.0107422e+03
   7.0127000e+05   3.5522461e+01
   7.0128900e+05   6.0302734e+01
   7.0133600e+05   1.0589600e+02
   7.0137300e+05   3.5949707e+01
   7.0146800e+05   3.8452148e+01
   7.0154400e+05   4.7973633e+01
   7.0176300e+05   3.3813477e+01
   7.0180700e+05   3.6315918e+01
   7.0301100e+05   3.6132813e+01
   7.3449800e+05   3.5034180e+01
   7.5126900e+05   2.0213013e+03
   7.5128200e+05   5.1635742e+01
   7.5130500e+05   6.5429688e+01
   7.5133000e+05   3.6315918e+01
   7.5142600e+05   3.4118652e+01
   7.5145000e+05   4.3518066e+01
   7.5147700e+05   3.6376953e+01
   7.5258200e+05   4.3701172e+01
   7.5259600e+05   3.3630371e+01
   7.9972800e+05   3.4423828e+01
   8.0128500e+05   3.9999390e+03
   8.0131500e+05   4.3823242e+01
   8.0134200e+05   4.4067383e+01
   8.0136300e+05   4.0405273e+01
   8.0149800e+05   3.5949707e+01
   8.5129700e+05   2.0117798e+03
   8.5130800e+05   5.5297852e+01
   8.5133100e+05   6.2500000e+01
   8.5139400e+05   3.7597656e+01
   8.5144400e+05   3.9794922e+01
   8.5149300e+05   3.4301758e+01
   8.5207300e+05   3.6376953e+01
   8.5217700e+05   3.4729004e+01
   9.0015400e+05   4.1198730e+01
   9.0022400e+05   1.2725830e+02
   9.0025300e+05   3.9916992e+01
   9.0030400e+05   3.3935547e+01
   9.0038500e+05   1.0357666e+02
   9.0042800e+05   3.7658691e+01
   9.0044700e+05   5.0537109e+01
   9.0049300e+05   3.5339355e+01
   9.0051400e+05   7.5073242e+01
   9.0053500e+05   4.0954590e+01
   9.0058000e+05   3.8208008e+01
   9.0059200e+05   7.5500488e+01
   9.0062000e+05   3.7170410e+01
   9.0064600e+05   3.8574219e+01
   9.0066500e+05   5.2917480e+01
   9.0068400e+05   3.6621094e+01
   9.0071000e+05   4.9926758e+01
   9.0073000e+05   5.6274414e+01
   9.0074100e+05   3.8085938e+01
   9.0080100e+05   3.9733887e+01
   9.0084600e+05   4.5104980e+01
   9.0090200e+05   3.8818359e+01
   9.0094500e+05   4.0832520e+01
   9.0100900e+05   4.4738770e+01
   9.0111900e+05   4.3395996e+01
   9.0114900e+05   4.4799805e+01
   9.0116800e+05   3.5034180e+01
   9.0118900e+05   3.5034180e+01
   9.0123300e+05   3.3630371e+01
   9.0125900e+05   3.7231445e+01
   9.0131100e+05   2.0131836e+03
   9.0132700e+05   5.5908203e+01
   9.0143400e+05   4.2846680e+01
   9.0146300e+05   3.5827637e+01
   9.0154100e+05   3.6010742e+01
   9.0155400e+05   3.5034180e+01
   9.0165400e+05   4.6203613e+01
   9.0216700e+05   3.8269043e+01
   9.0219900e+05   3.3752441e+01
   9.0224700e+05   5.6823730e+01
   9.0259300e+05   4.9133301e+01
   9.0346800e+05   3.4790039e+01
   9.1378700e+05   3.4179688e+01
   9.1415100e+05   3.3752441e+01
   9.2335500e+05   3.7841797e+01
   9.3565700e+05   3.4484863e+01
   9.4434000e+05   3.8635254e+01
   9.5040700e+05   3.3935547e+01
   9.5132700e+05   2.0112915e+03
   9.5133800e+05   5.1940918e+01
   9.5135900e+05   4.1076660e+01
   9.5138300e+05   3.4667969e+01
   9.5254600e+05   3.6499023e+01
   9.9351200e+05   3.9794922e+01
   9.9672700e+05   3.3935547e+01
   1.0013390e+06   2.0089722e+03
   1.0013510e+06   5.5847168e+01
   1.0013720e+06   4.3090820e+01
   1.0014050e+06   3.3935547e+01
   1.0014310e+06   3.3935547e+01
   1.0015200e+06   4.3090820e+01
   1.0019760e+06   3.6987305e+01
   1.0022050e+06   4.1076660e+01
   1.0022620e+06   3.3691406e+01
   1.0023300e+06   4.1442871e+01
   1.0034670e+06   3.3630371e+01
   1.0168740e+06   3.5400391e+01
   1.0180370e+06   3.4057617e+01
   1.0222290e+06   3.5888672e+01
   1.0228100e+06   3.3569336e+01
   1.0364380e+06   3.4729004e+01
   1.0373020e+06   3.3996582e+01
   1.0405450e+06   3.4057617e+01
   1.0416710e+06   3.4790039e+01
   1.0439060e+06   3.6865234e+01
   1.0513530e+06   2.0107422e+03
   1.0513640e+06   7.0007324e+01
   1.0513870e+06   5.8959961e+01
   1.0514160e+06   3.5583496e+01
   1.0515450e+06   3.8696289e+01
   1.0516040e+06   3.3630371e+01
   1.0516260e+06   3.4729004e+01
   1.0517650e+06   3.6987305e+01
   1.0520130e+06   3.7841797e+01
   1.0521020e+06   9.3139648e+01
   1.0522350e+06   9.8266602e+01
   1.0663710e+06   3.6071777e+01
   1.0768820e+06   3.4484863e+01
   1.0776960e+06   3.4606934e+01
   1.1013670e+06   2.0069580e+03
   1.1013790e+06   4.8156738e+01
   1.1014000e+06   4.1320801e+01
   1.1014210e+06   3.9367676e+01
   1.1014380e+06   5.0720215e+01
   1.1014770e+06   4.0161133e+01
   1.1014940e+06   1.0614014e+02
   1.1017700e+06   3.5156250e+01
   1.1018110e+06   3.6071777e+01
   1.1020120e+06   3.4545898e+01
   1.1021640e+06   9.1491699e+01
   1.1402980e+06   3.4118652e+01
   1.1410830e+06   3.6499023e+01
   1.1424320e+06   3.4484863e+01
   1.1513830e+06   3.9999390e+03
   1.1513930e+06   4.6447754e+01
   1.1514180e+06   7.5988770e+01
   1.1514930e+06   3.3874512e+01
   1.1516040e+06   3.8879395e+01
   1.1519730e+06   3.3874512e+01
   1.1521980e+06   3.5644531e+01
   1.1523760e+06   3.9001465e+01
   1.1524670e+06   3.4118652e+01
   1.1719800e+06   3.4606934e+01
   1.1827570e+06   3.7170410e+01
   1.1828160e+06   3.6560059e+01
   1.1829420e+06   4.4494629e+01
   1.1829670e+06   1.0687256e+02
   1.1830590e+06   5.2001953e+01
   1.1831010e+06   1.0766602e+02
   1.1831430e+06   3.3569336e+01
   1.1831710e+06   5.0109863e+01
   1.1831870e+06   3.3569336e+01
   1.1832650e+06   3.5217285e+01
   1.1832890e+06   3.7719727e+01
   1.1833240e+06   3.6132813e+01
   1.1833750e+06   6.1279297e+01
   1.1834020e+06   4.4311523e+01
   1.1834120e+06   3.6987305e+01
   1.1834620e+06   3.7658691e+01
   1.1834720e+06   5.8654785e+01
   1.1834980e+06   4.7424316e+01
   1.1835580e+06   5.6823730e+01
   1.1835790e+06   3.5522461e+01
   1.1836710e+06   5.2734375e+01
   1.1836860e+06   3.5156250e+01
   1.1837060e+06   3.4179688e+01
   1.1837730e+06   3.3691406e+01
   1.1837980e+06   3.6437988e+01
   1.1838300e+06   5.2673340e+01
   1.1839240e+06   3.4118652e+01
   1.1839900e+06   5.2978516e+01
   1.1842800e+06   3.8879395e+01
   1.1870070e+06   3.4301758e+01
   1.1903750e+06   3.4667969e+01
   1.2013950e+06   2.0071411e+03
   1.2014070e+06   6.0913086e+01
   1.2014320e+06   4.8156738e+01
   1.2014570e+06   5.3955078e+01
   1.2015540e+06   4.3762207e+01
   1.2016250e+06   3.3691406e+01
   1.2016410e+06   3.3630371e+01
   1.2024220e+06   3.4729004e+01
   1.2396100e+06   3.5827637e+01
   1.2514090e+06   2.0077515e+03
   1.2514210e+06   5.8471680e+01
   1.2514420e+06   6.2622070e+01
   1.2514720e+06   3.8391113e+01
   1.2514990e+06   3.3691406e+01
   1.2515200e+06   4.1809082e+01
   1.2515450e+06   3.9062500e+01
   1.2516120e+06   3.6560059e+01
   1.2516470e+06   3.5644531e+01
   1.2516980e+06   3.7841797e+01
   1.2517900e+06   9.4360352e+01
   1.2519460e+06   3.4301758e+01
   1.2519610e+06   7.1716309e+01
   1.2520290e+06   3.7231445e+01
   1.2520470e+06   3.4057617e+01
   1.2521530e+06   3.3813477e+01
   1.2536540e+06   3.6010742e+01
   1.2921380e+06   3.4118652e+01
   1.2943490e+06   3.4057617e+01
   1.2944600e+06   5.1940918e+01
   1.2945140e+06   3.4118652e+01
   1.2945310e+06   1.2542725e+02
   1.2945830e+06   3.6254883e+01
   1.2946090e+06   3.3935547e+01
   1.2947380e+06   8.8134766e+01
   1.2947830e+06   3.4179688e+01
   1.2948310e+06   4.6813965e+01
   1.2948420e+06   3.9367676e+01
   1.2949480e+06   4.2053223e+01
   1.2949720e+06   3.5583496e+01
   1.2949910e+06   4.1931152e+01
   1.2950100e+06   8.9538574e+01
   1.2950390e+06   3.5400391e+01
   1.2951190e+06   3.6071777e+01
   1.2951720e+06   3.6010742e+01
   1.2952020e+06   7.2631836e+01
   1.2952600e+06   3.4545898e+01
   1.2953600e+06   6.8115234e+01
   1.3014230e+06   2.0111694e+03
   1.3014350e+06   6.3903809e+01
   1.3014640e+06   3.6193848e+01
   1.3014920e+06   3.8818359e+01
   1.3015270e+06   3.7475586e+01
   1.3163730e+06   3.5644531e+01
   1.3164340e+06   3.3569336e+01
   1.3165510e+06   3.4667969e+01
   1.3166140e+06   3.7597656e+01
   1.3166340e+06   9.5031738e+01
   1.3167440e+06   3.4240723e+01
   1.3167750e+06   8.8378906e+01
   1.3168110e+06   3.8024902e+01
   1.3514370e+06   2.0089111e+03
   1.3514490e+06   6.0241699e+01
   1.3514710e+06   7.0068359e+01
   1.3514960e+06   4.8278809e+01
   1.3515110e+06   4.0466309e+01
   1.3515730e+06   3.5400391e+01
   1.3519910e+06   3.9672852e+01
   1.3714760e+06   3.5888672e+01
   1.3716000e+06   3.4790039e+01
   1.3716930e+06   3.5400391e+01
   1.3907970e+06   3.8940430e+01
   1.3909010e+06   1.0430908e+02
   1.3910550e+06   3.5766602e+01
   1.4014510e+06   2.0074463e+03
   1.4014630e+06   6.8603516e+01
   1.4014880e+06   4.3395996e+01
   1.4015100e+06   3.7109375e+01
   1.4015400e+06   3.4423828e+01
   1.4110200e+06   3.4606934e+01
   1.4111280e+06   4.4128418e+01
   1.4111610e+06   3.9306641e+01
   1.4112110e+06   4.0039063e+01
   1.4112360e+06   3.4912109e+01
   1.4112710e+06   3.3813477e+01
   1.4318270e+06   3.4240723e+01
   1.4320360e+06   3.9855957e+01
   1.4321810e+06   3.4118652e+01
   1.4514650e+06   2.0066528e+03
   1.4515010e+06   4.6386719e+01
   1.4515290e+06   3.9489746e+01
   1.4516330e+06   3.4912109e+01
   1.4732120e+06   3.5522461e+01
   1.4732360e+06   1.3055420e+02
   1.4733050e+06   5.1879883e+01
   1.4733280e+06   3.4606934e+01
   1.4733430e+06   3.4729004e+01
   1.4734380e+06   5.2307129e+01
   1.4734820e+06   3.3630371e+01
   1.4736380e+06   3.4179688e+01
   1.4737180e+06   1.1480713e+02
   1.5014810e+06   3.9999390e+03
   1.5015040e+06   3.9855957e+01
   1.5015260e+06   3.7841797e+01
   1.5015520e+06   3.9123535e+01
   1.5016910e+06   3.3569336e+01
   1.5017960e+06   3.4729004e+01
   1.5055630e+06   3.4606934e+01
   1.5150910e+06   3.5644531e+01
   1.5213870e+06   3.4912109e+01
   1.5217080e+06   3.4912109e+01
   1.5395480e+06   1.0614014e+02
   1.5395670e+06   3.7414551e+01
   1.5395870e+06   3.8024902e+01
   1.5396160e+06   3.7414551e+01
   1.5396280e+06   4.3518066e+01
   1.5396810e+06   3.6315918e+01
   1.5397180e+06   4.1076660e+01
   1.5397460e+06   8.9111328e+01
   1.5401420e+06   3.5156250e+01
   1.5401730e+06   3.7048340e+01
   1.5402480e+06   3.8208008e+01
   1.5402810e+06   8.9965820e+01
   1.5514930e+06   2.0098267e+03
   1.5515050e+06   5.4992676e+01
   1.5515310e+06   4.7668457e+01
   1.5515580e+06   4.1015625e+01
   1.5516440e+06   3.4057617e+01
   1.5744740e+06   9.2224121e+01
   1.5745320e+06   3.3996582e+01
   1.5745600e+06   3.7719727e+01
   1.5746540e+06   3.8146973e+01
   1.5903110e+06   3.5583496e+01
   1.5967840e+06   1.1035156e+02
   1.5968380e+06   3.3996582e+01
   1.5968550e+06   3.4912109e+01
   1.5969190e+06   3.6376953e+01
   1.5969460e+06   3.4057617e+01
   1.5975620e+06   3.7170410e+01
   1.5975870e+06   3.9123535e+01
   1.5975970e+06   4.0771484e+01
   1.5976260e+06   9.7106934e+01
   1.6015070e+06   2.0085449e+03
   1.6015200e+06   5.5053711e+01
   1.6015460e+06   3.8146973e+01
   1.6015640e+06   3.3813477e+01
   1.6015910e+06   3.4423828e+01
   1.6271250e+06   4.8278809e+01
   1.6271740e+06   1.0321045e+02
   1.6273060e+06   3.7841797e+01
   1.6273490e+06   3.5095215e+01
   1.6275840e+06   4.9499512e+01
   1.6276480e+06   4.1809082e+01
   1.6277180e+06   3.5644531e+01
   1.6277400e+06   5.1391602e+01
   1.6278390e+06   3.6376953e+01
   1.6278740e+06   8.0993652e+01
   1.6515230e+06   3.9999390e+03
   1.6515580e+06   3.9489746e+01
   1.6515860e+06   4.2541504e+01
   1.6516130e+06   3.5583496e+01
   1.6516590e+06   4.0649414e+01
   1.6518700e+06   4.3334961e+01
   1.6679320e+06   3.5034180e+01
   1.6679490e+06   3.9123535e+01
   1.6679680e+06   3.6987305e+01
   1.6680260e+06   4.1015625e+01
   1.6680750e+06   3.8085938e+01
   1.6681050e+06   4.1076660e+01
   1.6681450e+06   3.5278320e+01
   1.6681700e+06   3.6926270e+01
   1.6682730e+06   3.5217285e+01
   1.6682860e+06   1.0949707e+02
   1.6762830e+06   3.8269043e+01
   1.7015350e+06   2.0138550e+03
   1.7015500e+06   3.4057617e+01
   1.7015800e+06   4.2419434e+01
   1.7016070e+06   5.4016113e+01
   1.7016650e+06   3.5888672e+01
   1.7017430e+06   3.8818359e+01
   1.7260350e+06   5.4321289e+01
   1.7260590e+06   3.4362793e+01
   1.7260990e+06   3.5583496e+01
   1.7261400e+06   3.9794922e+01
   1.7261590e+06   3.5461426e+01
   1.7261910e+06   3.7414551e+01
   1.7262330e+06   3.3569336e+01
   1.7262700e+06   3.3691406e+01
   1.7265660e+06   3.5400391e+01
   1.7433670e+06   3.5949707e+01
   1.7515490e+06   2.0185547e+03
   1.7515640e+06   4.0588379e+01
   1.7515850e+06   4.7119141e+01
   1.7516120e+06   3.8330078e+01
   1.7516460e+06   3.9611816e+01
   1.7516860e+06   3.4118652e+01
   1.7517300e+06   3.7231445e+01
   1.7517620e+06   4.0039063e+01
   1.8015650e+06   3.9999390e+03
   1.8015750e+06   6.0607910e+01
   1.8016000e+06   4.7729492e+01
   1.8016330e+06   4.5776367e+01
   1.8016670e+06   1.1029053e+02
   1.8502730e+06   3.8818359e+01
   1.8503000e+06   3.5400391e+01
   1.8503450e+06   4.2114258e+01
   1.8504280e+06   3.3874512e+01
   1.8504710e+06   3.6254883e+01
   1.8504830e+06   4.5715332e+01
   1.8505520e+06   3.5644531e+01
   1.8505850e+06   3.4179688e+01
   1.8506020e+06   4.0649414e+01
   1.8506750e+06   3.9428711e+01
   1.8506920e+06   3.5339355e+01
   1.8515770e+06   2.0133057e+03
   1.8515890e+06   5.4809570e+01
   1.8516100e+06   4.1381836e+01
   1.8516480e+06   4.8156738e+01
   1.8742980e+06   3.5522461e+01
   1.8744800e+06   3.6804199e+01
   1.8745240e+06   3.4179688e+01
   1.8746520e+06   3.7719727e+01
   1.8875740e+06   3.5949707e+01
   1.8876550e+06   4.0466309e+01
   1.8876870e+06   3.7963867e+01
   1.8877410e+06   3.5522461e+01
   1.8877760e+06   3.9184570e+01
   1.9015930e+06   3.9999390e+03
   1.9016060e+06   4.9987793e+01
   1.9016270e+06   4.6386719e+01
   1.9016570e+06   6.5917969e+01
   1.9018300e+06   3.4790039e+01
   1.9024260e+06   3.7658691e+01
   1.9253110e+06   3.6499023e+01
   1.9253280e+06   3.8696289e+01
   1.9254230e+06   3.4545898e+01
   1.9254680e+06   3.6193848e+01
   1.9255010e+06   4.1503906e+01
   1.9255230e+06   3.3630371e+01
   1.9255860e+06   3.4790039e+01
   1.9256080e+06   3.9184570e+01
   1.9256240e+06   4.2236328e+01
   1.9256920e+06   3.3630371e+01
   1.9257100e+06   7.9101563e+01
   1.9257280e+06   4.3273926e+01
   1.9257590e+06   4.1687012e+01
   1.9257870e+06   8.9477539e+01
   1.9258140e+06   4.6386719e+01
   1.9258770e+06   5.6884766e+01
   1.9258910e+06   3.8574219e+01
   1.9259260e+06   4.1748047e+01
   1.9259450e+06   4.6691895e+01
   1.9260070e+06   4.5349121e+01
   1.9260360e+06   3.9306641e+01
   1.9260600e+06   3.4729004e+01
   1.9260730e+06   3.6926270e+01
   1.9261090e+06   3.5339355e+01
   1.9261610e+06   3.6682129e+01
   1.9261880e+06   4.6447754e+01
   1.9262460e+06   3.5644531e+01
   1.9262980e+06   3.3691406e+01
   1.9263150e+06   3.7231445e+01
   1.9263650e+06   3.4240723e+01
   1.9263840e+06   3.5400391e+01
   1.9264210e+06   3.5583496e+01
   1.9266800e+06   3.3813477e+01
   1.9267050e+06   4.1931152e+01
   1.9267450e+06   3.5400391e+01
   1.9268710e+06   4.3029785e+01
   1.9269310e+06   3.4362793e+01
   1.9269960e+06   3.5400391e+01
   1.9270440e+06   3.5644531e+01
   1.9271240e+06   4.1870117e+01
   1.9272810e+06   5.6213379e+01
   1.9274210e+06   4.5532227e+01
   1.9276310e+06   4.8706055e+01
   1.9278200e+06   6.2011719e+01
   1.9464900e+06   3.3569336e+01
   1.9516050e+06   2.0142212e+03
   1.9516170e+06   5.8471680e+01
   1.9516300e+06   4.1687012e+01
   1.9516510e+06   4.5776367e+01
   1.9516710e+06   3.5461426e+01
   1.9602120e+06   4.0283203e+01
   1.9873200e+06   3.5583496e+01
   1.9944690e+06   3.4851074e+01
   1.9967130e+06   3.3569336e+01
   1.9974810e+06   3.3874512e+01
   2.0016210e+06   3.9999390e+03
   2.0016340e+06   4.9499512e+01
   2.0016560e+06   3.6682129e+01
   2.0016840e+06   3.4179688e+01
   2.0017180e+06   3.5705566e+01
   2.0017560e+06   3.8085938e+01
   2.0017800e+06   3.4973145e+01
   2.0172240e+06   3.5522461e+01
   2.0174460e+06   4.1381836e+01
   2.0180110e+06   3.3813477e+01
   2.0215010e+06   3.3630371e+01
   2.0334430e+06   3.6865234e+01
   2.0368790e+06   3.4301758e+01
   2.0516350e+06   3.9999390e+03
   2.0516450e+06   3.9428711e+01
   2.0516560e+06   4.2053223e+01
   2.0516780e+06   5.7617188e+01
   2.0517050e+06   1.0766602e+02
   2.0517830e+06   3.9123535e+01
   2.0518350e+06   8.6608887e+01
   2.0518620e+06   3.6621094e+01
   2.0519290e+06   3.7780762e+01
   2.0520300e+06   3.4790039e+01
   2.0520500e+06   3.5217285e+01
   2.0520890e+06   4.0161133e+01
   2.0521240e+06   4.3273926e+01
   2.0521520e+06   9.4055176e+01
   2.0522050e+06   4.2541504e+01
   2.0522230e+06   5.2795410e+01
   2.0522750e+06   3.7597656e+01
   2.0522910e+06   6.3415527e+01
   2.0523180e+06   3.8574219e+01
   2.0523490e+06   3.4606934e+01
   2.0523710e+06   5.2368164e+01
   2.0523940e+06   4.0527344e+01
   2.0524390e+06   3.6621094e+01
   2.0524840e+06   4.6508789e+01
   2.0524970e+06   4.1381836e+01
   2.0526420e+06   5.2551270e+01
   2.0526700e+06   4.5654297e+01
   2.0527430e+06   3.7475586e+01
   2.0528120e+06   3.7414551e+01
   2.0528680e+06   3.4545898e+01
   2.0528930e+06   5.1025391e+01
   2.0530930e+06   3.3752441e+01
   2.0779370e+06   3.5339355e+01
   2.0820260e+06   3.5339355e+01
   2.0824020e+06   3.7658691e+01
   2.0827860e+06   3.6437988e+01
   2.0830340e+06   3.6499023e+01
   2.0975310e+06   3.9916992e+01
   2.0977340e+06   3.5461426e+01
   2.0980280e+06   3.4423828e+01
   2.0980890e+06   9.0148926e+01
   2.0981470e+06   3.5766602e+01
   2.0982500e+06   3.4301758e+01
   2.1016470e+06   2.0093994e+03
   2.1016580e+06   7.6293945e+01
   2.1016840e+06   4.8095703e+01
   2.1017090e+06   4.5410156e+01
   2.1017890e+06   3.5888672e+01
   2.1178600e+06   3.3813477e+01
   2.1406720e+06   3.3569336e+01
   2.1409370e+06   3.4606934e+01
   2.1411440e+06   9.5642090e+01
   2.1412200e+06   4.2846680e+01
   2.1412430e+06   8.3679199e+01
   2.1412820e+06   4.0893555e+01
   2.1413170e+06   3.3874512e+01
   2.1413300e+06   7.4340820e+01
   2.1413840e+06   4.5898438e+01
   2.1414100e+06   5.1818848e+01
   2.1414550e+06   3.6560059e+01
   2.1415060e+06   5.9631348e+01
   2.1415200e+06   3.4240723e+01
   2.1415460e+06   3.7353516e+01
   2.1416420e+06   6.3171387e+01
   2.1416790e+06   3.5827637e+01
   2.1417040e+06   3.7109375e+01
   2.1417630e+06   3.9794922e+01
   2.1418800e+06   7.4645996e+01
   2.1419650e+06   3.4179688e+01
   2.1516610e+06   2.0089111e+03
   2.1516830e+06   3.7963867e+01
   2.1516990e+06   4.0344238e+01
   2.1517150e+06   3.9367676e+01
   2.1517340e+06   5.2978516e+01
   2.2010600e+06   3.5827637e+01
   2.2015290e+06   3.5095215e+01
   2.2015600e+06   3.4240723e+01
   2.2016770e+06   3.9999390e+03
   2.2016870e+06   4.1809082e+01
   2.2017350e+06   9.3444824e+01
   2.2017840e+06   3.4790039e+01
   2.2018070e+06   5.5297852e+01
   2.2018230e+06   6.9702148e+01
   2.2018570e+06   3.6926270e+01
   2.2018850e+06   4.3151855e+01
   2.2019210e+06   3.5583496e+01
   2.2019500e+06   5.2734375e+01
   2.2019600e+06   3.8696289e+01
   2.2019780e+06   4.0527344e+01
   2.2020250e+06   3.9550781e+01
   2.2020570e+06   5.0231934e+01
   2.2020690e+06   4.8461914e+01
   2.2020870e+06   4.6447754e+01
   2.2021050e+06   3.5339355e+01
   2.2021330e+06   5.1513672e+01
   2.2021490e+06   3.5827637e+01
   2.2021670e+06   3.8208008e+01
   2.2021920e+06   3.8757324e+01
   2.2022170e+06   5.0842285e+01
   2.2022440e+06   4.1503906e+01
   2.2022690e+06   4.6386719e+01
   2.2023010e+06   3.7048340e+01
   2.2023140e+06   4.1259766e+01
   2.2023860e+06   3.5461426e+01
   2.2024240e+06   3.6193848e+01
   2.2024390e+06   3.4423828e+01
   2.2025070e+06   4.0161133e+01
   2.2027190e+06   3.3752441e+01
   2.2027310e+06   3.3874512e+01
   2.2029190e+06   3.4545898e+01
   2.2030250e+06   3.8024902e+01
   2.2031070e+06   3.4118652e+01
   2.2032470e+06   3.3752441e+01
   2.2033370e+06   3.8208008e+01
   2.2033580e+06   3.5644531e+01
   2.2034190e+06   3.5400391e+01
   2.2034540e+06   3.6621094e+01
   2.2036090e+06   4.5288086e+01
   2.2038690e+06   6.1279297e+01
   2.2044800e+06   3.6010742e+01
   2.2047620e+06   3.8452148e+01
   2.2064450e+06   3.8757324e+01
   2.2080960e+06   3.4301758e+01
   2.2283760e+06   3.4118652e+01
   2.2373260e+06   3.7231445e+01
   2.2516910e+06   3.9999390e+03
   2.2517020e+06   5.3344727e+01
   2.2517230e+06   4.0588379e+01
   2.2517730e+06   3.9733887e+01
   2.2517970e+06   3.6376953e+01
   2.2518820e+06   3.3691406e+01
   2.2522520e+06   4.3457031e+01
   2.2526590e+06   3.6437988e+01
   2.2643040e+06   3.5583496e+01
   2.2708370e+06   3.7231445e+01
   2.2719040e+06   3.4545898e+01
   2.2818560e+06   3.4790039e+01
   2.2858990e+06   3.6376953e+01
   2.2859220e+06   9.8754883e+01
   2.2859530e+06   3.6132813e+01
   2.2860820e+06   3.3630371e+01
   2.2862160e+06   3.6376953e+01
   2.2864940e+06   9.1552734e+01
   2.3017030e+06   2.0126343e+03
   2.3017180e+06   4.1137695e+01
   2.3017360e+06   3.8330078e+01
   2.3017890e+06   3.8513184e+01
   2.3018140e+06   1.0614014e+02
   2.3018790e+06   3.9489746e+01
   2.3020210e+06   3.6071777e+01
   2.3022650e+06   3.8269043e+01
   2.3023070e+06   3.9184570e+01
   2.3024710e+06   9.7717285e+01
   2.3025680e+06   4.2297363e+01
   2.3031480e+06   3.4362793e+01
   2.3161250e+06   3.7658691e+01
   2.3163770e+06   3.9062500e+01
   2.3163990e+06   9.2834473e+01
   2.3268710e+06   3.5644531e+01
   2.3279650e+06   3.7658691e+01
   2.3283830e+06   9.8571777e+01
   2.3284090e+06   3.4545898e+01
   2.3285570e+06   4.2114258e+01
   2.3285760e+06   8.4228516e+01
   2.3286110e+06   3.3996582e+01
   2.3300160e+06   3.3813477e+01
   2.3303960e+06   8.5327148e+01
   2.3304280e+06   3.5827637e+01
   2.3309000e+06   3.4362793e+01
   2.3456530e+06   3.5827637e+01
   2.3462110e+06   3.4729004e+01
   2.3462480e+06   3.3630371e+01
   2.3463280e+06   3.7353516e+01
   2.3463970e+06   3.5705566e+01
   2.3465520e+06   3.5156250e+01
   2.3517190e+06   2.0051270e+03
   2.3517290e+06   5.3588867e+01
   2.3517830e+06   4.5776367e+01
   2.3621530e+06   3.3752441e+01
   2.3637140e+06   3.6254883e+01
   2.3638590e+06   3.8879395e+01
   2.3646380e+06   3.3752441e+01
   2.3785640e+06   3.6743164e+01
   2.3788440e+06   3.4179688e+01
   2.3788570e+06   3.7048340e+01
   2.3789760e+06   3.7902832e+01
   2.3790180e+06   3.6315918e+01
   2.4017310e+06   2.0111084e+03
   2.4017460e+06   5.3771973e+01
   2.4017820e+06   4.3334961e+01
   2.4018000e+06   4.5715332e+01
   2.4018440e+06   1.1389160e+02
   2.4018720e+06   4.2236328e+01
   2.4019040e+06   4.4677734e+01
   2.4019220e+06   3.8513184e+01
   2.4020380e+06   3.5461426e+01
   2.4032170e+06   3.3752441e+01
   2.4032410e+06   3.5766602e+01
   2.4033390e+06   9.0759277e+01
   2.4035900e+06   3.6010742e+01
   2.4265710e+06   3.6315918e+01
   2.4266340e+06   3.5339355e+01
   2.4470800e+06   3.4606934e+01
   2.4497250e+06   3.3996582e+01
   2.4517470e+06   3.9999390e+03
   2.4517590e+06   3.6560059e+01
   2.4517820e+06   4.6630859e+01
   2.4518140e+06   4.8156738e+01
   2.4518310e+06   9.2407227e+01
   2.4518730e+06   3.4362793e+01
   2.4519310e+06   3.6499023e+01
   2.4536420e+06   3.5766602e+01
   2.4536920e+06   3.3569336e+01
   2.4537120e+06   9.9426270e+01
   2.4537860e+06   4.0222168e+01
   2.4539660e+06   3.7414551e+01
   2.4987320e+06   3.5766602e+01
   2.5266000e+06   3.6254883e+01
   2.5267850e+06   3.8269043e+01
   2.5269240e+06   3.6560059e+01
   2.5269650e+06   8.8134766e+01
   2.5269930e+06   3.4423828e+01
   2.5270090e+06   3.9733887e+01
   2.5270770e+06   3.4729004e+01
   2.5271390e+06   3.5339355e+01
   2.5272000e+06   3.5461426e+01
   2.5275360e+06   4.2114258e+01
   2.5429610e+06   3.4057617e+01
   2.5600080e+06   3.3935547e+01
   2.5608070e+06   4.0100098e+01
   2.5610970e+06   3.4118652e+01
   2.5968180e+06   4.3029785e+01
   2.5969310e+06   1.0900879e+02
   2.5969470e+06   3.3630371e+01
   2.5970070e+06   3.7780762e+01
   2.5970860e+06   3.6437988e+01
   2.5971360e+06   4.5227051e+01
   2.6284350e+06   3.5705566e+01
   2.6284730e+06   4.2236328e+01
   2.6284840e+06   4.3090820e+01
   2.6285070e+06   4.0344238e+01
   2.6285570e+06   3.6499023e+01
   2.6285690e+06   9.6557617e+01
   2.6286030e+06   4.0283203e+01
   2.6286130e+06   3.6926270e+01
   2.6286330e+06   3.5644531e+01
   2.6286690e+06   3.5095215e+01
   2.6287030e+06   5.7556152e+01
   2.6287260e+06   4.3090820e+01
   2.6287420e+06   5.7861328e+01
   2.6287890e+06   4.1320801e+01
   2.6288060e+06   4.9316406e+01
   2.6288210e+06   3.6071777e+01
   2.6288560e+06   3.5278320e+01
   2.6288900e+06   4.0588379e+01
   2.6289000e+06   4.7912598e+01
   2.6289400e+06   3.8574219e+01
   2.6289690e+06   4.0405273e+01
   2.6290070e+06   3.5583496e+01
   2.6290290e+06   4.2236328e+01
   2.6290710e+06   3.6254883e+01
   2.6291630e+06   3.7414551e+01
   2.6291790e+06   4.6020508e+01
   2.6292750e+06   3.6499023e+01
   2.6294680e+06   5.2062988e+01
   2.6294840e+06   4.2541504e+01
   2.6295960e+06   4.3579102e+01
   2.6296670e+06   3.3691406e+01
   2.6297690e+06   3.5095215e+01
   2.6297880e+06   3.5217285e+01
   2.6298750e+06   3.6926270e+01
   2.6299670e+06   3.8085938e+01
   2.6300270e+06   3.4729004e+01
   2.6304800e+06   4.8034668e+01
   2.6343620e+06   3.7597656e+01
   2.6424810e+06   3.4973145e+01
   2.6667700e+06   3.4851074e+01
   2.6667970e+06   3.9794922e+01
   2.6670320e+06   3.3752441e+01
   2.6728760e+06   3.3996582e+01
   2.6952520e+06   3.5888672e+01
   2.7182190e+06   3.5400391e+01
   2.7204090e+06   3.4362793e+01
   2.7205760e+06   3.4667969e+01
   2.7211770e+06   3.5522461e+01
   2.7414450e+06   3.3874512e+01
   2.7418550e+06   4.0466309e+01
   2.7422050e+06   3.4240723e+01
   2.7425900e+06   3.3874512e+01
   2.7427150e+06   4.1076660e+01
   2.7585790e+06   3.3874512e+01
   2.7774810e+06   3.4118652e+01
   2.7959280e+06   3.5705566e+01
   2.7967330e+06   4.1931152e+01
   2.7969400e+06   4.3029785e+01
   2.7969990e+06   1.1334229e+02
   2.7970210e+06   3.6315918e+01
   2.7970870e+06   3.7109375e+01
   2.7971020e+06   4.1503906e+01
   2.7971200e+06   8.6730957e+01
   2.7971610e+06   4.2541504e+01
   2.7972230e+06   3.7963867e+01
   2.7972360e+06   7.9589844e+01
   2.7972750e+06   3.6010742e+01
   2.7973140e+06   4.2419434e+01
   2.7973490e+06   4.2053223e+01
   2.7974490e+06   7.3791504e+01
   2.7975730e+06   3.6254883e+01
   2.7978180e+06   3.5827637e+01
   2.8266210e+06   3.6193848e+01
   2.8576890e+06   3.8635254e+01
   2.8602840e+06   3.6193848e+01
   2.8957150e+06   3.7414551e+01
   2.9273550e+06   3.4545898e+01
   2.9275380e+06   3.4545898e+01
   2.9275660e+06   4.1503906e+01
   2.9279050e+06   3.3630371e+01
   2.9279970e+06   3.5888672e+01
   2.9280150e+06   1.0754395e+02
   2.9280440e+06   3.7780762e+01
   2.9280640e+06   3.6804199e+01
   2.9281130e+06   3.7780762e+01
   2.9281380e+06   4.6875000e+01
   2.9282170e+06   8.2702637e+01
   2.9282810e+06   3.5705566e+01
