   2.9990000e+06   0.0000000e+00
   4.4522000e+04   1.3464355e+02
   4.4560000e+04   1.2927246e+02
   4.4572000e+04   2.6763916e+02
   4.4646000e+04   1.7962646e+02
   4.4671000e+04   1.2847900e+02
   4.4735000e+04   1.5576172e+02
   4.4772000e+04   1.5435791e+02
   4.4813000e+04   1.5106201e+02
   4.4836000e+04   1.6455078e+02
   4.4892000e+04   1.6778564e+02
   4.4949000e+04   1.3269043e+02
   4.4969000e+04   1.4288330e+02
   4.4993000e+04   1.4801025e+02
   4.5071000e+04   1.3177490e+02
   4.5126000e+04   1.3366699e+02
   4.5147000e+04   1.5936279e+02
   4.5183000e+04   1.7663574e+02
   4.5222000e+04   1.3079834e+02
   4.5248000e+04   1.4929199e+02
   4.5312000e+04   1.2713623e+02
   4.5401000e+04   1.3421631e+02
   4.5483000e+04   1.3409424e+02
   4.5501000e+04   1.3452148e+02
   4.5536000e+04   1.2963867e+02
   4.5589000e+04   1.4099121e+02
   4.6138000e+04   1.3555908e+02
   4.6455000e+04   1.3092041e+02
   4.6545000e+04   1.3085938e+02
   1.0357600e+05   1.5594482e+02
   1.0364200e+05   1.5429688e+02
   1.0366700e+05   1.9165039e+02
   1.0373700e+05   1.4996338e+02
   1.0381100e+05   1.7913818e+02
   1.0390200e+05   1.3854980e+02
   1.0401000e+05   1.2963867e+02
   1.0404300e+05   1.6418457e+02
   1.0408400e+05   1.4141846e+02
   1.0413500e+05   1.7755127e+02
   1.0421000e+05   1.3964844e+02
   1.0429400e+05   1.3336182e+02
   1.0431500e+05   1.4422607e+02
   1.0434500e+05   1.3079834e+02
   1.0439200e+05   1.4288330e+02
   1.0469600e+05   1.4019775e+02
   1.0471700e+05   1.2890625e+02
   1.0479600e+05   1.2902832e+02
   1.0496400e+05   1.5063477e+02
   1.0503000e+05   1.2902832e+02
   1.0520200e+05   1.2805176e+02
   1.0570000e+05   1.3867188e+02
   1.5242600e+05   1.3153076e+02
   1.5248300e+05   1.4990234e+02
   1.5253800e+05   1.3195801e+02
   1.5259500e+05   1.6510010e+02
   1.5264800e+05   1.4575195e+02
   1.5271800e+05   1.4489746e+02
   1.5273100e+05   1.9268799e+02
   1.5280800e+05   1.7883301e+02
   1.5283100e+05   2.2167969e+02
   1.5287000e+05   1.8151855e+02
   1.5289200e+05   1.2792969e+02
   1.5291900e+05   1.3995361e+02
   1.5296900e+05   1.3305664e+02
   1.5300400e+05   1.4709473e+02
   1.5301800e+05   1.4416504e+02
   1.5305700e+05   1.6967773e+02
   1.5308200e+05   1.6027832e+02
   1.5316500e+05   1.6912842e+02
   1.5328000e+05   1.3580322e+02
   1.5346900e+05   1.5948486e+02
   1.5354600e+05   1.4874268e+02
   1.5358800e+05   1.4807129e+02
   1.5378600e+05   1.3354492e+02
   1.5384200e+05   1.2902832e+02
   1.5397400e+05   1.4685059e+02
   1.6598400e+05   1.3610840e+02
   2.1299400e+05   1.2945557e+02
   2.1303600e+05   1.4715576e+02
   2.1306500e+05   1.7309570e+02
   2.1307600e+05   1.5173340e+02
   2.1313000e+05   1.4184570e+02
   2.1316000e+05   1.3574219e+02
   2.1325000e+05   1.4733887e+02
   2.1330300e+05   2.0672607e+02
   2.1338500e+05   1.8695068e+02
   2.1345600e+05   1.4825439e+02
   2.1348200e+05   1.4447021e+02
   2.1349200e+05   1.3824463e+02
   2.1355000e+05   1.3018799e+02
   2.1363100e+05   1.9848633e+02
   2.1364800e+05   1.4959717e+02
   2.1367600e+05   1.7828369e+02
   2.1370500e+05   1.3012695e+02
   2.1371800e+05   1.2982178e+02
   2.1381000e+05   1.6644287e+02
   2.1385300e+05   1.6204834e+02
   2.1407000e+05   1.3757324e+02
   2.1431600e+05   1.3586426e+02
   2.1432800e+05   1.3024902e+02
   2.1524300e+05   1.5069580e+02
   2.6691100e+05   1.3940430e+02
   2.6697000e+05   1.7449951e+02
   2.6702800e+05   1.6296387e+02
   2.6705600e+05   1.8536377e+02
   2.6710600e+05   1.4984131e+02
   2.6713400e+05   1.3006592e+02
   2.6722000e+05   1.5142822e+02
   2.6726400e+05   1.2841797e+02
   2.6747900e+05   1.5808105e+02
   2.6751900e+05   1.4654541e+02
   2.6759800e+05   1.4080811e+02
   2.6765600e+05   1.4611816e+02
   2.6779000e+05   1.4538574e+02
   2.6785400e+05   1.3775635e+02
   2.6807400e+05   1.3970947e+02
   2.6869100e+05   1.3555908e+02
   2.6877600e+05   1.2792969e+02
   3.3033000e+05   1.7718506e+02
   3.3036000e+05   1.3848877e+02
   3.3040800e+05   1.2866211e+02
   3.3045500e+05   1.3403320e+02
   3.3048600e+05   1.4202881e+02
   3.3052800e+05   2.1441650e+02
   3.3056700e+05   1.8096924e+02
   3.3059800e+05   1.5893555e+02
   3.3067600e+05   1.4428711e+02
   3.3074300e+05   1.2774658e+02
   3.3075300e+05   1.2701416e+02
   3.3078500e+05   1.3580322e+02
   3.3081800e+05   1.4923096e+02
   3.3082900e+05   1.6693115e+02
   3.3088100e+05   1.7443848e+02
   3.3096400e+05   1.5045166e+02
   3.3099900e+05   2.0123291e+02
   3.3107900e+05   1.4190674e+02
   3.3114700e+05   1.3806152e+02
   3.3119900e+05   1.4544678e+02
   3.3128200e+05   1.6961670e+02
   3.3132300e+05   1.3757324e+02
   3.3137300e+05   1.9329834e+02
   3.3139500e+05   1.2884521e+02
   3.3157200e+05   1.6046143e+02
   3.3168400e+05   1.4514160e+02
   3.3184000e+05   1.2945557e+02
   3.3245300e+05   1.2921143e+02
   3.7544800e+05   1.3513184e+02
   3.7553800e+05   1.4221191e+02
   3.7557100e+05   1.3293457e+02
   3.7559000e+05   1.9470215e+02
   3.7563700e+05   1.6229248e+02
   3.7570500e+05   1.6400146e+02
   3.7571500e+05   1.5557861e+02
   3.7576600e+05   1.4520264e+02
   3.7581500e+05   1.7132568e+02
   3.7589900e+05   1.4892578e+02
   3.7595200e+05   1.5008545e+02
   3.7596900e+05   1.2762451e+02
   3.7601800e+05   2.2290039e+02
   3.7608400e+05   1.9891357e+02
   3.7612600e+05   1.6979980e+02
   3.7618900e+05   1.6717529e+02
   3.7621200e+05   1.7877197e+02
   3.7627300e+05   1.6772461e+02
   3.7633200e+05   1.3653564e+02
   3.7635300e+05   1.3311768e+02
   3.7639600e+05   1.5148926e+02
   3.7654300e+05   1.2915039e+02
   3.7679800e+05   1.3818359e+02
   3.7698200e+05   1.2762451e+02
   3.7722300e+05   1.3287354e+02
   3.7739400e+05   1.4501953e+02
   3.7742600e+05   1.3623047e+02
   3.7760600e+05   1.3439941e+02
   4.0615300e+05   1.3458252e+02
   4.0620200e+05   1.3647461e+02
   4.0638900e+05   2.3748779e+02
   4.0640700e+05   1.8218994e+02
   4.0643700e+05   1.4117432e+02
   4.0654600e+05   1.4154053e+02
   4.0662800e+05   1.5667725e+02
   4.0672500e+05   1.6229248e+02
   4.0676000e+05   1.2951660e+02
   4.0682500e+05   1.9036865e+02
   4.0684400e+05   1.9323730e+02
   4.0687200e+05   1.4068604e+02
   4.0689300e+05   1.4526367e+02
   4.0699600e+05   1.2719727e+02
   4.0709000e+05   1.6571045e+02
   4.0716700e+05   1.4617920e+02
   4.0725000e+05   1.4276123e+02
   4.0733800e+05   1.3446045e+02
   4.0740900e+05   1.3220215e+02
   4.0746100e+05   1.4025879e+02
   4.0815900e+05   1.3195801e+02
   5.3648300e+05   1.4184570e+02
   5.3651600e+05   1.3739014e+02
   5.3655600e+05   1.8469238e+02
   5.3659400e+05   1.3385010e+02
   5.3662800e+05   1.7999268e+02
   5.3669900e+05   1.2908936e+02
   5.3671400e+05   1.3189697e+02
   5.3675000e+05   1.4080811e+02
   5.3677700e+05   1.9158936e+02
   5.3685800e+05   1.3952637e+02
   5.3688000e+05   1.3586426e+02
   5.3689200e+05   1.3427734e+02
   5.3691000e+05   1.7803955e+02
   5.3701800e+05   1.5289307e+02
   5.3705800e+05   1.4813232e+02
   5.3713100e+05   1.4801025e+02
   5.3715800e+05   1.2988281e+02
   5.3720200e+05   1.3055420e+02
   5.3728500e+05   1.2744141e+02
   5.3733400e+05   1.5148926e+02
   5.3735500e+05   1.3952637e+02
   5.3742000e+05   1.8328857e+02
   5.3746100e+05   1.5405273e+02
   5.3749700e+05   1.4678955e+02
   5.3755100e+05   1.3995361e+02
   5.3783700e+05   1.3098145e+02
   5.3804100e+05   1.3488770e+02
   5.3834300e+05   1.4123535e+02
   5.9076000e+05   1.7791748e+02
   5.9086400e+05   1.3061523e+02
   5.9087800e+05   1.5570068e+02
   5.9092800e+05   1.5081787e+02
   5.9094700e+05   1.8737793e+02
   5.9101300e+05   1.4508057e+02
   5.9105400e+05   1.2774658e+02
   5.9112000e+05   1.4385986e+02
   5.9117900e+05   1.5185547e+02
   5.9120200e+05   1.8084717e+02
   5.9125400e+05   1.5447998e+02
   5.9128600e+05   1.6174316e+02
   5.9133500e+05   1.3983154e+02
   5.9137600e+05   1.4245605e+02
   5.9139500e+05   1.7358398e+02
   5.9142000e+05   1.6229248e+02
   5.9147200e+05   1.4624023e+02
   5.9149500e+05   1.3085938e+02
   5.9154900e+05   1.9219971e+02
   5.9163400e+05   1.5374756e+02
   5.9164700e+05   1.3708496e+02
   5.9176900e+05   1.6125488e+02
   5.9178200e+05   1.3006592e+02
   5.9193000e+05   1.3787842e+02
   5.9195600e+05   1.2933350e+02
   5.9204400e+05   1.3714600e+02
   6.0504300e+05   8.1176758e+02
   6.3833600e+05   1.2890625e+02
   6.3839900e+05   1.3354492e+02
   6.3845200e+05   1.2829590e+02
   6.3850900e+05   1.5283203e+02
   6.3856500e+05   1.4404297e+02
   6.3857800e+05   1.4801025e+02
   6.3860900e+05   1.6479492e+02
   6.3866700e+05   1.5808105e+02
   6.3869900e+05   1.3098145e+02
   6.3872800e+05   1.5643311e+02
   6.3875500e+05   1.3421631e+02
   6.3878500e+05   1.6827393e+02
   6.3883400e+05   1.2908936e+02
   6.3885400e+05   1.2701416e+02
   6.3887400e+05   1.3275146e+02
   6.3892900e+05   1.3458252e+02
   6.3894000e+05   1.3171387e+02
   6.3903500e+05   1.3134766e+02
   6.3907200e+05   1.4990234e+02
   6.3911400e+05   1.4410400e+02
   6.3915400e+05   1.6821289e+02
   6.3921100e+05   1.3281250e+02
   6.3923200e+05   1.3702393e+02
   6.3928600e+05   1.8310547e+02
   6.3932100e+05   1.6363525e+02
   6.3940300e+05   1.2884521e+02
   6.3950300e+05   1.2847900e+02
   6.3956000e+05   1.2817383e+02
   6.3962100e+05   1.4398193e+02
   6.3964300e+05   1.6064453e+02
   6.3998800e+05   1.2750244e+02
   6.4005100e+05   1.3165283e+02
   6.4023900e+05   1.3116455e+02
   6.5505900e+05   1.6399536e+03
   6.5590500e+05   1.4691162e+02
   6.5602900e+05   2.0520020e+02
   6.5606600e+05   1.6394043e+02
   6.5608600e+05   1.4343262e+02
   6.5610700e+05   1.8975830e+02
   6.5613800e+05   1.3793945e+02
   6.5619100e+05   1.8328857e+02
   6.5621200e+05   1.8176270e+02
   6.5624800e+05   1.8725586e+02
   6.5629600e+05   1.2713623e+02
   6.5631200e+05   1.3177490e+02
   6.5635500e+05   1.3317871e+02
   6.5639400e+05   2.0410156e+02
   6.5641100e+05   1.3751221e+02
   6.5649100e+05   1.3500977e+02
   6.5654600e+05   1.3024902e+02
   6.5657000e+05   1.3073730e+02
   6.5663500e+05   1.6680908e+02
   6.5666000e+05   1.4440918e+02
   6.5675000e+05   1.3146973e+02
   6.5682200e+05   1.2957764e+02
   6.5687100e+05   1.3128662e+02
   6.5688600e+05   1.4898682e+02
   6.5690300e+05   1.2731934e+02
   6.5706000e+05   1.3073730e+02
   6.5732900e+05   1.5716553e+02
   6.5759000e+05   1.4019775e+02
   6.5787000e+05   1.3214111e+02
   6.5806700e+05   1.3085938e+02
   7.0507300e+05   1.6753540e+03
   7.0557000e+05   1.3159180e+02
   7.0565800e+05   1.7163086e+02
   7.0570100e+05   2.5946045e+02
   7.0581800e+05   1.4916992e+02
   7.0589700e+05   1.6162109e+02
   7.0591600e+05   1.3122559e+02
   7.0599200e+05   1.8084717e+02
   7.0607000e+05   1.3958740e+02
   7.0608300e+05   1.4355469e+02
   7.0621000e+05   2.2711182e+02
   7.0627600e+05   1.5563965e+02
   7.0628600e+05   1.3653564e+02
   7.0629800e+05   1.3250732e+02
   7.0632700e+05   1.3079834e+02
   7.0635900e+05   1.2786865e+02
   7.0640600e+05   1.3201904e+02
   7.0647400e+05   1.3732910e+02
   7.0650800e+05   1.3299561e+02
   7.0655100e+05   1.3000488e+02
   7.0664700e+05   1.2768555e+02
   7.0729300e+05   1.3269043e+02
   7.0735400e+05   1.6943359e+02
   7.0736600e+05   1.4019775e+02
   7.0748900e+05   1.3006592e+02
   7.0761200e+05   1.3922119e+02
   7.0843200e+05   1.2927246e+02
   7.5508500e+05   8.4527588e+02
   7.5581500e+05   1.2927246e+02
   7.5587900e+05   1.6229248e+02
   7.5601800e+05   1.6790771e+02
   7.5606400e+05   1.6558838e+02
   7.5611600e+05   1.7419434e+02
   7.5613200e+05   1.6583252e+02
   7.5615800e+05   1.3464355e+02
   7.5622200e+05   1.9567871e+02
   7.5630800e+05   2.8179932e+02
   7.5633400e+05   1.7755127e+02
   7.5635800e+05   1.8505859e+02
   7.5641600e+05   1.5441895e+02
   7.5643200e+05   1.5972900e+02
   7.5658400e+05   1.3409424e+02
   7.5663800e+05   1.2988281e+02
   7.5669400e+05   1.3696289e+02
   7.5677500e+05   1.8133545e+02
   7.5681900e+05   1.3238525e+02
   7.5683200e+05   1.4849854e+02
   7.5695200e+05   1.6589355e+02
   7.5717000e+05   1.4038086e+02
   7.5723800e+05   1.3787842e+02
   7.5729100e+05   1.3220215e+02
   7.5762100e+05   1.2969971e+02
   7.5778500e+05   1.4349365e+02
   8.0509900e+05   8.1268311e+02
   8.0565100e+05   1.2908936e+02
   8.0569400e+05   1.3092041e+02
   8.0577200e+05   1.8957520e+02
   8.0580000e+05   1.5606689e+02
   8.0582400e+05   1.4068604e+02
   8.0585900e+05   1.9445801e+02
   8.0588000e+05   1.5380859e+02
   8.0590700e+05   1.2750244e+02
   8.0599400e+05   1.4501953e+02
   8.0600500e+05   1.3336182e+02
   8.0607300e+05   1.6125488e+02
   8.0612700e+05   2.3773193e+02
   8.0614300e+05   1.7816162e+02
   8.0635300e+05   1.5783691e+02
   8.0638600e+05   1.3854980e+02
   8.0646000e+05   1.4050293e+02
   8.0651800e+05   1.3043213e+02
   8.0653100e+05   1.7724609e+02
   8.0663600e+05   1.5887451e+02
   8.0697400e+05   1.2988281e+02
   8.0705800e+05   1.6467285e+02
   8.0717100e+05   1.3220215e+02
   8.0748400e+05   1.3867188e+02
   8.0788800e+05   1.2988281e+02
   8.0830700e+05   1.2774658e+02
   8.5511300e+05   8.5748291e+02
   8.5572400e+05   1.5539551e+02
   8.5575000e+05   1.2896729e+02
   8.5579600e+05   2.0874023e+02
   8.5581700e+05   2.2052002e+02
   8.5585800e+05   1.3513184e+02
   8.5588300e+05   1.3311768e+02
   8.5590900e+05   1.3244629e+02
   8.5593000e+05   1.3677979e+02
   8.5596400e+05   2.1740723e+02
   8.5598600e+05   2.2546387e+02
   8.5609100e+05   1.6882324e+02
   8.5613500e+05   1.4288330e+02
   8.5617900e+05   1.4721680e+02
   8.5622600e+05   2.0422363e+02
   8.5624800e+05   1.3397217e+02
   8.5626900e+05   1.4093018e+02
   8.5632400e+05   1.6534424e+02
   8.5633800e+05   1.5881348e+02
   8.5636800e+05   1.3183594e+02
   8.5643700e+05   1.3641357e+02
   8.5653500e+05   1.5515137e+02
   8.5654800e+05   1.6333008e+02
   8.5667200e+05   2.2082520e+02
   8.5683000e+05   1.3323975e+02
   8.5691200e+05   1.3958740e+02
   8.5708200e+05   1.6857910e+02
   8.5719400e+05   1.3287354e+02
   8.5726400e+05   1.3549805e+02
   8.5828500e+05   1.4306641e+02
   9.0512700e+05   8.4271240e+02
   9.0575600e+05   1.8798828e+02
   9.0579300e+05   1.4526367e+02
   9.0585100e+05   2.1636963e+02
   9.0593200e+05   1.3055420e+02
   9.0597200e+05   1.8133545e+02
   9.0598600e+05   1.7346191e+02
   9.0604300e+05   1.6796875e+02
   9.0607300e+05   1.5759277e+02
   9.0614100e+05   1.5051270e+02
   9.0616600e+05   1.4190674e+02
   9.0620000e+05   1.3830566e+02
   9.0629200e+05   1.5344238e+02
   9.0630600e+05   1.8811035e+02
   9.0633300e+05   1.2896729e+02
   9.0635900e+05   2.4267578e+02
   9.0641700e+05   1.6339111e+02
   9.0643100e+05   1.9995117e+02
   9.0647300e+05   1.5637207e+02
   9.0660700e+05   1.3586426e+02
   9.0666900e+05   1.5911865e+02
   9.0673800e+05   1.3409424e+02
   9.0675000e+05   1.4093018e+02
   9.0688900e+05   1.3568115e+02
   9.0733800e+05   1.4971924e+02
   9.0737000e+05   1.3861084e+02
   9.5514300e+05   1.7100220e+03
   9.5518900e+05   1.3214111e+02
   9.5591400e+05   1.3055420e+02
   9.5594200e+05   1.7364502e+02
   9.5599700e+05   1.3043213e+02
   9.5604900e+05   1.4447021e+02
   9.5610200e+05   1.7871094e+02
   9.5614100e+05   1.2896729e+02
   9.5616000e+05   1.4465332e+02
   9.5621200e+05   1.5429688e+02
   9.5626000e+05   1.3775635e+02
   9.5629500e+05   1.5185547e+02
   9.5644900e+05   1.6625977e+02
   9.5647800e+05   1.6027832e+02
   9.5652100e+05   1.3311768e+02
   9.5662100e+05   1.6473389e+02
   9.5664600e+05   1.8115234e+02
   9.5670000e+05   1.4880371e+02
   9.5673800e+05   1.5301514e+02
   9.5679200e+05   1.4538574e+02
   9.5693600e+05   1.8200684e+02
   9.5705700e+05   1.5875244e+02
   9.5708200e+05   1.2878418e+02
   9.5725600e+05   1.3482666e+02
   9.5729800e+05   1.9201660e+02
   9.5738400e+05   1.5747070e+02
   9.5748600e+05   1.3049316e+02
   9.5780800e+05   1.3201904e+02
   1.0051550e+06   8.6163330e+02
   1.0060690e+06   1.6442871e+02
   1.0061310e+06   1.7749023e+02
   1.0062050e+06   1.5991211e+02
   1.0062300e+06   1.2854004e+02
   1.0062400e+06   1.6784668e+02
   1.0062800e+06   1.3226318e+02
   1.0063250e+06   1.6589355e+02
   1.0063700e+06   1.5710449e+02
   1.0063860e+06   1.9989014e+02
   1.0064330e+06   1.8554688e+02
   1.0065070e+06   2.4188232e+02
   1.0065510e+06   1.5478516e+02
   1.0065800e+06   1.5026855e+02
   1.0066040e+06   1.6082764e+02
   1.0067190e+06   1.5637207e+02
   1.0067740e+06   1.3751221e+02
   1.0068090e+06   1.5759277e+02
   1.0069270e+06   1.5698242e+02
   1.0069790e+06   1.2847900e+02
   1.0069950e+06   1.2707520e+02
   1.0070490e+06   1.3232422e+02
   1.0070870e+06   1.3159180e+02
   1.0072020e+06   1.4306641e+02
   1.0073210e+06   1.4337158e+02
   1.0076840e+06   1.3128662e+02
   1.0085190e+06   1.2902832e+02
   1.0090690e+06   1.3000488e+02
   1.0551690e+06   8.2855225e+02
   1.1051830e+06   8.3062744e+02
   1.1064660e+06   1.4898682e+02
   1.1064830e+06   1.4599609e+02
   1.1065150e+06   1.3128662e+02
   1.1065550e+06   1.7022705e+02
   1.1065700e+06   2.0880127e+02
   1.1066450e+06   1.5130615e+02
   1.1067100e+06   1.5228271e+02
   1.1067770e+06   1.3812256e+02
   1.1068430e+06   1.6857910e+02
   1.1068760e+06   1.3983154e+02
   1.1069200e+06   2.2448730e+02
   1.1070070e+06   1.6827393e+02
   1.1070390e+06   1.6876221e+02
   1.1071790e+06   1.7352295e+02
   1.1072270e+06   1.3690186e+02
   1.1073030e+06   1.3513184e+02
   1.1073310e+06   2.0654297e+02
   1.1074100e+06   1.5795898e+02
   1.1074570e+06   1.7706299e+02
   1.1074870e+06   1.6467285e+02
   1.1075180e+06   1.5673828e+02
   1.1075770e+06   1.3098145e+02
   1.1076300e+06   1.3726807e+02
   1.1076620e+06   1.3574219e+02
   1.1077050e+06   2.0764160e+02
   1.1077190e+06   1.7089844e+02
   1.1077640e+06   1.3604736e+02
   1.1078470e+06   1.3507080e+02
   1.1079370e+06   1.6680908e+02
   1.1081260e+06   1.3433838e+02
   1.1551970e+06   8.5760498e+02
   1.1569950e+06   1.5240479e+02
   1.1570070e+06   1.4794922e+02
   1.1570840e+06   1.8939209e+02
   1.1571770e+06   1.6137695e+02
   1.1572630e+06   1.3031006e+02
   1.1572800e+06   1.3330078e+02
   1.1573440e+06   2.0391846e+02
   1.1573560e+06   1.5509033e+02
   1.1574040e+06   1.8719482e+02
   1.1574560e+06   1.4373779e+02
   1.1574740e+06   1.4666748e+02
   1.1575220e+06   1.3171387e+02
   1.1575680e+06   1.7443848e+02
   1.1575960e+06   1.5167236e+02
   1.1576550e+06   1.7431641e+02
   1.1576940e+06   1.2823486e+02
   1.1577420e+06   1.4257813e+02
   1.1577680e+06   1.3189697e+02
   1.1578070e+06   1.2963867e+02
   1.1578370e+06   1.2725830e+02
   1.1578480e+06   1.4093018e+02
   1.1578950e+06   1.3745117e+02
   1.1579220e+06   1.3861084e+02
   1.1580250e+06   1.8041992e+02
   1.1581970e+06   1.4099121e+02
   1.1582640e+06   1.3470459e+02
   1.1582760e+06   1.4849854e+02
   1.1583230e+06   1.2976074e+02
   1.1583440e+06   1.3323975e+02
   1.1584340e+06   1.3922119e+02
   1.1584980e+06   1.7340088e+02
   1.2052130e+06   1.6913452e+03
   1.2406410e+06   1.3476563e+02
   1.2407290e+06   1.3958740e+02
   1.2408160e+06   1.5869141e+02
   1.2408970e+06   1.6387939e+02
   1.2409390e+06   1.3549805e+02
   1.2410230e+06   1.3439941e+02
   1.2411690e+06   1.2792969e+02
   1.2412050e+06   1.5527344e+02
   1.2412710e+06   1.8023682e+02
   1.2412900e+06   1.4733887e+02
   1.2413260e+06   2.1307373e+02
   1.2413990e+06   1.6674805e+02
   1.2414700e+06   1.4056396e+02
   1.2414980e+06   1.3299561e+02
   1.2415380e+06   2.1661377e+02
   1.2415690e+06   1.9958496e+02
   1.2416030e+06   1.5026855e+02
   1.2416570e+06   1.5576172e+02
   1.2417080e+06   2.0123291e+02
   1.2417190e+06   1.4141846e+02
   1.2417560e+06   1.6442871e+02
   1.2418130e+06   1.2768555e+02
   1.2418250e+06   1.3433838e+02
   1.2418550e+06   1.5057373e+02
   1.2419270e+06   1.4343262e+02
   1.2419790e+06   1.3006592e+02
   1.2420080e+06   1.4068604e+02
   1.2420370e+06   1.2811279e+02
   1.2420750e+06   1.4831543e+02
   1.2422250e+06   1.2872314e+02
   1.2427030e+06   1.3098145e+02
   1.2552270e+06   1.6803589e+03
   1.2827310e+06   1.2774658e+02
   1.2828580e+06   1.6259766e+02
   1.2828810e+06   1.3824463e+02
   1.2829500e+06   1.5881348e+02
   1.2829680e+06   1.4691162e+02
   1.2830260e+06   1.7779541e+02
   1.2830680e+06   1.8402100e+02
   1.2830990e+06   1.4611816e+02
   1.2831470e+06   1.7224121e+02
   1.2831700e+06   1.6894531e+02
   1.2832000e+06   1.2731934e+02
   1.2832870e+06   2.4884033e+02
   1.2833120e+06   1.5472412e+02
   1.2833420e+06   1.9879150e+02
   1.2834040e+06   1.3488770e+02
   1.2834840e+06   1.6149902e+02
   1.2835500e+06   1.3458252e+02
   1.2836090e+06   2.3211670e+02
   1.2836490e+06   1.4965820e+02
   1.2837060e+06   1.4221191e+02
   1.2837370e+06   1.8524170e+02
   1.2838060e+06   1.6491699e+02
   1.2838380e+06   1.6125488e+02
   1.2838900e+06   1.3513184e+02
   1.2839340e+06   1.3690186e+02
   1.2839920e+06   1.2969971e+02
   1.2840520e+06   1.6210938e+02
   1.2842010e+06   1.5667725e+02
   1.2842940e+06   1.5161133e+02
   1.2843100e+06   1.9683838e+02
   1.2843630e+06   1.5563965e+02
   1.2844000e+06   1.4892578e+02
   1.2848180e+06   1.6082764e+02
   1.3052410e+06   1.6685181e+03
   1.3060250e+06   1.3616943e+02
   1.3060540e+06   1.6210938e+02
   1.3060680e+06   1.4489746e+02
   1.3061170e+06   1.4172363e+02
   1.3062150e+06   1.6955566e+02
   1.3062500e+06   1.7089844e+02
   1.3062820e+06   1.3586426e+02
   1.3063490e+06   1.3055420e+02
   1.3065760e+06   1.4617920e+02
   1.3066840e+06   1.4019775e+02
   1.3068150e+06   1.4453125e+02
   1.3068350e+06   1.3226318e+02
   1.3069040e+06   1.2707520e+02
   1.3071100e+06   1.7767334e+02
   1.3071470e+06   1.4697266e+02
   1.3073020e+06   1.2774658e+02
   1.3076870e+06   1.2744141e+02
   1.3552530e+06   8.6334229e+02
   1.3562910e+06   2.1942139e+02
   1.3563970e+06   1.3867188e+02
   1.3564340e+06   1.5032959e+02
   1.3564820e+06   1.4794922e+02
   1.3565240e+06   1.8530273e+02
   1.3565850e+06   1.7388916e+02
   1.3567900e+06   1.2982178e+02
   1.3568540e+06   1.4215088e+02
   1.3569510e+06   1.6369629e+02
   1.3570050e+06   1.3293457e+02
   1.3570210e+06   1.9213867e+02
   1.3570660e+06   2.0214844e+02
   1.3570820e+06   1.8493652e+02
   1.3571170e+06   1.5954590e+02
   1.3571720e+06   1.3659668e+02
   1.3572820e+06   1.5679932e+02
   1.3573060e+06   1.2768555e+02
   1.3573960e+06   1.6961670e+02
   1.3574410e+06   1.4831543e+02
   1.3575580e+06   1.5051270e+02
   1.3575840e+06   1.4331055e+02
   1.3576270e+06   1.3964844e+02
   1.3576810e+06   1.4477539e+02
   1.3577530e+06   1.4050293e+02
   1.3577670e+06   1.6772461e+02
   1.3579340e+06   1.2994385e+02
   1.3581440e+06   1.3397217e+02
   1.3584220e+06   1.3122559e+02
   1.4052690e+06   1.6583862e+03
   1.4060990e+06   1.2982178e+02
   1.4061430e+06   1.4294434e+02
   1.4061910e+06   1.3220215e+02
   1.4062650e+06   1.3055420e+02
   1.4062860e+06   1.5161133e+02
   1.4063200e+06   1.9390869e+02
   1.4064200e+06   1.3189697e+02
   1.4065440e+06   1.4587402e+02
   1.4065590e+06   1.5130615e+02
   1.4065910e+06   1.3153076e+02
   1.4066490e+06   1.5356445e+02
   1.4066940e+06   1.3317871e+02
   1.4067640e+06   1.5045166e+02
   1.4067880e+06   1.3037109e+02
   1.4068530e+06   1.3781738e+02
   1.4068920e+06   1.3128662e+02
   1.4069500e+06   1.6796875e+02
   1.4070040e+06   1.2878418e+02
   1.4070530e+06   1.7065430e+02
   1.4071160e+06   1.4709473e+02
   1.4072070e+06   1.5270996e+02
   1.4072300e+06   1.4752197e+02
   1.4073350e+06   1.4202881e+02
   1.4073500e+06   1.2731934e+02
   1.4074950e+06   1.2768555e+02
   1.4077050e+06   1.6375732e+02
   1.4079110e+06   1.5527344e+02
   1.4080080e+06   1.3006592e+02
   1.4081330e+06   1.4593506e+02
   1.4552810e+06   8.6907959e+02
   1.4562140e+06   1.3128662e+02
   1.4563130e+06   1.4099121e+02
   1.4563330e+06   1.4282227e+02
   1.4563650e+06   1.3208008e+02
   1.4564060e+06   1.6131592e+02
   1.4564550e+06   1.3391113e+02
   1.4565280e+06   1.3580322e+02
   1.4565530e+06   1.5026855e+02
   1.4566140e+06   1.4178467e+02
   1.4567420e+06   1.5026855e+02
   1.4568030e+06   1.2695313e+02
   1.4568140e+06   1.3262939e+02
   1.4568400e+06   1.3293457e+02
   1.4568870e+06   1.5069580e+02
   1.4569390e+06   1.4422607e+02
   1.4570840e+06   1.4630127e+02
   1.4572510e+06   1.4404297e+02
   1.4573270e+06   1.3824463e+02
   1.4574720e+06   1.2731934e+02
   1.4576070e+06   1.4001465e+02
   1.4576830e+06   1.3348389e+02
   1.4598820e+06   1.2969971e+02
   1.4741250e+06   1.3189697e+02
   1.5052950e+06   8.3593750e+02
   1.5063290e+06   2.2192383e+02
   1.5063620e+06   1.9250488e+02
   1.5063930e+06   1.4776611e+02
   1.5064100e+06   1.5740967e+02
   1.5064490e+06   1.5344238e+02
   1.5065050e+06   1.3079834e+02
   1.5065170e+06   1.6210938e+02
   1.5065760e+06   1.2890625e+02
   1.5066090e+06   1.5747070e+02
   1.5066730e+06   1.4843750e+02
   1.5067890e+06   1.3122559e+02
   1.5068380e+06   1.3049316e+02
   1.5068690e+06   1.3720703e+02
   1.5069320e+06   1.3073730e+02
   1.5070850e+06   1.3073730e+02
   1.5071740e+06   1.5441895e+02
   1.5072000e+06   1.6918945e+02
   1.5073690e+06   1.3464355e+02
   1.5074050e+06   1.3781738e+02
   1.5076110e+06   1.4489746e+02
   1.5103100e+06   1.2927246e+02
   1.5106640e+06   1.3024902e+02
   1.5107670e+06   1.2854004e+02
   1.5108510e+06   1.2750244e+02
   1.5111390e+06   1.3421631e+02
   1.5553090e+06   8.2788086e+02
   1.5563080e+06   1.4416504e+02
   1.5563180e+06   1.3861084e+02
   1.5563430e+06   1.3037109e+02
   1.5563680e+06   1.2841797e+02
   1.5564510e+06   1.5905762e+02
   1.5564920e+06   1.5771484e+02
   1.5565300e+06   1.4447021e+02
   1.5565590e+06   1.7370605e+02
   1.5566120e+06   1.3989258e+02
   1.5567890e+06   1.3867188e+02
   1.5568160e+06   1.2768555e+02
   1.5569020e+06   1.2799072e+02
   1.5569190e+06   2.4261475e+02
   1.5569730e+06   1.3775635e+02
   1.5570020e+06   1.4300537e+02
   1.5571050e+06   1.6210938e+02
   1.5571180e+06   1.2896729e+02
   1.5571520e+06   1.2750244e+02
   1.5571920e+06   1.3067627e+02
   1.5572620e+06   1.5911865e+02
   1.5573060e+06   1.5185547e+02
   1.5573450e+06   1.3635254e+02
   1.5573970e+06   1.8768311e+02
   1.5598650e+06   1.2908936e+02
   1.6053230e+06   8.0865479e+02
   1.6060690e+06   1.4337158e+02
   1.6061590e+06   1.3763428e+02
   1.6063020e+06   1.6278076e+02
   1.6063490e+06   1.5399170e+02
   1.6063660e+06   1.3934326e+02
   1.6064190e+06   1.3726807e+02
   1.6064450e+06   1.3415527e+02
   1.6064810e+06   1.8542480e+02
   1.6065240e+06   1.4343262e+02
   1.6065390e+06   1.4886475e+02
   1.6065560e+06   1.2744141e+02
   1.6065830e+06   1.2854004e+02
   1.6066590e+06   1.8267822e+02
   1.6067450e+06   1.6687012e+02
   1.6068090e+06   2.3120117e+02
   1.6068650e+06   1.4593506e+02
   1.6068870e+06   1.4447021e+02
   1.6069400e+06   2.2967529e+02
   1.6069910e+06   1.6302490e+02
   1.6070140e+06   1.2799072e+02
   1.6070870e+06   1.3586426e+02
   1.6071180e+06   1.3281250e+02
   1.6072150e+06   1.6876221e+02
   1.6073010e+06   1.5008545e+02
   1.6073720e+06   2.0300293e+02
   1.6074120e+06   1.3049316e+02
   1.6074670e+06   1.3061523e+02
   1.6074920e+06   1.5991211e+02
   1.6078290e+06   1.3012695e+02
   1.6081890e+06   1.3531494e+02
   1.6553370e+06   7.8381348e+02
   1.6564490e+06   1.5960693e+02
   1.6565530e+06   1.4721680e+02
   1.6567180e+06   1.4825439e+02
   1.6567530e+06   2.0721436e+02
   1.6568040e+06   1.3555908e+02
   1.6568300e+06   1.5008545e+02
   1.6568590e+06   2.1343994e+02
   1.6568830e+06   1.5417480e+02
   1.6569180e+06   1.3012695e+02
   1.6569450e+06   1.9702148e+02
   1.6569930e+06   1.5356445e+02
   1.6570450e+06   1.9390869e+02
   1.6570680e+06   1.7431641e+02
   1.6571110e+06   1.7504883e+02
   1.6571810e+06   1.7108154e+02
   1.6572120e+06   1.3397217e+02
   1.6572960e+06   1.2780762e+02
   1.6574130e+06   1.6845703e+02
   1.6574240e+06   1.3989258e+02
   1.6574420e+06   1.4373779e+02
   1.6574720e+06   1.5325928e+02
   1.6575180e+06   1.3757324e+02
   1.6575400e+06   1.5740967e+02
   1.6576080e+06   1.6107178e+02
   1.6576720e+06   1.4440918e+02
   1.6579200e+06   1.5606689e+02
   1.6579720e+06   1.4807129e+02
   1.6580010e+06   1.3507080e+02
   1.6581890e+06   1.2811279e+02
   1.6582160e+06   1.4093018e+02
   1.6585880e+06   1.4672852e+02
   1.6587970e+06   1.2835693e+02
   1.6593630e+06   1.3421631e+02
   1.7053510e+06   8.2543945e+02
   1.7062340e+06   1.3427734e+02
   1.7063070e+06   1.6491699e+02
   1.7064090e+06   1.4556885e+02
   1.7064340e+06   1.8823242e+02
   1.7064730e+06   2.0874023e+02
   1.7065200e+06   1.5051270e+02
   1.7065390e+06   1.4312744e+02
   1.7065580e+06   1.5441895e+02
   1.7065870e+06   1.3555908e+02
   1.7066470e+06   1.6754150e+02
   1.7066610e+06   1.3903809e+02
   1.7067070e+06   1.4416504e+02
   1.7067370e+06   1.3616943e+02
   1.7067640e+06   1.2719727e+02
   1.7068190e+06   1.5295410e+02
   1.7068590e+06   1.3250732e+02
   1.7069030e+06   1.3305664e+02
   1.7069210e+06   1.6955566e+02
   1.7069660e+06   1.3049316e+02
   1.7069950e+06   1.3464355e+02
   1.7070260e+06   1.2835693e+02
   1.7071180e+06   1.8359375e+02
   1.7071360e+06   1.4453125e+02
   1.7071570e+06   1.6412354e+02
   1.7072450e+06   1.5618896e+02
   1.7072620e+06   1.3372803e+02
   1.7073850e+06   1.3427734e+02
   1.7074210e+06   1.6619873e+02
   1.7082080e+06   1.3208008e+02
   1.7553650e+06   8.3056641e+02
   1.7561760e+06   1.7510986e+02
   1.7562120e+06   1.9683838e+02
   1.7562640e+06   1.3836670e+02
   1.7563120e+06   1.4849854e+02
   1.7563410e+06   1.5557861e+02
   1.7563990e+06   1.7016602e+02
   1.7564140e+06   1.5106201e+02
   1.7565050e+06   1.7333984e+02
   1.7565520e+06   1.9915771e+02
   1.7566360e+06   1.5460205e+02
   1.7566850e+06   1.6241455e+02
   1.7567570e+06   1.9732666e+02
   1.7568820e+06   1.2969971e+02
   1.7569120e+06   1.3867188e+02
   1.7569500e+06   1.3195801e+02
   1.7571270e+06   1.6046143e+02
   1.7571900e+06   1.2817383e+02
   1.7573790e+06   1.2890625e+02
   1.7574220e+06   1.4544678e+02
   1.7575090e+06   1.2963867e+02
   1.7578000e+06   1.3287354e+02
   1.8053790e+06   7.9284668e+02
   1.8062540e+06   1.3458252e+02
   1.8062790e+06   1.4752197e+02
   1.8063490e+06   1.4398193e+02
   1.8063920e+06   1.2921143e+02
   1.8064310e+06   1.2811279e+02
   1.8064690e+06   1.4123535e+02
   1.8064980e+06   1.3177490e+02
   1.8065530e+06   1.3665771e+02
   1.8065740e+06   1.5832520e+02
   1.8066180e+06   1.4172363e+02
   1.8066600e+06   1.4215088e+02
   1.8067020e+06   1.2725830e+02
   1.8067360e+06   1.3732910e+02
   1.8067970e+06   1.6772461e+02
   1.8068200e+06   1.4184570e+02
   1.8068490e+06   1.4697266e+02
   1.8068820e+06   1.6357422e+02
   1.8069050e+06   1.6528320e+02
   1.8069560e+06   2.3339844e+02
   1.8069970e+06   1.3165283e+02
   1.8070320e+06   1.3598633e+02
   1.8070860e+06   1.6082764e+02
   1.8071610e+06   1.4196777e+02
   1.8071870e+06   1.6552734e+02
   1.8072580e+06   1.4288330e+02
   1.8072810e+06   1.2902832e+02
   1.8073130e+06   1.3104248e+02
   1.8073260e+06   1.4160156e+02
   1.8073610e+06   1.5808105e+02
   1.8073820e+06   1.8939209e+02
   1.8074900e+06   1.4025879e+02
   1.8075460e+06   1.3134766e+02
   1.8076090e+06   1.3183594e+02
   1.8076400e+06   1.3830566e+02
   1.8076930e+06   1.4849854e+02
   1.8078250e+06   1.5783691e+02
   1.8098670e+06   1.2927246e+02
   1.8553930e+06   8.2086182e+02
   1.8561720e+06   1.6857910e+02
   1.8562150e+06   1.4739990e+02
   1.8562650e+06   1.3665771e+02
   1.8563550e+06   1.3165283e+02
   1.8563990e+06   1.8316650e+02
   1.8564580e+06   1.3067627e+02
   1.8565040e+06   1.4147949e+02
   1.8565450e+06   1.5490723e+02
   1.8565690e+06   1.5026855e+02
   1.8566240e+06   1.5856934e+02
   1.8566570e+06   1.9506836e+02
   1.8567000e+06   1.5057373e+02
   1.8567300e+06   1.2744141e+02
   1.8567510e+06   1.6308594e+02
   1.8567910e+06   1.7431641e+02
   1.8568120e+06   1.6650391e+02
   1.8568610e+06   1.3641357e+02
   1.8568840e+06   1.3073730e+02
   1.8569080e+06   1.7504883e+02
   1.8569240e+06   1.4361572e+02
   1.8569650e+06   1.3427734e+02
   1.8570350e+06   1.4080811e+02
   1.8570530e+06   1.3079834e+02
   1.8570850e+06   1.7028809e+02
   1.8571420e+06   1.3702393e+02
   1.8572870e+06   1.3250732e+02
   1.8574440e+06   1.3555908e+02
   1.8574860e+06   1.5002441e+02
   1.8575850e+06   1.2969971e+02
   1.8576680e+06   1.3275146e+02
   1.8576930e+06   1.2878418e+02
   1.8577230e+06   1.2890625e+02
   1.8579910e+06   1.3238525e+02
   1.8584060e+06   1.2756348e+02
   1.8585950e+06   1.3494873e+02
   1.8591290e+06   1.3061523e+02
   1.9054090e+06   1.6869507e+03
   1.9061890e+06   1.3568115e+02
   1.9062320e+06   1.5850830e+02
   1.9062740e+06   1.4477539e+02
   1.9063550e+06   1.3562012e+02
   1.9063720e+06   1.4093018e+02
   1.9063830e+06   1.8670654e+02
   1.9064220e+06   1.7126465e+02
   1.9064680e+06   1.5405273e+02
   1.9065470e+06   1.4978027e+02
   1.9066010e+06   1.3842773e+02
   1.9066340e+06   1.6076660e+02
   1.9066600e+06   1.3732910e+02
   1.9067350e+06   1.3745117e+02
   1.9068560e+06   1.3873291e+02
   1.9069580e+06   2.0373535e+02
   1.9070740e+06   1.3171387e+02
   1.9071800e+06   1.2780762e+02
   1.9072170e+06   1.3488770e+02
   1.9072680e+06   1.3006592e+02
   1.9073360e+06   1.3989258e+02
   1.9073570e+06   1.3360596e+02
   1.9074360e+06   1.3165283e+02
   1.9076570e+06   1.5106201e+02
   1.9076790e+06   1.4465332e+02
   1.9077190e+06   1.3140869e+02
   1.9079010e+06   1.3256836e+02
   1.9206210e+06   1.3720703e+02
   1.9459300e+06   1.3671875e+02
   1.9459740e+06   1.5655518e+02
   1.9460560e+06   1.4825439e+02
   1.9460930e+06   1.6821289e+02
   1.9461740e+06   1.2878418e+02
   1.9462010e+06   1.7987061e+02
   1.9462490e+06   2.1636963e+02
   1.9463120e+06   1.3275146e+02
   1.9463570e+06   1.2945557e+02
   1.9464210e+06   1.2823486e+02
   1.9464590e+06   1.2774658e+02
   1.9465250e+06   1.3983154e+02
   1.9465680e+06   1.4672852e+02
   1.9466230e+06   2.0642090e+02
   1.9466870e+06   1.4050293e+02
   1.9467080e+06   1.2951660e+02
   1.9467680e+06   1.4147949e+02
   1.9467850e+06   1.3226318e+02
   1.9468650e+06   1.4215088e+02
   1.9468950e+06   1.2823486e+02
   1.9469860e+06   1.5399170e+02
   1.9470450e+06   1.4062500e+02
   1.9473370e+06   1.4257813e+02
   1.9473670e+06   1.3610840e+02
   1.9473900e+06   1.4373779e+02
   1.9474630e+06   1.4031982e+02
   1.9476450e+06   1.5441895e+02
   1.9478780e+06   1.3739014e+02
   1.9484430e+06   1.4489746e+02
   1.9491770e+06   1.2963867e+02
   1.9554230e+06   1.6573486e+03
   1.9874070e+06   1.2890625e+02
   2.0054350e+06   8.2885742e+02
   2.0061110e+06   1.6735840e+02
   2.0061330e+06   1.9543457e+02
   2.0061910e+06   2.2021484e+02
   2.0062080e+06   2.1673584e+02
   2.0062460e+06   1.7913818e+02
   2.0064140e+06   1.3421631e+02
   2.0064360e+06   1.5075684e+02
   2.0064820e+06   2.6263428e+02
   2.0064960e+06   1.2890625e+02
   2.0065350e+06   1.5484619e+02
   2.0065820e+06   1.6143799e+02
   2.0066070e+06   1.3348389e+02
   2.0066800e+06   1.3122559e+02
   2.0067120e+06   1.5759277e+02
   2.0068140e+06   1.3671875e+02
   2.0068510e+06   1.6790771e+02
   2.0069180e+06   1.3580322e+02
   2.0069640e+06   1.4990234e+02
   2.0070090e+06   1.3555908e+02
   2.0070360e+06   1.7559814e+02
   2.0070970e+06   1.8426514e+02
   2.0071180e+06   1.3244629e+02
   2.0071530e+06   1.6644287e+02
   2.0073380e+06   1.2878418e+02
   2.0073860e+06   1.3189697e+02
   2.0074380e+06   1.3775635e+02
   2.0074880e+06   1.7950439e+02
   2.0075520e+06   1.3024902e+02
   2.0080000e+06   1.3092041e+02
   2.0085710e+06   1.3067627e+02
   2.0554510e+06   1.6015625e+03
   2.0563420e+06   1.2982178e+02
   2.0563550e+06   1.2939453e+02
   2.0564070e+06   1.3739014e+02
   2.0564340e+06   1.3092041e+02
   2.0564700e+06   1.6058350e+02
   2.0565090e+06   1.3043213e+02
   2.0565360e+06   1.2817383e+02
   2.0566380e+06   1.7388916e+02
   2.0566710e+06   2.0727539e+02
   2.0566890e+06   1.3360596e+02
   2.0568510e+06   1.7547607e+02
   2.0569030e+06   1.7779541e+02
   2.0569990e+06   1.3098145e+02
   2.0570750e+06   1.9525146e+02
   2.0571610e+06   1.7272949e+02
   2.0571910e+06   1.4739990e+02
   2.0573180e+06   1.6448975e+02
   2.0573330e+06   1.3085938e+02
   2.0574460e+06   1.3153076e+02
   2.0575490e+06   1.3439941e+02
   2.0576940e+06   1.6156006e+02
   2.0578050e+06   1.3653564e+02
   2.1051520e+06   1.2994385e+02
   2.1054630e+06   7.9895020e+02
   2.1061560e+06   1.5869141e+02
   2.1063010e+06   1.6717529e+02
   2.1063140e+06   1.3897705e+02
   2.1063700e+06   1.3195801e+02
   2.1063940e+06   1.3140869e+02
   2.1064440e+06   1.3098145e+02
   2.1064800e+06   1.4019775e+02
   2.1065240e+06   1.5997314e+02
   2.1065440e+06   1.9812012e+02
   2.1066130e+06   1.4050293e+02
   2.1066270e+06   2.2070313e+02
   2.1067290e+06   2.2576904e+02
   2.1067670e+06   2.1429443e+02
   2.1068340e+06   1.3769531e+02
   2.1069630e+06   1.3592529e+02
   2.1069910e+06   1.4654541e+02
   2.1070170e+06   1.4398193e+02
   2.1070760e+06   1.5466309e+02
   2.1070860e+06   1.4733887e+02
   2.1071720e+06   1.4208984e+02
   2.1072640e+06   1.3720703e+02
   2.1073550e+06   1.4794922e+02
   2.1073750e+06   1.5716553e+02
   2.1074720e+06   1.2957764e+02
   2.1075020e+06   1.2817383e+02
   2.1340330e+06   1.3983154e+02
   2.1554770e+06   8.1939697e+02
   2.1562760e+06   1.5783691e+02
   2.1562900e+06   1.4398193e+02
   2.1563780e+06   1.4276123e+02
   2.1564250e+06   1.9335938e+02
   2.1565170e+06   1.4532471e+02
   2.1566050e+06   1.6564941e+02
   2.1566890e+06   1.2890625e+02
   2.1567220e+06   1.3568115e+02
   2.1567480e+06   1.3854980e+02
   2.1567830e+06   1.9079590e+02
   2.1568060e+06   1.4910889e+02
   2.1568540e+06   1.5167236e+02
   2.1568770e+06   1.5716553e+02
   2.1569300e+06   1.2969971e+02
   2.1569610e+06   1.9116211e+02
   2.1570340e+06   2.0977783e+02
   2.1570590e+06   2.1795654e+02
   2.1571010e+06   1.7022705e+02
   2.1571870e+06   1.6528320e+02
   2.1572500e+06   1.3513184e+02
   2.1572620e+06   1.6888428e+02
   2.1573260e+06   1.3110352e+02
   2.1573430e+06   1.3940430e+02
   2.1574670e+06   1.3946533e+02
   2.1578580e+06   1.6455078e+02
   2.1578690e+06   1.5350342e+02
   2.2052330e+06   1.3482666e+02
   2.2052560e+06   1.3824463e+02
   2.2052810e+06   1.4862061e+02
   2.2053200e+06   1.5252686e+02
   2.2053510e+06   1.4843750e+02
   2.2054020e+06   2.1844482e+02
   2.2054300e+06   1.3781738e+02
   2.2054910e+06   8.4619141e+02
   2.2055320e+06   1.3922119e+02
   2.2056760e+06   1.4642334e+02
   2.2057230e+06   1.3348389e+02
   2.2057950e+06   1.4160156e+02
   2.2058660e+06   1.3659668e+02
   2.2059370e+06   1.3848877e+02
   2.2059690e+06   1.8078613e+02
   2.2060180e+06   1.9915771e+02
   2.2060520e+06   1.6455078e+02
   2.2060900e+06   1.3970947e+02
   2.2061850e+06   1.3183594e+02
   2.2065030e+06   1.4147949e+02
   2.2065760e+06   1.4355469e+02
   2.2066900e+06   1.3586426e+02
   2.2067900e+06   1.4947510e+02
   2.2069290e+06   1.2957764e+02
   2.2070290e+06   1.3000488e+02
   2.2077290e+06   1.3830566e+02
   2.2267360e+06   1.2768555e+02
   2.2555050e+06   7.8686523e+02
   2.2561390e+06   1.3983154e+02
   2.2562350e+06   1.4166260e+02
   2.2562750e+06   1.7755127e+02
   2.2563400e+06   1.2933350e+02
   2.2564480e+06   2.5213623e+02
   2.2565090e+06   1.4373779e+02
   2.2565610e+06   1.2835693e+02
   2.2567040e+06   1.4855957e+02
   2.2567690e+06   1.6503906e+02
   2.2567810e+06   1.5753174e+02
   2.2568450e+06   1.5960693e+02
   2.2569260e+06   1.3427734e+02
   2.2569870e+06   1.3989258e+02
   2.2570230e+06   1.3757324e+02
   2.2571270e+06   1.3403320e+02
   2.2572240e+06   1.6058350e+02
   2.2574800e+06   1.5582275e+02
   2.3055210e+06   1.6667480e+03
   2.3062340e+06   1.3531494e+02
   2.3062840e+06   2.0318604e+02
   2.3062950e+06   1.2835693e+02
   2.3063740e+06   1.7620850e+02
   2.3064050e+06   1.5234375e+02
   2.3064280e+06   1.2725830e+02
   2.3064460e+06   1.6705322e+02
   2.3065060e+06   1.6107178e+02
   2.3065430e+06   1.5734863e+02
   2.3065740e+06   1.3061523e+02
   2.3066540e+06   2.0910645e+02
   2.3066650e+06   1.8817139e+02
   2.3067040e+06   1.9262695e+02
   2.3067470e+06   1.8817139e+02
   2.3067730e+06   1.4367676e+02
   2.3068030e+06   1.5539551e+02
   2.3068280e+06   1.7834473e+02
   2.3068890e+06   1.6662598e+02
   2.3069210e+06   1.4672852e+02
   2.3069610e+06   1.2701416e+02
   2.3070200e+06   1.4373779e+02
   2.3070410e+06   1.8206787e+02
   2.3071420e+06   1.4257813e+02
   2.3071840e+06   1.3226318e+02
   2.3072450e+06   1.4575195e+02
   2.3074780e+06   1.4080811e+02
   2.3077550e+06   1.2921143e+02
   2.3079630e+06   1.3122559e+02
   2.3555330e+06   8.3776855e+02
   2.3560820e+06   1.2994385e+02
   2.3561580e+06   1.8493652e+02
   2.3561870e+06   1.4801025e+02
   2.3563800e+06   1.4123535e+02
   2.3564110e+06   1.4349365e+02
   2.3564600e+06   1.9903564e+02
   2.3564790e+06   1.9335937e+02
   2.3565280e+06   1.5325928e+02
   2.3565460e+06   1.6992188e+02
   2.3566480e+06   1.6699219e+02
   2.3566660e+06   1.8707275e+02
   2.3567120e+06   1.9335938e+02
   2.3567530e+06   1.4044189e+02
   2.3568040e+06   1.6064453e+02
   2.3568380e+06   1.4422607e+02
   2.3568700e+06   1.8890381e+02
   2.3569090e+06   1.4111328e+02
   2.3569220e+06   1.6101074e+02
   2.3570460e+06   1.5319824e+02
   2.3570760e+06   1.3348389e+02
   2.3571170e+06   1.4349365e+02
   2.3571540e+06   1.5612793e+02
   2.3572480e+06   1.3067627e+02
   2.3573080e+06   1.4202881e+02
   2.3574070e+06   1.3336182e+02
   2.3574740e+06   1.3232422e+02
   2.3575170e+06   1.5069580e+02
   2.3575960e+06   1.5130615e+02
   2.3577540e+06   1.3098145e+02
   2.3582650e+06   1.3903809e+02
   2.4223540e+06   1.4447021e+02
   2.4223930e+06   1.7846680e+02
   2.4224250e+06   1.4001465e+02
   2.4225460e+06   1.3177490e+02
   2.4225880e+06   1.3824463e+02
   2.4226450e+06   1.5765381e+02
   2.4226950e+06   1.5795898e+02
   2.4228000e+06   1.2762451e+02
   2.4228400e+06   1.3189697e+02
   2.4228800e+06   2.1539307e+02
   2.4229240e+06   2.1197510e+02
   2.4229750e+06   1.9342041e+02
   2.4229980e+06   2.1374512e+02
   2.4230700e+06   1.8353271e+02
   2.4231310e+06   1.3598633e+02
   2.4231620e+06   1.7456055e+02
   2.4232150e+06   1.4532471e+02
   2.4232650e+06   1.3964844e+02
   2.4233820e+06   1.3555908e+02
   2.4234640e+06   1.3586426e+02
   2.4236030e+06   1.4147949e+02
   2.4236300e+06   1.3092041e+02
   2.4236530e+06   1.2933350e+02
   2.4237150e+06   1.4520264e+02
   2.4237420e+06   1.4099121e+02
   2.4240300e+06   1.4709473e+02
   2.4922840e+06   1.4709473e+02
   2.4923330e+06   1.5362549e+02
   2.4923920e+06   1.3952637e+02
   2.4924240e+06   1.7950439e+02
   2.4924810e+06   1.4404297e+02
   2.4924950e+06   1.5679932e+02
   2.4925280e+06   1.4965820e+02
   2.4925550e+06   1.5960693e+02
   2.4926360e+06   1.7663574e+02
   2.4926730e+06   2.1588135e+02
   2.4927300e+06   1.5753174e+02
   2.4927710e+06   1.3848877e+02
   2.4928300e+06   1.2939453e+02
   2.4928820e+06   1.3458252e+02
   2.4928950e+06   1.3366699e+02
   2.4929570e+06   1.2792969e+02
   2.4929920e+06   1.6394043e+02
   2.4930190e+06   1.7297363e+02
   2.4930330e+06   1.4300537e+02
   2.4930730e+06   1.4105225e+02
   2.4931110e+06   1.4672852e+02
   2.4931680e+06   1.9641113e+02
   2.4932200e+06   1.4624023e+02
   2.4934420e+06   1.5759277e+02
   2.4935710e+06   1.4776611e+02
   2.4938540e+06   1.4990234e+02
   2.5606170e+06   2.2363281e+02
   2.5606550e+06   1.4178467e+02
   2.5607160e+06   1.5222168e+02
   2.5607260e+06   1.7950439e+02
   2.5608270e+06   1.3879395e+02
   2.5608920e+06   1.7291260e+02
   2.5609090e+06   1.5325928e+02
   2.5609640e+06   2.2869873e+02
   2.5610080e+06   1.3488770e+02
   2.5610190e+06   1.5057373e+02
   2.5610710e+06   1.9500732e+02
   2.5611620e+06   1.3964844e+02
   2.5612160e+06   1.3684082e+02
   2.5612580e+06   1.4941406e+02
   2.5612890e+06   2.2875977e+02
   2.5613540e+06   2.1594238e+02
   2.5613790e+06   1.4776611e+02
   2.5614340e+06   1.2951660e+02
   2.5614470e+06   1.4001465e+02
   2.5614690e+06   1.3763428e+02
   2.5614940e+06   1.5191650e+02
   2.5616100e+06   1.4434814e+02
   2.5616430e+06   1.3879395e+02
   2.5616830e+06   1.6253662e+02
   2.5617170e+06   1.3940430e+02
   2.5617700e+06   1.8957520e+02
   2.5617990e+06   1.8090820e+02
   2.5624370e+06   1.3616943e+02
   2.5625970e+06   1.2713623e+02
   2.6177910e+06   1.3391113e+02
   2.6178120e+06   1.4117432e+02
   2.6179320e+06   1.5399170e+02
   2.6179740e+06   1.5130615e+02
   2.6180130e+06   1.4196777e+02
   2.6181360e+06   1.5362549e+02
   2.6181610e+06   1.3757324e+02
   2.6181860e+06   1.3403320e+02
   2.6182170e+06   1.8121338e+02
   2.6182550e+06   1.5936279e+02
   2.6183000e+06   2.5170898e+02
   2.6183500e+06   1.6320801e+02
   2.6184120e+06   1.4758301e+02
   2.6184600e+06   1.4434814e+02
   2.6184970e+06   1.4135742e+02
   2.6185310e+06   1.6058350e+02
   2.6185980e+06   1.3537598e+02
   2.6186080e+06   1.4318848e+02
   2.6186840e+06   1.4746094e+02
   2.6187110e+06   1.3513184e+02
   2.6188600e+06   1.2780762e+02
   2.6189950e+06   1.3415527e+02
   2.6192040e+06   1.2774658e+02
   2.6849370e+06   1.3287354e+02
   2.6850070e+06   1.3964844e+02
   2.6851270e+06   1.5283203e+02
   2.6851660e+06   1.6571045e+02
   2.6851760e+06   1.3153076e+02
   2.6852800e+06   1.6253662e+02
   2.6854540e+06   1.4776611e+02
   2.6855260e+06   2.1881104e+02
   2.6855760e+06   1.3427734e+02
   2.6856110e+06   2.1398926e+02
   2.6856980e+06   1.3897705e+02
   2.6858030e+06   1.3092041e+02
   2.6858790e+06   1.7254639e+02
   2.6859060e+06   1.3500977e+02
   2.6859170e+06   1.3580322e+02
   2.6859690e+06   1.3061523e+02
   2.6860150e+06   1.4202881e+02
   2.6860520e+06   1.6857910e+02
   2.6861590e+06   1.5374756e+02
   2.6861830e+06   1.3629150e+02
   2.6862620e+06   1.5808105e+02
   2.6863480e+06   1.4813232e+02
   2.6865840e+06   1.3012695e+02
   2.6866730e+06   1.2847900e+02
   2.6867460e+06   1.2756348e+02
   2.7877530e+06   1.6058350e+02
   2.7877740e+06   1.6644287e+02
   2.7878400e+06   1.2866211e+02
   2.7878880e+06   1.5643311e+02
   2.7879290e+06   1.3385010e+02
   2.7880360e+06   1.5252686e+02
   2.7880620e+06   1.3861084e+02
   2.7880850e+06   1.3604736e+02
   2.7881090e+06   1.3446045e+02
   2.7881330e+06   1.6094971e+02
   2.7881590e+06   1.2884521e+02
   2.7881830e+06   1.3592529e+02
   2.7882480e+06   1.2890625e+02
   2.7883370e+06   1.3696289e+02
   2.7883630e+06   1.6784668e+02
   2.7884080e+06   1.7193604e+02
   2.7884520e+06   1.3226318e+02
   2.7884900e+06   1.3934326e+02
   2.7885610e+06   1.3360596e+02
   2.7885790e+06   1.3830566e+02
   2.7887030e+06   1.4129639e+02
   2.7887620e+06   1.6516113e+02
   2.7888190e+06   1.3726807e+02
   2.7889350e+06   1.2817383e+02
   2.7891850e+06   1.6864014e+02
   2.7895180e+06   1.4385986e+02
   2.8621710e+06   1.2829590e+02
   2.8663050e+06   1.3861084e+02
   2.8663940e+06   1.6601563e+02
   2.8664380e+06   1.6070557e+02
   2.8665530e+06   1.6052246e+02
   2.8665950e+06   1.3830566e+02
   2.8666330e+06   1.5570068e+02
   2.8666430e+06   1.6625977e+02
   2.8666670e+06   1.6119385e+02
   2.8667300e+06   1.4331055e+02
   2.8667540e+06   1.4593506e+02
   2.8667960e+06   1.5747070e+02
   2.8669660e+06   1.4971924e+02
   2.8670870e+06   1.4953613e+02
   2.8671710e+06   1.3854980e+02
   2.8671980e+06   1.4813232e+02
   2.8672440e+06   1.4172363e+02
   2.8673150e+06   1.4788818e+02
   2.8674000e+06   1.8853760e+02
   2.8674210e+06   1.5551758e+02
   2.8676000e+06   1.4337158e+02
   2.8676320e+06   1.3598633e+02
   2.8679470e+06   1.6967773e+02
   2.8679670e+06   1.4428711e+02
   2.8681290e+06   1.6345215e+02
   2.9432910e+06   1.3049316e+02
   2.9433370e+06   1.6424561e+02
   2.9434650e+06   1.3452148e+02
   2.9435600e+06   1.6802979e+02
   2.9436060e+06   1.7138672e+02
   2.9436500e+06   2.1630859e+02
   2.9437240e+06   1.3232422e+02
   2.9437520e+06   1.7858887e+02
   2.9437880e+06   1.3299561e+02
   2.9438090e+06   1.6845703e+02
   2.9438470e+06   1.7718506e+02
   2.9438990e+06   1.6601563e+02
   2.9439100e+06   1.5954590e+02
   2.9439980e+06   1.4184570e+02
   2.9440990e+06   1.4056396e+02
   2.9441180e+06   1.3641357e+02
   2.9441470e+06   1.5753174e+02
   2.9442030e+06   1.4892578e+02
   2.9442240e+06   1.2927246e+02
   2.9442620e+06   1.2756348e+02
   2.9442950e+06   1.5808105e+02
   2.9443930e+06   1.6906738e+02
   2.9445070e+06   1.6424561e+02
   2.9445560e+06   1.3659668e+02
   2.9445900e+06   1.6540527e+02
   2.9446690e+06   1.5350342e+02
   2.9448410e+06   1.2878418e+02
   2.9449800e+06   1.5802002e+02
   2.9452260e+06   1.5106201e+02
