   2.9990000e+06   0.0000000e+00
   1.0370000e+03   2.0065308e+03
   1.0490000e+03   2.9968262e+01
   1.1820000e+03   4.0039063e+01
   9.3680000e+03   6.7993164e+01
   9.5600000e+03   6.3232422e+01
   9.6840000e+03   5.3405762e+01
   1.8841000e+04   6.8847656e+01
   1.9009000e+04   6.0913086e+01
   1.9115000e+04   4.1137695e+01
   3.7439000e+04   6.9335938e+01
   3.7495000e+04   3.1433105e+01
   5.1051000e+04   2.0048218e+03
   7.4359000e+04   3.7536621e+01
   1.0106500e+05   2.0064087e+03
   1.0611300e+05   7.9589844e+01
   1.0620700e+05   7.0434570e+01
   1.0627300e+05   5.3833008e+01
   1.0634300e+05   4.3212891e+01
   1.0642800e+05   4.2053223e+01
   1.1177200e+05   3.1555176e+01
   1.2614400e+05   6.9885254e+01
   1.2631100e+05   6.3476563e+01
   1.2640300e+05   5.7067871e+01
   1.3614800e+05   3.3935547e+01
   1.4947100e+05   3.6804199e+01
   1.5098500e+05   7.5927734e+01
   1.5108100e+05   3.9999390e+03
   1.5127300e+05   7.7270508e+01
   1.6080500e+05   6.1218262e+01
   1.6268300e+05   4.1564941e+01
   1.7229200e+05   6.4636230e+01
   1.7250500e+05   6.8420410e+01
   2.0099900e+05   6.2866211e+01
   2.0109500e+05   2.0070801e+03
   2.0116100e+05   4.6203613e+01
   2.0123600e+05   5.3527832e+01
   2.0134500e+05   4.7546387e+01
   2.2213400e+05   7.0617676e+01
   2.2247300e+05   5.5419922e+01
   2.2546300e+05   3.2775879e+01
   2.4785300e+05   7.2143555e+01
   2.5110700e+05   2.0112305e+03
   2.5116700e+05   6.4697266e+01
   2.5125000e+05   4.3701172e+01
   2.5128300e+05   6.0485840e+01
   2.6053800e+05   3.0578613e+01
   2.6598600e+05   3.9978027e+01
   2.7002200e+05   6.3354492e+01
   2.7111700e+05   6.8237305e+01
   2.8814900e+05   3.1005859e+01
   3.0011400e+05   3.2958984e+01
   3.0112100e+05   2.0093994e+03
   3.2015900e+05   8.0810547e+01
   3.2022400e+05   3.5461426e+01
   3.3024300e+05   3.4484863e+01
   3.4436100e+05   6.9824219e+01
   3.4470800e+05   6.7016602e+01
   3.5113700e+05   3.9999390e+03
   3.5127700e+05   4.5104980e+01
   3.5492700e+05   7.3303223e+01
   3.5509300e+05   6.2927246e+01
   3.5530800e+05   7.2326660e+01
   3.6467900e+05   7.1228027e+01
   3.6824100e+05   3.7780762e+01
   3.7247000e+05   6.0119629e+01
   3.8578200e+05   7.5927734e+01
   4.0114900e+05   2.0084229e+03
   4.3041900e+05   7.5195312e+01
   4.5116300e+05   2.0089111e+03
   4.5503300e+05   3.8208008e+01
   4.6129000e+05   4.4555664e+01
   4.6247400e+05   7.0068359e+01
   4.6256200e+05   6.3903809e+01
   4.6262000e+05   4.5837402e+01
   4.6269600e+05   4.5410156e+01
   4.6277000e+05   4.0344238e+01
   4.6293200e+05   4.7180176e+01
   4.9863200e+05   6.8664551e+01
   4.9871300e+05   5.4260254e+01
   4.9877800e+05   4.1870117e+01
   4.9885300e+05   4.9621582e+01
   4.9894700e+05   4.2236328e+01
   5.0117700e+05   2.0062256e+03
   5.0947900e+05   3.1555176e+01
   5.1559100e+05   3.7902832e+01
   5.3067400e+05   6.5673828e+01
   5.3516600e+05   7.1777344e+01
   5.5119100e+05   2.0060425e+03
   5.5120200e+05   3.5766602e+01
   5.5913700e+05   6.4270020e+01
   5.7341300e+05   6.8237305e+01
   5.7355900e+05   6.8359375e+01
   5.7363400e+05   5.6579590e+01
   5.7371800e+05   4.9194336e+01
   5.7432500e+05   3.9489746e+01
   5.7918900e+05   6.6772461e+01
   5.7935700e+05   6.3354492e+01
   5.7948100e+05   5.2429199e+01
   5.9625000e+05   3.1860352e+01
   6.0120700e+05   3.9999390e+03
   6.1174700e+05   3.3691406e+01
   6.1691900e+05   3.8940430e+01
   6.2113900e+05   6.0913086e+01
   6.2963600e+05   4.6630859e+01
   6.5122100e+05   3.9999390e+03
   6.5136500e+05   3.2653809e+01
   6.6348400e+05   6.6223145e+01
   6.6358000e+05   5.4992676e+01
   6.6364900e+05   4.6203613e+01
   6.6371800e+05   4.8095703e+01
   6.6388500e+05   4.5837402e+01
   6.6412800e+05   5.2795410e+01
   6.7666000e+05   6.7077637e+01
   6.9687900e+05   3.2958984e+01
   7.0057100e+05   3.3325195e+01
   7.0123300e+05   2.0081177e+03
   7.2572500e+05   6.3232422e+01
   7.2580500e+05   5.5664063e+01
   7.2586500e+05   4.0283203e+01
   7.2593000e+05   4.1015625e+01
   7.2600200e+05   3.5522461e+01
   7.2611400e+05   4.1992188e+01
   7.2631000e+05   3.7719727e+01
   7.2665600e+05   6.4086914e+01
   7.2672900e+05   4.3945313e+01
   7.2682100e+05   3.7170410e+01
   7.5124900e+05   3.9999390e+03
   7.5665900e+05   7.1166992e+01
   7.7320400e+05   6.1340332e+01
   7.7334300e+05   6.3293457e+01
   7.7342700e+05   4.3090820e+01
   8.0126100e+05   2.0064697e+03
   8.0127200e+05   3.9489746e+01
   8.0140500e+05   4.1992188e+01
   8.2584300e+05   3.8574219e+01
   8.3510100e+05   3.2470703e+01
   8.4872800e+05   6.7932129e+01
   8.5127700e+05   3.9999390e+03
   8.5512500e+05   3.8146973e+01
   8.5532400e+05   6.4270020e+01
   8.7161000e+05   3.1005859e+01
   8.7729500e+05   6.1340332e+01
   8.7745600e+05   5.9387207e+01
   8.7756300e+05   3.8879395e+01
   9.0129100e+05   3.9999390e+03
   9.0410000e+05   3.7719727e+01
   9.1571000e+05   7.0312500e+01
   9.1728200e+05   6.3842773e+01
   9.1738100e+05   5.6274414e+01
   9.1746600e+05   4.3029785e+01
   9.2945500e+05   3.4790039e+01
   9.3159800e+05   5.9265137e+01
   9.3179800e+05   5.9448242e+01
   9.3203400e+05   6.7382813e+01
   9.5130300e+05   2.0072632e+03
   9.5150200e+05   7.1594238e+01
   9.8940000e+05   6.6528320e+01
   9.8954500e+05   6.6711426e+01
   9.8960300e+05   4.4555664e+01
   9.8966500e+05   3.5949707e+01
   9.8974200e+05   3.3996582e+01
   9.8985300e+05   4.3945313e+01
   1.0013170e+06   2.0056763e+03
   1.0014600e+06   3.7170410e+01
   1.0103310e+06   6.9580078e+01
   1.0104250e+06   5.8532715e+01
   1.0104970e+06   5.2551270e+01
   1.0105720e+06   4.6386719e+01
   1.0106730e+06   5.3527832e+01
   1.0238020e+06   6.0913086e+01
   1.0238770e+06   5.3710938e+01
   1.0239340e+06   4.3151855e+01
   1.0240050e+06   4.2785645e+01
   1.0240930e+06   3.6743164e+01
   1.0242510e+06   4.4311523e+01
   1.0256310e+06   9.6313477e+01
   1.0309610e+06   3.1127930e+01
   1.0363020e+06   6.5673828e+01
   1.0363780e+06   6.4331055e+01
   1.0364470e+06   4.4982910e+01
   1.0365400e+06   5.0048828e+01
   1.0367300e+06   4.9926758e+01
   1.0513310e+06   2.0057373e+03
   1.0604630e+06   7.2143555e+01
   1.0641820e+06   6.2194824e+01
   1.0642730e+06   5.8227539e+01
   1.0643500e+06   4.7546387e+01
   1.0644390e+06   4.1198730e+01
   1.0645480e+06   4.5288086e+01
   1.0652150e+06   3.4973145e+01
   1.1013470e+06   2.0133057e+03
   1.1057850e+06   6.6467285e+01
   1.1058760e+06   5.3039551e+01
   1.1059420e+06   4.8034668e+01
   1.1060140e+06   4.4189453e+01
   1.1061100e+06   5.1757813e+01
   1.1128030e+06   5.7189941e+01
   1.1232140e+06   6.6040039e+01
   1.1375540e+06   3.9306641e+01
   1.1377670e+06   3.1188965e+01
   1.1418530e+06   6.6589355e+01
   1.1421520e+06   5.7250977e+01
   1.1430940e+06   3.5278320e+01
   1.1510270e+06   6.0607910e+01
   1.1513610e+06   3.9999390e+03
   1.1613120e+06   4.1564941e+01
   1.1667830e+06   5.5114746e+01
   1.1944900e+06   3.5400391e+01
   1.1976930e+06   6.4086914e+01
   1.1977830e+06   6.2866211e+01
   1.1978640e+06   5.1208496e+01
   1.1979440e+06   5.3649902e+01
   1.1980570e+06   4.4494629e+01
   1.2013730e+06   2.0057983e+03
   1.2270210e+06   3.9184570e+01
   1.2418900e+06   7.1289062e+01
   1.2513870e+06   2.0101318e+03
   1.2691620e+06   6.5124512e+01
   1.2693490e+06   6.6650391e+01
   1.2880910e+06   6.4758301e+01
   1.2881840e+06   6.4086914e+01
   1.2882490e+06   5.2001953e+01
   1.2883190e+06   4.2053223e+01
   1.2884020e+06   4.3518066e+01
   1.2988550e+06   5.6335449e+01
   1.3014030e+06   3.9999390e+03
   1.3080130e+06   6.7626953e+01
   1.3080910e+06   6.2316895e+01
   1.3081680e+06   4.9011230e+01
   1.3082550e+06   4.8156738e+01
   1.3083830e+06   4.4555664e+01
   1.3243840e+06   5.5175781e+01
   1.3361530e+06   6.0119629e+01
   1.3362470e+06   5.8044434e+01
   1.3363140e+06   4.7607422e+01
   1.3363860e+06   4.2541504e+01
   1.3415320e+06   5.8410645e+01
   1.3417130e+06   5.7556152e+01
   1.3514150e+06   2.0070190e+03
   1.3514260e+06   3.6743164e+01
   1.3610890e+06   3.2653809e+01
   1.3790060e+06   7.4645996e+01
   1.3793280e+06   6.3110352e+01
   1.3974440e+06   3.5339355e+01
   1.4014290e+06   2.0084229e+03
   1.4187230e+06   3.9062500e+01
   1.4234480e+06   3.8452148e+01
   1.4239710e+06   6.0668945e+01
   1.4240540e+06   5.9875488e+01
   1.4241220e+06   5.9631348e+01
   1.4241920e+06   4.3029785e+01
   1.4242790e+06   5.0354004e+01
   1.4285650e+06   4.3151855e+01
   1.4424490e+06   6.3659668e+01
   1.4427830e+06   3.2531738e+01
   1.4514450e+06   3.9999390e+03
   1.4633480e+06   6.6955566e+01
   1.4635190e+06   6.4697266e+01
   1.4636310e+06   5.4504395e+01
   1.4659810e+06   2.9968262e+01
   1.4753190e+06   3.1738281e+01
   1.4830930e+06   7.0556641e+01
   1.4833270e+06   5.3344727e+01
   1.4928250e+06   3.3325195e+01
   1.5014570e+06   2.0072021e+03
   1.5090420e+06   4.1015625e+01
   1.5224270e+06   6.9885254e+01
   1.5226690e+06   5.2307129e+01
   1.5386840e+06   3.3996582e+01
   1.5436630e+06   7.3608398e+01
   1.5437600e+06   6.1523438e+01
   1.5438230e+06   4.0771484e+01
   1.5438980e+06   3.7658691e+01
   1.5439880e+06   4.3334961e+01
   1.5491880e+06   6.1401367e+01
   1.5494420e+06   5.6457520e+01
   1.5514730e+06   3.9999390e+03
   1.5638070e+06   7.0190430e+01
   1.5687640e+06   6.3842773e+01
   1.5773790e+06   5.9143066e+01
   1.6014850e+06   2.0049438e+03
   1.6016280e+06   4.7119141e+01
   1.6059630e+06   3.0883789e+01
   1.6224890e+06   5.7067871e+01
   1.6226550e+06   5.5419922e+01
   1.6227280e+06   4.9682617e+01
   1.6228110e+06   5.8288574e+01
   1.6359970e+06   6.8359375e+01
   1.6376490e+06   6.0119629e+01
   1.6515010e+06   3.9999390e+03
   1.6828610e+06   6.4270020e+01
   1.6829780e+06   5.9204102e+01
   1.6830450e+06   5.0842285e+01
   1.6831220e+06   4.5837402e+01
   1.7015150e+06   3.9999390e+03
   1.7016580e+06   4.3334961e+01
   1.7298900e+06   6.9091797e+01
   1.7515270e+06   2.0058594e+03
   1.7908900e+06   6.1828613e+01
   1.7909900e+06   6.7199707e+01
   1.7910510e+06   3.9001465e+01
   1.7911120e+06   4.0161133e+01
   1.7911850e+06   3.7597656e+01
   1.7912760e+06   3.8330078e+01
   1.7914420e+06   4.6569824e+01
   1.7934240e+06   4.1503906e+01
   1.7948020e+06   5.7495117e+01
   1.8015410e+06   2.0046997e+03
   1.8186880e+06   6.1462402e+01
   1.8187640e+06   4.7607422e+01
   1.8188260e+06   3.7658691e+01
   1.8188950e+06   4.1625977e+01
   1.8189830e+06   4.4189453e+01
   1.8260080e+06   6.9458008e+01
   1.8260720e+06   4.7973633e+01
   1.8261360e+06   4.3457031e+01
   1.8262080e+06   5.0048828e+01
   1.8262990e+06   3.2714844e+01
   1.8264250e+06   3.7719727e+01
   1.8492350e+06   6.4270020e+01
   1.8493660e+06   6.1584473e+01
   1.8494630e+06   5.0903320e+01
   1.8496350e+06   5.0354004e+01
   1.8515550e+06   2.0083618e+03
   1.8517000e+06   3.8330078e+01
   1.9015710e+06   3.9999390e+03
   1.9139630e+06   5.8898926e+01
   1.9323480e+06   7.4645996e+01
   1.9515830e+06   2.0060425e+03
   1.9517280e+06   4.2358398e+01
   1.9586720e+06   6.8359375e+01
   1.9587820e+06   6.3049316e+01
   1.9588560e+06   4.9499512e+01
   1.9589280e+06   5.4565430e+01
   1.9590360e+06   3.8024902e+01
   1.9900250e+06   6.3354492e+01
   1.9901540e+06   5.9936523e+01
   1.9902740e+06   5.8959961e+01
   1.9982890e+06   5.9204102e+01
   2.0004360e+06   5.0720215e+01
   2.0006210e+06   6.3171387e+01
   2.0015970e+06   2.0062256e+03
   2.0473470e+06   5.8349609e+01
   2.0516110e+06   2.0050659e+03
   2.0517560e+06   4.5532227e+01
   2.0589160e+06   7.1838379e+01
   2.0715810e+06   6.7138672e+01
   2.0716760e+06   6.1828613e+01
   2.0717460e+06   5.3527832e+01
   2.0718230e+06   4.1259766e+01
   2.0757310e+06   3.1433105e+01
   2.0846970e+06   3.8940430e+01
   2.0947570e+06   7.5927734e+01
   2.1016250e+06   2.0074463e+03
   2.1381490e+06   7.3974609e+01
   2.1516410e+06   3.9999390e+03
   2.1536840e+06   7.3608398e+01
   2.1760890e+06   5.9875488e+01
   2.1984660e+06   7.1594238e+01
   2.2016530e+06   2.0070190e+03
   2.2017980e+06   3.3203125e+01
   2.2203090e+06   7.0800781e+01
   2.2450120e+06   7.6477051e+01
   2.2516670e+06   2.0062866e+03
   2.2518110e+06   4.1748047e+01
   2.2535440e+06   7.4096680e+01
   2.2536150e+06   5.5236816e+01
   2.2536780e+06   4.6630859e+01
   2.2536940e+06   2.9846191e+01
   2.2537330e+06   4.0100098e+01
   2.2537620e+06   3.5278320e+01
   2.2537880e+06   5.2856445e+01
   2.2538530e+06   4.9438477e+01
   2.2538810e+06   5.1574707e+01
   2.2538980e+06   1.0650635e+02
   2.2539370e+06   7.5073242e+01
   2.2539610e+06   1.1108398e+02
   2.2539790e+06   3.3325195e+01
   2.2539940e+06   5.7189941e+01
   2.2540240e+06   8.9599609e+01
   2.2540340e+06   3.8208008e+01
   2.2540670e+06   1.1285400e+02
   2.2540830e+06   8.4655762e+01
   2.2541110e+06   3.9245605e+01
   2.2541340e+06   6.3354492e+01
   2.2541660e+06   1.0357666e+02
   2.2541860e+06   3.0151367e+01
   2.2542120e+06   4.8400879e+01
   2.2542330e+06   6.9091797e+01
   2.2542490e+06   9.4238281e+01
   2.2542660e+06   5.8837891e+01
   2.2542910e+06   5.2734375e+01
   2.2543070e+06   3.8391113e+01
   2.2543240e+06   7.8674316e+01
   2.2543390e+06   3.1311035e+01
   2.2543510e+06   8.5327148e+01
   2.2544190e+06   5.4199219e+01
   2.2544450e+06   9.2956543e+01
   2.2544740e+06   3.7536621e+01
   2.2545010e+06   7.7697754e+01
   2.2545430e+06   1.3232422e+02
   2.2545740e+06   4.0100098e+01
   2.2545970e+06   3.3935547e+01
   2.2546190e+06   6.5490723e+01
   2.2546430e+06   7.0251465e+01
   2.2546890e+06   6.4086914e+01
   2.2547070e+06   6.2316895e+01
   2.2547360e+06   4.8889160e+01
   2.2547530e+06   6.8908691e+01
   2.2548200e+06   3.3813477e+01
   2.2548590e+06   3.5339355e+01
   2.2548840e+06   9.2590332e+01
   2.2549000e+06   5.0354004e+01
   2.2549330e+06   3.0212402e+01
   2.2549610e+06   3.1738281e+01
   2.2550240e+06   1.0168457e+02
   2.2550530e+06   7.3486328e+01
   2.2551200e+06   3.9916992e+01
   2.2551330e+06   4.7912598e+01
   2.2551470e+06   9.4177246e+01
   2.2552000e+06   3.3203125e+01
   2.2552380e+06   3.3386230e+01
   2.2552800e+06   3.3813477e+01
   2.2553720e+06   3.0273438e+01
   2.2553930e+06   4.7912598e+01
   2.2554410e+06   1.0137939e+02
   2.2554760e+06   3.1799316e+01
   2.2556630e+06   4.4494629e+01
   2.2563910e+06   5.9753418e+01
   2.3016810e+06   2.0048828e+03
   2.3018270e+06   3.3447266e+01
   2.3516970e+06   3.9999390e+03
   2.3517070e+06   3.0761719e+01
   2.4017090e+06   2.0037842e+03
   2.4018540e+06   4.1015625e+01
   2.4219010e+06   5.9448242e+01
   2.4220140e+06   6.6162109e+01
   2.4220800e+06   4.8645020e+01
   2.4221530e+06   4.6203613e+01
   2.4517250e+06   3.9999390e+03
   2.4584600e+06   3.5705566e+01
   2.5577290e+06   5.8105469e+01
   2.5578180e+06   5.0231934e+01
   2.5578800e+06   5.2612305e+01
   2.5579460e+06   4.6447754e+01
   2.5580210e+06   4.4311523e+01
   2.5893380e+06   5.2490234e+01
   2.5894080e+06   5.8532715e+01
   2.5894660e+06   3.9855957e+01
   2.5895290e+06   4.2297363e+01
   2.5896010e+06   3.7109375e+01
   2.5897160e+06   5.1940918e+01
   2.5937810e+06   3.3325195e+01
   2.6337980e+06   5.8959961e+01
   2.6342070e+06   6.4453125e+01
   2.6912880e+06   3.2653809e+01
   2.6928480e+06   3.8024902e+01
   2.7082810e+06   5.3161621e+01
   2.7084750e+06   6.2255859e+01
   2.7086280e+06   6.3598633e+01
   2.7087020e+06   4.8828125e+01
   2.7087790e+06   4.4921875e+01
   2.7088900e+06   4.6752930e+01
   2.7221580e+06   5.8044434e+01
   2.7792300e+06   6.6284180e+01
   2.8074940e+06   5.3527832e+01
   2.8075740e+06   5.9082031e+01
   2.8076320e+06   5.2734375e+01
   2.8076980e+06   4.7973633e+01
   2.8077780e+06   4.1564941e+01
   2.8078820e+06   4.0344238e+01
   2.8158060e+06   3.0334473e+01
   2.9079990e+06   7.1472168e+01
   2.9795650e+06   5.8349609e+01
   2.9801150e+06   6.8237305e+01
   2.9801910e+06   5.9020996e+01
   2.9802670e+06   4.9255371e+01
   2.9803590e+06   4.3823242e+01
   2.9945860e+06   6.7138672e+01
