   2.9990000e+06   0.0000000e+00
   1.0370000e+03   2.0074463e+03
   5.1051000e+04   2.0026855e+03
   1.0106500e+05   2.0039063e+03
   1.1117200e+05   3.2287598e+01
   1.5107900e+05   2.0089111e+03
   1.6479200e+05   3.1005859e+01
   1.6792300e+05   3.1311035e+01
   2.0109300e+05   2.0060425e+03
   2.0115100e+05   3.3630371e+01
   2.0117400e+05   3.1616211e+01
   2.2006900e+05   3.2226563e+01
   2.3870100e+05   3.7048340e+01
   2.5110700e+05   2.0058594e+03
   2.7366500e+05   3.6499023e+01
   3.0112100e+05   2.0106812e+03
   3.0113200e+05   3.5949707e+01
   3.4317900e+05   3.3081055e+01
   3.5113500e+05   2.0108032e+03
   3.5119400e+05   3.6437988e+01
   3.8746800e+05   3.2836914e+01
   3.9237600e+05   3.7231445e+01
   4.0114900e+05   2.0111694e+03
   4.0121000e+05   3.1066895e+01
   4.2536900e+05   3.1738281e+01
   4.4237400e+05   3.3996582e+01
   4.4329100e+05   3.6987305e+01
   4.5116300e+05   2.0109253e+03
   4.5827700e+05   4.2724609e+01
   4.7970900e+05   4.3151855e+01
   4.8235000e+05   3.4301758e+01
   5.0117700e+05   2.0095825e+03
   5.0878500e+05   3.2409668e+01
   5.5119100e+05   2.0114746e+03
   5.8446500e+05   3.6621094e+01
   6.0120500e+05   2.0041504e+03
   6.5121900e+05   2.0044556e+03
   6.5755800e+05   3.7719727e+01
   7.0123500e+05   3.9999390e+03
   7.0787800e+05   4.0893555e+01
   7.2181700e+05   3.7414551e+01
   7.5124700e+05   2.0101318e+03
   7.5131200e+05   3.1188965e+01
   7.7515700e+05   3.1066895e+01
   7.7955300e+05   3.5339355e+01
   8.0126100e+05   2.0101318e+03
   8.3791200e+05   3.2104492e+01
   8.5127700e+05   3.9999390e+03
   9.0128900e+05   2.0065308e+03
   9.1089800e+05   3.3203125e+01
   9.5130300e+05   2.0054932e+03
   9.5965400e+05   3.4057617e+01
   9.7896100e+05   4.3701172e+01
   1.0013170e+06   2.0147705e+03
   1.0238690e+06   3.2958984e+01
   1.0351350e+06   3.7780762e+01
   1.0513310e+06   2.0076294e+03
   1.1013450e+06   2.0109253e+03
   1.1111590e+06   3.4790039e+01
   1.1513590e+06   2.0060425e+03
   1.1639030e+06   3.5705566e+01
   1.1718320e+06   4.0771484e+01
   1.1866480e+06   3.6926270e+01
   1.1881410e+06   3.2836914e+01
   1.2013730e+06   2.0069580e+03
   1.2513870e+06   2.0079956e+03
   1.2513980e+06   3.6743164e+01
   1.3014030e+06   3.9999390e+03
   1.3022800e+06   3.0822754e+01
   1.3257220e+06   3.1311035e+01
   1.3514150e+06   2.0065308e+03
   1.3902580e+06   3.4606934e+01
   1.4014290e+06   2.0083008e+03
   1.4151340e+06   3.2531738e+01
   1.4514450e+06   3.9999390e+03
   1.4529790e+06   3.8818359e+01
   1.4588460e+06   3.6560059e+01
   1.4941500e+06   4.0588379e+01
   1.5014570e+06   2.0075073e+03
   1.5258240e+06   3.1677246e+01
   1.5514710e+06   2.0050049e+03
   1.5514830e+06   3.6010742e+01
   1.6014850e+06   2.0065308e+03
   1.6056320e+06   4.1809082e+01
   1.6515010e+06   3.9999390e+03
   1.7015130e+06   2.0051880e+03
   1.7310700e+06   3.3264160e+01
   1.7488190e+06   3.7780762e+01
   1.7515290e+06   3.9999390e+03
   1.8015430e+06   3.9999390e+03
   1.8016010e+06   3.3813477e+01
   1.8034080e+06   3.6071777e+01
   1.8395370e+06   3.4545898e+01
   1.8515550e+06   2.0122070e+03
   1.8516310e+06   3.2592773e+01
   1.9005150e+06   3.3447266e+01
   1.9015690e+06   2.0065308e+03
   1.9495300e+06   3.4423828e+01
   1.9515830e+06   2.0058594e+03
   1.9569270e+06   3.6071777e+01
   1.9812650e+06   3.3386230e+01
   2.0015990e+06   3.9999390e+03
   2.0516110e+06   2.0075073e+03
   2.0652140e+06   3.2348633e+01
   2.1016250e+06   2.0078125e+03
   2.1516390e+06   2.0067139e+03
   2.1517130e+06   3.7231445e+01
   2.1610200e+06   3.5400391e+01
   2.1616380e+06   3.1250000e+01
   2.1636310e+06   3.7536621e+01
   2.1914160e+06   3.4484863e+01
   2.2016530e+06   2.0057983e+03
   2.2043790e+06   3.1066895e+01
   2.2051610e+06   3.2409668e+01
   2.2516670e+06   2.0062866e+03
   2.2517220e+06   3.5461426e+01
   2.2531590e+06   8.2397461e+01
   2.2532010e+06   3.3386230e+01
   2.2532550e+06   7.3791504e+01
   2.2533020e+06   1.0559082e+02
   2.2533230e+06   3.1250000e+01
   2.2533630e+06   3.2409668e+01
   2.2533920e+06   3.3386230e+01
   2.2534080e+06   4.3212891e+01
   2.2534410e+06   7.3852539e+01
   2.2534690e+06   5.1330566e+01
   2.2535070e+06   3.3935547e+01
   2.2535340e+06   8.2031250e+01
   2.2535510e+06   4.9804688e+01
   2.2535830e+06   5.9326172e+01
   2.2536100e+06   7.4279785e+01
   2.2536220e+06   5.3405762e+01
   2.2536510e+06   4.5410156e+01
   2.2536660e+06   1.2060547e+02
   2.2536860e+06   3.9306641e+01
   2.2537230e+06   8.7219238e+01
   2.2537370e+06   5.5847168e+01
   2.2537770e+06   5.8959961e+01
   2.2537880e+06   5.0781250e+01
   2.2538070e+06   3.5705566e+01
   2.2538200e+06   3.2165527e+01
   2.2538550e+06   5.7800293e+01
   2.2538670e+06   4.7973633e+01
   2.2538920e+06   4.4555664e+01
   2.2539080e+06   7.3547363e+01
   2.2539240e+06   4.3334961e+01
   2.2539340e+06   5.5969238e+01
   2.2539660e+06   7.6293945e+01
   2.2539930e+06   5.6091309e+01
   2.2540190e+06   7.8796387e+01
   2.2540370e+06   6.8237305e+01
   2.2540800e+06   4.0832520e+01
   2.2540980e+06   5.2062988e+01
   2.2541430e+06   6.3842773e+01
   2.2541700e+06   4.2541504e+01
   2.2541800e+06   3.5217285e+01
   2.2542040e+06   6.1462402e+01
   2.2542590e+06   6.8298340e+01
   2.2542810e+06   3.3996582e+01
   2.2543130e+06   7.4462891e+01
   2.2543550e+06   3.5339355e+01
   2.2543800e+06   7.0312500e+01
   2.2544060e+06   3.8513184e+01
   2.2544620e+06   3.5217285e+01
   2.2544750e+06   5.7739258e+01
   2.2545020e+06   3.2043457e+01
   2.2545410e+06   6.2011719e+01
   2.2545640e+06   3.7841797e+01
   2.2546000e+06   7.4157715e+01
   2.2546230e+06   3.0944824e+01
   2.2546850e+06   6.7260742e+01
   2.2547580e+06   8.1054687e+01
   2.2547800e+06   3.6499023e+01
   2.2548080e+06   3.7780762e+01
   2.2548410e+06   6.0363770e+01
   2.2548520e+06   3.3691406e+01
   2.2548840e+06   4.0283203e+01
   2.2549050e+06   3.1005859e+01
   2.2549250e+06   6.9824219e+01
   2.2549710e+06   3.1372070e+01
   2.2550020e+06   3.1250000e+01
   2.2550340e+06   5.7006836e+01
   2.2551830e+06   5.9997559e+01
   2.2552140e+06   3.5095215e+01
   2.2552610e+06   3.0822754e+01
   2.2553080e+06   3.1188965e+01
   2.2553480e+06   5.9020996e+01
   2.2556400e+06   8.2885742e+01
   2.2738910e+06   3.3264160e+01
   2.2897230e+06   3.4545898e+01
   2.3016830e+06   3.9999390e+03
   2.3163170e+06   3.2165527e+01
   2.3516950e+06   2.0061646e+03
   2.4017090e+06   2.0093994e+03
   2.4173660e+06   3.9428711e+01
   2.4280890e+06   4.0832520e+01
   2.4517230e+06   2.0114136e+03
   2.4638060e+06   4.1076660e+01
   2.4676000e+06   3.6315918e+01
   2.5258140e+06   3.3264160e+01
   2.5310850e+06   3.3203125e+01
   2.6464850e+06   3.4790039e+01
   2.6599200e+06   3.7414551e+01
   2.6616720e+06   3.1433105e+01
   2.6656900e+06   3.5278320e+01
   2.6663110e+06   3.5156250e+01
   2.6830780e+06   3.2409668e+01
   2.7311290e+06   3.5583496e+01
   2.7363180e+06   3.6010742e+01
   2.7371080e+06   3.2592773e+01
   2.8337970e+06   3.7841797e+01
   2.8567910e+06   3.4667969e+01
   2.8589280e+06   3.1860352e+01
   2.9657660e+06   3.2165527e+01
