   2.9990000e+06   0.0000000e+00
   1.0390000e+03   3.9999390e+03
   2.3370000e+04   3.1555176e+01
   5.1051000e+04   2.0043335e+03
   1.0106500e+05   2.0063477e+03
   1.5107900e+05   2.0057983e+03
   2.0109500e+05   2.0084839e+03
   2.5110900e+05   3.9999390e+03
   2.8965200e+05   3.1982422e+01
   3.0112300e+05   3.9999390e+03
   3.5113500e+05   2.0083008e+03
   4.0115100e+05   3.9999390e+03
   4.5116300e+05   2.0076294e+03
   5.0117900e+05   3.9999390e+03
   5.5119300e+05   3.9999390e+03
   6.0120700e+05   3.9999390e+03
   6.5121900e+05   2.0092163e+03
   7.0123500e+05   3.9999390e+03
   7.5124700e+05   2.0096436e+03
   8.0126100e+05   2.0138550e+03
   8.5127700e+05   3.9999390e+03
   8.5431800e+05   3.2043457e+01
   9.0128900e+05   2.0087891e+03
   9.5130300e+05   2.0060425e+03
   1.0013170e+06   2.0114136e+03
   1.0513330e+06   3.9999390e+03
   1.1013450e+06   2.0074463e+03
   1.1513610e+06   3.9999390e+03
   1.2013730e+06   2.0090332e+03
   1.2513890e+06   2.0061035e+03
   1.3014030e+06   3.9999390e+03
   1.3514150e+06   2.0112305e+03
   1.4014290e+06   2.0104980e+03
   1.4514450e+06   3.9999390e+03
   1.5014570e+06   2.0093994e+03
   1.5514710e+06   2.0048218e+03
   1.6014850e+06   2.0101929e+03
   1.6014960e+06   3.2531738e+01
   1.6465920e+06   3.2287598e+01
   1.6515010e+06   3.9999390e+03
   1.7015130e+06   2.0079346e+03
   1.7515290e+06   3.9999390e+03
   1.8015430e+06   3.9999390e+03
   1.8515550e+06   2.0078125e+03
   1.9015710e+06   3.9999390e+03
   1.9015810e+06   3.4729004e+01
   1.9515830e+06   2.0057983e+03
   1.9722380e+06   3.1799316e+01
   2.0015990e+06   3.9999390e+03
   2.0516130e+06   3.9999390e+03
   2.1016250e+06   2.0063477e+03
   2.1516410e+06   3.9999390e+03
   2.2016530e+06   2.0079956e+03
   2.2516670e+06   2.0070190e+03
   2.2538210e+06   3.2653809e+01
   2.2540670e+06   7.6354980e+01
   2.2543750e+06   7.9284668e+01
   2.2545540e+06   7.3852539e+01
   2.3016830e+06   3.9999390e+03
   2.3516950e+06   2.0105591e+03
   2.4017090e+06   2.0051880e+03
   2.4517230e+06   2.0072021e+03
