   2.9990000e+06   0.0000000e+00
   1.0370000e+03   2.0061035e+03
   1.1040000e+03   4.0771484e+01
   2.8610000e+03   3.8269043e+01
   3.7490000e+03   3.9245605e+01
   4.6230000e+03   3.3752441e+01
   5.3410000e+03   3.4179688e+01
   8.8160000e+03   3.3935547e+01
   8.8320000e+03   3.6804199e+01
   1.0672000e+04   4.4616699e+01
   1.3431000e+04   5.0231934e+01
   1.6486000e+04   3.8330078e+01
   1.7387000e+04   3.5583496e+01
   2.0369000e+04   3.3752441e+01
   2.0687000e+04   3.7841797e+01
   2.1071000e+04   3.5156250e+01
   2.1605000e+04   3.4790039e+01
   2.1921000e+04   3.9428711e+01
   2.5299000e+04   3.6132813e+01
   2.6132000e+04   3.4545898e+01
   2.6514000e+04   3.4240723e+01
   2.8419000e+04   3.3752441e+01
   2.9181000e+04   3.6987305e+01
   3.1011000e+04   4.5654297e+01
   3.2213000e+04   3.6560059e+01
   3.3872000e+04   3.5827637e+01
   3.4861000e+04   3.6865234e+01
   3.9614000e+04   3.6926270e+01
   4.0555000e+04   4.0588379e+01
   4.0609000e+04   3.8757324e+01
   4.3123000e+04   4.1259766e+01
   4.3403000e+04   3.4423828e+01
   4.5720000e+04   3.8513184e+01
   4.6388000e+04   4.1442871e+01
   4.9244000e+04   3.6743164e+01
   5.0029000e+04   3.6315918e+01
   5.1051000e+04   2.0134888e+03
   5.1105000e+04   4.3151855e+01
   5.1125000e+04   6.3293457e+01
   5.2861000e+04   3.7048340e+01
   5.3213000e+04   4.1992188e+01
   5.4984000e+04   3.7414551e+01
   5.7369000e+04   3.6804199e+01
   5.7492000e+04   4.7180176e+01
   5.8637000e+04   8.2275391e+01
   5.9665000e+04   3.7414551e+01
   6.0771000e+04   4.2907715e+01
   6.1764000e+04   5.3588867e+01
   6.5889000e+04   4.9438477e+01
   6.6893000e+04   3.6499023e+01
   6.9439000e+04   3.5888672e+01
   7.0731000e+04   3.9184570e+01
   7.1715000e+04   4.0771484e+01
   7.3652000e+04   4.3212891e+01
   7.5568000e+04   3.3874512e+01
   7.7552000e+04   4.4494629e+01
   7.8572000e+04   3.5644531e+01
   7.9096000e+04   3.5705566e+01
   7.9109000e+04   3.3691406e+01
   7.9588000e+04   3.5888672e+01
   8.0020000e+04   3.8391113e+01
   8.0948000e+04   3.6071777e+01
   8.2057000e+04   3.6071777e+01
   8.3649000e+04   3.6254883e+01
   8.4659000e+04   3.8513184e+01
   8.5144000e+04   4.3640137e+01
   8.6115000e+04   3.4973145e+01
   8.7411000e+04   4.8400879e+01
   9.0771000e+04   4.1137695e+01
   9.1652000e+04   3.6804199e+01
   9.1891000e+04   3.7170410e+01
   9.5896000e+04   4.5959473e+01
   9.6460000e+04   3.5095215e+01
   9.8451000e+04   3.6987305e+01
   1.0073300e+05   3.4301758e+01
   1.0081500e+05   4.1503906e+01
   1.0106500e+05   2.0068359e+03
   1.0111800e+05   4.0649414e+01
   1.0113600e+05   8.1970215e+01
   1.0191100e+05   3.5095215e+01
   1.0232700e+05   3.8146973e+01
   1.0365700e+05   3.9550781e+01
   1.0692100e+05   3.7963867e+01
   1.1108600e+05   4.4067383e+01
   1.1205300e+05   3.9489746e+01
   1.1424700e+05   3.5644531e+01
   1.1533900e+05   3.6437988e+01
   1.1579500e+05   3.3935547e+01
   1.1834400e+05   3.9428711e+01
   1.2000100e+05   3.4973145e+01
   1.2032400e+05   3.4484863e+01
   1.2124700e+05   3.7475586e+01
   1.2329600e+05   4.4738770e+01
   1.2421300e+05   3.8696289e+01
   1.2552000e+05   4.1809082e+01
   1.2668200e+05   3.3691406e+01
   1.3049800e+05   5.7006836e+01
   1.3509000e+05   3.7597656e+01
   1.3654700e+05   3.7414551e+01
   1.3713300e+05   3.5583496e+01
   1.3840300e+05   3.5461426e+01
   1.4027400e+05   3.7780762e+01
   1.4224100e+05   4.1625977e+01
   1.4337000e+05   4.2907715e+01
   1.4434500e+05   3.6926270e+01
   1.4496900e+05   4.0344238e+01
   1.4827400e+05   5.0170898e+01
   1.5074000e+05   4.2236328e+01
   1.5107900e+05   2.0074463e+03
   1.5114900e+05   5.9326172e+01
   1.5329000e+05   4.1137695e+01
   1.5526500e+05   3.7719727e+01
   1.5947100e+05   3.8818359e+01
   1.5957100e+05   4.1809082e+01
   1.6136700e+05   4.5776367e+01
   1.6307500e+05   3.5644531e+01
   1.6426600e+05   4.3273926e+01
   1.6511000e+05   4.1992188e+01
   1.6561100e+05   3.4484863e+01
   1.6647300e+05   3.7353516e+01
   1.6674000e+05   3.4484863e+01
   1.6866700e+05   3.7597656e+01
   1.6952500e+05   3.9489746e+01
   1.7263500e+05   4.4616699e+01
   1.7382200e+05   4.1564941e+01
   1.7676100e+05   3.9123535e+01
   1.7771600e+05   3.5461426e+01
   1.7951000e+05   3.5705566e+01
   1.8042600e+05   3.8330078e+01
   1.8267200e+05   3.9062500e+01
   1.8327700e+05   3.7597656e+01
   1.8625400e+05   3.6376953e+01
   1.8808300e+05   3.7048340e+01
   1.8892900e+05   3.7475586e+01
   1.9112300e+05   3.4057617e+01
   1.9162200e+05   4.1198730e+01
   1.9566200e+05   3.6315918e+01
   1.9679000e+05   3.9367676e+01
   1.9883800e+05   3.7536621e+01
   1.9995500e+05   4.1320801e+01
   2.0085600e+05   4.1748047e+01
   2.0109500e+05   2.0076294e+03
   2.0114600e+05   3.3996582e+01
   2.0116300e+05   7.3669434e+01
   2.0381400e+05   3.8146973e+01
   2.0395400e+05   3.7902832e+01
   2.0511800e+05   3.6804199e+01
   2.1105500e+05   3.4790039e+01
   2.1108300e+05   4.1198730e+01
   2.1195800e+05   4.3640137e+01
   2.1646000e+05   3.4606934e+01
   2.1781200e+05   3.5156250e+01
   2.1873800e+05   3.3691406e+01
   2.1875600e+05   3.3752441e+01
   2.2015600e+05   3.7048340e+01
   2.2023600e+05   3.9916992e+01
   2.2430900e+05   3.7048340e+01
   2.2669800e+05   3.6804199e+01
   2.2784400e+05   3.3813477e+01
   2.2836900e+05   3.7109375e+01
   2.3130700e+05   3.8452148e+01
   2.3312600e+05   3.5888672e+01
   2.3713900e+05   3.7170410e+01
   2.3941900e+05   5.2185059e+01
   2.4100800e+05   3.4667969e+01
   2.4317200e+05   3.6193848e+01
   2.4338300e+05   3.5522461e+01
   2.4432600e+05   3.3996582e+01
   2.4518800e+05   3.4423828e+01
   2.4693600e+05   3.5034180e+01
   2.4974700e+05   4.8950195e+01
   2.5065500e+05   3.3935547e+01
   2.5110900e+05   3.9999390e+03
   2.5117400e+05   4.2358398e+01
   2.5163800e+05   4.4433594e+01
   2.5381700e+05   3.6743164e+01
   2.5415300e+05   3.7109375e+01
   2.5522500e+05   3.6621094e+01
   2.5738900e+05   3.5400391e+01
   2.5815500e+05   4.0100098e+01
   2.5887900e+05   3.5400391e+01
   2.5966500e+05   3.4240723e+01
   2.6096200e+05   4.8889160e+01
   2.6387400e+05   4.1931152e+01
   2.6518700e+05   3.6804199e+01
   2.6545700e+05   3.4851074e+01
   2.6951900e+05   3.7475586e+01
   2.7021200e+05   4.2724609e+01
   2.7061400e+05   3.5339355e+01
   2.7470400e+05   3.8330078e+01
   2.7482000e+05   4.0771484e+01
   2.7568500e+05   5.0109863e+01
   2.7732800e+05   3.8208008e+01
   2.7856700e+05   3.9733887e+01
   2.7872200e+05   3.9550781e+01
   2.8398600e+05   4.1442871e+01
   2.8424900e+05   3.3813477e+01
   2.8566600e+05   4.2907715e+01
   2.8684000e+05   3.9855957e+01
   2.8873100e+05   3.5583496e+01
   2.8898000e+05   4.2785645e+01
   2.9042000e+05   4.5715332e+01
   2.9419300e+05   3.4729004e+01
   2.9519500e+05   3.7536621e+01
   2.9615600e+05   3.6987305e+01
   2.9636600e+05   3.9123535e+01
   2.9767700e+05   4.1076660e+01
   2.9892700e+05   3.5522461e+01
   3.0112100e+05   2.0103760e+03
   3.0117900e+05   4.5898438e+01
   3.0119100e+05   7.7087402e+01
   3.0248100e+05   3.7963867e+01
   3.0461600e+05   5.2856445e+01
   3.0604800e+05   3.6315918e+01
   3.0733800e+05   4.3579102e+01
   3.0787400e+05   4.0039063e+01
   3.1001200e+05   3.4423828e+01
   3.1234000e+05   3.9062500e+01
   3.1556900e+05   3.9672852e+01
   3.1632500e+05   3.9001465e+01
   3.1776000e+05   3.4423828e+01
   3.1782200e+05   3.6254883e+01
   3.1907100e+05   4.2175293e+01
   3.2324800e+05   4.1503906e+01
   3.2582100e+05   3.4667969e+01
   3.2741300e+05   3.3874512e+01
   3.2899800e+05   4.1748047e+01
   3.3085800e+05   3.9184570e+01
   3.3173600e+05   3.7231445e+01
   3.3459600e+05   3.5522461e+01
   3.3617300e+05   4.1259766e+01
   3.3721500e+05   3.4118652e+01
   3.3892700e+05   3.5766602e+01
   3.4108400e+05   4.2297363e+01
   3.4198400e+05   3.6010742e+01
   3.4203400e+05   3.4973145e+01
   3.4305300e+05   3.5522461e+01
   3.4560800e+05   3.4362793e+01
   3.4866100e+05   4.0283203e+01
   3.4881700e+05   3.8696289e+01
   3.4933400e+05   3.6499023e+01
   3.5113500e+05   2.0114136e+03
   3.5118800e+05   3.9733887e+01
   3.5120500e+05   7.0190430e+01
   3.5148800e+05   4.1198730e+01
   3.5315700e+05   4.0161133e+01
   3.5558100e+05   3.3874512e+01
   3.5859500e+05   4.0039063e+01
   3.6012100e+05   3.4362793e+01
   3.6203100e+05   3.7048340e+01
   3.6377600e+05   3.4545898e+01
   3.6576000e+05   3.3996582e+01
   3.6652500e+05   3.3874512e+01
   3.6788300e+05   3.5400391e+01
   3.6881200e+05   3.4606934e+01
   3.7516100e+05   4.3823242e+01
   3.7650100e+05   4.3945313e+01
   3.7725000e+05   3.7536621e+01
   3.7847000e+05   3.9978027e+01
   3.8111200e+05   3.5644531e+01
   3.8124600e+05   3.4729004e+01
   3.8471300e+05   3.7475586e+01
   3.8656500e+05   3.4362793e+01
   3.8730900e+05   3.5461426e+01
   3.9065500e+05   4.0222168e+01
   3.9175400e+05   3.6193848e+01
   3.9177200e+05   3.9672852e+01
   3.9365200e+05   3.4179688e+01
   3.9531500e+05   3.7353516e+01
   3.9604800e+05   4.0588379e+01
   4.0114900e+05   2.0065918e+03
   4.0120600e+05   4.8095703e+01
   4.0122000e+05   8.1054688e+01
   4.0276300e+05   4.2358398e+01
   4.0407900e+05   4.4006348e+01
   4.0473100e+05   3.8635254e+01
   4.0494900e+05   4.1625977e+01
   4.0678500e+05   3.6132813e+01
   4.0846700e+05   4.2175293e+01
   4.0909600e+05   3.3996582e+01
   4.1241200e+05   3.4362793e+01
   4.1452200e+05   3.5827637e+01
   4.1779900e+05   3.7597656e+01
   4.1913300e+05   4.3823242e+01
   4.2149800e+05   3.8391113e+01
   4.2347200e+05   3.6743164e+01
   4.2445100e+05   3.7780762e+01
   4.2507900e+05   3.9794922e+01
   4.2616000e+05   4.6142578e+01
   4.2876500e+05   4.3884277e+01
   4.3004900e+05   3.5461426e+01
   4.3513300e+05   5.9692383e+01
   4.3854900e+05   3.9916992e+01
   4.3954500e+05   4.1442871e+01
   4.4022800e+05   3.5095215e+01
   4.4203800e+05   3.4851074e+01
   4.4303300e+05   3.5278320e+01
   4.4429700e+05   4.1198730e+01
   4.4528800e+05   3.5400391e+01
   4.4926200e+05   3.5888672e+01
   4.5108900e+05   4.2480469e+01
   4.5116500e+05   2.0095825e+03
   4.5123000e+05   4.5715332e+01
   4.5124000e+05   4.8034668e+01
   4.5208800e+05   3.9489746e+01
   4.5317000e+05   3.6804199e+01
   4.5415600e+05   3.8635254e+01
   4.5869100e+05   3.7719727e+01
   4.5908100e+05   3.5461426e+01
   4.5986900e+05   3.7292480e+01
   4.6220300e+05   3.8269043e+01
   4.6460200e+05   4.4799805e+01
   4.6563400e+05   3.7597656e+01
   4.6704200e+05   3.3996582e+01
   4.6880200e+05   3.8818359e+01
   4.7195800e+05   3.4790039e+01
   4.7432700e+05   3.6560059e+01
   4.7632800e+05   3.4667969e+01
   4.7647400e+05   4.3212891e+01
   4.7698100e+05   3.4057617e+01
   4.7776000e+05   4.4616699e+01
   4.7847800e+05   3.4545898e+01
   4.8104200e+05   3.4545898e+01
   4.8294000e+05   3.4301758e+01
   4.8380600e+05   3.7841797e+01
   4.8812200e+05   4.1564941e+01
   4.9056000e+05   3.9794922e+01
   4.9174900e+05   4.0649414e+01
   4.9238900e+05   3.4973145e+01
   4.9519700e+05   3.9489746e+01
   4.9768300e+05   3.6254883e+01
   4.9835100e+05   4.2236328e+01
   4.9922300e+05   3.7902832e+01
   5.0117700e+05   2.0068359e+03
   5.0124800e+05   6.5063477e+01
   5.0332400e+05   3.4912109e+01
   5.0404300e+05   4.0039063e+01
   5.0501200e+05   3.9611816e+01
   5.0853300e+05   4.0771484e+01
   5.1144500e+05   3.9733887e+01
   5.1425900e+05   3.6621094e+01
   5.1537000e+05   4.6875000e+01
   5.1676100e+05   4.1381836e+01
   5.1760600e+05   3.9001465e+01
   5.2069200e+05   3.9184570e+01
   5.2324000e+05   4.2480469e+01
   5.2675200e+05   4.0893555e+01
   5.2820000e+05   3.3996582e+01
   5.2826100e+05   3.4790039e+01
   5.3109100e+05   4.8278809e+01
   5.3486900e+05   3.3813477e+01
   5.3695500e+05   3.5461426e+01
   5.3787000e+05   4.0405273e+01
   5.3980000e+05   5.1330566e+01
   5.4063600e+05   3.7963867e+01
   5.4077500e+05   4.8339844e+01
   5.4593300e+05   4.1503906e+01
   5.4750800e+05   3.9367676e+01
   5.5019500e+05   5.2368164e+01
   5.5068700e+05   3.4240723e+01
   5.5119100e+05   2.0108032e+03
   5.5125900e+05   4.7912598e+01
   5.5157600e+05   3.7841797e+01
   5.5278100e+05   3.5400391e+01
   5.5301900e+05   3.8574219e+01
   5.5569000e+05   4.0466309e+01
   5.5697800e+05   4.5532227e+01
   5.6038300e+05   4.2907715e+01
   5.6127100e+05   3.4423828e+01
   5.6313600e+05   3.5766602e+01
   5.6437100e+05   3.3813477e+01
   5.6608900e+05   4.2480469e+01
   5.6639200e+05   4.5959473e+01
   5.6777500e+05   3.4179688e+01
   5.7108000e+05   4.1198730e+01
   5.7567200e+05   3.3752441e+01
   5.7673300e+05   3.9001465e+01
   5.7875700e+05   3.4851074e+01
   5.8025700e+05   3.8879395e+01
   5.8193200e+05   3.6071777e+01
   5.8229200e+05   3.5766602e+01
   5.8295800e+05   3.6743164e+01
   5.8832700e+05   3.6743164e+01
   5.8937900e+05   3.4545898e+01
   5.9025400e+05   3.4423828e+01
   5.9161300e+05   4.9499512e+01
   5.9282500e+05   3.7719727e+01
   5.9368200e+05   3.5827637e+01
   5.9404300e+05   3.4973145e+01
   5.9451100e+05   3.9001465e+01
   5.9673400e+05   4.6081543e+01
   5.9752500e+05   3.5949707e+01
   5.9843500e+05   3.5156250e+01
   5.9930600e+05   3.8879395e+01
   6.0120500e+05   2.0074463e+03
   6.0127200e+05   4.6813965e+01
   6.0128300e+05   3.9550781e+01
   6.0248800e+05   3.3935547e+01
   6.0354900e+05   3.6926270e+01
   6.0443200e+05   3.4057617e+01
   6.0506100e+05   4.3334961e+01
   6.0560500e+05   3.7353516e+01
   6.0664200e+05   4.2480469e+01
   6.0841800e+05   3.5156250e+01
   6.0924000e+05   4.4189453e+01
   6.0926700e+05   3.4301758e+01
   6.1093000e+05   3.7170410e+01
   6.1165300e+05   4.0588379e+01
   6.1311900e+05   4.6936035e+01
   6.1420200e+05   4.0649414e+01
   6.1475700e+05   3.6132813e+01
   6.1489600e+05   4.0649414e+01
   6.1597200e+05   3.9001465e+01
   6.1721100e+05   3.8024902e+01
   6.2073300e+05   4.0954590e+01
   6.2164400e+05   3.7414551e+01
   6.2230000e+05   3.5339355e+01
   6.2325600e+05   3.5034180e+01
   6.2441100e+05   3.6071777e+01
   6.2558700e+05   3.5827637e+01
   6.2643300e+05   3.7902832e+01
   6.2899300e+05   4.2602539e+01
   6.3072900e+05   4.2419434e+01
   6.3409200e+05   3.4973145e+01
   6.3473900e+05   3.5644531e+01
   6.3547700e+05   4.0954590e+01
   6.3710600e+05   3.5644531e+01
   6.3828200e+05   3.3935547e+01
   6.3895100e+05   5.1635742e+01
   6.4013400e+05   3.8879395e+01
   6.4558200e+05   3.9245605e+01
   6.4588600e+05   3.8391113e+01
   6.4710300e+05   4.4189453e+01
   6.4896300e+05   4.2175293e+01
   6.5122100e+05   3.9999390e+03
   6.5128700e+05   7.2448730e+01
   6.5275800e+05   4.2602539e+01
   6.5607600e+05   3.8879395e+01
   6.5711900e+05   3.3874512e+01
   6.6055100e+05   4.3029785e+01
   6.6189200e+05   3.5705566e+01
   6.6482200e+05   4.1137695e+01
   6.6675800e+05   3.4362793e+01
   6.6678100e+05   3.5217285e+01
   6.6929000e+05   3.5034180e+01
   6.6972300e+05   4.8522949e+01
   6.7007200e+05   3.7475586e+01
   6.7066500e+05   3.8513184e+01
   6.7229200e+05   3.6010742e+01
   6.7294200e+05   4.4372559e+01
   6.7555900e+05   3.9367676e+01
   6.7770300e+05   3.7597656e+01
   6.7874400e+05   3.3691406e+01
   6.8134300e+05   3.9794922e+01
   6.8194200e+05   3.3813477e+01
   6.8296800e+05   3.7963867e+01
   6.8503200e+05   3.9306641e+01
   6.8901600e+05   3.6804199e+01
   6.9054000e+05   3.4118652e+01
   6.9160200e+05   3.6132813e+01
   6.9262800e+05   3.3935547e+01
   6.9510400e+05   3.9733887e+01
   6.9604900e+05   3.4362793e+01
   6.9716700e+05   4.0283203e+01
   6.9925800e+05   3.5766602e+01
   7.0033700e+05   3.7658691e+01
   7.0123500e+05   3.9999390e+03
   7.0130400e+05   7.1838379e+01
   7.0347200e+05   4.3395996e+01
   7.0421900e+05   3.4729004e+01
   7.0889800e+05   3.5339355e+01
   7.0989100e+05   3.7109375e+01
   7.1197700e+05   4.8217773e+01
   7.1436300e+05   4.1687012e+01
   7.1477400e+05   3.4057617e+01
   7.1647900e+05   3.7414551e+01
   7.1767800e+05   4.1076660e+01
   7.1970900e+05   3.5583496e+01
   7.2168000e+05   5.4565430e+01
   7.2249100e+05   3.7292480e+01
   7.2379500e+05   3.8635254e+01
   7.2396900e+05   4.1381836e+01
   7.2510400e+05   3.3874512e+01
   7.2593300e+05   3.9916992e+01
   7.2783800e+05   3.5644531e+01
   7.3996200e+05   3.9916992e+01
   7.4087200e+05   3.4057617e+01
   7.4116600e+05   3.7109375e+01
   7.4286200e+05   3.6071777e+01
   7.4609100e+05   4.1381836e+01
   7.4849400e+05   3.6560059e+01
   7.4969500e+05   3.9123535e+01
   7.5071600e+05   3.5644531e+01
   7.5124700e+05   2.0051880e+03
   7.5131100e+05   4.2053223e+01
   7.5132200e+05   5.3283691e+01
   7.5351200e+05   3.5217285e+01
   7.5443300e+05   3.6987305e+01
   7.5626000e+05   3.8391113e+01
   7.5755100e+05   3.8879395e+01
   7.6458800e+05   3.7841797e+01
   7.6589900e+05   3.7780762e+01
   7.6655600e+05   3.9245605e+01
   7.6746400e+05   3.7963867e+01
   7.6793100e+05   3.5522461e+01
   7.7213900e+05   3.6621094e+01
   7.7453200e+05   3.6499023e+01
   7.7588600e+05   3.5400391e+01
   7.7747900e+05   4.3151855e+01
   7.8157400e+05   3.4606934e+01
   7.8264500e+05   3.9001465e+01
   7.8277500e+05   3.4301758e+01
   7.8326700e+05   3.6437988e+01
   7.8349800e+05   3.7231445e+01
   7.8580300e+05   4.0771484e+01
   7.8975500e+05   4.0100098e+01
   7.9202000e+05   4.7424316e+01
   7.9369100e+05   4.1564941e+01
   7.9622200e+05   3.7048340e+01
   7.9883100e+05   3.7292480e+01
   7.9923200e+05   3.6865234e+01
   8.0067100e+05   3.4301758e+01
   8.0126300e+05   3.9999390e+03
   8.0131900e+05   4.9682617e+01
   8.0133200e+05   7.4279785e+01
   8.0134600e+05   3.4790039e+01
   8.0268500e+05   3.6132813e+01
   8.0411400e+05   3.4301758e+01
   8.0517000e+05   3.6560059e+01
   8.0763400e+05   3.7780762e+01
   8.0884000e+05   3.5644531e+01
   8.1182800e+05   4.4250488e+01
   8.1398900e+05   4.0527344e+01
   8.1437400e+05   4.1809082e+01
   8.1469800e+05   3.6987305e+01
   8.1715800e+05   3.5278320e+01
   8.1810100e+05   3.3752441e+01
   8.2096400e+05   3.4790039e+01
   8.2460700e+05   3.4912109e+01
   8.2665500e+05   3.7109375e+01
   8.2763100e+05   4.0405273e+01
   8.3085400e+05   3.5034180e+01
   8.3180200e+05   3.8452148e+01
   8.3286900e+05   3.4057617e+01
   8.3364900e+05   3.7536621e+01
   8.3802700e+05   3.6132813e+01
   8.3897400e+05   3.8635254e+01
   8.4333800e+05   3.5156250e+01
   8.4449200e+05   4.0588379e+01
   8.4773700e+05   4.0039063e+01
   8.4900700e+05   4.2297363e+01
   8.5127700e+05   3.9999390e+03
   8.5134300e+05   4.1259766e+01
   8.5165600e+05   3.5339355e+01
   8.5296100e+05   4.7302246e+01
   8.5622500e+05   3.4973145e+01
   8.5674700e+05   3.8330078e+01
   8.6148100e+05   3.4545898e+01
   8.6217200e+05   3.5217285e+01
   8.6236900e+05   4.2602539e+01
   8.6382200e+05   4.2236328e+01
   8.6699200e+05   3.5827637e+01
   8.7102700e+05   4.0283203e+01
   8.7183800e+05   4.3945313e+01
   8.7317800e+05   3.4851074e+01
   8.7331600e+05   4.6325684e+01
   8.7464900e+05   3.5278320e+01
   8.7572400e+05   3.7414551e+01
   8.7890300e+05   3.4423828e+01
   8.8039500e+05   3.5034180e+01
   8.8465700e+05   4.0771484e+01
   8.8556700e+05   3.5766602e+01
   8.8810400e+05   4.9926758e+01
   8.8902200e+05   4.3457031e+01
   8.9104900e+05   3.4301758e+01
   8.9277800e+05   4.2236328e+01
   8.9599000e+05   3.6865234e+01
   8.9614900e+05   3.4057617e+01
   8.9673300e+05   3.8879395e+01
   8.9825900e+05   3.6254883e+01
   9.0100500e+05   3.4606934e+01
   9.0128900e+05   2.0098877e+03
   9.0134900e+05   3.7475586e+01
   9.0136000e+05   8.7219238e+01
   9.0434700e+05   3.4423828e+01
   9.0488500e+05   3.8146973e+01
   9.0615300e+05   3.4057617e+01
   9.0840900e+05   4.8889160e+01
   9.1192900e+05   3.6560059e+01
   9.1289300e+05   4.0161133e+01
   9.1690500e+05   3.4362793e+01
   9.1746100e+05   3.7170410e+01
   9.2111700e+05   3.7170410e+01
   9.2238800e+05   3.7841797e+01
   9.2470100e+05   4.1381836e+01
   9.2580300e+05   3.5583496e+01
   9.2768300e+05   3.3813477e+01
   9.3160900e+05   3.7597656e+01
   9.3214000e+05   4.5166016e+01
   9.3394000e+05   3.5217285e+01
   9.3748500e+05   3.6071777e+01
   9.3782500e+05   3.4912109e+01
   9.3978300e+05   3.5095215e+01
   9.4091300e+05   3.8024902e+01
   9.4244500e+05   3.5278320e+01
   9.4482100e+05   4.0222168e+01
   9.4724200e+05   3.8513184e+01
   9.4911700e+05   3.5278320e+01
   9.5130500e+05   3.9999390e+03
   9.5137100e+05   5.3222656e+01
   9.5410700e+05   3.6071777e+01
   9.5718200e+05   3.7658691e+01
   9.5816900e+05   3.6560059e+01
   9.5991200e+05   3.8208008e+01
   9.6378400e+05   3.6743164e+01
   9.6469200e+05   3.9245605e+01
   9.6718900e+05   3.5400391e+01
   9.6824700e+05   3.8330078e+01
   9.7064200e+05   3.8574219e+01
   9.7302100e+05   4.0344238e+01
   9.7406400e+05   3.7475586e+01
   9.7885000e+05   4.1442871e+01
   9.7902200e+05   3.6682129e+01
   9.8126100e+05   3.7292480e+01
   9.8405900e+05   5.6335449e+01
   9.8694600e+05   3.7536621e+01
   9.8726100e+05   3.4912109e+01
   9.8976600e+05   4.4128418e+01
   9.9426400e+05   4.0832520e+01
   9.9804400e+05   4.5104980e+01
   9.9862100e+05   3.4240723e+01
   1.0013190e+06   3.9999390e+03
   1.0013850e+06   3.6743164e+01
   1.0016500e+06   3.8330078e+01
   1.0022320e+06   3.5766602e+01
   1.0048290e+06   3.9672852e+01
   1.0057580e+06   3.6926270e+01
   1.0071090e+06   4.0466309e+01
   1.0084940e+06   4.2541504e+01
   1.0100380e+06   3.8330078e+01
   1.0121860e+06   3.9184570e+01
   1.0147640e+06   3.4057617e+01
   1.0170260e+06   3.4545898e+01
   1.0203950e+06   3.7414551e+01
   1.0213740e+06   3.8330078e+01
   1.0224990e+06   3.7597656e+01
   1.0225170e+06   3.5156250e+01
   1.0276780e+06   4.2419434e+01
   1.0286110e+06   4.3518066e+01
   1.0325580e+06   3.5278320e+01
   1.0352360e+06   3.3752441e+01
   1.0429800e+06   4.3029785e+01
   1.0438300e+06   3.9855957e+01
   1.0439500e+06   4.1809082e+01
   1.0475850e+06   4.1809082e+01
   1.0513310e+06   2.0104980e+03
   1.0513840e+06   3.7414551e+01
   1.0513990e+06   4.7912598e+01
   1.0514100e+06   3.8024902e+01
   1.0523670e+06   4.3090820e+01
   1.0530610e+06   3.4057617e+01
   1.0554550e+06   3.6315918e+01
   1.0568300e+06   4.1381836e+01
   1.0577260e+06   3.5461426e+01
   1.0615940e+06   4.0649414e+01
   1.0626080e+06   3.4545898e+01
   1.0642850e+06   3.4423828e+01
   1.0683740e+06   4.5410156e+01
   1.0695860e+06   4.3151855e+01
   1.0722200e+06   3.9916992e+01
   1.0749240e+06   4.3395996e+01
   1.0776090e+06   3.7841797e+01
   1.0821320e+06   4.3029785e+01
   1.0822770e+06   3.8513184e+01
   1.0836620e+06   4.3640137e+01
   1.0895790e+06   3.4118652e+01
   1.0937900e+06   3.8391113e+01
   1.0955490e+06   3.3752441e+01
   1.0973960e+06   5.0292969e+01
   1.0997380e+06   3.3813477e+01
   1.1009140e+06   3.6499023e+01
   1.1013450e+06   2.0098877e+03
   1.1014160e+06   6.4025879e+01
   1.1015810e+06   3.3996582e+01
   1.1033580e+06   3.4729004e+01
   1.1034250e+06   3.8085938e+01
   1.1041730e+06   3.4179688e+01
   1.1082680e+06   3.8879395e+01
   1.1123370e+06   3.4362793e+01
   1.1129440e+06   4.1564941e+01
   1.1160180e+06   3.6682129e+01
   1.1171160e+06   3.8635254e+01
   1.1194830e+06   4.4494629e+01
   1.1213050e+06   3.3813477e+01
   1.1221720e+06   3.9855957e+01
   1.1235420e+06   3.8024902e+01
   1.1239020e+06   3.7231445e+01
   1.1250830e+06   3.4240723e+01
   1.1253960e+06   3.4484863e+01
   1.1282140e+06   3.8330078e+01
   1.1297390e+06   3.3752441e+01
   1.1305840e+06   3.6560059e+01
   1.1319180e+06   3.7841797e+01
   1.1346710e+06   3.4118652e+01
   1.1350480e+06   4.1259766e+01
   1.1373340e+06   3.7170410e+01
   1.1375400e+06   4.4982910e+01
   1.1408220e+06   5.2917480e+01
   1.1450530e+06   3.8024902e+01
   1.1460320e+06   3.6193848e+01
   1.1481170e+06   3.9184570e+01
   1.1513590e+06   2.0081787e+03
   1.1514300e+06   6.0424805e+01
   1.1519310e+06   4.1137695e+01
   1.1522800e+06   3.9672852e+01
   1.1528110e+06   3.4240723e+01
   1.1559280e+06   3.4790039e+01
   1.1561550e+06   3.6071777e+01
   1.1567040e+06   3.5949707e+01
   1.1571900e+06   3.7902832e+01
   1.1597470e+06   3.9184570e+01
   1.1610570e+06   4.0893555e+01
   1.1661670e+06   3.9916992e+01
   1.1671280e+06   3.8696289e+01
   1.1713700e+06   3.7231445e+01
   1.1719350e+06   4.2114258e+01
   1.1744240e+06   4.0588379e+01
   1.1750060e+06   3.7109375e+01
   1.1757400e+06   3.6682129e+01
   1.1776110e+06   3.5949707e+01
   1.1784560e+06   3.4484863e+01
   1.1807320e+06   4.2053223e+01
   1.1810140e+06   3.4118652e+01
   1.1830030e+06   3.5400391e+01
   1.1875440e+06   3.4179688e+01
   1.1880390e+06   3.4912109e+01
   1.1889700e+06   3.6010742e+01
   1.1909300e+06   3.4973145e+01
   1.1918620e+06   3.8330078e+01
   1.1928270e+06   4.0527344e+01
   1.1954880e+06   3.8085938e+01
   1.1979080e+06   4.1381836e+01
   1.2010770e+06   3.8513184e+01
   1.2013750e+06   3.9999390e+03
   1.2014410e+06   3.6132813e+01
   1.2023690e+06   3.7231445e+01
   1.2035540e+06   3.3996582e+01
   1.2060500e+06   4.2297363e+01
   1.2091390e+06   3.7963867e+01
   1.2099990e+06   3.6193848e+01
   1.2122940e+06   3.6132813e+01
   1.2178030e+06   4.7912598e+01
   1.2187290e+06   3.6926270e+01
   1.2216500e+06   3.8391113e+01
   1.2232690e+06   3.5522461e+01
   1.2240380e+06   4.5104980e+01
   1.2297110e+06   3.8757324e+01
   1.2297340e+06   3.7231445e+01
   1.2311900e+06   3.5949707e+01
   1.2321200e+06   3.3752441e+01
   1.2324750e+06   4.2358398e+01
   1.2326280e+06   3.6987305e+01
   1.2384870e+06   4.0527344e+01
   1.2396970e+06   5.0476074e+01
   1.2409550e+06   3.8391113e+01
   1.2419260e+06   3.5827637e+01
   1.2432350e+06   4.1748047e+01
   1.2434410e+06   3.4606934e+01
   1.2489500e+06   4.2907715e+01
   1.2502290e+06   3.7109375e+01
   1.2513870e+06   2.0059204e+03
   1.2514450e+06   4.4433594e+01
   1.2514580e+06   6.7504883e+01
   1.2531020e+06   3.8696289e+01
   1.2535170e+06   3.7414551e+01
   1.2540500e+06   3.7597656e+01
   1.2561080e+06   3.8146973e+01
   1.2573440e+06   3.5339355e+01
   1.2631450e+06   3.5827637e+01
   1.2704460e+06   3.9489746e+01
   1.2754220e+06   3.9428711e+01
   1.2765530e+06   4.7363281e+01
   1.2801970e+06   3.7353516e+01
   1.2803250e+06   3.5888672e+01
   1.2813170e+06   3.7170410e+01
   1.2836050e+06   3.5888672e+01
   1.2845570e+06   3.7658691e+01
   1.2874540e+06   3.4179688e+01
   1.2883740e+06   3.6437988e+01
   1.2911360e+06   3.5766602e+01
   1.2932350e+06   3.6437988e+01
   1.2965670e+06   3.7780762e+01
   1.2973030e+06   3.7719727e+01
   1.3003120e+06   3.6437988e+01
   1.3014010e+06   2.0117188e+03
   1.3014690e+06   4.8828125e+01
   1.3047210e+06   3.6193848e+01
   1.3080550e+06   3.6926270e+01
   1.3089160e+06   3.5034180e+01
   1.3119100e+06   4.0527344e+01
   1.3153010e+06   3.7902832e+01
   1.3178530e+06   3.3935547e+01
   1.3196260e+06   4.3823242e+01
   1.3199110e+06   3.4179688e+01
   1.3224720e+06   3.4545898e+01
   1.3225820e+06   3.6621094e+01
   1.3249540e+06   4.1015625e+01
   1.3249940e+06   3.4179688e+01
   1.3264780e+06   3.6132813e+01
   1.3271130e+06   3.7658691e+01
   1.3280990e+06   4.1381836e+01
   1.3325090e+06   3.4057617e+01
   1.3344570e+06   3.5461426e+01
   1.3413340e+06   3.9062500e+01
   1.3425350e+06   3.5461426e+01
   1.3447340e+06   3.9794922e+01
   1.3476510e+06   3.6926270e+01
   1.3514150e+06   2.0078735e+03
   1.3514830e+06   4.6325684e+01
   1.3519140e+06   3.8818359e+01
   1.3525290e+06   4.1015625e+01
   1.3547300e+06   3.5095215e+01
   1.3553440e+06   3.7048340e+01
   1.3565080e+06   3.4851074e+01
   1.3585420e+06   3.4851074e+01
   1.3589190e+06   3.5278320e+01
   1.3589870e+06   3.9428711e+01
   1.3655350e+06   4.6997070e+01
   1.3663860e+06   3.4667969e+01
   1.3723670e+06   4.0710449e+01
   1.3761830e+06   3.8269043e+01
   1.3774960e+06   3.4240723e+01
   1.3801860e+06   4.2785645e+01
   1.3812080e+06   3.4240723e+01
   1.3842910e+06   4.2053223e+01
   1.3864190e+06   3.8452148e+01
   1.3872350e+06   3.4423828e+01
   1.3887690e+06   3.5583496e+01
   1.3896330e+06   3.3935547e+01
   1.3910280e+06   3.5278320e+01
   1.3911870e+06   3.3691406e+01
   1.3917170e+06   3.7963867e+01
   1.3923580e+06   4.4799805e+01
   1.3944380e+06   3.4912109e+01
   1.4004590e+06   4.3457031e+01
   1.4014290e+06   2.0038452e+03
   1.4014390e+06   4.3884277e+01
   1.4014970e+06   5.1391602e+01
   1.4015160e+06   4.2419434e+01
   1.4038030e+06   3.9001465e+01
   1.4090710e+06   4.0893555e+01
   1.4099640e+06   3.5949707e+01
   1.4110910e+06   3.8879395e+01
   1.4146510e+06   3.6804199e+01
   1.4180680e+06   3.7048340e+01
   1.4186990e+06   3.8940430e+01
   1.4216730e+06   3.4606934e+01
   1.4247660e+06   3.4301758e+01
   1.4269070e+06   3.8574219e+01
   1.4280010e+06   3.5888672e+01
   1.4282040e+06   3.5461426e+01
   1.4310280e+06   3.4790039e+01
   1.4329470e+06   3.6987305e+01
   1.4344720e+06   3.8269043e+01
   1.4389330e+06   5.0109863e+01
   1.4403740e+06   3.6132813e+01
   1.4491920e+06   4.2724609e+01
   1.4497580e+06   3.6254883e+01
   1.4508660e+06   3.9001465e+01
   1.4513640e+06   3.5949707e+01
   1.4514430e+06   2.0076904e+03
   1.4515150e+06   7.9772949e+01
   1.4568350e+06   3.7963867e+01
   1.4585500e+06   3.5217285e+01
   1.4615840e+06   3.5888672e+01
   1.4628800e+06   3.8391113e+01
   1.4682110e+06   4.1381836e+01
   1.4691800e+06   3.9245605e+01
   1.4716790e+06   4.2419434e+01
   1.4730100e+06   3.7109375e+01
   1.4742480e+06   3.7658691e+01
   1.4762520e+06   3.3935547e+01
   1.4771400e+06   4.0527344e+01
   1.4788420e+06   4.1809082e+01
   1.4816190e+06   3.8757324e+01
   1.4824800e+06   3.4179688e+01
   1.4852500e+06   3.4606934e+01
   1.4873240e+06   3.7902832e+01
   1.4886140e+06   3.4301758e+01
   1.4900820e+06   4.1503906e+01
   1.4928860e+06   3.8635254e+01
   1.4939010e+06   4.7851563e+01
   1.5014570e+06   2.0066528e+03
   1.5015290e+06   6.7199707e+01
   1.5036510e+06   4.3029785e+01
   1.5059430e+06   3.5095215e+01
   1.5121530e+06   4.0344238e+01
   1.5140430e+06   4.2907715e+01
   1.5159190e+06   3.8757324e+01
   1.5199760e+06   6.8115234e+01
   1.5212870e+06   3.3752441e+01
   1.5229980e+06   3.5034180e+01
   1.5241200e+06   3.6865234e+01
   1.5261660e+06   3.6376953e+01
   1.5291450e+06   3.5278320e+01
   1.5301430e+06   3.9794922e+01
   1.5307280e+06   3.4851074e+01
   1.5330720e+06   3.4729004e+01
   1.5340740e+06   3.9001465e+01
   1.5394550e+06   3.6315918e+01
   1.5432510e+06   4.1198730e+01
   1.5457070e+06   3.6621094e+01
   1.5476610e+06   3.9123535e+01
   1.5497410e+06   3.5583496e+01
   1.5507070e+06   3.6621094e+01
   1.5514710e+06   2.0070190e+03
   1.5515420e+06   6.7199707e+01
   1.5515570e+06   3.6376953e+01
   1.5517140e+06   4.0039063e+01
   1.5530760e+06   3.4179688e+01
   1.5550560e+06   4.4921875e+01
   1.5568750e+06   3.7536621e+01
   1.5598690e+06   4.4067383e+01
   1.5621190e+06   4.0344238e+01
   1.5633950e+06   3.5583496e+01
   1.5655430e+06   3.8940430e+01
   1.5660230e+06   3.5583496e+01
   1.5661700e+06   3.5217285e+01
   1.5672190e+06   3.8146973e+01
   1.5695960e+06   3.8879395e+01
   1.5701670e+06   3.5583496e+01
   1.5705900e+06   3.9306641e+01
   1.5726090e+06   3.9428711e+01
   1.5738130e+06   3.7109375e+01
   1.5769690e+06   4.5715332e+01
   1.5774960e+06   3.4301758e+01
   1.5810660e+06   4.1259766e+01
   1.5826480e+06   3.7597656e+01
   1.5836720e+06   4.0405273e+01
   1.5847360e+06   3.5766602e+01
   1.5871410e+06   4.4311523e+01
   1.5892640e+06   3.4179688e+01
   1.5898800e+06   3.5095215e+01
   1.5904440e+06   3.4240723e+01
   1.5907760e+06   3.7353516e+01
   1.5965320e+06   3.4362793e+01
   1.5996760e+06   3.4484863e+01
   1.6014850e+06   2.0093384e+03
   1.6015540e+06   3.8024902e+01
   1.6015710e+06   3.4790039e+01
   1.6030450e+06   3.7170410e+01
   1.6044720e+06   3.4362793e+01
   1.6090020e+06   3.6254883e+01
   1.6122130e+06   3.5156250e+01
   1.6151710e+06   3.8696289e+01
   1.6163590e+06   3.6193848e+01
   1.6181960e+06   4.1442871e+01
   1.6190740e+06   3.6193848e+01
   1.6237800e+06   3.4973145e+01
   1.6257770e+06   3.4301758e+01
   1.6275770e+06   3.7231445e+01
   1.6279010e+06   3.3691406e+01
   1.6282940e+06   3.3813477e+01
   1.6293170e+06   3.4545898e+01
   1.6355310e+06   3.6071777e+01
   1.6360780e+06   4.5349121e+01
   1.6390530e+06   4.5166016e+01
   1.6393290e+06   3.7109375e+01
   1.6456100e+06   3.9489746e+01
   1.6467730e+06   3.4484863e+01
   1.6497970e+06   3.5644531e+01
   1.6499200e+06   4.6020508e+01
   1.6514990e+06   2.0072632e+03
   1.6515710e+06   5.7434082e+01
   1.6531760e+06   3.9123535e+01
   1.6537290e+06   3.4973145e+01
   1.6557920e+06   3.6437988e+01
   1.6566320e+06   3.6071777e+01
   1.6630200e+06   4.3823242e+01
   1.6661250e+06   3.4301758e+01
   1.6671970e+06   3.7109375e+01
   1.6688490e+06   3.4362793e+01
   1.6714190e+06   4.2358398e+01
   1.6724920e+06   3.4606934e+01
   1.6778960e+06   3.9367676e+01
   1.6784280e+06   3.4057617e+01
   1.6793430e+06   3.4301758e+01
   1.6820950e+06   3.4912109e+01
   1.6822610e+06   3.5583496e+01
   1.6853180e+06   3.7353516e+01
   1.6902510e+06   3.3935547e+01
   1.6910040e+06   4.3151855e+01
   1.6938240e+06   3.3996582e+01
   1.6955120e+06   3.4545898e+01
   1.6966040e+06   4.0588379e+01
   1.6969620e+06   3.6132813e+01
   1.7013610e+06   3.3874512e+01
   1.7015130e+06   2.0070801e+03
   1.7015700e+06   3.7109375e+01
   1.7015840e+06   6.3659668e+01
   1.7019480e+06   4.6813965e+01
   1.7031840e+06   3.7475586e+01
   1.7054540e+06   3.4362793e+01
   1.7065050e+06   4.3762207e+01
   1.7112610e+06   3.6621094e+01
   1.7122830e+06   4.0222168e+01
   1.7143160e+06   3.8391113e+01
   1.7170270e+06   3.5034180e+01
   1.7173920e+06   4.8400879e+01
   1.7188180e+06   4.2419434e+01
   1.7212420e+06   3.3752441e+01
   1.7217290e+06   3.7231445e+01
   1.7235730e+06   3.5766602e+01
   1.7256570e+06   3.5949707e+01
   1.7282580e+06   4.1442871e+01
   1.7306130e+06   3.4240723e+01
   1.7358220e+06   4.0893555e+01
   1.7381210e+06   4.3823242e+01
   1.7407100e+06   4.2175293e+01
   1.7421930e+06   3.6376953e+01
   1.7454750e+06   3.3691406e+01
   1.7493130e+06   4.7790527e+01
   1.7515290e+06   3.9999390e+03
   1.7515810e+06   4.4311523e+01
   1.7515990e+06   6.9885254e+01
   1.7559570e+06   3.4240723e+01
   1.7566390e+06   3.6254883e+01
   1.7567370e+06   3.4301758e+01
   1.7576840e+06   3.8513184e+01
   1.7601580e+06   3.5034180e+01
   1.7630510e+06   9.3505859e+01
   1.7633200e+06   3.3813477e+01
   1.7656470e+06   3.4057617e+01
   1.7680050e+06   4.0466309e+01
   1.7702810e+06   3.9489746e+01
   1.7738160e+06   3.3752441e+01
   1.7762960e+06   3.5217285e+01
   1.7770600e+06   4.0466309e+01
   1.7815530e+06   3.9672852e+01
   1.7847950e+06   4.0954590e+01
   1.7851170e+06   3.5461426e+01
   1.7867200e+06   3.4423828e+01
   1.7904330e+06   3.6499023e+01
   1.7928930e+06   3.4545898e+01
   1.7946450e+06   3.3813477e+01
   1.7982800e+06   3.7048340e+01
   1.8015410e+06   2.0090332e+03
   1.8015990e+06   5.2307129e+01
   1.8016130e+06   6.1462402e+01
   1.8016260e+06   3.5827637e+01
   1.8052030e+06   3.3996582e+01
   1.8057780e+06   4.5166016e+01
   1.8062850e+06   3.7109375e+01
   1.8096660e+06   3.3813477e+01
   1.8102020e+06   3.6132813e+01
   1.8155880e+06   7.8063965e+01
   1.8171210e+06   4.2053223e+01
   1.8192210e+06   3.8574219e+01
   1.8207880e+06   3.3813477e+01
   1.8208810e+06   3.5156250e+01
   1.8261520e+06   3.5278320e+01
   1.8263780e+06   3.5949707e+01
   1.8283200e+06   3.4179688e+01
   1.8294140e+06   3.3691406e+01
   1.8357620e+06   4.2175293e+01
   1.8367560e+06   3.4790039e+01
   1.8383940e+06   3.7231445e+01
   1.8412830e+06   4.1015625e+01
   1.8419030e+06   3.5705566e+01
   1.8456030e+06   3.7231445e+01
   1.8475290e+06   4.3334961e+01
   1.8502320e+06   4.5410156e+01
   1.8515570e+06   3.9999390e+03
   1.8516240e+06   4.3518066e+01
   1.8516400e+06   4.4921875e+01
   1.8551400e+06   4.2602539e+01
   1.8559240e+06   3.4362793e+01
   1.8569570e+06   3.6743164e+01
   1.8640260e+06   3.9001465e+01
   1.8644250e+06   3.4423828e+01
   1.8679170e+06   3.9611816e+01
   1.8692060e+06   3.7536621e+01
   1.8734700e+06   3.6865234e+01
   1.8745940e+06   3.6071777e+01
   1.8780000e+06   3.4301758e+01
   1.8825600e+06   4.2968750e+01
   1.8836290e+06   3.6865234e+01
   1.8875100e+06   3.6010742e+01
   1.8897150e+06   3.6193848e+01
   1.8962300e+06   3.4912109e+01
   1.8969990e+06   3.4912109e+01
   1.8987080e+06   3.5522461e+01
   1.9000730e+06   3.8452148e+01
   1.9015690e+06   2.0103149e+03
   1.9016280e+06   3.7353516e+01
   1.9016410e+06   6.8847656e+01
   1.9032960e+06   4.1137695e+01
   1.9042160e+06   3.9367676e+01
   1.9110700e+06   3.5949707e+01
   1.9125240e+06   3.7841797e+01
   1.9153710e+06   3.7353516e+01
   1.9175460e+06   4.0710449e+01
   1.9185760e+06   4.8156738e+01
   1.9230330e+06   3.8085938e+01
   1.9269930e+06   4.1687012e+01
   1.9324020e+06   3.6376953e+01
   1.9334050e+06   3.5400391e+01
   1.9343620e+06   4.2541504e+01
   1.9356520e+06   3.4423828e+01
   1.9383880e+06   3.8696289e+01
   1.9422070e+06   5.1208496e+01
   1.9456470e+06   3.5522461e+01
   1.9468760e+06   4.1015625e+01
   1.9489570e+06   3.3996582e+01
   1.9504950e+06   3.7536621e+01
   1.9515830e+06   2.0092773e+03
   1.9516550e+06   6.8908691e+01
   1.9544020e+06   3.4667969e+01
   1.9597310e+06   3.8818359e+01
   1.9608160e+06   3.8085938e+01
   1.9651110e+06   3.4606934e+01
   1.9654350e+06   3.7414551e+01
   1.9697130e+06   3.5888672e+01
   1.9711530e+06   3.6254883e+01
   1.9755080e+06   3.4057617e+01
   1.9779620e+06   3.9306641e+01
   1.9809230e+06   4.5837402e+01
   1.9886410e+06   4.2541504e+01
   1.9896410e+06   3.9245605e+01
   1.9980960e+06   3.7841797e+01
   2.0004900e+06   3.4057617e+01
   2.0015400e+06   4.2114258e+01
   2.0015970e+06   2.0120239e+03
   2.0016670e+06   4.1442871e+01
   2.0016840e+06   3.4973145e+01
   2.0039780e+06   3.7048340e+01
   2.0051800e+06   3.5034180e+01
   2.0054710e+06   3.8696289e+01
   2.0070480e+06   5.1513672e+01
   2.0103010e+06   4.3823242e+01
   2.0135990e+06   3.6254883e+01
   2.0145480e+06   4.1931152e+01
   2.0189340e+06   3.9611816e+01
   2.0211050e+06   3.7353516e+01
   2.0229330e+06   3.7841797e+01
   2.0255310e+06   3.4301758e+01
   2.0268910e+06   4.9072266e+01
   2.0295260e+06   3.9184570e+01
   2.0348890e+06   3.3874512e+01
   2.0394910e+06   4.2602539e+01
   2.0420520e+06   3.6193848e+01
   2.0431240e+06   3.8024902e+01
   2.0447190e+06   3.7048340e+01
   2.0516130e+06   3.9999390e+03
   2.0516830e+06   6.9213867e+01
   2.0575400e+06   3.8574219e+01
   2.0630960e+06   3.4057617e+01
   2.0659190e+06   3.4484863e+01
   2.0677380e+06   3.7719727e+01
   2.0685670e+06   3.6926270e+01
   2.0716550e+06   3.4912109e+01
   2.0754830e+06   3.4667969e+01
   2.0775600e+06   3.5278320e+01
   2.0814640e+06   3.4118652e+01
   2.0825290e+06   3.5644531e+01
   2.0828090e+06   3.4606934e+01
   2.0929700e+06   3.9245605e+01
   2.0958200e+06   3.7719727e+01
   2.0988950e+06   3.3691406e+01
   2.1001060e+06   4.2907715e+01
   2.1011360e+06   4.3518066e+01
   2.1016270e+06   3.9999390e+03
   2.1016950e+06   3.8757324e+01
   2.1114800e+06   3.5705566e+01
   2.1180000e+06   3.7414551e+01
   2.1191000e+06   4.0710449e+01
   2.1212190e+06   3.6254883e+01
   2.1243160e+06   4.1687012e+01
   2.1271550e+06   3.6193848e+01
   2.1291660e+06   3.3935547e+01
   2.1302330e+06   4.1015625e+01
   2.1312290e+06   4.5349121e+01
   2.1352320e+06   3.8574219e+01
   2.1361060e+06   3.9001465e+01
   2.1377310e+06   3.5644531e+01
   2.1382250e+06   3.9367676e+01
   2.1411800e+06   3.3752441e+01
   2.1440770e+06   4.5043945e+01
   2.1449830e+06   3.9978027e+01
   2.1485380e+06   3.4545898e+01
   2.1498670e+06   4.1931152e+01
   2.1511090e+06   3.3996582e+01
   2.1516410e+06   3.9999390e+03
   2.1516980e+06   4.4738770e+01
   2.1517110e+06   7.2082520e+01
   2.1536260e+06   3.6376953e+01
   2.1590350e+06   8.5754395e+01
   2.1594460e+06   3.5644531e+01
   2.1640670e+06   3.8208008e+01
   2.1645070e+06   3.4362793e+01
   2.1797140e+06   3.6193848e+01
   2.1811420e+06   3.6254883e+01
   2.1818270e+06   3.7597656e+01
   2.1852410e+06   4.4433594e+01
   2.1862790e+06   3.8879395e+01
   2.1870580e+06   3.7353516e+01
   2.1883430e+06   3.3691406e+01
   2.1898690e+06   4.7302246e+01
   2.1917490e+06   4.0771484e+01
   2.1959520e+06   4.0588379e+01
   2.1970030e+06   3.6437988e+01
   2.2016530e+06   2.0078125e+03
   2.2017110e+06   3.8879395e+01
   2.2017250e+06   7.3730469e+01
   2.2021570e+06   4.0893555e+01
   2.2074810e+06   4.0771484e+01
   2.2088190e+06   3.5095215e+01
   2.2112320e+06   3.7719727e+01
   2.2140740e+06   3.6437988e+01
   2.2151000e+06   4.8095703e+01
   2.2208550e+06   3.5156250e+01
   2.2220940e+06   3.3874512e+01
   2.2234390e+06   3.8757324e+01
   2.2279160e+06   3.4057617e+01
   2.2290560e+06   3.7475586e+01
   2.2329290e+06   3.8208008e+01
   2.2351610e+06   4.9438477e+01
   2.2364660e+06   3.3935547e+01
   2.2376960e+06   4.3701172e+01
   2.2394390e+06   4.2968750e+01
   2.2511860e+06   3.7048340e+01
   2.2514200e+06   3.6193848e+01
   2.2516670e+06   2.0045776e+03
   2.2517270e+06   4.8278809e+01
   2.2517400e+06   7.9711914e+01
   2.2523530e+06   4.0710449e+01
   2.2529470e+06   3.4362793e+01
   2.2530330e+06   4.2114258e+01
   2.2530690e+06   3.5644531e+01
   2.2530860e+06   3.7170410e+01
   2.2531240e+06   3.6254883e+01
   2.2531590e+06   1.4233398e+02
   2.2531890e+06   5.6213379e+01
   2.2532040e+06   1.0876465e+02
   2.2532150e+06   6.8542480e+01
   2.2532440e+06   4.9499512e+01
   2.2532770e+06   8.8317871e+01
   2.2533040e+06   7.8613281e+01
   2.2533280e+06   4.7668457e+01
   2.2533540e+06   7.2021484e+01
   2.2533880e+06   1.2548828e+02
   2.2534070e+06   1.5783691e+02
   2.2534320e+06   1.4080811e+02
   2.2534580e+06   8.7036133e+01
   2.2534880e+06   6.2622070e+01
   2.2535160e+06   1.0290527e+02
   2.2535490e+06   1.1621094e+02
   2.2535680e+06   1.4807129e+02
   2.2535870e+06   1.7736816e+02
   2.2536110e+06   1.3232422e+02
   2.2536240e+06   1.6070557e+02
   2.2536460e+06   1.2463379e+02
   2.2536660e+06   1.2738037e+02
   2.2536940e+06   1.4172363e+02
   2.2537060e+06   1.3629150e+02
   2.2537290e+06   1.6552734e+02
   2.2537580e+06   1.1828613e+02
   2.2537780e+06   1.4746094e+02
   2.2537920e+06   2.1038818e+02
   2.2538110e+06   1.3122559e+02
   2.2538310e+06   1.3116455e+02
   2.2538440e+06   1.3214111e+02
   2.2538570e+06   8.9843750e+01
   2.2538840e+06   1.0321045e+02
   2.2539080e+06   1.5710449e+02
   2.2539210e+06   1.5063477e+02
   2.2539520e+06   1.2500000e+02
   2.2539770e+06   7.5622559e+01
   2.2539900e+06   1.2500000e+02
   2.2540090e+06   2.4133301e+02
   2.2540230e+06   1.6119385e+02
   2.2540510e+06   1.6278076e+02
   2.2540790e+06   1.5686035e+02
   2.2540960e+06   1.1743164e+02
   2.2541220e+06   9.4116211e+01
   2.2541330e+06   6.9824219e+01
   2.2541540e+06   1.2042236e+02
   2.2541890e+06   1.7816162e+02
   2.2542030e+06   1.1968994e+02
   2.2542280e+06   1.3806152e+02
   2.2542530e+06   1.4447021e+02
   2.2542680e+06   1.0797119e+02
   2.2542790e+06   1.0656738e+02
   2.2543050e+06   7.6293945e+01
   2.2543300e+06   1.0540771e+02
   2.2543420e+06   9.6618652e+01
   2.2543600e+06   6.6467285e+01
   2.2543800e+06   9.1308594e+01
   2.2543940e+06   7.7575684e+01
   2.2544160e+06   1.0217285e+02
   2.2544320e+06   8.7768555e+01
   2.2544480e+06   6.3781738e+01
   2.2544660e+06   1.2731934e+02
   2.2544920e+06   6.3171387e+01
   2.2545120e+06   7.7453613e+01
   2.2545320e+06   3.9855957e+01
   2.2545550e+06   1.0504150e+02
   2.2545660e+06   1.0949707e+02
   2.2545940e+06   9.6496582e+01
   2.2546070e+06   7.5744629e+01
   2.2546240e+06   3.8146973e+01
   2.2546390e+06   9.1918945e+01
   2.2546730e+06   1.2011719e+02
   2.2546980e+06   1.1462402e+02
   2.2547100e+06   6.6650391e+01
   2.2547270e+06   6.5185547e+01
   2.2547450e+06   6.2255859e+01
   2.2547580e+06   7.6171875e+01
   2.2547980e+06   8.4533691e+01
   2.2548130e+06   7.6904297e+01
   2.2548410e+06   1.0784912e+02
   2.2548700e+06   5.6579590e+01
   2.2548990e+06   5.3100586e+01
   2.2549260e+06   5.6396484e+01
   2.2549440e+06   5.7678223e+01
   2.2549580e+06   5.3527832e+01
   2.2549860e+06   8.1054688e+01
   2.2550140e+06   5.4626465e+01
   2.2550360e+06   8.4838867e+01
   2.2550580e+06   4.8400879e+01
   2.2550750e+06   6.0913086e+01
   2.2550960e+06   6.1096191e+01
   2.2551100e+06   3.3935547e+01
   2.2551450e+06   3.8024902e+01
   2.2551770e+06   7.8002930e+01
   2.2552050e+06   8.0139160e+01
   2.2552420e+06   3.5522461e+01
   2.2552580e+06   6.2683105e+01
   2.2552890e+06   5.2856445e+01
   2.2553080e+06   3.9062500e+01
   2.2553380e+06   3.6499023e+01
   2.2553740e+06   3.4240723e+01
   2.2553980e+06   4.9499512e+01
   2.2554090e+06   5.9936523e+01
   2.2554440e+06   4.4860840e+01
   2.2554700e+06   3.5400391e+01
   2.2554980e+06   4.7485352e+01
   2.2555110e+06   3.9367676e+01
   2.2555340e+06   4.8339844e+01
   2.2555650e+06   4.8583984e+01
   2.2555840e+06   3.5888672e+01
   2.2555950e+06   4.6630859e+01
   2.2556160e+06   3.5888672e+01
   2.2556410e+06   3.5705566e+01
   2.2557070e+06   3.3752441e+01
   2.2557280e+06   5.0354004e+01
   2.2558340e+06   4.0283203e+01
   2.2559620e+06   3.8269043e+01
   2.2559970e+06   3.3935547e+01
   2.2799830e+06   3.9001465e+01
   2.2843410e+06   3.3752441e+01
   2.2894550e+06   3.4362793e+01
   2.3016830e+06   3.9999390e+03
   2.3017520e+06   3.7170410e+01
   2.3041540e+06   3.9672852e+01
   2.3096950e+06   3.6376953e+01
   2.3103290e+06   4.3334961e+01
   2.3122620e+06   3.6682129e+01
   2.3180590e+06   4.1381836e+01
   2.3234850e+06   4.1076660e+01
   2.3260770e+06   3.4606934e+01
   2.3269820e+06   3.3996582e+01
   2.3279320e+06   3.7902832e+01
   2.3301030e+06   3.4118652e+01
   2.3358120e+06   3.7170410e+01
   2.3396890e+06   4.5043945e+01
   2.3430050e+06   4.2175293e+01
   2.3482690e+06   4.3395996e+01
   2.3515300e+06   4.2907715e+01
   2.3516970e+06   3.9999390e+03
   2.3517660e+06   3.4423828e+01
   2.3556540e+06   4.4738770e+01
   2.3607450e+06   3.4423828e+01
   2.3615370e+06   3.6499023e+01
   2.3655720e+06   4.1564941e+01
   2.3671850e+06   3.6376953e+01
   2.3687670e+06   3.4790039e+01
   2.3702280e+06   4.1137695e+01
   2.3709840e+06   3.4240723e+01
   2.3723090e+06   3.6621094e+01
   2.3778970e+06   3.6254883e+01
   2.3789190e+06   3.8024902e+01
   2.3821920e+06   3.4118652e+01
   2.3852810e+06   3.6621094e+01
   2.3897420e+06   3.6193848e+01
   2.3928360e+06   3.8146973e+01
   2.3969680e+06   3.4423828e+01
   2.3980400e+06   3.7414551e+01
   2.3986860e+06   3.4484863e+01
   2.4017090e+06   2.0064087e+03
   2.4017670e+06   4.2907715e+01
   2.4017820e+06   6.2072754e+01
   2.4056510e+06   4.0100098e+01
   2.4056630e+06   3.7475586e+01
   2.4081690e+06   3.7719727e+01
   2.4153740e+06   7.7270508e+01
   2.4246340e+06   5.3039551e+01
   2.4265850e+06   3.6682129e+01
   2.4272290e+06   3.5583496e+01
   2.4342670e+06   4.0893555e+01
   2.4356550e+06   4.2358398e+01
   2.4410230e+06   3.6865234e+01
   2.4414670e+06   4.4494629e+01
   2.4448140e+06   3.5949707e+01
   2.4486990e+06   3.6560059e+01
   2.4517230e+06   2.0072632e+03
   2.4517820e+06   5.0964355e+01
   2.4517950e+06   6.3293457e+01
   2.4531580e+06   3.8085938e+01
   2.4568330e+06   3.4545898e+01
   2.4573840e+06   3.6071777e+01
   2.4587490e+06   3.4118652e+01
   2.4626320e+06   4.1687012e+01
   2.4656880e+06   3.6193848e+01
   2.4710280e+06   3.7231445e+01
   2.4720880e+06   3.5339355e+01
   2.4771300e+06   3.8024902e+01
   2.4808120e+06   3.7414551e+01
   2.4839760e+06   3.6193848e+01
   2.4856390e+06   4.2846680e+01
   2.4891920e+06   3.6987305e+01
   2.4997410e+06   3.6315918e+01
   2.5051240e+06   4.6691895e+01
   2.5066110e+06   3.5705566e+01
   2.5113550e+06   3.4301758e+01
   2.5144220e+06   3.6132813e+01
   2.5160010e+06   3.8635254e+01
   2.5181770e+06   3.4362793e+01
   2.5226150e+06   3.4729004e+01
   2.5245260e+06   3.7902832e+01
   2.5268260e+06   3.4973145e+01
   2.5296140e+06   3.5095215e+01
   2.5321210e+06   3.5949707e+01
   2.5365740e+06   3.7048340e+01
   2.5390110e+06   3.9489746e+01
   2.5423640e+06   3.7658691e+01
   2.5438650e+06   4.1564941e+01
   2.5468610e+06   4.1442871e+01
   2.5479360e+06   3.7597656e+01
   2.5530770e+06   4.2297363e+01
   2.5606410e+06   3.5888672e+01
   2.5631230e+06   3.8696289e+01
   2.5640720e+06   3.9306641e+01
   2.5654390e+06   4.1381836e+01
   2.5680920e+06   3.4240723e+01
   2.5700470e+06   3.8879395e+01
   2.5788710e+06   3.8452148e+01
   2.5800860e+06   3.7170410e+01
   2.5804380e+06   3.3996582e+01
   2.5850230e+06   4.2114258e+01
   2.5869510e+06   3.7109375e+01
   2.5884920e+06   3.8879395e+01
   2.5944470e+06   3.3874512e+01
   2.5980090e+06   3.5461426e+01
   2.5989060e+06   3.7658691e+01
   2.6051240e+06   4.2785645e+01
   2.6054630e+06   3.8085938e+01
   2.6062320e+06   3.4301758e+01
   2.6085210e+06   3.4423828e+01
   2.6162960e+06   3.4240723e+01
   2.6176990e+06   3.3691406e+01
   2.6183430e+06   4.1748047e+01
   2.6195150e+06   3.5766602e+01
   2.6218680e+06   3.9855957e+01
   2.6246560e+06   3.7414551e+01
   2.6295680e+06   4.6081543e+01
   2.6330310e+06   3.3813477e+01
   2.6383180e+06   3.4729004e+01
   2.6423370e+06   3.7109375e+01
   2.6452500e+06   3.7841797e+01
   2.6463000e+06   4.0954590e+01
   2.6487060e+06   3.9978027e+01
   2.6547620e+06   3.7109375e+01
   2.6612890e+06   3.3996582e+01
   2.6657450e+06   3.7231445e+01
   2.6658160e+06   3.3874512e+01
   2.6667300e+06   4.2358398e+01
   2.6722750e+06   3.7475586e+01
   2.6743160e+06   4.3884277e+01
   2.6752010e+06   3.7780762e+01
   2.6773590e+06   4.2968750e+01
   2.6786030e+06   4.4067383e+01
   2.6809450e+06   3.5400391e+01
   2.6886000e+06   3.7109375e+01
   2.6888760e+06   3.4729004e+01
   2.6917150e+06   3.7963867e+01
   2.6935120e+06   3.3691406e+01
   2.7016780e+06   3.3935547e+01
   2.7035950e+06   3.6071777e+01
   2.7059460e+06   3.7841797e+01
   2.7135180e+06   3.3996582e+01
   2.7161100e+06   5.1330566e+01
   2.7201700e+06   3.8146973e+01
   2.7237710e+06   3.5705566e+01
   2.7247430e+06   3.3935547e+01
   2.7257950e+06   3.6926270e+01
   2.7258950e+06   4.4372559e+01
   2.7337300e+06   3.4423828e+01
   2.7380800e+06   4.0893555e+01
   2.7390420e+06   3.9428711e+01
   2.7421810e+06   3.7048340e+01
   2.7445630e+06   3.9733887e+01
   2.7585510e+06   3.4729004e+01
   2.7596640e+06   4.6936035e+01
   2.7606750e+06   3.4851074e+01
   2.7627180e+06   3.6804199e+01
   2.7640170e+06   3.5705566e+01
   2.7642210e+06   3.9428711e+01
   2.7664130e+06   3.5766602e+01
   2.7717330e+06   3.3691406e+01
   2.7745820e+06   3.6376953e+01
   2.7843390e+06   3.5095215e+01
   2.7858060e+06   4.2236328e+01
   2.7867100e+06   3.6743164e+01
   2.7873410e+06   3.6804199e+01
   2.7886790e+06   4.3334961e+01
   2.7963910e+06   3.5217285e+01
   2.7998020e+06   3.7231445e+01
   2.8003240e+06   3.9489746e+01
   2.8086990e+06   4.3457031e+01
   2.8100130e+06   3.5034180e+01
   2.8146820e+06   3.6865234e+01
   2.8196730e+06   3.5583496e+01
   2.8249180e+06   3.9001465e+01
   2.8250670e+06   8.0993652e+01
   2.8281980e+06   3.6865234e+01
   2.8316020e+06   4.0161133e+01
   2.8368490e+06   3.5461426e+01
   2.8419780e+06   3.4729004e+01
   2.8462600e+06   3.5156250e+01
   2.8468240e+06   4.5288086e+01
   2.8483680e+06   3.6071777e+01
   2.8500050e+06   3.3813477e+01
   2.8567250e+06   3.4362793e+01
   2.8620150e+06   3.4973145e+01
   2.8631690e+06   3.4240723e+01
   2.8696870e+06   4.4128418e+01
   2.8717160e+06   3.4118652e+01
   2.8741760e+06   3.7902832e+01
   2.8790530e+06   3.4729004e+01
   2.8792060e+06   3.3752441e+01
   2.8794790e+06   4.0344238e+01
   2.8802600e+06   3.4240723e+01
   2.8831120e+06   3.4301758e+01
   2.8853220e+06   3.4545898e+01
   2.8885350e+06   3.9306641e+01
   2.8919790e+06   3.7597656e+01
   2.8921560e+06   3.4240723e+01
   2.8928040e+06   3.5095215e+01
   2.8945710e+06   3.4729004e+01
   2.8984290e+06   3.6376953e+01
   2.8995070e+06   3.6499023e+01
   2.9005910e+06   3.3813477e+01
   2.9037180e+06   3.9062500e+01
   2.9058620e+06   3.6621094e+01
   2.9120280e+06   3.3874512e+01
   2.9135510e+06   3.6071777e+01
   2.9139860e+06   3.6376953e+01
   2.9199510e+06   3.7780762e+01
   2.9222960e+06   3.6315918e+01
   2.9230720e+06   3.4851074e+01
   2.9250280e+06   3.4606934e+01
   2.9289640e+06   4.1137695e+01
   2.9393730e+06   3.7536621e+01
   2.9426490e+06   3.4240723e+01
   2.9450470e+06   4.0039063e+01
   2.9462380e+06   3.4851074e+01
   2.9485470e+06   3.4179688e+01
   2.9497650e+06   3.8085938e+01
   2.9569960e+06   5.0781250e+01
   2.9583240e+06   3.5949707e+01
   2.9606440e+06   3.6560059e+01
   2.9616250e+06   4.0039063e+01
   2.9626870e+06   3.5278320e+01
   2.9680290e+06   3.7597656e+01
   2.9707160e+06   4.1748047e+01
   2.9717480e+06   3.9916992e+01
   2.9736100e+06   3.4606934e+01
   2.9742460e+06   3.4057617e+01
   2.9749350e+06   6.1645508e+01
   2.9811830e+06   3.4057617e+01
   2.9856400e+06   4.1259766e+01
   2.9894300e+06   6.0241699e+01
   2.9904310e+06   3.4484863e+01
   2.9964980e+06   3.9001465e+01
   2.9975180e+06   3.4484863e+01
   2.9984430e+06   3.9855957e+01
