   2.9990000e+06   0.0000000e+00
   1.0390000e+03   3.9999390e+03
   1.0620000e+03   1.1456299e+02
   1.8630000e+03   3.2043457e+01
   1.0992000e+04   5.6640625e+01
   1.2055000e+04   3.0822754e+01
   1.3966000e+04   4.9926758e+01
   2.0292000e+04   5.7067871e+01
   3.1342000e+04   4.6569824e+01
   5.1051000e+04   2.0105591e+03
   5.1076000e+04   5.3405762e+01
   6.7137000e+04   3.3508301e+01
   1.0106500e+05   2.0065308e+03
   1.0108900e+05   9.2285156e+01
   1.0155900e+05   4.6142578e+01
   1.1975000e+05   3.2348633e+01
   1.2130300e+05   3.1372070e+01
   1.5108100e+05   3.9999390e+03
   1.5110200e+05   1.1456299e+02
   1.6475100e+05   3.2958984e+01
   1.6579300e+05   3.1677246e+01
   2.0109300e+05   2.0048218e+03
   2.0111700e+05   9.4299316e+01
   2.0131400e+05   4.7912598e+01
   2.2460300e+05   3.1799316e+01
   2.4956000e+05   3.3386230e+01
   2.5110700e+05   2.0046387e+03
   2.5113100e+05   1.1694336e+02
   2.6296500e+05   3.1982422e+01
   2.8878600e+05   3.2470703e+01
   2.8955100e+05   3.0761719e+01
   3.0112100e+05   2.0043945e+03
   3.0114500e+05   1.2945557e+02
   3.0117000e+05   3.8940430e+01
   3.0121900e+05   3.3142090e+01
   3.1186100e+05   3.7292480e+01
   3.1458000e+05   3.0700684e+01
   3.1653500e+05   3.3264160e+01
   3.5113500e+05   2.0098267e+03
   3.5115900e+05   1.0253906e+02
   3.5119100e+05   3.4362793e+01
   3.5121600e+05   3.4362793e+01
   4.0114900e+05   2.0053101e+03
   4.0117400e+05   1.1279297e+02
   4.0119900e+05   3.2714844e+01
   4.1963300e+05   3.1555176e+01
   4.3581400e+05   3.0883789e+01
   4.5116500e+05   3.9999390e+03
   4.5118700e+05   1.0913086e+02
   4.5121200e+05   5.1452637e+01
   4.5567600e+05   3.0822754e+01
   4.7501500e+05   3.0334473e+01
   5.0117900e+05   3.9999390e+03
   5.0120000e+05   1.0681152e+02
   5.0122500e+05   3.8269043e+01
   5.0128900e+05   4.6264648e+01
   5.1250400e+05   3.2958984e+01
   5.5119300e+05   3.9999390e+03
   5.5121500e+05   1.3989258e+02
   5.5124200e+05   3.2043457e+01
   5.5709100e+05   3.4118652e+01
   6.0120700e+05   3.9999390e+03
   6.0122900e+05   1.1395264e+02
   6.0125200e+05   3.4912109e+01
   6.5121900e+05   2.0096436e+03
   6.5124300e+05   1.1010742e+02
   6.5126600e+05   3.3752441e+01
   6.5131400e+05   4.8889160e+01
   6.5942000e+05   3.2043457e+01
   6.6981000e+05   3.2348633e+01
   6.8934400e+05   3.3447266e+01
   6.9366700e+05   3.2653809e+01
   7.0121300e+05   3.0700684e+01
   7.0123500e+05   3.9999390e+03
   7.0125700e+05   1.1083984e+02
   7.0128200e+05   3.7414551e+01
   7.0320200e+05   3.6376953e+01
   7.5124700e+05   2.0054932e+03
   7.5127100e+05   9.2102051e+01
   7.8090000e+05   3.1127930e+01
   7.8648700e+05   3.0334473e+01
   7.9395000e+05   3.0456543e+01
   8.0003100e+05   3.0822754e+01
   8.0126300e+05   3.9999390e+03
   8.0128500e+05   1.1804199e+02
   8.0130800e+05   3.1433105e+01
   8.0468300e+05   3.4423828e+01
   8.1255100e+05   3.2714844e+01
   8.1709800e+05   3.2897949e+01
   8.3359800e+05   4.7119141e+01
   8.5127500e+05   2.0087280e+03
   8.5129900e+05   1.1145020e+02
   8.5130900e+05   3.1066895e+01
   8.5137200e+05   3.9489746e+01
   8.6458000e+05   3.1127930e+01
   8.7010200e+05   3.7719727e+01
   8.9928600e+05   3.1982422e+01
   9.0128900e+05   2.0070190e+03
   9.0131300e+05   9.9243164e+01
   9.0329900e+05   3.3020020e+01
   9.0871500e+05   3.9916992e+01
   9.1244000e+05   3.2409668e+01
   9.3034400e+05   3.1982422e+01
   9.4139000e+05   3.2531738e+01
   9.4541100e+05   3.1127930e+01
   9.5130500e+05   3.9999390e+03
   9.5132700e+05   1.1816406e+02
   9.5135000e+05   3.7048340e+01
   9.6743500e+05   3.4179688e+01
   1.0013170e+06   2.0065308e+03
   1.0013410e+06   1.1993408e+02
   1.0014100e+06   6.2438965e+01
   1.0220830e+06   3.3325195e+01
   1.0323630e+06   5.4504395e+01
   1.0409840e+06   4.9682617e+01
   1.0500130e+06   4.5349121e+01
   1.0513310e+06   2.0112915e+03
   1.0513580e+06   9.1552734e+01
   1.0514130e+06   3.6132813e+01
   1.0531440e+06   3.2958984e+01
   1.0549730e+06   4.5349121e+01
   1.0593080e+06   4.2175293e+01
   1.0628310e+06   5.1818848e+01
   1.0739940e+06   4.2602539e+01
   1.0780480e+06   3.9367676e+01
   1.0846460e+06   3.0334473e+01
   1.0922070e+06   3.5766602e+01
   1.1013470e+06   3.9999390e+03
   1.1013700e+06   4.6569824e+01
   1.1014670e+06   5.5603027e+01
   1.1092730e+06   3.2043457e+01
   1.1202550e+06   3.3447266e+01
   1.1307660e+06   3.4362793e+01
   1.1320500e+06   3.0334473e+01
   1.1513610e+06   3.9999390e+03
   1.1513820e+06   1.2261963e+02
   1.1514090e+06   3.3203125e+01
   1.1794110e+06   3.2714844e+01
   1.1982900e+06   3.7109375e+01
   1.2013750e+06   3.9999390e+03
   1.2013970e+06   1.0601807e+02
   1.2014540e+06   3.1433105e+01
   1.2014660e+06   5.4931641e+01
   1.2093520e+06   3.6560059e+01
   1.2274010e+06   3.0395508e+01
   1.2513870e+06   2.0079346e+03
   1.2514110e+06   9.8083496e+01
   1.2514230e+06   3.0822754e+01
   1.2516060e+06   3.1738281e+01
   1.2553740e+06   3.0517578e+01
   1.2818950e+06   3.0761719e+01
   1.2966380e+06   5.0048828e+01
   1.3014030e+06   3.9999390e+03
   1.3014250e+06   1.0314941e+02
   1.3091610e+06   5.9265137e+01
   1.3283410e+06   5.3222656e+01
   1.3435610e+06   5.3222656e+01
   1.3491240e+06   3.0578613e+01
   1.3514170e+06   3.9999390e+03
   1.3514390e+06   1.0455322e+02
   1.3552890e+06   4.7912598e+01
   1.3618200e+06   4.3090820e+01
   1.3624720e+06   3.3508301e+01
   1.3680490e+06   5.2307129e+01
   1.3713590e+06   4.5227051e+01
   1.3738890e+06   5.1269531e+01
   1.3783450e+06   3.1921387e+01
   1.3854390e+06   4.1870117e+01
   1.3905680e+06   4.4067383e+01
   1.4014290e+06   2.0070801e+03
   1.4014530e+06   1.0607910e+02
   1.4162050e+06   4.1015625e+01
   1.4245530e+06   5.0231934e+01
   1.4484870e+06   3.3569336e+01
   1.4514430e+06   2.0092773e+03
   1.4514660e+06   1.1035156e+02
   1.4514760e+06   3.3081055e+01
   1.4885570e+06   4.5349121e+01
   1.4925680e+06   4.7790527e+01
   1.4926220e+06   3.8635254e+01
   1.4967620e+06   4.8095703e+01
   1.5014570e+06   2.0051270e+03
   1.5014810e+06   9.6435547e+01
   1.5311300e+06   3.5339355e+01
   1.5344100e+06   3.0578613e+01
   1.5366280e+06   4.5776367e+01
   1.5514730e+06   3.9999390e+03
   1.5514950e+06   1.0968018e+02
   1.5515210e+06   3.9611816e+01
   1.5515740e+06   5.2612305e+01
   1.5609260e+06   4.9011230e+01
   1.5751600e+06   3.1555176e+01
   1.5777110e+06   3.2348633e+01
   1.5779240e+06   3.4118652e+01
   1.5883180e+06   3.8085938e+01
   1.5914180e+06   3.9245605e+01
   1.6014850e+06   2.0078735e+03
   1.6015100e+06   1.1340332e+02
   1.6515010e+06   3.9999390e+03
   1.6515240e+06   5.4321289e+01
   1.6515580e+06   3.3813477e+01
   1.6677060e+06   3.1005859e+01
   1.6766670e+06   3.1372070e+01
   1.6784450e+06   3.0822754e+01
   1.7015130e+06   2.0091553e+03
   1.7015370e+06   1.1163330e+02
   1.7015690e+06   3.1860352e+01
   1.7515270e+06   2.0076904e+03
   1.7515510e+06   1.2469482e+02
   1.7516050e+06   6.3293457e+01
   1.7550550e+06   3.3081055e+01
   1.7778500e+06   3.0700684e+01
   1.7913280e+06   3.0456543e+01
   1.8015410e+06   2.0101318e+03
   1.8015690e+06   9.8266602e+01
   1.8390250e+06   3.4912109e+01
   1.8503460e+06   4.9926758e+01
   1.8515570e+06   3.9999390e+03
   1.8515790e+06   1.1267090e+02
   1.8516050e+06   3.4545898e+01
   1.8545380e+06   4.6508789e+01
   1.8617780e+06   4.6691895e+01
   1.8724230e+06   5.2917480e+01
   1.8927650e+06   3.2348633e+01
   1.8947510e+06   3.3264160e+01
   1.9015690e+06   2.0068359e+03
   1.9015930e+06   1.2481689e+02
   1.9016520e+06   3.1616211e+01
   1.9055390e+06   3.1005859e+01
   1.9484790e+06   3.0456543e+01
   1.9515830e+06   2.0048218e+03
   1.9516070e+06   1.0504150e+02
   2.0015970e+06   2.0104980e+03
   2.0016230e+06   8.1420898e+01
   2.0016450e+06   3.2531738e+01
   2.0072120e+06   3.0944824e+01
   2.0149960e+06   3.0517578e+01
   2.0180530e+06   3.1555176e+01
   2.0516110e+06   2.0035400e+03
   2.0516350e+06   1.0681152e+02
   2.0516590e+06   4.4128418e+01
   2.1016250e+06   2.0070190e+03
   2.1016500e+06   1.0906982e+02
   2.1135460e+06   3.0456543e+01
   2.1264190e+06   3.0639648e+01
   2.1409740e+06   3.1921387e+01
   2.1516390e+06   2.0081177e+03
   2.1516630e+06   1.1065674e+02
   2.1517200e+06   3.2653809e+01
   2.2016530e+06   2.0095825e+03
   2.2016770e+06   1.0858154e+02
   2.2017460e+06   5.0354004e+01
   2.2017800e+06   3.9123535e+01
   2.2098020e+06   3.2409668e+01
   2.2409540e+06   3.1188965e+01
   2.2516670e+06   2.0047607e+03
   2.2516910e+06   1.1608887e+02
   2.2517230e+06   4.9072266e+01
   2.2531110e+06   4.0954590e+01
   2.2531210e+06   4.4677734e+01
   2.2532380e+06   3.1860352e+01
   2.2532720e+06   3.6804199e+01
   2.2533220e+06   3.1616211e+01
   2.2534130e+06   4.5898438e+01
   2.2534460e+06   3.5705566e+01
   2.2534900e+06   3.4790039e+01
   2.2535450e+06   5.0415039e+01
   2.2535930e+06   3.1494141e+01
   2.2536230e+06   4.7058105e+01
   2.2536730e+06   3.5644531e+01
   2.2536870e+06   4.7424316e+01
   2.2537190e+06   3.7536621e+01
   2.2537300e+06   3.0822754e+01
   2.2537730e+06   4.0893555e+01
   2.2537870e+06   5.8837891e+01
   2.2538350e+06   5.7373047e+01
   2.2538490e+06   5.4748535e+01
   2.2538610e+06   3.0517578e+01
   2.2538850e+06   6.1157227e+01
   2.2539160e+06   3.6010742e+01
   2.2539270e+06   3.6560059e+01
   2.2539610e+06   5.7678223e+01
   2.2539860e+06   9.2224121e+01
   2.2539960e+06   4.4433594e+01
   2.2540160e+06   5.2368164e+01
   2.2540490e+06   6.2866211e+01
   2.2540600e+06   7.0190430e+01
   2.2540800e+06   8.0871582e+01
   2.2541110e+06   1.1145020e+02
   2.2541330e+06   5.4748535e+01
   2.2541490e+06   5.1574707e+01
   2.2541820e+06   4.5715332e+01
   2.2541990e+06   6.4392090e+01
   2.2542240e+06   1.2292480e+02
   2.2542560e+06   5.1086426e+01
   2.2542730e+06   3.8391113e+01
   2.2542940e+06   8.7585449e+01
   2.2543100e+06   4.1076660e+01
   2.2543200e+06   5.7922363e+01
   2.2543510e+06   4.1381836e+01
   2.2543620e+06   4.9011230e+01
   2.2544030e+06   6.0424805e+01
   2.2544300e+06   6.5795898e+01
   2.2544540e+06   3.3569336e+01
   2.2544770e+06   3.7719727e+01
   2.2544980e+06   4.2236328e+01
   2.2545170e+06   3.5827637e+01
   2.2545460e+06   4.0283203e+01
   2.2545800e+06   3.3630371e+01
   2.2546890e+06   3.2409668e+01
   2.2547230e+06   3.8452148e+01
   2.2547860e+06   3.7841797e+01
   2.2548260e+06   3.6132813e+01
   2.2548570e+06   3.2043457e+01
   2.2549130e+06   3.5705566e+01
   2.2549470e+06   3.2348633e+01
   2.2550250e+06   3.4973145e+01
   2.2552760e+06   3.9489746e+01
   2.3016830e+06   3.9999390e+03
   2.3017060e+06   1.2213135e+02
   2.3017310e+06   3.3020020e+01
   2.3083010e+06   4.3823242e+01
   2.3373860e+06   5.8166504e+01
   2.3516950e+06   2.0046387e+03
   2.3517070e+06   4.8889160e+01
   2.3517250e+06   3.4912109e+01
   2.3586920e+06   5.2856445e+01
   2.4017090e+06   2.0100708e+03
   2.4017330e+06   8.7707520e+01
   2.4436010e+06   3.0761719e+01
   2.4453530e+06   3.0456543e+01
   2.4517230e+06   2.0036621e+03
   2.4517470e+06   1.2915039e+02
   2.5372210e+06   3.1921387e+01
   2.5778580e+06   3.3447266e+01
   2.5807950e+06   3.0456543e+01
   2.6529010e+06   3.0395508e+01
   2.6670980e+06   4.2846680e+01
   2.7042870e+06   3.1494141e+01
   2.7342380e+06   3.1921387e+01
   2.7467900e+06   3.0822754e+01
   2.7729410e+06   5.0231934e+01
   2.7943950e+06   3.3447266e+01
   2.8064300e+06   5.4260254e+01
   2.8256770e+06   3.2348633e+01
   2.8391770e+06   3.0639648e+01
   2.8720660e+06   3.0700684e+01
   2.8840260e+06   5.2429199e+01
   2.8884550e+06   3.1799316e+01
   2.8890040e+06   3.6987305e+01
   2.9205810e+06   3.3935547e+01
   2.9680780e+06   4.4250488e+01
   2.9702390e+06   4.2602539e+01
   2.9787710e+06   3.0761719e+01
   2.9819950e+06   3.2287598e+01
   2.9938730e+06   4.1564941e+01
