   2.9990000e+06   0.0000000e+00
   1.0390000e+03   2.0088501e+03
   5.1053000e+04   3.9999390e+03
   1.0106700e+05   3.9999390e+03
   1.5108100e+05   3.9999390e+03
   1.8115000e+05   3.0578613e+01
   2.0109300e+05   2.0084839e+03
   2.5110700e+05   2.0056152e+03
   3.0112100e+05   2.0044556e+03
   3.3592400e+05   2.9235840e+01
   3.5113500e+05   2.0065308e+03
   4.0114900e+05   2.0067139e+03
   4.5116500e+05   3.9999390e+03
   5.0117700e+05   2.0033569e+03
   5.5119100e+05   2.0119629e+03
   5.6313400e+05   3.0456543e+01
   6.0120700e+05   3.9999390e+03
   6.2495200e+05   3.1860352e+01
   6.5122100e+05   3.9999390e+03
   6.5123100e+05   3.0212402e+01
   6.5709500e+05   3.2531738e+01
   7.0123500e+05   3.9999390e+03
   7.1180700e+05   2.9541016e+01
   7.5124700e+05   2.0088501e+03
   8.0126100e+05   2.0061646e+03
   8.4506400e+05   2.9357910e+01
   8.5127500e+05   2.0110474e+03
   8.5128600e+05   3.5827637e+01
   8.7022500e+05   3.0883789e+01
   9.0128900e+05   2.0047607e+03
   9.5130500e+05   3.9999390e+03
   1.0013170e+06   2.0106812e+03
   1.0513330e+06   3.9999390e+03
   1.1013470e+06   3.9999390e+03
   1.1513590e+06   2.0063477e+03
   1.2013750e+06   3.9999390e+03
   1.2513870e+06   2.0078125e+03
   1.2811870e+06   2.9235840e+01
   1.3014010e+06   2.0081177e+03
   1.3514170e+06   3.9999390e+03
   1.4014310e+06   3.9999390e+03
   1.4514430e+06   2.0042725e+03
   1.5014570e+06   2.0091553e+03
   1.5514730e+06   3.9999390e+03
   1.6014850e+06   2.0142212e+03
   1.6514990e+06   2.0032959e+03
   1.7015130e+06   2.0086670e+03
   1.7515270e+06   2.0097046e+03
   1.8015430e+06   3.9999390e+03
   1.8515570e+06   3.9999390e+03
   1.9015710e+06   3.9999390e+03
   1.9515830e+06   2.0067139e+03
   2.0015970e+06   2.0091553e+03
   2.0516110e+06   2.0087891e+03
   2.1016250e+06   2.0058594e+03
   2.1516390e+06   2.0040283e+03
   2.2016550e+06   3.9999390e+03
   2.2516670e+06   2.0037842e+03
   2.2531080e+06   2.9541016e+01
   2.2532260e+06   3.1188965e+01
   2.2532430e+06   3.1066895e+01
   2.2533430e+06   2.9663086e+01
   2.2534050e+06   3.4606934e+01
   2.2534850e+06   2.9846191e+01
   2.2535060e+06   2.9907227e+01
   2.2535360e+06   3.4851074e+01
   2.2536680e+06   3.0822754e+01
   2.2536830e+06   4.4128418e+01
   2.2537000e+06   3.2653809e+01
   2.2537260e+06   3.1311035e+01
   2.2538390e+06   4.2907715e+01
   2.2539260e+06   3.1616211e+01
   2.2541720e+06   3.9306641e+01
   2.2541870e+06   3.3752441e+01
   2.2543370e+06   3.0639648e+01
   2.2545110e+06   3.1799316e+01
   2.2546820e+06   2.9418945e+01
   2.3016810e+06   2.0058594e+03
   2.3516970e+06   3.9999390e+03
   2.4017090e+06   2.0091553e+03
   2.4517250e+06   3.9999390e+03
   2.4517360e+06   3.0212402e+01
