   2.9990000e+06   0.0000000e+00
   1.0370000e+03   2.0056152e+03
   5.1053000e+04   3.9999390e+03
   1.0106700e+05   3.9999390e+03
   1.5107900e+05   2.0073853e+03
   2.0109300e+05   2.0062256e+03
   2.5110900e+05   3.9999390e+03
   3.0112100e+05   2.0068359e+03
   3.5113500e+05   2.0101318e+03
   4.0115100e+05   3.9999390e+03
   4.5116300e+05   2.0032959e+03
   5.0117900e+05   3.9999390e+03
   5.5119100e+05   2.0066528e+03
   6.0120700e+05   3.9999390e+03
   6.5122100e+05   3.9999390e+03
   6.7491800e+05   3.1860352e+01
   7.0123300e+05   2.0064087e+03
   7.5124700e+05   2.0088501e+03
   8.0126300e+05   3.9999390e+03
   8.0127300e+05   3.1494141e+01
   8.5127500e+05   2.0070801e+03
   9.0129100e+05   2.0117798e+03
   9.5130300e+05   2.0029297e+03
   1.0013170e+06   2.0073853e+03
   1.0513310e+06   2.0059814e+03
   1.1013470e+06   3.9999390e+03
   1.1513590e+06   2.0064697e+03
   1.2013730e+06   2.0108643e+03
   1.2513870e+06   2.0081787e+03
   1.3014010e+06   2.0072021e+03
   1.3514150e+06   2.0087280e+03
   1.4014290e+06   2.0069580e+03
   1.4514430e+06   2.0065308e+03
   1.4604070e+06   3.0456543e+01
   1.5014590e+06   3.9999390e+03
   1.5514730e+06   3.9999390e+03
   1.6014850e+06   2.0048218e+03
   1.6515010e+06   3.9999390e+03
   1.7015150e+06   3.9999390e+03
   1.7015270e+06   3.2836914e+01
   1.7515290e+06   3.9999390e+03
   1.8015410e+06   2.0067139e+03
   1.8515570e+06   3.9999390e+03
   1.9015710e+06   3.9999390e+03
   1.9515850e+06   3.9999390e+03
   2.0015990e+06   3.9999390e+03
   2.0516130e+06   3.9999390e+03
   2.1016250e+06   2.0087891e+03
   2.1516390e+06   2.0078735e+03
   2.2016530e+06   2.0072021e+03
   2.2016640e+06   3.4484863e+01
   2.2516670e+06   2.0067749e+03
   2.2516780e+06   4.5104980e+01
   2.2536790e+06   3.1005859e+01
   2.2537240e+06   3.5339355e+01
   2.2537690e+06   3.2714844e+01
   2.2539250e+06   2.9052734e+01
   2.2540060e+06   3.5156250e+01
   2.2540800e+06   4.1564941e+01
   2.2541180e+06   2.9235840e+01
   2.2541320e+06   3.2531738e+01
   2.2541810e+06   2.9357910e+01
   2.2542500e+06   2.9724121e+01
   2.2542860e+06   3.0456543e+01
   2.2543330e+06   3.2653809e+01
   2.2543780e+06   3.1433105e+01
   2.2544370e+06   3.4240723e+01
   2.2544600e+06   3.4851074e+01
   2.2544850e+06   3.0639648e+01
   2.2544990e+06   3.0944824e+01
   2.2545420e+06   3.1433105e+01
   2.2546120e+06   3.4484863e+01
   2.2546780e+06   3.2958984e+01
   2.2546950e+06   3.6804199e+01
   2.2547370e+06   3.8513184e+01
   2.2549130e+06   3.0212402e+01
   2.2550150e+06   3.3020020e+01
   2.2552230e+06   3.9062500e+01
   2.3016830e+06   3.9999390e+03
   2.3516970e+06   3.9999390e+03
   2.4017090e+06   2.0084229e+03
   2.4517230e+06   2.0040283e+03
   2.4517350e+06   2.9174805e+01
