   2.9990000e+06   0.0000000e+00
   3.8700000e+02   5.9509277e+01
   1.0390000e+03   3.9999390e+03
   1.0750000e+03   6.2927246e+01
   6.1430000e+03   5.9326172e+01
   1.1803000e+04   5.3466797e+01
   1.4151000e+04   5.4260254e+01
   2.2403000e+04   5.1940918e+01
   2.2453000e+04   5.8715820e+01
   2.3112000e+04   5.7922363e+01
   2.9001000e+04   5.2978516e+01
   3.3347000e+04   5.2307129e+01
   3.7212000e+04   5.7617188e+01
   3.9619000e+04   5.7067871e+01
   5.1053000e+04   3.9999390e+03
   5.3264000e+04   5.5297852e+01
   5.6059000e+04   5.9753418e+01
   6.0599000e+04   5.2734375e+01
   6.1590000e+04   6.9030762e+01
   6.2561000e+04   5.6213379e+01
   6.5805000e+04   5.7189941e+01
   7.1963000e+04   5.9631348e+01
   7.4006000e+04   5.3771973e+01
   7.4954000e+04   8.0627441e+01
   7.7159000e+04   5.4565430e+01
   7.8717000e+04   6.8298340e+01
   8.4419000e+04   5.4199219e+01
   8.6933000e+04   6.0791016e+01
   8.8454000e+04   5.7006836e+01
   8.9847000e+04   5.3588867e+01
   9.1168000e+04   5.4077148e+01
   9.1926000e+04   5.7983398e+01
   9.7217000e+04   5.9265137e+01
   1.0106500e+05   2.0119629e+03
   1.0295100e+05   5.7373047e+01
   1.0547800e+05   5.6335449e+01
   1.0619400e+05   5.5969238e+01
   1.0631700e+05   7.9223633e+01
   1.1179300e+05   5.7983398e+01
   1.1185500e+05   5.2001953e+01
   1.1620800e+05   5.2429199e+01
   1.1748500e+05   7.0617676e+01
   1.1882800e+05   5.8044434e+01
   1.2093500e+05   5.4382324e+01
   1.2284000e+05   5.2612305e+01
   1.3635200e+05   5.1940918e+01
   1.3792600e+05   5.4504395e+01
   1.4612700e+05   5.6518555e+01
   1.4754100e+05   5.6518555e+01
   1.4880000e+05   6.3903809e+01
   1.4911600e+05   5.4870605e+01
   1.5045500e+05   5.2551270e+01
   1.5107900e+05   2.0108032e+03
   1.5117000e+05   5.2001953e+01
   1.5471200e+05   5.2551270e+01
   1.5643000e+05   7.3242188e+01
   1.5933900e+05   5.4748535e+01
   1.6187900e+05   5.6823730e+01
   1.8083700e+05   5.3466797e+01
   1.8161500e+05   5.3588867e+01
   1.8847100e+05   5.2124023e+01
   1.8971200e+05   6.8237305e+01
   1.9179500e+05   5.5053711e+01
   1.9388800e+05   5.2917480e+01
   2.0060300e+05   5.5725098e+01
   2.0109500e+05   3.9999390e+03
   2.0321200e+05   5.5603027e+01
   2.1505100e+05   5.5480957e+01
   2.1777600e+05   6.5246582e+01
   2.2145300e+05   5.2734375e+01
   2.2642700e+05   5.2185059e+01
   2.2755900e+05   6.5490723e+01
   2.3115100e+05   5.3100586e+01
   2.3614500e+05   5.6640625e+01
   2.4276200e+05   5.5725098e+01
   2.5110700e+05   2.0115967e+03
   2.5117800e+05   5.6518555e+01
   2.6562400e+05   6.5856934e+01
   2.6698300e+05   5.2429199e+01
   2.6800300e+05   7.2265625e+01
   2.7255800e+05   5.3161621e+01
   2.7279700e+05   5.8837891e+01
   2.7348400e+05   5.5786133e+01
   2.7648100e+05   5.2001953e+01
   2.8172000e+05   5.4504395e+01
   2.8366800e+05   5.2612305e+01
   2.8666500e+05   6.2988281e+01
   2.9028800e+05   5.6152344e+01
   2.9393900e+05   5.2246094e+01
   2.9878000e+05   5.3710938e+01
   3.0112100e+05   2.0198364e+03
   3.0115700e+05   6.2316895e+01
   3.0400800e+05   5.2978516e+01
   3.0598500e+05   5.6884766e+01
   3.1235800e+05   5.7250977e+01
   3.2911100e+05   6.0058594e+01
   3.3132600e+05   5.2856445e+01
   3.3296300e+05   7.1960449e+01
   3.3679100e+05   5.4748535e+01
   3.4135900e+05   5.3283691e+01
   3.4981400e+05   6.3598633e+01
   3.5113700e+05   3.9999390e+03
   3.5232700e+05   5.2612305e+01
   3.5403600e+05   5.2490234e+01
   3.5869400e+05   6.6955566e+01
   3.6389900e+05   5.8044434e+01
   3.6651300e+05   5.2307129e+01
   3.6926800e+05   5.2978516e+01
   3.7518200e+05   5.2062988e+01
   3.7779500e+05   5.4199219e+01
   3.7864500e+05   5.1940918e+01
   3.8360700e+05   5.4809570e+01
   3.8960000e+05   5.3344727e+01
   3.9184900e+05   5.3283691e+01
   3.9413600e+05   5.2246094e+01
   3.9843200e+05   5.3039551e+01
   4.0114900e+05   2.0155029e+03
   4.0211300e+05   5.2795410e+01
   4.1377900e+05   5.4321289e+01
   4.1420100e+05   5.6396484e+01
   4.1455300e+05   5.6274414e+01
   4.1725000e+05   5.5114746e+01
   4.1804700e+05   5.2734375e+01
   4.1914200e+05   5.2734375e+01
   4.2217200e+05   5.3771973e+01
   4.2379700e+05   5.3344727e+01
   4.3955900e+05   5.8593750e+01
   4.4291500e+05   5.2062988e+01
   4.4675700e+05   5.2551270e+01
   4.5076500e+05   5.3283691e+01
   4.5116500e+05   3.9999390e+03
   4.6589500e+05   5.7067871e+01
   4.6656500e+05   5.4077148e+01
   4.7151400e+05   5.7006836e+01
   4.7371500e+05   5.9753418e+01
   4.7655700e+05   5.5480957e+01
   4.7889900e+05   5.2856445e+01
   4.9009000e+05   5.5847168e+01
   4.9561100e+05   5.7067871e+01
   4.9958600e+05   5.7617188e+01
   5.0117700e+05   2.0231323e+03
   5.0121500e+05   5.7495117e+01
   5.0508400e+05   5.6823730e+01
   5.0714000e+05   5.7006836e+01
   5.1070000e+05   5.7678223e+01
   5.1196800e+05   6.1523437e+01
   5.1518700e+05   5.4199219e+01
   5.1895400e+05   5.2124023e+01
   5.2277100e+05   5.1940918e+01
   5.2563500e+05   5.4199219e+01
   5.4405800e+05   6.1767578e+01
   5.4823100e+05   5.7434082e+01
   5.5119300e+05   3.9999390e+03
   5.5128700e+05   5.3527832e+01
   5.5189600e+05   6.0607910e+01
   5.5665900e+05   5.7312012e+01
   5.5752600e+05   5.8776855e+01
   5.5902200e+05   6.0668945e+01
   5.7192300e+05   5.4443359e+01
   5.7448600e+05   5.3344727e+01
   5.7746000e+05   5.2124023e+01
   5.7757900e+05   5.3100586e+01
   5.8659100e+05   7.7514648e+01
   5.8674800e+05   5.2185059e+01
   5.8716800e+05   5.2551270e+01
   5.8941600e+05   5.6823730e+01
   5.9301900e+05   5.2307129e+01
   5.9378700e+05   5.4565430e+01
   6.0120500e+05   2.0158691e+03
   6.0176300e+05   5.9692383e+01
   6.0412100e+05   5.4016113e+01
   6.0633600e+05   5.9143066e+01
   6.1366200e+05   5.5786133e+01
   6.2015600e+05   6.7810059e+01
   6.2866000e+05   6.2377930e+01
   6.3591800e+05   5.2673340e+01
   6.4838900e+05   5.2185059e+01
   6.5122100e+05   2.0082397e+03
   6.6314900e+05   5.4870605e+01
   6.6740100e+05   5.2246094e+01
   6.7291000e+05   5.8044434e+01
   6.7504200e+05   5.9936523e+01
   6.7649900e+05   5.2429199e+01
   6.8088100e+05   6.5368652e+01
   6.8645300e+05   6.2561035e+01
   6.9292200e+05   5.8654785e+01
   6.9297000e+05   5.2551270e+01
   6.9726200e+05   5.2368164e+01
   7.0123300e+05   2.0155029e+03
   7.0178400e+05   5.6396484e+01
   7.0494600e+05   5.9143066e+01
   7.0623000e+05   5.2429199e+01
   7.1100500e+05   6.3537598e+01
   7.1354000e+05   5.7617188e+01
   7.1436100e+05   5.3283691e+01
   7.1437200e+05   5.3955078e+01
   7.1873400e+05   5.2429199e+01
   7.2922000e+05   5.3100586e+01
   7.3102900e+05   5.2673340e+01
   7.3192000e+05   5.4077148e+01
   7.3865800e+05   5.4565430e+01
   7.4299800e+05   5.6335449e+01
   7.4506300e+05   5.3833008e+01
   7.5124900e+05   3.9999390e+03
   7.5226000e+05   5.8715820e+01
   7.5241500e+05   5.5908203e+01
   7.7851200e+05   6.4941406e+01
   7.7894800e+05   5.2673340e+01
   7.9183800e+05   5.2978516e+01
   7.9199800e+05   6.3659668e+01
   7.9374100e+05   5.4931641e+01
   7.9782000e+05   5.4626465e+01
   7.9803100e+05   5.4199219e+01
   8.0126100e+05   2.0198975e+03
   8.0133300e+05   5.8837891e+01
   8.0226400e+05   6.0180664e+01
   8.1274300e+05   6.1157227e+01
   8.1773700e+05   5.3771973e+01
   8.2812400e+05   6.6040039e+01
   8.2919900e+05   5.8959961e+01
   8.3516400e+05   6.4086914e+01
   8.4463000e+05   5.3161621e+01
   8.5127500e+05   2.0076904e+03
   8.5240400e+05   5.3588867e+01
   8.5500000e+05   6.1401367e+01
   8.5704700e+05   5.4016113e+01
   8.5910500e+05   5.3710938e+01
   8.6443000e+05   6.5002441e+01
   8.8100400e+05   6.0791016e+01
   8.8764000e+05   5.3222656e+01
   8.8901100e+05   5.2551270e+01
   8.9153600e+05   5.8105469e+01
   8.9309800e+05   5.6335449e+01
   9.0041000e+05   5.2795410e+01
   9.0129100e+05   3.9999390e+03
   9.0721900e+05   5.8288574e+01
   9.2430800e+05   5.9387207e+01
   9.2460700e+05   5.7006836e+01
   9.2840100e+05   6.0607910e+01
   9.3388400e+05   6.3903809e+01
   9.3424400e+05   5.7128906e+01
   9.4182500e+05   6.0058594e+01
   9.4367800e+05   5.5603027e+01
   9.4447800e+05   5.2917480e+01
   9.5130500e+05   3.9999390e+03
   9.5133900e+05   5.8166504e+01
   9.5905400e+05   5.2612305e+01
   9.6061300e+05   5.7556152e+01
   9.6064000e+05   5.5786133e+01
   9.6289000e+05   5.5603027e+01
   9.6669100e+05   5.5297852e+01
   9.6789400e+05   5.4504395e+01
   9.7005500e+05   5.8837891e+01
   9.7229700e+05   5.2978516e+01
   9.7606600e+05   5.7373047e+01
   9.8360000e+05   5.4870605e+01
   9.8917300e+05   5.8227539e+01
   9.8945400e+05   5.2734375e+01
   9.9127400e+05   6.0913086e+01
   9.9277300e+05   5.8776855e+01
   1.0013190e+06   3.9999390e+03
   1.0014090e+06   5.3344727e+01
   1.0036650e+06   5.2551270e+01
   1.0077090e+06   5.4565430e+01
   1.0133320e+06   6.1706543e+01
   1.0261300e+06   5.3588867e+01
   1.0358880e+06   5.2612305e+01
   1.0425090e+06   5.4077148e+01
   1.0461580e+06   5.5419922e+01
   1.0490050e+06   5.3222656e+01
   1.0513310e+06   2.0153809e+03
   1.0558530e+06   5.4626465e+01
   1.0564640e+06   5.8044434e+01
   1.0590910e+06   5.4748535e+01
   1.0594840e+06   6.6406250e+01
   1.0633290e+06   5.4992676e+01
   1.0760290e+06   5.5480957e+01
   1.0820480e+06   5.5847168e+01
   1.0924030e+06   6.8237305e+01
   1.0928290e+06   5.2185059e+01
   1.0965030e+06   5.8776855e+01
   1.0971190e+06   6.6589355e+01
   1.0973080e+06   5.8715820e+01
   1.1013450e+06   2.0141602e+03
   1.1013560e+06   5.9753418e+01
   1.1046050e+06   5.3344727e+01
   1.1071720e+06   5.5664063e+01
   1.1126680e+06   5.6884766e+01
   1.1202220e+06   7.5012207e+01
   1.1267130e+06   5.2246094e+01
   1.1292960e+06   5.4199219e+01
   1.1298360e+06   7.1044922e+01
   1.1347040e+06   5.7312012e+01
   1.1397890e+06   5.7128906e+01
   1.1455290e+06   5.2307129e+01
   1.1513590e+06   2.0150757e+03
   1.1608330e+06   5.4504395e+01
   1.1678070e+06   5.9509277e+01
   1.1823950e+06   6.6040039e+01
   1.1827760e+06   5.6640625e+01
   1.1837620e+06   6.3476563e+01
   1.1847350e+06   5.2001953e+01
   1.1938390e+06   5.5297852e+01
   1.2013730e+06   2.0164185e+03
   1.2014080e+06   6.8054199e+01
   1.2130200e+06   5.3649902e+01
   1.2174560e+06   5.2612305e+01
   1.2237050e+06   5.6457520e+01
   1.2277830e+06   6.2316895e+01
   1.2377870e+06   5.6274414e+01
   1.2402490e+06   5.5236816e+01
   1.2428360e+06   5.2612305e+01
   1.2504830e+06   5.4138184e+01
   1.2513870e+06   2.0056152e+03
   1.2513980e+06   5.5664063e+01
   1.2534840e+06   7.0922852e+01
   1.2541010e+06   5.4687500e+01
   1.2568790e+06   5.3222656e+01
   1.2661890e+06   5.4260254e+01
   1.2700450e+06   5.2856445e+01
   1.2745210e+06   5.7434082e+01
   1.2821510e+06   5.8898926e+01
   1.2886900e+06   5.5847168e+01
   1.2894390e+06   6.3781738e+01
   1.2913680e+06   6.1279297e+01
   1.2927620e+06   6.7932129e+01
   1.2961840e+06   5.2795410e+01
   1.3006230e+06   5.2368164e+01
   1.3014030e+06   3.9999390e+03
   1.3014360e+06   5.7067871e+01
   1.3020510e+06   5.7739258e+01
   1.3056640e+06   5.4016113e+01
   1.3085530e+06   5.9753418e+01
   1.3092840e+06   5.2856445e+01
   1.3140020e+06   5.2368164e+01
   1.3258600e+06   6.0913086e+01
   1.3355580e+06   5.9936523e+01
   1.3369790e+06   5.6213379e+01
   1.3374910e+06   5.3283691e+01
   1.3404700e+06   5.2429199e+01
   1.3429100e+06   5.2734375e+01
   1.3492560e+06   6.2805176e+01
   1.3514150e+06   2.0093994e+03
   1.3535880e+06   5.4870605e+01
   1.3654910e+06   5.5725098e+01
   1.3681990e+06   5.4016113e+01
   1.3741670e+06   6.1828613e+01
   1.3807890e+06   5.5480957e+01
   1.3812850e+06   5.6274414e+01
   1.3855460e+06   5.2429199e+01
   1.3893860e+06   5.6335449e+01
   1.3926360e+06   5.2917480e+01
   1.3932770e+06   5.5541992e+01
   1.3938950e+06   5.7189941e+01
   1.4014290e+06   2.0083008e+03
   1.4105200e+06   6.4147949e+01
   1.4132510e+06   5.6640625e+01
   1.4151690e+06   5.2978516e+01
   1.4224850e+06   5.8959961e+01
   1.4253850e+06   5.4687500e+01
   1.4280940e+06   5.2429199e+01
   1.4326580e+06   7.9162598e+01
   1.4328120e+06   5.4016113e+01
   1.4392670e+06   5.3588867e+01
   1.4442720e+06   5.5664063e+01
   1.4457080e+06   5.2734375e+01
   1.4489520e+06   6.7504883e+01
   1.4514450e+06   3.9999390e+03
   1.4514550e+06   6.0119629e+01
   1.4521210e+06   6.3354492e+01
   1.4524440e+06   5.4138184e+01
   1.4526520e+06   5.9936523e+01
   1.4554230e+06   5.2062988e+01
   1.4557940e+06   5.6091309e+01
   1.4664250e+06   5.4504395e+01
   1.4722010e+06   6.2622070e+01
   1.4725190e+06   5.6579590e+01
   1.4839450e+06   5.6518555e+01
   1.4842940e+06   6.8969727e+01
   1.4861850e+06   5.3527832e+01
   1.4869970e+06   5.2062988e+01
   1.4994190e+06   5.8288574e+01
   1.4995210e+06   5.3649902e+01
   1.5014590e+06   3.9999390e+03
   1.5015730e+06   6.2927246e+01
   1.5218030e+06   5.4748535e+01
   1.5254600e+06   5.9753418e+01
   1.5292700e+06   6.1462402e+01
   1.5298350e+06   5.2917480e+01
   1.5372260e+06   5.3344727e+01
   1.5457440e+06   5.4016113e+01
   1.5514710e+06   2.0131836e+03
   1.5515060e+06   5.5236816e+01
   1.5515680e+06   5.8166504e+01
   1.5567400e+06   5.3955078e+01
   1.5589470e+06   6.9274902e+01
   1.5632670e+06   6.7199707e+01
   1.5663790e+06   6.0668945e+01
   1.5669570e+06   5.5114746e+01
   1.5718550e+06   5.4992676e+01
   1.5808940e+06   5.2734375e+01
   1.5894580e+06   5.8166504e+01
   1.5973560e+06   5.3833008e+01
   1.5991440e+06   6.2133789e+01
   1.6014850e+06   2.0118408e+03
   1.6015210e+06   5.7922363e+01
   1.6093960e+06   7.4462891e+01
   1.6131380e+06   6.1645508e+01
   1.6137300e+06   5.5480957e+01
   1.6199520e+06   6.3110352e+01
   1.6322930e+06   5.2124023e+01
   1.6340560e+06   5.4931641e+01
   1.6411010e+06   5.1940918e+01
   1.6515010e+06   3.9999390e+03
   1.6539670e+06   6.2927246e+01
   1.6613110e+06   5.4687500e+01
   1.6652720e+06   5.8471680e+01
   1.6669020e+06   6.3476563e+01
   1.6715250e+06   5.3161621e+01
   1.6722160e+06   6.0913086e+01
   1.6822980e+06   6.2072754e+01
   1.6938970e+06   5.5603027e+01
   1.6950480e+06   5.2612305e+01
   1.7008750e+06   5.5053711e+01
   1.7015150e+06   3.9999390e+03
   1.7025360e+06   5.2246094e+01
   1.7163510e+06   5.4138184e+01
   1.7169130e+06   5.4077148e+01
   1.7172840e+06   5.3649902e+01
   1.7211150e+06   5.2429199e+01
   1.7217910e+06   5.4260254e+01
   1.7223860e+06   5.2307129e+01
   1.7288770e+06   5.2917480e+01
   1.7492030e+06   5.9082031e+01
   1.7515290e+06   3.9999390e+03
   1.7515650e+06   6.4331055e+01
   1.7553070e+06   6.2133789e+01
   1.7682710e+06   5.3833008e+01
   1.7737330e+06   5.9509277e+01
   1.7771730e+06   5.2978516e+01
   1.7780160e+06   7.1411133e+01
   1.7792470e+06   5.5114746e+01
   1.7816600e+06   5.7434082e+01
   1.7870300e+06   6.1401367e+01
   1.7872590e+06   7.5256348e+01
   1.7899740e+06   5.6518555e+01
   1.7900670e+06   5.2307129e+01
   1.7946040e+06   5.3771973e+01
   1.8015430e+06   3.9999390e+03
   1.8015770e+06   5.2551270e+01
   1.8078150e+06   5.4626465e+01
   1.8124160e+06   6.3354492e+01
   1.8152520e+06   5.5969238e+01
   1.8197780e+06   6.5368652e+01
   1.8223080e+06   5.8837891e+01
   1.8225920e+06   5.2917480e+01
   1.8287980e+06   5.9753418e+01
   1.8405820e+06   7.7636719e+01
   1.8418030e+06   6.1096191e+01
   1.8515570e+06   3.9999390e+03
   1.8637100e+06   5.6823730e+01
   1.8688730e+06   5.8105469e+01
   1.8713260e+06   5.8959961e+01
   1.8757270e+06   7.0007324e+01
   1.8851920e+06   5.2001953e+01
   1.8862590e+06   5.4565430e+01
   1.8891410e+06   5.3649902e+01
   1.8966290e+06   5.5419922e+01
   1.9012390e+06   5.2978516e+01
   1.9015690e+06   2.0224609e+03
   1.9016050e+06   6.0852051e+01
   1.9051180e+06   6.3293457e+01
   1.9123200e+06   5.2734375e+01
   1.9215520e+06   5.7128906e+01
   1.9223110e+06   5.5175781e+01
   1.9275790e+06   5.3649902e+01
   1.9348210e+06   6.0485840e+01
   1.9373920e+06   5.3039551e+01
   1.9381620e+06   5.6213379e+01
   1.9415910e+06   5.2978516e+01
   1.9515170e+06   6.2011719e+01
   1.9515850e+06   3.9999390e+03
   1.9516210e+06   6.0729980e+01
   1.9526200e+06   5.8593750e+01
   1.9618780e+06   6.4208984e+01
   1.9639060e+06   5.9936523e+01
   1.9655480e+06   5.4199219e+01
   1.9663170e+06   5.4260254e+01
   1.9729150e+06   7.0861816e+01
   1.9848890e+06   5.2246094e+01
   1.9889230e+06   5.2124023e+01
   1.9910450e+06   5.5480957e+01
   1.9976770e+06   5.3222656e+01
   2.0015970e+06   2.0045776e+03
   2.0016370e+06   5.2246094e+01
   2.0029720e+06   6.8176270e+01
   2.0061140e+06   5.2551270e+01
   2.0169530e+06   5.3833008e+01
   2.0175820e+06   6.0424805e+01
   2.0218920e+06   5.3588867e+01
   2.0341330e+06   6.3537598e+01
   2.0367670e+06   5.3222656e+01
   2.0516110e+06   2.0115967e+03
   2.0751240e+06   5.3466797e+01
   2.0830330e+06   5.3161621e+01
   2.0877990e+06   5.2490234e+01
   2.0995200e+06   5.4565430e+01
   2.0999280e+06   5.9936523e+01
   2.1016270e+06   2.0106201e+03
   2.1016630e+06   5.7128906e+01
   2.1046860e+06   5.7006836e+01
   2.1207760e+06   5.9753418e+01
   2.1249890e+06   5.4992676e+01
   2.1252160e+06   5.4138184e+01
   2.1368160e+06   6.9580078e+01
   2.1516410e+06   3.9999390e+03
   2.1602520e+06   5.8410645e+01
   2.1679100e+06   5.2246094e+01
   2.1705660e+06   5.1940918e+01
   2.1718200e+06   5.2856445e+01
   2.1738130e+06   5.6640625e+01
   2.1768610e+06   5.3161621e+01
   2.1932190e+06   5.4321289e+01
   2.1953430e+06   6.2438965e+01
   2.1999280e+06   5.7495117e+01
   2.2016530e+06   2.0151367e+03
   2.2016910e+06   6.8359375e+01
   2.2042220e+06   5.4565430e+01
   2.2152070e+06   5.2856445e+01
   2.2209890e+06   5.2856445e+01
   2.2287450e+06   5.8715820e+01
   2.2344330e+06   5.3833008e+01
   2.2423880e+06   5.9204102e+01
   2.2483670e+06   5.3344727e+01
   2.2516690e+06   3.9999390e+03
   2.2531170e+06   6.5551758e+01
   2.2532180e+06   6.5246582e+01
   2.2532800e+06   5.6945801e+01
   2.2533110e+06   5.5114746e+01
   2.2533500e+06   9.5031738e+01
   2.2533740e+06   5.8105469e+01
   2.2533980e+06   6.5429688e+01
   2.2534430e+06   7.4462891e+01
   2.2534740e+06   8.3618164e+01
   2.2535030e+06   6.6955566e+01
   2.2535240e+06   1.0742188e+02
   2.2535360e+06   9.2529297e+01
   2.2535640e+06   1.0528564e+02
   2.2535810e+06   1.0211182e+02
   2.2536000e+06   5.7617188e+01
   2.2536140e+06   9.8022461e+01
   2.2536260e+06   9.2346191e+01
   2.2536420e+06   5.3222656e+01
   2.2536670e+06   1.2872314e+02
   2.2536880e+06   1.4532471e+02
   2.2537050e+06   1.0815430e+02
   2.2537430e+06   1.2585449e+02
   2.2537580e+06   1.2280273e+02
   2.2537820e+06   1.0754395e+02
   2.2538110e+06   1.0327148e+02
   2.2538390e+06   1.2457275e+02
   2.2538530e+06   9.2651367e+01
   2.2538800e+06   8.5937500e+01
   2.2539030e+06   1.8450928e+02
   2.2539150e+06   1.1315918e+02
   2.2539430e+06   2.2186279e+02
   2.2539560e+06   1.3232422e+02
   2.2539710e+06   1.2744141e+02
   2.2539940e+06   1.2438965e+02
   2.2540110e+06   1.0931396e+02
   2.2540220e+06   9.2346191e+01
   2.2540440e+06   1.0290527e+02
   2.2540700e+06   2.4163818e+02
   2.2541050e+06   1.3262939e+02
   2.2541240e+06   1.3964844e+02
   2.2541350e+06   1.4782715e+02
   2.2541520e+06   1.3037109e+02
   2.2541710e+06   1.3861084e+02
   2.2541890e+06   1.8920898e+02
   2.2542040e+06   2.4560547e+02
   2.2542210e+06   1.7535400e+02
   2.2542440e+06   1.2695313e+02
   2.2542560e+06   7.2937012e+01
   2.2542790e+06   9.5336914e+01
   2.2542930e+06   1.1132813e+02
   2.2543120e+06   1.4050293e+02
   2.2543350e+06   9.1674805e+01
   2.2543540e+06   8.8562012e+01
   2.2543710e+06   1.0620117e+02
   2.2543950e+06   1.6052246e+02
   2.2544070e+06   1.3397217e+02
   2.2544320e+06   1.3073730e+02
   2.2544440e+06   1.4959717e+02
   2.2544610e+06   2.2998047e+02
   2.2544920e+06   1.2896729e+02
   2.2545140e+06   1.5325928e+02
   2.2545240e+06   1.6876221e+02
   2.2545500e+06   1.1297607e+02
   2.2545700e+06   2.0971680e+02
   2.2545810e+06   1.7059326e+02
   2.2546030e+06   1.7382813e+02
   2.2546270e+06   9.9609375e+01
   2.2546420e+06   1.4300537e+02
   2.2546520e+06   1.1407471e+02
   2.2546720e+06   1.1181641e+02
   2.2546960e+06   1.5167236e+02
   2.2547140e+06   1.6033936e+02
   2.2547470e+06   9.6557617e+01
   2.2547590e+06   1.0150146e+02
   2.2547840e+06   9.8388672e+01
   2.2548030e+06   8.4777832e+01
   2.2548370e+06   1.0070801e+02
   2.2548480e+06   1.0754395e+02
   2.2548650e+06   7.5500488e+01
   2.2548930e+06   1.5466309e+02
   2.2549050e+06   1.3458252e+02
   2.2549260e+06   1.0119629e+02
   2.2549480e+06   1.2811279e+02
   2.2549600e+06   1.5026855e+02
   2.2549720e+06   1.0748291e+02
   2.2549920e+06   1.7492676e+02
   2.2550080e+06   6.2255859e+01
   2.2550230e+06   6.7260742e+01
   2.2550460e+06   1.2774658e+02
   2.2550600e+06   1.2786865e+02
   2.2550760e+06   6.0913086e+01
   2.2550950e+06   1.0589600e+02
   2.2551230e+06   1.0589600e+02
   2.2551440e+06   1.2286377e+02
   2.2551630e+06   9.4726563e+01
   2.2551740e+06   5.9753418e+01
   2.2551960e+06   8.7707520e+01
   2.2552100e+06   6.5673828e+01
   2.2552210e+06   7.0007324e+01
   2.2552400e+06   9.1918945e+01
   2.2552710e+06   5.5358887e+01
   2.2552810e+06   1.2707520e+02
   2.2553150e+06   1.7449951e+02
   2.2553480e+06   1.2353516e+02
   2.2553620e+06   6.9824219e+01
   2.2553960e+06   8.7524414e+01
   2.2554140e+06   9.7167969e+01
   2.2554440e+06   9.5336914e+01
   2.2554910e+06   7.3303223e+01
   2.2555220e+06   6.4453125e+01
   2.2555500e+06   7.8247070e+01
   2.2555630e+06   6.6101074e+01
   2.2555820e+06   7.5439453e+01
   2.2556120e+06   7.9101563e+01
   2.2556650e+06   6.6650391e+01
   2.2557100e+06   7.4584961e+01
   2.2557340e+06   5.6884766e+01
   2.2557530e+06   6.9152832e+01
   2.2557880e+06   6.1889648e+01
   2.2558110e+06   6.5307617e+01
   2.2558510e+06   5.6213379e+01
   2.2559350e+06   5.4077148e+01
   2.2560020e+06   5.5053711e+01
   2.2560530e+06   6.0729980e+01
   2.2562880e+06   7.4707031e+01
   2.2563730e+06   5.5541992e+01
   2.2766740e+06   6.1401367e+01
   2.2799190e+06   5.5419922e+01
   2.2809190e+06   5.2246094e+01
   2.2829350e+06   5.3710938e+01
   2.2911410e+06   5.6457520e+01
   2.2966270e+06   6.4697266e+01
   2.2985420e+06   5.3466797e+01
   2.3016830e+06   3.9999390e+03
   2.3017190e+06   6.8298340e+01
   2.3042070e+06   5.2124023e+01
   2.3091450e+06   5.3894043e+01
   2.3269670e+06   6.4392090e+01
   2.3421470e+06   5.4382324e+01
   2.3493470e+06   6.0668945e+01
   2.3516950e+06   2.0158081e+03
   2.3686470e+06   5.2856445e+01
   2.3754520e+06   5.5358887e+01
   2.3769710e+06   7.1472168e+01
   2.3967070e+06   5.5297852e+01
   2.4017110e+06   3.9999390e+03
   2.4123790e+06   5.3039551e+01
   2.4170620e+06   6.0668945e+01
   2.4253130e+06   5.1940918e+01
   2.4333000e+06   6.0058594e+01
   2.4346370e+06   5.3039551e+01
   2.4370730e+06   6.4514160e+01
   2.4424530e+06   5.3833008e+01
   2.4517230e+06   2.0064697e+03
   2.4618510e+06   6.9763184e+01
   2.4697400e+06   5.2001953e+01
   2.4716640e+06   5.5419922e+01
   2.4737090e+06   5.6152344e+01
   2.4813360e+06   5.4931641e+01
   2.4951470e+06   5.3161621e+01
   2.5063400e+06   5.5053711e+01
   2.5173710e+06   5.9631348e+01
   2.5209010e+06   5.2185059e+01
   2.5220880e+06   6.0058594e+01
   2.5223180e+06   5.3771973e+01
   2.5280180e+06   6.1950684e+01
   2.5286140e+06   5.7556152e+01
   2.5373160e+06   5.2246094e+01
   2.5410040e+06   7.3242188e+01
   2.5511300e+06   5.5541992e+01
   2.5544590e+06   5.2917480e+01
   2.5551470e+06   5.8227539e+01
   2.5566290e+06   6.8603516e+01
   2.5662400e+06   5.7739258e+01
   2.6015650e+06   6.4758301e+01
   2.6053640e+06   5.6945801e+01
   2.6090580e+06   5.7128906e+01
   2.6123470e+06   5.4931641e+01
   2.6161770e+06   5.3100586e+01
   2.6162880e+06   7.2143555e+01
   2.6179540e+06   5.1940918e+01
   2.6300170e+06   5.1940918e+01
   2.6333290e+06   5.2856445e+01
   2.6469810e+06   5.8471680e+01
   2.6561170e+06   5.2429199e+01
   2.6640090e+06   5.3649902e+01
   2.6707570e+06   5.2978516e+01
   2.6730680e+06   5.3039551e+01
   2.6748390e+06   5.2612305e+01
   2.6863560e+06   5.6762695e+01
   2.6882270e+06   7.2265625e+01
   2.7025170e+06   6.6223145e+01
   2.7229880e+06   5.4565430e+01
   2.7323240e+06   6.6223145e+01
   2.7388150e+06   5.5541992e+01
   2.7593590e+06   6.1035156e+01
   2.7800140e+06   5.6030273e+01
   2.7840580e+06   6.2438965e+01
   2.7940150e+06   5.3283691e+01
   2.7973270e+06   5.4931641e+01
   2.8041190e+06   6.5734863e+01
   2.8123560e+06   5.3588867e+01
   2.8169490e+06   5.8166504e+01
   2.8305360e+06   5.6213379e+01
   2.8326440e+06   5.3588867e+01
   2.8349780e+06   5.6335449e+01
   2.8389830e+06   6.5673828e+01
   2.8451320e+06   5.9265137e+01
   2.8498630e+06   5.3466797e+01
   2.8530040e+06   5.2612305e+01
   2.8689200e+06   5.9814453e+01
   2.8814850e+06   5.3222656e+01
   2.8962460e+06   5.2246094e+01
   2.9091490e+06   5.3771973e+01
   2.9278650e+06   5.5786133e+01
   2.9387010e+06   5.9997559e+01
   2.9547320e+06   5.4199219e+01
   2.9563630e+06   5.6945801e+01
   2.9607410e+06   5.8837891e+01
   2.9808050e+06   6.1523438e+01
   2.9830920e+06   5.4931641e+01
   2.9882430e+06   5.4260254e+01
   2.9934540e+06   5.6335449e+01
