   5.9980000e+06   0.0000000e+00
   3.6256000e+04   4.1320801e+01
   7.5911000e+04   3.9733887e+01
   7.6006000e+04   4.4738770e+01
   7.6074000e+04   1.7840576e+02
   7.6103000e+04   4.6997070e+01
   7.6150000e+04   4.4982910e+01
   7.6166000e+04   4.9194336e+01
   7.6185000e+04   4.9743652e+01
   7.6234000e+04   4.0893555e+01
   7.6245000e+04   1.0394287e+02
   7.6277000e+04   4.1259766e+01
   7.6328000e+04   4.3579102e+01
   7.6402000e+04   4.5776367e+01
   7.6422000e+04   4.1564941e+01
   1.0250300e+05   4.0222168e+01
   1.0593800e+05   4.3579102e+01
   1.0637000e+05   4.1015625e+01
   1.0667800e+05   5.4382324e+01
   1.0673100e+05   3.9611816e+01
   1.0695000e+05   4.4067383e+01
   1.0901100e+05   4.8950195e+01
   1.0956300e+05   5.4077148e+01
   1.0987300e+05   4.0771484e+01
   1.1047500e+05   4.5471191e+01
   1.1096400e+05   3.9428711e+01
   1.1101800e+05   4.0283203e+01
   1.1193600e+05   3.9794922e+01
   1.1218800e+05   4.8645020e+01
   1.1349700e+05   4.2846680e+01
   1.1368000e+05   4.2480469e+01
   1.1399200e+05   4.1381836e+01
   1.1532700e+05   3.9428711e+01
   1.1536800e+05   4.3579102e+01
   1.1542800e+05   3.9978027e+01
   1.1565500e+05   4.0161133e+01
   1.2103000e+05   4.3334961e+01
   1.2134900e+05   4.6447754e+01
   1.2184500e+05   5.7067871e+01
   1.2258100e+05   4.2236328e+01
   1.2466100e+05   4.5898438e+01
   1.2685000e+05   4.0405273e+01
   1.2690500e+05   4.0405273e+01
   1.2728300e+05   4.0710449e+01
   1.2792000e+05   4.6997070e+01
   1.2864300e+05   4.4250488e+01
   1.2890500e+05   3.9855957e+01
   1.3324400e+05   4.4006348e+01
   1.3330300e+05   3.9550781e+01
   1.3459500e+05   5.0842285e+01
   1.3505000e+05   3.9978027e+01
   1.3529800e+05   4.1381836e+01
   1.3579200e+05   4.3334961e+01
   1.3628500e+05   3.9306641e+01
   1.3659500e+05   3.9367676e+01
   1.3667900e+05   5.1025391e+01
   1.3688100e+05   4.3029785e+01
   1.3778100e+05   4.3823242e+01
   1.3822100e+05   4.0405273e+01
   1.3862100e+05   4.0039063e+01
   1.3949100e+05   4.2602539e+01
   1.4037100e+05   3.9367676e+01
   1.4102900e+05   4.1870117e+01
   1.4136100e+05   3.9611816e+01
   1.4186300e+05   4.9926758e+01
   1.4191600e+05   4.1381836e+01
   1.4282700e+05   3.9367676e+01
   1.4578100e+05   4.3823242e+01
   1.4580200e+05   4.3518066e+01
   1.4583600e+05   4.5776367e+01
   1.4587100e+05   4.0954590e+01
   1.4699000e+05   4.6203613e+01
   1.4860500e+05   4.1442871e+01
   1.5123300e+05   4.2358398e+01
   1.5156200e+05   4.9560547e+01
   1.5273300e+05   4.7668457e+01
   1.5335800e+05   4.6752930e+01
   1.5409200e+05   4.2236328e+01
   1.5910500e+05   4.5166016e+01
   1.5914800e+05   4.2114258e+01
   1.5960100e+05   5.4199219e+01
   1.5962800e+05   4.0222168e+01
   1.5974500e+05   1.6735840e+02
   1.5989300e+05   5.2734375e+01
   1.5990400e+05   4.4982910e+01
   1.6022900e+05   4.5654297e+01
   1.6056700e+05   4.0588379e+01
   1.6090500e+05   5.1879883e+01
   1.6525900e+05   4.6081543e+01
   1.6583500e+05   4.0771484e+01
   1.6590500e+05   3.9855957e+01
   1.6624300e+05   4.1625977e+01
   1.6649800e+05   4.0222168e+01
   1.6654400e+05   4.0405273e+01
   1.6671300e+05   3.9916992e+01
   2.0671100e+05   3.9367676e+01
   2.0673300e+05   4.4250488e+01
   2.0675400e+05   4.3029785e+01
   2.0695900e+05   4.0100098e+01
   2.0698900e+05   3.9978027e+01
   2.0750300e+05   4.0527344e+01
   2.0766200e+05   3.9245605e+01
   2.0786400e+05   4.4494629e+01
   2.0814000e+05   4.4189453e+01
   2.0819900e+05   4.2358398e+01
   2.0861500e+05   4.4860840e+01
   2.0930100e+05   4.2297363e+01
   2.1018000e+05   4.4494629e+01
   2.1051600e+05   3.9428711e+01
   2.1056400e+05   4.0771484e+01
   2.1090900e+05   3.9245605e+01
   2.1093000e+05   4.5898438e+01
   2.1104200e+05   4.3090820e+01
   2.1107000e+05   3.9611816e+01
   2.1174900e+05   3.9367676e+01
   2.1253800e+05   4.2114258e+01
   2.1385600e+05   3.9489746e+01
   2.1449700e+05   4.5104980e+01
   2.1530800e+05   5.5786133e+01
   2.1604700e+05   4.5837402e+01
   2.1615300e+05   4.2846680e+01
   2.1638500e+05   4.3762207e+01
   2.1646200e+05   4.1687012e+01
   2.1648500e+05   4.7241211e+01
   2.1686300e+05   4.0710449e+01
   2.2065900e+05   6.0302734e+01
   2.2108000e+05   3.9428711e+01
   2.2195600e+05   3.9550781e+01
   2.2198000e+05   4.5349121e+01
   2.2238300e+05   4.2480469e+01
   2.2243500e+05   4.0893555e+01
   2.2245700e+05   4.8583984e+01
   2.2268100e+05   3.9367676e+01
   2.2296500e+05   4.1870117e+01
   2.2429300e+05   4.4860840e+01
   2.2882300e+05   4.1748047e+01
   2.2896300e+05   4.1015625e+01
   2.2914000e+05   4.0100098e+01
   2.2954600e+05   4.4128418e+01
   2.2957600e+05   5.0415039e+01
   2.3099000e+05   3.9550781e+01
   2.4381900e+05   4.4128418e+01
   2.4384500e+05   4.1931152e+01
   2.4408100e+05   4.0893555e+01
   2.4448600e+05   5.1391602e+01
   2.4495200e+05   4.2297363e+01
   2.4561900e+05   4.6325684e+01
   2.4564600e+05   4.0222168e+01
   2.4603500e+05   4.7241211e+01
   2.4634800e+05   4.3701172e+01
   2.4669500e+05   4.8217773e+01
   2.4672000e+05   3.9306641e+01
   2.4674100e+05   4.5104980e+01
   2.4717700e+05   4.1809082e+01
   2.4816500e+05   4.4372559e+01
   2.4905800e+05   3.9245605e+01
   2.5293800e+05   3.9794922e+01
   2.5536400e+05   4.2602539e+01
   2.5845300e+05   4.0161133e+01
   2.5886100e+05   4.2114258e+01
   2.5925500e+05   3.9916992e+01
   2.5962100e+05   4.1015625e+01
   2.5992200e+05   4.4799805e+01
   2.5994000e+05   4.2358398e+01
   2.5999300e+05   4.2419434e+01
   2.6015000e+05   4.3273926e+01
   2.7997800e+05   4.1320801e+01
   2.8004300e+05   4.0222168e+01
   2.8012700e+05   4.1503906e+01
   2.8096700e+05   4.2053223e+01
   2.8133500e+05   3.9306641e+01
   2.8143100e+05   4.3701172e+01
   2.8144800e+05   5.1452637e+01
   2.8148600e+05   4.3090820e+01
   2.8183500e+05   4.2480469e+01
   2.8225700e+05   6.0485840e+01
   2.8316500e+05   4.7790527e+01
   3.1852500e+05   3.9672852e+01
   3.1933600e+05   4.1137695e+01
   3.2558300e+05   3.9245605e+01
   3.2625700e+05   3.9916992e+01
   3.3153900e+05   4.7363281e+01
   3.3207800e+05   4.3151855e+01
   3.5255700e+05   4.5227051e+01
   3.5257100e+05   1.8542480e+02
   3.5261400e+05   4.1992188e+01
   3.5264300e+05   4.7607422e+01
   3.5266200e+05   1.4105225e+02
   3.5267600e+05   4.7241211e+01
   3.5268800e+05   5.8349609e+01
   3.5271300e+05   4.9560547e+01
   3.5275700e+05   1.0974121e+02
   3.5277200e+05   4.3334961e+01
   3.5278600e+05   4.8034668e+01
   3.5281200e+05   4.7790527e+01
   3.5285400e+05   5.2246094e+01
   3.8597600e+05   4.5288086e+01
   3.8604000e+05   3.9672852e+01
   3.8609400e+05   4.4494629e+01
   3.8619900e+05   4.0283203e+01
   3.8712500e+05   4.1198730e+01
   3.8963600e+05   3.9489746e+01
   3.9110300e+05   5.0842285e+01
   3.9258600e+05   4.1137695e+01
   3.9426400e+05   4.0954590e+01
   3.9503500e+05   4.1137695e+01
   3.9519400e+05   3.9916992e+01
   3.9704300e+05   4.1564941e+01
   3.9801000e+05   4.2541504e+01
   3.9836100e+05   4.0405273e+01
   3.9937200e+05   4.0161133e+01
   4.0018500e+05   4.0283203e+01
   4.0156400e+05   4.0039063e+01
   4.0198200e+05   3.9978027e+01
   4.0200600e+05   4.1564941e+01
   4.0353600e+05   4.9499512e+01
   4.0410200e+05   4.1259766e+01
   4.0411900e+05   4.3945313e+01
   4.0562900e+05   4.0710449e+01
   4.1037200e+05   3.9733887e+01
   4.1099500e+05   4.0954590e+01
   4.1896100e+05   3.9550781e+01
   4.1999300e+05   4.2846680e+01
   4.2062400e+05   4.0771484e+01
   4.2096000e+05   4.9926758e+01
   4.2100700e+05   4.1015625e+01
   4.2122900e+05   5.0842285e+01
   4.2160500e+05   3.9733887e+01
   4.2184800e+05   4.2724609e+01
   4.2274400e+05   4.3212891e+01
   4.2414000e+05   4.1198730e+01
   4.2481100e+05   3.9916992e+01
   4.2664900e+05   4.2236328e+01
   4.2675700e+05   4.8217773e+01
   4.2678700e+05   1.6204834e+02
   4.2683400e+05   4.7851563e+01
   4.2684800e+05   7.1716309e+01
   4.2686600e+05   6.2744141e+01
   4.2689000e+05   5.4504395e+01
   4.2691700e+05   8.1909180e+01
   4.2694100e+05   5.7739258e+01
   4.2696400e+05   1.7333984e+02
   4.2701200e+05   5.0354004e+01
   4.2702900e+05   9.1003418e+01
   4.2704100e+05   4.1931152e+01
   4.2706300e+05   4.8583984e+01
   4.2708000e+05   4.4433594e+01
   4.2711300e+05   1.0742188e+02
   4.2712900e+05   6.8603516e+01
   4.2717700e+05   4.6630859e+01
   4.2718700e+05   6.5612793e+01
   4.2721900e+05   5.3588867e+01
   4.2724000e+05   5.5725098e+01
   4.2726700e+05   5.0292969e+01
   4.2729800e+05   4.0710449e+01
   4.2731600e+05   6.1523438e+01
   4.2734200e+05   4.1931152e+01
   4.2736800e+05   4.5043945e+01
   4.2737800e+05   9.0087891e+01
   4.2742000e+05   4.0954590e+01
   4.2745000e+05   4.9987793e+01
   4.2750200e+05   4.4677734e+01
   4.2759600e+05   4.6020508e+01
   4.2763600e+05   4.1015625e+01
   4.2765100e+05   4.4128418e+01
   4.2768200e+05   4.0161133e+01
   4.2778300e+05   4.7241211e+01
   4.2785900e+05   3.9428711e+01
   4.2790700e+05   4.6752930e+01
   4.2798400e+05   4.1687012e+01
   4.2808900e+05   4.9743652e+01
   4.2813000e+05   3.9489746e+01
   4.2816900e+05   4.4250488e+01
   4.2840400e+05   4.0527344e+01
   4.2854300e+05   4.3334961e+01
   4.2887300e+05   4.5715332e+01
   4.2920000e+05   4.1137695e+01
   4.2935300e+05   4.0283203e+01
   4.9619600e+05   4.5043945e+01
   4.9632100e+05   4.1748047e+01
   4.9665600e+05   3.9733887e+01
   4.9668000e+05   4.2602539e+01
   4.9680400e+05   4.3395996e+01
   4.9687600e+05   1.5667725e+02
   4.9688600e+05   4.3395996e+01
   4.9692100e+05   4.2541504e+01
   4.9695100e+05   4.5776367e+01
   4.9699300e+05   1.3073730e+02
   4.9700300e+05   4.5532227e+01
   4.9704200e+05   6.1035156e+01
   4.9706600e+05   4.1442871e+01
   4.9709300e+05   1.3928223e+02
   4.9720600e+05   4.1015625e+01
   5.3594500e+05   4.8400879e+01
   5.3627200e+05   4.1198730e+01
   5.3648900e+05   3.9428711e+01
   5.3681300e+05   4.5104980e+01
   5.3818100e+05   3.9855957e+01
   5.7620600e+05   4.0222168e+01
   5.7665200e+05   5.1452637e+01
   5.8031700e+05   4.0344238e+01
   6.2041400e+05   4.6142578e+01
   6.2113100e+05   4.0161133e+01
   6.4193400e+05   4.3518066e+01
   6.8471500e+05   4.2785645e+01
   7.0456500e+05   4.1564941e+01
   7.0462200e+05   1.6967773e+02
   7.0467600e+05   4.4738770e+01
   7.0469700e+05   1.2194824e+02
   7.0470800e+05   4.8950195e+01
   7.0473400e+05   4.6325684e+01
   7.0476300e+05   1.3732910e+02
   7.0479700e+05   4.1687012e+01
   7.0482900e+05   6.7993164e+01
   7.0484100e+05   4.5104980e+01
   7.0485600e+05   5.1391602e+01
   7.0488300e+05   1.5856934e+02
   7.0491400e+05   9.2041016e+01
   7.0493900e+05   5.1635742e+01
   7.0496600e+05   4.8706055e+01
   7.0498800e+05   4.8339844e+01
   7.0500000e+05   4.4372559e+01
   7.0504100e+05   3.9794922e+01
   7.0515900e+05   4.1259766e+01
   7.0521600e+05   4.1198730e+01
   7.0537000e+05   4.8889160e+01
   7.0550100e+05   4.2297363e+01
   7.0557300e+05   4.0161133e+01
   7.2796800e+05   5.0781250e+01
   7.2808300e+05   4.0893555e+01
   7.2811500e+05   3.9733887e+01
   7.2816600e+05   4.0100098e+01
   7.2971500e+05   3.9306641e+01
   7.2982600e+05   4.0771484e+01
   7.5318600e+05   4.0893555e+01
   7.5337500e+05   4.0283203e+01
   7.5340100e+05   4.0405273e+01
   7.5354100e+05   3.9916992e+01
   7.5355900e+05   3.9611816e+01
   7.5397600e+05   3.9489746e+01
   7.5429900e+05   4.7424316e+01
   7.5690500e+05   4.5349121e+01
   7.5798600e+05   4.0710449e+01
   7.5799900e+05   3.9306641e+01
   7.6011700e+05   4.1137695e+01
   7.6016200e+05   4.3212891e+01
   7.6023400e+05   4.2785645e+01
   7.6101300e+05   4.1564941e+01
   7.6126600e+05   4.1015625e+01
   7.6231500e+05   3.9916992e+01
   7.6255200e+05   5.6152344e+01
   7.6386300e+05   3.9733887e+01
   7.6496300e+05   4.9621582e+01
   7.6529200e+05   4.0649414e+01
   7.6530500e+05   5.7556152e+01
   7.6570300e+05   4.0954590e+01
   7.6718300e+05   4.3090820e+01
   7.6772200e+05   4.8645020e+01
   7.6775300e+05   4.1198730e+01
   7.6778600e+05   4.1320801e+01
   7.6810000e+05   4.4738770e+01
   7.6832900e+05   4.6264648e+01
   7.6860300e+05   4.7058105e+01
   7.7004600e+05   4.0344238e+01
   7.7071300e+05   3.9978027e+01
   7.7076700e+05   3.9245605e+01
   7.7513900e+05   4.0710449e+01
   7.7806400e+05   3.9978027e+01
   7.7892600e+05   4.0954590e+01
   7.8000700e+05   4.1870117e+01
   7.8032800e+05   4.8156738e+01
   7.8064800e+05   4.3212891e+01
   7.9052600e+05   4.0771484e+01
   7.9056400e+05   3.9794922e+01
   7.9120300e+05   4.1564941e+01
   7.9123600e+05   4.8034668e+01
   7.9145700e+05   4.1992188e+01
   7.9177600e+05   4.1259766e+01
   7.9246900e+05   4.8400879e+01
   7.9324900e+05   3.9489746e+01
   7.9396900e+05   4.7912598e+01
   8.2531400e+05   3.9611816e+01
   8.2584900e+05   4.2236328e+01
   8.2608600e+05   6.1523438e+01
   8.2696800e+05   6.4758301e+01
   8.2712600e+05   4.1625977e+01
   8.2714900e+05   5.2490234e+01
   8.2716900e+05   4.7790527e+01
   8.2764100e+05   4.3945313e+01
   8.2897600e+05   4.2236328e+01
   8.2989100e+05   5.1940918e+01
   8.3069800e+05   4.6691895e+01
   8.3193700e+05   5.1086426e+01
   8.3936900e+05   3.9855957e+01
   8.3979300e+05   4.1259766e+01
   8.4056000e+05   4.1076660e+01
   8.4058000e+05   4.1137695e+01
   8.4120900e+05   4.1503906e+01
   8.4244200e+05   4.5715332e+01
   8.4382700e+05   4.3029785e+01
   8.4683600e+05   4.3884277e+01
   8.4751900e+05   4.0283203e+01
   8.4783800e+05   4.5715332e+01
   8.4827500e+05   4.0283203e+01
   8.4834200e+05   4.3395996e+01
   8.4840500e+05   3.9489746e+01
   8.4856500e+05   4.2968750e+01
   8.4870300e+05   4.0466309e+01
   8.4895100e+05   3.9672852e+01
   8.5049500e+05   4.7424316e+01
   8.5148600e+05   3.9428711e+01
   8.9423000e+05   4.9865723e+01
   8.9633500e+05   4.3701172e+01
   8.9685900e+05   4.6691895e+01
   9.2978900e+05   4.3518066e+01
   9.3008700e+05   4.5043945e+01
   9.3011000e+05   4.7912598e+01
   9.6169600e+05   4.8095703e+01
   9.6510700e+05   3.9306641e+01
   9.6516400e+05   1.8658447e+02
   9.6520300e+05   4.3701172e+01
   9.6523500e+05   1.2713623e+02
   9.6526200e+05   1.2268066e+02
   9.6527500e+05   4.8522949e+01
   9.6530600e+05   9.5581055e+01
   9.6532700e+05   5.9020996e+01
   9.6534100e+05   4.0710449e+01
   9.6535600e+05   3.9428711e+01
   9.6536600e+05   9.8022461e+01
   9.6539200e+05   6.7321777e+01
   9.6541000e+05   6.1889648e+01
   9.6542700e+05   7.5561523e+01
   9.6545700e+05   7.5073242e+01
   9.6549800e+05   3.9978027e+01
   9.6551300e+05   5.0292969e+01
   9.6552800e+05   5.5725098e+01
   9.6555600e+05   6.4758301e+01
   9.6557300e+05   5.4565430e+01
   9.6561700e+05   4.5349121e+01
   9.6563900e+05   4.4555664e+01
   9.6566900e+05   4.8828125e+01
   9.6571900e+05   4.3334961e+01
   9.6581000e+05   4.2297363e+01
   9.6590800e+05   4.8339844e+01
   9.6601600e+05   3.9794922e+01
   9.6631700e+05   4.5654297e+01
   9.6644600e+05   4.2053223e+01
   9.6666700e+05   4.3151855e+01
   9.9064200e+05   4.0039063e+01
   9.9120300e+05   4.3151855e+01
   9.9125300e+05   3.9916992e+01
   9.9132900e+05   4.3579102e+01
   9.9144900e+05   3.9367676e+01
   9.9150400e+05   4.1137695e+01
   9.9153500e+05   4.5654297e+01
   9.9155100e+05   4.0344238e+01
   9.9157200e+05   1.7089844e+02
   9.9161200e+05   5.0781250e+01
   9.9162900e+05   4.1381836e+01
   9.9164700e+05   1.2695313e+02
   9.9172800e+05   1.9873047e+02
   9.9174600e+05   5.4138184e+01
   9.9177100e+05   4.0344238e+01
   9.9178400e+05   4.7729492e+01
   9.9180100e+05   4.8767090e+01
   9.9183500e+05   1.1242676e+02
   9.9188900e+05   5.3222656e+01
   9.9190600e+05   4.9133301e+01
   9.9194400e+05   4.0771484e+01
   9.9197800e+05   4.0283203e+01
   9.9206000e+05   4.2236328e+01
   9.9211400e+05   3.9489746e+01
   9.9252000e+05   4.1442871e+01
   1.0097310e+06   4.0954590e+01
   1.0097710e+06   4.3823242e+01
   1.0097920e+06   4.4189453e+01
   1.0098250e+06   3.9733887e+01
   1.0098440e+06   1.5808105e+02
   1.0098770e+06   4.2480469e+01
   1.0099240e+06   4.1748047e+01
   1.0099440e+06   3.9855957e+01
   1.0099560e+06   3.9916992e+01
   1.0100160e+06   1.3385010e+02
   1.0100270e+06   4.0893555e+01
   1.0100900e+06   3.9550781e+01
   1.0106130e+06   3.9916992e+01
   1.0631520e+06   4.5715332e+01
   1.0635810e+06   4.9621582e+01
   1.0640420e+06   1.5979004e+02
   1.0646190e+06   4.1442871e+01
   1.0919250e+06   4.0954590e+01
   1.0923570e+06   4.0771484e+01
   1.0923840e+06   1.7797852e+02
   1.0924210e+06   1.1920166e+02
   1.0924440e+06   1.1108398e+02
   1.0924620e+06   4.9987793e+01
   1.0924740e+06   4.5349121e+01
   1.0924870e+06   6.0119629e+01
   1.0925140e+06   1.1871338e+02
   1.0925320e+06   5.2856445e+01
   1.0925580e+06   6.0607910e+01
   1.0925710e+06   3.9611816e+01
   1.0925970e+06   5.4992676e+01
   1.0926200e+06   3.9672852e+01
   1.0926340e+06   4.0222168e+01
   1.0927130e+06   4.7973633e+01
   1.0928220e+06   5.0476074e+01
   1.1274820e+06   4.4738770e+01
   1.1283400e+06   4.0222168e+01
   1.1286620e+06   4.0588379e+01
   1.1294920e+06   4.0100098e+01
   1.1761990e+06   4.1259766e+01
   1.1768340e+06   5.5541992e+01
   1.1772480e+06   4.0039063e+01
   1.1784780e+06   4.1625977e+01
   1.1791810e+06   1.7053223e+02
   1.1792020e+06   4.5349121e+01
   1.1792570e+06   4.2541504e+01
   1.1792720e+06   1.3702393e+02
   1.1793030e+06   3.9245605e+01
   1.1793260e+06   4.2968750e+01
   1.1793570e+06   1.3659668e+02
   1.1793920e+06   1.4410400e+02
   1.1794130e+06   6.9580078e+01
   1.1794510e+06   5.4504395e+01
   1.1794640e+06   8.9477539e+01
   1.1794820e+06   4.4433594e+01
   1.1795130e+06   5.7922363e+01
   1.1795340e+06   4.2663574e+01
   1.1795470e+06   8.8195801e+01
   1.1795770e+06   5.9692383e+01
   1.1796020e+06   5.3771973e+01
   1.1796210e+06   5.5297852e+01
   1.1796360e+06   5.4260254e+01
   1.1796550e+06   4.1625977e+01
   1.1796670e+06   4.8767090e+01
   1.1796860e+06   5.7128906e+01
   1.1797070e+06   5.9814453e+01
   1.1797570e+06   4.0710449e+01
   1.1797780e+06   4.4677734e+01
   1.1798430e+06   5.0537109e+01
   1.1799050e+06   4.4067383e+01
   1.1799760e+06   4.0771484e+01
   1.1801000e+06   5.3161621e+01
   1.1801370e+06   4.1992188e+01
   1.1801710e+06   5.0109863e+01
   1.1802330e+06   4.2663574e+01
   1.1802650e+06   4.6569824e+01
   1.1803130e+06   5.8898926e+01
   1.1803560e+06   4.8156738e+01
   1.1803730e+06   4.1809082e+01
   1.1804030e+06   4.1259766e+01
   1.1805100e+06   4.4494629e+01
   1.1805620e+06   4.0161133e+01
   1.1806780e+06   4.3579102e+01
   1.1807100e+06   5.1269531e+01
   1.1809530e+06   5.0659180e+01
   1.1809880e+06   3.9428711e+01
   1.1810980e+06   4.0283203e+01
   1.1812900e+06   9.2407227e+01
   1.1814140e+06   4.1503906e+01
   1.1816260e+06   3.9978027e+01
   1.1816440e+06   3.9916992e+01
   1.1817240e+06   4.0771484e+01
   1.1823710e+06   4.8217773e+01
   1.1858950e+06   4.0039063e+01
   1.1866810e+06   4.3579102e+01
   1.1867060e+06   1.3940430e+02
   1.1867630e+06   4.0405273e+01
   1.1867840e+06   6.8847656e+01
   1.1868080e+06   1.2414551e+02
   1.1868200e+06   3.9367676e+01
   1.1868410e+06   1.2060547e+02
   1.1868640e+06   4.5898438e+01
   1.1868870e+06   5.4260254e+01
   1.1869190e+06   1.0980225e+02
   1.1869320e+06   8.0627441e+01
   1.1869580e+06   6.2988281e+01
   1.1870010e+06   6.9335938e+01
   1.1870530e+06   7.2631836e+01
   1.1870820e+06   4.5776367e+01
   1.1871090e+06   4.5043945e+01
   1.1871380e+06   6.9213867e+01
   1.1871650e+06   4.5532227e+01
   1.1872310e+06   4.2480469e+01
   1.1872750e+06   4.0405273e+01
   1.1872850e+06   6.2805176e+01
   1.1873360e+06   4.1809082e+01
   1.1873670e+06   4.7912598e+01
   1.1874060e+06   5.7189941e+01
   1.1874230e+06   3.9794922e+01
   1.1874760e+06   3.9794922e+01
   1.1875040e+06   5.6640625e+01
   1.1875260e+06   3.9245605e+01
   1.1875400e+06   4.9011230e+01
   1.1875730e+06   4.3273926e+01
   1.1876420e+06   6.6833496e+01
   1.1877020e+06   3.9489746e+01
   1.1877890e+06   6.1645508e+01
   1.1879180e+06   4.3579102e+01
   1.1879630e+06   8.9294434e+01
   1.1879940e+06   3.9489746e+01
   1.1880290e+06   5.0781250e+01
   1.1881850e+06   7.5683594e+01
   1.1883320e+06   4.1015625e+01
   1.1883640e+06   4.0771484e+01
   1.1883830e+06   5.7495117e+01
   1.1886930e+06   4.6264648e+01
   1.1890680e+06   3.9611816e+01
   1.1892860e+06   4.1503906e+01
   1.1900200e+06   4.0283203e+01
   1.2232230e+06   4.0954590e+01
   1.2232670e+06   4.7363281e+01
   1.2233490e+06   4.2175293e+01
   1.2233790e+06   4.0283203e+01
   1.2233960e+06   5.4382324e+01
   1.2234140e+06   1.2988281e+02
   1.2234440e+06   1.2829590e+02
   1.2234600e+06   5.4199219e+01
   1.2234760e+06   7.9345703e+01
   1.2235020e+06   4.3090820e+01
   1.2235290e+06   1.1260986e+02
   1.2235390e+06   6.3415527e+01
   1.2235580e+06   4.3518066e+01
   1.2235850e+06   4.1320801e+01
   1.2236100e+06   8.3007813e+01
   1.2236240e+06   5.2429199e+01
   1.2236410e+06   4.9499512e+01
   1.2236540e+06   4.4067383e+01
   1.2236720e+06   4.4799805e+01
   1.2236830e+06   6.0791016e+01
   1.2237180e+06   4.5593262e+01
   1.2237480e+06   4.4189453e+01
   1.2237730e+06   6.2438965e+01
   1.2237900e+06   4.9316406e+01
   1.2238090e+06   4.4189453e+01
   1.2238570e+06   4.4372559e+01
   1.2238960e+06   4.2602539e+01
   1.2239400e+06   4.3701172e+01
   1.2240350e+06   4.6020508e+01
   1.2530600e+06   4.3640137e+01
   1.2531060e+06   4.3701172e+01
   1.2531720e+06   4.3518066e+01
   1.2531830e+06   5.0964355e+01
   1.2532200e+06   5.6518555e+01
   1.2532400e+06   1.6589355e+02
   1.2532580e+06   6.9458008e+01
   1.2533000e+06   1.4599609e+02
   1.2533290e+06   7.3364258e+01
   1.2533410e+06   5.3161621e+01
   1.2533660e+06   4.6875000e+01
   1.2533810e+06   1.3287354e+02
   1.2534120e+06   4.3395996e+01
   1.2534420e+06   7.4462891e+01
   1.2534590e+06   5.0170898e+01
   1.2535110e+06   4.0893555e+01
   1.2535270e+06   1.0827637e+02
   1.2536170e+06   4.3640137e+01
   1.2536390e+06   3.9916992e+01
   1.2536800e+06   3.9733887e+01
   1.2537390e+06   4.2053223e+01
   1.2537540e+06   3.9367676e+01
   1.2537830e+06   4.2907715e+01
   1.2538400e+06   4.3151855e+01
   1.2538690e+06   1.0083008e+02
   1.2540170e+06   4.0466309e+01
   1.3160900e+06   4.3151855e+01
   1.3162030e+06   4.4616699e+01
   1.3162170e+06   1.1596680e+02
   1.3162600e+06   4.7485352e+01
   1.3162900e+06   1.8853760e+02
   1.3163140e+06   9.0942383e+01
   1.3163530e+06   1.0992432e+02
   1.3163670e+06   4.4006348e+01
   1.3163980e+06   9.7229004e+01
   1.3164080e+06   1.0302734e+02
   1.3164330e+06   5.0292969e+01
   1.3164570e+06   5.9631348e+01
   1.3164860e+06   5.7250977e+01
   1.3165010e+06   7.8308105e+01
   1.3165390e+06   4.5349121e+01
   1.3165500e+06   5.3283691e+01
   1.3165750e+06   4.2236328e+01
   1.3166080e+06   4.5715332e+01
   1.3167850e+06   4.1748047e+01
   1.3371400e+06   4.0588379e+01
   1.3372730e+06   1.2255859e+02
   1.3373030e+06   1.6894531e+02
   1.3373580e+06   6.2133789e+01
   1.3373770e+06   1.3238525e+02
   1.3373940e+06   4.7302246e+01
   1.3374170e+06   4.8034668e+01
   1.3374550e+06   6.7749023e+01
   1.3375440e+06   3.9916992e+01
   1.3376720e+06   5.2429199e+01
   1.3377100e+06   4.0222168e+01
   1.3378110e+06   4.4433594e+01
   1.3611380e+06   3.9611816e+01
   1.3615030e+06   1.1035156e+02
   1.3615770e+06   3.9733887e+01
   1.3616340e+06   1.0803223e+02
   1.3616580e+06   6.5551758e+01
   1.3616860e+06   1.7205811e+02
   1.3617050e+06   4.8767090e+01
   1.3617300e+06   4.7851563e+01
   1.3617460e+06   6.2683105e+01
   1.3617720e+06   1.4636230e+02
   1.3617830e+06   4.2785645e+01
   1.3618230e+06   4.3579102e+01
   1.3618380e+06   4.7363281e+01
   1.3618750e+06   4.8217773e+01
   1.3618870e+06   4.0039063e+01
   1.3619540e+06   3.9611816e+01
   1.3816650e+06   4.4860840e+01
   1.3818590e+06   3.9367676e+01
   1.3818790e+06   4.3823242e+01
   1.3819350e+06   4.2297363e+01
   1.3819710e+06   4.3640137e+01
   1.3819880e+06   4.2175293e+01
   1.3820040e+06   1.9403076e+02
   1.3820340e+06   1.0510254e+02
   1.3820760e+06   5.4138184e+01
   1.3821360e+06   5.0476074e+01
   1.3821500e+06   1.4648438e+02
   1.3822400e+06   8.4472656e+01
   1.3822570e+06   4.1687012e+01
   1.3823690e+06   3.9733887e+01
   1.3824840e+06   3.9550781e+01
   1.4276870e+06   3.9428711e+01
   1.4287920e+06   1.1627197e+02
   1.4288270e+06   4.5593262e+01
   1.4288900e+06   1.0626221e+02
   1.4289140e+06   1.8103027e+02
   1.4289250e+06   4.5532227e+01
   1.4289420e+06   4.2907715e+01
   1.4289820e+06   1.1547852e+02
   1.4290300e+06   6.0791016e+01
   1.4290650e+06   4.6875000e+01
   1.4291090e+06   4.1687012e+01
   1.4291210e+06   4.7302246e+01
   1.4292160e+06   6.2255859e+01
   1.4293070e+06   4.3579102e+01
   1.4293370e+06   4.0832520e+01
   1.4519310e+06   3.9855957e+01
   1.4519930e+06   4.7790527e+01
   1.4520880e+06   5.4016113e+01
   1.4521170e+06   4.3273926e+01
   1.4521480e+06   5.8837891e+01
   1.4522020e+06   7.0983887e+01
   1.4522250e+06   7.1777344e+01
   1.4522410e+06   1.7474365e+02
   1.4522850e+06   9.7290039e+01
   1.4523020e+06   4.5898438e+01
   1.4523610e+06   4.5043945e+01
   1.4524750e+06   5.9143066e+01
   1.4754970e+06   1.2719727e+02
   1.4755210e+06   4.2053223e+01
   1.4755690e+06   3.9489746e+01
   1.4756330e+06   4.6569824e+01
   1.4756550e+06   1.0449219e+02
   1.4756950e+06   4.1381836e+01
   1.4757050e+06   4.8767090e+01
   1.4757790e+06   5.7373047e+01
   1.4758380e+06   4.6081543e+01
   1.5206000e+06   1.1145020e+02
   1.5206410e+06   4.0649414e+01
   1.5206620e+06   4.5227051e+01
   1.5206850e+06   9.1491699e+01
   1.5207170e+06   5.1391602e+01
   1.5207320e+06   4.5898438e+01
   1.5207610e+06   1.3769531e+02
   1.5207880e+06   4.6875000e+01
   1.5208230e+06   1.3983154e+02
   1.5208340e+06   4.4799805e+01
   1.5208520e+06   5.0109863e+01
   1.5208860e+06   5.2246094e+01
   1.5209050e+06   6.0607910e+01
   1.5209220e+06   3.9794922e+01
   1.5209660e+06   4.2053223e+01
   1.5210680e+06   4.3701172e+01
   1.5211950e+06   4.2968750e+01
   1.5212270e+06   4.1748047e+01
   1.5212640e+06   4.0710449e+01
   1.5449270e+06   5.1757813e+01
   1.5449690e+06   3.9733887e+01
   1.5450620e+06   4.5715332e+01
   1.5450940e+06   1.0791016e+02
   1.5451520e+06   4.5410156e+01
   1.5451680e+06   6.3842773e+01
   1.5451900e+06   1.0321045e+02
   1.5452110e+06   4.0588379e+01
   1.5452610e+06   5.0903320e+01
   1.5452740e+06   4.5166016e+01
   1.5453020e+06   1.9018555e+02
   1.5453200e+06   5.6396484e+01
   1.5453360e+06   4.1625977e+01
   1.5453850e+06   3.9489746e+01
   1.5454310e+06   8.0932617e+01
   1.5454510e+06   6.8908691e+01
   1.5454620e+06   5.1208496e+01
   1.5628400e+06   1.1608887e+02
   1.5629510e+06   4.0466309e+01
   1.5629880e+06   9.8083496e+01
   1.5630580e+06   4.0222168e+01
   1.5630870e+06   4.2785645e+01
   1.5631000e+06   9.2224121e+01
   1.5631310e+06   4.0039063e+01
   1.5631570e+06   4.0649414e+01
   1.5631690e+06   4.0710449e+01
   1.5632480e+06   8.5632324e+01
   1.5633870e+06   4.4616699e+01
   1.5635480e+06   4.4860840e+01
   1.5794090e+06   1.2829590e+02
   1.5795030e+06   9.9182129e+01
   1.5795830e+06   4.0039063e+01
   1.5796170e+06   1.0028076e+02
   1.5797320e+06   4.2968750e+01
   1.5834780e+06   4.0222168e+01
   1.5839240e+06   3.9733887e+01
   1.5839390e+06   3.9306641e+01
   1.5908170e+06   3.9245605e+01
   1.6292230e+06   1.3092041e+02
   1.6303140e+06   4.2175293e+01
   1.6367550e+06   4.0100098e+01
   1.6591580e+06   4.3640137e+01
   1.6592190e+06   1.6857910e+02
   1.6592850e+06   4.2968750e+01
   1.6593130e+06   1.4715576e+02
   1.6593230e+06   3.9672852e+01
   1.6593470e+06   5.5297852e+01
   1.6593620e+06   4.5654297e+01
   1.6593800e+06   3.9978027e+01
   1.6594170e+06   1.1120605e+02
   1.6594310e+06   5.4809570e+01
   1.6594530e+06   5.3405762e+01
   1.6595000e+06   6.3232422e+01
   1.6595590e+06   5.4931641e+01
   1.6595890e+06   4.6325684e+01
   1.7019380e+06   3.9550781e+01
   1.7399420e+06   4.4860840e+01
   1.7400260e+06   4.1687012e+01
   1.7573260e+06   3.9794922e+01
   1.8084060e+06   4.1076660e+01
   1.8084930e+06   4.4494629e+01
   1.8086450e+06   4.5166016e+01
   1.8157110e+06   4.0222168e+01
   1.8531110e+06   3.9367676e+01
   1.8532330e+06   3.9489746e+01
   1.8533910e+06   4.1564941e+01
   1.9044280e+06   4.4555664e+01
   1.9045270e+06   4.2602539e+01
   1.9045800e+06   4.5532227e+01
   1.9046050e+06   1.5179443e+02
   1.9046440e+06   4.8400879e+01
   1.9046580e+06   4.6936035e+01
   1.9046720e+06   1.3867188e+02
   1.9046990e+06   7.4279785e+01
   1.9047380e+06   4.5349121e+01
   1.9047480e+06   6.3415527e+01
   1.9047930e+06   5.9020996e+01
   1.9048090e+06   5.6579590e+01
   1.9048310e+06   5.9692383e+01
   1.9048480e+06   1.2628174e+02
   1.9048590e+06   5.3894043e+01
   1.9048880e+06   4.2175293e+01
   1.9049730e+06   3.9306641e+01
   1.9051430e+06   3.9855957e+01
   1.9653440e+06   4.2602539e+01
   1.9656420e+06   4.2358398e+01
   1.9660690e+06   3.9550781e+01
   1.9668160e+06   4.6020508e+01
   1.9677680e+06   4.5471191e+01
   1.9697030e+06   4.0039063e+01
   1.9698450e+06   4.1381836e+01
   1.9703290e+06   3.9367676e+01
   1.9705320e+06   3.9550781e+01
   1.9715430e+06   4.0222168e+01
   1.9719060e+06   4.4067383e+01
   1.9721870e+06   4.0954590e+01
   2.0156910e+06   4.4555664e+01
   2.0187560e+06   4.3884277e+01
   2.0188760e+06   5.0659180e+01
   2.0190430e+06   3.9245605e+01
   2.0196730e+06   4.4616699e+01
   2.0198340e+06   4.2663574e+01
   2.0401510e+06   4.0283203e+01
   2.0433670e+06   4.0405273e+01
   2.0439030e+06   4.3518066e+01
   2.0439810e+06   4.3395996e+01
   2.0440240e+06   5.2795410e+01
   2.0442000e+06   4.0527344e+01
   2.0444760e+06   4.4311523e+01
   2.0449260e+06   3.9306641e+01
   2.0454610e+06   4.6508789e+01
   2.0464610e+06   4.3823242e+01
   2.0471210e+06   4.3457031e+01
   2.0479320e+06   4.0954590e+01
   2.0483630e+06   4.7485352e+01
   2.0494910e+06   4.3151855e+01
   2.0725400e+06   4.2663574e+01
   2.0726070e+06   4.1870117e+01
   2.0727450e+06   4.2846680e+01
   2.0742950e+06   4.5104980e+01
   2.0743590e+06   4.0893555e+01
   2.0746690e+06   4.3029785e+01
   2.0748730e+06   4.0588379e+01
   2.0749050e+06   4.4799805e+01
   2.0793530e+06   4.1931152e+01
   2.0798180e+06   3.9428711e+01
   2.0807830e+06   4.0283203e+01
   2.0827990e+06   4.1137695e+01
   2.0829590e+06   3.9489746e+01
   2.0831020e+06   3.9489746e+01
   2.0833310e+06   4.4799805e+01
   2.0839830e+06   4.5837402e+01
   2.0840120e+06   5.0048828e+01
   2.0842490e+06   4.4250488e+01
   2.0851470e+06   4.0832520e+01
   2.0852910e+06   4.2785645e+01
   2.0859660e+06   4.8156738e+01
   2.0864390e+06   4.8767090e+01
   2.0867030e+06   4.3273926e+01
   2.0869010e+06   4.4189453e+01
   2.0886220e+06   4.6203613e+01
   2.1045810e+06   3.9794922e+01
   2.1053410e+06   4.9255371e+01
   2.1054510e+06   4.1198730e+01
   2.1062030e+06   3.9733887e+01
   2.1066730e+06   4.1870117e+01
   2.1074200e+06   4.0771484e+01
   2.1122900e+06   4.3212891e+01
   2.1128080e+06   4.3579102e+01
   2.1130260e+06   4.0222168e+01
   2.1136850e+06   3.9367676e+01
   2.1141120e+06   4.0466309e+01
   2.1198370e+06   3.9794922e+01
   2.1230810e+06   4.2419434e+01
   2.1231700e+06   4.0100098e+01
   2.1232180e+06   4.4311523e+01
   2.1237380e+06   3.9489746e+01
   2.1252970e+06   5.5114746e+01
   2.1284320e+06   4.2297363e+01
   2.1286270e+06   4.5349121e+01
   2.1290350e+06   4.0771484e+01
   2.1298560e+06   4.4616699e+01
   2.1300450e+06   4.0222168e+01
   2.1300940e+06   4.1809082e+01
   2.1303670e+06   3.9306641e+01
   2.1306960e+06   3.9916992e+01
   2.1312590e+06   3.9306641e+01
   2.1361500e+06   4.2907715e+01
   2.1562220e+06   4.4677734e+01
   2.1562500e+06   4.2419434e+01
   2.1562600e+06   4.2724609e+01
   2.1562790e+06   1.5002441e+02
   2.1563270e+06   4.6508789e+01
   2.1563450e+06   1.1132813e+02
   2.1563720e+06   5.9631348e+01
   2.1564030e+06   5.3649902e+01
   2.1564230e+06   9.6496582e+01
   2.1564560e+06   3.9428711e+01
   2.1564670e+06   5.5664063e+01
   2.1565110e+06   4.1625977e+01
   2.1565220e+06   9.1979980e+01
   2.1565820e+06   4.6386719e+01
   2.1566640e+06   4.1625977e+01
   2.1884150e+06   4.3762207e+01
   2.1884330e+06   4.0527344e+01
   2.1885600e+06   4.4982910e+01
   2.1887260e+06   1.6143799e+02
   2.1887570e+06   4.5959473e+01
   2.1888740e+06   4.6020508e+01
   2.1889750e+06   4.5043945e+01
   2.1910300e+06   3.9978027e+01
   2.1945370e+06   4.5349121e+01
   2.1951180e+06   4.7424316e+01
   2.1959790e+06   4.9804688e+01
   2.1988780e+06   3.9550781e+01
   2.2293500e+06   4.1564941e+01
   2.2296920e+06   4.2297363e+01
   2.2315710e+06   4.6325684e+01
   2.2325280e+06   4.3640137e+01
   2.2330230e+06   4.2480469e+01
   2.2330910e+06   4.6752930e+01
   2.2332970e+06   3.9794922e+01
   2.2333780e+06   4.3823242e+01
   2.2335600e+06   4.1503906e+01
   2.2335870e+06   5.2307129e+01
   2.2609160e+06   4.1015625e+01
   2.2610290e+06   4.0588379e+01
   2.2614440e+06   4.1992188e+01
   2.2636500e+06   4.6997070e+01
   2.2636930e+06   3.9611816e+01
   2.2641320e+06   1.4691162e+02
   2.2641480e+06   4.4433594e+01
   2.2641980e+06   5.2368164e+01
   2.2642820e+06   1.3848877e+02
   2.2643440e+06   4.5471191e+01
   2.2966700e+06   4.2846680e+01
   2.2972310e+06   4.0161133e+01
   2.2974920e+06   4.0954590e+01
   2.2976740e+06   4.1137695e+01
   2.2987030e+06   4.0161133e+01
   2.2988140e+06   4.2907715e+01
   2.3010820e+06   3.9550781e+01
   2.3276930e+06   3.9550781e+01
   2.3277830e+06   4.2297363e+01
   2.3278080e+06   1.8902588e+02
   2.3278400e+06   4.0527344e+01
   2.3278710e+06   1.1614990e+02
   2.3278950e+06   6.0485840e+01
   2.3279100e+06   7.4951172e+01
   2.3279250e+06   5.2612305e+01
   2.3279370e+06   8.5327148e+01
   2.3279630e+06   1.0247803e+02
   2.3279880e+06   3.9306641e+01
   2.3280190e+06   5.6213379e+01
   2.3280410e+06   8.1420898e+01
   2.3280550e+06   5.6701660e+01
   2.3280750e+06   4.5959473e+01
   2.3281040e+06   5.7495117e+01
   2.3281450e+06   1.0363770e+02
   2.3281810e+06   5.4016113e+01
   2.3281970e+06   4.2053223e+01
   2.3282160e+06   5.8227539e+01
   2.3282630e+06   4.6936035e+01
   2.3284020e+06   3.9916992e+01
   2.3285780e+06   4.5104980e+01
   2.3286610e+06   4.1259766e+01
   2.3287070e+06   5.4748535e+01
   2.3288130e+06   4.1137695e+01
   2.3289210e+06   4.1931152e+01
   2.3514260e+06   5.7922363e+01
   2.3514450e+06   6.2255859e+01
   2.3518160e+06   1.5954590e+02
   2.3518310e+06   5.5358887e+01
   2.3518480e+06   4.6020508e+01
   2.3518650e+06   4.3395996e+01
   2.3519130e+06   4.0344238e+01
   2.3519610e+06   6.0729980e+01
   2.3520000e+06   1.0522461e+02
   2.3520310e+06   5.0292969e+01
   2.3520670e+06   6.2011719e+01
   2.3520800e+06   4.0588379e+01
   2.3521070e+06   4.5898438e+01
   2.3521290e+06   4.8461914e+01
   2.3521570e+06   4.2297363e+01
   2.3521810e+06   4.8706055e+01
   2.3521940e+06   4.7424316e+01
   2.3522390e+06   3.9550781e+01
   2.3522560e+06   4.8645020e+01
   2.3522850e+06   4.2724609e+01
   2.3522970e+06   4.3579102e+01
   2.3523210e+06   4.5104980e+01
   2.3526290e+06   4.1625977e+01
   2.3529300e+06   3.9367676e+01
   2.3739000e+06   4.1076660e+01
   2.3830970e+06   4.2663574e+01
   2.3831070e+06   5.4321289e+01
   2.3832060e+06   4.5959473e+01
   2.3832180e+06   1.5057373e+02
   2.3832760e+06   4.0039063e+01
   2.3832920e+06   4.3518066e+01
   2.3833100e+06   5.9997559e+01
   2.3833400e+06   1.4398193e+02
   2.3833760e+06   4.2480469e+01
   2.3834580e+06   3.9428711e+01
   2.4040100e+06   4.3518066e+01
   2.4040260e+06   4.8645020e+01
   2.4042020e+06   4.4982910e+01
   2.4303450e+06   4.2114258e+01
   2.4306500e+06   4.2358398e+01
   2.4483950e+06   3.9978027e+01
   2.4725350e+06   3.9978027e+01
   2.4929960e+06   3.9794922e+01
   2.5201750e+06   4.0100098e+01
   2.5447950e+06   4.2663574e+01
   2.5449140e+06   3.9733887e+01
   2.5449540e+06   5.0842285e+01
   2.5449680e+06   1.8499756e+02
   2.5450550e+06   4.6752930e+01
   2.5450660e+06   1.3751221e+02
   2.5451050e+06   4.6142578e+01
   2.5451260e+06   4.6386719e+01
   2.5451630e+06   1.0424805e+02
   2.5451790e+06   1.2005615e+02
   2.5451940e+06   6.7016602e+01
   2.5452160e+06   8.7463379e+01
   2.5452410e+06   8.1237793e+01
   2.5452610e+06   4.4250488e+01
   2.5452890e+06   6.7932129e+01
   2.5453180e+06   4.5043945e+01
   2.5453410e+06   6.6345215e+01
   2.5453620e+06   4.3518066e+01
   2.5453740e+06   4.3090820e+01
   2.5981140e+06   3.9794922e+01
   2.5985520e+06   4.4738770e+01
   2.5992770e+06   4.0039063e+01
   2.6080990e+06   4.0771484e+01
   2.6101820e+06   4.0283203e+01
   2.6104240e+06   4.3029785e+01
   2.6114000e+06   3.9367676e+01
   2.6421210e+06   4.0954590e+01
   2.6421310e+06   3.9428711e+01
   2.6421920e+06   4.3090820e+01
   2.6622930e+06   3.9428711e+01
   2.6629890e+06   4.3151855e+01
   2.6635660e+06   4.3579102e+01
   2.6827140e+06   1.6766357e+02
   2.6827320e+06   5.4382324e+01
   2.6827530e+06   4.8278809e+01
   2.6827900e+06   1.7590332e+02
   2.6828050e+06   5.7800293e+01
   2.6828330e+06   5.5541992e+01
   2.6828560e+06   1.2298584e+02
   2.6828660e+06   1.0009766e+02
   2.6828910e+06   4.2846680e+01
   2.6829130e+06   4.8950195e+01
   2.6829270e+06   4.9560547e+01
   2.6829490e+06   7.6477051e+01
   2.6829750e+06   1.3677979e+02
   2.6829880e+06   4.1992188e+01
   2.6830070e+06   7.5805664e+01
   2.6830330e+06   5.1391602e+01
   2.6830430e+06   5.2062988e+01
   2.6830560e+06   4.1076660e+01
   2.6830910e+06   4.0161133e+01
   2.6831430e+06   4.3212891e+01
   2.6831690e+06   4.2419434e+01
   2.6832530e+06   4.6325684e+01
   2.6832930e+06   4.7485352e+01
   2.6834490e+06   4.1809082e+01
   2.6835680e+06   4.0832520e+01
   2.6839170e+06   3.9916992e+01
   2.6994240e+06   3.9367676e+01
   2.6997690e+06   4.4738770e+01
   2.6999120e+06   4.0344238e+01
   2.7004510e+06   3.9916992e+01
   2.7005170e+06   4.3945313e+01
   2.7006880e+06   4.0405273e+01
   2.7007550e+06   4.0771484e+01
   2.7178070e+06   4.0405273e+01
   2.7582370e+06   4.0039063e+01
   2.7618850e+06   4.0771484e+01
   2.7621790e+06   1.7553711e+02
   2.7622990e+06   1.2377930e+02
   2.7623260e+06   4.0649414e+01
   2.7623560e+06   6.0058594e+01
   2.7623800e+06   1.0284424e+02
   2.7624020e+06   4.6691895e+01
   2.7624190e+06   4.8278809e+01
   2.7624350e+06   1.1639404e+02
   2.7624650e+06   7.4157715e+01
   2.7624750e+06   4.3395996e+01
   2.7624990e+06   4.9804688e+01
   2.7625200e+06   6.8664551e+01
   2.7625330e+06   4.3395996e+01
   2.7625610e+06   6.0302734e+01
   2.7625740e+06   6.3781738e+01
   2.7626020e+06   5.4382324e+01
   2.7626200e+06   4.9194336e+01
   2.7626360e+06   4.9865723e+01
   2.7626490e+06   4.9316406e+01
   2.7626670e+06   6.2255859e+01
   2.7626830e+06   4.7302246e+01
   2.7627060e+06   4.7973633e+01
   2.7627390e+06   5.6884766e+01
   2.7627530e+06   4.5837402e+01
   2.7627950e+06   4.4006348e+01
   2.7628110e+06   4.0588379e+01
   2.7628370e+06   4.8522949e+01
   2.7628770e+06   4.7180176e+01
   2.7629080e+06   4.4067383e+01
   2.7629360e+06   4.0283203e+01
   2.7629820e+06   4.4616699e+01
   2.7629990e+06   4.1137695e+01
   2.7630570e+06   4.1442871e+01
   2.7630850e+06   4.0283203e+01
   2.7632480e+06   4.9926758e+01
   2.7632720e+06   4.7546387e+01
   2.7633030e+06   3.9306641e+01
   2.7633310e+06   4.1870117e+01
   2.7634060e+06   4.3151855e+01
   2.7634400e+06   4.0100098e+01
   2.7635170e+06   4.0039063e+01
   2.7635530e+06   4.1381836e+01
   2.7635730e+06   4.0527344e+01
   2.7637650e+06   3.9428711e+01
   2.7638430e+06   4.4982910e+01
   2.7639580e+06   4.9987793e+01
   2.7640590e+06   4.8339844e+01
   2.7640830e+06   6.6040039e+01
   2.7641840e+06   4.3579102e+01
   2.7644750e+06   3.9978027e+01
   2.7644960e+06   4.2602539e+01
   2.7646720e+06   8.7463379e+01
   2.7648810e+06   5.2673340e+01
   2.7651950e+06   4.4189453e+01
   2.7653700e+06   4.5227051e+01
   2.7658800e+06   4.1931152e+01
   2.7659900e+06   4.1931152e+01
   2.7664050e+06   8.5754395e+01
   2.7665510e+06   4.0344238e+01
   2.7666700e+06   4.0405273e+01
   2.7668340e+06   5.1513672e+01
   2.7669990e+06   4.4799805e+01
   2.7670780e+06   4.8583984e+01
   2.7674370e+06   4.1992188e+01
   2.7675670e+06   3.9978027e+01
   2.7677960e+06   4.4616699e+01
   2.7679480e+06   3.9611816e+01
   2.7683300e+06   5.9020996e+01
   2.7684170e+06   4.1137695e+01
   2.7685790e+06   4.0161133e+01
   2.7686830e+06   4.4372559e+01
   2.7691130e+06   3.9733887e+01
   2.7692990e+06   4.2785645e+01
   2.7698200e+06   1.5618896e+02
   2.7701870e+06   4.8339844e+01
   2.7715240e+06   3.9550781e+01
   2.8075610e+06   4.0405273e+01
   2.8075810e+06   4.4921875e+01
   2.8075980e+06   1.5881348e+02
   2.8076260e+06   4.2053223e+01
   2.8076560e+06   1.0614014e+02
   2.8076680e+06   1.3903809e+02
   2.8076980e+06   6.6406250e+01
   2.8077080e+06   6.1401367e+01
   2.8077460e+06   8.1909180e+01
   2.8077670e+06   7.5561523e+01
   2.8077770e+06   6.7565918e+01
   2.8077960e+06   6.7199707e+01
   2.8078120e+06   7.4768066e+01
   2.8078510e+06   4.2114258e+01
   2.8078610e+06   6.8054199e+01
   2.8078880e+06   5.0292969e+01
   2.8079070e+06   4.9316406e+01
   2.8079300e+06   5.0170898e+01
   2.8079560e+06   4.5959473e+01
   2.8079830e+06   5.1635742e+01
   2.8079960e+06   6.2011719e+01
   2.8081680e+06   3.9245605e+01
   2.8082460e+06   4.5166016e+01
   2.8084110e+06   3.9367676e+01
   2.8085260e+06   4.4067383e+01
   2.8086810e+06   4.9621582e+01
   2.8642260e+06   4.3151855e+01
   2.8643120e+06   4.1076660e+01
   2.8643500e+06   5.5786133e+01
   2.8643730e+06   1.8975830e+02
   2.8643880e+06   6.4575195e+01
   2.8644200e+06   9.0942383e+01
   2.8644310e+06   5.4138184e+01
   2.8644510e+06   4.5837402e+01
   2.8644680e+06   6.1584473e+01
   2.8644820e+06   7.5500488e+01
   2.8645040e+06   8.1115723e+01
   2.8645330e+06   6.3476563e+01
   2.8645480e+06   5.6030273e+01
   2.8645620e+06   5.1513672e+01
   2.8645930e+06   4.0588379e+01
   2.8646050e+06   5.9509277e+01
   2.8646210e+06   4.0954590e+01
   2.8646630e+06   5.1757813e+01
   2.8647200e+06   6.3781738e+01
   2.8647460e+06   4.3212891e+01
   2.8648040e+06   4.2297363e+01
   2.8649470e+06   4.4128418e+01
   2.8650600e+06   4.1442871e+01
   2.8652080e+06   4.4189453e+01
   2.8652640e+06   3.9489746e+01
   2.8919850e+06   3.9489746e+01
   2.8920110e+06   4.7973633e+01
   2.8920330e+06   6.3049316e+01
   2.8920510e+06   1.1431885e+02
   2.8920630e+06   1.7694092e+02
   2.8921140e+06   4.9560547e+01
   2.8921330e+06   1.2402344e+02
   2.8921530e+06   5.0903320e+01
   2.8921740e+06   5.6030273e+01
   2.8921990e+06   6.6467285e+01
   2.8922260e+06   5.7922363e+01
   2.8922370e+06   6.2744141e+01
   2.8922740e+06   4.6569824e+01
   2.8923000e+06   7.9956055e+01
   2.8923150e+06   5.6579590e+01
   2.8923300e+06   4.6813965e+01
   2.8923980e+06   4.0710449e+01
   2.8924180e+06   4.7546387e+01
   2.8924320e+06   4.1320801e+01
   2.8927580e+06   4.1625977e+01
   2.8928080e+06   4.0161133e+01
   2.9119430e+06   3.9489746e+01
   2.9119690e+06   4.1931152e+01
   2.9119790e+06   4.2663574e+01
   2.9120170e+06   4.1381836e+01
   2.9120430e+06   1.5301514e+02
   2.9120630e+06   4.2419434e+01
   2.9120820e+06   7.0556641e+01
   2.9120980e+06   8.7829590e+01
   2.9121210e+06   6.0913086e+01
   2.9121400e+06   1.0968018e+02
   2.9121590e+06   8.8684082e+01
   2.9121720e+06   5.0964355e+01
   2.9121920e+06   5.7312012e+01
   2.9122150e+06   6.0852051e+01
   2.9122340e+06   8.7524414e+01
   2.9122630e+06   5.1208496e+01
   2.9122730e+06   6.8908691e+01
   2.9123270e+06   4.9804688e+01
   2.9123470e+06   4.5837402e+01
   2.9123670e+06   4.5898438e+01
   2.9123850e+06   4.0954590e+01
   2.9124470e+06   4.3823242e+01
   2.9124870e+06   4.1442871e+01
   2.9125410e+06   4.0405273e+01
   2.9125650e+06   4.4433594e+01
   2.9126440e+06   4.1992188e+01
   2.9127630e+06   4.1931152e+01
   2.9286430e+06   4.3029785e+01
   2.9286590e+06   5.7312012e+01
   2.9287010e+06   3.9245605e+01
   2.9287230e+06   1.0711670e+02
   2.9287440e+06   1.2707520e+02
   2.9287560e+06   5.9814453e+01
   2.9287930e+06   1.1206055e+02
   2.9288110e+06   7.1044922e+01
   2.9288330e+06   6.3354492e+01
   2.9288640e+06   4.4067383e+01
   2.9288850e+06   9.9792480e+01
   2.9289080e+06   7.0495605e+01
   2.9289280e+06   4.8522949e+01
   2.9289520e+06   3.9672852e+01
   2.9289800e+06   5.2673340e+01
   2.9290200e+06   3.9916992e+01
   2.9290680e+06   4.2480469e+01
   2.9447400e+06   4.3884277e+01
   2.9447620e+06   4.2785645e+01
   2.9447860e+06   4.0039063e+01
   2.9448250e+06   2.0617676e+02
   2.9448610e+06   4.6569824e+01
   2.9448820e+06   1.0980225e+02
   2.9449130e+06   7.0495605e+01
   2.9449460e+06   4.4128418e+01
   2.9449640e+06   6.8237305e+01
   2.9449810e+06   5.0354004e+01
   2.9450140e+06   4.4555664e+01
   2.9450600e+06   6.8176270e+01
   2.9450730e+06   6.7810059e+01
   2.9450900e+06   7.8063965e+01
   2.9451290e+06   4.1442871e+01
   2.9451710e+06   4.1198730e+01
   2.9452620e+06   4.1442871e+01
   2.9453630e+06   4.0771484e+01
   2.9597040e+06   4.1503906e+01
   2.9597170e+06   4.2663574e+01
   2.9597730e+06   4.6325684e+01
   2.9597890e+06   4.8522949e+01
   2.9598040e+06   5.6396484e+01
   2.9598390e+06   9.9121094e+01
   2.9598510e+06   5.1574707e+01
   2.9598690e+06   4.4494629e+01
   2.9598970e+06   4.9560547e+01
   2.9599150e+06   9.6923828e+01
   2.9599250e+06   4.9377441e+01
   2.9599400e+06   4.7180176e+01
   2.9599510e+06   4.4250488e+01
   2.9599860e+06   4.7241211e+01
   2.9600000e+06   4.7607422e+01
   2.9600260e+06   4.7668457e+01
   2.9600380e+06   6.5795898e+01
   2.9600800e+06   4.9560547e+01
   2.9601300e+06   4.2846680e+01
   2.9601540e+06   4.6569824e+01
   2.9602340e+06   4.2785645e+01
   2.9604970e+06   4.3090820e+01
   2.9755210e+06   4.5410156e+01
   2.9755490e+06   4.6875000e+01
   2.9755670e+06   4.5776367e+01
   2.9755950e+06   1.6766357e+02
   2.9756130e+06   4.4799805e+01
   2.9756360e+06   5.3710938e+01
   2.9756530e+06   1.1071777e+02
   2.9756780e+06   5.2734375e+01
   2.9756940e+06   6.3415527e+01
   2.9757290e+06   8.9477539e+01
   2.9757480e+06   5.9997559e+01
   2.9757590e+06   3.9916992e+01
   2.9757720e+06   5.8410645e+01
   2.9758020e+06   8.7646484e+01
   2.9758230e+06   4.9499512e+01
   2.9758520e+06   5.9143066e+01
   2.9758760e+06   5.4443359e+01
   2.9759040e+06   4.0588379e+01
   2.9759250e+06   3.9550781e+01
   2.9759410e+06   5.9020996e+01
   2.9760630e+06   3.9733887e+01
   2.9762000e+06   4.0710449e+01
   2.9762550e+06   4.1076660e+01
   2.9938840e+06   4.1076660e+01
   2.9939070e+06   1.4782715e+02
   2.9939360e+06   1.2432861e+02
   2.9939600e+06   4.8522949e+01
   2.9939780e+06   5.4443359e+01
   2.9939940e+06   1.2982178e+02
   2.9940090e+06   6.4025879e+01
   2.9940580e+06   7.3059082e+01
   2.9940900e+06   4.7363281e+01
   2.9941000e+06   4.6447754e+01
   2.9941290e+06   4.1870117e+01
   2.9941600e+06   4.9438477e+01
   2.9941800e+06   4.6752930e+01
   2.9942190e+06   4.4616699e+01
   2.9942950e+06   3.9245605e+01
   2.9943140e+06   7.9528809e+01
   2.9943990e+06   4.2968750e+01
   2.9944140e+06   4.0588379e+01
   2.9947740e+06   4.8522949e+01
   3.0407790e+06   4.9804688e+01
   3.0408100e+06   1.1230469e+02
   3.0408330e+06   1.7468262e+02
   3.0408660e+06   4.2907715e+01
   3.0408970e+06   4.0649414e+01
   3.0409310e+06   1.1810303e+02
   3.0409440e+06   9.2834473e+01
   3.0409770e+06   4.2419434e+01
   3.0409970e+06   8.1237793e+01
   3.0410250e+06   6.1828613e+01
   3.0410390e+06   4.5043945e+01
   3.0410690e+06   8.8562012e+01
   3.0410900e+06   1.3482666e+02
   3.0411110e+06   4.5104980e+01
   3.0411330e+06   3.9367676e+01
   3.0411500e+06   5.5725098e+01
   3.0411700e+06   4.9804688e+01
   3.0412760e+06   4.4311523e+01
   3.0413390e+06   4.8522949e+01
   3.0613260e+06   4.0405273e+01
   3.0613500e+06   4.0527344e+01
   3.0613890e+06   4.0222168e+01
   3.0613990e+06   1.1822510e+02
   3.0614180e+06   1.5472412e+02
   3.0614510e+06   6.0119629e+01
   3.0614820e+06   5.3405762e+01
   3.0615110e+06   4.0649414e+01
   3.0615300e+06   1.3079834e+02
   3.0615530e+06   4.9499512e+01
   3.0615890e+06   4.2480469e+01
   3.0616090e+06   5.6701660e+01
   3.0616240e+06   5.5541992e+01
   3.0616370e+06   5.1025391e+01
   3.0616890e+06   5.0109863e+01
   3.0616990e+06   5.5053711e+01
   3.0617440e+06   5.0415039e+01
   3.0618190e+06   3.9428711e+01
   3.0623040e+06   4.0954590e+01
   3.0823560e+06   3.9550781e+01
   3.0823810e+06   5.6091309e+01
   3.0823910e+06   1.8029785e+02
   3.0824080e+06   5.9143066e+01
   3.0824640e+06   4.1809082e+01
   3.0824750e+06   1.3787842e+02
   3.0825220e+06   9.4299316e+01
   3.0825470e+06   9.0698242e+01
   3.0825750e+06   3.9733887e+01
   3.0826090e+06   5.3710938e+01
   3.0826270e+06   1.0296631e+02
   3.0826400e+06   4.5288086e+01
   3.0827360e+06   3.9794922e+01
   3.0828140e+06   3.9978027e+01
   3.0830140e+06   3.9428711e+01
   3.0835250e+06   3.9245605e+01
   3.1295640e+06   4.3579102e+01
   3.1295740e+06   4.4189453e+01
   3.1296180e+06   4.4189453e+01
   3.1296490e+06   3.9855957e+01
   3.1296890e+06   3.9794922e+01
   3.1297160e+06   1.1505127e+02
   3.1297290e+06   4.4067383e+01
   3.1297710e+06   4.3701172e+01
   3.1297810e+06   4.5532227e+01
   3.1298030e+06   4.7485352e+01
   3.1298200e+06   5.2551270e+01
   3.1298360e+06   4.7790527e+01
   3.1298540e+06   1.4849854e+02
   3.1298710e+06   7.9895020e+01
   3.1298990e+06   4.1625977e+01
   3.1299450e+06   4.6813965e+01
   3.1299620e+06   3.9123535e+01
   3.1299790e+06   4.6325684e+01
   3.1300700e+06   4.1076660e+01
   3.1734970e+06   4.4189453e+01
   3.1735710e+06   4.1320801e+01
   3.1735890e+06   4.1625977e+01
   3.1737170e+06   5.0842285e+01
   3.1737460e+06   4.8461914e+01
   3.1737770e+06   1.2530518e+02
   3.1738010e+06   5.2001953e+01
   3.1738120e+06   1.6986084e+02
   3.1738420e+06   5.0842285e+01
   3.1738700e+06   5.2429199e+01
   3.1738830e+06   4.4433594e+01
   3.1739310e+06   4.2297363e+01
   3.1740040e+06   3.9062500e+01
   3.1740340e+06   3.9611816e+01
   3.1741310e+06   4.7851563e+01
   3.1761550e+06   3.9367676e+01
   3.2195030e+06   4.1809082e+01
   3.2195530e+06   4.0283203e+01
   3.2196200e+06   4.0588379e+01
   3.2198010e+06   4.2297363e+01
   3.2573500e+06   3.9733887e+01
   3.2596400e+06   3.9001465e+01
   3.2884980e+06   4.0039063e+01
   3.2901610e+06   4.4372559e+01
   3.3129960e+06   3.9855957e+01
   3.3130190e+06   4.4006348e+01
   3.3130330e+06   3.9001465e+01
   3.3396970e+06   4.0405273e+01
   3.3397260e+06   4.1381836e+01
   3.3397490e+06   4.2419434e+01
   3.3465990e+06   3.9672852e+01
   3.3523930e+06   4.5104980e+01
   3.3637300e+06   3.8879395e+01
   3.3637420e+06   3.8940430e+01
   3.3637860e+06   4.6936035e+01
   3.3654510e+06   4.0893555e+01
   3.3654760e+06   4.9255371e+01
   3.3664150e+06   4.0283203e+01
   3.3666760e+06   4.4128418e+01
   3.3673980e+06   4.9316406e+01
   3.3687390e+06   3.9672852e+01
   3.3689290e+06   4.1320801e+01
   3.3697340e+06   4.0649414e+01
   3.3715580e+06   4.9682617e+01
   3.3722040e+06   3.9123535e+01
   3.3732170e+06   4.0710449e+01
   3.3739600e+06   4.2480469e+01
   3.3752260e+06   4.2785645e+01
   3.3752940e+06   4.2053223e+01
   3.3754370e+06   4.0222168e+01
   3.3765030e+06   4.9255371e+01
   3.3765280e+06   3.9001465e+01
   3.3794460e+06   4.4006348e+01
   3.3794950e+06   4.0832520e+01
   3.3795500e+06   3.9428711e+01
   3.3817030e+06   3.9550781e+01
   3.3839710e+06   4.3701172e+01
   3.3851200e+06   4.0710449e+01
   3.3855000e+06   4.1625977e+01
   3.3864120e+06   3.9001465e+01
   3.3902780e+06   3.9428711e+01
   3.3930740e+06   3.9489746e+01
   3.3931990e+06   4.4250488e+01
   3.3936000e+06   4.1992188e+01
   3.3953500e+06   4.0100098e+01
   3.3996580e+06   4.0100098e+01
   3.4005890e+06   3.9978027e+01
   3.4038230e+06   4.2663574e+01
   3.4041840e+06   4.4494629e+01
   3.4046800e+06   4.1992188e+01
   3.4050690e+06   3.9123535e+01
   3.4051870e+06   4.0405273e+01
   3.4058000e+06   3.9855957e+01
   3.4063880e+06   4.0344238e+01
   3.4503380e+06   4.6447754e+01
   3.4504570e+06   4.9865723e+01
   3.4504750e+06   4.1931152e+01
   3.4505280e+06   4.2602539e+01
   3.4522820e+06   4.2114258e+01
   3.4539650e+06   4.6264648e+01
   3.4540250e+06   4.1625977e+01
   3.4541360e+06   4.7973633e+01
   3.4550310e+06   4.2358398e+01
   3.4550570e+06   4.1015625e+01
   3.4564470e+06   4.5593262e+01
   3.4567710e+06   3.9978027e+01
   3.4581630e+06   4.2419434e+01
   3.4584710e+06   4.0161133e+01
   3.4594680e+06   4.0893555e+01
   3.4599200e+06   4.6508789e+01
   3.4599550e+06   4.5104980e+01
   3.4934980e+06   3.8940430e+01
   3.4936140e+06   3.8879395e+01
   3.4949850e+06   4.2236328e+01
   3.4952290e+06   5.9997559e+01
   3.4955160e+06   4.4921875e+01
   3.4956590e+06   4.3029785e+01
   3.4982180e+06   3.9428711e+01
   3.5000090e+06   4.3151855e+01
   3.5019100e+06   4.1931152e+01
   3.5029850e+06   4.0283203e+01
   3.5030660e+06   3.9794922e+01
   3.5033860e+06   4.1503906e+01
   3.5035710e+06   4.1564941e+01
   3.5484880e+06   4.1870117e+01
   3.5486820e+06   3.9794922e+01
   3.5487950e+06   3.9184570e+01
   3.5507200e+06   4.2602539e+01
   3.5539880e+06   4.1992188e+01
   3.5548520e+06   4.1503906e+01
   3.5559090e+06   3.9428711e+01
   3.5559820e+06   4.3334961e+01
   3.5560360e+06   4.0100098e+01
   3.5563670e+06   4.2663574e+01
   3.5565770e+06   3.9611816e+01
   3.5913000e+06   3.9916992e+01
   3.5917300e+06   4.1564941e+01
   3.5918680e+06   4.0527344e+01
   3.5920840e+06   3.9550781e+01
   3.5935040e+06   4.2968750e+01
   3.5935150e+06   3.9001465e+01
   3.5942120e+06   3.9611816e+01
   3.5947520e+06   3.9428711e+01
   3.5948970e+06   4.0771484e+01
   3.5979680e+06   4.0283203e+01
   3.5979880e+06   5.6396484e+01
   3.6003320e+06   4.6508789e+01
   3.6003920e+06   4.1503906e+01
   3.6009670e+06   4.7668457e+01
   3.6014120e+06   4.0832520e+01
   3.6014310e+06   4.0405273e+01
   3.6017030e+06   4.2541504e+01
   3.6019570e+06   4.4677734e+01
   3.6280690e+06   4.3884277e+01
   3.6281610e+06   4.3762207e+01
   3.6293630e+06   3.9733887e+01
   3.6311030e+06   3.9428711e+01
   3.6314360e+06   4.5898438e+01
   3.6333160e+06   3.9550781e+01
   3.6346900e+06   5.1940918e+01
   3.6717280e+06   4.0466309e+01
   3.6718280e+06   2.0208740e+02
   3.6718630e+06   4.1381836e+01
   3.6719020e+06   1.2298584e+02
   3.6719120e+06   3.9733887e+01
   3.6719270e+06   4.8278809e+01
   3.6719650e+06   5.5053711e+01
   3.6719860e+06   9.6679688e+01
   3.6720010e+06   4.5654297e+01
   3.6720260e+06   4.6752930e+01
   3.6720470e+06   4.1015625e+01
   3.6720620e+06   6.3110352e+01
   3.6720810e+06   4.4250488e+01
   3.6721000e+06   8.8317871e+01
   3.6721210e+06   5.3405762e+01
   3.6723700e+06   4.2114258e+01
   3.7090110e+06   4.3212891e+01
   3.7132210e+06   4.0893555e+01
   3.7136570e+06   4.0222168e+01
   3.7147390e+06   4.6630859e+01
   3.7156040e+06   4.6203613e+01
   3.7459810e+06   4.4006348e+01
   3.7730440e+06   4.3579102e+01
   3.7737470e+06   4.0039063e+01
   3.7843910e+06   4.4494629e+01
   3.7844620e+06   1.8652344e+02
   3.7844940e+06   3.9428711e+01
   3.7845340e+06   1.5588379e+02
   3.7845470e+06   6.0241699e+01
   3.7845570e+06   4.8034668e+01
   3.7846030e+06   1.3830566e+02
   3.7846210e+06   5.8593750e+01
   3.7846310e+06   6.5124512e+01
   3.7846610e+06   7.4462891e+01
   3.7846900e+06   5.9326172e+01
   3.7847080e+06   5.8044434e+01
   3.7847340e+06   4.5043945e+01
   3.7847510e+06   4.1259766e+01
   3.7847710e+06   5.9570313e+01
   3.7847870e+06   5.1635742e+01
   3.7848080e+06   4.6752930e+01
   3.7848260e+06   4.0283203e+01
   3.7848760e+06   3.9123535e+01
   3.7849020e+06   5.0781250e+01
   3.7849270e+06   3.9916992e+01
   3.7851440e+06   3.9428711e+01
   3.7851900e+06   4.0588379e+01
   3.7854030e+06   4.5471191e+01
   3.7861120e+06   4.1687012e+01
   3.8037590e+06   4.2358398e+01
   3.8044200e+06   3.9550781e+01
   3.8045560e+06   4.7729492e+01
   3.8079400e+06   4.0039063e+01
   3.8080140e+06   4.2114258e+01
   3.8080410e+06   4.1137695e+01
   3.8080660e+06   4.0100098e+01
   3.8081300e+06   3.9184570e+01
   3.8081560e+06   1.7047119e+02
   3.8081700e+06   4.3762207e+01
   3.8081850e+06   4.1442871e+01
   3.8082130e+06   4.7546387e+01
   3.8082310e+06   1.2487793e+02
   3.8082560e+06   4.4494629e+01
   3.8082870e+06   4.6508789e+01
   3.8083240e+06   9.3627930e+01
   3.8083450e+06   4.2968750e+01
   3.8083600e+06   4.2907715e+01
   3.8084290e+06   4.4433594e+01
   3.8084670e+06   4.4372559e+01
   3.8085020e+06   4.6081543e+01
   3.8085400e+06   1.0308838e+02
   3.8085500e+06   4.0649414e+01
   3.8085810e+06   4.1931152e+01
   3.8087010e+06   4.1809082e+01
   3.8087170e+06   4.6020508e+01
   3.8087660e+06   4.2602539e+01
   3.8087960e+06   4.8889160e+01
   3.8088150e+06   5.7739258e+01
   3.8088340e+06   1.2182617e+02
   3.8089180e+06   3.8879395e+01
   3.8089280e+06   3.9489746e+01
   3.8089630e+06   4.3640137e+01
   3.8089870e+06   4.4433594e+01
   3.8090700e+06   4.9499512e+01
   3.8093940e+06   3.9489746e+01
   3.8682430e+06   4.0100098e+01
   3.8685110e+06   4.3395996e+01
   3.8687300e+06   3.9733887e+01
   3.8689740e+06   4.0161133e+01
   3.8692290e+06   4.2846680e+01
   3.8692940e+06   4.9255371e+01
   3.8693120e+06   1.4862061e+02
   3.8693310e+06   5.4138184e+01
   3.8693620e+06   4.2785645e+01
   3.8693830e+06   3.9062500e+01
   3.8694100e+06   4.0161133e+01
   3.8694630e+06   4.1137695e+01
   3.8695270e+06   4.0832520e+01
   3.8695960e+06   4.5715332e+01
   3.9074210e+06   5.3588867e+01
   3.9074710e+06   4.4799805e+01
   3.9075220e+06   4.0039063e+01
   3.9075760e+06   3.9916992e+01
   3.9075970e+06   4.3823242e+01
   3.9423120e+06   4.0039063e+01
   3.9626530e+06   4.4555664e+01
   3.9636180e+06   5.3039551e+01
   3.9653210e+06   4.2907715e+01
   3.9653350e+06   4.7668457e+01
   3.9653700e+06   1.2036133e+02
   3.9653860e+06   9.5214844e+01
   3.9654060e+06   4.1076660e+01
   3.9654210e+06   5.7678223e+01
   3.9654430e+06   7.0556641e+01
   3.9654620e+06   8.6425781e+01
   3.9654770e+06   5.0476074e+01
   3.9654880e+06   7.1350098e+01
   3.9655440e+06   5.9936523e+01
   3.9655680e+06   5.2307129e+01
   3.9656030e+06   5.7861328e+01
   3.9656400e+06   6.5307617e+01
   3.9656730e+06   4.3457031e+01
   3.9657210e+06   5.4016113e+01
   3.9657540e+06   4.5043945e+01
   3.9657810e+06   5.1025391e+01
   3.9658420e+06   4.0344238e+01
   3.9659090e+06   6.8054199e+01
   3.9659410e+06   4.3029785e+01
   3.9659790e+06   4.0222168e+01
   3.9660250e+06   5.2368164e+01
   3.9662880e+06   4.0161133e+01
   3.9663190e+06   3.8940430e+01
   3.9663720e+06   4.1992188e+01
   3.9664860e+06   4.3884277e+01
   3.9665080e+06   4.0649414e+01
   3.9665700e+06   4.0161133e+01
   3.9666050e+06   3.9306641e+01
   3.9667470e+06   4.4799805e+01
   3.9667980e+06   3.9123535e+01
   3.9668940e+06   3.9550781e+01
   3.9866610e+06   4.3151855e+01
   3.9866860e+06   3.9733887e+01
   3.9866970e+06   1.7590332e+02
   3.9867400e+06   4.5166016e+01
   3.9867660e+06   1.6772461e+02
   3.9867860e+06   4.1015625e+01
   3.9868020e+06   6.8786621e+01
   3.9868220e+06   4.7119141e+01
   3.9868430e+06   8.6303711e+01
   3.9868620e+06   5.9020996e+01
   3.9868750e+06   4.4128418e+01
   3.9868880e+06   5.1269531e+01
   3.9869040e+06   6.3903809e+01
   3.9869250e+06   6.0546875e+01
   3.9869570e+06   7.2509766e+01
   3.9869910e+06   7.7941895e+01
   3.9870100e+06   4.7180176e+01
   3.9870440e+06   5.0415039e+01
   3.9870610e+06   6.7199707e+01
   3.9870800e+06   4.9438477e+01
   3.9871070e+06   4.7546387e+01
   3.9871620e+06   3.8940430e+01
   3.9871990e+06   4.0832520e+01
   3.9872340e+06   4.0039063e+01
   3.9872810e+06   3.9001465e+01
   3.9873530e+06   4.2053223e+01
   3.9873890e+06   3.9611816e+01
   3.9876880e+06   4.0344238e+01
   3.9882060e+06   3.9184570e+01
   4.0063850e+06   5.0170898e+01
   4.0063960e+06   4.9072266e+01
   4.0064200e+06   4.0588379e+01
   4.0064570e+06   4.3640137e+01
   4.0064860e+06   1.4105225e+02
   4.0065000e+06   1.2359619e+02
   4.0065300e+06   8.2458496e+01
   4.0065510e+06   5.7373047e+01
   4.0065730e+06   7.5622559e+01
   4.0065830e+06   6.5612793e+01
   4.0066020e+06   5.5541992e+01
   4.0066120e+06   4.3029785e+01
   4.0066310e+06   6.5368652e+01
   4.0066620e+06   7.6782227e+01
   4.0066790e+06   4.2541504e+01
   4.0067000e+06   5.8532715e+01
   4.0067240e+06   5.3527832e+01
   4.0067420e+06   4.9011230e+01
   4.0067700e+06   4.0832520e+01
   4.0067890e+06   4.7729492e+01
   4.0068880e+06   5.2246094e+01
   4.0069130e+06   4.0222168e+01
   4.0069270e+06   4.1137695e+01
   4.0069570e+06   5.1940918e+01
   4.0069690e+06   3.9672852e+01
   4.0070420e+06   4.2236328e+01
   4.0070630e+06   4.5349121e+01
   4.0071360e+06   4.2724609e+01
   4.0269560e+06   5.2734375e+01
   4.0269740e+06   1.5759277e+02
   4.0269930e+06   5.0903320e+01
   4.0270160e+06   1.1584473e+02
   4.0270300e+06   4.8095703e+01
   4.0270480e+06   4.2907715e+01
   4.0270600e+06   1.0198975e+02
   4.0270820e+06   9.4604492e+01
   4.0271060e+06   8.6486816e+01
   4.0271300e+06   6.6406250e+01
   4.0271510e+06   4.9865723e+01
   4.0271660e+06   7.1716309e+01
   4.0271860e+06   5.1269531e+01
   4.0272210e+06   5.3405762e+01
   4.0272320e+06   4.1320801e+01
   4.0272470e+06   5.4870605e+01
   4.0272690e+06   5.3161621e+01
   4.0273380e+06   4.3273926e+01
   4.0273660e+06   3.9123535e+01
   4.0273840e+06   4.0710449e+01
   4.0275080e+06   4.0527344e+01
   4.0277450e+06   4.3945313e+01
   4.0278700e+06   4.5471191e+01
   4.0280840e+06   4.1137695e+01
   4.0477930e+06   4.3945313e+01
   4.0478260e+06   1.6436768e+02
   4.0478620e+06   6.3537598e+01
   4.0478840e+06   1.2164307e+02
   4.0479050e+06   1.1926270e+02
   4.0479300e+06   5.8227539e+01
   4.0479430e+06   6.1950684e+01
   4.0479700e+06   9.9060059e+01
   4.0479800e+06   8.8562012e+01
   4.0480020e+06   5.2917480e+01
   4.0480260e+06   4.9133301e+01
   4.0480500e+06   5.5541992e+01
   4.0480690e+06   5.1391602e+01
   4.0480900e+06   4.7790527e+01
   4.0481230e+06   6.6467285e+01
   4.0481330e+06   4.4982910e+01
   4.0481510e+06   5.3588867e+01
   4.0481820e+06   4.8156738e+01
   4.0481930e+06   4.0893555e+01
   4.0482120e+06   5.4321289e+01
   4.0482240e+06   4.1564941e+01
   4.0483790e+06   4.0771484e+01
   4.0484590e+06   3.8940430e+01
   4.0485250e+06   3.9123535e+01
   4.0488440e+06   3.9794922e+01
   4.0682050e+06   4.4006348e+01
   4.0682420e+06   4.0527344e+01
   4.0682680e+06   4.0466309e+01
   4.0683130e+06   1.5649414e+02
   4.0683320e+06   1.2335205e+02
   4.0683470e+06   5.1086426e+01
   4.0683790e+06   5.2429199e+01
   4.0683960e+06   8.8256836e+01
   4.0684190e+06   5.7617188e+01
   4.0684400e+06   4.3457031e+01
   4.0684680e+06   8.0383301e+01
   4.0684930e+06   5.1086426e+01
   4.0685240e+06   7.7941895e+01
   4.0685340e+06   4.0527344e+01
   4.0685530e+06   4.5898438e+01
   4.0685870e+06   4.1076660e+01
   4.0686210e+06   6.3293457e+01
   4.0686670e+06   4.1259766e+01
   4.0687350e+06   4.2785645e+01
   4.0687590e+06   4.5104980e+01
   4.0688120e+06   3.9306641e+01
   4.0688870e+06   4.1931152e+01
   4.0691920e+06   4.6997070e+01
   4.0887740e+06   4.3457031e+01
   4.0888190e+06   3.8879395e+01
   4.0888570e+06   1.5368652e+02
   4.0888720e+06   4.6142578e+01
   4.0889030e+06   4.2724609e+01
   4.0889210e+06   1.1138916e+02
   4.0889370e+06   4.1076660e+01
   4.0889600e+06   8.9965820e+01
   4.0889870e+06   8.4350586e+01
   4.0890020e+06   4.8522949e+01
   4.0890300e+06   5.0659180e+01
   4.0890460e+06   4.1809082e+01
   4.0890560e+06   1.1486816e+02
   4.0890900e+06   5.4199219e+01
   4.0891070e+06   3.9978027e+01
   4.0891240e+06   5.7800293e+01
   4.0891780e+06   4.2785645e+01
   4.0892310e+06   4.1992188e+01
   4.0892730e+06   4.1748047e+01
   4.0893930e+06   5.1818848e+01
   4.0894780e+06   4.2114258e+01
   4.0896680e+06   4.0466309e+01
   4.0897810e+06   5.1330566e+01
   4.0903420e+06   3.9306641e+01
   4.1077550e+06   4.5837402e+01
   4.1077820e+06   1.2811279e+02
   4.1078010e+06   1.5209961e+02
   4.1078170e+06   6.3293457e+01
   4.1078370e+06   6.1584473e+01
   4.1078640e+06   1.4691162e+02
   4.1078880e+06   6.6040039e+01
   4.1079130e+06   7.4645996e+01
   4.1079520e+06   9.5703125e+01
   4.1079660e+06   4.6936035e+01
   4.1079960e+06   8.6547852e+01
   4.1080160e+06   3.9611816e+01
   4.1080340e+06   5.6518555e+01
   4.1080510e+06   5.1940918e+01
   4.1080760e+06   4.8400879e+01
   4.1081200e+06   4.0771484e+01
   4.1081720e+06   4.2907715e+01
   4.1081820e+06   4.1870117e+01
   4.1082050e+06   4.2358398e+01
   4.1082450e+06   4.5654297e+01
   4.1082610e+06   4.1870117e+01
   4.1083800e+06   4.1809082e+01
   4.1085870e+06   4.2419434e+01
   4.1088090e+06   3.9184570e+01
   4.1088970e+06   4.5959473e+01
   4.1090320e+06   3.9245605e+01
   4.1244530e+06   4.2785645e+01
   4.1244630e+06   6.1035156e+01
   4.1244850e+06   1.4990234e+02
   4.1245010e+06   1.8841553e+02
   4.1245270e+06   4.2114258e+01
   4.1245570e+06   9.2346191e+01
   4.1245690e+06   4.0832520e+01
   4.1245950e+06   9.3444824e+01
   4.1246160e+06   4.3762207e+01
   4.1246370e+06   8.6547852e+01
   4.1246520e+06   6.6711426e+01
   4.1246770e+06   4.9987793e+01
   4.1246880e+06   6.3781738e+01
   4.1247050e+06   5.3466797e+01
   4.1247340e+06   4.2480469e+01
   4.1247690e+06   4.1564941e+01
   4.1247800e+06   5.2062988e+01
   4.1248210e+06   3.9001465e+01
   4.1248480e+06   4.0588379e+01
   4.1248810e+06   4.3334961e+01
   4.1250090e+06   4.5715332e+01
   4.1252450e+06   3.9245605e+01
   4.1258670e+06   4.1015625e+01
   4.1262550e+06   3.9184570e+01
   4.1411820e+06   4.6630859e+01
   4.1412190e+06   1.9421387e+02
   4.1412340e+06   4.3945313e+01
   4.1412780e+06   1.2603760e+02
   4.1413020e+06   1.1334229e+02
   4.1413330e+06   6.0729980e+01
   4.1413530e+06   5.3222656e+01
   4.1413720e+06   4.4067383e+01
   4.1413930e+06   6.7687988e+01
   4.1414210e+06   8.4777832e+01
   4.1414370e+06   4.4311523e+01
   4.1414620e+06   6.1584473e+01
   4.1415000e+06   4.7668457e+01
   4.1415100e+06   4.9072266e+01
   4.1415540e+06   6.4453125e+01
   4.1415940e+06   4.4067383e+01
   4.1417850e+06   4.2907715e+01
   4.1418480e+06   3.9978027e+01
   4.1419430e+06   4.8156738e+01
   4.1580520e+06   4.6813965e+01
   4.1580700e+06   4.3090820e+01
   4.1580880e+06   1.7547607e+02
   4.1581090e+06   4.9682617e+01
   4.1581400e+06   5.4199219e+01
   4.1581560e+06   1.1688232e+02
   4.1581820e+06   7.4462891e+01
   4.1582090e+06   5.2246094e+01
   4.1582260e+06   5.4321289e+01
   4.1582410e+06   6.8176270e+01
   4.1582710e+06   6.5185547e+01
   4.1583090e+06   6.0913086e+01
   4.1583410e+06   9.6984863e+01
   4.1583680e+06   5.3039551e+01
   4.1583790e+06   4.2053223e+01
   4.1583930e+06   4.0588379e+01
   4.1584620e+06   5.4016113e+01
   4.1585290e+06   4.0283203e+01
   4.1585560e+06   4.1625977e+01
   4.1585880e+06   6.4025879e+01
   4.1586900e+06   3.9428711e+01
   4.1589050e+06   4.4006348e+01
   4.1591060e+06   3.9123535e+01
   4.1752600e+06   3.9001465e+01
   4.1752840e+06   5.0598145e+01
   4.1753050e+06   1.6326904e+02
   4.1753180e+06   1.0833740e+02
   4.1753410e+06   6.6162109e+01
   4.1753640e+06   1.1987305e+02
   4.1753820e+06   6.8237305e+01
   4.1753990e+06   8.8867188e+01
   4.1754280e+06   6.5002441e+01
   4.1754450e+06   5.9936523e+01
   4.1754800e+06   6.7199707e+01
   4.1754980e+06   4.0588379e+01
   4.1755170e+06   8.4289551e+01
   4.1755320e+06   4.1809082e+01
   4.1756040e+06   4.4799805e+01
   4.1756270e+06   5.4504395e+01
   4.1756380e+06   4.1442871e+01
   4.1757140e+06   5.3039551e+01
   4.1758170e+06   4.3395996e+01
   4.1759130e+06   4.1015625e+01
   4.1760530e+06   4.3151855e+01
   4.1761950e+06   4.1503906e+01
   4.1766190e+06   4.3334961e+01
   4.1989750e+06   4.1992188e+01
   4.1989990e+06   4.0466309e+01
   4.1990340e+06   1.0650635e+02
   4.1990450e+06   1.3671875e+02
   4.1990650e+06   8.8439941e+01
   4.1991090e+06   1.2872314e+02
   4.1991300e+06   8.9111328e+01
   4.1991510e+06   3.9428711e+01
   4.1991790e+06   5.7678223e+01
   4.1991950e+06   4.7546387e+01
   4.1992270e+06   6.6589355e+01
   4.1992390e+06   4.4738770e+01
   4.1992640e+06   5.3527832e+01
   4.1992750e+06   3.9306641e+01
   4.1993160e+06   4.3762207e+01
   4.1993350e+06   4.3212891e+01
   4.1993670e+06   4.6691895e+01
   4.1993830e+06   4.0039063e+01
   4.1994330e+06   6.8603516e+01
   4.1994740e+06   3.8940430e+01
   4.1995500e+06   4.2846680e+01
   4.1996990e+06   4.6447754e+01
   4.1997340e+06   3.9550781e+01
   4.2010040e+06   3.8879395e+01
   4.2016490e+06   3.9611816e+01
   4.2447410e+06   4.2907715e+01
   4.2447610e+06   1.6345215e+02
   4.2447720e+06   1.3220215e+02
   4.2447940e+06   4.6508789e+01
   4.2448190e+06   5.0781250e+01
   4.2448430e+06   1.5844727e+02
   4.2448560e+06   9.3261719e+01
   4.2448870e+06   5.1757813e+01
   4.2448990e+06   6.1462402e+01
   4.2449130e+06   4.7302246e+01
   4.2449260e+06   5.0048828e+01
   4.2449390e+06   6.6711426e+01
   4.2449750e+06   9.6862793e+01
   4.2450090e+06   5.1513672e+01
   4.2450520e+06   7.1899414e+01
   4.2450900e+06   4.5654297e+01
   4.2454100e+06   4.7729492e+01
   4.2454470e+06   4.1198730e+01
   4.2455670e+06   4.2175293e+01
   4.2460660e+06   4.1931152e+01
   4.2463420e+06   3.9367676e+01
   4.2836730e+06   3.9062500e+01
   4.2837170e+06   4.5532227e+01
   4.2837660e+06   1.6894531e+02
   4.2837950e+06   6.0607910e+01
   4.2838090e+06   5.2978516e+01
   4.2838200e+06   3.9550781e+01
   4.2838490e+06   1.2066650e+02
   4.2838720e+06   6.9152832e+01
   4.2838840e+06   3.9550781e+01
   4.2839190e+06   8.0993652e+01
   4.2839440e+06   4.0344238e+01
   4.2839770e+06   6.6833496e+01
   4.2840060e+06   5.0048828e+01
   4.2840300e+06   8.7646484e+01
   4.2840400e+06   4.3090820e+01
   4.2840650e+06   3.8879395e+01
   4.2844150e+06   4.3029785e+01
   4.2846180e+06   4.1320801e+01
   4.2854010e+06   4.1442871e+01
   4.3184400e+06   3.8940430e+01
   4.3190170e+06   4.3518066e+01
   4.3190570e+06   4.3029785e+01
   4.3190910e+06   5.4016113e+01
   4.3191300e+06   1.2072754e+02
   4.3191450e+06   1.4733887e+02
   4.3191650e+06   4.9133301e+01
   4.3191960e+06   4.5410156e+01
   4.3192290e+06   1.3964844e+02
   4.3192450e+06   4.3334961e+01
   4.3192740e+06   8.6669922e+01
   4.3193000e+06   6.5979004e+01
   4.3193310e+06   4.3762207e+01
   4.3193540e+06   4.7851563e+01
   4.3193740e+06   1.4678955e+02
   4.3194110e+06   3.8940430e+01
   4.3194580e+06   4.2785645e+01
   4.3194710e+06   3.9855957e+01
   4.3195520e+06   4.3823242e+01
   4.3195880e+06   3.9855957e+01
   4.3196040e+06   4.2907715e+01
   4.3199410e+06   4.1259766e+01
   4.3201620e+06   3.9001465e+01
   4.3566900e+06   4.0649414e+01
   4.3567350e+06   5.2917480e+01
   4.3568470e+06   1.2487793e+02
   4.3568620e+06   4.1076660e+01
   4.3568990e+06   4.8278809e+01
   4.3569340e+06   5.4931641e+01
   4.3569610e+06   4.5288086e+01
   4.3570030e+06   7.7209473e+01
   4.3570270e+06   4.7546387e+01
   4.3570570e+06   1.1480713e+02
   4.3571700e+06   5.2246094e+01
   4.3571810e+06   4.3701172e+01
   4.3916430e+06   3.9123535e+01
   4.3916790e+06   4.7424316e+01
   4.3916890e+06   4.5166016e+01
   4.3917520e+06   4.2785645e+01
   4.3918070e+06   3.9489746e+01
   4.3918380e+06   4.0283203e+01
   4.3918630e+06   4.0405273e+01
   4.3918810e+06   3.9672852e+01
   4.3919400e+06   3.8940430e+01
   4.3920030e+06   4.1931152e+01
   4.3922340e+06   3.9550781e+01
   4.3922720e+06   5.1208496e+01
   4.4144450e+06   3.9428711e+01
   4.4176270e+06   3.9672852e+01
   4.4177270e+06   4.3273926e+01
   4.4421310e+06   3.9672852e+01
   4.4422970e+06   4.0283203e+01
   4.4425250e+06   4.2236328e+01
   4.4925790e+06   4.0405273e+01
   4.4927380e+06   4.1442871e+01
   4.5178370e+06   5.9448242e+01
   4.5389920e+06   4.1442871e+01
   4.5415170e+06   3.9489746e+01
   4.5644540e+06   4.1625977e+01
   4.5647200e+06   3.9367676e+01
   4.5648850e+06   3.9978027e+01
   4.5899760e+06   3.9428711e+01
   4.5901150e+06   3.9428711e+01
   4.5901290e+06   3.9367676e+01
   4.6182560e+06   5.3405762e+01
   4.6182740e+06   4.1748047e+01
   4.6184100e+06   4.2419434e+01
   4.6241380e+06   4.2053223e+01
   4.6253560e+06   4.1870117e+01
   4.6577640e+06   4.1442871e+01
   4.6579280e+06   3.9489746e+01
   4.6855810e+06   4.1687012e+01
   4.6855930e+06   5.4260254e+01
   4.6868400e+06   3.9855957e+01
   4.7142260e+06   4.4311523e+01
   4.7142920e+06   4.5654297e+01
   4.7143290e+06   1.5783691e+02
   4.7143710e+06   6.6589355e+01
   4.7144060e+06   5.1391602e+01
   4.7144180e+06   1.2500000e+02
   4.7144450e+06   4.4616699e+01
   4.7144720e+06   8.5388184e+01
   4.7144820e+06   1.2854004e+02
   4.7145020e+06   4.0466309e+01
   4.7145200e+06   1.0229492e+02
   4.7145560e+06   5.0964355e+01
   4.7145770e+06   5.0781250e+01
   4.7146090e+06   4.4067383e+01
   4.7146300e+06   6.0607910e+01
   4.7146820e+06   4.0710449e+01
   4.7147510e+06   3.9978027e+01
   4.7148500e+06   4.2236328e+01
   4.7149980e+06   4.9743652e+01
   4.7154250e+06   4.8278809e+01
   4.7512030e+06   4.4860840e+01
   4.7518580e+06   4.0527344e+01
   4.7519040e+06   4.1748047e+01
   4.7824840e+06   4.6386719e+01
   4.7829080e+06   4.1259766e+01
   4.8300620e+06   3.9550781e+01
   4.8403320e+06   4.0527344e+01
   4.8727580e+06   4.4616699e+01
   4.8730670e+06   3.9489746e+01
   4.8979960e+06   4.1870117e+01
   4.9313110e+06   4.2419434e+01
   4.9595940e+06   4.2541504e+01
   4.9609260e+06   3.9245605e+01
   4.9642030e+06   3.9062500e+01
   5.0071860e+06   3.9855957e+01
   5.0079750e+06   1.2121582e+02
   5.0081640e+06   4.3945313e+01
   5.0082920e+06   3.9611816e+01
   5.0178210e+06   3.9123535e+01
   5.0363470e+06   3.9123535e+01
   5.0367330e+06   4.0649414e+01
   5.0651380e+06   4.2724609e+01
   5.0652900e+06   4.2968750e+01
   5.0654360e+06   1.2878418e+02
   5.0654880e+06   5.2124023e+01
   5.0655010e+06   4.2053223e+01
   5.0655300e+06   1.6949463e+02
   5.0655540e+06   1.2030029e+02
   5.0655900e+06   3.9489746e+01
   5.0656340e+06   1.2786865e+02
   5.0656550e+06   4.3151855e+01
   5.0656870e+06   4.3029785e+01
   5.0656980e+06   3.9794922e+01
   5.0657420e+06   4.2114258e+01
   5.0751760e+06   1.5863037e+02
   5.0751890e+06   4.5288086e+01
   5.0752020e+06   4.0283203e+01
   5.0752350e+06   4.1076660e+01
   5.0752500e+06   1.1132813e+02
   5.0752890e+06   4.4860840e+01
   5.0753110e+06   6.6528320e+01
   5.0753310e+06   1.4154053e+02
   5.0753410e+06   5.6274414e+01
   5.0753670e+06   7.2998047e+01
   5.0753860e+06   7.8857422e+01
   5.0754220e+06   1.0223389e+02
   5.0754500e+06   5.4931641e+01
   5.0754660e+06   8.0322266e+01
   5.0754920e+06   5.9509277e+01
   5.0755070e+06   4.1015625e+01
   5.0755280e+06   5.3771973e+01
   5.0755440e+06   4.9438477e+01
   5.0755810e+06   9.3811035e+01
   5.0756190e+06   4.2968750e+01
   5.0756370e+06   5.1330566e+01
   5.0757350e+06   4.1320801e+01
   5.0758190e+06   4.0710449e+01
   5.0758970e+06   4.0405273e+01
   5.0762230e+06   3.8879395e+01
   5.0922520e+06   4.3151855e+01
   5.0923330e+06   3.9611816e+01
   5.0923440e+06   4.7241211e+01
   5.0923680e+06   5.5664063e+01
   5.0923910e+06   6.2133789e+01
   5.0924020e+06   5.2795410e+01
   5.0924150e+06   4.5959473e+01
   5.0924470e+06   6.2561035e+01
   5.0924590e+06   1.4410400e+02
   5.0924880e+06   5.1391602e+01
   5.0925200e+06   6.7810059e+01
   5.0925460e+06   4.1137695e+01
   5.0925800e+06   4.9926758e+01
   5.0925930e+06   5.9875488e+01
   5.0926110e+06   4.0344238e+01
   5.0926300e+06   4.4677734e+01
   5.0926410e+06   4.5532227e+01
   5.0926650e+06   6.2744141e+01
   5.0926960e+06   4.3395996e+01
   5.0927080e+06   4.3518066e+01
   5.0927830e+06   4.4738770e+01
   5.0927960e+06   4.5349121e+01
   5.0928640e+06   4.2602539e+01
   5.0928790e+06   4.3640137e+01
   5.0929180e+06   4.6142578e+01
   5.0929580e+06   4.4738770e+01
   5.0930340e+06   4.0283203e+01
   5.0931290e+06   6.0668945e+01
   5.0932090e+06   4.3518066e+01
   5.0932660e+06   5.4382324e+01
   5.0933060e+06   5.0720215e+01
   5.0933610e+06   4.6997070e+01
   5.0934390e+06   3.8940430e+01
   5.0935350e+06   5.0415039e+01
   5.0935590e+06   3.8940430e+01
   5.0936110e+06   4.1503906e+01
   5.0936800e+06   4.2480469e+01
   5.0937720e+06   4.3151855e+01
   5.0938830e+06   4.6203613e+01
   5.1121210e+06   4.1687012e+01
   5.1121610e+06   1.1938477e+02
   5.1121830e+06   1.4801025e+02
   5.1122030e+06   4.9621582e+01
   5.1122210e+06   5.3527832e+01
   5.1122370e+06   4.1442871e+01
   5.1122540e+06   1.3214111e+02
   5.1122680e+06   9.1064453e+01
   5.1123020e+06   6.3049316e+01
   5.1123220e+06   8.6181641e+01
   5.1123470e+06   4.4067383e+01
   5.1123600e+06   6.9152832e+01
   5.1123930e+06   6.6040039e+01
   5.1124110e+06   4.9072266e+01
   5.1124310e+06   3.9184570e+01
   5.1124550e+06   4.2419434e+01
   5.1124800e+06   6.2377930e+01
   5.1124920e+06   3.9489746e+01
   5.1125110e+06   4.4067383e+01
   5.1125300e+06   5.3466797e+01
   5.1125450e+06   4.7119141e+01
   5.1125630e+06   4.4067383e+01
   5.1125980e+06   3.9489746e+01
   5.1126190e+06   5.2551270e+01
   5.1126650e+06   4.5715332e+01
   5.1127120e+06   4.0710449e+01
   5.1127430e+06   4.0466309e+01
   5.1127570e+06   3.9001465e+01
   5.1128410e+06   3.9733887e+01
   5.1133090e+06   4.1076660e+01
   5.1138220e+06   4.3945313e+01
   5.1300400e+06   3.9916992e+01
   5.1300710e+06   4.0588379e+01
   5.1301050e+06   6.0058594e+01
   5.1301350e+06   1.1102295e+02
   5.1301480e+06   1.5344238e+02
   5.1301590e+06   3.9978027e+01
   5.1301930e+06   3.9001465e+01
   5.1302120e+06   1.4526367e+02
   5.1302360e+06   5.9875488e+01
   5.1302460e+06   5.3039551e+01
   5.1302740e+06   6.8359375e+01
   5.1302950e+06   6.8847656e+01
   5.1303190e+06   5.5725098e+01
   5.1303290e+06   4.8217773e+01
   5.1303390e+06   5.5786133e+01
   5.1303700e+06   6.3598633e+01
   5.1303870e+06   5.3894043e+01
   5.1304100e+06   4.5166016e+01
   5.1304280e+06   4.2846680e+01
   5.1304520e+06   4.2297363e+01
   5.1304670e+06   4.1320801e+01
   5.1304860e+06   4.6203613e+01
   5.1305000e+06   4.9682617e+01
   5.1305180e+06   4.0100098e+01
   5.1305700e+06   4.4738770e+01
   5.1305800e+06   4.1320801e+01
   5.1306380e+06   4.1015625e+01
   5.1306740e+06   4.9743652e+01
   5.1307920e+06   4.9316406e+01
   5.1312020e+06   3.9428711e+01
   5.1312270e+06   4.1076660e+01
   5.1546470e+06   4.6936035e+01
   5.1546570e+06   4.7363281e+01
   5.1546950e+06   1.5716553e+02
   5.1547180e+06   5.6701660e+01
   5.1547310e+06   1.1480713e+02
   5.1547510e+06   8.7951660e+01
   5.1547690e+06   6.0119629e+01
   5.1547970e+06   6.3232422e+01
   5.1548110e+06   1.0791016e+02
   5.1548600e+06   4.5715332e+01
   5.1548700e+06   5.2307129e+01
   5.1548900e+06   6.9519043e+01
   5.1549170e+06   5.1086426e+01
   5.1549280e+06   4.2480469e+01
   5.1549490e+06   5.1269531e+01
   5.1549860e+06   4.5349121e+01
   5.1549960e+06   4.0161133e+01
   5.1550260e+06   5.4992676e+01
   5.1551160e+06   4.3884277e+01
   5.1551830e+06   4.4738770e+01
   5.1552640e+06   3.9855957e+01
   5.1553000e+06   4.3945312e+01
   5.1553560e+06   4.5043945e+01
   5.1553790e+06   4.1076660e+01
   5.1555540e+06   4.2663574e+01
   5.1556810e+06   4.3334961e+01
   5.1559330e+06   5.4016113e+01
   5.1561710e+06   3.9062500e+01
   5.1824030e+06   1.7626953e+02
   5.1824170e+06   1.2670898e+02
   5.1824540e+06   1.0742188e+02
   5.1824640e+06   4.8889160e+01
   5.1825000e+06   6.2316895e+01
   5.1825130e+06   5.6091309e+01
   5.1825320e+06   8.1665039e+01
   5.1825510e+06   5.5603027e+01
   5.1825780e+06   4.3334961e+01
   5.1825880e+06   8.0810547e+01
   5.1826140e+06   4.0588379e+01
   5.1826390e+06   5.0476074e+01
   5.1826550e+06   7.1350098e+01
   5.1826870e+06   5.4260254e+01
   5.1827220e+06   4.0161133e+01
   5.1827410e+06   4.6203613e+01
   5.1827590e+06   5.0231934e+01
   5.1828020e+06   4.0039063e+01
   5.1828400e+06   4.8522949e+01
   5.1828820e+06   4.0039063e+01
   5.1829040e+06   4.2114258e+01
   5.1829570e+06   4.2541504e+01
   5.1829910e+06   3.9978027e+01
   5.1831090e+06   4.5532227e+01
   5.1834720e+06   4.3884277e+01
   5.1836860e+06   4.8278809e+01
   5.1838280e+06   4.1320801e+01
   5.1877110e+06   4.3884277e+01
   5.1877540e+06   4.8400879e+01
   5.1878070e+06   1.6351318e+02
   5.1878260e+06   3.9794922e+01
   5.1878500e+06   1.1511230e+02
   5.1878770e+06   4.5898438e+01
   5.1878940e+06   9.8327637e+01
   5.1879070e+06   4.3579102e+01
   5.1879310e+06   5.1208496e+01
   5.1879640e+06   7.1166992e+01
   5.1879790e+06   9.6130371e+01
   5.1880200e+06   4.5837402e+01
   5.1880630e+06   7.5622559e+01
   5.1880790e+06   5.4199219e+01
   5.1880910e+06   4.1564941e+01
   5.1881010e+06   4.0893555e+01
   5.1881260e+06   5.3833008e+01
   5.1881530e+06   5.4992676e+01
   5.1881740e+06   4.0588379e+01
   5.1882020e+06   4.4616699e+01
   5.1882290e+06   3.9184570e+01
   5.1882550e+06   3.8940430e+01
   5.1882710e+06   6.3842773e+01
   5.1883000e+06   4.9621582e+01
   5.1883120e+06   4.4189453e+01
   5.1883400e+06   3.9611816e+01
   5.1883520e+06   4.1320801e+01
   5.1884130e+06   4.9926758e+01
   5.1884910e+06   5.3039551e+01
   5.1886000e+06   5.4748535e+01
   5.1886490e+06   3.9611816e+01
   5.1886820e+06   4.8217773e+01
   5.1887520e+06   4.5288086e+01
   5.1887950e+06   8.8134766e+01
   5.1888970e+06   4.0771484e+01
   5.1889350e+06   4.1076660e+01
   5.1890370e+06   4.1870117e+01
   5.1890830e+06   1.0778809e+02
   5.1892530e+06   4.0161133e+01
   5.1897220e+06   4.1564941e+01
   5.1899450e+06   4.4311523e+01
   5.1900200e+06   4.2175293e+01
   5.1907590e+06   4.0649414e+01
   5.1908050e+06   3.9245605e+01
   5.1909640e+06   4.1870117e+01
   5.1911440e+06   3.9855957e+01
   5.1911710e+06   1.3757324e+02
   5.1916480e+06   3.9245605e+01
   5.1916580e+06   3.9794922e+01
   5.1917130e+06   3.9794922e+01
   5.1918080e+06   3.8879395e+01
   5.1920430e+06   4.1931152e+01
   5.1926600e+06   7.2509766e+01
   5.1933720e+06   4.3212891e+01
   5.1941570e+06   3.8879395e+01
   5.1942170e+06   4.2053223e+01
   5.1943980e+06   3.9855957e+01
   5.1946380e+06   4.6264648e+01
   5.1950110e+06   4.9133301e+01
   5.1952550e+06   4.8217773e+01
   5.1960240e+06   3.9184570e+01
   5.1972920e+06   4.2419434e+01
   5.1975040e+06   8.8928223e+01
   5.1976150e+06   3.8940430e+01
   5.1978120e+06   3.9184570e+01
   5.1978400e+06   4.1503906e+01
   5.2222520e+06   4.4921875e+01
   5.2223060e+06   9.7595215e+01
   5.2223240e+06   6.6650391e+01
   5.2223370e+06   4.4433594e+01
   5.2223640e+06   1.2335205e+02
   5.2223840e+06   6.3537598e+01
   5.2224150e+06   6.6284180e+01
   5.2224320e+06   3.9733887e+01
   5.2224650e+06   7.4584961e+01
   5.2224830e+06   6.2072754e+01
   5.2224930e+06   5.5786133e+01
   5.2225080e+06   6.0913086e+01
   5.2225180e+06   5.1391602e+01
   5.2225410e+06   5.0109863e+01
   5.2225580e+06   4.1992188e+01
   5.2225780e+06   3.8879395e+01
   5.2227020e+06   4.1992188e+01
   5.2230390e+06   4.1687012e+01
   5.2236190e+06   4.1137695e+01
   5.2240540e+06   4.0588379e+01
   5.2250770e+06   3.9550781e+01
   5.2260110e+06   3.9428711e+01
   5.2260640e+06   4.3151855e+01
   5.2262080e+06   4.0710449e+01
   5.2262900e+06   4.0649414e+01
   5.2263050e+06   4.5166016e+01
   5.2263410e+06   4.3212891e+01
   5.2263980e+06   4.5288086e+01
   5.2264400e+06   7.5134277e+01
   5.2264930e+06   3.9916992e+01
   5.2265210e+06   4.1809082e+01
   5.2265720e+06   1.4837646e+02
   5.2265940e+06   4.5715332e+01
   5.2266040e+06   5.2124023e+01
   5.2266350e+06   4.1748047e+01
   5.2267090e+06   4.2053223e+01
   5.2267550e+06   5.0598145e+01
   5.2268550e+06   4.1931152e+01
   5.2268880e+06   1.1279297e+02
   5.2269310e+06   8.3984375e+01
   5.2269570e+06   4.0039063e+01
   5.2269770e+06   4.7546387e+01
   5.2269880e+06   4.3640137e+01
   5.2270440e+06   4.4494629e+01
   5.2270710e+06   3.8879395e+01
   5.2270910e+06   1.2170410e+02
   5.2271500e+06   7.4462891e+01
   5.2272320e+06   4.1809082e+01
   5.2272670e+06   4.1259766e+01
   5.2273480e+06   4.5043945e+01
   5.2274070e+06   8.3923340e+01
   5.2275800e+06   4.0527344e+01
   5.2276960e+06   3.9184570e+01
   5.2278740e+06   3.9001465e+01
   5.2280850e+06   4.0344238e+01
   5.2286530e+06   4.4006348e+01
   5.2287930e+06   4.8400879e+01
   5.2297020e+06   5.3955078e+01
   5.2304790e+06   4.5471191e+01
   5.2941570e+06   4.2846680e+01
   5.2941800e+06   5.0720215e+01
   5.2942130e+06   2.7862549e+02
   5.2942250e+06   3.9062500e+01
   5.2942410e+06   4.9804688e+01
   5.2942720e+06   1.3006592e+02
   5.2942870e+06   9.0148926e+01
   5.2943130e+06   4.0771484e+01
   5.2943340e+06   8.5876465e+01
   5.2943530e+06   4.5837402e+01
   5.2943750e+06   4.7729492e+01
   5.2943900e+06   6.7504883e+01
   5.2944300e+06   5.4138184e+01
   5.2944430e+06   4.2907715e+01
   5.2944540e+06   5.2246094e+01
   5.2944790e+06   4.4677734e+01
   5.2944950e+06   4.0344238e+01
   5.2945230e+06   4.0954590e+01
   5.2945360e+06   4.9987793e+01
   5.2945490e+06   4.0283203e+01
   5.2946390e+06   4.4555664e+01
   5.2947350e+06   4.2480469e+01
   5.2952210e+06   4.5471191e+01
   5.2953730e+06   4.2175293e+01
   5.3017760e+06   3.9001465e+01
   5.3413820e+06   4.5959473e+01
   5.3413930e+06   4.2175293e+01
   5.3414340e+06   4.2480469e+01
   5.3414490e+06   2.3028564e+02
   5.3414750e+06   4.2236328e+01
   5.3414970e+06   7.7392578e+01
   5.3415180e+06   1.1669922e+02
   5.3415510e+06   1.2365723e+02
   5.3415840e+06   8.7280273e+01
   5.3416080e+06   8.9721680e+01
   5.3416300e+06   6.0302734e+01
   5.3416550e+06   1.0742188e+02
   5.3416680e+06   6.1218262e+01
   5.3416830e+06   5.9082031e+01
   5.3417090e+06   5.5114746e+01
   5.3417220e+06   4.7851563e+01
   5.3417420e+06   4.3884277e+01
   5.3417680e+06   9.3872070e+01
   5.3418530e+06   3.9428711e+01
   5.3419690e+06   4.0832520e+01
   5.3431210e+06   3.9733887e+01
   5.3812290e+06   3.9855957e+01
   5.3812530e+06   1.6729736e+02
   5.3812840e+06   4.2480469e+01
   5.3813310e+06   1.2164307e+02
   5.3813590e+06   1.2500000e+02
   5.3813840e+06   6.8176270e+01
   5.3814090e+06   6.2683105e+01
   5.3814270e+06   7.7880859e+01
   5.3814630e+06   4.6630859e+01
   5.3814770e+06   5.2551270e+01
   5.3814940e+06   4.9194336e+01
   5.3815040e+06   9.2712402e+01
   5.3815350e+06   3.8940430e+01
   5.3815450e+06   6.8786621e+01
   5.3815720e+06   4.2602539e+01
   5.3816140e+06   3.9428711e+01
   5.3816330e+06   4.2358398e+01
   5.3817010e+06   5.4504395e+01
   5.3817440e+06   4.4128418e+01
   5.3818540e+06   3.9794922e+01
   5.3818810e+06   4.4006348e+01
   5.4155870e+06   4.3457031e+01
   5.4155970e+06   4.0710449e+01
   5.4156690e+06   4.1015625e+01
   5.4157050e+06   1.6711426e+02
   5.4157150e+06   1.0552979e+02
   5.4157390e+06   4.3395996e+01
   5.4157700e+06   6.1706543e+01
   5.4157870e+06   4.8156738e+01
   5.4158150e+06   4.1564941e+01
   5.4158320e+06   4.5532227e+01
   5.4158530e+06   1.3262939e+02
   5.4158830e+06   4.7912598e+01
   5.4159040e+06   4.2175293e+01
   5.4159180e+06   4.5471191e+01
   5.4159460e+06   6.5246582e+01
   5.4159590e+06   4.1442871e+01
   5.4159920e+06   4.6875000e+01
   5.4160490e+06   3.9978027e+01
   5.4160840e+06   4.0649414e+01
   5.4503920e+06   4.5532227e+01
   5.4504400e+06   4.8095703e+01
   5.4504670e+06   4.0527344e+01
   5.4504860e+06   1.5820313e+02
   5.4505130e+06   1.2969971e+02
   5.4505420e+06   5.1818848e+01
   5.4505530e+06   1.2817383e+02
   5.4505960e+06   5.5419922e+01
   5.4506060e+06   7.5317383e+01
   5.4506380e+06   1.2286377e+02
   5.4506570e+06   5.4382324e+01
   5.4506780e+06   4.0466309e+01
   5.4507050e+06   5.2856445e+01
   5.4507480e+06   4.1809082e+01
   5.4507740e+06   5.1574707e+01
   5.4508200e+06   4.0283203e+01
   5.4508690e+06   4.1198730e+01
   5.4509070e+06   5.1696777e+01
   5.4838430e+06   4.2785645e+01
   5.4838910e+06   4.3273926e+01
   5.4839230e+06   4.0344238e+01
   5.4839800e+06   1.6528320e+02
   5.4840340e+06   1.1877441e+02
   5.4840510e+06   5.0903320e+01
   5.4840740e+06   4.8461914e+01
   5.4841220e+06   4.6203613e+01
   5.4841360e+06   1.2127686e+02
   5.4841770e+06   5.0292969e+01
   5.4842120e+06   8.7829590e+01
   5.4842390e+06   4.0283203e+01
   5.4842510e+06   4.9804688e+01
   5.4843160e+06   4.6630859e+01
   5.4843270e+06   4.1503906e+01
   5.4848150e+06   3.9672852e+01
   5.5158900e+06   4.0710449e+01
   5.5159190e+06   4.1198730e+01
   5.5159820e+06   4.1748047e+01
   5.5159980e+06   5.6030273e+01
   5.5160210e+06   4.2297363e+01
   5.5161070e+06   3.9855957e+01
   5.5161460e+06   1.8530273e+02
   5.5161630e+06   4.0039063e+01
   5.5161900e+06   3.9428711e+01
   5.5162280e+06   1.0650635e+02
   5.5162400e+06   4.4616699e+01
   5.5162670e+06   3.9123535e+01
   5.5163040e+06   4.2236328e+01
   5.5163530e+06   4.1259766e+01
   5.5166230e+06   4.0832520e+01
   5.5502830e+06   4.4494629e+01
   5.5505390e+06   4.6813965e+01
   5.5786200e+06   3.9367676e+01
   5.5787400e+06   3.9184570e+01
   5.5788220e+06   4.0405273e+01
   5.5994670e+06   4.4982910e+01
   5.6010250e+06   4.6447754e+01
   5.6012080e+06   3.9367676e+01
   5.6021710e+06   4.1198730e+01
   5.6033080e+06   3.9428711e+01
   5.6067180e+06   5.7861328e+01
   5.6072610e+06   4.1137695e+01
   5.6077150e+06   4.7912598e+01
   5.6077530e+06   4.6386719e+01
   5.6087860e+06   4.2541504e+01
   5.6088610e+06   3.8940430e+01
   5.6095540e+06   4.3212891e+01
   5.6102500e+06   4.5898438e+01
   5.6109500e+06   4.0466309e+01
   5.6111810e+06   3.9855957e+01
   5.6121980e+06   4.8461914e+01
   5.6123780e+06   4.1625977e+01
   5.6152230e+06   4.1259766e+01
   5.6166950e+06   4.1381836e+01
   5.6178660e+06   3.8940430e+01
   5.6187760e+06   5.5847168e+01
   5.6204330e+06   4.0283203e+01
   5.6204440e+06   4.5654297e+01
   5.6215530e+06   4.6142578e+01
   5.6221640e+06   3.9001465e+01
   5.6224470e+06   4.1564941e+01
   5.6228580e+06   4.2846680e+01
   5.6250690e+06   3.9550781e+01
   5.6252740e+06   4.5532227e+01
   5.6273190e+06   4.3212891e+01
   5.6288620e+06   4.0222168e+01
   5.6290540e+06   4.9743652e+01
   5.6300330e+06   3.9306641e+01
   5.6349870e+06   4.0710449e+01
   5.6378560e+06   4.4982910e+01
   5.6398500e+06   4.0283203e+01
   5.6400250e+06   4.6203613e+01
   5.6405520e+06   4.6691895e+01
   5.6409310e+06   4.1442871e+01
   5.6759640e+06   4.0710449e+01
   5.6762190e+06   4.1442871e+01
   5.6762930e+06   4.1320801e+01
   5.6764000e+06   4.2175293e+01
   5.6771630e+06   4.2236328e+01
   5.6772960e+06   4.1076660e+01
   5.6781240e+06   4.5837402e+01
   5.6789790e+06   3.9978027e+01
   5.6792700e+06   3.9978027e+01
   5.6809930e+06   4.1076660e+01
   5.6812170e+06   3.9794922e+01
   5.6823590e+06   4.0222168e+01
   5.6828100e+06   4.1748047e+01
   5.6834370e+06   3.9733887e+01
   5.6861690e+06   4.2663574e+01
   5.6861940e+06   5.1086426e+01
   5.6862140e+06   4.3151855e+01
   5.6873140e+06   3.9428711e+01
   5.6876410e+06   4.4433594e+01
   5.6893440e+06   4.6752930e+01
   5.6915480e+06   4.0405273e+01
   5.6922570e+06   4.5104980e+01
   5.6928860e+06   3.9733887e+01
   5.6935880e+06   3.9794922e+01
   5.7224240e+06   4.0405273e+01
   5.7224690e+06   4.5837402e+01
   5.7224930e+06   3.8940430e+01
   5.7225310e+06   1.7559814e+02
   5.7229530e+06   4.2175293e+01
   5.7235520e+06   4.7241211e+01
   5.7238870e+06   4.0771484e+01
   5.7242310e+06   4.0832520e+01
   5.7257570e+06   5.1879883e+01
   5.7262040e+06   4.1992188e+01
   5.7267100e+06   4.0039063e+01
   5.7278370e+06   4.0161133e+01
   5.7285680e+06   4.2053223e+01
   5.7285840e+06   4.6264648e+01
   5.7300160e+06   4.0893555e+01
   5.7303460e+06   4.0466309e+01
   5.7372490e+06   4.7973633e+01
   5.7372740e+06   4.0588379e+01
   5.7372950e+06   3.9428711e+01
   5.7375120e+06   3.9672852e+01
   5.7376770e+06   3.9733887e+01
   5.7383120e+06   5.6091309e+01
   5.7387970e+06   4.3579102e+01
   5.7391560e+06   4.4372559e+01
   5.7392210e+06   4.1687012e+01
   5.7395920e+06   3.9794922e+01
   5.7396510e+06   3.9184570e+01
   5.7438760e+06   4.0527344e+01
   5.7447210e+06   3.9489746e+01
   5.7447650e+06   3.8879395e+01
   5.7450910e+06   4.6569824e+01
   5.7451470e+06   4.2175293e+01
   5.7453680e+06   3.9611816e+01
   5.7456290e+06   5.5603027e+01
   5.7466070e+06   4.1931152e+01
   5.7466410e+06   4.1625977e+01
   5.7468920e+06   4.1381836e+01
   5.7532200e+06   3.9978027e+01
   5.7542280e+06   4.8400879e+01
   5.7543050e+06   4.1015625e+01
   5.7550470e+06   3.9062500e+01
   5.7550640e+06   4.8278809e+01
   5.7550920e+06   4.4494629e+01
   5.7616770e+06   3.9489746e+01
   5.7618740e+06   5.6884766e+01
   5.7620100e+06   4.8034668e+01
   5.7622300e+06   4.8767090e+01
   5.7624850e+06   4.0405273e+01
   5.7627660e+06   4.8767090e+01
   5.7632210e+06   3.9916992e+01
   5.7687780e+06   3.9733887e+01
   5.7688530e+06   4.6691895e+01
   5.7689980e+06   4.4494629e+01
   5.7692150e+06   3.8940430e+01
   5.7692270e+06   4.1198730e+01
   5.7705100e+06   4.5227051e+01
   5.7705650e+06   4.0832520e+01
   5.7710290e+06   4.2785645e+01
   5.7710530e+06   4.2785645e+01
   5.7713890e+06   4.1137695e+01
   5.7714360e+06   4.1564941e+01
   5.7717790e+06   4.1687012e+01
   5.7919790e+06   4.2907715e+01
   5.7920520e+06   3.9978027e+01
   5.7922210e+06   4.1564941e+01
   5.7922390e+06   4.4921875e+01
   5.7923300e+06   4.0161133e+01
   5.7927320e+06   3.9184570e+01
   5.7927850e+06   3.9428711e+01
   5.7927950e+06   4.4982910e+01
   5.7928080e+06   4.1625977e+01
   5.7928220e+06   4.0588379e+01
   5.7930750e+06   3.9489746e+01
   5.7943050e+06   4.0771484e+01
   5.8006140e+06   3.8879395e+01
   5.8008960e+06   4.1992188e+01
   5.8012630e+06   4.0100098e+01
   5.8012850e+06   4.2114258e+01
   5.8012970e+06   4.3457031e+01
   5.8018770e+06   4.1320801e+01
   5.8019630e+06   4.0344238e+01
   5.8025450e+06   4.1809082e+01
   5.8703320e+06   3.9733887e+01
   5.8727400e+06   4.5593262e+01
   5.8730740e+06   4.1564941e+01
   5.8757550e+06   4.0405273e+01
   5.8766790e+06   3.9306641e+01
   5.8779340e+06   4.1442871e+01
   5.8779910e+06   4.1503906e+01
   5.8782000e+06   3.9184570e+01
   5.8796850e+06   4.2053223e+01
   5.8799160e+06   3.8940430e+01
   5.8801750e+06   3.9489746e+01
   5.8813150e+06   4.4250488e+01
   5.8818920e+06   4.1320801e+01
   5.8838620e+06   4.4067383e+01
   5.8846140e+06   3.9672852e+01
   5.8852950e+06   4.7668457e+01
   5.8853770e+06   3.9306641e+01
   5.8854110e+06   4.9255371e+01
   5.8858310e+06   4.0649414e+01
   5.8868810e+06   4.0832520e+01
   5.8935720e+06   3.9978027e+01
   5.8943290e+06   3.9489746e+01
   5.8954210e+06   3.9062500e+01
   5.8960530e+06   4.7668457e+01
   5.8975620e+06   4.1259766e+01
   5.8976020e+06   4.0771484e+01
   5.8985900e+06   4.1198730e+01
   5.9600670e+06   4.1625977e+01
   5.9611360e+06   4.0893555e+01
   5.9619710e+06   4.6081543e+01
   5.9634950e+06   4.8034668e+01
   5.9642420e+06   4.5776367e+01
   5.9642660e+06   4.0893555e+01
   5.9648180e+06   3.9550781e+01
   5.9659820e+06   3.9794922e+01
   5.9672930e+06   3.9306641e+01
   5.9677810e+06   3.9611816e+01
   5.9695720e+06   4.3701172e+01
   5.9705230e+06   4.1198730e+01
   5.9712140e+06   5.1147461e+01
   5.9716930e+06   3.8940430e+01
   5.9717260e+06   3.9306641e+01
   5.9721070e+06   3.9672852e+01
   5.9745950e+06   4.3029785e+01
