   2.9990000e+06   0.0000000e+00
   1.7606000e+04   6.5246582e+01
   1.7727000e+04   5.5786133e+01
   1.7739000e+04   6.3659668e+01
   1.7771000e+04   4.9743652e+01
   1.7813000e+04   4.9438477e+01
   1.7847000e+04   4.6264648e+01
   1.7870000e+04   5.4138184e+01
   1.7921000e+04   4.7058105e+01
   1.7973000e+04   5.9814453e+01
   1.8013000e+04   7.5195313e+01
   1.8024000e+04   5.4992676e+01
   1.8041000e+04   4.6264648e+01
   1.8077000e+04   4.9133301e+01
   1.8111000e+04   6.3232422e+01
   1.8124000e+04   4.9926758e+01
   1.8137000e+04   5.4321289e+01
   1.8183000e+04   4.9682617e+01
   1.8354000e+04   4.9072266e+01
   1.8427000e+04   4.5471191e+01
   1.8438000e+04   6.4331055e+01
   1.8478000e+04   4.6142578e+01
   1.8678000e+04   6.1035156e+01
   1.8719000e+04   5.8837891e+01
   1.8927000e+04   4.7607422e+01
   6.7394000e+04   5.9570313e+01
   6.7585000e+04   6.6772461e+01
   6.7621000e+04   5.0292969e+01
   6.7706000e+04   4.5471191e+01
   6.7732000e+04   4.5654297e+01
   6.7759000e+04   5.1452637e+01
   6.7827000e+04   5.0903320e+01
   6.7859000e+04   4.7363281e+01
   6.7872000e+04   4.8645020e+01
   6.7892000e+04   5.2001953e+01
   6.7914000e+04   5.0842285e+01
   6.7966000e+04   5.5664063e+01
   6.8016000e+04   5.2185059e+01
   6.8055000e+04   4.5593262e+01
   6.8101000e+04   4.9255371e+01
   6.8158000e+04   4.7546387e+01
   6.8218000e+04   6.3049316e+01
   6.8250000e+04   4.6081543e+01
   6.8279000e+04   5.2917480e+01
   6.8318000e+04   4.7851563e+01
   6.8406000e+04   5.4992676e+01
   6.8534000e+04   4.6386719e+01
   1.0435200e+05   4.5349121e+01
   1.0441300e+05   5.0537109e+01
   1.0448000e+05   5.2551270e+01
   1.0457600e+05   4.5715332e+01
   1.0464300e+05   6.3415527e+01
   1.0487300e+05   6.1157227e+01
   1.0490600e+05   5.6884766e+01
   1.0493200e+05   4.9377441e+01
   1.0501700e+05   4.4982910e+01
   1.0504700e+05   5.0781250e+01
   1.0508700e+05   4.7424316e+01
   1.0510900e+05   4.6997070e+01
   1.0519600e+05   4.7912598e+01
   1.0522300e+05   5.2368164e+01
   1.0535900e+05   4.8828125e+01
   1.2915300e+05   5.1818848e+01
   1.2919100e+05   4.7241211e+01
   1.2921800e+05   4.5715332e+01
   1.2932100e+05   5.6152344e+01
   1.2936900e+05   4.7607422e+01
   1.2944100e+05   5.4992676e+01
   1.2951900e+05   4.5349121e+01
   1.2968500e+05   4.7119141e+01
   1.2971600e+05   5.6579590e+01
   1.2975900e+05   5.7800293e+01
   1.2998500e+05   5.1818848e+01
   1.7140000e+05   5.2246094e+01
   1.7153800e+05   4.6386719e+01
   1.7167900e+05   5.2673340e+01
   1.7173700e+05   4.5898438e+01
   1.7176400e+05   4.6997070e+01
   1.7179500e+05   4.7790527e+01
   1.7191100e+05   5.3039551e+01
   1.7198100e+05   5.1635742e+01
   2.0778600e+05   5.6213379e+01
   2.0785800e+05   4.6569824e+01
   2.0787900e+05   5.1696777e+01
   2.0790700e+05   5.7678223e+01
   2.0797500e+05   5.1330566e+01
   2.0799300e+05   5.1879883e+01
   2.0803600e+05   4.9255371e+01
   2.0807700e+05   4.7302246e+01
   2.0808700e+05   4.7912598e+01
   2.0816100e+05   4.9804688e+01
   2.0835500e+05   4.8767090e+01
   2.0842400e+05   4.5349121e+01
   2.0857400e+05   4.5593262e+01
   2.0862400e+05   4.8217773e+01
   2.0873500e+05   4.6630859e+01
   2.0902900e+05   5.6396484e+01
   3.3114000e+05   6.5063477e+01
   3.3126000e+05   5.4016113e+01
   3.3132300e+05   4.8400879e+01
   3.3136400e+05   5.3710938e+01
   3.3147000e+05   5.3894043e+01
   3.3149100e+05   4.8095703e+01
   3.3152400e+05   4.8156738e+01
   3.3154900e+05   4.7180176e+01
   3.3157500e+05   7.9956055e+01
   3.3162300e+05   4.5532227e+01
   3.3172400e+05   4.5410156e+01
   3.3176800e+05   4.5837402e+01
   3.3184300e+05   4.9987793e+01
   3.3200700e+05   5.0476074e+01
   3.3202100e+05   5.0048828e+01
   3.3209100e+05   4.5166016e+01
   3.3238900e+05   5.0537109e+01
   4.1759100e+05   4.7485352e+01
   4.1761000e+05   5.0109863e+01
   4.1765200e+05   4.7058105e+01
   4.1767100e+05   5.8776855e+01
   4.1769400e+05   5.2185059e+01
   4.1773700e+05   4.9133301e+01
   4.1774900e+05   4.7119141e+01
   4.1781400e+05   6.6955566e+01
   4.1785100e+05   4.7058105e+01
   4.1789000e+05   5.4687500e+01
   4.1792100e+05   7.2021484e+01
   4.1798100e+05   5.2307129e+01
   4.1799200e+05   6.8237305e+01
   4.1805100e+05   6.1828613e+01
   4.1808200e+05   5.0231934e+01
   4.1810800e+05   4.9743652e+01
   4.1813700e+05   5.0415039e+01
   4.1824200e+05   4.6997070e+01
   4.1829400e+05   5.3100586e+01
   4.1831700e+05   4.5288086e+01
   4.1833500e+05   4.5532227e+01
   4.1836000e+05   4.5288086e+01
   4.1849300e+05   4.9621582e+01
   4.6527300e+05   5.9204102e+01
   4.6540400e+05   4.7973633e+01
   4.6543500e+05   4.9072266e+01
   4.6547100e+05   5.7800293e+01
   4.6550600e+05   5.3710938e+01
   4.6553500e+05   4.7424316e+01
   4.6556500e+05   5.6274414e+01
   4.6558700e+05   4.9316406e+01
   4.6566700e+05   4.9072266e+01
   4.6568300e+05   5.6030273e+01
   4.6571500e+05   6.3659668e+01
   4.6574400e+05   4.6264648e+01
   4.6579200e+05   4.8095703e+01
   4.6581800e+05   5.3039551e+01
   4.6594300e+05   5.3710938e+01
   4.6604400e+05   4.6752930e+01
   4.6614700e+05   4.5776367e+01
   4.6621500e+05   5.1513672e+01
   5.2773100e+05   4.8706055e+01
   5.2784600e+05   5.8471680e+01
   5.2790300e+05   5.1086426e+01
   5.2796800e+05   5.4199219e+01
   5.2808700e+05   4.9743652e+01
   5.2811300e+05   5.0537109e+01
   5.2818000e+05   4.6569824e+01
   5.2822700e+05   5.8288574e+01
   5.2825600e+05   5.2062988e+01
   5.2828100e+05   5.9997559e+01
   5.2833200e+05   4.6264648e+01
   5.2843600e+05   4.8217773e+01
   5.2849500e+05   4.5776367e+01
   5.2852800e+05   5.0476074e+01
   5.2857400e+05   5.2185059e+01
   5.2870800e+05   4.9255371e+01
   5.2881100e+05   5.4809570e+01
   5.2882800e+05   4.8278809e+01
   5.2910700e+05   4.6386719e+01
   5.2919600e+05   4.8461914e+01
   5.5514200e+05   5.1391602e+01
   5.5519500e+05   4.8034668e+01
   5.5554000e+05   4.7180176e+01
   5.5652900e+05   5.2001953e+01
   6.0504000e+05   2.0123291e+03
   6.0698400e+05   4.6264648e+01
   6.0708300e+05   4.9926758e+01
   6.0711900e+05   5.6091309e+01
   6.0714300e+05   5.4260254e+01
   6.0721900e+05   4.7363281e+01
   6.0727200e+05   4.7363281e+01
   6.0744600e+05   5.1452637e+01
   6.5505200e+05   2.0106201e+03
   6.5838300e+05   4.5471191e+01
   6.5882800e+05   4.8400879e+01
   7.0506600e+05   2.0070190e+03
   7.0507600e+05   5.6762695e+01
   7.0689900e+05   4.5349121e+01
   7.0870800e+05   4.8217773e+01
   7.0897200e+05   4.6997070e+01
   7.0962900e+05   6.0668945e+01
   7.5508200e+05   3.9999390e+03
   7.5682200e+05   5.0598145e+01
   7.5692000e+05   4.6325684e+01
   7.5735700e+05   4.7729492e+01
   7.5752200e+05   5.0415039e+01
   8.0509600e+05   3.9999390e+03
   8.0643900e+05   4.7546387e+01
   8.0650400e+05   5.2307129e+01
   8.0687300e+05   5.5114746e+01
   8.0698300e+05   6.4636230e+01
   8.5510800e+05   2.0137939e+03
   8.5642400e+05   5.5664063e+01
   8.5658200e+05   4.7851563e+01
   8.5669300e+05   4.5715332e+01
   8.5674800e+05   4.9377441e+01
   8.5676700e+05   4.5166016e+01
   8.5683200e+05   5.6213379e+01
   8.5685400e+05   4.6142578e+01
   8.5688500e+05   4.6386719e+01
   8.5703600e+05   4.8034668e+01
   8.9813700e+05   4.5959473e+01
   9.0512400e+05   3.9999390e+03
   9.0667100e+05   4.6813965e+01
   9.0703000e+05   5.1330566e+01
   9.0716400e+05   6.3537598e+01
   9.0727300e+05   6.0180664e+01
   9.0731500e+05   4.5288086e+01
   9.0751500e+05   4.8095703e+01
   9.0802500e+05   5.3588867e+01
   9.0824900e+05   5.9570313e+01
   9.0862800e+05   4.7241211e+01
   9.5513600e+05   2.0087891e+03
   1.0051500e+06   2.0167847e+03
   1.0067860e+06   5.0415039e+01
   1.0069440e+06   4.9987793e+01
   1.0069560e+06   4.5959473e+01
   1.0070690e+06   6.4208984e+01
   1.0071470e+06   4.7485352e+01
   1.0071980e+06   4.5166016e+01
   1.0072170e+06   4.7851563e+01
   1.0072480e+06   5.0231934e+01
   1.0072800e+06   5.2124023e+01
   1.0073430e+06   5.4565430e+01
   1.0073960e+06   5.4748535e+01
   1.0074120e+06   5.9997559e+01
   1.0074350e+06   5.2001953e+01
   1.0075020e+06   5.0415039e+01
   1.0075460e+06   6.0424805e+01
   1.0076010e+06   6.0791016e+01
   1.0076330e+06   4.6752930e+01
   1.0076510e+06   4.7729492e+01
   1.0081520e+06   5.0170898e+01
   1.0083560e+06   4.6630859e+01
   1.0551640e+06   2.0107422e+03
   1.0566670e+06   5.2612305e+01
   1.0569350e+06   5.7250977e+01
   1.0571030e+06   4.7485352e+01
   1.0571620e+06   5.4504395e+01
   1.0573170e+06   6.4880371e+01
   1.0573380e+06   4.6813965e+01
   1.0573750e+06   4.6142578e+01
   1.0574160e+06   5.0109863e+01
   1.0574410e+06   6.1584473e+01
   1.0574550e+06   5.1391602e+01
   1.0575440e+06   4.5776367e+01
   1.0575820e+06   5.6945801e+01
   1.0576030e+06   4.8278809e+01
   1.0576210e+06   6.1157227e+01
   1.0576450e+06   4.9926758e+01
   1.0577450e+06   6.1401367e+01
   1.0577940e+06   5.5969238e+01
   1.0578190e+06   4.6813965e+01
   1.0582750e+06   4.5471191e+01
   1.0734540e+06   4.5288086e+01
   1.1051780e+06   2.0081177e+03
   1.1066880e+06   5.3405762e+01
   1.1068390e+06   5.3100586e+01
   1.1068740e+06   4.8645020e+01
   1.1070160e+06   4.6569824e+01
   1.1071280e+06   5.3710938e+01
   1.1072550e+06   4.7302246e+01
   1.1072910e+06   5.0170898e+01
   1.1073210e+06   6.0180664e+01
   1.1074500e+06   5.0659180e+01
   1.1074940e+06   5.0292969e+01
   1.1075250e+06   6.4025879e+01
   1.1075730e+06   5.5419922e+01
   1.1076320e+06   5.1513672e+01
   1.1082180e+06   4.7546387e+01
   1.1106600e+06   4.5166016e+01
   1.1551920e+06   2.0072021e+03
   1.1562270e+06   4.9072266e+01
   1.1562890e+06   5.7861328e+01
   1.1564470e+06   4.6264648e+01
   1.1565080e+06   5.3894043e+01
   1.1565430e+06   4.8339844e+01
   1.1566140e+06   6.1035156e+01
   1.1566310e+06   5.9326172e+01
   1.1567380e+06   4.8889160e+01
   1.1568380e+06   5.0781250e+01
   1.1568750e+06   5.1940918e+01
   1.1569130e+06   4.9072266e+01
   1.1569670e+06   4.7363281e+01
   1.1569850e+06   4.6325684e+01
   1.1572010e+06   4.5532227e+01
   1.1573420e+06   4.9865723e+01
   1.1574770e+06   4.7180176e+01
   1.2052080e+06   3.9999390e+03
   1.2063820e+06   4.5104980e+01
   1.2064930e+06   4.5104980e+01
   1.2067140e+06   4.6752930e+01
   1.2067590e+06   4.6569824e+01
   1.2067940e+06   5.0109863e+01
   1.2068130e+06   6.4392090e+01
   1.2068320e+06   4.9194336e+01
   1.2068440e+06   4.9865723e+01
   1.2068810e+06   5.4260254e+01
   1.2069170e+06   5.2429199e+01
   1.2069420e+06   4.5104980e+01
   1.2069700e+06   6.2988281e+01
   1.2069960e+06   4.6630859e+01
   1.2070360e+06   4.6997070e+01
   1.2070630e+06   5.3588867e+01
   1.2071380e+06   5.4687500e+01
   1.2071730e+06   5.4870605e+01
   1.2072030e+06   5.1147461e+01
   1.2072700e+06   4.7058105e+01
   1.2073740e+06   4.6447754e+01
   1.2074400e+06   4.8400879e+01
   1.2077930e+06   4.5288086e+01
   1.2079600e+06   4.7485352e+01
   1.2552200e+06   2.0074463e+03
   1.2564190e+06   4.5898438e+01
   1.2565460e+06   6.1157227e+01
   1.2566530e+06   5.3833008e+01
   1.2566630e+06   5.9875488e+01
   1.2566890e+06   6.8542480e+01
   1.2567250e+06   4.5654297e+01
   1.2567480e+06   4.5532227e+01
   1.2567870e+06   5.3466797e+01
   1.2568560e+06   5.5847168e+01
   1.2568890e+06   4.7424316e+01
   1.2569560e+06   5.2490234e+01
   1.2569700e+06   4.6997070e+01
   1.2570250e+06   6.1584473e+01
   1.2570530e+06   4.5715332e+01
   1.2570720e+06   4.9499512e+01
   1.2571010e+06   6.2438965e+01
   1.2571330e+06   5.4199219e+01
   1.2571840e+06   5.4138184e+01
   1.2572570e+06   5.0231934e+01
   1.2574780e+06   4.7729492e+01
   1.3052360e+06   3.9999390e+03
   1.3062930e+06   5.9875488e+01
   1.3065380e+06   4.8645020e+01
   1.3065690e+06   4.6569824e+01
   1.3066270e+06   5.2734375e+01
   1.3066580e+06   6.7138672e+01
   1.3066750e+06   5.2368164e+01
   1.3066880e+06   5.0170898e+01
   1.3067620e+06   4.5349121e+01
   1.3067940e+06   4.6386719e+01
   1.3068230e+06   4.6203613e+01
   1.3068480e+06   4.9743652e+01
   1.3068710e+06   5.4321289e+01
   1.3069220e+06   4.9072266e+01
   1.3069430e+06   5.5603027e+01
   1.3069600e+06   6.1706543e+01
   1.3071050e+06   4.6813965e+01
   1.3071810e+06   5.1269531e+01
   1.3072810e+06   5.4016113e+01
   1.3072990e+06   5.1635742e+01
   1.3073190e+06   5.2673340e+01
   1.3075520e+06   4.5532227e+01
   1.3388480e+06   4.5227051e+01
   1.3552480e+06   2.0105591e+03
   1.3562410e+06   6.8237305e+01
   1.3565410e+06   5.2795410e+01
   1.3565630e+06   5.4931641e+01
   1.3566130e+06   5.0048828e+01
   1.3566940e+06   6.0668945e+01
   1.3567250e+06   6.9763184e+01
   1.3567500e+06   4.5654297e+01
   1.3568060e+06   6.7016602e+01
   1.3568500e+06   4.7363281e+01
   1.3568740e+06   5.4199219e+01
   1.3569040e+06   6.4025879e+01
   1.3569310e+06   4.5593262e+01
   1.3569790e+06   5.0292969e+01
   1.3570260e+06   7.5134277e+01
   1.3570860e+06   4.7180176e+01
   1.3571270e+06   4.6569824e+01
   1.3572570e+06   5.1208496e+01
   1.3573620e+06   4.9011230e+01
   1.3575190e+06   4.9011230e+01
   1.4052640e+06   3.9999390e+03
   1.4064760e+06   4.7424316e+01
   1.4065340e+06   4.5043945e+01
   1.4066290e+06   4.6142578e+01
   1.4066420e+06   4.8156738e+01
   1.4066770e+06   4.6203613e+01
   1.4066930e+06   5.7067871e+01
   1.4067120e+06   6.3232422e+01
   1.4067670e+06   4.6386719e+01
   1.4068140e+06   5.3100586e+01
   1.4068240e+06   5.2429199e+01
   1.4068700e+06   4.8645020e+01
   1.4069390e+06   5.4809570e+01
   1.4069510e+06   5.5480957e+01
   1.4069740e+06   4.7851563e+01
   1.4070350e+06   4.5532227e+01
   1.4070770e+06   4.6752930e+01
   1.4070980e+06   4.8889160e+01
   1.4071380e+06   5.1513672e+01
   1.4071780e+06   6.0791016e+01
   1.4072580e+06   4.8583984e+01
   1.4072890e+06   4.6142578e+01
   1.4075580e+06   4.7973633e+01
   1.4075750e+06   5.4565430e+01
   1.4552780e+06   2.0109863e+03
   1.4566330e+06   5.1086426e+01
   1.4566740e+06   5.3833008e+01
   1.4568190e+06   4.6752930e+01
   1.4568290e+06   6.2561035e+01
   1.4568420e+06   4.8950195e+01
   1.4568790e+06   4.5898438e+01
   1.4569430e+06   5.5053711e+01
   1.4569570e+06   5.2734375e+01
   1.4570340e+06   5.0781250e+01
   1.4570610e+06   6.2194824e+01
   1.4570780e+06   5.4321289e+01
   1.4571060e+06   4.8706055e+01
   1.4571320e+06   4.9682617e+01
   1.4571800e+06   4.5715332e+01
   1.4572000e+06   4.6813965e+01
   1.4572160e+06   5.3527832e+01
   1.4572830e+06   4.6020508e+01
   1.4573650e+06   5.0292969e+01
   1.4574680e+06   4.5166016e+01
   1.4575100e+06   4.5104980e+01
   1.4575580e+06   4.6691895e+01
   1.5052900e+06   2.0139771e+03
   1.5053000e+06   5.9326172e+01
   1.5063770e+06   5.5541992e+01
   1.5064810e+06   4.7302246e+01
   1.5065230e+06   4.5532227e+01
   1.5066040e+06   5.0476074e+01
   1.5067500e+06   5.7434082e+01
   1.5067850e+06   6.4147949e+01
   1.5068240e+06   5.1513672e+01
   1.5068580e+06   4.8950195e+01
   1.5069390e+06   4.5166016e+01
   1.5069590e+06   6.4575195e+01
   1.5069960e+06   6.2255859e+01
   1.5070550e+06   4.5043945e+01
   1.5071770e+06   4.7058105e+01
   1.5071970e+06   4.6875000e+01
   1.5072140e+06   4.5043945e+01
   1.5553060e+06   3.9999390e+03
   1.5567180e+06   4.6569824e+01
   1.5567470e+06   4.9438477e+01
   1.5567600e+06   5.9936523e+01
   1.5568050e+06   4.5715332e+01
   1.5568510e+06   5.1208496e+01
   1.5568780e+06   5.6762695e+01
   1.5569170e+06   5.1513672e+01
   1.5569690e+06   4.9560547e+01
   1.5570210e+06   5.0842285e+01
   1.5570360e+06   5.3833008e+01
   1.5571010e+06   4.5349121e+01
   1.5571260e+06   5.0842285e+01
   1.5572020e+06   5.3649902e+01
   1.5572140e+06   6.5368652e+01
   1.5572670e+06   5.0048828e+01
   1.5573000e+06   4.6936035e+01
   1.5573380e+06   4.6875000e+01
   1.5573520e+06   4.5166016e+01
   1.5574650e+06   5.3894043e+01
   1.5575010e+06   4.5227051e+01
   1.5576050e+06   5.1818848e+01
   1.5614110e+06   4.6142578e+01
   1.6053180e+06   2.0084229e+03
   1.6065000e+06   6.9213867e+01
   1.6067060e+06   5.2856445e+01
   1.6068480e+06   6.2561035e+01
   1.6069740e+06   5.0415039e+01
   1.6069950e+06   4.6875000e+01
   1.6071230e+06   5.0170898e+01
   1.6071870e+06   4.8278809e+01
   1.6071990e+06   4.6325684e+01
   1.6072740e+06   4.6020508e+01
   1.6073190e+06   4.8034668e+01
   1.6074580e+06   6.8908691e+01
   1.6075780e+06   6.2072754e+01
   1.6553320e+06   2.0082397e+03
   1.6564810e+06   4.6569824e+01
   1.6568430e+06   4.8278809e+01
   1.6569580e+06   4.8461914e+01
   1.6571120e+06   4.7363281e+01
   1.6571370e+06   4.9438477e+01
   1.6572480e+06   4.5532227e+01
   1.6573050e+06   5.6701660e+01
   1.6575860e+06   4.5654297e+01
   1.7053460e+06   2.0148315e+03
   1.7065600e+06   4.8889160e+01
   1.7066410e+06   4.7119141e+01
   1.7069060e+06   4.6569824e+01
   1.7072230e+06   4.7119141e+01
   1.7072760e+06   4.7851563e+01
   1.7074220e+06   4.6264648e+01
   1.7074950e+06   4.7851563e+01
   1.7076960e+06   5.6091309e+01
   1.7078960e+06   4.9316406e+01
   1.7553600e+06   2.0089722e+03
   1.7563630e+06   4.6569824e+01
   1.7566410e+06   4.5715332e+01
   1.7568370e+06   5.1513672e+01
   1.7570320e+06   5.7922363e+01
   1.7574290e+06   4.8278809e+01
   1.7586070e+06   4.5471191e+01
   1.8053740e+06   2.0147705e+03
   1.8067310e+06   5.3710938e+01
   1.8073020e+06   5.8410645e+01
   1.8082820e+06   5.1574707e+01
   1.8540640e+06   4.7851563e+01
   1.8541950e+06   4.6325684e+01
   1.8542100e+06   4.8339844e+01
   1.8543740e+06   5.1879883e+01
   1.8543940e+06   5.2978516e+01
   1.8547050e+06   4.5043945e+01
   1.8553880e+06   2.0198364e+03
   1.8555290e+06   4.6325684e+01
   1.9054020e+06   2.0169678e+03
   1.9054120e+06   5.4992676e+01
   1.9072270e+06   5.0170898e+01
   1.9077260e+06   4.5349121e+01
   1.9080990e+06   4.5715332e+01
   1.9554160e+06   2.0081177e+03
   1.9567220e+06   5.4809570e+01
   1.9569780e+06   4.7668457e+01
   1.9572040e+06   5.7434082e+01
   1.9576730e+06   4.6447754e+01
   1.9576870e+06   4.8461914e+01
   2.0054300e+06   2.0114136e+03
   2.0065510e+06   4.6630859e+01
   2.0066710e+06   5.0598145e+01
   2.0067100e+06   4.9621582e+01
   2.0067430e+06   5.5725098e+01
   2.0069580e+06   6.5673828e+01
   2.0070240e+06   5.0292969e+01
   2.0071150e+06   5.2612305e+01
   2.0554440e+06   2.0136108e+03
   2.0566450e+06   4.7241211e+01
   2.0567180e+06   5.0964355e+01
   2.0567310e+06   6.5124512e+01
   2.0567480e+06   4.5288086e+01
   2.0568320e+06   5.3527832e+01
   2.0570060e+06   5.0415039e+01
   2.0570360e+06   4.5715332e+01
   2.0570970e+06   5.7312012e+01
   2.0572010e+06   4.7729492e+01
   2.1054580e+06   2.0095215e+03
   2.1066140e+06   6.3964844e+01
   2.1068060e+06   4.5959473e+01
   2.1069460e+06   5.0170898e+01
   2.1070510e+06   6.9091797e+01
   2.1071460e+06   4.5593262e+01
   2.1072310e+06   4.5776367e+01
   2.1554740e+06   3.9999390e+03
   2.1565870e+06   4.8400879e+01
   2.1567430e+06   4.5471191e+01
   2.1568310e+06   5.1330566e+01
   2.1568490e+06   6.3476563e+01
   2.1568760e+06   4.7729492e+01
   2.1570000e+06   5.1757813e+01
   2.1570910e+06   4.6508789e+01
   2.1571680e+06   5.7800293e+01
   2.2054880e+06   3.9999390e+03
   2.2066140e+06   4.8706055e+01
   2.2068030e+06   4.6203613e+01
   2.2068370e+06   4.9987793e+01
   2.2068850e+06   5.3283691e+01
   2.2070040e+06   4.6569824e+01
   2.2070140e+06   5.3649902e+01
   2.2070440e+06   4.5349121e+01
   2.2071410e+06   4.8156738e+01
   2.2071830e+06   4.6203613e+01
   2.2072000e+06   4.6447754e+01
   2.2555020e+06   2.0100708e+03
   2.2567750e+06   5.4321289e+01
   2.2568760e+06   5.8532715e+01
   2.2569590e+06   5.6884766e+01
   2.2570160e+06   4.4982910e+01
   2.2571140e+06   5.6274414e+01
   2.2571300e+06   4.6997070e+01
   2.2572110e+06   5.4138184e+01
   2.2572380e+06   5.0659180e+01
   2.2572630e+06   4.6020508e+01
   2.2576700e+06   4.7912598e+01
   2.2750220e+06   4.7424316e+01
   2.2751880e+06   6.6650391e+01
   2.2755140e+06   5.0231934e+01
   2.3055140e+06   2.0169678e+03
   2.3066250e+06   5.4077148e+01
   2.3066420e+06   4.9194336e+01
   2.3067250e+06   4.7668457e+01
   2.3068320e+06   4.5104980e+01
   2.3068580e+06   4.5227051e+01
   2.3069850e+06   4.6569824e+01
   2.3071790e+06   4.5043945e+01
   2.3072970e+06   4.5837402e+01
   2.3073450e+06   4.6508789e+01
   2.3555280e+06   2.0070190e+03
   2.3567390e+06   5.2856445e+01
   2.3569020e+06   4.5898438e+01
   2.3569580e+06   6.3415527e+01
   2.3570200e+06   5.0231934e+01
   2.3570410e+06   5.4626465e+01
   2.3582830e+06   4.6813965e+01
   2.4666880e+06   4.5043945e+01
   2.4669400e+06   5.4504395e+01
   2.4670350e+06   4.8583984e+01
   2.4670870e+06   4.6020508e+01
   2.4671310e+06   5.0170898e+01
   2.4672700e+06   4.6508789e+01
   2.4673390e+06   4.6386719e+01
   2.5189450e+06   4.8950195e+01
   2.5191770e+06   5.4992676e+01
   2.5194070e+06   4.8889160e+01
   2.5221920e+06   5.0109863e+01
   2.5718030e+06   4.7180176e+01
   2.5718490e+06   5.5969238e+01
   2.5720540e+06   5.6945801e+01
   2.6216710e+06   4.9560547e+01
   2.6799080e+06   4.7912598e+01
   2.6800550e+06   5.1696777e+01
   2.6802340e+06   5.3283691e+01
   2.7546240e+06   4.8278809e+01
   2.7546460e+06   4.6081543e+01
   2.7547160e+06   5.2917480e+01
   2.7549700e+06   4.9987793e+01
   2.7553150e+06   5.1574707e+01
   2.7576140e+06   4.7119141e+01
   2.9366040e+06   4.7119141e+01
   2.9366580e+06   7.2509766e+01
   2.9366740e+06   5.7006836e+01
   2.9367050e+06   6.2561035e+01
   2.9367380e+06   5.1513672e+01
   2.9367620e+06   5.3649902e+01
   2.9367930e+06   5.9143066e+01
   2.9368060e+06   4.6447754e+01
   2.9368400e+06   5.2185059e+01
   2.9368560e+06   4.6875000e+01
   2.9368970e+06   4.6875000e+01
   2.9369820e+06   4.6264648e+01
   2.9370100e+06   5.1147461e+01
   2.9370630e+06   5.0720215e+01
   2.9373090e+06   4.7485352e+01
   2.9375490e+06   4.6691895e+01
   2.9378560e+06   5.1696777e+01
   2.9842000e+06   5.0231934e+01
   2.9842790e+06   5.6152344e+01
   2.9843040e+06   5.3344727e+01
   2.9843180e+06   5.1269531e+01
   2.9843480e+06   5.6152344e+01
   2.9843630e+06   6.0241699e+01
   2.9843780e+06   7.5805664e+01
   2.9844250e+06   5.0354004e+01
   2.9844530e+06   4.7363281e+01
   2.9844640e+06   5.0109863e+01
   2.9845080e+06   5.0292969e+01
   2.9845580e+06   6.6467285e+01
   2.9845690e+06   4.7119141e+01
   2.9845920e+06   5.0292969e+01
   2.9846700e+06   4.9377441e+01
   2.9847290e+06   4.6630859e+01
   2.9855060e+06   4.5532227e+01
