   2.9990000e+06   0.0000000e+00
   1.7647000e+04   1.1206055e+02
   1.7661000e+04   3.9184570e+01
   1.7693000e+04   4.7607422e+01
   1.7710000e+04   7.7636719e+01
   1.7775000e+04   9.4482422e+01
   1.7868000e+04   1.0363770e+02
   1.7889000e+04   3.7414551e+01
   1.7909000e+04   4.2297363e+01
   1.7927000e+04   4.0100098e+01
   1.7960000e+04   8.9477539e+01
   1.7987000e+04   7.9528809e+01
   1.8033000e+04   4.2175293e+01
   1.8056000e+04   5.8898926e+01
   1.8098000e+04   5.8044434e+01
   1.8145000e+04   7.6843262e+01
   1.8183000e+04   5.1574707e+01
   1.8225000e+04   4.5837402e+01
   1.8268000e+04   5.8166504e+01
   1.8342000e+04   3.8146973e+01
   1.8354000e+04   3.8208008e+01
   1.8389000e+04   4.2968750e+01
   1.8532000e+04   8.1054688e+01
   1.8582000e+04   4.0466309e+01
   1.8742000e+04   4.6875000e+01
   1.8940000e+04   3.9428711e+01
   6.7499000e+04   4.7912598e+01
   6.7515000e+04   1.0107422e+02
   6.7530000e+04   8.9721680e+01
   6.7547000e+04   3.7109375e+01
   6.7559000e+04   3.8879395e+01
   6.7583000e+04   3.9001465e+01
   6.7632000e+04   4.1076660e+01
   6.7669000e+04   8.3374023e+01
   6.7732000e+04   7.2265625e+01
   6.7768000e+04   4.3518066e+01
   6.7798000e+04   4.0161133e+01
   6.7819000e+04   6.2622070e+01
   6.7836000e+04   6.6833496e+01
   6.7875000e+04   3.9245605e+01
   6.7901000e+04   3.7658691e+01
   6.7927000e+04   6.2744141e+01
   6.7967000e+04   4.2541504e+01
   6.7998000e+04   3.8940430e+01
   6.8040000e+04   3.8940430e+01
   6.8053000e+04   6.9213867e+01
   6.8096000e+04   6.6894531e+01
   6.8114000e+04   3.8940430e+01
   6.8150000e+04   4.4433594e+01
   6.8196000e+04   4.2114258e+01
   6.8211000e+04   5.7861328e+01
   6.8339000e+04   4.0588379e+01
   6.8384000e+04   1.0394287e+02
   1.0431000e+05   3.9916992e+01
   1.0437100e+05   4.6264648e+01
   1.0444100e+05   9.9853516e+01
   1.0454200e+05   8.5144043e+01
   1.0455400e+05   3.6987305e+01
   1.0461200e+05   3.7475586e+01
   1.0463500e+05   1.1859131e+02
   1.0465800e+05   3.8146973e+01
   1.0473300e+05   8.4777832e+01
   1.0476200e+05   3.7048340e+01
   1.0487100e+05   5.9082031e+01
   1.0491200e+05   7.4645996e+01
   1.0497000e+05   4.1564941e+01
   1.0499100e+05   6.2500000e+01
   1.0500400e+05   3.8635254e+01
   1.0507100e+05   4.0405273e+01
   1.0509500e+05   4.0588379e+01
   1.0512000e+05   3.8208008e+01
   1.0521100e+05   3.7719727e+01
   1.0525500e+05   6.9946289e+01
   1.0561100e+05   3.9916992e+01
   1.2907200e+05   9.8937988e+01
   1.2913000e+05   4.6081543e+01
   1.2923900e+05   8.5876465e+01
   1.2927300e+05   9.2895508e+01
   1.2931600e+05   3.8269043e+01
   1.2935800e+05   1.0363770e+02
   1.2945800e+05   3.7048340e+01
   1.2948200e+05   8.4533691e+01
   1.2951000e+05   7.6538086e+01
   1.2952400e+05   4.2907715e+01
   1.2959600e+05   4.4921875e+01
   1.2961000e+05   7.9895020e+01
   1.2964900e+05   7.7819824e+01
   1.2967300e+05   4.5593262e+01
   1.2968700e+05   3.7658691e+01
   1.2974700e+05   1.0150146e+02
   1.2995300e+05   3.7780762e+01
   1.3002200e+05   6.7016602e+01
   1.3012500e+05   3.7719727e+01
   1.7132100e+05   9.0515137e+01
   1.7133400e+05   1.1926270e+02
   1.7137600e+05   3.8391113e+01
   1.7139400e+05   3.9855957e+01
   1.7144100e+05   9.2285156e+01
   1.7146400e+05   4.1320801e+01
   1.7147700e+05   8.2336426e+01
   1.7149900e+05   4.4555664e+01
   1.7155300e+05   6.3781738e+01
   1.7156300e+05   7.9345703e+01
   1.7161100e+05   5.4931641e+01
   1.7164100e+05   9.8083496e+01
   1.7168400e+05   4.3273926e+01
   1.7170700e+05   3.9978027e+01
   1.7174400e+05   8.4716797e+01
   1.7177000e+05   6.8176270e+01
   1.7178700e+05   3.6987305e+01
   1.7184000e+05   3.7963867e+01
   1.7186200e+05   4.3029785e+01
   1.7187500e+05   8.2519531e+01
   1.7195700e+05   7.3486328e+01
   1.7201100e+05   7.2753906e+01
   1.7277600e+05   3.7658691e+01
   1.7289400e+05   3.9672852e+01
   1.7301200e+05   3.7780762e+01
   2.0773300e+05   1.0034180e+02
   2.0778000e+05   3.7414551e+01
   2.0788600e+05   9.5458984e+01
   2.0791800e+05   3.8208008e+01
   2.0799700e+05   3.8757324e+01
   2.0802300e+05   3.9916992e+01
   2.0803900e+05   9.2407227e+01
   2.0806000e+05   4.7729492e+01
   2.0809900e+05   8.7280273e+01
   2.0814800e+05   7.0373535e+01
   2.0816600e+05   3.8452148e+01
   2.0818800e+05   4.4799805e+01
   2.0822000e+05   4.1870117e+01
   2.0823800e+05   3.7109375e+01
   2.0825700e+05   6.5612793e+01
   2.0834900e+05   6.4514160e+01
   2.0837300e+05   4.8828125e+01
   2.0848500e+05   3.7841797e+01
   2.0864800e+05   8.8134766e+01
   2.0871000e+05   4.6936035e+01
   2.0879800e+05   3.9367676e+01
   2.0903300e+05   3.7841797e+01
   3.3100900e+05   8.3923340e+01
   3.3102700e+05   9.2163086e+01
   3.3118000e+05   9.8693848e+01
   3.3121500e+05   1.0583496e+02
   3.3132300e+05   8.8195801e+01
   3.3136900e+05   5.3283691e+01
   3.3138900e+05   7.6354980e+01
   3.3141900e+05   4.1137695e+01
   3.3143100e+05   6.6406250e+01
   3.3149000e+05   4.0039063e+01
   3.3152500e+05   5.4382324e+01
   3.3155100e+05   6.9946289e+01
   3.3162100e+05   4.1809082e+01
   3.3164700e+05   7.5561523e+01
   3.3166400e+05   4.1076660e+01
   3.3171900e+05   3.7170410e+01
   3.3174500e+05   4.6875000e+01
   3.3178000e+05   3.7292480e+01
   3.3179300e+05   7.0007324e+01
   3.3183200e+05   3.7841797e+01
   3.3186100e+05   3.8024902e+01
   3.3189800e+05   4.4433594e+01
   3.3191500e+05   4.8828125e+01
   3.3197600e+05   4.4921875e+01
   3.3200300e+05   7.7514648e+01
   3.3206600e+05   4.1198730e+01
   3.3228400e+05   3.6987305e+01
   3.3264900e+05   4.3395996e+01
   4.1737500e+05   1.1920166e+02
   4.1749600e+05   8.3496094e+01
   4.1754300e+05   1.0375977e+02
   4.1763800e+05   4.1076660e+01
   4.1768100e+05   9.1186523e+01
   4.1769700e+05   6.3903809e+01
   4.1778900e+05   6.9946289e+01
   4.1782800e+05   6.5917969e+01
   4.1785400e+05   4.1931152e+01
   4.1789100e+05   6.5246582e+01
   4.1793200e+05   4.1076660e+01
   4.1794600e+05   3.7231445e+01
   4.1796400e+05   6.7199707e+01
   4.1799200e+05   4.8645020e+01
   4.1801800e+05   4.1625977e+01
   4.1803500e+05   4.3823242e+01
   4.1805500e+05   5.1879883e+01
   4.1807300e+05   3.7658691e+01
   4.1809900e+05   4.2602539e+01
   4.1817600e+05   4.3701172e+01
   4.1826100e+05   4.5898438e+01
   4.1828800e+05   4.2602539e+01
   4.1831100e+05   4.0344238e+01
   4.1833500e+05   4.0710449e+01
   4.1839600e+05   3.6987305e+01
   4.1853500e+05   4.0649414e+01
   4.1865900e+05   4.9438477e+01
   4.6513900e+05   1.1218262e+02
   4.6521400e+05   3.7597656e+01
   4.6527700e+05   9.1613770e+01
   4.6531500e+05   4.0100098e+01
   4.6535000e+05   9.7534180e+01
   4.6538500e+05   3.7048340e+01
   4.6541300e+05   8.4472656e+01
   4.6547500e+05   6.9763184e+01
   4.6550400e+05   6.2133789e+01
   4.6552200e+05   3.9428711e+01
   4.6554700e+05   4.0161133e+01
   4.6559300e+05   5.9631348e+01
   4.6560400e+05   7.0678711e+01
   4.6562500e+05   4.9621582e+01
   4.6565500e+05   4.0832520e+01
   4.6566500e+05   3.8879395e+01
   4.6569500e+05   5.9082031e+01
   4.6572700e+05   4.1137695e+01
   4.6577100e+05   5.9936523e+01
   4.6582200e+05   8.0200195e+01
   4.6596700e+05   5.9875488e+01
   4.6599600e+05   4.3518066e+01
   4.6606500e+05   4.0100098e+01
   4.6633200e+05   4.1137695e+01
   5.2743300e+05   3.9184570e+01
   5.2777600e+05   3.9916992e+01
   5.2785600e+05   1.0546875e+02
   5.2786900e+05   3.9794922e+01
   5.2788700e+05   4.7790527e+01
   5.2793100e+05   4.7180176e+01
   5.2798100e+05   1.0296631e+02
   5.2799900e+05   5.7312012e+01
   5.2803000e+05   8.7646484e+01
   5.2805500e+05   4.1625977e+01
   5.2810700e+05   8.0261230e+01
   5.2812700e+05   4.1870117e+01
   5.2818600e+05   8.9660645e+01
   5.2828600e+05   7.5378418e+01
   5.2835400e+05   7.0495605e+01
   5.2838800e+05   6.6650391e+01
   5.2840900e+05   4.1564941e+01
   5.2844800e+05   4.0466309e+01
   5.2846700e+05   4.5166016e+01
   5.2852600e+05   6.4270020e+01
   5.2856700e+05   4.4006348e+01
   5.2861700e+05   3.9367676e+01
   5.2864900e+05   4.1015625e+01
   5.2867800e+05   4.9865723e+01
   5.2872300e+05   5.0476074e+01
   5.2887100e+05   5.7861328e+01
   5.5471200e+05   3.9306641e+01
   5.5512200e+05   3.7719727e+01
   5.5526300e+05   3.8269043e+01
   5.5535000e+05   8.9965820e+01
   5.5553800e+05   9.8388672e+01
   5.5555500e+05   4.5837402e+01
   5.5560500e+05   3.8513184e+01
   5.5561900e+05   8.6853027e+01
   5.5570600e+05   3.9672852e+01
   5.5583300e+05   1.0046387e+02
   6.0503800e+05   2.0125122e+03
   6.0505000e+05   3.8208008e+01
   6.0651100e+05   4.0039063e+01
   6.0680200e+05   1.0418701e+02
   6.0685900e+05   4.4921875e+01
   6.0703800e+05   9.4787598e+01
   6.0724400e+05   1.1291504e+02
   6.0728500e+05   4.4311523e+01
   6.0737100e+05   8.6791992e+01
   6.0787000e+05   3.7414551e+01
   6.5505200e+05   2.0062256e+03
   6.5682200e+05   3.8269043e+01
   6.5876800e+05   3.7780762e+01
   6.5899900e+05   9.9182129e+01
   6.5986800e+05   4.5837402e+01
   7.0506600e+05   2.0092773e+03
   7.0637000e+05   3.8269043e+01
   7.0686200e+05   4.1259766e+01
   7.0721600e+05   3.7353516e+01
   7.0859600e+05   3.8818359e+01
   7.0874200e+05   3.9672852e+01
   7.0888500e+05   4.3090820e+01
   7.0931500e+05   3.7170410e+01
   7.5508000e+05   2.0101929e+03
   7.5617300e+05   3.7902832e+01
   7.5621800e+05   9.4177246e+01
   7.5642500e+05   8.2702637e+01
   7.5643700e+05   1.1529541e+02
   7.5652400e+05   3.6987305e+01
   7.5660400e+05   9.4848633e+01
   7.5668600e+05   4.3823242e+01
   7.5699800e+05   9.1979980e+01
   8.0509400e+05   2.0063477e+03
   8.0651600e+05   8.4472656e+01
   8.0661200e+05   3.8146973e+01
   8.0680100e+05   4.2541504e+01
   8.0681700e+05   1.2176514e+02
   8.0688200e+05   4.1992188e+01
   8.0715900e+05   3.8208008e+01
   8.0720600e+05   4.7302246e+01
   8.0809900e+05   3.7353516e+01
   8.0827000e+05   4.2114258e+01
   8.0979800e+05   3.8452148e+01
   8.5510800e+05   2.0074463e+03
   8.5644100e+05   8.9843750e+01
   8.5647600e+05   9.3933105e+01
   8.5667500e+05   9.0515137e+01
   8.5680600e+05   8.7036133e+01
   8.5682200e+05   4.1259766e+01
   8.5686700e+05   9.8449707e+01
   8.5691300e+05   3.7658691e+01
   8.5721000e+05   4.4128418e+01
   8.5775000e+05   4.0039063e+01
   9.0512200e+05   2.0083008e+03
   9.0675200e+05   9.5092773e+01
   9.0686100e+05   3.8146973e+01
   9.0694600e+05   3.6987305e+01
   9.0699300e+05   1.2261963e+02
   9.0710900e+05   3.8757324e+01
   9.0719400e+05   1.0467529e+02
   9.5513600e+05   2.0033569e+03
   1.0051500e+06   2.0133667e+03
   1.0067570e+06   3.7353516e+01
   1.0069900e+06   1.1138916e+02
   1.0070500e+06   4.7668457e+01
   1.0070630e+06   3.9611816e+01
   1.0070860e+06   7.9345703e+01
   1.0071000e+06   4.2297363e+01
   1.0071780e+06   1.0241699e+02
   1.0072030e+06   4.1625977e+01
   1.0072280e+06   8.4533691e+01
   1.0072640e+06   4.8095703e+01
   1.0072740e+06   8.3190918e+01
   1.0073120e+06   3.7780762e+01
   1.0073380e+06   6.9580078e+01
   1.0073710e+06   4.1320801e+01
   1.0074140e+06   4.0588379e+01
   1.0074280e+06   6.3659668e+01
   1.0074500e+06   3.8330078e+01
   1.0074630e+06   3.7048340e+01
   1.0074830e+06   3.8940430e+01
   1.0075380e+06   4.1259766e+01
   1.0075510e+06   6.3171387e+01
   1.0076070e+06   3.8269043e+01
   1.0076290e+06   3.8391113e+01
   1.0077130e+06   3.7292480e+01
   1.0077630e+06   3.8452148e+01
   1.0078250e+06   4.0588379e+01
   1.0080420e+06   5.4687500e+01
   1.0551660e+06   3.9999390e+03
   1.0571850e+06   1.0864258e+02
   1.0573190e+06   9.0332031e+01
   1.0573560e+06   1.1846924e+02
   1.0573740e+06   3.9916992e+01
   1.0574370e+06   3.9733887e+01
   1.0574620e+06   8.9599609e+01
   1.0575290e+06   8.1176758e+01
   1.0575470e+06   4.2846680e+01
   1.0575690e+06   3.7353516e+01
   1.0575880e+06   3.9489746e+01
   1.0576320e+06   4.1198730e+01
   1.0576490e+06   6.7687988e+01
   1.0576680e+06   4.4006348e+01
   1.0577440e+06   9.0698242e+01
   1.0577660e+06   4.5837402e+01
   1.0578210e+06   3.9062500e+01
   1.0578450e+06   7.8979492e+01
   1.0578840e+06   3.7231445e+01
   1.0579080e+06   3.8879395e+01
   1.0579480e+06   4.0100098e+01
   1.0579910e+06   6.4331055e+01
   1.0580680e+06   3.8085938e+01
   1.0580840e+06   4.3151855e+01
   1.0582070e+06   5.4443359e+01
   1.0582310e+06   3.7292480e+01
   1.0583160e+06   4.4616699e+01
   1.0583260e+06   3.9733887e+01
   1.1051780e+06   2.0110474e+03
   1.1068810e+06   9.8144531e+01
   1.1069050e+06   4.3457031e+01
   1.1069620e+06   3.8085938e+01
   1.1070060e+06   9.6984863e+01
   1.1070180e+06   3.7353516e+01
   1.1070480e+06   3.8085938e+01
   1.1070980e+06   6.4575195e+01
   1.1071250e+06   4.1931152e+01
   1.1071780e+06   5.7067871e+01
   1.1071920e+06   4.3518066e+01
   1.1072130e+06   4.1015625e+01
   1.1072450e+06   6.5795898e+01
   1.1072690e+06   4.4250488e+01
   1.1072910e+06   4.4677734e+01
   1.1073380e+06   7.3120117e+01
   1.1073620e+06   4.7119141e+01
   1.1073820e+06   5.0659180e+01
   1.1073930e+06   4.9377441e+01
   1.1074170e+06   4.4738770e+01
   1.1075050e+06   3.9916992e+01
   1.1075200e+06   6.4392090e+01
   1.1075390e+06   4.0649414e+01
   1.1075850e+06   3.7048340e+01
   1.1076120e+06   4.0466309e+01
   1.1076610e+06   3.8269043e+01
   1.1076730e+06   6.4147949e+01
   1.1077190e+06   3.7658691e+01
   1.1077620e+06   3.7292480e+01
   1.1079030e+06   4.5898438e+01
   1.1080330e+06   4.0222168e+01
   1.1081400e+06   3.8269043e+01
   1.1081930e+06   3.7780762e+01
   1.1551940e+06   3.9999390e+03
   1.1563480e+06   9.7473145e+01
   1.1563640e+06   3.7231445e+01
   1.1564870e+06   1.1199951e+02
   1.1565310e+06   4.3090820e+01
   1.1565800e+06   1.1608887e+02
   1.1566500e+06   6.3415527e+01
   1.1566620e+06   6.9885254e+01
   1.1566850e+06   3.7963867e+01
   1.1567160e+06   4.0161133e+01
   1.1567450e+06   5.1391602e+01
   1.1567750e+06   6.4941406e+01
   1.1568060e+06   4.7119141e+01
   1.1568200e+06   4.9133301e+01
   1.1568610e+06   6.2133789e+01
   1.1569180e+06   3.8452148e+01
   1.1569280e+06   4.0588379e+01
   1.1569680e+06   7.6599121e+01
   1.1569990e+06   4.0832520e+01
   1.1570190e+06   3.7292480e+01
   1.1570840e+06   4.3273926e+01
   1.1571000e+06   4.3457031e+01
   1.1571250e+06   3.7963867e+01
   1.1573040e+06   3.7231445e+01
   1.1573630e+06   3.8452148e+01
   1.1573860e+06   5.1757813e+01
   1.1576850e+06   3.7231445e+01
   1.2052060e+06   2.0087280e+03
   1.2064350e+06   4.5104980e+01
   1.2064970e+06   3.7841797e+01
   1.2065990e+06   3.7353516e+01
   1.2066370e+06   1.0156250e+02
   1.2066570e+06   8.9843750e+01
   1.2067360e+06   9.0026855e+01
   1.2067970e+06   7.8796387e+01
   1.2068370e+06   8.0139160e+01
   1.2068500e+06   4.7973633e+01
   1.2068680e+06   3.8330078e+01
   1.2068860e+06   4.3212891e+01
   1.2069150e+06   7.5866699e+01
   1.2069340e+06   7.6538086e+01
   1.2069470e+06   3.7597656e+01
   1.2069910e+06   5.0598145e+01
   1.2070450e+06   5.9204102e+01
   1.2070890e+06   5.9814453e+01
   1.2071500e+06   5.4626465e+01
   1.2071730e+06   5.2185059e+01
   1.2072090e+06   5.9082031e+01
   1.2072360e+06   4.1992188e+01
   1.2072700e+06   4.6203613e+01
   1.2073090e+06   4.3640137e+01
   1.2073270e+06   5.1513672e+01
   1.2073400e+06   3.8024902e+01
   1.2074680e+06   4.0100098e+01
   1.2074970e+06   4.9804688e+01
   1.2076540e+06   4.2114258e+01
   1.2076770e+06   3.9550781e+01
   1.2552220e+06   3.9999390e+03
   1.2565670e+06   9.0393066e+01
   1.2566280e+06   4.0527344e+01
   1.2566380e+06   3.9489746e+01
   1.2566770e+06   8.9904785e+01
   1.2566920e+06   9.8876953e+01
   1.2567210e+06   4.1625977e+01
   1.2567770e+06   6.6833496e+01
   1.2568100e+06   9.7045898e+01
   1.2568610e+06   6.0791016e+01
   1.2569170e+06   6.1096191e+01
   1.2569330e+06   4.7607422e+01
   1.2569690e+06   5.5664063e+01
   1.2569970e+06   4.1320801e+01
   1.2570080e+06   6.7871094e+01
   1.2570320e+06   6.0302734e+01
   1.2571050e+06   4.4799805e+01
   1.2571590e+06   4.1992188e+01
   1.2571800e+06   4.0039063e+01
   1.2572140e+06   3.7597656e+01
   1.2572280e+06   6.5307617e+01
   1.2572650e+06   5.0964355e+01
   1.2573310e+06   4.3457031e+01
   1.2576100e+06   3.7170410e+01
   1.2576430e+06   4.8828125e+01
   1.3052340e+06   2.0090942e+03
   1.3052450e+06   4.1259766e+01
   1.3061790e+06   3.8574219e+01
   1.3066060e+06   1.0180664e+02
   1.3066820e+06   8.4594727e+01
   1.3067190e+06   1.0723877e+02
   1.3067790e+06   3.9978027e+01
   1.3067970e+06   1.0485840e+02
   1.3068310e+06   4.2541504e+01
   1.3068750e+06   6.5490723e+01
   1.3069370e+06   9.5703125e+01
   1.3069630e+06   5.4870605e+01
   1.3070120e+06   4.0710449e+01
   1.3070400e+06   5.9326172e+01
   1.3070510e+06   3.9550781e+01
   1.3070840e+06   5.1818848e+01
   1.3071510e+06   4.7363281e+01
   1.3071800e+06   4.2297363e+01
   1.3073070e+06   3.9916992e+01
   1.3073260e+06   6.4025879e+01
   1.3073850e+06   3.8757324e+01
   1.3074620e+06   4.3395996e+01
   1.3075090e+06   3.7963867e+01
   1.3081600e+06   3.6987305e+01
   1.3082650e+06   3.8085938e+01
   1.3552500e+06   3.9999390e+03
   1.3563760e+06   3.8269043e+01
   1.3563890e+06   1.0351563e+02
   1.3564260e+06   1.0656738e+02
   1.3564880e+06   3.7536621e+01
   1.3565210e+06   1.1157227e+02
   1.3565530e+06   3.9123535e+01
   1.3565990e+06   3.8757324e+01
   1.3566260e+06   9.3933105e+01
   1.3566960e+06   3.8208008e+01
   1.3567180e+06   4.2358398e+01
   1.3567410e+06   5.4992676e+01
   1.3567600e+06   5.9936523e+01
   1.3567930e+06   4.2297363e+01
   1.3568300e+06   4.7424316e+01
   1.3568580e+06   5.0903320e+01
   1.3568990e+06   6.9763184e+01
   1.3569230e+06   6.5002441e+01
   1.3569690e+06   5.0537109e+01
   1.3569970e+06   4.0344238e+01
   1.3570220e+06   4.4616699e+01
   1.3570320e+06   4.6569824e+01
   1.3571460e+06   4.6020508e+01
   1.3571980e+06   4.6936035e+01
   1.3573180e+06   3.8818359e+01
   1.3574900e+06   3.7109375e+01
   1.3576130e+06   5.3833008e+01
   1.4052620e+06   2.0100708e+03
   1.4053660e+06   3.8208008e+01
   1.4064220e+06   3.8513184e+01
   1.4064780e+06   3.8940430e+01
   1.4064960e+06   5.4443359e+01
   1.4065620e+06   1.2432861e+02
   1.4066650e+06   9.4360352e+01
   1.4067120e+06   3.7719727e+01
   1.4067550e+06   3.8269043e+01
   1.4067700e+06   8.8012695e+01
   1.4067940e+06   4.1381836e+01
   1.4068230e+06   9.2895508e+01
   1.4068360e+06   4.3579102e+01
   1.4068650e+06   6.4575195e+01
   1.4069370e+06   9.5275879e+01
   1.4069790e+06   3.9794922e+01
   1.4070220e+06   4.5776367e+01
   1.4070390e+06   5.8471680e+01
   1.4070770e+06   4.0344238e+01
   1.4071320e+06   6.4697266e+01
   1.4071450e+06   6.2194824e+01
   1.4071690e+06   4.0710449e+01
   1.4072260e+06   3.7658691e+01
   1.4072420e+06   4.2053223e+01
   1.4072540e+06   4.2541504e+01
   1.4073140e+06   3.8513184e+01
   1.4073340e+06   5.4504395e+01
   1.4075310e+06   3.8146973e+01
   1.4075660e+06   5.4077148e+01
   1.4076480e+06   5.3955078e+01
   1.4077350e+06   4.0283203e+01
   1.4552780e+06   3.9999390e+03
   1.4565650e+06   1.1688232e+02
   1.4566200e+06   9.2529297e+01
   1.4566960e+06   1.0266113e+02
   1.4567430e+06   4.0710449e+01
   1.4567700e+06   3.8818359e+01
   1.4567970e+06   1.7883301e+02
   1.4568210e+06   4.2968750e+01
   1.4568640e+06   4.2175293e+01
   1.4568900e+06   8.4167480e+01
   1.4569300e+06   4.7424316e+01
   1.4569540e+06   9.2407227e+01
   1.4569880e+06   6.7382813e+01
   1.4570110e+06   3.7414551e+01
   1.4570290e+06   4.1503906e+01
   1.4570700e+06   5.5236816e+01
   1.4571040e+06   4.4494629e+01
   1.4571270e+06   5.5114746e+01
   1.4571460e+06   3.7658691e+01
   1.4571910e+06   3.8574219e+01
   1.4572180e+06   4.7241211e+01
   1.4573140e+06   3.9916992e+01
   1.4574290e+06   4.5898438e+01
   1.4574680e+06   3.8391113e+01
   1.4575500e+06   4.0466309e+01
   1.4575730e+06   3.8757324e+01
   1.4577800e+06   3.7353516e+01
   1.5052900e+06   2.0065918e+03
   1.5062580e+06   3.9489746e+01
   1.5062990e+06   3.8085938e+01
   1.5065380e+06   9.2895508e+01
   1.5065720e+06   1.2738037e+02
   1.5065930e+06   4.1381836e+01
   1.5066620e+06   4.1503906e+01
   1.5066900e+06   4.0954590e+01
   1.5067050e+06   9.1247559e+01
   1.5067680e+06   4.1748047e+01
   1.5067860e+06   4.3579102e+01
   1.5068170e+06   8.8073730e+01
   1.5068530e+06   6.9702148e+01
   1.5068970e+06   3.7292480e+01
   1.5069110e+06   5.3588867e+01
   1.5069780e+06   6.0729980e+01
   1.5070630e+06   5.3527832e+01
   1.5071030e+06   7.6599121e+01
   1.5071290e+06   4.1198730e+01
   1.5071450e+06   3.9367676e+01
   1.5071630e+06   3.7109375e+01
   1.5071830e+06   6.6772461e+01
   1.5072200e+06   3.7109375e+01
   1.5072310e+06   3.9245605e+01
   1.5072760e+06   4.4616699e+01
   1.5073410e+06   5.7556152e+01
   1.5075360e+06   4.2785645e+01
   1.5553060e+06   2.0093994e+03
   1.5565090e+06   4.0527344e+01
   1.5566110e+06   3.9062500e+01
   1.5566370e+06   9.5092773e+01
   1.5566610e+06   1.1987305e+02
   1.5566880e+06   4.2114258e+01
   1.5567890e+06   4.1198730e+01
   1.5568200e+06   9.9121094e+01
   1.5568510e+06   4.3823242e+01
   1.5568720e+06   8.2580566e+01
   1.5569100e+06   7.9589844e+01
   1.5569460e+06   4.8156738e+01
   1.5570090e+06   4.4311523e+01
   1.5570370e+06   8.3923340e+01
   1.5570880e+06   4.0527344e+01
   1.5571130e+06   3.9245605e+01
   1.5571320e+06   7.3120117e+01
   1.5571550e+06   4.2114258e+01
   1.5571850e+06   6.4941406e+01
   1.5572020e+06   4.6142578e+01
   1.5572400e+06   3.7475586e+01
   1.5572880e+06   3.7170410e+01
   1.5573270e+06   7.4462891e+01
   1.5573620e+06   6.3964844e+01
   1.5573850e+06   3.9245605e+01
   1.5574780e+06   3.7353516e+01
   1.5576110e+06   7.5805664e+01
   1.5577230e+06   3.7292480e+01
   1.6053180e+06   2.0085449e+03
   1.6066030e+06   4.0588379e+01
   1.6066820e+06   9.8327637e+01
   1.6068020e+06   1.0913086e+02
   1.6068490e+06   3.7719727e+01
   1.6069250e+06   9.8022461e+01
   1.6069460e+06   1.0150146e+02
   1.6070080e+06   4.1259766e+01
   1.6070230e+06   4.0954590e+01
   1.6070460e+06   4.5410156e+01
   1.6070610e+06   7.8674316e+01
   1.6070770e+06   4.6203613e+01
   1.6071250e+06   6.6162109e+01
   1.6071560e+06   4.3518066e+01
   1.6071950e+06   7.8125000e+01
   1.6072270e+06   4.1198730e+01
   1.6072730e+06   6.2805176e+01
   1.6073290e+06   6.0119629e+01
   1.6074020e+06   4.0344238e+01
   1.6075050e+06   4.4067383e+01
   1.6075610e+06   8.0688477e+01
   1.6078940e+06   3.8696289e+01
   1.6553340e+06   3.9999390e+03
   1.6564150e+06   8.7402344e+01
   1.6565520e+06   3.9978027e+01
   1.6567510e+06   9.0454102e+01
   1.6568000e+06   8.1970215e+01
   1.6568370e+06   4.1381836e+01
   1.6569070e+06   9.5825195e+01
   1.6570230e+06   7.8063965e+01
   1.6570440e+06   8.1787109e+01
   1.6570990e+06   4.2297363e+01
   1.6571480e+06   3.7353516e+01
   1.6571760e+06   7.7392578e+01
   1.6572590e+06   3.7658691e+01
   1.6573050e+06   6.5979004e+01
   1.6575370e+06   4.0344238e+01
   1.6576130e+06   8.2397461e+01
   1.7053460e+06   2.0090332e+03
   1.7064420e+06   4.6203613e+01
   1.7067070e+06   3.9916992e+01
   1.7067520e+06   3.9123535e+01
   1.7067940e+06   4.0100098e+01
   1.7068400e+06   1.1212158e+02
   1.7068910e+06   8.2702637e+01
   1.7069620e+06   4.1931152e+01
   1.7070170e+06   1.2219238e+02
   1.7070510e+06   3.8696289e+01
   1.7071840e+06   3.8635254e+01
   1.7072470e+06   3.7292480e+01
   1.7073750e+06   8.3862305e+01
   1.7074200e+06   3.7353516e+01
   1.7553620e+06   2.0093384e+03
   1.7564200e+06   3.9489746e+01
   1.7565670e+06   3.8879395e+01
   1.7566320e+06   3.7414551e+01
   1.7567000e+06   3.8269043e+01
   1.7568520e+06   1.0382080e+02
   1.7569400e+06   4.2480469e+01
   1.7571250e+06   9.7473145e+01
   1.7571550e+06   8.2458496e+01
   1.7575240e+06   3.7719727e+01
   1.8053740e+06   2.0101318e+03
   1.8066180e+06   3.8757324e+01
   1.8071340e+06   3.8757324e+01
   1.8540690e+06   8.7402344e+01
   1.8542840e+06   9.7656250e+01
   1.8544130e+06   3.9978027e+01
   1.8545430e+06   3.7902832e+01
   1.8546020e+06   9.3688965e+01
   1.8549210e+06   3.9184570e+01
   1.8549600e+06   3.9062500e+01
   1.8551500e+06   3.7780762e+01
   1.8553900e+06   3.9999390e+03
   1.9054040e+06   3.9999390e+03
   1.9064740e+06   3.9001465e+01
   1.9065980e+06   3.8574219e+01
   1.9067050e+06   9.3750000e+01
   1.9070340e+06   9.5275879e+01
   1.9070590e+06   4.2663574e+01
   1.9073970e+06   3.7597656e+01
   1.9075590e+06   3.7902832e+01
   1.9075970e+06   8.7524414e+01
   1.9554180e+06   3.9999390e+03
   1.9565150e+06   3.6987305e+01
   1.9566020e+06   9.1003418e+01
   1.9567930e+06   8.1481934e+01
   1.9570240e+06   1.2695313e+02
   1.9572310e+06   3.9550781e+01
   1.9574640e+06   4.0161133e+01
   1.9577730e+06   4.3518066e+01
   1.9581310e+06   3.9245605e+01
   1.9585520e+06   4.4189453e+01
   1.9650950e+06   3.8024902e+01
   1.9658690e+06   4.3762207e+01
   2.0054320e+06   3.9999390e+03
   2.0054420e+06   4.3457031e+01
   2.0067010e+06   4.2297363e+01
   2.0068090e+06   4.3640137e+01
   2.0068560e+06   3.7658691e+01
   2.0068840e+06   3.9611816e+01
   2.0068980e+06   1.1102295e+02
   2.0070690e+06   9.7534180e+01
   2.0071030e+06   8.3007813e+01
   2.0071830e+06   3.9978027e+01
   2.0074520e+06   4.0344238e+01
   2.0554460e+06   3.9999390e+03
   2.0566330e+06   1.0009766e+02
   2.0567430e+06   4.0710449e+01
   2.0568340e+06   1.1853027e+02
   2.0568800e+06   3.9794922e+01
   2.0568980e+06   5.3161621e+01
   2.0569450e+06   6.6345215e+01
   2.0569920e+06   4.0588379e+01
   2.0570330e+06   1.0211182e+02
   2.0570690e+06   3.9001465e+01
   2.0571120e+06   8.5876465e+01
   2.0571670e+06   3.7963867e+01
   2.0572030e+06   4.4616699e+01
   2.0572170e+06   8.0261230e+01
   2.0572890e+06   4.1076660e+01
   2.0576460e+06   3.7658691e+01
   2.1054580e+06   2.0106812e+03
   2.1054690e+06   3.7048340e+01
   2.1066420e+06   4.3151855e+01
   2.1067680e+06   9.2346191e+01
   2.1068890e+06   3.8940430e+01
   2.1069170e+06   9.2895508e+01
   2.1069420e+06   7.4340820e+01
   2.1070350e+06   3.9672852e+01
   2.1070740e+06   8.1665039e+01
   2.1071280e+06   9.8388672e+01
   2.1071730e+06   4.0588379e+01
   2.1076150e+06   4.0039063e+01
   2.1554720e+06   2.0075684e+03
   2.1566150e+06   3.7231445e+01
   2.1566940e+06   4.1076660e+01
   2.1567480e+06   3.8940430e+01
   2.1568320e+06   1.0339355e+02
   2.1569090e+06   3.8269043e+01
   2.1569290e+06   8.4106445e+01
   2.1570230e+06   3.9855957e+01
   2.1570580e+06   9.7045898e+01
   2.1570720e+06   4.4982910e+01
   2.1571220e+06   7.3913574e+01
   2.1574190e+06   3.7231445e+01
   2.1576440e+06   3.7658691e+01
   2.1581500e+06   4.1625977e+01
   2.2054860e+06   2.0060425e+03
   2.2067300e+06   5.4016113e+01
   2.2068140e+06   8.3374023e+01
   2.2068400e+06   1.0119629e+02
   2.2068600e+06   3.8269043e+01
   2.2069890e+06   1.0113525e+02
   2.2070290e+06   3.7414551e+01
   2.2070620e+06   3.8391113e+01
   2.2070820e+06   8.1481934e+01
   2.2071240e+06   4.0649414e+01
   2.2071390e+06   8.7768555e+01
   2.2071730e+06   4.2724609e+01
   2.2072270e+06   5.2246094e+01
   2.2073350e+06   3.9367676e+01
   2.2555000e+06   2.0060425e+03
   2.2568500e+06   3.7292480e+01
   2.2568820e+06   1.3244629e+02
   2.2569070e+06   4.2358398e+01
   2.2570100e+06   1.0876465e+02
   2.2570400e+06   3.7231445e+01
   2.2571000e+06   8.6547852e+01
   2.2571410e+06   1.0021973e+02
   2.2571610e+06   3.8696289e+01
   2.2572030e+06   3.9855957e+01
   2.2572180e+06   4.0161133e+01
   2.2572640e+06   7.1960449e+01
   2.2572840e+06   8.3129883e+01
   2.2574470e+06   3.7231445e+01
   2.2575520e+06   3.7414551e+01
   2.2747720e+06   4.4128418e+01
   2.2749110e+06   4.0771484e+01
   2.2749270e+06   9.0820313e+01
   2.2750010e+06   1.1505127e+02
   2.2750880e+06   3.9855957e+01
   2.2751010e+06   6.9091797e+01
   2.2752750e+06   1.0308838e+02
   2.2753870e+06   3.7719727e+01
   2.3055140e+06   2.0095215e+03
   2.3065170e+06   3.7658691e+01
   2.3066300e+06   8.4533691e+01
   2.3067120e+06   3.9001465e+01
   2.3067590e+06   4.0893555e+01
   2.3068220e+06   3.8574219e+01
   2.3068470e+06   3.9550781e+01
   2.3068650e+06   8.5754395e+01
   2.3069080e+06   3.9245605e+01
   2.3069840e+06   4.4799805e+01
   2.3070830e+06   8.7646484e+01
   2.3071890e+06   4.7241211e+01
   2.3555280e+06   2.0061646e+03
   2.3566720e+06   3.7963867e+01
   2.3568930e+06   1.0992432e+02
   2.3569170e+06   8.6303711e+01
   2.3570550e+06   6.5979004e+01
   2.3571100e+06   1.1816406e+02
   2.3571330e+06   4.3823242e+01
   2.3572040e+06   4.1137695e+01
   2.3572210e+06   4.2297363e+01
   2.3572620e+06   7.7514648e+01
   2.3573050e+06   1.0040283e+02
   2.3573570e+06   3.7658691e+01
   2.3574430e+06   3.7963867e+01
   2.3579120e+06   3.8391113e+01
   2.4669140e+06   4.3823242e+01
   2.4670210e+06   4.0039063e+01
   2.4672500e+06   1.0302734e+02
   2.4676310e+06   4.1748047e+01
   2.5193750e+06   4.2236328e+01
   2.5231890e+06   3.9611816e+01
   2.5717040e+06   3.9794922e+01
   2.5717870e+06   3.9123535e+01
   2.5719610e+06   3.7048340e+01
   2.5725580e+06   3.7536621e+01
   2.6210780e+06   3.8085938e+01
   2.6800970e+06   3.9489746e+01
   2.7546910e+06   8.0810547e+01
   2.7569650e+06   3.9428711e+01
   2.9363110e+06   3.8269043e+01
   2.9366020e+06   3.9489746e+01
   2.9366120e+06   3.8940430e+01
   2.9366420e+06   9.3627930e+01
   2.9366620e+06   4.0100098e+01
   2.9366820e+06   9.1125488e+01
   2.9366940e+06   4.5532227e+01
   2.9367180e+06   1.0620117e+02
   2.9367380e+06   4.3762207e+01
   2.9367630e+06   4.9499512e+01
   2.9367860e+06   5.4199219e+01
   2.9367990e+06   4.9377441e+01
   2.9368190e+06   4.5043945e+01
   2.9368580e+06   5.3771973e+01
   2.9368800e+06   3.7902832e+01
   2.9368980e+06   5.0903320e+01
   2.9369420e+06   3.9001465e+01
   2.9369760e+06   4.1320801e+01
   2.9370110e+06   3.9855957e+01
   2.9371090e+06   5.7189941e+01
   2.9371190e+06   3.7353516e+01
   2.9371590e+06   3.7780762e+01
   2.9374230e+06   3.8513184e+01
   2.9375110e+06   4.1076660e+01
   2.9842160e+06   1.2988281e+02
   2.9842280e+06   3.9123535e+01
   2.9842530e+06   8.5693359e+01
   2.9842770e+06   4.2297363e+01
   2.9842970e+06   9.2285156e+01
   2.9843220e+06   4.2724609e+01
   2.9843430e+06   4.2175293e+01
   2.9843610e+06   6.5734863e+01
   2.9843930e+06   7.4951172e+01
   2.9844040e+06   3.7536621e+01
   2.9844480e+06   4.4372559e+01
   2.9844740e+06   5.8715820e+01
   2.9844940e+06   4.4799805e+01
   2.9845130e+06   3.9306641e+01
   2.9845360e+06   4.0100098e+01
   2.9846060e+06   4.5043945e+01
   2.9846190e+06   4.4250488e+01
   2.9846440e+06   3.9062500e+01
   2.9846770e+06   4.1015625e+01
   2.9848550e+06   3.7292480e+01
   2.9849690e+06   3.8635254e+01
   2.9850000e+06   4.4128418e+01
   2.9850540e+06   4.0527344e+01
   2.9854020e+06   5.0170898e+01
   2.9855940e+06   3.8574219e+01
