   2.9990000e+06   0.0000000e+00
   1.7407000e+04   3.7780762e+01
   1.7483000e+04   5.0415039e+01
   1.7513000e+04   3.7902832e+01
   1.7548000e+04   3.9733887e+01
   1.7579000e+04   4.5593262e+01
   1.7604000e+04   3.9794922e+01
   1.7642000e+04   4.0405273e+01
   1.7672000e+04   3.8757324e+01
   1.7710000e+04   4.4372559e+01
   1.7725000e+04   4.3701172e+01
   1.7746000e+04   4.0100098e+01
   1.7762000e+04   3.7353516e+01
   1.7780000e+04   3.8330078e+01
   1.7798000e+04   4.0893555e+01
   1.7837000e+04   3.7170410e+01
   1.7869000e+04   4.0222168e+01
   1.7957000e+04   4.2419434e+01
   1.7981000e+04   6.0058594e+01
   1.8045000e+04   4.9865723e+01
   1.8062000e+04   4.9560547e+01
   1.8090000e+04   3.8146973e+01
   1.8131000e+04   4.3334961e+01
   1.8148000e+04   4.7607422e+01
   1.8194000e+04   5.2734375e+01
   1.8230000e+04   5.0354004e+01
   1.8273000e+04   4.1931152e+01
   1.8318000e+04   3.7658691e+01
   1.8355000e+04   4.0649414e+01
   1.8371000e+04   4.2724609e+01
   1.8425000e+04   4.3273926e+01
   1.8443000e+04   4.5532227e+01
   1.8487000e+04   4.8400879e+01
   1.8615000e+04   3.7780762e+01
   1.8658000e+04   4.9072266e+01
   1.8772000e+04   5.4077148e+01
   1.8826000e+04   4.0405273e+01
   1.8942000e+04   3.8696289e+01
   1.9216000e+04   3.7536621e+01
   5.5960000e+04   3.7109375e+01
   6.7281000e+04   4.6386719e+01
   6.7337000e+04   4.1198730e+01
   6.7352000e+04   4.2053223e+01
   6.7386000e+04   3.7841797e+01
   6.7463000e+04   3.9306641e+01
   6.7487000e+04   3.8818359e+01
   6.7540000e+04   4.5043945e+01
   6.7582000e+04   4.6203613e+01
   6.7606000e+04   4.8278809e+01
   6.7629000e+04   3.8391113e+01
   6.7647000e+04   4.8645020e+01
   6.7679000e+04   5.3955078e+01
   6.7699000e+04   4.3823242e+01
   6.7736000e+04   4.9560547e+01
   6.7773000e+04   5.2734375e+01
   6.7794000e+04   5.5908203e+01
   6.7817000e+04   4.9255371e+01
   6.7870000e+04   5.6030273e+01
   6.7897000e+04   4.1748047e+01
   6.7921000e+04   6.5063477e+01
   6.7975000e+04   4.5532227e+01
   6.8009000e+04   8.1970215e+01
   6.8093000e+04   5.5664063e+01
   6.8126000e+04   4.0649414e+01
   6.8152000e+04   4.2602539e+01
   6.8242000e+04   3.7109375e+01
   6.8252000e+04   4.2297363e+01
   6.8313000e+04   3.8513184e+01
   6.8366000e+04   3.7841797e+01
   6.8394000e+04   4.1992188e+01
   6.8439000e+04   4.3395996e+01
   6.8495000e+04   3.9550781e+01
   6.8576000e+04   4.6936035e+01
   6.8632000e+04   3.7963867e+01
   6.8671000e+04   3.9672852e+01
   6.8707000e+04   3.7658691e+01
   6.9004000e+04   4.1320801e+01
   1.0429000e+05   4.7363281e+01
   1.0431700e+05   5.3039551e+01
   1.0438200e+05   3.7780762e+01
   1.0441900e+05   4.8645020e+01
   1.0443800e+05   5.5297852e+01
   1.0450800e+05   5.9082031e+01
   1.0452800e+05   4.1259766e+01
   1.0456400e+05   4.2053223e+01
   1.0458300e+05   3.9001465e+01
   1.0459300e+05   4.6569824e+01
   1.0462800e+05   4.1625977e+01
   1.0467000e+05   3.9306641e+01
   1.0470200e+05   4.6386719e+01
   1.0471400e+05   5.3527832e+01
   1.0473900e+05   4.8400879e+01
   1.0477300e+05   6.5734863e+01
   1.0480900e+05   3.8391113e+01
   1.0481900e+05   4.7912598e+01
   1.0484700e+05   4.1442871e+01
   1.0487000e+05   4.7302246e+01
   1.0488200e+05   4.9865723e+01
   1.0490800e+05   5.4321289e+01
   1.0492000e+05   4.1076660e+01
   1.0500000e+05   3.9672852e+01
   1.0505000e+05   6.1767578e+01
   1.0507600e+05   3.8879395e+01
   1.0510400e+05   5.2307129e+01
   1.0520200e+05   4.3029785e+01
   1.0527000e+05   3.8757324e+01
   1.0537900e+05   3.7719727e+01
   1.0543700e+05   4.2602539e+01
   1.0549200e+05   3.8574219e+01
   1.0552700e+05   4.7546387e+01
   1.0564400e+05   4.5043945e+01
   1.0583500e+05   5.6945801e+01
   1.0603300e+05   3.7292480e+01
   1.0604700e+05   4.3334961e+01
   1.0640100e+05   4.2968750e+01
   1.2901300e+05   3.9184570e+01
   1.2904600e+05   5.1757813e+01
   1.2906100e+05   3.9062500e+01
   1.2910900e+05   4.4250488e+01
   1.2914000e+05   6.8603516e+01
   1.2919000e+05   4.7912598e+01
   1.2922600e+05   3.8818359e+01
   1.2925200e+05   5.7312012e+01
   1.2929800e+05   5.8532715e+01
   1.2935500e+05   4.5471191e+01
   1.2942200e+05   5.2490234e+01
   1.2943300e+05   4.7546387e+01
   1.2947300e+05   3.7963867e+01
   1.2951900e+05   3.8269043e+01
   1.2955100e+05   4.2785645e+01
   1.2957000e+05   4.4860840e+01
   1.2964400e+05   3.8208008e+01
   1.2966300e+05   4.4860840e+01
   1.2970100e+05   4.2358398e+01
   1.2973100e+05   5.1330566e+01
   1.2974800e+05   4.0100098e+01
   1.2984500e+05   3.8085938e+01
   1.2997500e+05   4.0710449e+01
   1.2999200e+05   4.4067383e+01
   1.3005300e+05   4.4006348e+01
   1.3015400e+05   3.8208008e+01
   1.3027900e+05   4.0893555e+01
   1.3037900e+05   4.3457031e+01
   1.3049500e+05   5.4626465e+01
   1.3058700e+05   3.9916992e+01
   1.3070200e+05   3.7902832e+01
   1.3084000e+05   4.0649414e+01
   1.3097000e+05   4.3090820e+01
   1.3131800e+05   3.8146973e+01
   1.3157100e+05   4.2053223e+01
   1.3200100e+05   4.1687012e+01
   1.3215600e+05   3.9489746e+01
   1.4151700e+05   3.8085937e+01
   1.6774300e+05   3.9672852e+01
   1.7123600e+05   4.3640137e+01
   1.7125900e+05   5.5114746e+01
   1.7127700e+05   3.8940430e+01
   1.7129400e+05   4.1809082e+01
   1.7134500e+05   5.5969238e+01
   1.7137200e+05   4.1809082e+01
   1.7139300e+05   3.9916992e+01
   1.7141000e+05   3.7170410e+01
   1.7144000e+05   5.1025391e+01
   1.7147700e+05   3.9550781e+01
   1.7153500e+05   4.7546387e+01
   1.7158900e+05   4.4616699e+01
   1.7162400e+05   4.7790527e+01
   1.7164800e+05   4.0405273e+01
   1.7166600e+05   3.9001465e+01
   1.7170100e+05   4.8645020e+01
   1.7172700e+05   4.4677734e+01
   1.7176700e+05   4.3029785e+01
   1.7183600e+05   5.9387207e+01
   1.7186200e+05   3.7170410e+01
   1.7187200e+05   3.9184570e+01
   1.7196000e+05   4.6691895e+01
   1.7204400e+05   4.4616699e+01
   1.7210600e+05   5.0415039e+01
   1.7216600e+05   4.1625977e+01
   1.7229900e+05   3.9306641e+01
   1.7236400e+05   3.9550781e+01
   1.7273200e+05   4.2053223e+01
   1.7290000e+05   3.7719727e+01
   1.7301300e+05   4.1015625e+01
   1.7312100e+05   4.0527344e+01
   1.7315800e+05   4.3823242e+01
   1.7343300e+05   4.2175293e+01
   1.7406100e+05   4.2541504e+01
   2.0764200e+05   3.9184570e+01
   2.0770300e+05   5.3588867e+01
   2.0778200e+05   5.7006836e+01
   2.0780300e+05   3.8574219e+01
   2.0782300e+05   4.0283203e+01
   2.0785500e+05   4.3518066e+01
   2.0788100e+05   5.5175781e+01
   2.0796000e+05   4.5349121e+01
   2.0800900e+05   4.2602539e+01
   2.0813000e+05   4.9072266e+01
   2.0814400e+05   3.7658691e+01
   2.0815500e+05   3.7353516e+01
   2.0817300e+05   4.4494629e+01
   2.0823600e+05   3.9367676e+01
   2.0832100e+05   3.7597656e+01
   2.0833200e+05   4.5104980e+01
   2.0836300e+05   4.1381836e+01
   2.0843800e+05   3.8391113e+01
   2.0845600e+05   3.9611816e+01
   2.0851600e+05   3.9306641e+01
   2.0863100e+05   5.2612305e+01
   2.0875000e+05   4.0283203e+01
   2.0904900e+05   5.6945801e+01
   2.0918900e+05   4.5288086e+01
   2.0947500e+05   4.2602539e+01
   2.0983700e+05   4.0039063e+01
   2.1001800e+05   3.9672852e+01
   2.1038200e+05   3.9733887e+01
   2.1051800e+05   4.5471191e+01
   3.3074200e+05   4.1748047e+01
   3.3081400e+05   4.1931152e+01
   3.3086200e+05   4.5898438e+01
   3.3094300e+05   4.2968750e+01
   3.3096400e+05   4.4799805e+01
   3.3099500e+05   5.0720215e+01
   3.3103800e+05   4.8645020e+01
   3.3110100e+05   7.1350098e+01
   3.3116700e+05   6.9274902e+01
   3.3119500e+05   3.7231445e+01
   3.3121800e+05   3.9978027e+01
   3.3129100e+05   5.1757813e+01
   3.3130400e+05   4.2724609e+01
   3.3135700e+05   4.9621582e+01
   3.3137500e+05   4.1137695e+01
   3.3140900e+05   4.9377441e+01
   3.3147000e+05   4.9987793e+01
   3.3150100e+05   3.7719727e+01
   3.3153600e+05   4.7424316e+01
   3.3156700e+05   7.4584961e+01
   3.3160300e+05   3.7231445e+01
   3.3162500e+05   5.6213379e+01
   3.3166400e+05   3.8146973e+01
   3.3171900e+05   3.8391113e+01
   3.3173500e+05   5.9997559e+01
   3.3180300e+05   3.9611816e+01
   3.3185700e+05   4.0039063e+01
   3.3188600e+05   4.6386719e+01
   3.3192200e+05   4.0588379e+01
   3.3195800e+05   3.8391113e+01
   3.3197400e+05   3.8818359e+01
   3.3200200e+05   6.1706543e+01
   3.3207200e+05   4.6081543e+01
   3.3211800e+05   3.9733887e+01
   3.3223200e+05   4.9194336e+01
   3.3228000e+05   4.4250488e+01
   3.3270600e+05   4.3273926e+01
   4.1725800e+05   6.4514160e+01
   4.1726900e+05   4.3945312e+01
   4.1734400e+05   4.8522949e+01
   4.1739000e+05   3.9367676e+01
   4.1743900e+05   4.1748047e+01
   4.1751400e+05   4.1320801e+01
   4.1754800e+05   4.1320801e+01
   4.1756100e+05   5.9997559e+01
   4.1758800e+05   3.8879395e+01
   4.1766900e+05   5.1574707e+01
   4.1770700e+05   3.7719727e+01
   4.1771800e+05   4.7668457e+01
   4.1775300e+05   4.1137695e+01
   4.1777000e+05   4.1442871e+01
   4.1779500e+05   4.3151855e+01
   4.1781700e+05   3.9428711e+01
   4.1783700e+05   4.6691895e+01
   4.1789100e+05   5.3039551e+01
   4.1791000e+05   4.2358398e+01
   4.1792900e+05   4.3090820e+01
   4.1797200e+05   4.8889160e+01
   4.1799500e+05   4.3212891e+01
   4.1801400e+05   4.6081543e+01
   4.1804300e+05   3.7292480e+01
   4.1807000e+05   4.5776367e+01
   4.1810100e+05   3.8452148e+01
   4.1813100e+05   4.5471191e+01
   4.1818100e+05   4.4372559e+01
   4.1823100e+05   4.3273926e+01
   4.1825400e+05   3.8208008e+01
   4.1829100e+05   3.7414551e+01
   4.1830600e+05   5.8349609e+01
   4.1832000e+05   3.9855957e+01
   4.1837300e+05   3.8330078e+01
   4.1843200e+05   3.7231445e+01
   4.1845800e+05   4.2846680e+01
   4.1849700e+05   4.8706055e+01
   4.1857100e+05   4.7241211e+01
   4.1861500e+05   4.0344238e+01
   4.1871000e+05   4.9316406e+01
   4.1876300e+05   3.7536621e+01
   4.1904000e+05   4.2480469e+01
   4.6459900e+05   4.8095703e+01
   4.6473700e+05   4.1015625e+01
   4.6476500e+05   3.7353516e+01
   4.6481900e+05   3.9550781e+01
   4.6485700e+05   5.3161621e+01
   4.6495900e+05   5.2856445e+01
   4.6508100e+05   3.7902832e+01
   4.6511500e+05   3.7475586e+01
   4.6512500e+05   4.6386719e+01
   4.6514800e+05   3.7353516e+01
   4.6519600e+05   4.2175293e+01
   4.6523100e+05   4.3762207e+01
   4.6526100e+05   5.6701660e+01
   4.6527900e+05   4.0466309e+01
   4.6533600e+05   4.2724609e+01
   4.6537400e+05   3.7719727e+01
   4.6539900e+05   5.3344727e+01
   4.6544600e+05   5.5053711e+01
   4.6548200e+05   4.2236328e+01
   4.6553700e+05   4.6691895e+01
   4.6557200e+05   4.1931152e+01
   4.6560800e+05   4.0588379e+01
   4.6561800e+05   5.4199219e+01
   4.6565700e+05   3.7414551e+01
   4.6568500e+05   3.9611816e+01
   4.6570900e+05   5.6030273e+01
   4.6572200e+05   5.9936523e+01
   4.6579800e+05   5.1147461e+01
   4.6583400e+05   3.9428711e+01
   4.6588100e+05   4.7607422e+01
   4.6590900e+05   3.8024902e+01
   4.6593500e+05   3.7536621e+01
   4.6596200e+05   3.9550781e+01
   4.6599700e+05   3.7841797e+01
   4.6603700e+05   5.3771973e+01
   4.6604700e+05   3.9794922e+01
   4.6608400e+05   3.7597656e+01
   4.6611900e+05   4.1870117e+01
   4.6621900e+05   4.0344238e+01
   4.6625800e+05   4.4738770e+01
   4.6643900e+05   3.7231445e+01
   5.2742500e+05   3.8024902e+01
   5.2746600e+05   4.1687012e+01
   5.2748600e+05   4.6936035e+01
   5.2762400e+05   5.2368164e+01
   5.2769800e+05   3.7414551e+01
   5.2778600e+05   4.1076660e+01
   5.2781200e+05   4.0954590e+01
   5.2784700e+05   3.8024902e+01
   5.2788400e+05   3.9245605e+01
   5.2794500e+05   4.0954590e+01
   5.2802700e+05   3.7353516e+01
   5.2804900e+05   4.9621582e+01
   5.2814400e+05   4.8461914e+01
   5.2815700e+05   4.5410156e+01
   5.2820300e+05   3.7597656e+01
   5.2822800e+05   4.8889160e+01
   5.2826800e+05   4.8217773e+01
   5.2828700e+05   4.1137695e+01
   5.2830700e+05   4.1870117e+01
   5.2834200e+05   4.1992188e+01
   5.2837600e+05   5.8776855e+01
   5.2841100e+05   3.7963867e+01
   5.2846700e+05   4.0405273e+01
   5.2851600e+05   4.0466309e+01
   5.2853100e+05   5.7556152e+01
   5.2855800e+05   4.3762207e+01
   5.2867000e+05   4.0283203e+01
   5.2870300e+05   3.8696289e+01
   5.2873100e+05   4.0954590e+01
   5.2875500e+05   3.8513184e+01
   5.2883600e+05   3.8879395e+01
   5.2888100e+05   3.8513184e+01
   5.2897500e+05   4.2297363e+01
   5.2905800e+05   5.4443359e+01
   5.2908900e+05   3.9367676e+01
   5.2910700e+05   4.5043945e+01
   5.2923100e+05   3.7963867e+01
   5.5446900e+05   4.1015625e+01
   5.5461700e+05   3.8818359e+01
   5.5476400e+05   4.2114258e+01
   5.5482000e+05   4.3090820e+01
   5.5495000e+05   3.8574219e+01
   5.5503600e+05   4.5288086e+01
   5.5520600e+05   4.8217773e+01
   5.5525700e+05   4.5227051e+01
   5.5538100e+05   5.0781250e+01
   5.5547000e+05   4.0100098e+01
   5.5549400e+05   3.7170410e+01
   5.5552500e+05   4.0649414e+01
   5.5595700e+05   4.1015625e+01
   5.5598200e+05   4.2663574e+01
   5.5626900e+05   4.3945313e+01
   5.5631200e+05   4.7363281e+01
   5.5646700e+05   3.7658691e+01
   5.5686900e+05   3.9489746e+01
   6.0503800e+05   2.0074463e+03
   6.0595200e+05   3.7963867e+01
   6.0618200e+05   4.0039062e+01
   6.0620000e+05   4.0588379e+01
   6.0631900e+05   4.1503906e+01
   6.0638300e+05   4.9621582e+01
   6.0644600e+05   4.2114258e+01
   6.0654200e+05   4.0649414e+01
   6.0661800e+05   3.9916992e+01
   6.0665500e+05   3.8513184e+01
   6.0667200e+05   5.1574707e+01
   6.0680200e+05   4.7241211e+01
   6.0685500e+05   5.2185059e+01
   6.0690800e+05   5.1940918e+01
   6.0697100e+05   4.9072266e+01
   6.0702900e+05   4.6875000e+01
   6.0706600e+05   4.4189453e+01
   6.0719500e+05   3.7475586e+01
   6.0722600e+05   4.0222168e+01
   6.0723700e+05   4.7668457e+01
   6.0728200e+05   3.8635254e+01
   6.0734300e+05   3.8024902e+01
   6.0750400e+05   5.4016113e+01
   6.0767100e+05   3.8452148e+01
   6.0774200e+05   4.5104980e+01
   6.0781900e+05   3.8085938e+01
   6.0802500e+05   4.4189453e+01
   6.5505200e+05   2.0080566e+03
   6.5513300e+05   3.8146973e+01
   6.5616000e+05   4.2114258e+01
   6.5629900e+05   3.7414551e+01
   6.5633400e+05   7.4218750e+01
   6.5638500e+05   3.9184570e+01
   6.5654400e+05   4.6142578e+01
   6.5672600e+05   6.9274902e+01
   6.5688300e+05   5.6152344e+01
   6.5689900e+05   3.7170410e+01
   6.5708200e+05   3.7902832e+01
   6.5730300e+05   4.5532227e+01
   6.5769600e+05   3.9672852e+01
   6.5782100e+05   3.7414551e+01
   6.5794900e+05   4.1442871e+01
   6.5798600e+05   4.3762207e+01
   6.5833300e+05   4.6203613e+01
   6.5842800e+05   4.9377441e+01
   6.5848700e+05   3.8024902e+01
   6.5854400e+05   5.7556152e+01
   6.5878000e+05   5.5786133e+01
   6.5889000e+05   4.2602539e+01
   6.5892400e+05   4.1320801e+01
   6.5911400e+05   4.0649414e+01
   6.5919200e+05   4.5104980e+01
   6.5940800e+05   4.9499512e+01
   6.5965300e+05   4.0100098e+01
   6.5973200e+05   4.3762207e+01
   6.5975700e+05   4.0100098e+01
   6.5986000e+05   5.0537109e+01
   6.5998000e+05   3.8330078e+01
   6.6007600e+05   4.0771484e+01
   6.6015800e+05   3.7841797e+01
   6.6032200e+05   4.1687012e+01
   6.6040900e+05   3.9489746e+01
   6.6071100e+05   3.7597656e+01
   7.0506800e+05   3.9999390e+03
   7.0517300e+05   4.7607422e+01
   7.0620400e+05   3.8818359e+01
   7.0629600e+05   4.2236328e+01
   7.0630800e+05   4.3029785e+01
   7.0633900e+05   3.9611816e+01
   7.0643200e+05   4.4921875e+01
   7.0654600e+05   4.9438477e+01
   7.0659900e+05   3.9184570e+01
   7.0665400e+05   3.9184570e+01
   7.0674600e+05   3.8085938e+01
   7.0678000e+05   4.0893555e+01
   7.0679400e+05   3.7536621e+01
   7.0688100e+05   5.5236816e+01
   7.0703400e+05   4.2358398e+01
   7.0720300e+05   3.9794922e+01
   7.0726100e+05   4.2541504e+01
   7.0741100e+05   4.0893555e+01
   7.0742400e+05   5.6518555e+01
   7.0769100e+05   4.1564941e+01
   7.0776600e+05   4.7302246e+01
   7.0794000e+05   4.0832520e+01
   7.0816400e+05   4.1442871e+01
   7.0836500e+05   3.9855957e+01
   7.0852000e+05   3.9550781e+01
   7.0867700e+05   4.0649414e+01
   7.0871300e+05   4.6081543e+01
   7.0894100e+05   4.2907715e+01
   7.0897800e+05   4.0527344e+01
   7.0911600e+05   4.4006348e+01
   7.0921800e+05   4.1870117e+01
   7.0928800e+05   3.8574219e+01
   7.0932800e+05   5.0170898e+01
   7.0943300e+05   4.2053223e+01
   7.0951700e+05   3.8085938e+01
   7.0969600e+05   3.8513184e+01
   7.0973700e+05   3.8391113e+01
   7.0977500e+05   3.9672852e+01
   7.0985500e+05   4.0588379e+01
   7.1000400e+05   4.0893555e+01
   7.1025600e+05   3.7719727e+01
   7.1065600e+05   3.9672852e+01
   7.1068300e+05   4.3640137e+01
   7.1076000e+05   4.1076660e+01
   7.1086000e+05   4.6020508e+01
   7.3883300e+05   3.7231445e+01
   7.5508200e+05   3.9999390e+03
   7.5602700e+05   4.0771484e+01
   7.5609400e+05   4.5288086e+01
   7.5612800e+05   6.0485840e+01
   7.5616300e+05   4.0588379e+01
   7.5620800e+05   5.4077148e+01
   7.5628200e+05   3.9611816e+01
   7.5631300e+05   5.1086426e+01
   7.5637100e+05   3.9978027e+01
   7.5642300e+05   3.9916992e+01
   7.5652400e+05   4.8339844e+01
   7.5654900e+05   3.7597656e+01
   7.5656700e+05   4.3518066e+01
   7.5665300e+05   3.7170410e+01
   7.5669600e+05   4.6752930e+01
   7.5679500e+05   3.8513184e+01
   7.5684300e+05   4.8889160e+01
   7.5687300e+05   3.9916992e+01
   7.5690200e+05   3.8452148e+01
   7.5699000e+05   4.1625977e+01
   7.5702000e+05   3.9794922e+01
   7.5711100e+05   4.5104980e+01
   7.5717300e+05   4.0039063e+01
   7.5728800e+05   4.2480469e+01
   7.5734300e+05   4.2480469e+01
   7.5746400e+05   5.0598145e+01
   7.5757400e+05   3.9733887e+01
   7.5776900e+05   4.5288086e+01
   7.5783900e+05   3.9489746e+01
   7.5812900e+05   3.7536621e+01
   7.5833300e+05   3.9978027e+01
   7.5886700e+05   4.0222168e+01
   8.0509400e+05   2.0119629e+03
   8.0625200e+05   3.8330078e+01
   8.0633300e+05   3.9367676e+01
   8.0636800e+05   5.2551270e+01
   8.0644500e+05   4.3762207e+01
   8.0645900e+05   3.9855957e+01
   8.0650800e+05   4.3395996e+01
   8.0658600e+05   4.6142578e+01
   8.0664200e+05   3.8635254e+01
   8.0672400e+05   6.5124512e+01
   8.0677900e+05   5.2612305e+01
   8.0687600e+05   4.1564941e+01
   8.0690100e+05   4.6447754e+01
   8.0699900e+05   3.7780762e+01
   8.0709700e+05   5.0292969e+01
   8.0719100e+05   3.8208008e+01
   8.0720900e+05   3.9245605e+01
   8.0733500e+05   3.9672852e+01
   8.0736800e+05   4.2907715e+01
   8.0747600e+05   4.8217773e+01
   8.0758200e+05   3.8208008e+01
   8.0761600e+05   4.3823242e+01
   8.0767000e+05   4.1625977e+01
   8.0782400e+05   3.9855957e+01
   8.0802800e+05   3.9062500e+01
   8.0807300e+05   4.4921875e+01
   8.0821900e+05   4.5654297e+01
   8.0871100e+05   3.9428711e+01
   8.0886500e+05   4.4433594e+01
   8.0904200e+05   4.1931152e+01
   8.0911700e+05   4.8034668e+01
   8.0950500e+05   4.3212891e+01
   8.0951700e+05   4.4006348e+01
   8.0996900e+05   4.3884277e+01
   8.1016700e+05   3.7719727e+01
   8.1027200e+05   4.1992188e+01
   8.1071800e+05   3.9062500e+01
   8.1077300e+05   4.9377441e+01
   8.1103500e+05   4.8339844e+01
   8.1179100e+05   4.3762207e+01
   8.1283700e+05   4.8583984e+01
   8.5511000e+05   3.9999390e+03
   8.5625900e+05   3.7292480e+01
   8.5629400e+05   4.3579102e+01
   8.5635200e+05   3.9611816e+01
   8.5639600e+05   3.8513184e+01
   8.5654000e+05   5.2001953e+01
   8.5660300e+05   3.8940430e+01
   8.5662800e+05   5.0476074e+01
   8.5670700e+05   3.8696289e+01
   8.5674100e+05   4.2846680e+01
   8.5682200e+05   4.0710449e+01
   8.5689200e+05   4.0039063e+01
   8.5691600e+05   3.7780762e+01
   8.5695200e+05   3.9794922e+01
   8.5698900e+05   4.5043945e+01
   8.5701300e+05   3.7597656e+01
   8.5706900e+05   3.7170410e+01
   8.5709900e+05   4.7485352e+01
   8.5716700e+05   5.1391602e+01
   8.5725400e+05   4.4799805e+01
   8.5739100e+05   4.3518066e+01
   8.5742400e+05   4.7241211e+01
   8.5758400e+05   4.9926758e+01
   8.5779700e+05   3.9611816e+01
   8.5810200e+05   3.7841797e+01
   8.5827200e+05   4.1625977e+01
   8.5843500e+05   4.8034668e+01
   8.5854300e+05   3.8085938e+01
   9.0512200e+05   2.0081787e+03
   9.0667700e+05   4.3640137e+01
   9.0673700e+05   4.0039063e+01
   9.0682400e+05   5.1391602e+01
   9.0685200e+05   4.5043945e+01
   9.0686900e+05   4.2175293e+01
   9.0694100e+05   3.8818359e+01
   9.0700900e+05   4.7241211e+01
   9.0703200e+05   3.8452148e+01
   9.0705800e+05   4.8767090e+01
   9.0712000e+05   5.7556152e+01
   9.0715200e+05   3.8452148e+01
   9.0717300e+05   5.1025391e+01
   9.0720900e+05   4.3945313e+01
   9.0735200e+05   3.7963867e+01
   9.0745700e+05   3.9245605e+01
   9.0750700e+05   3.7536621e+01
   9.0757000e+05   3.7353516e+01
   9.0763000e+05   4.0222168e+01
   9.0768600e+05   4.2663574e+01
   9.0789000e+05   5.7189941e+01
   9.0790100e+05   4.2114258e+01
   9.0800200e+05   4.6691895e+01
   9.0807900e+05   4.2297363e+01
   9.0833500e+05   4.1198730e+01
   9.0849600e+05   4.5837402e+01
   9.0876800e+05   3.7231445e+01
   9.0885800e+05   3.8085938e+01
   9.0903200e+05   4.6752930e+01
   9.0912200e+05   4.3701172e+01
   9.0938000e+05   5.2612305e+01
   9.0956800e+05   4.8767090e+01
   9.0979200e+05   4.6203613e+01
   9.0983300e+05   4.5043945e+01
   9.1057700e+05   4.2114258e+01
   9.1089600e+05   4.4677734e+01
   9.5513600e+05   2.0082397e+03
   1.0051500e+06   2.0098267e+03
   1.0065140e+06   4.8400879e+01
   1.0065460e+06   8.0261230e+01
   1.0066650e+06   4.2968750e+01
   1.0067330e+06   5.7922363e+01
   1.0067780e+06   4.1870117e+01
   1.0068960e+06   3.9245605e+01
   1.0069260e+06   4.1748047e+01
   1.0070130e+06   3.8452148e+01
   1.0070580e+06   5.0598145e+01
   1.0071690e+06   3.9978027e+01
   1.0072010e+06   4.1259766e+01
   1.0072200e+06   4.1870117e+01
   1.0072580e+06   4.8522949e+01
   1.0073350e+06   4.5776367e+01
   1.0073480e+06   4.3579102e+01
   1.0073720e+06   4.4494629e+01
   1.0074040e+06   4.5898438e+01
   1.0074620e+06   3.7841797e+01
   1.0075040e+06   4.6020508e+01
   1.0075340e+06   3.9367676e+01
   1.0075440e+06   6.1645508e+01
   1.0076300e+06   4.7973633e+01
   1.0076700e+06   4.2236328e+01
   1.0076910e+06   5.1452637e+01
   1.0077850e+06   4.9743652e+01
   1.0078320e+06   3.8024902e+01
   1.0079820e+06   3.8146973e+01
   1.0080150e+06   4.7424316e+01
   1.0082470e+06   4.7729492e+01
   1.0084170e+06   4.0100098e+01
   1.0551640e+06   2.0137329e+03
   1.0566740e+06   5.0170898e+01
   1.0567600e+06   4.3395996e+01
   1.0567840e+06   4.1076660e+01
   1.0568030e+06   3.9123535e+01
   1.0568410e+06   4.2663574e+01
   1.0569020e+06   3.7475586e+01
   1.0569740e+06   4.6691895e+01
   1.0569890e+06   4.0039063e+01
   1.0570340e+06   4.2602539e+01
   1.0570980e+06   4.1870117e+01
   1.0571320e+06   3.9794922e+01
   1.0571640e+06   5.0048828e+01
   1.0572140e+06   4.4067383e+01
   1.0572470e+06   4.1320801e+01
   1.0572700e+06   4.2602539e+01
   1.0572940e+06   5.4748535e+01
   1.0573230e+06   4.5654297e+01
   1.0573360e+06   5.8959961e+01
   1.0573580e+06   4.0039063e+01
   1.0574010e+06   4.0161133e+01
   1.0574290e+06   4.3945313e+01
   1.0574530e+06   6.7626953e+01
   1.0574760e+06   4.9438477e+01
   1.0575040e+06   3.7658691e+01
   1.0575640e+06   4.3884277e+01
   1.0575900e+06   4.0039063e+01
   1.0576210e+06   3.7170410e+01
   1.0576510e+06   4.4189453e+01
   1.0576640e+06   6.1279297e+01
   1.0577190e+06   4.2236328e+01
   1.0577340e+06   4.5715332e+01
   1.0577470e+06   4.3273926e+01
   1.0577880e+06   4.3395996e+01
   1.0578210e+06   5.2429199e+01
   1.0578380e+06   5.8349609e+01
   1.0578840e+06   4.5227051e+01
   1.0579120e+06   4.1687012e+01
   1.0579290e+06   5.8227539e+01
   1.0580070e+06   4.1625977e+01
   1.0580560e+06   3.7353516e+01
   1.0580770e+06   3.7658691e+01
   1.0581810e+06   4.0893555e+01
   1.0583040e+06   3.7841797e+01
   1.0583220e+06   3.9245605e+01
   1.0583590e+06   4.0161133e+01
   1.0584650e+06   3.9245605e+01
   1.1051780e+06   2.0105591e+03
   1.1062800e+06   4.4738770e+01
   1.1064610e+06   4.6508789e+01
   1.1065740e+06   4.3884277e+01
   1.1066260e+06   4.3212891e+01
   1.1066700e+06   3.7475586e+01
   1.1067080e+06   3.9306641e+01
   1.1067760e+06   3.8085938e+01
   1.1068670e+06   4.6691895e+01
   1.1069490e+06   3.8818359e+01
   1.1069750e+06   3.8818359e+01
   1.1069890e+06   3.9367676e+01
   1.1070480e+06   5.2307129e+01
   1.1070890e+06   3.7902832e+01
   1.1071220e+06   5.3222656e+01
   1.1071550e+06   3.7536621e+01
   1.1072080e+06   6.2988281e+01
   1.1072560e+06   3.8818359e+01
   1.1073110e+06   4.6752930e+01
   1.1073440e+06   5.6396484e+01
   1.1073560e+06   5.0903320e+01
   1.1074030e+06   4.0039063e+01
   1.1074140e+06   6.3903809e+01
   1.1074360e+06   3.8940430e+01
   1.1074620e+06   5.3588867e+01
   1.1074730e+06   4.4616699e+01
   1.1075130e+06   5.3039551e+01
   1.1075860e+06   5.4077148e+01
   1.1076310e+06   4.0344238e+01
   1.1076630e+06   3.8940430e+01
   1.1076730e+06   5.4992676e+01
   1.1077060e+06   4.1748047e+01
   1.1078230e+06   4.1381836e+01
   1.1078340e+06   3.9489746e+01
   1.1079100e+06   4.2297363e+01
   1.1079680e+06   4.9621582e+01
   1.1080300e+06   5.4565430e+01
   1.1081370e+06   4.5654297e+01
   1.1082630e+06   3.9428711e+01
   1.1551920e+06   2.0060425e+03
   1.1558580e+06   3.9184570e+01
   1.1560300e+06   5.7556152e+01
   1.1560720e+06   3.7170410e+01
   1.1561640e+06   6.2377930e+01
   1.1562630e+06   4.5654297e+01
   1.1563110e+06   4.0710449e+01
   1.1563340e+06   5.3894043e+01
   1.1564120e+06   4.4494629e+01
   1.1564230e+06   5.1574707e+01
   1.1564640e+06   3.7475586e+01
   1.1564880e+06   4.6752930e+01
   1.1565510e+06   6.3110352e+01
   1.1565640e+06   5.3649902e+01
   1.1565830e+06   5.3833008e+01
   1.1565990e+06   4.0527344e+01
   1.1566310e+06   4.4555664e+01
   1.1566460e+06   7.5256348e+01
   1.1566750e+06   5.0170898e+01
   1.1567020e+06   4.9621582e+01
   1.1567450e+06   4.7058105e+01
   1.1567760e+06   3.8574219e+01
   1.1568020e+06   4.0771484e+01
   1.1568290e+06   5.8227539e+01
   1.1568530e+06   4.4799805e+01
   1.1568630e+06   4.3457031e+01
   1.1568770e+06   4.7607422e+01
   1.1569040e+06   4.1931152e+01
   1.1569270e+06   6.1950684e+01
   1.1569420e+06   4.6020508e+01
   1.1569700e+06   3.9062500e+01
   1.1569800e+06   4.0466309e+01
   1.1569930e+06   3.8269043e+01
   1.1570310e+06   4.4494629e+01
   1.1570510e+06   4.2358398e+01
   1.1572620e+06   4.8217773e+01
   1.1572930e+06   3.8635254e+01
   1.1573410e+06   3.7780762e+01
   1.1573620e+06   4.6264648e+01
   1.1574560e+06   3.9245605e+01
   1.1575790e+06   4.0771484e+01
   1.1579500e+06   4.0649414e+01
   1.2052060e+06   2.0099487e+03
   1.2052820e+06   4.7912598e+01
   1.2062690e+06   4.5898438e+01
   1.2063830e+06   3.8391113e+01
   1.2065090e+06   3.9001465e+01
   1.2065220e+06   3.8330078e+01
   1.2066000e+06   3.7658691e+01
   1.2066210e+06   4.0588379e+01
   1.2066430e+06   4.3884277e+01
   1.2067030e+06   3.9794922e+01
   1.2067260e+06   3.8757324e+01
   1.2067520e+06   3.8024902e+01
   1.2068090e+06   3.9611816e+01
   1.2068280e+06   3.9428711e+01
   1.2068980e+06   5.2124023e+01
   1.2069140e+06   4.4799805e+01
   1.2069750e+06   4.5715332e+01
   1.2070220e+06   4.9926758e+01
   1.2070520e+06   3.8330078e+01
   1.2070810e+06   4.3212891e+01
   1.2071110e+06   3.9245605e+01
   1.2071550e+06   6.5856934e+01
   1.2072170e+06   4.1137695e+01
   1.2072610e+06   3.9794922e+01
   1.2073030e+06   4.2114258e+01
   1.2073560e+06   3.9001465e+01
   1.2074440e+06   4.1503906e+01
   1.2074620e+06   4.4433594e+01
   1.2075300e+06   4.9194336e+01
   1.2076170e+06   5.3955078e+01
   1.2076510e+06   4.0344238e+01
   1.2077150e+06   3.9733887e+01
   1.2078430e+06   3.8146973e+01
   1.2079440e+06   3.8757324e+01
   1.2552220e+06   3.9999390e+03
   1.2562010e+06   3.7841797e+01
   1.2562920e+06   3.7170410e+01
   1.2563180e+06   4.0588379e+01
   1.2563460e+06   4.1870117e+01
   1.2563970e+06   4.6936035e+01
   1.2564450e+06   3.9062500e+01
   1.2565030e+06   5.3710938e+01
   1.2565450e+06   4.7363281e+01
   1.2565690e+06   3.7719727e+01
   1.2566310e+06   4.4006348e+01
   1.2566420e+06   4.2785645e+01
   1.2566610e+06   4.5959473e+01
   1.2567350e+06   5.5725098e+01
   1.2567840e+06   3.9367676e+01
   1.2567990e+06   5.1025391e+01
   1.2568260e+06   3.9794922e+01
   1.2568550e+06   4.9133301e+01
   1.2568890e+06   4.2968750e+01
   1.2569110e+06   3.8818359e+01
   1.2569670e+06   4.1198730e+01
   1.2570040e+06   4.0710449e+01
   1.2570900e+06   4.8767090e+01
   1.2571240e+06   4.3151855e+01
   1.2571510e+06   3.9733887e+01
   1.2571990e+06   4.9560547e+01
   1.2572270e+06   4.8583984e+01
   1.2572410e+06   3.7902832e+01
   1.2573370e+06   3.9916992e+01
   1.2573900e+06   4.1931152e+01
   1.2574540e+06   4.4006348e+01
   1.2575730e+06   4.5410156e+01
   1.2575870e+06   3.7841797e+01
   1.2576260e+06   4.9499512e+01
   1.2576380e+06   4.6447754e+01
   1.2577630e+06   3.9306641e+01
   1.2578840e+06   4.0588379e+01
   1.2579320e+06   3.9001465e+01
   1.2581570e+06   3.9123535e+01
   1.3052340e+06   2.0101318e+03
   1.3061770e+06   4.3762207e+01
   1.3063550e+06   3.8391113e+01
   1.3063850e+06   4.1381836e+01
   1.3064800e+06   4.0954590e+01
   1.3064940e+06   4.7241211e+01
   1.3065120e+06   4.2480469e+01
   1.3065800e+06   3.8146973e+01
   1.3066010e+06   4.2663574e+01
   1.3066180e+06   3.9550781e+01
   1.3066540e+06   4.3090820e+01
   1.3066980e+06   4.8889160e+01
   1.3067200e+06   5.1940918e+01
   1.3068340e+06   5.9143066e+01
   1.3068720e+06   4.6447754e+01
   1.3069250e+06   4.2541504e+01
   1.3069440e+06   4.9682617e+01
   1.3069860e+06   4.7363281e+01
   1.3069960e+06   4.5898438e+01
   1.3070330e+06   3.7353516e+01
   1.3070450e+06   4.9255371e+01
   1.3070550e+06   3.9367676e+01
   1.3071000e+06   4.4555664e+01
   1.3071220e+06   4.7912598e+01
   1.3071390e+06   3.9001465e+01
   1.3071710e+06   4.6264648e+01
   1.3071840e+06   4.1687012e+01
   1.3072010e+06   3.9001465e+01
   1.3072560e+06   4.2114258e+01
   1.3073490e+06   4.2358398e+01
   1.3074300e+06   3.9489746e+01
   1.3074870e+06   4.1381836e+01
   1.3076400e+06   4.4494629e+01
   1.3076860e+06   4.3762207e+01
   1.3077880e+06   4.0710449e+01
   1.3081580e+06   3.7658691e+01
   1.3552480e+06   2.0116577e+03
   1.3562540e+06   4.7729492e+01
   1.3562860e+06   5.2795410e+01
   1.3563470e+06   3.8330078e+01
   1.3563930e+06   3.9916992e+01
   1.3564570e+06   3.7658691e+01
   1.3565060e+06   4.2541504e+01
   1.3565610e+06   3.8330078e+01
   1.3565980e+06   3.8879395e+01
   1.3566230e+06   5.1269531e+01
   1.3566520e+06   3.9123535e+01
   1.3566780e+06   6.1645508e+01
   1.3567300e+06   4.9072266e+01
   1.3567400e+06   5.0354004e+01
   1.3567720e+06   5.4870605e+01
   1.3567870e+06   4.1748047e+01
   1.3568420e+06   4.2968750e+01
   1.3569250e+06   5.7617188e+01
   1.3569580e+06   3.8879395e+01
   1.3569840e+06   4.5166016e+01
   1.3570260e+06   4.3457031e+01
   1.3571050e+06   4.1564941e+01
   1.3571180e+06   3.9428711e+01
   1.3571500e+06   3.8208008e+01
   1.3571680e+06   5.7983398e+01
   1.3571840e+06   4.2602539e+01
   1.3572140e+06   4.5898438e+01
   1.3573240e+06   4.6264648e+01
   1.3574310e+06   4.0649414e+01
   1.3574550e+06   4.2846680e+01
   1.3574890e+06   4.2846680e+01
   1.3576260e+06   4.0771484e+01
   1.3576970e+06   3.8146973e+01
   1.4052620e+06   2.0134277e+03
   1.4062550e+06   3.7963867e+01
   1.4063470e+06   4.0893555e+01
   1.4063660e+06   4.2663574e+01
   1.4063920e+06   4.4433594e+01
   1.4064560e+06   3.7780762e+01
   1.4064880e+06   5.0781250e+01
   1.4064990e+06   5.2429199e+01
   1.4065410e+06   3.7109375e+01
   1.4065670e+06   4.5776367e+01
   1.4066160e+06   5.2978516e+01
   1.4066300e+06   4.2236328e+01
   1.4066640e+06   4.6386719e+01
   1.4067200e+06   3.8269043e+01
   1.4067530e+06   4.0222168e+01
   1.4067710e+06   4.5043945e+01
   1.4068050e+06   7.2753906e+01
   1.4068180e+06   3.8452148e+01
   1.4068570e+06   4.6508789e+01
   1.4068750e+06   3.8269043e+01
   1.4069110e+06   6.2011719e+01
   1.4069250e+06   4.1381836e+01
   1.4069610e+06   3.7719727e+01
   1.4069800e+06   4.9133301e+01
   1.4070030e+06   5.6152344e+01
   1.4070190e+06   5.2124023e+01
   1.4070560e+06   3.9245605e+01
   1.4070870e+06   4.4677734e+01
   1.4071120e+06   4.0100098e+01
   1.4071480e+06   6.2072754e+01
   1.4072130e+06   3.8208008e+01
   1.4072270e+06   4.8583984e+01
   1.4072510e+06   3.7536621e+01
   1.4072860e+06   3.7902832e+01
   1.4073100e+06   6.1584473e+01
   1.4073530e+06   4.5593262e+01
   1.4074160e+06   3.7902832e+01
   1.4074500e+06   5.1452637e+01
   1.4074640e+06   3.7475586e+01
   1.4075710e+06   3.7475586e+01
   1.4075930e+06   3.7353516e+01
   1.4077880e+06   5.1940918e+01
   1.4078510e+06   3.8269043e+01
   1.4081020e+06   4.1015625e+01
   1.4552760e+06   2.0108643e+03
   1.4553680e+06   3.7536621e+01
   1.4563920e+06   5.6884766e+01
   1.4564230e+06   4.2724609e+01
   1.4564820e+06   4.4372559e+01
   1.4565030e+06   4.8461914e+01
   1.4565540e+06   6.3049316e+01
   1.4566140e+06   3.7658691e+01
   1.4566300e+06   4.9072266e+01
   1.4566970e+06   4.1198730e+01
   1.4567360e+06   4.4677734e+01
   1.4568570e+06   4.4250488e+01
   1.4568680e+06   4.8217773e+01
   1.4569050e+06   4.3518066e+01
   1.4569690e+06   5.0842285e+01
   1.4569820e+06   5.0964355e+01
   1.4570340e+06   4.9072266e+01
   1.4570620e+06   3.7414551e+01
   1.4570950e+06   4.7363281e+01
   1.4571620e+06   5.0354004e+01
   1.4572140e+06   4.8156738e+01
   1.4572670e+06   4.3334961e+01
   1.4572900e+06   5.4626465e+01
   1.4573400e+06   4.2846680e+01
   1.4573810e+06   3.8024902e+01
   1.4574870e+06   4.7241211e+01
   1.4576260e+06   3.9855957e+01
   1.4576640e+06   4.7180176e+01
   1.4577030e+06   5.1513672e+01
   1.4577130e+06   3.7475586e+01
   1.4579350e+06   4.9011230e+01
   1.4583620e+06   4.0588379e+01
   1.5052900e+06   2.0119019e+03
   1.5061840e+06   4.1320801e+01
   1.5062390e+06   3.9672852e+01
   1.5062940e+06   3.8330078e+01
   1.5063680e+06   4.8400879e+01
   1.5064750e+06   6.0668945e+01
   1.5065170e+06   4.2724609e+01
   1.5065380e+06   4.7302246e+01
   1.5066000e+06   3.8696289e+01
   1.5066430e+06   4.2053223e+01
   1.5066900e+06   3.7780762e+01
   1.5067080e+06   5.1574707e+01
   1.5067650e+06   6.2866211e+01
   1.5067900e+06   5.0170898e+01
   1.5068090e+06   4.7851563e+01
   1.5068270e+06   6.3171387e+01
   1.5068480e+06   4.4189453e+01
   1.5068650e+06   3.9062500e+01
   1.5068900e+06   5.6335449e+01
   1.5069200e+06   5.9082031e+01
   1.5070330e+06   4.1137695e+01
   1.5070680e+06   4.0649414e+01
   1.5070800e+06   4.0161133e+01
   1.5071060e+06   3.9611816e+01
   1.5071260e+06   5.0170898e+01
   1.5071590e+06   4.2724609e+01
   1.5072000e+06   3.8452148e+01
   1.5072220e+06   3.8208008e+01
   1.5072870e+06   5.8532715e+01
   1.5074970e+06   4.0039063e+01
   1.5075070e+06   4.8645020e+01
   1.5076130e+06   4.4067383e+01
   1.5076590e+06   4.2785645e+01
   1.5077380e+06   3.9062500e+01
   1.5078720e+06   3.9978027e+01
   1.5553060e+06   3.9999390e+03
   1.5562750e+06   3.7963867e+01
   1.5563800e+06   4.2053223e+01
   1.5564870e+06   3.8757324e+01
   1.5565200e+06   4.2663574e+01
   1.5565640e+06   3.8024902e+01
   1.5565820e+06   4.1748047e+01
   1.5566380e+06   5.2612305e+01
   1.5566950e+06   4.6813965e+01
   1.5567230e+06   3.8513184e+01
   1.5567670e+06   3.7719727e+01
   1.5567770e+06   4.8461914e+01
   1.5567970e+06   4.1809082e+01
   1.5568140e+06   4.8034668e+01
   1.5568510e+06   3.7963867e+01
   1.5568850e+06   4.9743652e+01
   1.5568950e+06   5.7189941e+01
   1.5569220e+06   3.8391113e+01
   1.5569440e+06   3.7109375e+01
   1.5569690e+06   4.6264648e+01
   1.5569850e+06   4.1442871e+01
   1.5570120e+06   4.3945313e+01
   1.5570420e+06   4.3762207e+01
   1.5570670e+06   3.7231445e+01
   1.5571270e+06   4.1259766e+01
   1.5571460e+06   3.8940430e+01
   1.5571750e+06   4.7485352e+01
   1.5571920e+06   4.6508789e+01
   1.5572370e+06   4.1870117e+01
   1.5572630e+06   4.0588379e+01
   1.5573050e+06   3.8269043e+01
   1.5573280e+06   3.9428711e+01
   1.5574810e+06   4.1381836e+01
   1.5575910e+06   4.7180176e+01
   1.5577750e+06   3.8391113e+01
   1.5579200e+06   4.7546387e+01
   1.5579620e+06   3.8696289e+01
   1.5581690e+06   4.5166016e+01
   1.6053200e+06   3.9999390e+03
   1.6062100e+06   3.7475586e+01
   1.6063580e+06   5.3100586e+01
   1.6064350e+06   4.0893555e+01
   1.6064610e+06   4.0222168e+01
   1.6064770e+06   4.2846680e+01
   1.6065340e+06   3.7719727e+01
   1.6065850e+06   5.8654785e+01
   1.6066450e+06   3.9489746e+01
   1.6066830e+06   3.8635254e+01
   1.6067000e+06   3.9001465e+01
   1.6067330e+06   3.9367676e+01
   1.6068290e+06   4.5349121e+01
   1.6069000e+06   4.5043945e+01
   1.6069370e+06   4.1748047e+01
   1.6069520e+06   4.4616699e+01
   1.6070230e+06   5.0415039e+01
   1.6070830e+06   4.9682617e+01
   1.6071020e+06   5.2185059e+01
   1.6071220e+06   3.7536621e+01
   1.6071350e+06   3.8696289e+01
   1.6071650e+06   3.7292480e+01
   1.6072090e+06   3.7841797e+01
   1.6072750e+06   4.2663574e+01
   1.6072860e+06   5.6640625e+01
   1.6073200e+06   3.8696289e+01
   1.6073760e+06   5.0170898e+01
   1.6074140e+06   4.3151855e+01
   1.6074380e+06   4.1442871e+01
   1.6075050e+06   3.8085938e+01
   1.6075390e+06   3.9855957e+01
   1.6075530e+06   5.1452637e+01
   1.6076900e+06   3.9489746e+01
   1.6077240e+06   3.8696289e+01
   1.6079180e+06   3.7353516e+01
   1.6553340e+06   3.9999390e+03
   1.6554230e+06   3.8269043e+01
   1.6563580e+06   4.3701172e+01
   1.6564140e+06   5.4199219e+01
   1.6564680e+06   5.8837891e+01
   1.6565520e+06   5.4016113e+01
   1.6566440e+06   4.2480469e+01
   1.6567740e+06   5.3344727e+01
   1.6568010e+06   4.4311523e+01
   1.6568490e+06   4.2541504e+01
   1.6569190e+06   4.1442871e+01
   1.6569490e+06   4.4006348e+01
   1.6570040e+06   4.3212891e+01
   1.6570420e+06   4.0344238e+01
   1.6570920e+06   4.4128418e+01
   1.6571040e+06   4.4616699e+01
   1.6571260e+06   4.2297363e+01
   1.6571580e+06   3.8696289e+01
   1.6571700e+06   5.6701660e+01
   1.6572420e+06   3.7963867e+01
   1.6572620e+06   4.4128418e+01
   1.6573550e+06   4.0344238e+01
   1.6573810e+06   4.1564941e+01
   1.6573910e+06   5.7373047e+01
   1.6574140e+06   4.3151855e+01
   1.6575020e+06   4.4250488e+01
   1.6575890e+06   3.7536621e+01
   1.6576980e+06   4.8461914e+01
   1.6577250e+06   4.1320801e+01
   1.6578570e+06   4.1809082e+01
   1.6579260e+06   3.7231445e+01
   1.6579720e+06   3.8513184e+01
   1.7053460e+06   2.0114136e+03
   1.7063830e+06   4.4311523e+01
   1.7064050e+06   4.4494629e+01
   1.7064760e+06   4.2663574e+01
   1.7065520e+06   5.7250977e+01
   1.7066930e+06   5.5786133e+01
   1.7067800e+06   5.3527832e+01
   1.7068320e+06   4.7302246e+01
   1.7069370e+06   4.9743652e+01
   1.7069480e+06   4.7851563e+01
   1.7070200e+06   3.7780762e+01
   1.7070710e+06   4.3762207e+01
   1.7071460e+06   3.7414551e+01
   1.7071970e+06   4.8278809e+01
   1.7072700e+06   4.3884277e+01
   1.7073570e+06   3.7353516e+01
   1.7074760e+06   3.7658691e+01
   1.7074930e+06   4.5471191e+01
   1.7075940e+06   4.4311523e+01
   1.7076590e+06   4.4372559e+01
   1.7077510e+06   4.2358398e+01
   1.7078290e+06   3.9062500e+01
   1.7079050e+06   4.9011230e+01
   1.7079890e+06   4.4738770e+01
   1.7080940e+06   3.8085938e+01
   1.7083230e+06   4.8278809e+01
   1.7091060e+06   3.7109375e+01
   1.7553620e+06   3.9999390e+03
   1.7564390e+06   4.2968750e+01
   1.7564520e+06   5.9570313e+01
   1.7565680e+06   5.4138184e+01
   1.7565790e+06   4.2541504e+01
   1.7566640e+06   3.8085938e+01
   1.7567730e+06   4.9499512e+01
   1.7568070e+06   3.9001465e+01
   1.7569320e+06   4.2053223e+01
   1.7569700e+06   4.9499512e+01
   1.7569980e+06   3.7780762e+01
   1.7570460e+06   4.4433594e+01
   1.7571380e+06   5.1452637e+01
   1.7572590e+06   5.2795410e+01
   1.7572700e+06   3.7353516e+01
   1.7574400e+06   3.7963867e+01
   1.7575370e+06   5.0354004e+01
   1.7576480e+06   3.9184570e+01
   1.7576700e+06   3.8208008e+01
   1.7576840e+06   3.7536621e+01
   1.7577780e+06   3.8513184e+01
   1.7578040e+06   4.3029785e+01
   1.7579140e+06   5.2490234e+01
   1.7579470e+06   4.2297363e+01
   1.7581380e+06   4.6386719e+01
   1.7582180e+06   4.0832520e+01
   1.7582730e+06   3.9916992e+01
   1.7583400e+06   4.4799805e+01
   1.7584720e+06   3.9611816e+01
   1.7585610e+06   3.8513184e+01
   1.7587150e+06   3.7597656e+01
   1.7587290e+06   3.8024902e+01
   1.8053740e+06   2.0072021e+03
   1.8062910e+06   5.0231934e+01
   1.8064050e+06   4.4860840e+01
   1.8065450e+06   5.0781250e+01
   1.8065630e+06   5.4992676e+01
   1.8066390e+06   3.7170410e+01
   1.8066710e+06   6.0913086e+01
   1.8068080e+06   4.9682617e+01
   1.8068650e+06   4.3884277e+01
   1.8069680e+06   4.4067383e+01
   1.8069960e+06   3.7841797e+01
   1.8071270e+06   3.9794922e+01
   1.8071720e+06   4.1015625e+01
   1.8071970e+06   4.5532227e+01
   1.8073020e+06   4.8217773e+01
   1.8073800e+06   4.0466309e+01
   1.8074550e+06   4.1625977e+01
   1.8074870e+06   3.7658691e+01
   1.8075560e+06   3.9123535e+01
   1.8077910e+06   4.0771484e+01
   1.8078470e+06   4.1992188e+01
   1.8080800e+06   4.3212891e+01
   1.8083040e+06   3.8818359e+01
   1.8087280e+06   3.7536621e+01
   1.8090020e+06   3.7536621e+01
   1.8095450e+06   4.0222168e+01
   1.8098150e+06   4.3273926e+01
   1.8105070e+06   4.9255371e+01
   1.8105990e+06   3.7414551e+01
   1.8113730e+06   4.3334961e+01
   1.8115660e+06   3.9794922e+01
   1.8117310e+06   4.3395996e+01
   1.8118820e+06   4.7119141e+01
   1.8120250e+06   3.9428711e+01
   1.8538320e+06   4.1320801e+01
   1.8538680e+06   4.2297363e+01
   1.8539210e+06   3.9672852e+01
   1.8539500e+06   5.3283691e+01
   1.8540530e+06   6.1706543e+01
   1.8540830e+06   4.8461914e+01
   1.8541230e+06   4.1748047e+01
   1.8541890e+06   4.7119141e+01
   1.8542130e+06   3.9123535e+01
   1.8543180e+06   6.1218262e+01
   1.8544480e+06   4.1687012e+01
   1.8546240e+06   4.0222168e+01
   1.8547610e+06   5.3955078e+01
   1.8548280e+06   3.7780762e+01
   1.8548670e+06   4.8278809e+01
   1.8549590e+06   3.9123535e+01
   1.8550050e+06   4.4677734e+01
   1.8550240e+06   4.1625977e+01
   1.8550430e+06   4.1564941e+01
   1.8550750e+06   3.7597656e+01
   1.8551520e+06   5.4199219e+01
   1.8552380e+06   3.8940430e+01
   1.8553180e+06   3.8879395e+01
   1.8553880e+06   2.0119629e+03
   1.8554440e+06   3.7414551e+01
   1.8556410e+06   4.3762207e+01
   1.8557680e+06   4.0588379e+01
   1.8560200e+06   4.1076660e+01
   1.9054040e+06   3.9999390e+03
   1.9062560e+06   5.7128906e+01
   1.9064030e+06   4.4372559e+01
   1.9064830e+06   4.5471191e+01
   1.9065250e+06   4.5593262e+01
   1.9065970e+06   4.3212891e+01
   1.9066090e+06   3.7841797e+01
   1.9067290e+06   5.7250977e+01
   1.9067530e+06   3.8696289e+01
   1.9068290e+06   4.4311523e+01
   1.9068840e+06   5.4199219e+01
   1.9069140e+06   4.9987793e+01
   1.9069400e+06   4.1564941e+01
   1.9069820e+06   3.8940430e+01
   1.9070190e+06   4.7668457e+01
   1.9070560e+06   4.5349121e+01
   1.9071190e+06   5.2795410e+01
   1.9071400e+06   3.7658691e+01
   1.9072410e+06   3.9733887e+01
   1.9073420e+06   3.7475586e+01
   1.9073690e+06   5.0903320e+01
   1.9075220e+06   4.5776367e+01
   1.9076300e+06   5.2368164e+01
   1.9077220e+06   4.8034668e+01
   1.9079280e+06   3.7109375e+01
   1.9079570e+06   3.9062500e+01
   1.9082030e+06   3.8452148e+01
   1.9082600e+06   3.9001465e+01
   1.9085060e+06   3.8330078e+01
   1.9088270e+06   3.9062500e+01
   1.9088870e+06   4.1870117e+01
   1.9090260e+06   4.1137695e+01
   1.9091970e+06   4.9194336e+01
   1.9100510e+06   4.4677734e+01
   1.9554160e+06   2.0064087e+03
   1.9563110e+06   3.9978027e+01
   1.9563900e+06   3.7475586e+01
   1.9564300e+06   4.7180176e+01
   1.9564600e+06   4.5471191e+01
   1.9565880e+06   3.9672852e+01
   1.9566330e+06   4.6142578e+01
   1.9566720e+06   6.1828613e+01
   1.9567190e+06   3.9428711e+01
   1.9567620e+06   3.7109375e+01
   1.9568190e+06   3.7353516e+01
   1.9568530e+06   3.7536621e+01
   1.9570010e+06   4.3273926e+01
   1.9571120e+06   3.9855957e+01
   1.9571540e+06   4.2236328e+01
   1.9571820e+06   3.8146973e+01
   1.9572980e+06   4.1809082e+01
   1.9574120e+06   3.9611816e+01
   1.9574430e+06   4.3640137e+01
   1.9574740e+06   3.9062500e+01
   1.9575980e+06   5.1513672e+01
   1.9578420e+06   4.2053223e+01
   1.9580250e+06   3.7780762e+01
   1.9581630e+06   3.7170410e+01
   1.9582430e+06   5.7006836e+01
   1.9583450e+06   3.7719727e+01
   1.9584410e+06   4.3884277e+01
   1.9585870e+06   3.9794922e+01
   1.9586980e+06   5.1940918e+01
   1.9588490e+06   3.7841797e+01
   1.9591980e+06   4.6325684e+01
   1.9596350e+06   3.8879395e+01
   1.9598910e+06   4.7668457e+01
   1.9604440e+06   4.6997070e+01
   1.9616280e+06   3.7170410e+01
   1.9630540e+06   4.5715332e+01
   1.9631840e+06   4.0100098e+01
   1.9632710e+06   4.8583984e+01
   1.9634080e+06   3.7658691e+01
   1.9638140e+06   4.0222168e+01
   1.9638940e+06   4.3884277e+01
   1.9639540e+06   4.3945313e+01
   1.9642120e+06   3.9184570e+01
   1.9642550e+06   3.9855957e+01
   1.9645460e+06   4.5593262e+01
   1.9651170e+06   3.7963867e+01
   1.9654280e+06   4.9255371e+01
   1.9658080e+06   4.2663574e+01
   2.0054300e+06   2.0037231e+03
   2.0063520e+06   3.7109375e+01
   2.0063910e+06   3.9123535e+01
   2.0064210e+06   6.0668945e+01
   2.0065090e+06   5.1696777e+01
   2.0065850e+06   3.8146973e+01
   2.0066200e+06   4.2785645e+01
   2.0066650e+06   4.8339844e+01
   2.0067010e+06   4.2663574e+01
   2.0067680e+06   3.7780762e+01
   2.0067970e+06   4.4189453e+01
   2.0068670e+06   4.0527344e+01
   2.0068770e+06   3.9672852e+01
   2.0069040e+06   4.0161133e+01
   2.0069400e+06   4.4189453e+01
   2.0069890e+06   3.8085938e+01
   2.0070550e+06   4.2358398e+01
   2.0070810e+06   3.9978027e+01
   2.0070990e+06   3.7475586e+01
   2.0071820e+06   4.7912598e+01
   2.0072150e+06   3.7658691e+01
   2.0073600e+06   4.5227051e+01
   2.0074470e+06   5.7250977e+01
   2.0076370e+06   4.3029785e+01
   2.0077360e+06   4.4738770e+01
   2.0078560e+06   4.7302246e+01
   2.0078660e+06   4.7851563e+01
   2.0084990e+06   3.8818359e+01
   2.0085980e+06   4.2785645e+01
   2.0086560e+06   3.7170410e+01
   2.0554440e+06   2.0065308e+03
   2.0565340e+06   5.3222656e+01
   2.0565850e+06   3.7536621e+01
   2.0566280e+06   4.5349121e+01
   2.0566520e+06   4.7912598e+01
   2.0566810e+06   3.8635254e+01
   2.0566980e+06   3.9978027e+01
   2.0567290e+06   4.8828125e+01
   2.0567960e+06   4.5227051e+01
   2.0568310e+06   5.1635742e+01
   2.0568850e+06   4.4250488e+01
   2.0569140e+06   5.0415039e+01
   2.0569430e+06   4.1625977e+01
   2.0570200e+06   4.2602539e+01
   2.0570330e+06   3.7353516e+01
   2.0570960e+06   4.8706055e+01
   2.0571550e+06   4.2236328e+01
   2.0571950e+06   4.5654297e+01
   2.0572950e+06   3.7475586e+01
   2.0575150e+06   4.1625977e+01
   2.0575570e+06   4.3518066e+01
   2.0580160e+06   4.5715332e+01
   2.0580430e+06   3.7780762e+01
   2.0581510e+06   4.3273926e+01
   2.0592000e+06   3.7109375e+01
   2.0597290e+06   3.7231445e+01
   2.0610760e+06   4.2663574e+01
   2.1054580e+06   2.0115967e+03
   2.1064580e+06   3.7414551e+01
   2.1065010e+06   3.9184570e+01
   2.1065230e+06   5.1208496e+01
   2.1065500e+06   3.8574219e+01
   2.1065700e+06   5.1208496e+01
   2.1065990e+06   3.7658691e+01
   2.1066650e+06   4.9804688e+01
   2.1067520e+06   3.7658691e+01
   2.1067660e+06   4.8461914e+01
   2.1067890e+06   3.7536621e+01
   2.1068610e+06   4.6447754e+01
   2.1068790e+06   3.7963867e+01
   2.1069360e+06   4.5959473e+01
   2.1069660e+06   3.9123535e+01
   2.1069890e+06   3.7963867e+01
   2.1070050e+06   6.0546875e+01
   2.1070730e+06   3.8513184e+01
   2.1071100e+06   4.2663574e+01
   2.1071200e+06   3.8818359e+01
   2.1071390e+06   4.1076660e+01
   2.1071760e+06   3.7719727e+01
   2.1072570e+06   3.8879395e+01
   2.1072950e+06   3.7780762e+01
   2.1074060e+06   4.9011230e+01
   2.1075320e+06   3.7414551e+01
   2.1077030e+06   3.9733887e+01
   2.1078400e+06   5.6030273e+01
   2.1080800e+06   4.5166016e+01
   2.1081540e+06   7.3913574e+01
   2.1083080e+06   4.4677734e+01
   2.1087780e+06   4.3701172e+01
   2.1091800e+06   4.0405273e+01
   2.1095270e+06   3.9306641e+01
   2.1098850e+06   4.2907715e+01
   2.1104680e+06   4.5959473e+01
   2.1108980e+06   4.6264648e+01
   2.1554740e+06   3.9999390e+03
   2.1564360e+06   4.0893555e+01
   2.1565010e+06   5.3100586e+01
   2.1565940e+06   4.4250488e+01
   2.1566070e+06   4.7790527e+01
   2.1566480e+06   3.8085938e+01
   2.1566940e+06   4.3029785e+01
   2.1567700e+06   3.7658691e+01
   2.1568120e+06   3.9733887e+01
   2.1568270e+06   3.7597656e+01
   2.1568570e+06   4.1259766e+01
   2.1569100e+06   3.7963867e+01
   2.1569300e+06   4.1137695e+01
   2.1570140e+06   4.2480469e+01
   2.1571130e+06   5.2185059e+01
   2.1571400e+06   3.9428711e+01
   2.1571860e+06   3.9611816e+01
   2.1572250e+06   3.9855957e+01
   2.1574510e+06   3.7231445e+01
   2.1576050e+06   4.0588379e+01
   2.1578540e+06   4.8522949e+01
   2.1580230e+06   3.8024902e+01
   2.1582730e+06   4.8156738e+01
   2.1584880e+06   3.7292480e+01
   2.1587300e+06   4.5043945e+01
   2.1587650e+06   3.7719727e+01
   2.1588820e+06   3.8757324e+01
   2.1590000e+06   4.3457031e+01
   2.1595070e+06   3.7780762e+01
   2.2054880e+06   3.9999390e+03
   2.2064100e+06   3.9672852e+01
   2.2065610e+06   4.8706055e+01
   2.2065970e+06   5.7373047e+01
   2.2066310e+06   4.1015625e+01
   2.2066760e+06   3.9855957e+01
   2.2066930e+06   4.5959473e+01
   2.2067460e+06   3.8024902e+01
   2.2068050e+06   6.1523438e+01
   2.2068410e+06   5.8898926e+01
   2.2068930e+06   6.7443848e+01
   2.2069700e+06   3.9794922e+01
   2.2070390e+06   3.9611816e+01
   2.2071660e+06   4.3701172e+01
   2.2072340e+06   4.0588379e+01
   2.2073230e+06   5.6945801e+01
   2.2073710e+06   4.1809082e+01
   2.2075000e+06   3.7963867e+01
   2.2077670e+06   3.7902832e+01
   2.2080230e+06   3.9001465e+01
   2.2081400e+06   4.2297363e+01
   2.2084700e+06   4.5349121e+01
   2.2087190e+06   4.9316406e+01
   2.2100850e+06   3.9733887e+01
   2.2101840e+06   4.4433594e+01
   2.2555000e+06   2.0072632e+03
   2.2564260e+06   3.7719727e+01
   2.2566050e+06   4.6936035e+01
   2.2566700e+06   4.0954590e+01
   2.2566960e+06   3.7902832e+01
   2.2567480e+06   3.7902832e+01
   2.2567790e+06   4.0649414e+01
   2.2567940e+06   4.1870117e+01
   2.2568140e+06   4.0466309e+01
   2.2568740e+06   6.7260742e+01
   2.2569350e+06   4.2419434e+01
   2.2569730e+06   4.5532227e+01
   2.2570070e+06   3.9733887e+01
   2.2570730e+06   4.2236328e+01
   2.2571630e+06   4.8828125e+01
   2.2571990e+06   4.7912598e+01
   2.2572870e+06   4.1687012e+01
   2.2573080e+06   3.7170410e+01
   2.2573930e+06   4.5227051e+01
   2.2575220e+06   5.1818848e+01
   2.2575730e+06   5.5664063e+01
   2.2576930e+06   4.7912598e+01
   2.2578200e+06   4.2297363e+01
   2.2579050e+06   4.5288086e+01
   2.2580850e+06   5.0170898e+01
   2.2580980e+06   4.3090820e+01
   2.2583740e+06   3.7963867e+01
   2.2588580e+06   3.7719727e+01
   2.2592470e+06   4.8156738e+01
   2.2594670e+06   3.8146973e+01
   2.2745790e+06   3.8574219e+01
   2.2746790e+06   4.3029785e+01
   2.2747850e+06   4.2053223e+01
   2.2748370e+06   5.0292969e+01
   2.2748920e+06   4.1198730e+01
   2.2749190e+06   4.1442871e+01
   2.2749380e+06   5.4260254e+01
   2.2750020e+06   5.0476074e+01
   2.2751120e+06   4.4128418e+01
   2.2751420e+06   6.1401367e+01
   2.2751860e+06   4.1748047e+01
   2.2753300e+06   3.9550781e+01
   2.2755000e+06   3.7353516e+01
   2.2758340e+06   3.7597656e+01
   2.2760420e+06   4.3579102e+01
   2.2761400e+06   3.7475586e+01
   2.2762930e+06   4.7485352e+01
   2.2764220e+06   4.6325684e+01
   2.2769560e+06   4.3090820e+01
   2.2774570e+06   4.0527344e+01
   2.2776220e+06   4.4372559e+01
   2.2779920e+06   5.3771973e+01
   2.3055140e+06   2.0084839e+03
   2.3065390e+06   4.1992188e+01
   2.3065570e+06   4.6630859e+01
   2.3065850e+06   4.0710449e+01
   2.3065980e+06   3.9245605e+01
   2.3066310e+06   4.1198730e+01
   2.3066700e+06   3.8024902e+01
   2.3067110e+06   3.7841797e+01
   2.3067640e+06   4.3701172e+01
   2.3067740e+06   4.1503906e+01
   2.3068040e+06   3.7170410e+01
   2.3068750e+06   4.1076660e+01
   2.3069340e+06   3.7475586e+01
   2.3071030e+06   3.8146973e+01
   2.3072540e+06   5.7312012e+01
   2.3073000e+06   3.8452148e+01
   2.3073840e+06   4.3518066e+01
   2.3073950e+06   4.7424316e+01
   2.3074860e+06   4.3212891e+01
   2.3078610e+06   4.5715332e+01
   2.3079760e+06   4.4860840e+01
   2.3083080e+06   3.9733887e+01
   2.3087470e+06   3.8085937e+01
   2.3087940e+06   4.0039063e+01
   2.3090080e+06   3.9794922e+01
   2.3092860e+06   4.4250488e+01
   2.3094530e+06   3.9062500e+01
   2.3102820e+06   3.8940430e+01
   2.3555280e+06   2.0095825e+03
   2.3566630e+06   3.8452148e+01
   2.3567100e+06   4.7973633e+01
   2.3567330e+06   4.7729492e+01
   2.3567500e+06   4.0832520e+01
   2.3568040e+06   3.7292480e+01
   2.3569040e+06   5.3894043e+01
   2.3569580e+06   3.7597656e+01
   2.3570110e+06   4.1564941e+01
   2.3570610e+06   3.8452148e+01
   2.3570980e+06   4.3090820e+01
   2.3571260e+06   4.5715332e+01
   2.3572080e+06   4.4311523e+01
   2.3572800e+06   3.9123535e+01
   2.3572970e+06   4.6264648e+01
   2.3573430e+06   4.1748047e+01
   2.3573790e+06   4.3090820e+01
   2.3574340e+06   4.2480469e+01
   2.3575400e+06   4.6447754e+01
   2.3577470e+06   3.8757324e+01
   2.3580510e+06   3.7902832e+01
   2.3581540e+06   3.8330078e+01
   2.3583240e+06   4.0893555e+01
   2.3583730e+06   3.9245605e+01
   2.3583910e+06   3.7963867e+01
   2.3588160e+06   4.0466309e+01
   2.3589730e+06   3.7902832e+01
   2.3592950e+06   4.4311523e+01
   2.3594690e+06   4.1809082e+01
   2.3596930e+06   3.9611816e+01
   2.3599350e+06   3.7353516e+01
   2.3602050e+06   3.8391113e+01
   2.3603540e+06   3.7902832e+01
   2.4663480e+06   3.8757324e+01
   2.4666510e+06   4.5104980e+01
   2.4666990e+06   4.4006348e+01
   2.4668520e+06   3.8818359e+01
   2.4668680e+06   4.6020508e+01
   2.4669640e+06   4.1076660e+01
   2.4670050e+06   4.2968750e+01
   2.4670220e+06   5.1879883e+01
   2.4671460e+06   4.4250488e+01
   2.4671790e+06   3.9611816e+01
   2.4673210e+06   5.6335449e+01
   2.4673340e+06   5.3833008e+01
   2.4674320e+06   5.2978516e+01
   2.4674750e+06   3.9794922e+01
   2.4676070e+06   3.9733887e+01
   2.4679540e+06   4.3151855e+01
   2.4682520e+06   3.7841797e+01
   2.4689120e+06   3.9611816e+01
   2.5184780e+06   3.7353516e+01
   2.5188660e+06   3.8940430e+01
   2.5188860e+06   4.4921875e+01
   2.5189750e+06   4.6875000e+01
   2.5190540e+06   4.0222168e+01
   2.5191910e+06   3.8085938e+01
   2.5192130e+06   4.7241211e+01
   2.5193180e+06   4.0039063e+01
   2.5193390e+06   3.8574219e+01
   2.5194180e+06   4.0222168e+01
   2.5195230e+06   4.5959473e+01
   2.5196720e+06   4.2785645e+01
   2.5199320e+06   4.3518066e+01
   2.5203770e+06   4.5349121e+01
   2.5208250e+06   4.4860840e+01
   2.5211320e+06   4.3273926e+01
   2.5214200e+06   3.9794922e+01
   2.5216660e+06   3.9184570e+01
   2.5217790e+06   3.7902832e+01
   2.5218630e+06   4.2419434e+01
   2.5219210e+06   3.8085938e+01
   2.5220690e+06   5.1940918e+01
   2.5224390e+06   4.5288086e+01
   2.5224740e+06   3.7658691e+01
   2.5228910e+06   4.8706055e+01
   2.5230580e+06   4.6142578e+01
   2.5613380e+06   3.7353516e+01
   2.5713100e+06   3.9672852e+01
   2.5713730e+06   3.9367676e+01
   2.5716240e+06   5.4138184e+01
   2.5716520e+06   3.7292480e+01
   2.5717350e+06   4.3273926e+01
   2.5718040e+06   4.2175293e+01
   2.5718140e+06   4.1625977e+01
   2.5718910e+06   4.6142578e+01
   2.5719250e+06   4.3701172e+01
   2.5719640e+06   3.7109375e+01
   2.5720160e+06   4.4677734e+01
   2.5720550e+06   3.8940430e+01
   2.5721070e+06   6.4758301e+01
   2.5721350e+06   4.2846680e+01
   2.5723900e+06   5.8837891e+01
   2.5724160e+06   3.8635254e+01
   2.5724730e+06   4.3273926e+01
   2.5728280e+06   3.7963867e+01
   2.5732520e+06   4.6936035e+01
   2.5736650e+06   4.3029785e+01
   2.5743270e+06   3.9123535e+01
   2.6193620e+06   4.4616699e+01
   2.6202090e+06   3.8574219e+01
   2.6211830e+06   4.1992188e+01
   2.6212780e+06   3.9184570e+01
   2.6214840e+06   5.3344727e+01
   2.6214990e+06   4.2175293e+01
   2.6215450e+06   5.7495117e+01
   2.6215860e+06   4.1809082e+01
   2.6216540e+06   5.3527832e+01
   2.6217810e+06   5.2856445e+01
   2.6221640e+06   3.8146973e+01
   2.6223810e+06   3.9489746e+01
   2.6231410e+06   3.7292480e+01
   2.6778520e+06   4.5227051e+01
   2.6783590e+06   4.8583984e+01
   2.6787040e+06   3.7536621e+01
   2.6788710e+06   3.8208008e+01
   2.6793410e+06   4.3518066e+01
   2.6796520e+06   4.6936035e+01
   2.6796850e+06   3.8757324e+01
   2.6797740e+06   4.3151855e+01
   2.6798190e+06   4.2846680e+01
   2.6798570e+06   4.7729492e+01
   2.6798770e+06   3.8085938e+01
   2.6799780e+06   4.6142578e+01
   2.6800940e+06   6.0241699e+01
   2.6801470e+06   4.0771484e+01
   2.6801760e+06   3.8391113e+01
   2.6804890e+06   4.3579102e+01
   2.6808830e+06   3.7109375e+01
   2.6813040e+06   4.4555664e+01
   2.7527720e+06   5.0720215e+01
   2.7530250e+06   3.9489746e+01
   2.7532690e+06   4.2724609e+01
   2.7533630e+06   3.7597656e+01
   2.7537970e+06   4.0527344e+01
   2.7539050e+06   4.3334961e+01
   2.7541930e+06   3.7597656e+01
   2.7543580e+06   4.0649414e+01
   2.7544080e+06   5.2246094e+01
   2.7544740e+06   4.4799805e+01
   2.7545920e+06   4.4067383e+01
   2.7546140e+06   3.8696289e+01
   2.7547120e+06   5.1757813e+01
   2.7547380e+06   3.9550781e+01
   2.7549640e+06   4.2053223e+01
   2.7551060e+06   4.1442871e+01
   2.7552560e+06   4.5288086e+01
   2.7555870e+06   4.0771484e+01
   2.7557330e+06   3.8879395e+01
   2.7559990e+06   3.9001465e+01
   2.7564320e+06   4.1870117e+01
   2.7565640e+06   3.7231445e+01
   2.7568510e+06   4.4555664e+01
   2.7569650e+06   4.0588379e+01
   2.7571750e+06   3.7231445e+01
   2.7572340e+06   3.9367676e+01
   2.7574230e+06   3.7231445e+01
   2.7574710e+06   3.7719727e+01
   2.7575710e+06   3.8085938e+01
   2.7576740e+06   3.7780762e+01
   2.7577880e+06   4.4311523e+01
   2.7580430e+06   4.2114258e+01
   2.7585790e+06   3.7292480e+01
   2.7588780e+06   4.8156738e+01
   2.8423980e+06   4.1076660e+01
   2.8426790e+06   4.0344238e+01
   2.8427260e+06   4.1076660e+01
   2.8433750e+06   5.6213379e+01
   2.8449840e+06   4.1809082e+01
   2.9364300e+06   4.0283203e+01
   2.9364730e+06   3.8269043e+01
   2.9365020e+06   3.8452148e+01
   2.9365330e+06   6.0668945e+01
   2.9365430e+06   4.3640137e+01
   2.9365780e+06   4.0771484e+01
   2.9366020e+06   5.1391602e+01
   2.9366520e+06   4.5043945e+01
   2.9366650e+06   6.4208984e+01
   2.9367140e+06   4.0344238e+01
   2.9367320e+06   4.0527344e+01
   2.9367550e+06   7.5378418e+01
   2.9367830e+06   4.3640137e+01
   2.9368240e+06   4.7851563e+01
   2.9368410e+06   4.1015625e+01
   2.9368510e+06   3.9367676e+01
   2.9368820e+06   5.1696777e+01
   2.9369120e+06   4.7363281e+01
   2.9369240e+06   4.2297363e+01
   2.9369450e+06   4.8278809e+01
   2.9369600e+06   7.3303223e+01
   2.9369870e+06   4.2602539e+01
   2.9369990e+06   4.8095703e+01
   2.9370320e+06   4.2358398e+01
   2.9370680e+06   4.1137695e+01
   2.9371230e+06   3.7109375e+01
   2.9371570e+06   4.0100098e+01
   2.9372330e+06   3.9611816e+01
   2.9372760e+06   4.6203613e+01
   2.9373300e+06   3.9611816e+01
   2.9374460e+06   4.1015625e+01
   2.9375440e+06   4.4921875e+01
   2.9376350e+06   3.9855957e+01
   2.9377760e+06   4.5288086e+01
   2.9840510e+06   3.9672852e+01
   2.9841270e+06   4.0771484e+01
   2.9841790e+06   3.9978027e+01
   2.9842090e+06   4.6142578e+01
   2.9842260e+06   4.1015625e+01
   2.9842520e+06   7.1960449e+01
   2.9842700e+06   4.4738770e+01
   2.9842990e+06   4.8217773e+01
   2.9843200e+06   4.6203613e+01
   2.9843430e+06   7.9467773e+01
   2.9843650e+06   4.8889160e+01
   2.9843920e+06   5.2368164e+01
   2.9844080e+06   6.9091797e+01
   2.9844390e+06   5.0537109e+01
   2.9844710e+06   4.3701172e+01
   2.9844900e+06   4.1870117e+01
   2.9845160e+06   4.1442871e+01
   2.9845340e+06   3.8452148e+01
   2.9845620e+06   3.9550781e+01
   2.9845980e+06   6.5246582e+01
   2.9846690e+06   4.6081543e+01
   2.9847210e+06   5.0842285e+01
   2.9847610e+06   4.2236328e+01
   2.9847990e+06   3.7658691e+01
   2.9848190e+06   3.7475586e+01
   2.9848450e+06   4.2297363e+01
   2.9849070e+06   3.9733887e+01
   2.9850100e+06   4.2602539e+01
   2.9851580e+06   4.7851563e+01
   2.9852110e+06   3.7780762e+01
   2.9853130e+06   5.5725098e+01
   2.9853940e+06   3.7780762e+01
   2.9855570e+06   4.6569824e+01
   2.9858510e+06   4.3640137e+01
