   2.9990000e+06   0.0000000e+00
   1.7437000e+04   5.3649902e+01
   1.7455000e+04   5.2185059e+01
   1.7862000e+04   4.2541504e+01
   1.7891000e+04   4.0954590e+01
   1.7992000e+04   3.8635254e+01
   1.8077000e+04   3.6865234e+01
   1.8141000e+04   4.7058105e+01
   1.8429000e+04   4.0832520e+01
   1.8454000e+04   3.6804199e+01
   1.8522000e+04   3.8879395e+01
   1.8616000e+04   3.7414551e+01
   1.8642000e+04   3.9978027e+01
   1.8799000e+04   3.8452148e+01
   5.9621000e+04   3.8391113e+01
   6.7176000e+04   3.9672852e+01
   6.7265000e+04   4.5532227e+01
   6.7450000e+04   3.8513184e+01
   6.7523000e+04   3.8879395e+01
   6.7540000e+04   3.9916992e+01
   6.7590000e+04   3.6743164e+01
   6.7611000e+04   4.2053223e+01
   6.7731000e+04   3.6560059e+01
   6.7774000e+04   4.1992188e+01
   6.7790000e+04   3.6743164e+01
   6.7879000e+04   4.2846680e+01
   6.8011000e+04   4.3212891e+01
   6.8099000e+04   3.6254883e+01
   6.8113000e+04   4.4250488e+01
   6.8216000e+04   3.6560059e+01
   6.8258000e+04   3.6071777e+01
   6.8306000e+04   3.7048340e+01
   6.8318000e+04   3.6071777e+01
   1.0404300e+05   3.9306641e+01
   1.0418600e+05   4.3945313e+01
   1.0421700e+05   3.5949707e+01
   1.0433500e+05   3.9245605e+01
   1.0452700e+05   3.6682129e+01
   1.0462700e+05   4.0222168e+01
   1.0465200e+05   3.8574219e+01
   1.0473900e+05   3.9855957e+01
   1.0489700e+05   3.7292480e+01
   1.0494700e+05   4.2236328e+01
   1.0550300e+05   3.8146973e+01
   1.2883000e+05   3.7353516e+01
   1.2885400e+05   4.2968750e+01
   1.2888200e+05   4.0710449e+01
   1.2898600e+05   3.8146973e+01
   1.2901600e+05   3.6071777e+01
   1.2905000e+05   3.6804199e+01
   1.2916200e+05   4.0771484e+01
   1.2922100e+05   3.9794922e+01
   1.2932200e+05   3.7414551e+01
   1.2950800e+05   3.8635254e+01
   1.2957200e+05   3.6926270e+01
   1.2963400e+05   3.7414551e+01
   1.2971100e+05   3.7597656e+01
   1.2982000e+05   5.1391602e+01
   1.3017900e+05   3.6499023e+01
   1.3028100e+05   4.1809082e+01
   1.3051600e+05   3.8085938e+01
   1.7116700e+05   3.7658691e+01
   1.7126300e+05   4.4982910e+01
   1.7130000e+05   3.7597656e+01
   1.7136200e+05   4.0222168e+01
   1.7143700e+05   3.6437988e+01
   1.7147400e+05   3.9855957e+01
   1.7149700e+05   4.3212891e+01
   1.7152600e+05   3.7841797e+01
   1.7160600e+05   4.0710449e+01
   1.7170400e+05   4.0039063e+01
   1.7196900e+05   3.7780762e+01
   1.7207900e+05   4.0039063e+01
   1.7210400e+05   3.6254883e+01
   1.7218400e+05   3.6437988e+01
   2.0755000e+05   3.7414551e+01
   2.0756800e+05   3.9611816e+01
   2.0761800e+05   3.8635254e+01
   2.0771600e+05   4.4067383e+01
   2.0776500e+05   3.9001465e+01
   2.0786400e+05   5.5541992e+01
   2.0798200e+05   3.9855957e+01
   2.0810600e+05   3.7536621e+01
   2.0817900e+05   4.2114258e+01
   2.0834700e+05   3.6376953e+01
   2.0843100e+05   3.8330078e+01
   2.0854300e+05   3.9306641e+01
   3.3064200e+05   3.8818359e+01
   3.3079700e+05   4.4677734e+01
   3.3085300e+05   3.7902832e+01
   3.3086400e+05   3.9001465e+01
   3.3091500e+05   3.6804199e+01
   3.3099900e+05   3.9794922e+01
   3.3112500e+05   3.7597656e+01
   3.3123800e+05   3.7780762e+01
   3.3135200e+05   3.7231445e+01
   3.3143500e+05   4.1931152e+01
   3.3156900e+05   3.8024902e+01
   3.3162400e+05   4.0588379e+01
   3.3167600e+05   3.7414551e+01
   4.1706900e+05   3.7597656e+01
   4.1716100e+05   3.7719727e+01
   4.1725500e+05   4.1809082e+01
   4.1731900e+05   3.7536621e+01
   4.1740500e+05   3.6499023e+01
   4.1751500e+05   4.0954590e+01
   4.1756000e+05   4.7668457e+01
   4.1770400e+05   4.2724609e+01
   4.1783000e+05   3.6743164e+01
   4.1786300e+05   3.6621094e+01
   4.1796000e+05   4.4494629e+01
   4.1801700e+05   4.0466309e+01
   4.1825900e+05   3.6865234e+01
   4.1837800e+05   3.6437988e+01
   4.6468000e+05   3.6254883e+01
   4.6472400e+05   4.0527344e+01
   4.6475400e+05   4.3640137e+01
   4.6487800e+05   4.1015625e+01
   4.6489500e+05   3.8024902e+01
   4.6499800e+05   4.3701172e+01
   4.6517200e+05   4.2358398e+01
   4.6518600e+05   4.1442871e+01
   4.6523400e+05   3.9001465e+01
   4.6527300e+05   3.8024902e+01
   4.6538100e+05   3.6071777e+01
   4.6549700e+05   3.8085938e+01
   4.6557900e+05   4.0222168e+01
   4.6568800e+05   3.8513184e+01
   4.6573300e+05   3.7536621e+01
   4.6581600e+05   3.7231445e+01
   4.6590600e+05   3.6743164e+01
   5.2734500e+05   4.6936035e+01
   5.2743900e+05   4.9072266e+01
   5.2759700e+05   4.6020508e+01
   5.2771400e+05   3.7963867e+01
   5.2786100e+05   3.7292480e+01
   5.2799600e+05   5.0720215e+01
   5.2817100e+05   3.9428711e+01
   5.2838200e+05   4.4189453e+01
   5.2843700e+05   3.8757324e+01
   5.2861400e+05   4.2358398e+01
   5.2869900e+05   3.8452148e+01
   5.2911900e+05   3.8818359e+01
   5.5433000e+05   3.9916992e+01
   5.5470600e+05   3.7231445e+01
   5.5477600e+05   4.0527344e+01
   5.5483800e+05   4.4738770e+01
   5.5510700e+05   3.7475586e+01
   5.5513400e+05   3.6071777e+01
   5.5528200e+05   3.6987305e+01
   5.5532300e+05   3.6193848e+01
   5.5560000e+05   4.1564941e+01
   5.5567200e+05   4.0283203e+01
   5.5587700e+05   3.9428711e+01
   5.5603700e+05   3.7536621e+01
   6.0503800e+05   2.0150146e+03
   6.0505300e+05   3.8024902e+01
   6.0598200e+05   3.6743164e+01
   6.0606700e+05   4.5959473e+01
   6.0654600e+05   3.8635254e+01
   6.0670700e+05   3.7048340e+01
   6.0671900e+05   3.6254883e+01
   6.0674900e+05   3.6254883e+01
   6.0685000e+05   4.4433594e+01
   6.0692000e+05   3.6621094e+01
   6.0704700e+05   3.6987305e+01
   6.0749800e+05   3.6254883e+01
   6.5505200e+05   2.0051880e+03
   6.5508200e+05   3.8085938e+01
   6.5629100e+05   4.0588379e+01
   6.5634700e+05   4.0771484e+01
   6.5642600e+05   3.7658691e+01
   6.5870000e+05   3.7780762e+01
   6.5901100e+05   3.6315918e+01
   6.5916400e+05   3.9306641e+01
   6.5994300e+05   3.7536621e+01
   7.0506800e+05   3.9999390e+03
   7.0507900e+05   3.8330078e+01
   7.0621200e+05   4.1625977e+01
   7.0622900e+05   3.7536621e+01
   7.0643700e+05   3.6254883e+01
   7.0652500e+05   3.7536621e+01
   7.0670900e+05   4.0283203e+01
   7.0680300e+05   4.3823242e+01
   7.0738700e+05   3.9367676e+01
   7.0913600e+05   4.4372559e+01
   7.5508000e+05   2.0090942e+03
   7.5509500e+05   3.9001465e+01
   7.5589900e+05   3.7902832e+01
   7.5603100e+05   3.8635254e+01
   7.5606400e+05   4.1564941e+01
   7.5607400e+05   4.1198730e+01
   7.5620700e+05   3.9489746e+01
   7.5630600e+05   4.1137695e+01
   7.5657600e+05   3.8696289e+01
   7.5700100e+05   3.7048340e+01
   7.5714900e+05   3.7414551e+01
   7.5731100e+05   3.9611816e+01
   8.0509400e+05   2.0119629e+03
   8.0627900e+05   3.7536621e+01
   8.0634400e+05   3.6437988e+01
   8.0654300e+05   3.7902832e+01
   8.0656400e+05   3.6743164e+01
   8.0663000e+05   3.6254883e+01
   8.0672300e+05   3.5949707e+01
   8.0690900e+05   5.3222656e+01
   8.0706500e+05   3.6071777e+01
   8.0710600e+05   4.1015625e+01
   8.0737400e+05   4.1442871e+01
   8.0872500e+05   3.6132813e+01
   8.3214600e+05   3.6437988e+01
   8.5510800e+05   2.0072632e+03
   8.5513900e+05   4.2663574e+01
   8.5619200e+05   4.3762207e+01
   8.5634900e+05   4.8828125e+01
   8.5641900e+05   3.6804199e+01
   8.5644700e+05   3.6010742e+01
   8.5680800e+05   3.6926270e+01
   8.5743100e+05   3.6193848e+01
   8.5768300e+05   3.8208008e+01
   9.0512200e+05   2.0125732e+03
   9.0674000e+05   3.7780762e+01
   9.0680700e+05   4.2236328e+01
   9.0703100e+05   3.8757324e+01
   9.0711500e+05   3.9184570e+01
   9.0747700e+05   3.8757324e+01
   9.0789800e+05   3.6010742e+01
   9.5513800e+05   3.9999390e+03
   1.0051500e+06   2.0094604e+03
   1.0051800e+06   4.0588379e+01
   1.0064080e+06   3.6376953e+01
   1.0064260e+06   3.8452148e+01
   1.0065120e+06   3.6499023e+01
   1.0067370e+06   5.3222656e+01
   1.0068740e+06   3.6621094e+01
   1.0069450e+06   3.9916992e+01
   1.0070260e+06   3.7475586e+01
   1.0071760e+06   4.5654297e+01
   1.0072830e+06   3.8696289e+01
   1.0074490e+06   3.7536621e+01
   1.0075100e+06   4.0832520e+01
   1.0078530e+06   4.7668457e+01
   1.0081000e+06   3.6193848e+01
   1.0551640e+06   2.0076294e+03
   1.0564540e+06   3.7963867e+01
   1.0566570e+06   3.9428711e+01
   1.0566740e+06   3.8757324e+01
   1.0567360e+06   4.4311523e+01
   1.0567690e+06   3.6071777e+01
   1.0568610e+06   3.6987305e+01
   1.0569730e+06   4.1015625e+01
   1.0573720e+06   4.5959473e+01
   1.0575400e+06   4.5593262e+01
   1.0575910e+06   3.7963867e+01
   1.0576490e+06   3.7658691e+01
   1.0577700e+06   4.2358398e+01
   1.0578270e+06   4.2602539e+01
   1.0582850e+06   3.7475586e+01
   1.1051800e+06   3.9999390e+03
   1.1062200e+06   3.9062500e+01
   1.1064510e+06   4.2114258e+01
   1.1064680e+06   4.5776367e+01
   1.1065650e+06   4.8339844e+01
   1.1066440e+06   3.5949707e+01
   1.1067240e+06   4.0649414e+01
   1.1067580e+06   3.6193848e+01
   1.1067980e+06   3.7109375e+01
   1.1069300e+06   3.7780762e+01
   1.1070320e+06   3.6376953e+01
   1.1071750e+06   3.9123535e+01
   1.1072090e+06   3.8085938e+01
   1.1072370e+06   3.6987305e+01
   1.1072820e+06   4.0466309e+01
   1.1073560e+06   4.9865723e+01
   1.1074680e+06   5.2246094e+01
   1.1074870e+06   4.6447754e+01
   1.1551940e+06   3.9999390e+03
   1.1552220e+06   4.0466309e+01
   1.1559460e+06   3.6560059e+01
   1.1559930e+06   3.6926270e+01
   1.1560250e+06   4.1320801e+01
   1.1560840e+06   4.2175293e+01
   1.1563780e+06   3.6315918e+01
   1.1565180e+06   5.6335449e+01
   1.1565690e+06   3.6560059e+01
   1.1566460e+06   3.6499023e+01
   1.1566930e+06   4.7607422e+01
   1.1567660e+06   3.9367676e+01
   1.1568420e+06   4.3395996e+01
   1.1569080e+06   4.1137695e+01
   1.1569260e+06   3.9978027e+01
   1.1571550e+06   3.9123535e+01
   1.2052060e+06   2.0090942e+03
   1.2052170e+06   4.1442871e+01
   1.2052380e+06   3.9123535e+01
   1.2060160e+06   3.7597656e+01
   1.2062470e+06   4.0039063e+01
   1.2063050e+06   3.6254883e+01
   1.2063940e+06   4.1442871e+01
   1.2064680e+06   4.5898438e+01
   1.2066470e+06   3.6071777e+01
   1.2066920e+06   4.0588379e+01
   1.2067850e+06   4.0771484e+01
   1.2068330e+06   3.6010742e+01
   1.2068920e+06   4.4860840e+01
   1.2069340e+06   3.6071777e+01
   1.2070130e+06   4.0161133e+01
   1.2070470e+06   3.6499023e+01
   1.2071440e+06   3.8330078e+01
   1.2072180e+06   4.5593262e+01
   1.2552220e+06   3.9999390e+03
   1.2561110e+06   3.9184570e+01
   1.2562800e+06   3.9184570e+01
   1.2563770e+06   4.4067383e+01
   1.2564310e+06   3.6682129e+01
   1.2565170e+06   3.8879395e+01
   1.2566580e+06   3.8635254e+01
   1.2567160e+06   4.2297363e+01
   1.2567640e+06   4.0405273e+01
   1.2567990e+06   4.7790527e+01
   1.2569350e+06   5.6579590e+01
   1.2570090e+06   4.2419434e+01
   1.2570680e+06   3.9184570e+01
   1.2571080e+06   3.9611816e+01
   1.2572130e+06   4.7973633e+01
   1.2572850e+06   4.1870117e+01
   1.3052360e+06   3.9999390e+03
   1.3052490e+06   3.5949707e+01
   1.3055010e+06   4.0710449e+01
   1.3061040e+06   3.8330078e+01
   1.3062370e+06   3.8452148e+01
   1.3062800e+06   4.2358398e+01
   1.3063570e+06   4.1625977e+01
   1.3066170e+06   4.8156738e+01
   1.3066560e+06   4.3762207e+01
   1.3067950e+06   4.0832520e+01
   1.3069590e+06   4.3029785e+01
   1.3071020e+06   3.6621094e+01
   1.3071470e+06   4.3334961e+01
   1.3072330e+06   5.3894043e+01
   1.3552480e+06   2.0114746e+03
   1.3552590e+06   3.9123535e+01
   1.3562810e+06   3.9978027e+01
   1.3563140e+06   3.9672852e+01
   1.3564070e+06   4.2663574e+01
   1.3566010e+06   3.6376953e+01
   1.3566210e+06   4.0649414e+01
   1.3566710e+06   3.6987305e+01
   1.3567230e+06   3.7719727e+01
   1.3567550e+06   4.1564941e+01
   1.3569020e+06   3.6437988e+01
   1.3570380e+06   3.6499023e+01
   1.3571120e+06   4.4189453e+01
   1.3579440e+06   3.6804199e+01
   1.4052640e+06   3.9999390e+03
   1.4061560e+06   3.6682129e+01
   1.4063070e+06   4.6875000e+01
   1.4063900e+06   3.6682129e+01
   1.4064570e+06   4.4799805e+01
   1.4065360e+06   3.7780762e+01
   1.4066210e+06   4.1992188e+01
   1.4067390e+06   3.6254883e+01
   1.4067960e+06   3.6682129e+01
   1.4068080e+06   3.9306641e+01
   1.4068460e+06   4.0954590e+01
   1.4068820e+06   4.4860840e+01
   1.4070040e+06   4.0893555e+01
   1.4070830e+06   3.7231445e+01
   1.4072180e+06   4.3334961e+01
   1.4072830e+06   3.7597656e+01
   1.4077480e+06   3.6437988e+01
   1.4079890e+06   3.6315918e+01
   1.4552780e+06   3.9999390e+03
   1.4552900e+06   3.7231445e+01
   1.4561710e+06   3.6193848e+01
   1.4562810e+06   3.6499023e+01
   1.4563690e+06   3.7475586e+01
   1.4564660e+06   3.9855957e+01
   1.4565400e+06   3.6010742e+01
   1.4565650e+06   3.5949707e+01
   1.4566030e+06   3.6010742e+01
   1.4567350e+06   3.7963867e+01
   1.4567950e+06   3.7292480e+01
   1.4568870e+06   4.0344238e+01
   1.4572230e+06   4.0710449e+01
   1.4577110e+06   4.3457031e+01
   1.5052900e+06   2.0073853e+03
   1.5053030e+06   4.1320801e+01
   1.5061010e+06   3.6315918e+01
   1.5062120e+06   3.8879395e+01
   1.5064130e+06   5.6396484e+01
   1.5064490e+06   3.9611816e+01
   1.5065060e+06   4.0649414e+01
   1.5065210e+06   4.4982910e+01
   1.5065630e+06   3.8208008e+01
   1.5066720e+06   4.6020508e+01
   1.5068090e+06   4.2175293e+01
   1.5068790e+06   3.8696289e+01
   1.5069190e+06   3.9550781e+01
   1.5070660e+06   3.7414551e+01
   1.5071490e+06   5.2673340e+01
   1.5072080e+06   3.9672852e+01
   1.5074110e+06   3.8513184e+01
   1.5553060e+06   3.9999390e+03
   1.5560890e+06   3.6926270e+01
   1.5562440e+06   3.6193848e+01
   1.5564620e+06   3.6132813e+01
   1.5565610e+06   3.6254883e+01
   1.5566810e+06   3.9001465e+01
   1.5569140e+06   3.7048340e+01
   1.5569860e+06   4.2297363e+01
   1.5570350e+06   3.6193848e+01
   1.5570550e+06   4.5593262e+01
   1.5571310e+06   4.7180176e+01
   1.6053180e+06   2.0120239e+03
   1.6053490e+06   3.6315918e+01
   1.6062540e+06   3.9306641e+01
   1.6065490e+06   3.8757324e+01
   1.6066210e+06   3.7902832e+01
   1.6068540e+06   4.0710449e+01
   1.6069300e+06   4.3884277e+01
   1.6069510e+06   3.7109375e+01
   1.6071420e+06   3.8452148e+01
   1.6072870e+06   3.8208008e+01
   1.6075560e+06   4.0588379e+01
   1.6553320e+06   2.0079346e+03
   1.6553450e+06   3.9245605e+01
   1.6561030e+06   4.3395996e+01
   1.6562050e+06   3.6315918e+01
   1.6563630e+06   3.6743164e+01
   1.6564460e+06   3.7048340e+01
   1.6564830e+06   3.9794922e+01
   1.6566540e+06   3.6987305e+01
   1.6567120e+06   4.0100098e+01
   1.6567980e+06   3.6376953e+01
   1.6569600e+06   3.8024902e+01
   1.6570190e+06   3.7536621e+01
   1.6571120e+06   4.3151855e+01
   1.6571370e+06   3.7597656e+01
   1.7053480e+06   3.9999390e+03
   1.7053770e+06   4.6752930e+01
   1.7062100e+06   3.6621094e+01
   1.7062870e+06   4.3884277e+01
   1.7065740e+06   3.7536621e+01
   1.7067080e+06   3.6743164e+01
   1.7068800e+06   3.8513184e+01
   1.7069670e+06   4.2358398e+01
   1.7071040e+06   3.9123535e+01
   1.7075010e+06   3.7902832e+01
   1.7077280e+06   3.6560059e+01
   1.7082260e+06   3.7841797e+01
   1.7157410e+06   3.7841797e+01
   1.7553620e+06   3.9999390e+03
   1.7553910e+06   3.6987305e+01
   1.7561930e+06   3.9733887e+01
   1.7563050e+06   4.1809082e+01
   1.7564320e+06   4.1870117e+01
   1.7565170e+06   3.8269043e+01
   1.7566310e+06   4.2297363e+01
   1.7567080e+06   4.8156738e+01
   1.7567900e+06   3.8391113e+01
   1.7568820e+06   4.1687012e+01
   1.7569360e+06   3.6010742e+01
   1.7569500e+06   3.9367676e+01
   1.7570470e+06   3.7231445e+01
   1.7572270e+06   3.9794922e+01
   1.7573730e+06   3.6682129e+01
   1.7573930e+06   3.6376953e+01
   1.7575470e+06   3.6193848e+01
   1.7577500e+06   3.7048340e+01
   1.8053740e+06   2.0086060e+03
   1.8053870e+06   3.9978027e+01
   1.8061400e+06   3.9794922e+01
   1.8065650e+06   4.6447754e+01
   1.8069370e+06   4.4616699e+01
   1.8070620e+06   3.7170410e+01
   1.8071690e+06   3.6376953e+01
   1.8073460e+06   4.6997070e+01
   1.8075360e+06   3.9978027e+01
   1.8078120e+06   4.0832520e+01
   1.8536110e+06   3.7658691e+01
   1.8537060e+06   3.8269043e+01
   1.8538320e+06   4.1992188e+01
   1.8539460e+06   3.7170410e+01
   1.8540450e+06   3.9733887e+01
   1.8541850e+06   4.0649414e+01
   1.8545160e+06   4.3884277e+01
   1.8553880e+06   2.0076294e+03
   1.8554010e+06   4.6020508e+01
   1.8562610e+06   4.0832520e+01
   1.9054040e+06   3.9999390e+03
   1.9063960e+06   3.7902832e+01
   1.9064830e+06   3.9489746e+01
   1.9066130e+06   3.8574219e+01
   1.9067950e+06   3.9001465e+01
   1.9070270e+06   3.6743164e+01
   1.9070830e+06   4.1625977e+01
   1.9071090e+06   4.5471191e+01
   1.9075640e+06   3.6682129e+01
   1.9554160e+06   2.0054932e+03
   1.9554470e+06   3.7719727e+01
   1.9565380e+06   3.7780762e+01
   1.9565540e+06   3.6865234e+01
   1.9566320e+06   3.6132813e+01
   1.9566520e+06   4.8034668e+01
   1.9567720e+06   3.6132813e+01
   1.9568200e+06   4.1381836e+01
   1.9570400e+06   3.9428711e+01
   1.9576280e+06   3.6926270e+01
   1.9581920e+06   4.0588379e+01
   1.9587210e+06   3.5949707e+01
   1.9633230e+06   3.6010742e+01
   1.9642500e+06   3.6865234e+01
   1.9642630e+06   3.6621094e+01
   1.9647150e+06   4.0405273e+01
   1.9650030e+06   3.8024902e+01
   2.0054300e+06   2.0115967e+03
   2.0054420e+06   3.6437988e+01
   2.0054620e+06   4.1442871e+01
   2.0062530e+06   3.7475586e+01
   2.0064680e+06   3.7109375e+01
   2.0065470e+06   3.6621094e+01
   2.0066110e+06   4.1320801e+01
   2.0067610e+06   4.3518066e+01
   2.0074100e+06   4.1076660e+01
   2.0554440e+06   2.0090332e+03
   2.0563830e+06   3.8940430e+01
   2.0565700e+06   3.9123535e+01
   2.0566710e+06   4.5227051e+01
   2.0567240e+06   3.6071777e+01
   2.0567870e+06   3.7292480e+01
   2.0569980e+06   4.1015625e+01
   2.0571680e+06   4.0771484e+01
   2.0572430e+06   4.0222168e+01
   2.0575710e+06   3.8085938e+01
   2.0576410e+06   3.7353516e+01
   2.0577450e+06   3.6193848e+01
   2.1054580e+06   2.0127563e+03
   2.1063100e+06   3.7536621e+01
   2.1065360e+06   3.9611816e+01
   2.1065720e+06   3.6621094e+01
   2.1066660e+06   4.3151855e+01
   2.1067100e+06   4.6386719e+01
   2.1069420e+06   3.6926270e+01
   2.1070000e+06   3.7048340e+01
   2.1071600e+06   3.8757324e+01
   2.1073440e+06   3.7292480e+01
   2.1554740e+06   3.9999390e+03
   2.1562240e+06   3.9367676e+01
   2.1564560e+06   3.6437988e+01
   2.1565090e+06   4.4372559e+01
   2.1566890e+06   3.6499023e+01
   2.1567210e+06   4.4006348e+01
   2.1567970e+06   4.1564941e+01
   2.1568850e+06   4.4555664e+01
   2.1570620e+06   3.6437988e+01
   2.1572250e+06   3.6315918e+01
   2.1574790e+06   4.1809082e+01
   2.2054860e+06   2.0073242e+03
   2.2063120e+06   3.6804199e+01
   2.2064020e+06   3.8391113e+01
   2.2065310e+06   4.0771484e+01
   2.2065700e+06   4.0588379e+01
   2.2066820e+06   3.9062500e+01
   2.2067390e+06   3.6376953e+01
   2.2067670e+06   3.8635254e+01
   2.2067960e+06   4.4433594e+01
   2.2068270e+06   3.9428711e+01
   2.2068910e+06   4.4128418e+01
   2.2069160e+06   4.0405273e+01
   2.2069720e+06   3.6621094e+01
   2.2070110e+06   4.3395996e+01
   2.2071370e+06   3.8269043e+01
   2.2072190e+06   3.6987305e+01
   2.2073080e+06   3.6865234e+01
   2.2073240e+06   4.1381836e+01
   2.2555000e+06   2.0072021e+03
   2.2555320e+06   3.6926270e+01
   2.2563650e+06   3.7841797e+01
   2.2566110e+06   3.7963867e+01
   2.2566550e+06   4.9682617e+01
   2.2567630e+06   3.6193848e+01
   2.2568270e+06   4.3090820e+01
   2.2569690e+06   4.8522949e+01
   2.2570590e+06   4.5043945e+01
   2.2571030e+06   4.1748047e+01
   2.2572410e+06   4.8645020e+01
   2.2573850e+06   3.9672852e+01
   2.2576140e+06   3.5949707e+01
   2.2577150e+06   3.8940430e+01
   2.2747430e+06   4.2907715e+01
   2.2748440e+06   3.6804199e+01
   2.2748770e+06   3.8208008e+01
   2.2750010e+06   3.6926270e+01
   2.2750550e+06   4.4555664e+01
   2.2756360e+06   3.9489746e+01
   2.2762850e+06   3.7902832e+01
   2.3055160e+06   3.9999390e+03
   2.3055320e+06   3.6254883e+01
   2.3063000e+06   3.9855957e+01
   2.3065380e+06   3.8574219e+01
   2.3067040e+06   3.6010742e+01
   2.3067730e+06   3.8635254e+01
   2.3070310e+06   3.7414551e+01
   2.3073050e+06   4.9560547e+01
   2.3555280e+06   2.0117798e+03
   2.3555600e+06   4.1687012e+01
   2.3564550e+06   3.9611816e+01
   2.3566280e+06   4.2419434e+01
   2.3567210e+06   4.5654297e+01
   2.3567670e+06   3.8146973e+01
   2.3568750e+06   3.6560059e+01
   2.3569760e+06   4.4799805e+01
   2.3570100e+06   3.7231445e+01
   2.3573360e+06   3.9550781e+01
   2.3575470e+06   3.8208008e+01
   2.3575740e+06   3.8513184e+01
   2.3576630e+06   3.6376953e+01
   2.3589960e+06   3.8208008e+01
   2.4659460e+06   4.0039063e+01
   2.4668100e+06   4.6081543e+01
   2.4672300e+06   3.6987305e+01
   2.4676540e+06   4.2785645e+01
   2.4677530e+06   3.7170410e+01
   2.5182130e+06   3.7048340e+01
   2.5184290e+06   3.6926270e+01
   2.5189580e+06   4.3579102e+01
   2.5190840e+06   3.6193848e+01
   2.5194960e+06   4.3457031e+01
   2.5221410e+06   4.0771484e+01
   2.5700600e+06   3.9978027e+01
   2.5714700e+06   3.9184570e+01
   2.5716550e+06   3.9794922e+01
   2.5720970e+06   4.0954590e+01
   2.5722430e+06   3.8635254e+01
   2.5724200e+06   3.7780762e+01
   2.5725950e+06   3.7109375e+01
   2.5728930e+06   3.9489746e+01
   2.6191180e+06   3.9245605e+01
   2.6214680e+06   3.9855957e+01
   2.6217200e+06   4.3518066e+01
   2.6225090e+06   3.6987305e+01
   2.6777840e+06   3.7536621e+01
   2.6780420e+06   3.6132813e+01
   2.6784970e+06   3.6682129e+01
   2.6797600e+06   4.0588379e+01
   2.6801760e+06   3.8635254e+01
   2.7530990e+06   4.1381836e+01
   2.7534020e+06   4.0527344e+01
   2.7536180e+06   3.6499023e+01
   2.7545360e+06   3.6376953e+01
   2.7546310e+06   3.7536621e+01
   2.7548500e+06   3.6132813e+01
   2.8407260e+06   3.9184570e+01
   2.8421230e+06   3.7475586e+01
   2.8427350e+06   3.9123535e+01
   2.9360990e+06   3.7048340e+01
   2.9361330e+06   3.9916992e+01
   2.9363330e+06   4.5715332e+01
   2.9366280e+06   4.3579102e+01
   2.9366600e+06   3.6437988e+01
   2.9366970e+06   3.7963867e+01
   2.9367760e+06   4.5043945e+01
   2.9368040e+06   4.4616699e+01
   2.9368350e+06   3.6315918e+01
   2.9368870e+06   4.1625977e+01
   2.9369390e+06   3.9550781e+01
   2.9370600e+06   3.6499023e+01
   2.9370770e+06   3.6743164e+01
   2.9371540e+06   3.6132813e+01
   2.9834840e+06   4.6264648e+01
   2.9836460e+06   3.7841797e+01
   2.9837330e+06   3.6621094e+01
   2.9838470e+06   3.9611816e+01
   2.9839860e+06   3.8879395e+01
   2.9840570e+06   3.8879395e+01
   2.9842140e+06   4.0832520e+01
   2.9843220e+06   4.0100098e+01
   2.9843610e+06   3.6743164e+01
   2.9844810e+06   3.9489746e+01
   2.9845810e+06   3.8024902e+01
   2.9846340e+06   3.9245605e+01
   2.9846900e+06   3.6071777e+01
   2.9851250e+06   3.9001465e+01
