   2.9990000e+06   0.0000000e+00
   3.3518000e+04   3.9855957e+01
   3.3636000e+04   4.0283203e+01
   3.3662000e+04   1.1663818e+02
   3.3749000e+04   4.1564941e+01
   3.3795000e+04   3.8269043e+01
   3.4459000e+04   3.7414551e+01
   8.1079000e+04   3.8513184e+01
   8.1218000e+04   3.7780762e+01
   8.1360000e+04   5.1025391e+01
   8.1427000e+04   1.2634277e+02
   8.1468000e+04   4.7302246e+01
   8.1523000e+04   4.6142578e+01
   8.1601000e+04   4.6997070e+01
   8.1768000e+04   3.9367676e+01
   1.2853000e+05   4.0893555e+01
   1.2877400e+05   3.8330078e+01
   1.3096400e+05   4.0222168e+01
   1.3233300e+05   3.7902832e+01
   1.3295700e+05   3.7963867e+01
   1.3688600e+05   4.0283203e+01
   1.3691000e+05   3.9489746e+01
   1.3695800e+05   4.4006348e+01
   1.3697200e+05   3.7414551e+01
   1.3732800e+05   3.8574219e+01
   1.4003200e+05   4.1687012e+01
   1.4552100e+05   3.7536621e+01
   1.4929400e+05   3.9001465e+01
   1.4933200e+05   3.7841797e+01
   1.4940900e+05   4.0100098e+01
   1.4945100e+05   3.8513184e+01
   1.4957500e+05   4.5349121e+01
   1.8602800e+05   3.8696289e+01
   1.8800800e+05   3.7719727e+01
   1.8899600e+05   4.4372559e+01
   1.9123000e+05   3.9916992e+01
   1.9229200e+05   4.6142578e+01
   1.9235000e+05   3.8085938e+01
   2.0212800e+05   3.8513184e+01
   2.0495900e+05   4.2663574e+01
   2.0546800e+05   3.8024902e+01
   2.0657900e+05   4.3701172e+01
   2.0699900e+05   4.1320801e+01
   2.7593200e+05   4.4189453e+01
   2.7597500e+05   4.2114258e+01
   2.7600200e+05   1.0314941e+02
   2.7605500e+05   1.4202881e+02
   2.7611700e+05   3.7475586e+01
   2.7614000e+05   6.3476563e+01
   2.7615200e+05   9.3200684e+01
   2.7618100e+05   1.4190674e+02
   2.7621100e+05   4.3334961e+01
   2.7626300e+05   8.9721680e+01
   2.7634000e+05   5.0598145e+01
   2.7637100e+05   7.9406738e+01
   2.7639800e+05   1.0418701e+02
   2.7642400e+05   5.5053711e+01
   2.7646900e+05   8.8562012e+01
   2.7647900e+05   4.4799805e+01
   2.7649700e+05   5.1147461e+01
   2.7652000e+05   4.0954590e+01
   2.7654100e+05   4.2053223e+01
   2.7655900e+05   4.0283203e+01
   2.7662200e+05   4.8889160e+01
   2.7663500e+05   4.1381836e+01
   2.7674200e+05   3.7963867e+01
   2.7686700e+05   4.3579102e+01
   3.2959400e+05   4.2724609e+01
   3.2973500e+05   4.0344238e+01
   3.2975400e+05   1.3854980e+02
   3.2982900e+05   3.9489746e+01
   3.2983900e+05   4.8156738e+01
   3.2989500e+05   1.1022949e+02
   3.2993900e+05   4.4372559e+01
   3.2996200e+05   8.5693359e+01
   3.2998800e+05   1.1663818e+02
   3.2999800e+05   3.7841797e+01
   3.3004100e+05   9.3933105e+01
   3.3006300e+05   7.6965332e+01
   3.3007800e+05   4.7546387e+01
   3.3010600e+05   4.2358398e+01
   3.3012600e+05   4.7912598e+01
   3.3015100e+05   7.8796387e+01
   3.3017000e+05   5.1208496e+01
   3.3018400e+05   5.8898926e+01
   3.3019400e+05   3.9306641e+01
   3.3020600e+05   6.0241699e+01
   3.3022500e+05   5.2551270e+01
   3.3028500e+05   5.1269531e+01
   3.3029900e+05   5.3283691e+01
   3.3034200e+05   4.4799805e+01
   3.3043500e+05   3.9367676e+01
   3.3047800e+05   4.5471191e+01
   3.3051700e+05   4.1198730e+01
   3.9593900e+05   1.0778809e+02
   3.9598600e+05   4.0771484e+01
   3.9605300e+05   3.7963867e+01
   3.9608700e+05   3.8330078e+01
   3.9611900e+05   3.8024902e+01
   3.9615400e+05   4.6752930e+01
   3.9616800e+05   9.9487305e+01
   3.9618500e+05   4.3457031e+01
   3.9620600e+05   4.2297363e+01
   3.9623300e+05   6.2133789e+01
   3.9626400e+05   7.7148438e+01
   3.9628800e+05   6.9580078e+01
   3.9630800e+05   6.0668945e+01
   3.9632600e+05   6.2072754e+01
   3.9633600e+05   4.4738770e+01
   3.9636000e+05   5.6152344e+01
   3.9638500e+05   5.8471680e+01
   3.9641400e+05   8.3190918e+01
   3.9642500e+05   4.6630859e+01
   3.9644500e+05   5.1940918e+01
   3.9647200e+05   4.6691895e+01
   3.9653000e+05   5.1147461e+01
   3.9654200e+05   3.7780762e+01
   3.9661000e+05   4.5959473e+01
   3.9664000e+05   4.3884277e+01
   3.9669500e+05   3.8024902e+01
   3.9674200e+05   5.1696777e+01
   3.9680200e+05   3.7414551e+01
   3.9693200e+05   4.2846680e+01
   4.2162800e+05   5.7800293e+01
   4.2171500e+05   3.7780762e+01
   4.2172700e+05   9.4482422e+01
   4.2176300e+05   6.1706543e+01
   4.2178300e+05   1.1914063e+02
   4.2181300e+05   4.7424316e+01
   4.2183000e+05   4.5471191e+01
   4.2184900e+05   1.0406494e+02
   4.2186800e+05   4.9011230e+01
   4.2189400e+05   5.3649902e+01
   4.2191700e+05   6.2927246e+01
   4.2192800e+05   7.3242188e+01
   4.2195900e+05   5.9387207e+01
   4.2197900e+05   5.8532715e+01
   4.2199900e+05   5.3955078e+01
   4.2201800e+05   3.8269043e+01
   4.2203500e+05   5.0048828e+01
   4.2206000e+05   4.5104980e+01
   4.2207200e+05   4.7668457e+01
   4.2209200e+05   4.4067383e+01
   4.2211300e+05   4.5166016e+01
   4.2212600e+05   4.5288086e+01
   4.2214300e+05   3.8330078e+01
   4.2216900e+05   4.7729492e+01
   4.2220700e+05   3.7780762e+01
   4.2234500e+05   4.4311523e+01
   4.2236200e+05   4.2907715e+01
   4.2242700e+05   4.1870117e+01
   4.2246900e+05   5.2185059e+01
   4.4479900e+05   4.2724609e+01
   4.4489500e+05   1.1389160e+02
   4.4492700e+05   1.4147949e+02
   4.4493700e+05   3.9794922e+01
   4.4496100e+05   5.9143066e+01
   4.4498300e+05   9.1308594e+01
   4.4499600e+05   7.8735352e+01
   4.4501900e+05   3.8635254e+01
   4.4504400e+05   6.5002441e+01
   4.4506700e+05   6.1950684e+01
   4.4509700e+05   5.2734375e+01
   4.4512000e+05   6.3537598e+01
   4.4513500e+05   6.9519043e+01
   4.4515200e+05   4.9926758e+01
   4.4518000e+05   7.2753906e+01
   4.4520800e+05   4.5898438e+01
   4.4523400e+05   5.0720215e+01
   4.4525100e+05   4.8217773e+01
   4.4526600e+05   4.0466309e+01
   4.4528400e+05   4.5776367e+01
   4.4530100e+05   3.8696289e+01
   4.4537600e+05   4.5166016e+01
   4.4543300e+05   4.5654297e+01
   4.4549900e+05   3.7841797e+01
   4.4555100e+05   4.5959473e+01
   4.4561800e+05   3.8452148e+01
   4.4565300e+05   4.0954590e+01
   4.4605000e+05   3.9184570e+01
   4.4654300e+05   3.7963867e+01
   4.6662800e+05   5.1452637e+01
   4.6667000e+05   1.5844727e+02
   4.6670000e+05   1.1328125e+02
   4.6672300e+05   5.2734375e+01
   4.6674100e+05   1.0827637e+02
   4.6677800e+05   9.1369629e+01
   4.6680300e+05   5.6213379e+01
   4.6681400e+05   5.4443359e+01
   4.6683300e+05   4.9987793e+01
   4.6685900e+05   5.2795410e+01
   4.6688500e+05   7.9711914e+01
   4.6690400e+05   5.7189941e+01
   4.6693600e+05   4.7851563e+01
   4.6696100e+05   4.5288086e+01
   4.6697400e+05   6.5917969e+01
   4.6700000e+05   6.1523438e+01
   4.6706800e+05   4.1076660e+01
   4.6708600e+05   4.9011230e+01
   4.6709900e+05   4.0283203e+01
   4.6716200e+05   3.8024902e+01
   4.6722900e+05   4.1137695e+01
   4.6725400e+05   4.9011230e+01
   4.6729900e+05   3.9184570e+01
   4.6742800e+05   3.9306641e+01
   4.6754200e+05   3.8391113e+01
   4.6763700e+05   3.9550781e+01
   4.9019700e+05   3.8757324e+01
   4.9021900e+05   4.6630859e+01
   4.9024800e+05   1.0968018e+02
   4.9026700e+05   1.3604736e+02
   4.9028900e+05   5.0537109e+01
   4.9031300e+05   4.6813965e+01
   4.9033700e+05   1.1053467e+02
   4.9036000e+05   4.8095703e+01
   4.9038500e+05   5.2490234e+01
   4.9040200e+05   1.2207031e+02
   4.9042200e+05   3.9611816e+01
   4.9045700e+05   6.0974121e+01
   4.9048100e+05   4.0954590e+01
   4.9050500e+05   3.7902832e+01
   4.9052300e+05   5.6213379e+01
   4.9054600e+05   5.9204102e+01
   4.9057000e+05   4.1381836e+01
   4.9059300e+05   4.8278809e+01
   4.9062400e+05   5.3710938e+01
   4.9064600e+05   5.4321289e+01
   4.9066400e+05   3.7780762e+01
   4.9069200e+05   5.1757813e+01
   4.9070500e+05   4.2236328e+01
   4.9074600e+05   4.7912598e+01
   4.9081200e+05   5.3588867e+01
   4.9083600e+05   6.2561035e+01
   4.9089300e+05   4.3701172e+01
   4.9099100e+05   4.1992188e+01
   4.9111600e+05   3.8574219e+01
   4.9123500e+05   4.3395996e+01
   4.9147500e+05   4.4616699e+01
   4.9159200e+05   3.9428711e+01
   4.9177500e+05   3.7597656e+01
   4.9633700e+05   4.4860840e+01
   4.9655800e+05   3.8391113e+01
   4.9670000e+05   3.8574219e+01
   4.9672400e+05   3.9123535e+01
   4.9674000e+05   1.0290527e+02
   4.9678100e+05   4.0710449e+01
   4.9681600e+05   1.1303711e+02
   4.9684800e+05   8.5937500e+01
   4.9692300e+05   5.8227539e+01
   4.9694300e+05   7.0068359e+01
   4.9696000e+05   3.9916992e+01
   4.9697200e+05   5.1452637e+01
   4.9698300e+05   5.2185059e+01
   4.9700900e+05   5.6091309e+01
   4.9702300e+05   4.3212891e+01
   4.9703800e+05   4.6203613e+01
   4.9705600e+05   3.8879395e+01
   4.9711000e+05   4.8461914e+01
   4.9714000e+05   5.7006836e+01
   4.9716200e+05   5.2917480e+01
   4.9721200e+05   4.1198730e+01
   4.9724600e+05   4.1931152e+01
   4.9728100e+05   4.0527344e+01
   4.9733100e+05   3.9001465e+01
   4.9737800e+05   3.8574219e+01
   4.9738800e+05   3.9062500e+01
   4.9746700e+05   3.8269043e+01
   4.9749500e+05   5.1147461e+01
   4.9762300e+05   4.5837402e+01
   4.9767800e+05   4.0405273e+01
   4.9771600e+05   3.9611816e+01
   4.9815900e+05   4.2236328e+01
   4.9842200e+05   3.7536621e+01
   4.9879600e+05   3.7414551e+01
   5.0029100e+05   3.8696289e+01
   5.0135300e+05   4.1748047e+01
   5.0251900e+05   3.8330078e+01
   5.0275500e+05   4.1870117e+01
   5.0807900e+05   4.0710449e+01
   5.0814700e+05   3.9978027e+01
   5.0816400e+05   4.3273926e+01
   5.0819500e+05   4.0405273e+01
   5.0823300e+05   1.7230225e+02
   5.0824700e+05   4.1503906e+01
   5.0826300e+05   4.5959473e+01
   5.0828800e+05   5.0720215e+01
   5.0829900e+05   9.4238281e+01
   5.0833100e+05   8.2275391e+01
   5.0835700e+05   4.6264648e+01
   5.0837700e+05   6.6711426e+01
   5.0841200e+05   4.3823242e+01
   5.0843100e+05   4.0344238e+01
   5.0845200e+05   4.5349121e+01
   5.0846700e+05   5.3100586e+01
   5.0850900e+05   5.1452637e+01
   5.0854200e+05   6.4575195e+01
   5.0855900e+05   3.9184570e+01
   5.0860600e+05   3.8024902e+01
   5.0869300e+05   4.6386719e+01
   5.0873900e+05   4.0527344e+01
   5.0877500e+05   3.9794922e+01
   5.2046100e+05   4.0832520e+01
   5.2050200e+05   5.1208496e+01
   5.2052600e+05   3.8757324e+01
   5.2055400e+05   1.4916992e+02
   5.2058300e+05   4.5593262e+01
   5.2060900e+05   5.6396484e+01
   5.2063900e+05   1.1761475e+02
   5.2065100e+05   6.4514160e+01
   5.2067100e+05   3.9794922e+01
   5.2068700e+05   4.4799805e+01
   5.2071900e+05   5.0842285e+01
   5.2073700e+05   4.7119141e+01
   5.2075000e+05   3.7902832e+01
   5.2076800e+05   4.9194336e+01
   5.2079200e+05   4.8400879e+01
   5.2080800e+05   4.1625977e+01
   5.2082900e+05   4.4250488e+01
   5.2086800e+05   3.8391113e+01
   5.2088800e+05   3.9794922e+01
   5.2091400e+05   5.1940918e+01
   5.2097000e+05   4.5654297e+01
   5.2100900e+05   3.9123535e+01
   5.2104000e+05   3.8879395e+01
   5.2114700e+05   3.9978027e+01
   5.2159200e+05   6.0241699e+01
   5.3673500e+05   3.8024902e+01
   5.3679400e+05   4.5776367e+01
   5.3681100e+05   6.1767578e+01
   5.3683000e+05   4.3151855e+01
   5.3684900e+05   3.8391113e+01
   5.3687000e+05   1.0571289e+02
   5.3688200e+05   7.6110840e+01
   5.3691200e+05   4.2297363e+01
   5.3693700e+05   6.2255859e+01
   5.3696900e+05   5.6518555e+01
   5.3698100e+05   4.1870117e+01
   5.3700700e+05   5.7556152e+01
   5.3704200e+05   4.4677734e+01
   5.3705600e+05   4.5898438e+01
   5.3707000e+05   4.9438477e+01
   5.3709100e+05   4.7424316e+01
   5.3712700e+05   4.3334961e+01
   5.3714700e+05   5.1635742e+01
   5.3716500e+05   4.3701172e+01
   5.3717700e+05   3.8757324e+01
   5.3720900e+05   4.6325684e+01
   5.3721900e+05   5.4870605e+01
   5.3730700e+05   3.7597656e+01
   5.3740200e+05   4.7851563e+01
   5.3750200e+05   3.8391113e+01
   5.3761800e+05   4.3212891e+01
   5.3804200e+05   3.8146973e+01
   5.3900000e+05   3.9428711e+01
   5.3965300e+05   3.8269043e+01
   5.5228600e+05   9.4665527e+01
   5.5231100e+05   1.3641357e+02
   5.5234200e+05   5.0354004e+01
   5.5237000e+05   3.7780762e+01
   5.5238200e+05   9.9121094e+01
   5.5244400e+05   3.8024902e+01
   5.5246000e+05   7.6416016e+01
   5.5248100e+05   6.0607910e+01
   5.5250400e+05   3.9428711e+01
   5.5253500e+05   7.2998047e+01
   5.5257600e+05   4.1137695e+01
   5.5260200e+05   6.7932129e+01
   5.5261200e+05   6.5307617e+01
   5.5264300e+05   4.2602539e+01
   5.5267400e+05   4.4860840e+01
   5.5272100e+05   3.9489746e+01
   5.5274100e+05   3.8208008e+01
   5.5275900e+05   4.1564941e+01
   5.5286400e+05   4.4616699e+01
   5.5338500e+05   7.5683594e+01
   5.5413400e+05   4.2846680e+01
   5.5486700e+05   4.1442871e+01
   5.5630100e+05   4.0405273e+01
   5.6716700e+05   3.9062500e+01
   5.6720100e+05   4.0100098e+01
   5.6721700e+05   3.9245605e+01
   5.6725000e+05   1.0876465e+02
   5.6726600e+05   1.5612793e+02
   5.6728900e+05   5.0354004e+01
   5.6731500e+05   4.8583984e+01
   5.6733800e+05   8.7036133e+01
   5.6736600e+05   4.2541504e+01
   5.6738300e+05   3.8391113e+01
   5.6741900e+05   7.1228027e+01
   5.6743600e+05   4.1381836e+01
   5.6745800e+05   4.3884277e+01
   5.6748700e+05   7.4279785e+01
   5.6750000e+05   4.9926758e+01
   5.6755500e+05   6.4575195e+01
   5.6759200e+05   4.5898438e+01
   5.6760900e+05   4.5043945e+01
   5.6763900e+05   6.1157227e+01
   5.6764900e+05   4.1137695e+01
   5.6768900e+05   3.8696289e+01
   5.6796200e+05   4.0588379e+01
   5.6858400e+05   4.1320801e+01
   5.8100800e+05   3.9184570e+01
   5.8105200e+05   5.2917480e+01
   5.8107000e+05   9.8693848e+01
   5.8109600e+05   5.2734375e+01
   5.8111200e+05   1.4196777e+02
   5.8113100e+05   4.1015625e+01
   5.8114800e+05   4.9926758e+01
   5.8117400e+05   7.3669434e+01
   5.8118400e+05   9.5336914e+01
   5.8121500e+05   4.5471191e+01
   5.8124100e+05   5.4260254e+01
   5.8125100e+05   4.8522949e+01
   5.8128400e+05   5.5175781e+01
   5.8132800e+05   3.7963867e+01
   5.8137800e+05   4.0466309e+01
   5.8140700e+05   4.5959473e+01
   5.8144200e+05   4.1625977e+01
   5.8146800e+05   4.1015625e+01
   5.8151900e+05   4.0954590e+01
   5.8172400e+05   3.7963867e+01
   5.8410800e+05   3.7658691e+01
   5.9073600e+05   3.9550781e+01
   5.9076800e+05   3.8330078e+01
   5.9079300e+05   3.7414551e+01
   5.9082200e+05   4.3762207e+01
   5.9085000e+05   3.7719727e+01
   5.9089700e+05   3.8696289e+01
   5.9095400e+05   5.0048828e+01
   5.9096700e+05   3.8513184e+01
   5.9099800e+05   8.1420898e+01
   5.9103300e+05   4.1503906e+01
   5.9104600e+05   4.4372559e+01
   5.9107400e+05   7.6354980e+01
   5.9110200e+05   3.9428711e+01
   5.9113000e+05   6.5063477e+01
   5.9114500e+05   4.3334961e+01
   5.9118900e+05   7.7331543e+01
   5.9125200e+05   3.8696289e+01
   5.9126800e+05   3.9062500e+01
   5.9128200e+05   6.1279297e+01
   5.9130600e+05   6.2622070e+01
   5.9133600e+05   4.2602539e+01
   5.9143200e+05   3.7536621e+01
   5.9182100e+05   3.8024902e+01
   6.0503800e+05   1.8711548e+03
   6.0517200e+05   4.2663574e+01
   6.0519700e+05   3.7536621e+01
   6.0522400e+05   3.9794922e+01
   6.0525600e+05   1.8585205e+02
   6.0528600e+05   4.2907715e+01
   6.0531900e+05   4.7729492e+01
   6.0533600e+05   1.0626221e+02
   6.0535000e+05   8.0322266e+01
   6.0537600e+05   4.7180176e+01
   6.0540400e+05   6.2622070e+01
   6.0542900e+05   4.0588379e+01
   6.0543900e+05   4.0710449e+01
   6.0545100e+05   4.1870117e+01
   6.0548300e+05   7.8735352e+01
   6.0551700e+05   4.1748047e+01
   6.0553400e+05   4.5166016e+01
   6.0557200e+05   6.3781738e+01
   6.0561200e+05   4.8889160e+01
   6.0604100e+05   6.1950684e+01
   6.0628000e+05   4.0100098e+01
   6.0887700e+05   3.9306641e+01
   6.5505200e+05   1.8764038e+03
   6.5527500e+05   3.9916992e+01
   6.5535200e+05   1.4776611e+02
   6.5538000e+05   4.2175293e+01
   6.5540800e+05   4.8767090e+01
   6.5541900e+05   1.0046387e+02
   6.5543700e+05   6.6467285e+01
   6.5546400e+05   3.9428711e+01
   6.5548700e+05   1.0235596e+02
   6.5551900e+05   5.8654785e+01
   6.5553400e+05   4.2907715e+01
   6.5556200e+05   5.2917480e+01
   6.5557500e+05   4.1931152e+01
   6.5560900e+05   6.2805176e+01
   6.5566700e+05   3.9306641e+01
   6.5568000e+05   3.8269043e+01
   6.5570600e+05   4.3579102e+01
   6.5573800e+05   3.7841797e+01
   6.5576100e+05   4.3823242e+01
   6.5577200e+05   3.8269043e+01
   6.5579800e+05   4.2175293e+01
   6.5582700e+05   4.2297363e+01
   6.5612400e+05   4.3395996e+01
   6.5730100e+05   3.7414551e+01
   6.5739200e+05   3.7536621e+01
   6.5745000e+05   3.7414551e+01
   6.5877000e+05   3.7597656e+01
   6.5894000e+05   3.9550781e+01
   6.5930900e+05   3.7597656e+01
   6.6029600e+05   4.1870117e+01
   6.6089400e+05   3.7597656e+01
   6.6106900e+05   3.9794922e+01
   6.6165500e+05   4.0893555e+01
   6.6183700e+05   4.1625977e+01
   6.6258300e+05   3.7597656e+01
   6.6272900e+05   3.9428711e+01
   6.6398400e+05   3.7597656e+01
   7.0506600e+05   1.8923340e+03
   7.0526200e+05   3.7658691e+01
   7.0530300e+05   4.0649414e+01
   7.0532900e+05   5.2490234e+01
   7.0539300e+05   4.4860840e+01
   7.0540700e+05   1.4923096e+02
   7.0544800e+05   4.3945313e+01
   7.0548700e+05   1.1639404e+02
   7.0552000e+05   7.3059082e+01
   7.0554800e+05   6.7565918e+01
   7.0556300e+05   4.2236328e+01
   7.0558000e+05   5.7312012e+01
   7.0560300e+05   6.1035156e+01
   7.0562300e+05   5.3649902e+01
   7.0570500e+05   3.8024902e+01
   7.0572400e+05   4.3701172e+01
   7.0574900e+05   6.2744141e+01
   7.0576600e+05   4.8522949e+01
   7.0589500e+05   4.2724609e+01
   7.0595600e+05   4.1320801e+01
   7.0600100e+05   3.8635254e+01
   7.0602900e+05   4.1381836e+01
   7.0639100e+05   3.8574219e+01
   7.0649500e+05   4.0161133e+01
   7.0678300e+05   3.8574219e+01
   7.0754300e+05   4.6203613e+01
   7.0807400e+05   3.8879395e+01
   7.1008700e+05   3.7597656e+01
   7.5508000e+05   1.8876953e+03
   7.5542900e+05   4.3518066e+01
   7.5544400e+05   1.6076660e+02
   7.5545600e+05   4.3029785e+01
   7.5548200e+05   3.7719727e+01
   7.5552800e+05   1.0260010e+02
   7.5555100e+05   1.0223389e+02
   7.5558500e+05   5.7922363e+01
   7.5561000e+05   4.8706055e+01
   7.5562800e+05   6.6101074e+01
   7.5564600e+05   5.5725098e+01
   7.5567800e+05   5.5725098e+01
   7.5569600e+05   3.8818359e+01
   7.5571600e+05   5.1452637e+01
   7.5574500e+05   6.0485840e+01
   7.5576200e+05   4.4860840e+01
   7.5577700e+05   4.7119141e+01
   7.5579700e+05   4.0893555e+01
   7.5582700e+05   8.8134766e+01
   7.5590500e+05   5.3588867e+01
   7.5593200e+05   4.8095703e+01
   7.5596600e+05   4.2175293e+01
   7.5602500e+05   4.4555664e+01
   7.5608200e+05   5.0720215e+01
   7.5612400e+05   3.7658691e+01
   7.5616000e+05   3.7902832e+01
   7.5618000e+05   4.0832520e+01
   7.5622100e+05   4.0283203e+01
   7.5649900e+05   3.8879395e+01
   7.5750900e+05   4.4677734e+01
   8.0509400e+05   1.8938599e+03
   8.0510400e+05   4.5104980e+01
   8.0538700e+05   3.8879395e+01
   8.0547200e+05   3.9855957e+01
   8.0549700e+05   3.8635254e+01
   8.0552200e+05   3.8085938e+01
   8.0553600e+05   4.7302246e+01
   8.0556500e+05   5.0231934e+01
   8.0557900e+05   1.2988281e+02
   8.0561200e+05   4.9377441e+01
   8.0563600e+05   5.7495117e+01
   8.0565700e+05   1.0870361e+02
   8.0571100e+05   7.2326660e+01
   8.0574200e+05   1.3049316e+02
   8.0576500e+05   4.2785645e+01
   8.0579800e+05   4.3029785e+01
   8.0581800e+05   4.0893555e+01
   8.0583700e+05   1.0461426e+02
   8.0585300e+05   3.9794922e+01
   8.0587700e+05   4.1625977e+01
   8.0591400e+05   4.4311523e+01
   8.0593300e+05   3.7963867e+01
   8.0597300e+05   4.0649414e+01
   8.0598500e+05   5.9509277e+01
   8.0601800e+05   3.9184570e+01
   8.0606300e+05   6.9274902e+01
   8.0613600e+05   4.9072266e+01
   8.0637400e+05   4.1015625e+01
   8.0653900e+05   4.2602539e+01
   8.0679400e+05   4.6630859e+01
   8.5511000e+05   3.8724976e+03
   8.5547000e+05   4.7058105e+01
   8.5548500e+05   3.8696289e+01
   8.5556500e+05   3.9550781e+01
   8.5562000e+05   4.6142578e+01
   8.5563700e+05   1.3891602e+02
   8.5570600e+05   3.7963867e+01
   8.5574500e+05   3.8330078e+01
   8.5575500e+05   4.1198730e+01
   8.5578000e+05   8.6914063e+01
   8.5583000e+05   9.4055176e+01
   8.5585300e+05   5.4565430e+01
   8.5586900e+05   3.9123535e+01
   8.5589200e+05   1.0430908e+02
   8.5596600e+05   4.0283203e+01
   8.5598700e+05   8.2641602e+01
   8.5601900e+05   5.3283691e+01
   8.5606700e+05   7.9711914e+01
   8.5607700e+05   4.4921875e+01
   8.5614500e+05   4.0588379e+01
   8.5619300e+05   4.4616699e+01
   8.5621300e+05   5.0292969e+01
   8.5622300e+05   9.4726563e+01
   8.5631700e+05   4.0832520e+01
   8.5654400e+05   3.9001465e+01
   8.5672000e+05   3.8208008e+01
   8.5701400e+05   3.9367676e+01
   8.5710400e+05   3.9489746e+01
   9.0512200e+05   1.8967285e+03
   9.0541900e+05   3.9184570e+01
   9.0588600e+05   3.7658691e+01
   9.0590800e+05   1.3104248e+02
   9.0592700e+05   4.7546387e+01
   9.0598900e+05   3.7841797e+01
   9.0603500e+05   1.4306641e+02
   9.0610100e+05   4.1992188e+01
   9.0612400e+05   1.0662842e+02
   9.0615000e+05   4.5166016e+01
   9.0621300e+05   4.4555664e+01
   9.0624700e+05   1.0638428e+02
   9.0626900e+05   4.3212891e+01
   9.0628300e+05   3.9550781e+01
   9.0635400e+05   3.8940430e+01
   9.0648100e+05   4.2907715e+01
   9.0658400e+05   3.9978027e+01
   9.5513800e+05   3.8679199e+03
   9.5688400e+05   3.9428711e+01
   9.5691000e+05   4.4738770e+01
   9.5693300e+05   1.2982178e+02
   9.5721100e+05   4.1076660e+01
   9.5726200e+05   4.2541504e+01
   9.5734100e+05   4.4311523e+01
   9.5736900e+05   3.8940430e+01
   9.5786600e+05   4.0405273e+01
   1.0051500e+06   1.8919678e+03
   1.0551660e+06   2.0080566e+03
   1.0581750e+06   3.8635254e+01
   1.0584630e+06   4.6752930e+01
   1.0591810e+06   5.2673340e+01
   1.0592210e+06   3.7414551e+01
   1.0596370e+06   3.9978027e+01
   1.1051780e+06   1.8980103e+03
   1.1083210e+06   3.7414551e+01
   1.1083320e+06   9.7229004e+01
   1.1083940e+06   3.7963867e+01
   1.1099090e+06   3.7902832e+01
   1.1105840e+06   3.9978027e+01
   1.1112700e+06   3.9489746e+01
   1.1134740e+06   3.9489746e+01
   1.1135130e+06   3.7963867e+01
   1.1138900e+06   3.8208008e+01
   1.1144600e+06   3.7841797e+01
   1.1148630e+06   3.8940430e+01
   1.1551920e+06   1.8873901e+03
   1.2052080e+06   3.8803711e+03
   1.2070450e+06   3.8208008e+01
   1.2085430e+06   4.0466309e+01
   1.2085790e+06   1.1016846e+02
   1.2087560e+06   3.7536621e+01
   1.2088360e+06   4.2480469e+01
   1.2092770e+06   3.7475586e+01
   1.2526600e+06   4.2236328e+01
   1.2538370e+06   4.1320801e+01
   1.2539800e+06   1.1743164e+02
   1.2541300e+06   4.4738770e+01
   1.2541430e+06   4.0588379e+01
   1.2552220e+06   3.8800659e+03
   1.2969340e+06   3.7414551e+01
   1.2970020e+06   3.9733887e+01
   1.2970230e+06   1.1389160e+02
   1.2971200e+06   3.9978027e+01
   1.2971550e+06   3.7658691e+01
   1.2988320e+06   4.1625977e+01
   1.3003790e+06   4.1198730e+01
   1.3052360e+06   3.8750000e+03
   1.3073510e+06   3.7658691e+01
   1.3113130e+06   3.9611816e+01
   1.3113440e+06   3.9062500e+01
   1.3259170e+06   3.7780762e+01
   1.3552480e+06   1.8869629e+03
   1.3657830e+06   3.9123535e+01
   1.3658660e+06   3.8391113e+01
   1.3664960e+06   3.8696289e+01
   1.3681710e+06   3.9855957e+01
   1.3690360e+06   4.0466309e+01
   1.3708080e+06   4.0161133e+01
   1.3710460e+06   4.5654297e+01
   1.3710850e+06   4.0222168e+01
   1.3729960e+06   3.9855957e+01
   1.3737570e+06   3.9978027e+01
   1.3750190e+06   4.6386719e+01
   1.3756610e+06   3.7719727e+01
   1.3757220e+06   4.3212891e+01
   1.3757440e+06   1.0913086e+02
   1.3777380e+06   3.9245605e+01
   1.3796760e+06   3.7719727e+01
   1.3801870e+06   3.9245605e+01
   1.3802080e+06   3.7475586e+01
   1.3807580e+06   4.2968750e+01
   1.4052620e+06   1.8912354e+03
   1.4083640e+06   3.8208008e+01
   1.4084660e+06   4.1503906e+01
   1.4086120e+06   3.9794922e+01
   1.4091380e+06   4.1625977e+01
   1.4092230e+06   3.7902832e+01
   1.4097150e+06   3.7414551e+01
   1.4416320e+06   4.5593262e+01
   1.4416420e+06   3.7597656e+01
   1.4421900e+06   4.0344238e+01
   1.4423950e+06   4.0832520e+01
   1.4424670e+06   4.3945313e+01
   1.4426340e+06   3.7841797e+01
   1.4438260e+06   3.9733887e+01
   1.4450100e+06   3.8085938e+01
   1.4456490e+06   3.8757324e+01
   1.4456720e+06   4.1076660e+01
   1.4464050e+06   4.1992188e+01
   1.4467980e+06   3.8696289e+01
   1.4469480e+06   3.7963867e+01
   1.4470950e+06   4.0344238e+01
   1.4552750e+06   7.7655029e+02
   1.4552870e+06   3.7475586e+01
   1.4559430e+06   3.7536621e+01
   1.4560440e+06   3.7536621e+01
   1.4575650e+06   3.8085938e+01
   1.4914030e+06   3.7719727e+01
   1.5052900e+06   1.8701172e+03
   1.5061620e+06   3.9489746e+01
   1.5062340e+06   1.3482666e+02
   1.5062450e+06   4.0344238e+01
   1.5063290e+06   3.9001465e+01
   1.5063790e+06   3.7475586e+01
   1.5064090e+06   1.6009521e+02
   1.5065230e+06   3.9245605e+01
   1.5065420e+06   4.4555664e+01
   1.5065910e+06   3.7841797e+01
   1.5553060e+06   2.0073242e+03
   1.5641420e+06   3.7841797e+01
   1.6023300e+06   3.8513184e+01
   1.6023980e+06   3.7719727e+01
   1.6024730e+06   4.3395996e+01
   1.6025070e+06   4.0771484e+01
   1.6025520e+06   4.0405273e+01
   1.6025670e+06   3.8574219e+01
   1.6026000e+06   1.2658691e+02
   1.6026280e+06   1.1987305e+02
   1.6026490e+06   4.0283203e+01
   1.6026850e+06   3.8452148e+01
   1.6027520e+06   9.4726563e+01
   1.6027740e+06   9.5275879e+01
   1.6028340e+06   5.7678223e+01
   1.6028470e+06   8.1848145e+01
   1.6028680e+06   8.5876465e+01
   1.6028870e+06   3.8513184e+01
   1.6029120e+06   4.0710449e+01
   1.6029260e+06   3.8696289e+01
   1.6029480e+06   5.9082031e+01
   1.6029670e+06   6.5124512e+01
   1.6030070e+06   6.4453125e+01
   1.6030640e+06   5.7556152e+01
   1.6030830e+06   4.8339844e+01
   1.6031140e+06   4.1137695e+01
   1.6031370e+06   4.4738770e+01
   1.6032430e+06   4.1198730e+01
   1.6032990e+06   4.0466309e+01
   1.6033560e+06   4.3884277e+01
   1.6034180e+06   4.5593262e+01
   1.6035470e+06   4.2419434e+01
   1.6053180e+06   1.8757324e+03
   1.6053280e+06   3.7475586e+01
   1.6314990e+06   4.0954590e+01
   1.6315340e+06   3.9672852e+01
   1.6317380e+06   1.1798096e+02
   1.6318130e+06   9.9121094e+01
   1.6318350e+06   8.1115723e+01
   1.6318590e+06   4.2419434e+01
   1.6318870e+06   7.9345703e+01
   1.6319000e+06   4.2602539e+01
   1.6319310e+06   5.5175781e+01
   1.6319540e+06   4.4555664e+01
   1.6319730e+06   7.0495605e+01
   1.6319840e+06   4.2175293e+01
   1.6320090e+06   4.5837402e+01
   1.6320200e+06   4.9804688e+01
   1.6320640e+06   4.2236328e+01
   1.6320920e+06   5.0170898e+01
   1.6321210e+06   4.9743652e+01
   1.6321790e+06   7.8857422e+01
   1.6322120e+06   4.1442871e+01
   1.6322310e+06   3.9001465e+01
   1.6322660e+06   5.2917480e+01
   1.6323690e+06   4.1381836e+01
   1.6324230e+06   3.9855957e+01
   1.6324740e+06   3.8879395e+01
   1.6325330e+06   5.7861328e+01
   1.6325450e+06   4.3090820e+01
   1.6325810e+06   4.0710449e+01
   1.6329380e+06   4.1137695e+01
   1.6553320e+06   1.8766479e+03
   1.6558270e+06   3.7536621e+01
   1.6558560e+06   4.0771484e+01
   1.6558760e+06   1.3732910e+02
   1.6559060e+06   4.8034668e+01
   1.6559190e+06   5.4016113e+01
   1.6559430e+06   2.0898438e+02
   1.6559560e+06   4.1442871e+01
   1.6559690e+06   5.0415039e+01
   1.6560030e+06   8.3007813e+01
   1.6560280e+06   5.5236816e+01
   1.6560560e+06   5.7800293e+01
   1.6560780e+06   4.6142578e+01
   1.6561080e+06   6.9885254e+01
   1.6561260e+06   6.8176270e+01
   1.6561490e+06   4.0344238e+01
   1.6561720e+06   4.6386719e+01
   1.6562060e+06   4.8461914e+01
   1.6562280e+06   5.4687500e+01
   1.6562400e+06   4.4860840e+01
   1.6562570e+06   5.8898926e+01
   1.6563080e+06   3.8757324e+01
   1.6563340e+06   5.2673340e+01
   1.6563860e+06   5.5114746e+01
   1.6564000e+06   3.8513184e+01
   1.6564350e+06   3.7780762e+01
   1.6564670e+06   3.8146973e+01
   1.6565200e+06   3.8452148e+01
   1.6566350e+06   4.6569824e+01
   1.7053460e+06   1.8829346e+03
   1.7054160e+06   3.9916992e+01
   1.7057400e+06   3.9184570e+01
   1.7057710e+06   9.8693848e+01
   1.7058020e+06   1.3067627e+02
   1.7058160e+06   5.9265137e+01
   1.7058380e+06   6.9274902e+01
   1.7058510e+06   7.2509766e+01
   1.7058800e+06   5.4687500e+01
   1.7059000e+06   6.6528320e+01
   1.7059170e+06   4.3457031e+01
   1.7059310e+06   3.7536621e+01
   1.7059430e+06   7.0373535e+01
   1.7059830e+06   5.3283691e+01
   1.7060000e+06   4.0710449e+01
   1.7060190e+06   5.1574707e+01
   1.7060300e+06   4.6997070e+01
   1.7060520e+06   3.7414551e+01
   1.7060740e+06   4.8828125e+01
   1.7061120e+06   5.6945801e+01
   1.7061430e+06   3.8818359e+01
   1.7061540e+06   4.0039063e+01
   1.7061830e+06   4.3151855e+01
   1.7062170e+06   4.4738770e+01
   1.7062540e+06   4.2541504e+01
   1.7064650e+06   3.9306641e+01
   1.7065400e+06   3.9916992e+01
   1.7065780e+06   4.0893555e+01
   1.7074340e+06   3.9611816e+01
   1.7275240e+06   4.2114258e+01
   1.7275680e+06   1.3635254e+02
   1.7275810e+06   4.6691895e+01
   1.7276120e+06   4.5532227e+01
   1.7276360e+06   1.0284424e+02
   1.7276590e+06   7.1655273e+01
   1.7276840e+06   4.2114258e+01
   1.7277080e+06   6.8359375e+01
   1.7277210e+06   4.6813965e+01
   1.7277500e+06   8.3984375e+01
   1.7277720e+06   5.9631348e+01
   1.7277890e+06   5.8837891e+01
   1.7278050e+06   4.5227051e+01
   1.7278410e+06   4.9438477e+01
   1.7278640e+06   6.3720703e+01
   1.7278920e+06   6.1706543e+01
   1.7279100e+06   4.6447754e+01
   1.7279320e+06   4.5593262e+01
   1.7279520e+06   4.0344238e+01
   1.7279800e+06   4.5288086e+01
   1.7280010e+06   4.4250488e+01
   1.7280430e+06   5.8288574e+01
   1.7280620e+06   3.9978027e+01
   1.7280790e+06   3.8757324e+01
   1.7280970e+06   3.7719727e+01
   1.7281440e+06   3.7414551e+01
   1.7281610e+06   4.2236328e+01
   1.7288490e+06   4.1076660e+01
   1.7290120e+06   3.8513184e+01
   1.7458630e+06   1.0791016e+02
   1.7458760e+06   1.3879395e+02
   1.7459030e+06   4.6020508e+01
   1.7459190e+06   4.6752930e+01
   1.7459440e+06   7.5683594e+01
   1.7459830e+06   4.8522949e+01
   1.7460060e+06   5.3894043e+01
   1.7460200e+06   4.9194336e+01
   1.7460460e+06   4.9621582e+01
   1.7460710e+06   5.0659180e+01
   1.7460900e+06   6.3964844e+01
   1.7461050e+06   3.7475586e+01
   1.7461360e+06   4.4738770e+01
   1.7461680e+06   7.2814941e+01
   1.7461960e+06   4.0832520e+01
   1.7462570e+06   4.3090820e+01
   1.7462680e+06   5.6884766e+01
   1.7462930e+06   3.7780762e+01
   1.7463250e+06   4.2419434e+01
   1.7463360e+06   4.7790527e+01
   1.7463510e+06   4.0161133e+01
   1.7463820e+06   4.1381836e+01
   1.7464170e+06   3.9672852e+01
   1.7464800e+06   4.1625977e+01
   1.7465220e+06   4.3457031e+01
   1.7465960e+06   3.9184570e+01
   1.7467100e+06   4.1809082e+01
   1.7467760e+06   3.8818359e+01
   1.7468570e+06   5.0109863e+01
   1.7471620e+06   4.3945313e+01
   1.7553620e+06   3.8683472e+03
   1.7556410e+06   3.9306641e+01
   1.7556600e+06   3.8391113e+01
   1.7556940e+06   1.2097168e+02
   1.7557050e+06   5.2368164e+01
   1.7557360e+06   9.9487305e+01
   1.7557620e+06   8.8134766e+01
   1.7557820e+06   5.5725098e+01
   1.7558050e+06   3.7414551e+01
   1.7558280e+06   9.8632813e+01
   1.7558460e+06   4.3518066e+01
   1.7558560e+06   7.5195313e+01
   1.7558770e+06   4.1687012e+01
   1.7559070e+06   6.2194824e+01
   1.7559180e+06   4.3640137e+01
   1.7559390e+06   5.4870605e+01
   1.7559780e+06   6.2805176e+01
   1.7560110e+06   4.6264648e+01
   1.7560340e+06   4.6203613e+01
   1.7560470e+06   3.8513184e+01
   1.7560880e+06   4.9133301e+01
   1.7561300e+06   4.6386719e+01
   1.7561720e+06   3.9916992e+01
   1.7563110e+06   5.0231934e+01
   1.7564060e+06   3.7597656e+01
   1.7566410e+06   3.9672852e+01
   1.7566860e+06   4.4372559e+01
   1.7571640e+06   6.0424805e+01
   1.7763390e+06   3.9794922e+01
   1.7763570e+06   4.4250488e+01
   1.7763920e+06   1.5203857e+02
   1.7764330e+06   5.0598145e+01
   1.7764580e+06   7.3120117e+01
   1.7764770e+06   4.0466309e+01
   1.7765160e+06   6.4025879e+01
   1.7765330e+06   4.5715332e+01
   1.7765500e+06   4.4921875e+01
   1.7765740e+06   4.0283203e+01
   1.7765920e+06   6.8969727e+01
   1.7766180e+06   7.4340820e+01
   1.7766290e+06   6.2194824e+01
   1.7766430e+06   3.8818359e+01
   1.7766660e+06   4.5471191e+01
   1.7766840e+06   4.3823242e+01
   1.7767020e+06   3.8452148e+01
   1.7767280e+06   4.0893555e+01
   1.7767510e+06   4.0405273e+01
   1.7767730e+06   3.8574219e+01
   1.7767930e+06   4.1381836e+01
   1.7768640e+06   3.9306641e+01
   1.7769180e+06   3.7597656e+01
   1.7769300e+06   3.7597656e+01
   1.7770050e+06   3.9306641e+01
   1.7770440e+06   4.3884277e+01
   1.7771190e+06   3.8085938e+01
   1.7772780e+06   3.7719727e+01
   1.7778120e+06   4.6936035e+01
   1.7972680e+06   5.6640625e+01
   1.7972870e+06   1.0162354e+02
   1.7973030e+06   1.3665771e+02
   1.7973240e+06   5.1513672e+01
   1.7973590e+06   1.1492920e+02
   1.7973740e+06   4.9926758e+01
   1.7974170e+06   8.6669922e+01
   1.7974280e+06   5.1452637e+01
   1.7974390e+06   6.2255859e+01
   1.7974770e+06   3.9367676e+01
   1.7974990e+06   4.3273926e+01
   1.7975090e+06   5.9020996e+01
   1.7975280e+06   3.8024902e+01
   1.7975530e+06   6.1889648e+01
   1.7975660e+06   3.9184570e+01
   1.7976400e+06   3.9611816e+01
   1.7976660e+06   5.1818848e+01
   1.7976810e+06   4.2602539e+01
   1.7977150e+06   4.1015625e+01
   1.7977380e+06   4.2785645e+01
   1.7977940e+06   4.2541504e+01
   1.7978590e+06   3.7780762e+01
   1.7982280e+06   4.1198730e+01
   1.7982960e+06   4.4982910e+01
   1.7998880e+06   3.7719727e+01
   1.8053740e+06   1.8867798e+03
   1.8057280e+06   4.7546387e+01
   1.8057560e+06   1.1419678e+02
   1.8057930e+06   1.1718750e+02
   1.8058160e+06   5.1940918e+01
   1.8058320e+06   7.6110840e+01
   1.8058600e+06   4.1076660e+01
   1.8058830e+06   6.4758301e+01
   1.8059040e+06   4.9438477e+01
   1.8059150e+06   4.9743652e+01
   1.8059330e+06   5.6945801e+01
   1.8059540e+06   5.1147461e+01
   1.8059850e+06   6.2927246e+01
   1.8060110e+06   4.1076660e+01
   1.8060590e+06   4.3395996e+01
   1.8061080e+06   5.0476074e+01
   1.8061270e+06   4.2846680e+01
   1.8061470e+06   3.9916992e+01
   1.8061810e+06   4.9316406e+01
   1.8062180e+06   3.7414551e+01
   1.8062740e+06   3.7963867e+01
   1.8064830e+06   4.0344238e+01
   1.8065230e+06   3.7536621e+01
   1.8065850e+06   3.9001465e+01
   1.8066880e+06   5.2062988e+01
   1.8067950e+06   3.8146973e+01
   1.8068120e+06   5.8227539e+01
   1.8069300e+06   3.9245605e+01
   1.8077140e+06   4.1381836e+01
   1.8200940e+06   3.9306641e+01
   1.8201520e+06   1.1767578e+02
   1.8201650e+06   1.1730957e+02
   1.8201780e+06   5.0109863e+01
   1.8202080e+06   4.5104980e+01
   1.8202360e+06   9.4238281e+01
   1.8202660e+06   5.4199219e+01
   1.8202780e+06   3.9978027e+01
   1.8203070e+06   6.1157227e+01
   1.8203200e+06   4.2968750e+01
   1.8203650e+06   4.9926758e+01
   1.8204080e+06   4.1015625e+01
   1.8204270e+06   4.6630859e+01
   1.8204700e+06   4.1320801e+01
   1.8204930e+06   4.1076660e+01
   1.8205230e+06   4.6203613e+01
   1.8205780e+06   4.3579102e+01
   1.8206210e+06   3.9489746e+01
   1.8211580e+06   3.8696289e+01
   1.8222670e+06   3.8208008e+01
   1.8553880e+06   1.8840942e+03
   1.8555610e+06   4.0893555e+01
   1.8556110e+06   4.1809082e+01
   1.8556340e+06   1.2823486e+02
   1.8556820e+06   4.8645020e+01
   1.8557030e+06   9.3444824e+01
   1.8557150e+06   6.0485840e+01
   1.8557320e+06   4.6325684e+01
   1.8557660e+06   8.0078125e+01
   1.8557980e+06   5.1391602e+01
   1.8558260e+06   5.8776855e+01
   1.8558540e+06   5.3588867e+01
   1.8558780e+06   5.3161621e+01
   1.8558970e+06   4.7119141e+01
   1.8559070e+06   5.5419922e+01
   1.8559470e+06   4.6081543e+01
   1.8559770e+06   5.3405762e+01
   1.8559870e+06   3.8696289e+01
   1.8560240e+06   4.5532227e+01
   1.8560400e+06   3.8574219e+01
   1.8560630e+06   4.3395996e+01
   1.8560930e+06   4.7485352e+01
   1.8561550e+06   4.7302246e+01
   1.8562470e+06   8.4350586e+01
   1.8564080e+06   3.7658691e+01
   1.8565040e+06   3.7841797e+01
   1.8569100e+06   3.8269043e+01
   1.8608940e+06   3.9978027e+01
   1.9054040e+06   3.8809814e+03
   1.9054920e+06   4.4799805e+01
   1.9056390e+06   3.8146973e+01
   1.9056590e+06   1.0803223e+02
   1.9056970e+06   1.5753174e+02
   1.9057310e+06   5.3833008e+01
   1.9057520e+06   9.8388672e+01
   1.9057700e+06   5.8105469e+01
   1.9057830e+06   5.0170898e+01
   1.9058110e+06   9.6496582e+01
   1.9058370e+06   4.5837402e+01
   1.9058630e+06   4.0527344e+01
   1.9058920e+06   5.7800293e+01
   1.9059110e+06   5.6457520e+01
   1.9059270e+06   4.8889160e+01
   1.9059610e+06   4.9255371e+01
   1.9059830e+06   4.5349121e+01
   1.9060120e+06   5.2062988e+01
   1.9060290e+06   3.7841797e+01
   1.9060490e+06   4.7729492e+01
   1.9061130e+06   4.4494629e+01
   1.9062120e+06   4.1503906e+01
   1.9063380e+06   3.8391113e+01
   1.9064270e+06   3.9245605e+01
   1.9064930e+06   3.7658691e+01
   1.9065740e+06   4.0649414e+01
   1.9070480e+06   4.2480469e+01
   1.9082160e+06   3.8208008e+01
   1.9554160e+06   1.8922729e+03
   1.9556960e+06   1.0046387e+02
   1.9557210e+06   3.7780762e+01
   1.9557410e+06   1.4453125e+02
   1.9557530e+06   4.8217773e+01
   1.9557660e+06   4.6691895e+01
   1.9557920e+06   3.9489746e+01
   1.9558080e+06   1.2701416e+02
   1.9558400e+06   4.7119141e+01
   1.9558720e+06   7.0739746e+01
   1.9558850e+06   3.8879395e+01
   1.9559070e+06   5.7189941e+01
   1.9559200e+06   8.1420898e+01
   1.9559480e+06   3.8391113e+01
   1.9559650e+06   4.6264648e+01
   1.9559890e+06   4.9133301e+01
   1.9560060e+06   4.2297363e+01
   1.9560280e+06   5.2246094e+01
   1.9560640e+06   6.0607910e+01
   1.9561130e+06   3.9001465e+01
   1.9561320e+06   4.2724609e+01
   1.9561430e+06   5.4992676e+01
   1.9561800e+06   5.1818848e+01
   1.9563500e+06   3.9123535e+01
   1.9564020e+06   4.8339844e+01
   1.9566320e+06   4.1503906e+01
   1.9567830e+06   3.8818359e+01
   1.9569460e+06   4.4067383e+01
   1.9570120e+06   4.0832520e+01
   1.9575320e+06   4.1564941e+01
   2.0054300e+06   1.8923340e+03
   2.0057690e+06   4.6081543e+01
   2.0057820e+06   9.6984863e+01
   2.0057930e+06   1.4807129e+02
   2.0058120e+06   4.7180176e+01
   2.0058430e+06   4.8950195e+01
   2.0058660e+06   7.7758789e+01
   2.0058790e+06   8.5266113e+01
   2.0059110e+06   1.0247803e+02
   2.0059340e+06   6.7016602e+01
   2.0059530e+06   7.1166992e+01
   2.0059680e+06   5.1208496e+01
   2.0059890e+06   4.2785645e+01
   2.0060080e+06   5.5297852e+01
   2.0060400e+06   4.0161133e+01
   2.0060630e+06   4.4555664e+01
   2.0060760e+06   5.1269531e+01
   2.0061150e+06   3.9367676e+01
   2.0061290e+06   5.2307129e+01
   2.0061630e+06   4.3029785e+01
   2.0061890e+06   4.8767090e+01
   2.0062380e+06   4.9438477e+01
   2.0062600e+06   4.1931152e+01
   2.0063300e+06   4.6081543e+01
   2.0063430e+06   3.7597656e+01
   2.0063670e+06   3.8940430e+01
   2.0063980e+06   4.0954590e+01
   2.0065170e+06   3.9062500e+01
   2.0065360e+06   4.3151855e+01
   2.0069470e+06   3.7536621e+01
   2.0071980e+06   4.1015625e+01
   2.0079240e+06   4.0161133e+01
   2.0083830e+06   4.1564941e+01
   2.0554460e+06   3.8916016e+03
   2.0557450e+06   3.8696289e+01
   2.0557670e+06   1.2719727e+02
   2.0557920e+06   4.6081543e+01
   2.0558130e+06   3.9794922e+01
   2.0558270e+06   3.9916992e+01
   2.0558370e+06   1.0693359e+02
   2.0558620e+06   7.2204590e+01
   2.0558930e+06   1.1151123e+02
   2.0559060e+06   6.0302734e+01
   2.0559300e+06   4.9377441e+01
   2.0559530e+06   6.0363770e+01
   2.0559780e+06   4.5043945e+01
   2.0560010e+06   4.9682617e+01
   2.0560170e+06   5.6274414e+01
   2.0560530e+06   7.2631836e+01
   2.0560710e+06   5.1452637e+01
   2.0560810e+06   4.3029785e+01
   2.0561150e+06   6.1828613e+01
   2.0561300e+06   4.4799805e+01
   2.0561480e+06   3.8635254e+01
   2.0561740e+06   5.0537109e+01
   2.0561940e+06   4.0527344e+01
   2.0562160e+06   4.1076660e+01
   2.0562390e+06   3.9611816e+01
   2.0562670e+06   4.1503906e+01
   2.0563270e+06   3.9855957e+01
   2.0564870e+06   4.8156738e+01
   2.0564990e+06   3.8452148e+01
   2.0565500e+06   3.7658691e+01
   2.0565890e+06   3.7963867e+01
   2.0566090e+06   3.8574219e+01
   2.0567560e+06   4.7729492e+01
   2.0569200e+06   3.9428711e+01
   2.0569670e+06   3.9184570e+01
   2.0570340e+06   3.9062500e+01
   2.0571930e+06   5.3222656e+01
   2.0573160e+06   3.8024902e+01
   2.0576950e+06   6.3537598e+01
   2.1054580e+06   1.8982544e+03
   2.1055420e+06   3.9794922e+01
   2.1058220e+06   9.8693848e+01
   2.1058400e+06   3.8146973e+01
   2.1058740e+06   1.2780762e+02
   2.1058880e+06   6.8176270e+01
   2.1059100e+06   3.7719727e+01
   2.1059350e+06   1.3232422e+02
   2.1059570e+06   3.7780762e+01
   2.1059830e+06   7.3608398e+01
   2.1060090e+06   5.0598145e+01
   2.1060210e+06   4.3762207e+01
   2.1060350e+06   3.8085938e+01
   2.1060690e+06   4.9804688e+01
   2.1061060e+06   5.4138184e+01
   2.1061190e+06   4.8889160e+01
   2.1061370e+06   4.1442871e+01
   2.1061530e+06   4.4189453e+01
   2.1061980e+06   4.6020508e+01
   2.1062170e+06   4.0466309e+01
   2.1062460e+06   3.8269043e+01
   2.1063080e+06   4.9072266e+01
   2.1063500e+06   4.1381836e+01
   2.1063610e+06   5.2856445e+01
   2.1063900e+06   4.0466309e+01
   2.1064860e+06   4.1931152e+01
   2.1065330e+06   4.7180176e+01
   2.1065500e+06   5.2551270e+01
   2.1067510e+06   3.7414551e+01
   2.1069020e+06   3.7597656e+01
   2.1070200e+06   5.2612305e+01
   2.1070580e+06   3.8452148e+01
   2.1071150e+06   4.2480469e+01
   2.1071690e+06   3.9794922e+01
   2.1074690e+06   3.8574219e+01
   2.1554740e+06   3.8875122e+03
   2.1557650e+06   3.8879395e+01
   2.1558520e+06   4.1137695e+01
   2.1559060e+06   9.0087891e+01
   2.1559360e+06   1.1761475e+02
   2.1559520e+06   3.7841797e+01
   2.1560020e+06   9.2956543e+01
   2.1560310e+06   8.2214355e+01
   2.1560670e+06   6.9091797e+01
   2.1560910e+06   4.4799805e+01
   2.1561210e+06   5.1086426e+01
   2.1561320e+06   6.3659668e+01
   2.1561540e+06   3.9184570e+01
   2.1561820e+06   3.8330078e+01
   2.1562280e+06   5.4016113e+01
   2.1562460e+06   4.0466309e+01
   2.1562730e+06   3.8940430e+01
   2.1562910e+06   5.5969238e+01
   2.1563280e+06   5.1696777e+01
   2.1563630e+06   4.2541504e+01
   2.1563930e+06   4.9865723e+01
   2.1564080e+06   3.8879395e+01
   2.1564550e+06   4.9804688e+01
   2.1565000e+06   4.2846680e+01
   2.1565200e+06   4.5593262e+01
   2.1566270e+06   3.9123535e+01
   2.1567430e+06   4.3395996e+01
   2.1568400e+06   3.8574219e+01
   2.1584960e+06   3.7414551e+01
   2.2054860e+06   1.8950806e+03
   2.2059140e+06   4.1015625e+01
   2.2059370e+06   1.4178467e+02
   2.2059670e+06   1.4227295e+02
   2.2059930e+06   3.8146973e+01
   2.2060180e+06   3.8757324e+01
   2.2060290e+06   1.0046387e+02
   2.2060510e+06   9.6740723e+01
   2.2060740e+06   3.9062500e+01
   2.2060850e+06   4.5593262e+01
   2.2061120e+06   6.9641113e+01
   2.2061360e+06   5.0292969e+01
   2.2061670e+06   7.2937012e+01
   2.2061970e+06   3.9978027e+01
   2.2062320e+06   5.9631348e+01
   2.2062440e+06   4.5837402e+01
   2.2063050e+06   4.7973633e+01
   2.2063240e+06   4.2114258e+01
   2.2063530e+06   3.8269043e+01
   2.2064000e+06   4.3823242e+01
   2.2064370e+06   5.3833008e+01
   2.2064580e+06   3.8208008e+01
   2.2065110e+06   5.3527832e+01
   2.2065270e+06   3.9123535e+01
   2.2065620e+06   4.0954590e+01
   2.2066940e+06   4.6020508e+01
   2.2067190e+06   3.8574219e+01
   2.2067490e+06   3.8146973e+01
   2.2071540e+06   3.7719727e+01
   2.2075190e+06   4.4311523e+01
   2.2214150e+06   3.8818359e+01
   2.2342440e+06   3.8024902e+01
   2.2555000e+06   1.8952026e+03
   2.2558560e+06   3.9001465e+01
   2.2559100e+06   3.8879395e+01
   2.2559640e+06   5.0659180e+01
   2.2559940e+06   1.3244629e+02
   2.2560060e+06   4.0710449e+01
   2.2560380e+06   1.0644531e+02
   2.2560590e+06   8.1665039e+01
   2.2560730e+06   4.6020508e+01
   2.2561040e+06   5.4992676e+01
   2.2561220e+06   9.8937988e+01
   2.2561330e+06   9.4604492e+01
   2.2561620e+06   4.2968750e+01
   2.2561770e+06   4.6203613e+01
   2.2561980e+06   7.2204590e+01
   2.2562400e+06   4.4799805e+01
   2.2562610e+06   5.2307129e+01
   2.2562960e+06   5.8349609e+01
   2.2563320e+06   4.8156738e+01
   2.2563510e+06   3.9062500e+01
   2.2563920e+06   4.7241211e+01
   2.2564280e+06   4.2602539e+01
   2.2564540e+06   4.8583984e+01
   2.2564670e+06   4.9499512e+01
   2.2565010e+06   4.6691895e+01
   2.2565950e+06   3.9916992e+01
   2.2566440e+06   4.1870117e+01
   2.2572900e+06   3.9367676e+01
   2.3055140e+06   1.8940430e+03
   2.3060740e+06   4.2297363e+01
   2.3061210e+06   1.5332031e+02
   2.3061460e+06   4.1381836e+01
   2.3061830e+06   1.0430908e+02
   2.3062020e+06   1.0351563e+02
   2.3062540e+06   3.9672852e+01
   2.3062840e+06   9.6801758e+01
   2.3062960e+06   7.5744629e+01
   2.3063270e+06   4.2846680e+01
   2.3063390e+06   3.9123535e+01
   2.3063690e+06   6.6040039e+01
   2.3063810e+06   5.0354004e+01
   2.3064350e+06   4.8034668e+01
   2.3064530e+06   8.2824707e+01
   2.3064760e+06   4.6447754e+01
   2.3064920e+06   4.5654297e+01
   2.3065120e+06   4.2785645e+01
   2.3065690e+06   7.0373535e+01
   2.3065830e+06   3.8879395e+01
   2.3065980e+06   3.9062500e+01
   2.3066580e+06   3.7475586e+01
   2.3067310e+06   6.1706543e+01
   2.3067840e+06   4.3823242e+01
   2.3068460e+06   3.7414551e+01
   2.3069050e+06   3.9489746e+01
   2.3069920e+06   4.5715332e+01
   2.3076470e+06   3.9672852e+01
   2.3294160e+06   3.8696289e+01
   2.3295100e+06   3.8452148e+01
   2.3295490e+06   1.2817383e+02
   2.3295970e+06   3.7475586e+01
   2.3296080e+06   4.3457031e+01
   2.3296440e+06   9.0759277e+01
   2.3296780e+06   4.0588379e+01
   2.3296900e+06   8.6547852e+01
   2.3297200e+06   7.0922852e+01
   2.3297320e+06   4.6264648e+01
   2.3297590e+06   4.2236328e+01
   2.3297900e+06   4.9438477e+01
   2.3298410e+06   4.5959473e+01
   2.3298580e+06   5.8349609e+01
   2.3298970e+06   8.3007813e+01
   2.3299150e+06   4.5959473e+01
   2.3299310e+06   4.1992188e+01
   2.3299490e+06   4.5166016e+01
   2.3299710e+06   4.4006348e+01
   2.3299810e+06   3.8146973e+01
   2.3299950e+06   3.9245605e+01
   2.3300260e+06   4.3518066e+01
   2.3300600e+06   4.0527344e+01
   2.3300810e+06   4.5959473e+01
   2.3301620e+06   8.0444336e+01
   2.3301800e+06   3.7658691e+01
   2.3302950e+06   7.3364258e+01
   2.3303550e+06   5.3405762e+01
   2.3304410e+06   3.8879395e+01
   2.3305480e+06   3.9611816e+01
   2.3305860e+06   4.0405273e+01
   2.3555280e+06   1.8994141e+03
   2.3555390e+06   3.8513184e+01
   2.3559730e+06   4.3762207e+01
   2.3559970e+06   4.0161133e+01
   2.3560310e+06   1.2255859e+02
   2.3560870e+06   7.8247070e+01
   2.3561170e+06   1.0668945e+02
   2.3561510e+06   3.9123535e+01
   2.3561740e+06   4.9499512e+01
   2.3562020e+06   6.8725586e+01
   2.3562460e+06   6.7382813e+01
   2.3562850e+06   4.9133301e+01
   2.3562990e+06   4.0832520e+01
   2.3563310e+06   4.7058105e+01
   2.3563480e+06   4.7912598e+01
   2.3563660e+06   5.0170898e+01
   2.3564080e+06   4.2846680e+01
   2.3565010e+06   4.3273926e+01
   2.3565220e+06   6.8237305e+01
   2.3565510e+06   3.8208008e+01
   2.3566140e+06   3.8208008e+01
   2.3566470e+06   7.6232910e+01
   2.3567330e+06   4.4982910e+01
   2.3567910e+06   4.2053223e+01
   2.3573020e+06   3.7902832e+01
   2.4689450e+06   3.7658691e+01
   2.4694530e+06   1.4288330e+02
   2.4695120e+06   4.2297363e+01
   2.4695880e+06   9.8449707e+01
   2.4696150e+06   4.1870117e+01
   2.4696570e+06   1.0797119e+02
   2.4696810e+06   4.3273926e+01
   2.4696950e+06   3.9184570e+01
   2.4697220e+06   5.2124023e+01
   2.4697550e+06   8.4838867e+01
   2.4697970e+06   9.1979980e+01
   2.4698070e+06   5.1574707e+01
   2.4698180e+06   5.0659180e+01
   2.4698480e+06   6.1096191e+01
   2.4698760e+06   4.3579102e+01
   2.4699080e+06   6.1279297e+01
   2.4699320e+06   5.6396484e+01
   2.4699740e+06   4.5837402e+01
   2.4700080e+06   4.2236328e+01
   2.4700310e+06   4.9377441e+01
   2.4700500e+06   5.1086426e+01
   2.4700740e+06   4.3334961e+01
   2.4700910e+06   8.6547852e+01
   2.4701600e+06   4.1564941e+01
   2.4701780e+06   3.7780762e+01
   2.4702160e+06   3.7719727e+01
   2.4702320e+06   4.4494629e+01
   2.4702490e+06   3.7658691e+01
   2.4702790e+06   4.0344238e+01
   2.4703000e+06   4.7729492e+01
   2.5468670e+06   4.1381836e+01
   2.5469190e+06   3.7658691e+01
   2.5470300e+06   3.8452148e+01
   2.5472300e+06   4.3029785e+01
   2.5472540e+06   3.9672852e+01
   2.5472900e+06   1.2347412e+02
   2.5473330e+06   3.9978027e+01
   2.5473640e+06   3.8940430e+01
   2.5474150e+06   1.2652588e+02
   2.5474470e+06   1.0510254e+02
   2.5474700e+06   4.9377441e+01
   2.5474920e+06   4.4433594e+01
   2.5475120e+06   8.8562012e+01
   2.5475220e+06   4.2846680e+01
   2.5475850e+06   5.8410645e+01
   2.5476100e+06   4.7790527e+01
   2.5476320e+06   4.8583984e+01
   2.5476540e+06   4.1687012e+01
   2.5476710e+06   4.4006348e+01
   2.5477020e+06   6.1157227e+01
   2.5477120e+06   8.8195801e+01
   2.5477390e+06   4.1687012e+01
   2.5477780e+06   4.0588379e+01
   2.5477980e+06   4.4006348e+01
   2.5478100e+06   4.0283203e+01
   2.5478470e+06   3.9306641e+01
   2.5478920e+06   3.9489746e+01
   2.5479510e+06   6.7626953e+01
   2.5480540e+06   4.6447754e+01
   2.5480680e+06   3.9367676e+01
   2.5482200e+06   4.9377441e+01
   2.5948070e+06   4.5593262e+01
   2.5951620e+06   4.5715332e+01
   2.5952600e+06   4.2053223e+01
   2.5954730e+06   1.2121582e+02
   2.5955580e+06   9.5825195e+01
   2.5955880e+06   5.0415039e+01
   2.5956110e+06   4.6325684e+01
   2.5956320e+06   3.8452148e+01
   2.5956910e+06   8.4960938e+01
   2.5957110e+06   4.3090820e+01
   2.5957950e+06   4.8828125e+01
   2.5959000e+06   1.0375977e+02
   2.5959760e+06   4.5471191e+01
   2.6591320e+06   4.4250488e+01
   2.6595470e+06   3.9916992e+01
   2.6595830e+06   4.1687012e+01
   2.6596380e+06   1.3684082e+02
   2.6597000e+06   3.7902832e+01
   2.6597300e+06   5.3344727e+01
   2.6597640e+06   1.1145020e+02
   2.6598040e+06   9.6984863e+01
   2.6598310e+06   8.7158203e+01
   2.6598410e+06   5.5053711e+01
   2.6598880e+06   5.4199219e+01
   2.6599250e+06   8.5144043e+01
   2.6599580e+06   7.9284668e+01
   2.6600250e+06   6.6467285e+01
   2.6600440e+06   4.4067383e+01
   2.6600820e+06   7.5805664e+01
   2.6601120e+06   5.1757813e+01
   2.6601300e+06   1.0803223e+02
   2.6601520e+06   4.7241211e+01
   2.6602630e+06   3.9184570e+01
   2.7271400e+06   4.3029785e+01
   2.7272080e+06   1.0662842e+02
   2.7272200e+06   3.8146973e+01
   2.7275910e+06   3.8269043e+01
   2.7277080e+06   4.4494629e+01
   2.7277810e+06   3.8818359e+01
   2.7278060e+06   1.2548828e+02
   2.7278510e+06   3.9733887e+01
   2.7278970e+06   1.1639404e+02
   2.7279500e+06   4.6936035e+01
   2.7279860e+06   3.7536621e+01
   2.7280040e+06   1.0241699e+02
   2.7280350e+06   3.8635254e+01
   2.7280740e+06   3.9123535e+01
   2.7280920e+06   5.1879883e+01
   2.7281070e+06   3.9978027e+01
   2.7281410e+06   4.2968750e+01
   2.7281620e+06   4.2053223e+01
   2.7281800e+06   1.1865234e+02
   2.7282220e+06   4.7485352e+01
   2.7282340e+06   4.0771484e+01
   2.7282920e+06   4.4921875e+01
   2.7283730e+06   4.0527344e+01
   2.7284000e+06   3.8391113e+01
   2.7284900e+06   4.1259766e+01
   2.7714970e+06   3.7780762e+01
   2.7715340e+06   3.8146973e+01
   2.7715740e+06   1.5014648e+02
   2.7716050e+06   3.7536621e+01
   2.7716400e+06   4.1137695e+01
   2.7716580e+06   4.3090820e+01
   2.7716780e+06   4.3884277e+01
   2.7717130e+06   1.2744141e+02
   2.7717320e+06   3.7597656e+01
   2.7717600e+06   3.9123535e+01
   2.7717860e+06   4.0222168e+01
   2.7718150e+06   7.9833984e+01
   2.7718330e+06   5.8410645e+01
   2.7718840e+06   4.8522949e+01
   2.7719210e+06   4.7729492e+01
   2.7719360e+06   9.4299316e+01
   2.7719740e+06   3.7536621e+01
   2.7719910e+06   3.9794922e+01
   2.7720480e+06   4.3090820e+01
   2.7720660e+06   7.7270508e+01
   2.7721950e+06   3.9184570e+01
   2.7722430e+06   3.8024902e+01
   2.8197210e+06   3.9001465e+01
   2.8197480e+06   1.0540771e+02
   2.8198350e+06   3.7475586e+01
   2.8199590e+06   4.0466309e+01
   2.8210680e+06   4.0832520e+01
   2.8211790e+06   1.3018799e+02
   2.8214640e+06   4.8339844e+01
   2.8215340e+06   1.1614990e+02
   2.8216140e+06   3.9550781e+01
   2.8560450e+06   3.8024902e+01
   2.8564630e+06   4.1442871e+01
   2.8566860e+06   1.2426758e+02
   2.8983380e+06   4.0283203e+01
   2.8983590e+06   4.0893555e+01
   2.8993290e+06   4.4860840e+01
   2.8994940e+06   1.2573242e+02
   2.9394130e+06   1.0705566e+02
   2.9395490e+06   4.0649414e+01
   2.9398350e+06   3.9855957e+01
   2.9874910e+06   1.1785889e+02
   2.9876120e+06   3.9367676e+01
   2.9886290e+06   4.0283203e+01
   2.9894660e+06   3.8452148e+01
   2.9895450e+06   3.7475586e+01
   2.9895680e+06   3.9306641e+01
   2.9907150e+06   3.9184570e+01
   2.9921570e+06   3.8330078e+01
   2.9921860e+06   3.7658691e+01
   2.9928380e+06   4.3212891e+01
   2.9937840e+06   4.9621582e+01
   2.9945530e+06   3.7536621e+01
   2.9949780e+06   3.8452148e+01
   2.9970320e+06   4.0100098e+01
