   2.9990000e+06   0.0000000e+00
   3.1623000e+04   1.7340088e+02
   3.1676000e+04   1.2243652e+02
   3.1757000e+04   3.4973145e+01
   3.1882000e+04   3.3813477e+01
   3.1929000e+04   1.4666748e+02
   3.2061000e+04   4.5227051e+01
   3.2270000e+04   4.1076660e+01
   3.3600000e+04   1.6314697e+02
   3.3675000e+04   1.0034180e+02
   3.3763000e+04   1.0424805e+02
   3.3784000e+04   3.2531738e+01
   3.3822000e+04   5.2246094e+01
   3.4796000e+04   3.2531738e+01
   7.8746000e+04   1.5380859e+02
   7.8842000e+04   1.2561035e+02
   7.8864000e+04   4.2175293e+01
   7.8897000e+04   3.3447266e+01
   7.9009000e+04   1.3500977e+02
   7.9098000e+04   3.7902832e+01
   7.9133000e+04   3.5095215e+01
   7.9237000e+04   1.2359619e+02
   7.9251000e+04   3.5217285e+01
   7.9309000e+04   3.4851074e+01
   7.9385000e+04   3.3081055e+01
   7.9419000e+04   4.5471191e+01
   7.9745000e+04   3.1677246e+01
   8.1772000e+04   3.4423828e+01
   8.3130000e+04   1.6510010e+02
   8.3608000e+04   1.5856934e+02
   8.3669000e+04   1.0888672e+02
   8.4195000e+04   1.4398193e+02
   8.4579000e+04   1.4831543e+02
   1.2843600e+05   3.3020020e+01
   1.2846100e+05   1.6607666e+02
   1.2851900e+05   1.2115479e+02
   1.2855300e+05   3.4362793e+01
   1.2863800e+05   1.2866211e+02
   1.2877400e+05   4.2053223e+01
   1.2885700e+05   1.3122559e+02
   1.2899000e+05   4.2358398e+01
   1.2911600e+05   1.4758301e+02
   1.2928500e+05   3.5583496e+01
   1.3019100e+05   1.4733887e+02
   1.3026800e+05   3.2104492e+01
   1.3029800e+05   1.1962891e+02
   1.3052600e+05   4.9560547e+01
   1.3053800e+05   1.3739014e+02
   1.3075500e+05   1.2939453e+02
   1.3083900e+05   8.9355469e+01
   1.3129600e+05   1.2744141e+02
   1.3147600e+05   3.5156250e+01
   1.3191000e+05   3.8024902e+01
   1.3193600e+05   1.2652588e+02
   1.3231200e+05   1.3336182e+02
   1.3245600e+05   1.2689209e+02
   1.3290700e+05   1.3031006e+02
   1.3324600e+05   1.2451172e+02
   1.3361100e+05   1.3604736e+02
   1.3536100e+05   1.4727783e+02
   1.3542900e+05   9.5764160e+01
   1.3674500e+05   1.4465332e+02
   1.3676700e+05   3.2592773e+01
   1.3695800e+05   1.2463379e+02
   1.3697100e+05   4.4494629e+01
   1.3699700e+05   3.2409668e+01
   1.3719000e+05   1.1822510e+02
   1.3731000e+05   3.2958984e+01
   1.3767100e+05   3.2775879e+01
   1.3809000e+05   1.2835693e+02
   1.3828400e+05   1.1968994e+02
   1.3882200e+05   1.2591553e+02
   1.3895900e+05   1.1322021e+02
   1.3939500e+05   1.2670898e+02
   1.3949200e+05   3.6560059e+01
   1.3950800e+05   1.0821533e+02
   1.3998600e+05   1.2860107e+02
   1.4105300e+05   1.3348389e+02
   1.4116300e+05   9.2285156e+01
   1.4149400e+05   1.3049316e+02
   1.4184200e+05   1.1846924e+02
   1.4226400e+05   1.2243652e+02
   1.4262700e+05   1.2042236e+02
   1.4329600e+05   1.2139893e+02
   1.4413200e+05   1.2817383e+02
   1.4513800e+05   3.3386230e+01
   1.4517900e+05   1.3464355e+02
   1.4521800e+05   3.7231445e+01
   1.4525000e+05   8.1665039e+01
   1.4526900e+05   3.9550781e+01
   1.4545900e+05   1.1901855e+02
   1.4583100e+05   1.1029053e+02
   1.4750200e+05   1.3110352e+02
   1.4763900e+05   1.1346436e+02
   1.4790700e+05   1.2640381e+02
   1.4807600e+05   1.0565186e+02
   1.4842000e+05   1.3104248e+02
   1.4924300e+05   1.2945557e+02
   1.4945500e+05   1.0852051e+02
   1.4962400e+05   4.0710449e+01
   1.8399700e+05   1.6583252e+02
   1.8409100e+05   1.2109375e+02
   1.8418500e+05   4.4494629e+01
   1.8439800e+05   4.1748047e+01
   1.8495900e+05   1.3604736e+02
   1.8527600e+05   1.3012695e+02
   1.8528800e+05   3.3996582e+01
   1.8549000e+05   1.3415527e+02
   1.8552500e+05   3.5705566e+01
   1.8566700e+05   1.0156250e+02
   1.8579300e+05   3.5278320e+01
   1.8596000e+05   1.1785889e+02
   1.8610200e+05   1.0614014e+02
   1.8615900e+05   3.9978027e+01
   1.8623400e+05   1.0113525e+02
   1.8644200e+05   1.1633301e+02
   1.8668100e+05   1.0913086e+02
   1.8688900e+05   1.0351563e+02
   1.8717800e+05   1.1206055e+02
   1.8748700e+05   1.1877441e+02
   1.8766800e+05   1.0766602e+02
   1.8786500e+05   1.0430908e+02
   1.8811400e+05   9.3444824e+01
   1.8868400e+05   1.1633301e+02
   1.8898500e+05   1.2463379e+02
   1.8927200e+05   1.0375977e+02
   1.8941900e+05   9.8693848e+01
   1.8960900e+05   9.5336914e+01
   1.8986700e+05   1.0882568e+02
   1.9018200e+05   1.0803223e+02
   1.9051900e+05   1.1718750e+02
   1.9094600e+05   1.1431885e+02
   1.9126100e+05   1.1785889e+02
   1.9145300e+05   9.7778320e+01
   1.9160700e+05   1.0223389e+02
   1.9236000e+05   3.3630371e+01
   1.9239700e+05   1.0943604e+02
   1.9270300e+05   1.3708496e+02
   1.9650200e+05   1.3885498e+02
   1.9664100e+05   1.1584473e+02
   1.9676500e+05   4.4250488e+01
   1.9705700e+05   1.2023926e+02
   1.9715800e+05   3.2775879e+01
   1.9733800e+05   1.1315918e+02
   1.9773000e+05   1.2390137e+02
   1.9825100e+05   1.0791016e+02
   1.9842600e+05   9.5581055e+01
   1.9845900e+05   3.3386230e+01
   1.9885600e+05   1.1163330e+02
   1.9914400e+05   1.2353516e+02
   1.9958100e+05   1.1938477e+02
   2.0057600e+05   1.3513184e+02
   2.0084100e+05   1.1566162e+02
   2.0107400e+05   1.2658691e+02
   2.0137600e+05   1.1614990e+02
   2.0151200e+05   9.4299316e+01
   2.0172800e+05   9.9975586e+01
   2.0211000e+05   1.0375977e+02
   2.0226100e+05   9.3444824e+01
   2.0242400e+05   8.7463379e+01
   2.0272500e+05   9.9365234e+01
   2.0296500e+05   1.1553955e+02
   2.0317200e+05   1.0150146e+02
   2.0339700e+05   8.5571289e+01
   2.0368200e+05   1.0058594e+02
   2.0433700e+05   1.0614014e+02
   2.0468700e+05   1.2133789e+02
   2.0471500e+05   3.3325195e+01
   2.0504000e+05   1.0699463e+02
   2.7596800e+05   1.6021729e+02
   2.7601200e+05   1.0717773e+02
   2.7605800e+05   6.2438965e+01
   2.7608500e+05   3.1494141e+01
   2.7611400e+05   7.6477051e+01
   2.7615100e+05   3.6376953e+01
   2.7618100e+05   3.4301758e+01
   2.7620100e+05   1.4111328e+02
   2.7623000e+05   1.0461426e+02
   2.7625400e+05   3.4851074e+01
   2.7628400e+05   1.0314941e+02
   2.7634900e+05   9.2529297e+01
   2.7637400e+05   9.4665527e+01
   2.7641000e+05   3.6132813e+01
   2.7642400e+05   6.8298340e+01
   2.7645900e+05   8.8867188e+01
   2.7648700e+05   3.1860352e+01
   2.7650800e+05   4.5349121e+01
   2.7655400e+05   7.8796387e+01
   2.7663300e+05   6.4270020e+01
   2.7666000e+05   3.2165527e+01
   2.7669400e+05   3.9123535e+01
   2.7672500e+05   3.6193848e+01
   2.7673700e+05   6.3720703e+01
   2.7685600e+05   5.1635742e+01
   2.7689100e+05   4.0405273e+01
   2.7693700e+05   3.1372070e+01
   2.7697100e+05   5.0292969e+01
   2.7715200e+05   7.3913574e+01
   3.2943200e+05   1.6851807e+02
   3.2948300e+05   9.7961426e+01
   3.2952500e+05   4.6020508e+01
   3.2954100e+05   5.3955078e+01
   3.2960600e+05   7.4340820e+01
   3.2963800e+05   3.9245605e+01
   3.2966400e+05   3.7719727e+01
   3.2968700e+05   1.3848877e+02
   3.2975300e+05   5.8227539e+01
   3.2978000e+05   9.0454102e+01
   3.2979300e+05   1.2738037e+02
   3.2981800e+05   3.4790039e+01
   3.2988000e+05   1.0723877e+02
   3.2990300e+05   7.9345703e+01
   3.2992400e+05   3.3447266e+01
   3.2994400e+05   3.3874512e+01
   3.2997400e+05   9.7778320e+01
   3.2998600e+05   3.6437988e+01
   3.3002800e+05   1.0357666e+02
   3.3004600e+05   5.3955078e+01
   3.3008900e+05   3.6682129e+01
   3.3012500e+05   9.6740723e+01
   3.3015300e+05   6.2072754e+01
   3.3016700e+05   4.1687012e+01
   3.3018700e+05   3.4851074e+01
   3.3022200e+05   3.3935547e+01
   3.3023200e+05   6.3232422e+01
   3.3031400e+05   3.2531738e+01
   3.3033800e+05   6.6772461e+01
   3.3052000e+05   5.8349609e+01
   3.3053100e+05   3.5278320e+01
   3.3061300e+05   4.7180176e+01
   3.3083900e+05   9.3444824e+01
   3.9599000e+05   1.6949463e+02
   3.9603600e+05   1.0015869e+02
   3.9606900e+05   3.6315918e+01
   3.9608300e+05   8.3801270e+01
   3.9615600e+05   1.0443115e+02
   3.9617400e+05   1.2280273e+02
   3.9619300e+05   5.0048828e+01
   3.9621900e+05   3.6315918e+01
   3.9623500e+05   8.5998535e+01
   3.9625300e+05   1.1163330e+02
   3.9626700e+05   5.1330566e+01
   3.9628300e+05   3.3691406e+01
   3.9631700e+05   7.1838379e+01
   3.9633700e+05   8.0566406e+01
   3.9635700e+05   6.7443848e+01
   3.9638200e+05   4.5166016e+01
   3.9639700e+05   3.9062500e+01
   3.9642200e+05   7.9040527e+01
   3.9643500e+05   6.2316895e+01
   3.9646300e+05   4.3640137e+01
   3.9647300e+05   4.0039063e+01
   3.9650700e+05   6.2500000e+01
   3.9653700e+05   3.7170410e+01
   3.9655900e+05   3.8879395e+01
   3.9659000e+05   4.1931152e+01
   3.9661700e+05   3.3569336e+01
   3.9665400e+05   4.6508789e+01
   3.9668800e+05   3.3325195e+01
   3.9673600e+05   3.3996582e+01
   3.9678000e+05   3.1677246e+01
   3.9683500e+05   4.3518066e+01
   3.9692300e+05   4.7363281e+01
   3.9696100e+05   3.3569336e+01
   3.9699800e+05   3.4118652e+01
   3.9702700e+05   3.9916992e+01
   3.9723500e+05   5.4687500e+01
   3.9743200e+05   6.8725586e+01
   4.2141800e+05   3.2165527e+01
   4.2143900e+05   1.7572021e+02
   4.2146800e+05   3.1921387e+01
   4.2149300e+05   1.0168457e+02
   4.2151300e+05   4.1259766e+01
   4.2152600e+05   3.1616211e+01
   4.2159100e+05   1.1395264e+02
   4.2160700e+05   3.8330078e+01
   4.2163600e+05   1.2872314e+02
   4.2165200e+05   4.0893555e+01
   4.2168000e+05   3.5339355e+01
   4.2170100e+05   9.6313477e+01
   4.2172200e+05   1.1053467e+02
   4.2174900e+05   5.1696777e+01
   4.2176600e+05   3.8391113e+01
   4.2178200e+05   7.8552246e+01
   4.2180000e+05   8.9050293e+01
   4.2185000e+05   3.4240723e+01
   4.2188100e+05   7.7636719e+01
   4.2193000e+05   4.8400879e+01
   4.2196400e+05   5.8776855e+01
   4.2197800e+05   7.6843262e+01
   4.2202500e+05   5.8837891e+01
   4.2203500e+05   3.9489746e+01
   4.2206800e+05   6.1889648e+01
   4.2210000e+05   4.5227051e+01
   4.2219600e+05   3.4729004e+01
   4.2221600e+05   5.1330566e+01
   4.2234400e+05   5.7739258e+01
   4.2243900e+05   3.7170410e+01
   4.2248700e+05   4.4799805e+01
   4.2269100e+05   6.4758301e+01
   4.2292400e+05   6.6833496e+01
   4.2319900e+05   8.6425781e+01
   4.2320900e+05   3.1677246e+01
   4.2356200e+05   1.0162354e+02
   4.4494200e+05   1.6308594e+02
   4.4501200e+05   3.1799316e+01
   4.4503800e+05   1.5759277e+02
   4.4504900e+05   3.2592773e+01
   4.4507100e+05   3.6621094e+01
   4.4508300e+05   3.2653809e+01
   4.4510900e+05   9.6984863e+01
   4.4512400e+05   1.1529541e+02
   4.4514500e+05   3.5827637e+01
   4.4516500e+05   3.2531738e+01
   4.4518700e+05   1.4544678e+02
   4.4522900e+05   3.6315918e+01
   4.4525000e+05   6.0729980e+01
   4.4528500e+05   8.1298828e+01
   4.4530000e+05   4.7485352e+01
   4.4532000e+05   3.9062500e+01
   4.4535800e+05   5.6457520e+01
   4.4538900e+05   4.6569824e+01
   4.4541300e+05   4.8095703e+01
   4.4542500e+05   3.7597656e+01
   4.4544700e+05   3.1738281e+01
   4.4548000e+05   4.7668457e+01
   4.4549200e+05   3.7414551e+01
   4.4552900e+05   3.9611816e+01
   4.4557400e+05   3.5278320e+01
   4.4565900e+05   3.3935547e+01
   4.4592900e+05   4.5898438e+01
   4.4602500e+05   4.2114258e+01
   4.4620100e+05   4.4250488e+01
   4.4625600e+05   3.2531738e+01
   4.4634100e+05   5.9387207e+01
   4.4656400e+05   7.7087402e+01
   4.4676800e+05   8.0200195e+01
   4.6636600e+05   1.5136719e+02
   4.6645700e+05   1.1633301e+02
   4.6649700e+05   3.7170410e+01
   4.6652700e+05   1.2103271e+02
   4.6657400e+05   1.1834717e+02
   4.6658400e+05   3.8513184e+01
   4.6660800e+05   5.7739258e+01
   4.6663500e+05   3.3264160e+01
   4.6665800e+05   1.3000488e+02
   4.6669500e+05   1.1273193e+02
   4.6671600e+05   4.3395996e+01
   4.6673600e+05   8.2153320e+01
   4.6679900e+05   1.2481689e+02
   4.6681900e+05   4.1870117e+01
   4.6685300e+05   3.2958984e+01
   4.6686800e+05   8.0688477e+01
   4.6688900e+05   4.2480469e+01
   4.6691700e+05   3.1555176e+01
   4.6694000e+05   5.1025391e+01
   4.6695800e+05   3.1250000e+01
   4.6697800e+05   3.7170410e+01
   4.6700000e+05   3.2287598e+01
   4.6702800e+05   3.3325195e+01
   4.6705800e+05   3.6193848e+01
   4.6712800e+05   3.4545898e+01
   4.6715400e+05   3.7292480e+01
   4.6718500e+05   3.1921387e+01
   4.6728000e+05   3.4423828e+01
   4.6750600e+05   3.3691406e+01
   4.6763700e+05   4.4555664e+01
   4.6781700e+05   4.4494629e+01
   4.6793200e+05   4.9072266e+01
   4.6804600e+05   6.2194824e+01
   4.6824900e+05   6.5002441e+01
   4.6843000e+05   6.4514160e+01
   4.6871900e+05   9.2956543e+01
   4.9028600e+05   1.6131592e+02
   4.9032200e+05   3.5827637e+01
   4.9033700e+05   1.0394287e+02
   4.9037000e+05   4.1992188e+01
   4.9039900e+05   1.7944336e+02
   4.9042500e+05   3.2226563e+01
   4.9047100e+05   6.3964844e+01
   4.9048900e+05   1.0986328e+02
   4.9054000e+05   8.1054688e+01
   4.9057000e+05   4.4189453e+01
   4.9058300e+05   3.5339355e+01
   4.9060400e+05   5.7067871e+01
   4.9063200e+05   6.6528320e+01
   4.9066100e+05   4.7851563e+01
   4.9067200e+05   5.4992676e+01
   4.9069500e+05   4.4189453e+01
   4.9071300e+05   4.9011230e+01
   4.9074600e+05   3.1555176e+01
   4.9084600e+05   3.9428711e+01
   4.9091700e+05   3.3081055e+01
   4.9093600e+05   3.9367676e+01
   4.9100300e+05   3.2653809e+01
   4.9108600e+05   3.2775879e+01
   4.9118400e+05   3.4973145e+01
   4.9125400e+05   4.2053223e+01
   4.9144000e+05   3.2348633e+01
   4.9146300e+05   3.8085938e+01
   4.9152200e+05   3.1982422e+01
   4.9156400e+05   4.5227051e+01
   4.9157600e+05   3.7963867e+01
   4.9167500e+05   4.0344238e+01
   4.9168900e+05   3.4973145e+01
   4.9179400e+05   5.9082031e+01
   4.9189800e+05   5.2001953e+01
   4.9208600e+05   5.3710938e+01
   4.9219600e+05   5.5664063e+01
   4.9242300e+05   7.0007324e+01
   4.9266100e+05   7.8063965e+01
   4.9287900e+05   8.7463379e+01
   4.9311200e+05   8.5205078e+01
   4.9330800e+05   9.4360352e+01
   4.9345000e+05   9.0637207e+01
   4.9399300e+05   1.0949707e+02
   4.9415500e+05   9.6130371e+01
   4.9462900e+05   9.5581055e+01
   4.9483200e+05   1.1425781e+02
   4.9515300e+05   1.1523438e+02
   4.9534100e+05   9.3505859e+01
   4.9556600e+05   1.0357666e+02
   4.9587100e+05   8.8623047e+01
   4.9604500e+05   7.4401855e+01
   4.9608800e+05   3.5705566e+01
   4.9618200e+05   7.4096680e+01
   4.9624900e+05   3.6987305e+01
   4.9629400e+05   4.1198730e+01
   4.9639600e+05   7.3669434e+01
   4.9651700e+05   3.2226563e+01
   4.9656000e+05   3.2104492e+01
   4.9657900e+05   5.3710938e+01
   4.9676600e+05   6.9030762e+01
   4.9681400e+05   1.0021973e+02
   4.9684100e+05   3.1799316e+01
   4.9700000e+05   1.2487793e+02
   4.9702800e+05   3.1921387e+01
   4.9712000e+05   3.4851074e+01
   4.9723300e+05   3.8146973e+01
   4.9735500e+05   3.1677246e+01
   4.9750900e+05   9.0698242e+01
   4.9793400e+05   4.9499512e+01
   4.9818200e+05   3.7536621e+01
   4.9833400e+05   3.9306641e+01
   4.9834400e+05   4.2907715e+01
   4.9856700e+05   4.6081543e+01
   4.9857700e+05   3.2165527e+01
   4.9891500e+05   5.8959961e+01
   4.9933600e+05   7.0617676e+01
   4.9964100e+05   7.8369141e+01
   4.9983100e+05   8.0566406e+01
   5.0046400e+05   9.5153809e+01
   5.0123300e+05   1.0247803e+02
   5.0221700e+05   1.1254883e+02
   5.0275100e+05   1.0144043e+02
   5.0799400e+05   1.2261963e+02
   5.0805800e+05   3.5278320e+01
   5.0808800e+05   8.2519531e+01
   5.0816100e+05   4.1564941e+01
   5.0819700e+05   7.9711914e+01
   5.0822700e+05   3.5522461e+01
   5.0828500e+05   1.1682129e+02
   5.0830300e+05   3.5766602e+01
   5.0831400e+05   5.0415039e+01
   5.0832900e+05   4.4860840e+01
   5.0836400e+05   7.3852539e+01
   5.0838700e+05   3.2958984e+01
   5.0841100e+05   3.7597656e+01
   5.0843500e+05   6.6040039e+01
   5.0846300e+05   4.2053223e+01
   5.0853500e+05   3.3630371e+01
   5.0858000e+05   7.4890137e+01
   5.0864900e+05   3.3935547e+01
   5.0879500e+05   3.1555176e+01
   5.0890100e+05   3.5217285e+01
   5.0908900e+05   4.5654297e+01
   5.0927400e+05   5.1757813e+01
   5.0950100e+05   5.3955078e+01
   5.0968000e+05   5.8166504e+01
   5.0992800e+05   7.3059082e+01
   5.2035600e+05   1.2225342e+02
   5.2043500e+05   9.8815918e+01
   5.2046000e+05   4.6447754e+01
   5.2050500e+05   7.5317383e+01
   5.2051900e+05   1.3696289e+02
   5.2057500e+05   3.9062500e+01
   5.2059500e+05   7.6477051e+01
   5.2062600e+05   1.1419678e+02
   5.2064100e+05   4.2846680e+01
   5.2067400e+05   5.0964355e+01
   5.2070700e+05   8.2946777e+01
   5.2071900e+05   4.2907715e+01
   5.2075400e+05   4.9804688e+01
   5.2078600e+05   8.1420898e+01
   5.2081100e+05   4.3090820e+01
   5.2084800e+05   3.5522461e+01
   5.2088500e+05   6.3110352e+01
   5.2091400e+05   3.1494141e+01
   5.2094300e+05   3.4179688e+01
   5.2098200e+05   3.5156250e+01
   5.2100900e+05   3.1738281e+01
   5.2137800e+05   3.5217285e+01
   5.2160400e+05   5.1818848e+01
   5.2176200e+05   4.7729492e+01
   5.2191800e+05   6.0974121e+01
   5.2204700e+05   5.2001953e+01
   5.2221100e+05   6.0852051e+01
   5.2271200e+05   8.0566406e+01
   5.3657100e+05   1.4660645e+02
   5.3664000e+05   1.1328125e+02
   5.3668700e+05   3.7353516e+01
   5.3672300e+05   8.2519531e+01
   5.3674400e+05   3.9367676e+01
   5.3676500e+05   4.2114258e+01
   5.3679100e+05   4.9499512e+01
   5.3682500e+05   4.1137695e+01
   5.3684200e+05   1.0552979e+02
   5.3685300e+05   5.9814453e+01
   5.3689300e+05   3.5278320e+01
   5.3692400e+05   1.0260010e+02
   5.3694700e+05   3.3142090e+01
   5.3697900e+05   4.1137695e+01
   5.3700200e+05   7.2082520e+01
   5.3702800e+05   4.0588379e+01
   5.3705900e+05   3.4301758e+01
   5.3708700e+05   7.6599121e+01
   5.3715200e+05   3.8391113e+01
   5.3719000e+05   4.2236328e+01
   5.3721300e+05   3.2897949e+01
   5.3726500e+05   3.1982422e+01
   5.3750500e+05   3.2592773e+01
   5.3782800e+05   4.0649414e+01
   5.3813200e+05   3.8330078e+01
   5.3828800e+05   5.6091309e+01
   5.3829800e+05   3.4240723e+01
   5.3847800e+05   6.5246582e+01
   5.3868100e+05   6.4025879e+01
   5.3888000e+05   6.6894531e+01
   5.3919600e+05   8.5510254e+01
   5.3976000e+05   1.0046387e+02
   5.4000100e+05   1.0015869e+02
   5.4037100e+05   1.0162354e+02
   5.5213200e+05   1.3848877e+02
   5.5220400e+05   9.3017578e+01
   5.5222500e+05   3.3630371e+01
   5.5227100e+05   8.5449219e+01
   5.5229100e+05   5.0292969e+01
   5.5230700e+05   1.2902832e+02
   5.5233100e+05   3.2348633e+01
   5.5234600e+05   8.0993652e+01
   5.5237300e+05   3.3752441e+01
   5.5240500e+05   1.1840820e+02
   5.5241800e+05   5.3344727e+01
   5.5248000e+05   8.0932617e+01
   5.5249500e+05   4.4799805e+01
   5.5254500e+05   6.2500000e+01
   5.5256900e+05   3.1372070e+01
   5.5260000e+05   3.2409668e+01
   5.5263400e+05   6.0302734e+01
   5.5287900e+05   3.2470703e+01
   5.5328200e+05   4.4189453e+01
   5.5329200e+05   4.1198730e+01
   5.5344900e+05   4.0161133e+01
   5.5345900e+05   3.9306641e+01
   5.5362900e+05   4.3518066e+01
   5.5365600e+05   3.4667969e+01
   5.5378300e+05   4.2175293e+01
   5.5381800e+05   3.2409668e+01
   5.5395500e+05   4.5104980e+01
   5.5410000e+05   5.4687500e+01
   5.5435200e+05   6.0302734e+01
   5.5475800e+05   7.5866699e+01
   5.5514600e+05   8.3862305e+01
   5.5553400e+05   1.0601807e+02
   5.5626900e+05   1.1761475e+02
   5.6702400e+05   1.4739990e+02
   5.6708500e+05   9.7045898e+01
   5.6715600e+05   8.0078125e+01
   5.6723200e+05   5.9326172e+01
   5.6725600e+05   3.5034180e+01
   5.6727000e+05   3.5888672e+01
   5.6731000e+05   5.6762695e+01
   5.6734900e+05   9.5275879e+01
   5.6736800e+05   3.4606934e+01
   5.6743000e+05   8.4167480e+01
   5.6745600e+05   3.9062500e+01
   5.6748500e+05   4.1870117e+01
   5.6751900e+05   7.9711914e+01
   5.6754900e+05   3.1982422e+01
   5.6763500e+05   7.1105957e+01
   5.6764500e+05   3.6743164e+01
   5.6770600e+05   3.3996582e+01
   5.6814400e+05   3.8330078e+01
   5.6828400e+05   3.2226563e+01
   5.6844600e+05   4.5288086e+01
   5.6859800e+05   3.3630371e+01
   5.6879100e+05   5.4870605e+01
   5.6884100e+05   3.6621094e+01
   5.6899500e+05   5.3527832e+01
   5.6912400e+05   4.8889160e+01
   5.6939700e+05   6.5368652e+01
   5.6953700e+05   6.4270020e+01
   5.6991500e+05   8.2153320e+01
   5.7219000e+05   1.1669922e+02
   5.8079400e+05   1.6223145e+02
   5.8088400e+05   5.3222656e+01
   5.8090800e+05   3.7292480e+01
   5.8096300e+05   3.5217285e+01
   5.8097600e+05   8.0017090e+01
   5.8100600e+05   1.0864258e+02
   5.8102400e+05   4.8645020e+01
   5.8104700e+05   5.1635742e+01
   5.8107000e+05   3.7109375e+01
   5.8111200e+05   9.7778320e+01
   5.8115600e+05   4.8339844e+01
   5.8120000e+05   8.2946777e+01
   5.8122200e+05   4.3457031e+01
   5.8126500e+05   5.1391602e+01
   5.8129100e+05   6.6772461e+01
   5.8136500e+05   3.2409668e+01
   5.8139300e+05   6.4636230e+01
   5.8145200e+05   3.3081055e+01
   5.8147400e+05   3.3752441e+01
   5.8166200e+05   3.3752441e+01
   5.8171100e+05   3.1860352e+01
   5.8178500e+05   3.4912109e+01
   5.8193300e+05   3.7170410e+01
   5.8205800e+05   3.8879395e+01
   5.8217200e+05   3.5888672e+01
   5.8218300e+05   3.5949707e+01
   5.8229100e+05   3.7597656e+01
   5.8232100e+05   3.3813477e+01
   5.8256200e+05   4.7790527e+01
   5.8282600e+05   6.0180664e+01
   5.8308400e+05   7.1166992e+01
   5.8343200e+05   8.5998535e+01
   5.9091300e+05   1.4263916e+02
   5.9097400e+05   8.7768555e+01
   5.9101200e+05   3.8696289e+01
   5.9104500e+05   6.0424805e+01
   5.9106300e+05   4.3395996e+01
   5.9107600e+05   1.2377930e+02
   5.9109400e+05   3.7780762e+01
   5.9113100e+05   5.8776855e+01
   5.9116800e+05   9.6618652e+01
   5.9118900e+05   4.1992188e+01
   5.9120700e+05   4.4494629e+01
   5.9121900e+05   3.3447266e+01
   5.9125500e+05   4.7363281e+01
   5.9127000e+05   7.9956055e+01
   5.9130300e+05   3.6437988e+01
   5.9135300e+05   3.2226563e+01
   5.9138000e+05   7.0556641e+01
   5.9143800e+05   4.1259766e+01
   5.9148100e+05   3.2165527e+01
   5.9149500e+05   6.8603516e+01
   5.9151800e+05   3.3630371e+01
   5.9176100e+05   3.7109375e+01
   5.9192100e+05   4.4006348e+01
   5.9193200e+05   3.2531738e+01
   5.9207600e+05   4.1687012e+01
   5.9221400e+05   4.2724609e+01
   5.9233600e+05   3.5522461e+01
   5.9247800e+05   4.5654297e+01
   5.9265600e+05   5.0964355e+01
   5.9316500e+05   7.2570801e+01
   5.9347500e+05   6.9885254e+01
   5.9365800e+05   8.7219238e+01
   5.9432700e+05   1.0412598e+02
   6.0503800e+05   1.8992920e+03
   6.0505000e+05   4.3334961e+01
   6.0512100e+05   1.4428711e+02
   6.0518200e+05   4.6264648e+01
   6.0519900e+05   9.3994141e+01
   6.0522100e+05   3.2348633e+01
   6.0525800e+05   3.2592773e+01
   6.0528000e+05   1.3299561e+02
   6.0530300e+05   4.4738770e+01
   6.0532400e+05   3.9672852e+01
   6.0534400e+05   3.2897949e+01
   6.0538100e+05   1.0894775e+02
   6.0540000e+05   4.2297363e+01
   6.0541700e+05   4.8828125e+01
   6.0546100e+05   3.4423828e+01
   6.0547100e+05   8.2031250e+01
   6.0556300e+05   8.0017090e+01
   6.0559300e+05   3.1127930e+01
   6.0575300e+05   3.2836914e+01
   6.0593200e+05   3.4973145e+01
   6.0615800e+05   3.4606934e+01
   6.0629500e+05   4.5776367e+01
   6.0657000e+05   5.1635742e+01
   6.0669200e+05   4.9194336e+01
   6.0670300e+05   3.1555176e+01
   6.0696200e+05   5.8593750e+01
   6.0718900e+05   6.4086914e+01
   6.0766800e+05   7.5378418e+01
   6.0799200e+05   8.7341309e+01
   6.0821100e+05   8.8745117e+01
   6.5505400e+05   3.8959961e+03
   6.5513000e+05   1.5942383e+02
   6.5519000e+05   9.7534180e+01
   6.5522900e+05   3.1860352e+01
   6.5525600e+05   8.0322266e+01
   6.5527300e+05   3.9916992e+01
   6.5532200e+05   6.7871094e+01
   6.5533600e+05   1.4007568e+02
   6.5536300e+05   4.5654297e+01
   6.5537900e+05   3.3020020e+01
   6.5540100e+05   3.1738281e+01
   6.5542500e+05   1.2054443e+02
   6.5544900e+05   4.3151855e+01
   6.5549700e+05   8.5754395e+01
   6.5552300e+05   4.3212891e+01
   6.5554400e+05   3.7719727e+01
   6.5558400e+05   7.4035645e+01
   6.5561400e+05   3.7780762e+01
   6.5563500e+05   3.6193848e+01
   6.5567300e+05   7.1838379e+01
   6.5568300e+05   3.6071777e+01
   6.5571300e+05   3.2836914e+01
   6.5579400e+05   3.5095215e+01
   6.5583200e+05   7.1899414e+01
   6.5618100e+05   3.1860352e+01
   6.5640600e+05   3.2531738e+01
   6.5664300e+05   3.7963867e+01
   6.5665800e+05   3.3142090e+01
   6.5675900e+05   3.9001465e+01
   6.5691900e+05   3.1555176e+01
   6.5712700e+05   5.0476074e+01
   6.5732000e+05   5.6579590e+01
   6.5752500e+05   7.5378418e+01
   6.5768600e+05   7.0983887e+01
   6.5788200e+05   7.2387695e+01
   6.5816700e+05   7.4890137e+01
   6.5836900e+05   8.8439941e+01
   6.5867800e+05   8.3496094e+01
   6.5894900e+05   9.3688965e+01
   6.5922800e+05   1.0070801e+02
   6.5941400e+05   8.5021973e+01
   6.5953200e+05   3.1677246e+01
   6.5968700e+05   9.3139648e+01
   6.6006200e+05   9.9243164e+01
   6.6059700e+05   9.9060059e+01
   6.6061900e+05   3.6010742e+01
   6.6075900e+05   9.0576172e+01
   6.6099000e+05   7.8430176e+01
   6.6103100e+05   3.1188965e+01
   6.6141700e+05   9.4787598e+01
   6.6172000e+05   7.8491211e+01
   6.6193800e+05   7.7453613e+01
   6.6212700e+05   6.0485840e+01
   6.6238400e+05   3.2165527e+01
   6.6241100e+05   7.3913574e+01
   6.6264000e+05   3.1372070e+01
   6.6266800e+05   6.0729980e+01
   6.6287300e+05   7.0922852e+01
   6.6308700e+05   6.5185547e+01
   6.6332600e+05   6.5307617e+01
   6.6371700e+05   6.4453125e+01
   6.6393300e+05   7.8125000e+01
   7.0506600e+05   1.9004517e+03
   7.0507900e+05   3.9123535e+01
   7.0513600e+05   1.6491699e+02
   7.0520700e+05   1.0363770e+02
   7.0522700e+05   3.3020020e+01
   7.0526200e+05   8.4960938e+01
   7.0531200e+05   3.1311035e+01
   7.0533800e+05   5.7434082e+01
   7.0536900e+05   4.5043945e+01
   7.0540400e+05   1.3366699e+02
   7.0543100e+05   3.5827637e+01
   7.0544300e+05   3.9001465e+01
   7.0547100e+05   3.5949707e+01
   7.0549000e+05   9.7717285e+01
   7.0550900e+05   4.5104980e+01
   7.0552800e+05   3.3630371e+01
   7.0554500e+05   4.4433594e+01
   7.0557700e+05   9.7106934e+01
   7.0560300e+05   3.5888672e+01
   7.0563300e+05   3.4912109e+01
   7.0570400e+05   8.6303711e+01
   7.0572700e+05   3.8269043e+01
   7.0579200e+05   3.4362793e+01
   7.0584000e+05   3.4362793e+01
   7.0589000e+05   3.2836914e+01
   7.0594400e+05   3.3508301e+01
   7.0630400e+05   3.2592773e+01
   7.0640600e+05   3.4423828e+01
   7.0648800e+05   3.8146973e+01
   7.0658300e+05   3.1616211e+01
   7.0661400e+05   4.1198730e+01
   7.0670900e+05   3.9184570e+01
   7.0687000e+05   3.2226563e+01
   7.0701900e+05   4.9499512e+01
   7.0705900e+05   3.1494141e+01
   7.0718900e+05   4.5898438e+01
   7.0735500e+05   5.1330566e+01
   7.0757100e+05   6.5612793e+01
   7.0776600e+05   6.7199707e+01
   7.0794500e+05   5.8837891e+01
   7.0809500e+05   5.9143066e+01
   7.0836500e+05   9.0515137e+01
   7.0863300e+05   8.3435059e+01
   7.0890600e+05   8.5266113e+01
   7.5508200e+05   3.9001465e+03
   7.5509200e+05   4.8461914e+01
   7.5515600e+05   1.6845703e+02
   7.5524800e+05   1.1248779e+02
   7.5526100e+05   4.4799805e+01
   7.5532200e+05   3.1616211e+01
   7.5533500e+05   1.0717773e+02
   7.5540400e+05   3.2592773e+01
   7.5542000e+05   5.6884766e+01
   7.5544700e+05   4.0039063e+01
   7.5547900e+05   1.5142822e+02
   7.5550800e+05   4.3762207e+01
   7.5553500e+05   4.3945313e+01
   7.5556700e+05   1.2457275e+02
   7.5559800e+05   3.2714844e+01
   7.5563400e+05   8.3923340e+01
   7.5570900e+05   3.1250000e+01
   7.5573400e+05   3.2653809e+01
   7.5574800e+05   8.0505371e+01
   7.5577800e+05   3.7658691e+01
   7.5583900e+05   3.6560059e+01
   7.5589500e+05   4.5654297e+01
   7.5600600e+05   3.3447266e+01
   7.5633000e+05   3.6193848e+01
   7.5660500e+05   3.2348633e+01
   7.5670000e+05   3.1555176e+01
   7.5685800e+05   4.9438477e+01
   7.5698200e+05   4.8217773e+01
   7.5715900e+05   6.1523438e+01
   7.5720700e+05   3.3508301e+01
   7.5726900e+05   4.0649414e+01
   7.5738600e+05   4.9682617e+01
   7.5750400e+05   4.1870117e+01
   7.5768900e+05   6.1279297e+01
   7.5788800e+05   6.0241699e+01
   7.5806900e+05   6.7016602e+01
   7.5821300e+05   6.4575195e+01
   7.5849500e+05   8.0688477e+01
   7.5872300e+05   9.0148926e+01
   7.5898900e+05   8.5083008e+01
   7.5989000e+05   1.0577393e+02
   8.0509400e+05   1.9215698e+03
   8.0511100e+05   3.3203125e+01
   8.0517500e+05   1.5783691e+02
   8.0527100e+05   3.9001465e+01
   8.0528800e+05   1.1071777e+02
   8.0530400e+05   3.4301758e+01
   8.0537800e+05   1.1224365e+02
   8.0546100e+05   8.8806152e+01
   8.0548900e+05   3.2836914e+01
   8.0549900e+05   1.1138916e+02
   8.0554100e+05   7.9345703e+01
   8.0558600e+05   3.5644531e+01
   8.0561400e+05   1.0504150e+02
   8.0564200e+05   6.6833496e+01
   8.0566200e+05   4.5959473e+01
   8.0571300e+05   8.7951660e+01
   8.0574600e+05   4.7729492e+01
   8.0578900e+05   7.7209473e+01
   8.0581000e+05   3.5705566e+01
   8.0582700e+05   4.4738770e+01
   8.0585500e+05   3.3996582e+01
   8.0588200e+05   4.2907715e+01
   8.0595800e+05   3.8635254e+01
   8.0602400e+05   1.0968018e+02
   8.0613600e+05   3.6743164e+01
   8.0661500e+05   3.4240723e+01
   8.0669100e+05   3.4790039e+01
   8.0670200e+05   3.4729004e+01
   8.0683300e+05   3.5705566e+01
   8.0695100e+05   3.8208008e+01
   8.0706300e+05   3.6071777e+01
   8.0719000e+05   4.3518066e+01
   8.0746500e+05   5.8776855e+01
   8.0769300e+05   6.8054199e+01
   8.0787400e+05   5.4077148e+01
   8.0801900e+05   3.2836914e+01
   8.0812900e+05   7.6721191e+01
   8.0827900e+05   7.0190430e+01
   8.0854700e+05   9.1430664e+01
   8.5510800e+05   1.9183350e+03
   8.5512200e+05   3.1433105e+01
   8.5518800e+05   1.4044189e+02
   8.5528600e+05   1.1505127e+02
   8.5542800e+05   1.3354492e+02
   8.5551100e+05   3.2958984e+01
   8.5556600e+05   3.5278320e+01
   8.5561200e+05   1.3964844e+02
   8.5563400e+05   9.1064453e+01
   8.5572000e+05   1.0321045e+02
   8.5573300e+05   6.0607910e+01
   8.5577300e+05   3.3142090e+01
   8.5579000e+05   4.9255371e+01
   8.5583200e+05   1.1071777e+02
   8.5585300e+05   3.2714844e+01
   8.5586600e+05   3.3874512e+01
   8.5591700e+05   6.0729980e+01
   8.5593900e+05   8.1787109e+01
   8.5596000e+05   3.5949707e+01
   8.5599600e+05   3.6499023e+01
   8.5605200e+05   3.7719727e+01
   8.5608200e+05   9.7351074e+01
   8.5613400e+05   4.8339844e+01
   8.5620300e+05   3.4729004e+01
   8.5629700e+05   3.5644531e+01
   8.5633800e+05   3.1555176e+01
   8.5635700e+05   3.1250000e+01
   8.5656000e+05   3.8330078e+01
   8.5664500e+05   3.1433105e+01
   8.5674500e+05   4.5532227e+01
   8.5687300e+05   3.9489746e+01
   8.5702900e+05   5.1025391e+01
   8.5714100e+05   4.5166016e+01
   8.5732600e+05   6.1035156e+01
   8.5743300e+05   4.4616699e+01
   8.5754700e+05   5.2978516e+01
   8.5773600e+05   6.3232422e+01
   9.0512400e+05   3.9094849e+03
   9.0513600e+05   3.4179688e+01
   9.0520600e+05   1.5173340e+02
   9.0534000e+05   3.3752441e+01
   9.0551300e+05   1.3793945e+02
   9.0563100e+05   3.4484863e+01
   9.0568700e+05   3.3325195e+01
   9.0575600e+05   3.6437988e+01
   9.0578100e+05   4.1015625e+01
   9.0580000e+05   9.7900391e+01
   9.0584600e+05   1.2365723e+02
   9.0586900e+05   4.4982910e+01
   9.0590100e+05   7.6416016e+01
   9.0593400e+05   3.2958984e+01
   9.0596300e+05   1.2414551e+02
   9.0598900e+05   7.4584961e+01
   9.0601800e+05   3.4057617e+01
   9.0604800e+05   3.1127930e+01
   9.0607900e+05   1.2506104e+02
   9.0608900e+05   6.6040039e+01
   9.0613000e+05   3.1494141e+01
   9.0616600e+05   3.2043457e+01
   9.0617900e+05   4.8156738e+01
   9.0619500e+05   9.9548340e+01
   9.0623100e+05   3.2470703e+01
   9.0626000e+05   4.8217773e+01
   9.0635700e+05   5.4321289e+01
   9.0637000e+05   3.9001465e+01
   9.0642200e+05   3.1311035e+01
   9.0647000e+05   4.3945313e+01
   9.0648100e+05   3.3691406e+01
   9.0664100e+05   5.6091309e+01
   9.0665600e+05   3.2226563e+01
   9.0675400e+05   5.9997559e+01
   9.0690600e+05   3.3203125e+01
   9.0691600e+05   3.7231445e+01
   9.0702900e+05   6.8725586e+01
   9.0725200e+05   6.9641113e+01
   9.0745800e+05   7.5439453e+01
   9.0763000e+05   9.4848633e+01
   9.5513600e+05   1.9133301e+03
   9.5514600e+05   5.2856445e+01
   9.5520900e+05   1.7724609e+02
   9.5527500e+05   1.0437012e+02
   9.5542600e+05   3.1677246e+01
   9.5668300e+05   1.3342285e+02
   9.5674300e+05   1.0168457e+02
   9.5683800e+05   9.9670410e+01
   9.5685700e+05   3.1188965e+01
   9.5689400e+05   3.8146973e+01
   9.5696000e+05   1.2097168e+02
   9.5702200e+05   1.2048340e+02
   9.5703400e+05   4.4311523e+01
   9.5708600e+05   1.1334229e+02
   9.5714300e+05   1.2847900e+02
   9.5715500e+05   4.5349121e+01
   9.5718600e+05   7.5317383e+01
   9.5721400e+05   3.4301758e+01
   9.5729200e+05   1.0974121e+02
   9.5730300e+05   6.7443848e+01
   9.5733400e+05   3.8757324e+01
   9.5738400e+05   3.2348633e+01
   9.5741900e+05   9.8876953e+01
   9.5743300e+05   7.7270508e+01
   9.5747200e+05   3.3447266e+01
   9.5754400e+05   9.0393066e+01
   9.5756700e+05   3.5217285e+01
   9.5760500e+05   3.1555176e+01
   9.5763900e+05   7.2631836e+01
   9.5765800e+05   3.6804199e+01
   9.5770500e+05   3.2165527e+01
   9.5784600e+05   7.9589844e+01
   9.5800700e+05   7.5927734e+01
   9.5818900e+05   7.9162598e+01
   1.0051500e+06   1.9131470e+03
   1.0051620e+06   4.1931152e+01
   1.0052210e+06   3.2714844e+01
   1.0052330e+06   1.5209961e+02
   1.0053850e+06   4.2419434e+01
   1.0551660e+06   3.9053345e+03
   1.0552530e+06   1.6058350e+02
   1.0569140e+06   3.3569336e+01
   1.0569470e+06   1.6461182e+02
   1.0571620e+06   1.3330078e+02
   1.0581290e+06   1.4904785e+02
   1.0581940e+06   8.3862305e+01
   1.0582240e+06   3.5034180e+01
   1.0582370e+06   3.2653809e+01
   1.0583350e+06   8.9599609e+01
   1.0584230e+06   1.5417480e+02
   1.0584860e+06   1.0736084e+02
   1.0585530e+06   3.2714844e+01
   1.0585640e+06   1.4038086e+02
   1.0585900e+06   3.2226563e+01
   1.0586240e+06   3.3935547e+01
   1.0586600e+06   3.2653809e+01
   1.0586740e+06   1.2341309e+02
   1.0586960e+06   3.3569336e+01
   1.0587220e+06   3.3935547e+01
   1.0587980e+06   3.1738281e+01
   1.0588200e+06   4.8095703e+01
   1.0588710e+06   1.2396240e+02
   1.0589000e+06   3.3142090e+01
   1.0589260e+06   9.2041016e+01
   1.0590390e+06   3.5400391e+01
   1.0590760e+06   9.2407227e+01
   1.0591290e+06   1.1553955e+02
   1.0591680e+06   3.1677246e+01
   1.0593040e+06   3.7780762e+01
   1.0594860e+06   3.5034180e+01
   1.1051780e+06   1.9188232e+03
   1.1052110e+06   3.3386230e+01
   1.1052600e+06   1.6778564e+02
   1.1054480e+06   4.6630859e+01
   1.1084740e+06   1.4910889e+02
   1.1099910e+06   1.5582275e+02
   1.1106380e+06   1.4843750e+02
   1.1112990e+06   1.3421631e+02
   1.1113450e+06   9.1918945e+01
   1.1114340e+06   3.1799316e+01
   1.1126870e+06   1.3891602e+02
   1.1136450e+06   1.5600586e+02
   1.1145400e+06   1.4044189e+02
   1.1551920e+06   1.9154053e+03
   1.1552040e+06   4.0466309e+01
   1.1552880e+06   1.7779541e+02
   1.2052060e+06   1.9106445e+03
   1.2052420e+06   3.3386230e+01
   1.2052780e+06   3.1677246e+01
   1.2052890e+06   1.6351318e+02
   1.2054830e+06   3.8757324e+01
   1.2055180e+06   1.2127686e+02
   1.2061810e+06   3.4729004e+01
   1.2070770e+06   1.4117432e+02
   1.2085630e+06   1.5631104e+02
   1.2086270e+06   1.1022949e+02
   1.2086640e+06   3.1372070e+01
   1.2087150e+06   4.3029785e+01
   1.2089310e+06   1.2817383e+02
   1.2089590e+06   3.7841797e+01
   1.2090160e+06   3.1372070e+01
   1.2091260e+06   1.3092041e+02
   1.2091500e+06   3.6132813e+01
   1.2093240e+06   1.0601807e+02
   1.2095230e+06   3.3813477e+01
   1.2527660e+06   1.6241455e+02
   1.2538930e+06   1.6772461e+02
   1.2539380e+06   9.7656250e+01
   1.2539610e+06   3.1311035e+01
   1.2539950e+06   4.6569824e+01
   1.2540090e+06   7.5744629e+01
   1.2540350e+06   4.0771484e+01
   1.2542000e+06   1.3128662e+02
   1.2542110e+06   1.3446045e+02
   1.2544840e+06   5.0903320e+01
   1.2552220e+06   3.9049683e+03
   1.2552330e+06   3.3752441e+01
   1.2552860e+06   1.5411377e+02
   1.2555480e+06   3.3569336e+01
   1.2776870e+06   3.1127930e+01
   1.2778670e+06   1.5631104e+02
   1.2779680e+06   1.4355469e+02
   1.2780400e+06   1.0449219e+02
   1.2781340e+06   3.6499023e+01
   1.2783670e+06   3.5095215e+01
   1.2970130e+06   1.6009521e+02
   1.2970430e+06   3.2104492e+01
   1.2970680e+06   1.1962891e+02
   1.2971290e+06   3.1250000e+01
   1.2971550e+06   3.8757324e+01
   1.2973270e+06   3.9550781e+01
   1.2987240e+06   1.5612793e+02
   1.2987940e+06   9.8632813e+01
   1.2989200e+06   3.4790039e+01
   1.2992620e+06   3.6010742e+01
   1.2998110e+06   1.4129639e+02
   1.3003170e+06   1.3336182e+02
   1.3004160e+06   9.6008301e+01
   1.3052340e+06   1.9095459e+03
   1.3052440e+06   6.4147949e+01
   1.3053170e+06   1.5307617e+02
   1.3058450e+06   1.4465332e+02
   1.3060160e+06   1.3653564e+02
   1.3060720e+06   7.5805664e+01
   1.3061410e+06   3.8635254e+01
   1.3061860e+06   1.1169434e+02
   1.3071740e+06   1.3287354e+02
   1.3072030e+06   3.2470703e+01
   1.3072560e+06   1.1157227e+02
   1.3072960e+06   3.9978027e+01
   1.3080870e+06   1.3226318e+02
   1.3081630e+06   9.1857910e+01
   1.3083390e+06   3.2226563e+01
   1.3087700e+06   1.3287354e+02
   1.3087900e+06   3.1555176e+01
   1.3089140e+06   1.0864258e+02
   1.3092500e+06   1.3287354e+02
   1.3092640e+06   4.2236328e+01
   1.3099510e+06   1.4288330e+02
   1.3103880e+06   1.2011719e+02
   1.3104600e+06   3.7414551e+01
   1.3108500e+06   1.2902832e+02
   1.3109870e+06   1.1401367e+02
   1.3112730e+06   1.1578369e+02
   1.3113130e+06   3.4240723e+01
   1.3118230e+06   1.2280273e+02
   1.3127670e+06   1.2951660e+02
   1.3140350e+06   1.4758301e+02
   1.3552480e+06   1.9125366e+03
   1.3552640e+06   3.4179688e+01
   1.3553200e+06   1.5594482e+02
   1.3555950e+06   3.5095215e+01
   1.3556540e+06   1.6357422e+02
   1.3560150e+06   1.4367676e+02
   1.3564210e+06   1.3537598e+02
   1.3564410e+06   3.1311035e+01
   1.3565340e+06   3.2226563e+01
   1.3568310e+06   1.4154053e+02
   1.3573880e+06   1.4245605e+02
   1.3574820e+06   1.1859131e+02
   1.3583790e+06   1.5515137e+02
   1.3584550e+06   9.6313477e+01
   1.3584890e+06   3.9611816e+01
   1.3589130e+06   1.2683105e+02
   1.3595300e+06   1.3372803e+02
   1.3595810e+06   6.2927246e+01
   1.3597510e+06   3.1860352e+01
   1.3599360e+06   1.1999512e+02
   1.3606700e+06   1.3000488e+02
   1.3611800e+06   1.2408447e+02
   1.3613250e+06   9.6984863e+01
   1.3617020e+06   1.2994385e+02
   1.3628870e+06   1.3299561e+02
   1.3632890e+06   1.3629150e+02
   1.3634390e+06   1.2481689e+02
   1.3636880e+06   1.2738037e+02
   1.3639100e+06   3.4118652e+01
   1.3640770e+06   1.1810303e+02
   1.3643180e+06   1.0235596e+02
   1.3646340e+06   1.1248779e+02
   1.3647870e+06   1.0125732e+02
   1.3656470e+06   1.4593506e+02
   1.3659750e+06   1.2677002e+02
   1.3664880e+06   1.2091064e+02
   1.3664980e+06   3.6315918e+01
   1.3711160e+06   1.4050293e+02
   1.3729400e+06   3.3081055e+01
   1.3729500e+06   1.4007568e+02
   1.3729820e+06   3.1311035e+01
   1.3730230e+06   3.2775879e+01
   1.3730410e+06   4.4555664e+01
   1.3731190e+06   1.1138916e+02
   1.3734220e+06   3.7536621e+01
   1.3742880e+06   1.3659668e+02
   1.3750310e+06   1.3555908e+02
   1.3751850e+06   1.1590576e+02
   1.3753420e+06   3.3935547e+01
   1.3757420e+06   1.2750244e+02
   1.3768530e+06   3.4057617e+01
   1.3769950e+06   1.2017822e+02
   1.3773000e+06   1.2945557e+02
   1.3773820e+06   3.2897949e+01
   1.3774240e+06   1.1822510e+02
   1.3780530e+06   1.1676025e+02
   1.3783220e+06   1.3006592e+02
   1.3788410e+06   1.2261963e+02
   1.3797340e+06   1.2164307e+02
   1.3823290e+06   1.2988281e+02
   1.3827470e+06   1.3476563e+02
   1.3832100e+06   3.2653809e+01
   1.3834000e+06   1.3262939e+02
   1.3837020e+06   1.2213135e+02
   1.3837630e+06   6.8969727e+01
   1.3838490e+06   3.7658691e+01
   1.3840200e+06   1.3208008e+02
   1.4052620e+06   1.9118652e+03
   1.4052750e+06   3.3020020e+01
   1.4053270e+06   3.3386230e+01
   1.4053510e+06   1.5936279e+02
   1.4057580e+06   1.5332031e+02
   1.4059400e+06   3.8146973e+01
   1.4063970e+06   3.5644531e+01
   1.4064550e+06   1.4636230e+02
   1.4067310e+06   1.5466309e+02
   1.4067490e+06   4.5776367e+01
   1.4068190e+06   1.0107422e+02
   1.4069670e+06   3.3752441e+01
   1.4070150e+06   3.4484863e+01
   1.4070540e+06   1.0931396e+02
   1.4072570e+06   1.2811279e+02
   1.4074400e+06   9.3750000e+01
   1.4075160e+06   3.7414551e+01
   1.4079900e+06   1.2182617e+02
   1.4083490e+06   1.3201904e+02
   1.4088200e+06   1.1932373e+02
   1.4091140e+06   1.3098145e+02
   1.4097260e+06   1.2927246e+02
   1.4100610e+06   1.2469482e+02
   1.4101170e+06   4.8767090e+01
   1.4107560e+06   1.2695313e+02
   1.4107890e+06   3.3752441e+01
   1.4113370e+06   1.2481689e+02
   1.4116430e+06   1.2854004e+02
   1.4118570e+06   1.1822510e+02
   1.4120970e+06   1.1767578e+02
   1.4124090e+06   1.1047363e+02
   1.4133310e+06   3.1860352e+01
   1.4139680e+06   1.2847900e+02
   1.4147090e+06   1.2292480e+02
   1.4165280e+06   3.1494141e+01
   1.4414570e+06   3.2287598e+01
   1.4414680e+06   1.7901611e+02
   1.4415100e+06   9.4726563e+01
   1.4415640e+06   4.3090820e+01
   1.4415860e+06   1.0357666e+02
   1.4417560e+06   1.2725830e+02
   1.4417900e+06   3.6010742e+01
   1.4418360e+06   3.2470703e+01
   1.4418550e+06   3.5827637e+01
   1.4419270e+06   1.2988281e+02
   1.4420200e+06   3.5583496e+01
   1.4420520e+06   3.6499023e+01
   1.4421260e+06   1.2725830e+02
   1.4423580e+06   1.1785889e+02
   1.4426350e+06   3.1555176e+01
   1.4438500e+06   1.4941406e+02
   1.4440660e+06   1.2835693e+02
   1.4441510e+06   3.6621094e+01
   1.4443180e+06   1.1334229e+02
   1.4444860e+06   1.2060547e+02
   1.4446490e+06   9.8266602e+01
   1.4450060e+06   1.2268066e+02
   1.4451560e+06   3.1372070e+01
   1.4453280e+06   1.2139893e+02
   1.4454160e+06   3.3325195e+01
   1.4457240e+06   1.1846924e+02
   1.4459900e+06   1.1376953e+02
   1.4461350e+06   9.4543457e+01
   1.4463370e+06   1.0668945e+02
   1.4466860e+06   1.2304688e+02
   1.4468960e+06   1.0772705e+02
   1.4471790e+06   1.0260010e+02
   1.4474190e+06   1.0943604e+02
   1.4480360e+06   1.0986328e+02
   1.4552760e+06   1.9052734e+03
   1.4552870e+06   4.0344238e+01
   1.4553630e+06   1.4556885e+02
   1.4557450e+06   1.3903809e+02
   1.4557810e+06   3.9062500e+01
   1.4560990e+06   3.6254883e+01
   1.4561700e+06   1.3183594e+02
   1.4566260e+06   1.1883545e+02
   1.4568500e+06   1.1236572e+02
   1.4569370e+06   3.3508301e+01
   1.4571160e+06   1.0284424e+02
   1.4572960e+06   1.0083008e+02
   1.4574290e+06   8.3251953e+01
   1.4575570e+06   3.4667969e+01
   1.4577920e+06   1.2860107e+02
   1.4580780e+06   9.9853516e+01
   1.4583950e+06   3.1677246e+01
   1.5052900e+06   1.9039307e+03
   1.5053030e+06   3.1250000e+01
   1.5053680e+06   3.6254883e+01
   1.5053780e+06   1.6375732e+02
   1.5055210e+06   4.1992188e+01
   1.5056790e+06   1.6046143e+02
   1.5059770e+06   3.2104492e+01
   1.5061020e+06   1.3958740e+02
   1.5062200e+06   3.7170410e+01
   1.5063050e+06   1.3128662e+02
   1.5063610e+06   1.1383057e+02
   1.5064860e+06   1.1688232e+02
   1.5065120e+06   3.1555176e+01
   1.5065470e+06   1.2103271e+02
   1.5066170e+06   9.8632813e+01
   1.5066450e+06   3.3813477e+01
   1.5066660e+06   3.3996582e+01
   1.5067250e+06   8.1909180e+01
   1.5067470e+06   3.4729004e+01
   1.5069950e+06   1.0113525e+02
   1.5072200e+06   1.0778809e+02
   1.5553040e+06   1.9045410e+03
   1.5553190e+06   3.5034180e+01
   1.5553840e+06   1.6265869e+02
   1.5554240e+06   3.4423828e+01
   1.5554810e+06   4.1503906e+01
   1.5557370e+06   1.5093994e+02
   1.5570300e+06   1.5454102e+02
   1.5571140e+06   1.2036133e+02
   1.5575130e+06   3.4606934e+01
   1.5576520e+06   1.4483643e+02
   1.5578650e+06   4.8461914e+01
   1.5581820e+06   1.2976074e+02
   1.5582080e+06   4.0649414e+01
   1.5585890e+06   1.3299561e+02
   1.5588350e+06   1.2182617e+02
   1.5590980e+06   3.2104492e+01
   1.5591330e+06   1.3354492e+02
   1.5596550e+06   1.3641357e+02
   1.5601510e+06   1.3360596e+02
   1.5604050e+06   1.1169434e+02
   1.6023870e+06   1.6784668e+02
   1.6024490e+06   1.1413574e+02
   1.6024740e+06   4.0527344e+01
   1.6024980e+06   3.1494141e+01
   1.6025820e+06   1.2725830e+02
   1.6026170e+06   3.2714844e+01
   1.6026570e+06   3.5095215e+01
   1.6026840e+06   1.1071777e+02
   1.6027160e+06   3.6071777e+01
   1.6027480e+06   1.1926270e+02
   1.6027730e+06   4.4860840e+01
   1.6028140e+06   1.1492920e+02
   1.6028260e+06   1.1999512e+02
   1.6028570e+06   3.6254883e+01
   1.6028940e+06   6.8420410e+01
   1.6029160e+06   3.3447266e+01
   1.6029390e+06   9.5153809e+01
   1.6029640e+06   7.4645996e+01
   1.6030110e+06   3.3203125e+01
   1.6030360e+06   9.8693848e+01
   1.6030750e+06   3.5278320e+01
   1.6030980e+06   3.4179688e+01
   1.6031330e+06   6.7993164e+01
   1.6031660e+06   3.4301758e+01
   1.6032350e+06   6.3232422e+01
   1.6032910e+06   3.2836914e+01
   1.6033780e+06   6.3232422e+01
   1.6034300e+06   3.2287598e+01
   1.6035540e+06   6.7932129e+01
   1.6037330e+06   8.4045410e+01
   1.6053180e+06   1.9080200e+03
   1.6053310e+06   4.3823242e+01
   1.6053870e+06   3.2165527e+01
   1.6316990e+06   1.6687012e+02
   1.6318670e+06   1.3574219e+02
   1.6318840e+06   5.6335449e+01
   1.6319080e+06   1.3616943e+02
   1.6319280e+06   4.3090820e+01
   1.6319580e+06   1.1029053e+02
   1.6319860e+06   4.6813965e+01
   1.6320020e+06   1.0101318e+02
   1.6320280e+06   8.6547852e+01
   1.6320550e+06   4.5715332e+01
   1.6320800e+06   5.2124023e+01
   1.6321030e+06   1.0168457e+02
   1.6321220e+06   5.0842285e+01
   1.6321600e+06   6.0363770e+01
   1.6321720e+06   4.7058105e+01
   1.6322090e+06   7.8491211e+01
   1.6322210e+06   3.7475586e+01
   1.6322610e+06   3.6804199e+01
   1.6322920e+06   5.8776855e+01
   1.6323440e+06   4.2114258e+01
   1.6323920e+06   3.1372070e+01
   1.6324250e+06   6.1889648e+01
   1.6324410e+06   3.7353516e+01
   1.6325430e+06   5.4260254e+01
   1.6326610e+06   6.0302734e+01
   1.6327630e+06   6.4086914e+01
   1.6327760e+06   3.1494141e+01
   1.6329150e+06   7.1594238e+01
   1.6330970e+06   6.5124512e+01
   1.6333660e+06   8.8867188e+01
   1.6553340e+06   3.9063721e+03
   1.6553480e+06   3.6315918e+01
   1.6554180e+06   1.5686035e+02
   1.6555370e+06   4.4128418e+01
   1.6556110e+06   1.2084961e+02
   1.6556580e+06   1.5441895e+02
   1.6557220e+06   3.3447266e+01
   1.6557440e+06   1.2426758e+02
   1.6557790e+06   3.7719727e+01
   1.6557950e+06   1.2896729e+02
   1.6558360e+06   1.0028076e+02
   1.6558590e+06   4.4433594e+01
   1.6558710e+06   3.9550781e+01
   1.6559000e+06   6.0363770e+01
   1.6559100e+06   1.2115479e+02
   1.6559390e+06   5.6091309e+01
   1.6559850e+06   3.1616211e+01
   1.6559990e+06   6.4270020e+01
   1.6560170e+06   4.2785645e+01
   1.6560470e+06   4.9926758e+01
   1.6560870e+06   7.1411133e+01
   1.6561040e+06   3.3935547e+01
   1.6561750e+06   5.8288574e+01
   1.6561990e+06   8.2885742e+01
   1.6562150e+06   3.4667969e+01
   1.6562490e+06   4.9743652e+01
   1.6563600e+06   5.2917480e+01
   1.6563700e+06   4.2663574e+01
   1.6564680e+06   3.2836914e+01
   1.6565220e+06   4.0344238e+01
   1.6566170e+06   3.3386230e+01
   1.6566400e+06   4.3884277e+01
   1.6567970e+06   6.6711426e+01
   1.6568430e+06   3.3569336e+01
   1.6569110e+06   5.7983398e+01
   1.6570770e+06   6.6528320e+01
   1.6572910e+06   7.2875977e+01
   1.7053480e+06   3.9003906e+03
   1.7053580e+06   3.3752441e+01
   1.7054280e+06   1.5856934e+02
   1.7054920e+06   3.3630371e+01
   1.7055770e+06   1.2646484e+02
   1.7056220e+06   1.4978027e+02
   1.7056450e+06   4.1748047e+01
   1.7056800e+06   1.1706543e+02
   1.7057100e+06   1.2548828e+02
   1.7057370e+06   3.6071777e+01
   1.7057550e+06   9.2651367e+01
   1.7057840e+06   7.6782227e+01
   1.7058130e+06   7.1899414e+01
   1.7058390e+06   3.9550781e+01
   1.7058600e+06   3.5400391e+01
   1.7058820e+06   6.7626953e+01
   1.7059040e+06   3.6254883e+01
   1.7059340e+06   3.6010742e+01
   1.7059450e+06   5.2307129e+01
   1.7059780e+06   5.0903320e+01
   1.7060050e+06   3.8452148e+01
   1.7060320e+06   4.4555664e+01
   1.7060740e+06   4.2114258e+01
   1.7061280e+06   8.9416504e+01
   1.7061940e+06   3.7292480e+01
   1.7062310e+06   3.1433105e+01
   1.7062610e+06   4.7912598e+01
   1.7063020e+06   3.2714844e+01
   1.7064280e+06   3.7109375e+01
   1.7065410e+06   4.1687012e+01
   1.7066530e+06   4.7912598e+01
   1.7067950e+06   6.5185547e+01
   1.7068160e+06   3.2287598e+01
   1.7069090e+06   5.3222656e+01
   1.7069320e+06   4.0100098e+01
   1.7070420e+06   5.8715820e+01
   1.7072800e+06   6.8176270e+01
   1.7275600e+06   1.5960693e+02
   1.7275920e+06   3.7841797e+01
   1.7276430e+06   1.4813232e+02
   1.7276590e+06   1.2634277e+02
   1.7277060e+06   3.2226563e+01
   1.7277260e+06   8.6791992e+01
   1.7277430e+06   1.0943604e+02
   1.7277620e+06   3.8696289e+01
   1.7277880e+06   8.0627441e+01
   1.7278150e+06   7.4829102e+01
   1.7278370e+06   4.3090820e+01
   1.7278490e+06   4.4128418e+01
   1.7278710e+06   3.1311035e+01
   1.7279090e+06   9.1003418e+01
   1.7279460e+06   3.9245605e+01
   1.7279700e+06   7.0373535e+01
   1.7280010e+06   4.0771484e+01
   1.7280690e+06   6.8847656e+01
   1.7280840e+06   3.1372070e+01
   1.7281030e+06   3.7902832e+01
   1.7281490e+06   4.0466309e+01
   1.7282580e+06   8.7219238e+01
   1.7282700e+06   3.5400391e+01
   1.7283080e+06   3.1494141e+01
   1.7283860e+06   6.0363770e+01
   1.7284470e+06   3.7902832e+01
   1.7285800e+06   5.5358887e+01
   1.7287430e+06   5.5114746e+01
   1.7289180e+06   5.4504395e+01
   1.7289800e+06   3.2714844e+01
   1.7290330e+06   6.7810059e+01
   1.7293470e+06   7.0617676e+01
   1.7296910e+06   9.1369629e+01
   1.7459270e+06   1.5081787e+02
   1.7459510e+06   3.5217285e+01
   1.7459960e+06   1.1981201e+02
   1.7460280e+06   3.7353516e+01
   1.7460430e+06   5.2429199e+01
   1.7460580e+06   3.1433105e+01
   1.7460780e+06   1.6369629e+02
   1.7460960e+06   3.1982422e+01
   1.7461070e+06   3.3020020e+01
   1.7461320e+06   7.4829102e+01
   1.7461670e+06   7.9650879e+01
   1.7461940e+06   6.6162109e+01
   1.7462180e+06   4.5410156e+01
   1.7462360e+06   6.2133789e+01
   1.7462580e+06   6.9396973e+01
   1.7462850e+06   4.9316406e+01
   1.7462960e+06   5.4077148e+01
   1.7463270e+06   5.0048828e+01
   1.7463560e+06   3.2348633e+01
   1.7463840e+06   3.3935547e+01
   1.7464170e+06   3.5949707e+01
   1.7464590e+06   3.1250000e+01
   1.7464710e+06   7.5988770e+01
   1.7465480e+06   4.9499512e+01
   1.7465770e+06   3.7963867e+01
   1.7466330e+06   4.1076660e+01
   1.7467630e+06   3.9855957e+01
   1.7468170e+06   3.8208008e+01
   1.7468290e+06   3.2287598e+01
   1.7469530e+06   5.2978516e+01
   1.7471680e+06   6.0791016e+01
   1.7472690e+06   5.6457520e+01
   1.7472970e+06   3.6865234e+01
   1.7474290e+06   6.4392090e+01
   1.7475550e+06   5.8410645e+01
   1.7478440e+06   7.9101563e+01
   1.7480330e+06   7.7026367e+01
   1.7482480e+06   9.0454102e+01
   1.7553600e+06   1.9129639e+03
   1.7553730e+06   3.2043457e+01
   1.7554520e+06   1.3739014e+02
   1.7554920e+06   1.1676025e+02
   1.7555690e+06   4.6569824e+01
   1.7556470e+06   1.2542725e+02
   1.7556570e+06   5.1269531e+01
   1.7556790e+06   3.2287598e+01
   1.7557010e+06   5.8898926e+01
   1.7557240e+06   1.6033936e+02
   1.7557590e+06   4.1931152e+01
   1.7557730e+06   4.3823242e+01
   1.7558030e+06   7.0617676e+01
   1.7558170e+06   6.5246582e+01
   1.7558420e+06   4.6936035e+01
   1.7558530e+06   3.3386230e+01
   1.7558830e+06   7.0678711e+01
   1.7559090e+06   3.3630371e+01
   1.7559550e+06   4.7424316e+01
   1.7559800e+06   3.3691406e+01
   1.7560230e+06   5.0415039e+01
   1.7560410e+06   3.3508301e+01
   1.7560650e+06   5.0109863e+01
   1.7560940e+06   5.8715820e+01
   1.7562590e+06   3.6010742e+01
   1.7563050e+06   7.2326660e+01
   1.7563370e+06   3.6071777e+01
   1.7563490e+06   4.7119141e+01
   1.7564830e+06   3.5095215e+01
   1.7564940e+06   3.6987305e+01
   1.7566020e+06   4.3029785e+01
   1.7567450e+06   3.6804199e+01
   1.7569600e+06   5.5725098e+01
   1.7572140e+06   6.1157227e+01
   1.7576420e+06   9.1552734e+01
   1.7578850e+06   8.1481934e+01
   1.7764370e+06   1.5582275e+02
   1.7764870e+06   1.3732910e+02
   1.7765010e+06   1.4031982e+02
   1.7765380e+06   3.7536621e+01
   1.7765600e+06   6.4575195e+01
   1.7765820e+06   9.8815918e+01
   1.7766220e+06   3.5461426e+01
   1.7766470e+06   8.9416504e+01
   1.7766620e+06   4.6752930e+01
   1.7766820e+06   5.1818848e+01
   1.7767080e+06   5.8227539e+01
   1.7767400e+06   3.9794922e+01
   1.7767500e+06   6.0180664e+01
   1.7767810e+06   4.6325684e+01
   1.7768560e+06   5.7861328e+01
   1.7769440e+06   3.9245605e+01
   1.7769590e+06   4.0954590e+01
   1.7770460e+06   3.6560059e+01
   1.7771080e+06   3.4667969e+01
   1.7771950e+06   1.2512207e+02
   1.7772850e+06   4.6569824e+01
   1.7773610e+06   4.2236328e+01
   1.7773720e+06   3.2958984e+01
   1.7774660e+06   4.5715332e+01
   1.7776250e+06   4.9499512e+01
   1.7777410e+06   5.8654785e+01
   1.7780310e+06   6.0424805e+01
   1.7781980e+06   6.0546875e+01
   1.7783980e+06   6.5551758e+01
   1.7786720e+06   7.4218750e+01
   1.7789430e+06   9.0087891e+01
   1.7973500e+06   1.5423584e+02
   1.7974010e+06   1.0632324e+02
   1.7974460e+06   4.3334961e+01
   1.7974670e+06   8.1787109e+01
   1.7974920e+06   9.2163086e+01
   1.7975280e+06   4.5227051e+01
   1.7975420e+06   5.0048828e+01
   1.7975530e+06   8.2397461e+01
   1.7975850e+06   3.8391113e+01
   1.7976210e+06   4.6203613e+01
   1.7976430e+06   4.0649414e+01
   1.7976690e+06   3.2653809e+01
   1.7977050e+06   6.4147949e+01
   1.7977160e+06   3.3020020e+01
   1.7977570e+06   5.2185059e+01
   1.7977790e+06   3.4790039e+01
   1.7978050e+06   3.3752441e+01
   1.7978460e+06   3.1372070e+01
   1.7978740e+06   3.2287598e+01
   1.7979470e+06   3.4362793e+01
   1.7981260e+06   3.4240723e+01
   1.7982660e+06   3.6743164e+01
   1.7982840e+06   3.7902832e+01
   1.7983610e+06   3.2409668e+01
   1.7985480e+06   3.1677246e+01
   1.7986220e+06   5.3466797e+01
   1.7987810e+06   5.4565430e+01
   1.7989930e+06   5.4199219e+01
   1.7991570e+06   5.0964355e+01
   1.7992940e+06   5.6823730e+01
   1.7994730e+06   6.9335938e+01
   1.7995760e+06   5.8898926e+01
   1.7998190e+06   6.7626953e+01
   1.8000670e+06   8.4228516e+01
   1.8002360e+06   8.8867188e+01
   1.8053760e+06   3.8995972e+03
   1.8053870e+06   4.4738770e+01
   1.8054610e+06   1.4318848e+02
   1.8055750e+06   1.5563965e+02
   1.8055990e+06   3.2714844e+01
   1.8056750e+06   9.2895508e+01
   1.8057170e+06   1.0662842e+02
   1.8057300e+06   4.3395996e+01
   1.8057630e+06   3.2287598e+01
   1.8057910e+06   6.7871094e+01
   1.8058090e+06   1.0241699e+02
   1.8058320e+06   4.8889160e+01
   1.8058740e+06   5.4016113e+01
   1.8058850e+06   7.1533203e+01
   1.8059430e+06   3.6682129e+01
   1.8059690e+06   7.2814941e+01
   1.8059880e+06   4.1992188e+01
   1.8060480e+06   5.1574707e+01
   1.8060600e+06   3.7963867e+01
   1.8060810e+06   3.1372070e+01
   1.8061190e+06   3.3203125e+01
   1.8061490e+06   5.7861328e+01
   1.8062510e+06   5.8776855e+01
   1.8062760e+06   3.2043457e+01
   1.8063660e+06   5.4504395e+01
   1.8065100e+06   7.5744629e+01
   1.8066060e+06   4.2175293e+01
   1.8066170e+06   3.3447266e+01
   1.8067540e+06   4.5654297e+01
   1.8070770e+06   5.2795410e+01
   1.8073040e+06   4.6875000e+01
   1.8075100e+06   5.9204102e+01
   1.8076780e+06   6.6528320e+01
   1.8079350e+06   7.4340820e+01
   1.8199900e+06   1.5252686e+02
   1.8200750e+06   1.1956787e+02
   1.8201050e+06   3.6254883e+01
   1.8201250e+06   1.1096191e+02
   1.8201490e+06   5.9814453e+01
   1.8201620e+06   3.5888672e+01
   1.8202080e+06   4.3334961e+01
   1.8202200e+06   8.2641602e+01
   1.8202520e+06   7.4890137e+01
   1.8202920e+06   8.6791992e+01
   1.8203390e+06   5.4992676e+01
   1.8203630e+06   3.9184570e+01
   1.8203820e+06   3.3020020e+01
   1.8203980e+06   5.6213379e+01
   1.8204310e+06   3.1127930e+01
   1.8204790e+06   3.7719727e+01
   1.8205060e+06   4.1076660e+01
   1.8205310e+06   4.0100098e+01
   1.8205500e+06   3.1677246e+01
   1.8205960e+06   3.2043457e+01
   1.8207160e+06   4.1137695e+01
   1.8208050e+06   3.5339355e+01
   1.8208300e+06   3.2226563e+01
   1.8209600e+06   3.2043457e+01
   1.8210750e+06   4.4494629e+01
   1.8212260e+06   5.1391602e+01
   1.8214660e+06   5.0170898e+01
   1.8217470e+06   6.6528320e+01
   1.8219450e+06   6.2194824e+01
   1.8220840e+06   7.1899414e+01
   1.8222980e+06   8.4777832e+01
   1.8225430e+06   8.6425781e+01
   1.8553880e+06   1.9116211e+03
   1.8554000e+06   5.0659180e+01
   1.8554710e+06   1.6394043e+02
   1.8555220e+06   3.6865234e+01
   1.8555520e+06   1.6943359e+02
   1.8555670e+06   4.3945313e+01
   1.8556210e+06   9.4909668e+01
   1.8556580e+06   1.1444092e+02
   1.8556730e+06   6.1279297e+01
   1.8556840e+06   4.8828125e+01
   1.8557250e+06   6.5612793e+01
   1.8557450e+06   3.3813477e+01
   1.8557630e+06   4.2541504e+01
   1.8557890e+06   7.4157715e+01
   1.8558120e+06   3.2531738e+01
   1.8558450e+06   3.6560059e+01
   1.8558730e+06   6.2744141e+01
   1.8559030e+06   3.6743164e+01
   1.8559240e+06   4.5410156e+01
   1.8559610e+06   3.6682129e+01
   1.8560170e+06   3.3325195e+01
   1.8560280e+06   3.1799316e+01
   1.8561200e+06   3.5400391e+01
   1.8561400e+06   3.2714844e+01
   1.8562730e+06   3.2714844e+01
   1.8564880e+06   4.2114258e+01
   1.8565140e+06   3.1860352e+01
   1.8565920e+06   4.0405273e+01
   1.8566020e+06   4.2480469e+01
   1.8566880e+06   3.6987305e+01
   1.8568410e+06   3.5095215e+01
   1.8569830e+06   5.0476074e+01
   1.8571790e+06   4.9621582e+01
   1.8572940e+06   6.2194824e+01
   1.8575080e+06   6.1462402e+01
   1.8576460e+06   5.7312012e+01
   1.8578720e+06   6.9030762e+01
   1.8582740e+06   8.0017090e+01
   1.8584580e+06   7.5378418e+01
   1.8587030e+06   9.2163086e+01
   1.8589830e+06   9.6557617e+01
   1.8594070e+06   9.8815918e+01
   1.9054040e+06   3.9127808e+03
   1.9054150e+06   4.6142578e+01
   1.9054860e+06   1.5887451e+02
   1.9055430e+06   3.6254883e+01
   1.9055730e+06   1.0784912e+02
   1.9055900e+06   1.2884521e+02
   1.9056480e+06   8.3557129e+01
   1.9056820e+06   5.1086426e+01
   1.9057090e+06   1.6479492e+02
   1.9057260e+06   3.1311035e+01
   1.9057380e+06   5.1574707e+01
   1.9057700e+06   7.1105957e+01
   1.9057910e+06   5.1879883e+01
   1.9058010e+06   5.2368164e+01
   1.9058340e+06   5.8349609e+01
   1.9058550e+06   3.1555176e+01
   1.9058800e+06   3.4790039e+01
   1.9059020e+06   4.6142578e+01
   1.9059120e+06   3.1616211e+01
   1.9059240e+06   3.4545898e+01
   1.9059390e+06   3.6682129e+01
   1.9059720e+06   3.1433105e+01
   1.9059960e+06   4.2053223e+01
   1.9061730e+06   8.1359863e+01
   1.9066270e+06   4.0161133e+01
   1.9066770e+06   3.4729004e+01
   1.9068020e+06   3.6376953e+01
   1.9069120e+06   3.3325195e+01
   1.9069760e+06   4.5715332e+01
   1.9071120e+06   4.4677734e+01
   1.9071450e+06   3.2409668e+01
   1.9072410e+06   4.4921875e+01
   1.9072530e+06   3.2348633e+01
   1.9074190e+06   4.1931152e+01
   1.9075750e+06   5.5541992e+01
   1.9077670e+06   5.6152344e+01
   1.9079320e+06   5.9692383e+01
   1.9081450e+06   6.8725586e+01
   1.9083270e+06   6.8298340e+01
   1.9084820e+06   7.2998047e+01
   1.9087190e+06   8.1481934e+01
   1.9089540e+06   8.0444336e+01
   1.9091600e+06   9.4421387e+01
   1.9096830e+06   9.6740723e+01
   1.9099570e+06   9.6435547e+01
   1.9554160e+06   1.9168701e+03
   1.9554330e+06   3.3874512e+01
   1.9554940e+06   1.6271973e+02
   1.9555440e+06   9.6008301e+01
   1.9555950e+06   3.1555176e+01
   1.9556120e+06   3.1860352e+01
   1.9556570e+06   1.4825439e+02
   1.9556710e+06   3.2104492e+01
   1.9556830e+06   4.2053223e+01
   1.9556970e+06   4.2480469e+01
   1.9557320e+06   8.7097168e+01
   1.9557490e+06   1.0595703e+02
   1.9557630e+06   4.0893555e+01
   1.9557830e+06   4.3395996e+01
   1.9558070e+06   4.5043945e+01
   1.9558230e+06   9.3505859e+01
   1.9558480e+06   4.4616699e+01
   1.9558690e+06   7.5988770e+01
   1.9558820e+06   3.1677246e+01
   1.9559200e+06   3.4423828e+01
   1.9559320e+06   4.5349121e+01
   1.9559580e+06   3.8940430e+01
   1.9559720e+06   3.3813477e+01
   1.9560210e+06   5.9753418e+01
   1.9560560e+06   3.5278320e+01
   1.9560830e+06   3.1677246e+01
   1.9561600e+06   3.4484863e+01
   1.9561970e+06   3.2897949e+01
   1.9562290e+06   8.2458496e+01
   1.9563130e+06   3.1250000e+01
   1.9563900e+06   3.5705566e+01
   1.9564600e+06   4.6752930e+01
   1.9565360e+06   4.4128418e+01
   1.9566200e+06   3.2958984e+01
   1.9568150e+06   3.3508301e+01
   1.9568290e+06   3.3935547e+01
   1.9569260e+06   4.5898438e+01
   1.9569430e+06   3.3081055e+01
   1.9570880e+06   4.3457031e+01
   1.9573180e+06   4.3884277e+01
   1.9574360e+06   4.2175293e+01
   1.9575360e+06   4.3395996e+01
   1.9577110e+06   5.5603027e+01
   1.9579080e+06   5.6579590e+01
   1.9581150e+06   6.5917969e+01
   1.9583420e+06   7.4462891e+01
   1.9585510e+06   6.5979004e+01
   1.9586970e+06   8.3801270e+01
   1.9589890e+06   9.5275879e+01
   1.9592350e+06   8.5327148e+01
   1.9596390e+06   1.0327148e+02
   1.9603700e+06   1.1077881e+02
   2.0054300e+06   1.9111938e+03
   2.0054420e+06   3.6743164e+01
   2.0055130e+06   1.5734863e+02
   2.0055880e+06   4.5776367e+01
   2.0056160e+06   1.1688232e+02
   2.0056320e+06   1.3256836e+02
   2.0056710e+06   3.4057617e+01
   2.0057040e+06   1.1645508e+02
   2.0057350e+06   5.1818848e+01
   2.0057640e+06   1.1901855e+02
   2.0057740e+06   8.1848145e+01
   2.0058090e+06   4.3395996e+01
   2.0058370e+06   9.2834473e+01
   2.0058670e+06   3.8513184e+01
   2.0058970e+06   7.9895020e+01
   2.0059400e+06   4.9682617e+01
   2.0059700e+06   7.5561523e+01
   2.0059800e+06   3.9001465e+01
   2.0060130e+06   3.7719727e+01
   2.0060490e+06   3.1921387e+01
   2.0060800e+06   3.8391113e+01
   2.0061550e+06   3.9184570e+01
   2.0061670e+06   3.9611816e+01
   2.0061960e+06   3.1677246e+01
   2.0062600e+06   4.4250488e+01
   2.0063340e+06   3.7475586e+01
   2.0063720e+06   3.7414551e+01
   2.0063870e+06   3.6499023e+01
   2.0066590e+06   3.2409668e+01
   2.0066700e+06   3.2653809e+01
   2.0067240e+06   3.4973145e+01
   2.0067910e+06   3.3203125e+01
   2.0069010e+06   3.5461426e+01
   2.0069140e+06   3.9245605e+01
   2.0070180e+06   4.1870117e+01
   2.0071190e+06   3.5827637e+01
   2.0072990e+06   4.9926758e+01
   2.0074640e+06   3.9367676e+01
   2.0076660e+06   5.4199219e+01
   2.0077950e+06   3.4240723e+01
   2.0078800e+06   6.0729980e+01
   2.0080620e+06   6.4636230e+01
   2.0082160e+06   6.7260742e+01
   2.0084220e+06   7.3730469e+01
   2.0086160e+06   9.2773438e+01
   2.0087850e+06   8.8500977e+01
   2.0094110e+06   1.0736084e+02
   2.0554460e+06   3.9129639e+03
   2.0555300e+06   1.4990234e+02
   2.0556300e+06   3.2775879e+01
   2.0556430e+06   1.2377930e+02
   2.0556790e+06   3.3569336e+01
   2.0557100e+06   1.9531250e+02
   2.0557450e+06   4.1015625e+01
   2.0557880e+06   6.6955566e+01
   2.0558180e+06   4.9743652e+01
   2.0558360e+06   6.5368652e+01
   2.0558620e+06   7.6721191e+01
   2.0558930e+06   8.5083008e+01
   2.0559130e+06   4.3823242e+01
   2.0559520e+06   6.3476563e+01
   2.0559760e+06   4.9377441e+01
   2.0560100e+06   4.0283203e+01
   2.0560200e+06   5.7983398e+01
   2.0560730e+06   4.6691895e+01
   2.0561050e+06   4.0039063e+01
   2.0561240e+06   4.6020508e+01
   2.0561480e+06   3.1433105e+01
   2.0561830e+06   3.4240723e+01
   2.0562160e+06   3.2775879e+01
   2.0562460e+06   3.3142090e+01
   2.0562830e+06   3.4790039e+01
   2.0564950e+06   3.5888672e+01
   2.0565450e+06   3.1188965e+01
   2.0566020e+06   3.1433105e+01
   2.0566380e+06   3.5217285e+01
   2.0567030e+06   3.4912109e+01
   2.0567960e+06   3.2836914e+01
   2.0570430e+06   4.7668457e+01
   2.0572120e+06   3.5339355e+01
   2.0574960e+06   5.0109863e+01
   2.0576390e+06   5.8959961e+01
   2.0577770e+06   5.4260254e+01
   2.0579560e+06   6.0852051e+01
   2.0581620e+06   6.4331055e+01
   2.0584110e+06   7.9895020e+01
   2.0585840e+06   7.7087402e+01
   2.0591980e+06   1.0559082e+02
   2.0704550e+06   3.2409668e+01
   2.1054580e+06   1.9284058e+03
   2.1054700e+06   3.5461426e+01
   2.1055340e+06   1.6052246e+02
   2.1056210e+06   3.8513184e+01
   2.1056450e+06   1.3006592e+02
   2.1056640e+06   3.1860352e+01
   2.1057420e+06   2.0800781e+02
   2.1057560e+06   3.6132813e+01
   2.1057820e+06   3.3996582e+01
   2.1058220e+06   9.1064453e+01
   2.1058390e+06   9.8999023e+01
   2.1058570e+06   3.6804199e+01
   2.1058870e+06   4.9133301e+01
   2.1058990e+06   8.0444336e+01
   2.1059160e+06   1.0174561e+02
   2.1059370e+06   3.1860352e+01
   2.1059760e+06   5.4748535e+01
   2.1060010e+06   7.3364258e+01
   2.1060120e+06   3.3996582e+01
   2.1060480e+06   3.7292480e+01
   2.1060620e+06   4.8706055e+01
   2.1060940e+06   3.3264160e+01
   2.1061070e+06   3.1738281e+01
   2.1061360e+06   6.8908691e+01
   2.1061630e+06   3.6132813e+01
   2.1062040e+06   5.8044434e+01
   2.1062850e+06   7.1838379e+01
   2.1063670e+06   3.2043457e+01
   2.1065840e+06   3.2592773e+01
   2.1066480e+06   3.1311035e+01
   2.1069820e+06   3.3874512e+01
   2.1071090e+06   4.1625977e+01
   2.1072420e+06   4.4982910e+01
   2.1073430e+06   4.7119141e+01
   2.1074570e+06   4.4006348e+01
   2.1075750e+06   4.7363281e+01
   2.1075860e+06   3.5095215e+01
   2.1077340e+06   6.0729980e+01
   2.1078710e+06   5.5969238e+01
   2.1080460e+06   7.3974609e+01
   2.1083420e+06   8.9050293e+01
   2.1554720e+06   1.9274292e+03
   2.1554850e+06   4.0222168e+01
   2.1555510e+06   1.5039063e+02
   2.1556800e+06   3.3935547e+01
   2.1557060e+06   1.2646484e+02
   2.1557230e+06   1.1932373e+02
   2.1557500e+06   3.8391113e+01
   2.1557900e+06   1.1578369e+02
   2.1558090e+06   4.6386719e+01
   2.1558420e+06   3.5888672e+01
   2.1558660e+06   1.4929199e+02
   2.1558840e+06   4.1931152e+01
   2.1559220e+06   7.2082520e+01
   2.1559390e+06   3.9550781e+01
   2.1559560e+06   3.8513184e+01
   2.1559720e+06   3.9062500e+01
   2.1560090e+06   7.1228027e+01
   2.1560380e+06   7.1289063e+01
   2.1560510e+06   5.1330566e+01
   2.1560730e+06   5.1330566e+01
   2.1560960e+06   3.5278320e+01
   2.1561260e+06   3.2348633e+01
   2.1561470e+06   5.8593750e+01
   2.1561950e+06   5.5786133e+01
   2.1562110e+06   3.3264160e+01
   2.1562360e+06   3.6315918e+01
   2.1562770e+06   7.1044922e+01
   2.1563000e+06   3.2287598e+01
   2.1563730e+06   3.3203125e+01
   2.1563900e+06   3.8208008e+01
   2.1564440e+06   3.5522461e+01
   2.1565560e+06   3.1616211e+01
   2.1565760e+06   3.9611816e+01
   2.1566950e+06   3.5095215e+01
   2.1567630e+06   3.1555176e+01
   2.1568770e+06   3.5644531e+01
   2.1568990e+06   3.4118652e+01
   2.1569960e+06   3.8757324e+01
   2.1571410e+06   3.3996582e+01
   2.1572940e+06   6.1828613e+01
   2.1575210e+06   6.0913086e+01
   2.1576880e+06   6.0546875e+01
   2.1578460e+06   6.2866211e+01
   2.1580250e+06   8.2336426e+01
   2.2054860e+06   1.9187622e+03
   2.2055000e+06   4.0893555e+01
   2.2055660e+06   1.6619873e+02
   2.2057130e+06   3.3569336e+01
   2.2057950e+06   1.3507080e+02
   2.2058720e+06   2.0684814e+02
   2.2058890e+06   4.0710449e+01
   2.2059040e+06   3.2592773e+01
   2.2059240e+06   4.5166016e+01
   2.2059430e+06   3.2897949e+01
   2.2059630e+06   1.5740967e+02
   2.2059830e+06   3.3508301e+01
   2.2060280e+06   1.3439941e+02
   2.2060420e+06   3.8024902e+01
   2.2060600e+06   3.4729004e+01
   2.2060940e+06   5.7495117e+01
   2.2061190e+06   8.1176758e+01
   2.2061470e+06   4.7729492e+01
   2.2061860e+06   7.3425293e+01
   2.2062100e+06   4.1687012e+01
   2.2062360e+06   5.8654785e+01
   2.2062590e+06   3.1921387e+01
   2.2062940e+06   3.5461426e+01
   2.2063270e+06   4.0222168e+01
   2.2063730e+06   4.2907715e+01
   2.2063970e+06   3.3752441e+01
   2.2064300e+06   8.0017090e+01
   2.2064470e+06   4.7729492e+01
   2.2065440e+06   3.6621094e+01
   2.2066850e+06   3.6621094e+01
   2.2068290e+06   3.9001465e+01
   2.2069750e+06   4.2236328e+01
   2.2069850e+06   3.3081055e+01
   2.2070940e+06   5.9143066e+01
   2.2071050e+06   3.9855957e+01
   2.2072350e+06   5.8410645e+01
   2.2072450e+06   3.3203125e+01
   2.2073550e+06   4.6691895e+01
   2.2074690e+06   5.2001953e+01
   2.2076150e+06   6.4758301e+01
   2.2078270e+06   8.2275391e+01
   2.2555000e+06   1.9150391e+03
   2.2555110e+06   3.7841797e+01
   2.2555740e+06   1.5734863e+02
   2.2555860e+06   3.2470703e+01
   2.2556210e+06   9.3688965e+01
   2.2556720e+06   4.7485352e+01
   2.2558170e+06   1.2792969e+02
   2.2558340e+06   3.2531738e+01
   2.2559190e+06   1.2408447e+02
   2.2559380e+06   4.5166016e+01
   2.2559570e+06   1.0803223e+02
   2.2559950e+06   8.2214355e+01
   2.2560210e+06   4.6997070e+01
   2.2560460e+06   1.2530518e+02
   2.2560580e+06   3.1738281e+01
   2.2560900e+06   8.0993652e+01
   2.2561090e+06   6.4575195e+01
   2.2561240e+06   3.6926270e+01
   2.2561700e+06   8.9843750e+01
   2.2562150e+06   3.2653809e+01
   2.2562510e+06   4.7607422e+01
   2.2562710e+06   3.7597656e+01
   2.2562990e+06   3.1127930e+01
   2.2563300e+06   3.2836914e+01
   2.2563630e+06   5.4870605e+01
   2.2563750e+06   5.2246094e+01
   2.2564140e+06   3.4057617e+01
   2.2564940e+06   3.4423828e+01
   2.2565050e+06   7.2814941e+01
   2.2565390e+06   3.5461426e+01
   2.2566000e+06   3.1982422e+01
   2.2566830e+06   7.4584961e+01
   2.2568470e+06   1.0015869e+02
   2.2569960e+06   3.3386230e+01
   2.2571310e+06   3.7658691e+01
   2.2573340e+06   4.6691895e+01
   2.2575190e+06   6.5917969e+01
   2.2576940e+06   6.7932129e+01
   2.2578840e+06   7.7087402e+01
   2.3055160e+06   3.9139404e+03
   2.3055270e+06   4.6203613e+01
   2.3055970e+06   1.6113281e+02
   2.3057680e+06   4.2541504e+01
   2.3058500e+06   1.3800049e+02
   2.3059380e+06   3.2348633e+01
   2.3059680e+06   3.2897949e+01
   2.3059880e+06   1.2854004e+02
   2.3060040e+06   3.2287598e+01
   2.3060500e+06   1.3281250e+02
   2.3060630e+06   1.0266113e+02
   2.3060830e+06   4.0832520e+01
   2.3061270e+06   1.1309814e+02
   2.3061370e+06   8.0017090e+01
   2.3061750e+06   3.3935547e+01
   2.3061980e+06   9.1430664e+01
   2.3062120e+06   5.9448242e+01
   2.3062230e+06   5.8959961e+01
   2.3062550e+06   5.9326172e+01
   2.3062740e+06   5.1574707e+01
   2.3062970e+06   4.1870117e+01
   2.3063320e+06   6.8542480e+01
   2.3063590e+06   6.6711426e+01
   2.3063820e+06   4.8889160e+01
   2.3064380e+06   3.4240723e+01
   2.3064490e+06   7.3181152e+01
   2.3064830e+06   3.9489746e+01
   2.3065140e+06   3.7353516e+01
   2.3065520e+06   4.3579102e+01
   2.3065830e+06   5.7800293e+01
   2.3066000e+06   3.1494141e+01
   2.3066280e+06   3.2714844e+01
   2.3066580e+06   3.2470703e+01
   2.3067180e+06   3.3874512e+01
   2.3067460e+06   3.5461426e+01
   2.3067580e+06   3.3996582e+01
   2.3068650e+06   5.0292969e+01
   2.3069570e+06   4.2480469e+01
   2.3070980e+06   5.1879883e+01
   2.3071980e+06   3.6010742e+01
   2.3073450e+06   5.0781250e+01
   2.3076010e+06   7.1838379e+01
   2.3078430e+06   9.3627930e+01
   2.3291050e+06   1.4459229e+02
   2.3291840e+06   1.1676025e+02
   2.3292730e+06   1.0394287e+02
   2.3292880e+06   4.4860840e+01
   2.3293790e+06   1.1022949e+02
   2.3293890e+06   1.1767578e+02
   2.3294500e+06   3.3630371e+01
   2.3294680e+06   9.7351074e+01
   2.3295000e+06   9.1857910e+01
   2.3295300e+06   4.2419434e+01
   2.3295400e+06   3.3203125e+01
   2.3295710e+06   8.5083008e+01
   2.3296090e+06   6.5612793e+01
   2.3296270e+06   3.2653809e+01
   2.3296510e+06   8.0078125e+01
   2.3296740e+06   3.3020020e+01
   2.3297220e+06   5.8593750e+01
   2.3297360e+06   6.9458008e+01
   2.3298140e+06   6.4941406e+01
   2.3298340e+06   4.9133301e+01
   2.3298950e+06   6.8054199e+01
   2.3299380e+06   8.7524414e+01
   2.3299800e+06   4.4311523e+01
   2.3299910e+06   3.4057617e+01
   2.3300600e+06   3.3264160e+01
   2.3300920e+06   3.9550781e+01
   2.3301240e+06   3.4240723e+01
   2.3301570e+06   8.7158203e+01
   2.3303170e+06   4.6325684e+01
   2.3304380e+06   5.4565430e+01
   2.3306260e+06   6.4086914e+01
   2.3307380e+06   6.1767578e+01
   2.3309180e+06   6.8420410e+01
   2.3555300e+06   3.9112549e+03
   2.3555410e+06   3.9245605e+01
   2.3556150e+06   1.4953613e+02
   2.3558540e+06   1.2823486e+02
   2.3559270e+06   1.0943604e+02
   2.3559500e+06   1.2445068e+02
   2.3559700e+06   3.2165527e+01
   2.3560030e+06   4.2480469e+01
   2.3560280e+06   3.2287598e+01
   2.3560510e+06   1.8353271e+02
   2.3560670e+06   4.1564941e+01
   2.3561110e+06   3.5949707e+01
   2.3561500e+06   9.4604492e+01
   2.3561890e+06   3.3020020e+01
   2.3562110e+06   3.8940430e+01
   2.3562370e+06   8.3923340e+01
   2.3562490e+06   6.9396973e+01
   2.3562740e+06   3.6499023e+01
   2.3563110e+06   6.6101074e+01
   2.3563760e+06   6.8908691e+01
   2.3564060e+06   6.6284180e+01
   2.3564300e+06   3.1921387e+01
   2.3564850e+06   5.4870605e+01
   2.3565760e+06   3.1311035e+01
   2.3565950e+06   6.7077637e+01
   2.3566950e+06   4.9194336e+01
   2.3567070e+06   1.0791016e+02
   2.3567590e+06   3.1616211e+01
   2.3567920e+06   4.6325684e+01
   2.3568100e+06   3.5949707e+01
   2.3569590e+06   5.3222656e+01
   2.3571380e+06   6.2377930e+01
   2.3573340e+06   6.8786621e+01
   2.4691550e+06   3.2226563e+01
   2.4692110e+06   1.6009521e+02
   2.4692680e+06   5.9082031e+01
   2.4693230e+06   1.3061523e+02
   2.4693790e+06   3.3569336e+01
   2.4694610e+06   1.3299561e+02
   2.4694920e+06   1.2341309e+02
   2.4695290e+06   4.3762207e+01
   2.4695620e+06   1.0729980e+02
   2.4695840e+06   9.0087891e+01
   2.4696010e+06   6.5612793e+01
   2.4696380e+06   9.2163086e+01
   2.4696570e+06   6.3842773e+01
   2.4696750e+06   3.2165527e+01
   2.4697170e+06   7.0190430e+01
   2.4697480e+06   8.4777832e+01
   2.4697620e+06   3.9978027e+01
   2.4697930e+06   4.7546387e+01
   2.4698170e+06   3.2287598e+01
   2.4698580e+06   6.2805176e+01
   2.4698700e+06   9.2163086e+01
   2.4699020e+06   3.2897949e+01
   2.4699810e+06   7.5744629e+01
   2.4700090e+06   3.2043457e+01
   2.4700210e+06   8.2092285e+01
   2.4700480e+06   3.1738281e+01
   2.4700800e+06   3.4057617e+01
   2.4700930e+06   6.5612793e+01
   2.4701310e+06   6.4758301e+01
   2.4701670e+06   5.0476074e+01
   2.4702160e+06   3.9184570e+01
   2.4702390e+06   9.4177246e+01
   2.4702610e+06   3.2165527e+01
   2.4702800e+06   3.1799316e+01
   2.4703180e+06   4.7241211e+01
   2.4704450e+06   3.2165527e+01
   2.4704690e+06   4.4860840e+01
   2.4707010e+06   3.5034180e+01
   2.4707800e+06   8.8378906e+01
   2.4709410e+06   7.5744629e+01
   2.5468860e+06   1.7199707e+02
   2.5469440e+06   1.0992432e+02
   2.5469580e+06   3.3203125e+01
   2.5470600e+06   1.2512207e+02
   2.5471450e+06   1.4807129e+02
   2.5471840e+06   1.2725830e+02
   2.5472060e+06   3.1921387e+01
   2.5472160e+06   3.2653809e+01
   2.5472480e+06   1.0614014e+02
   2.5472670e+06   3.3325195e+01
   2.5472960e+06   9.6923828e+01
   2.5473190e+06   6.3659668e+01
   2.5473490e+06   3.5339355e+01
   2.5473820e+06   7.8186035e+01
   2.5473990e+06   6.8481445e+01
   2.5474140e+06   4.3701172e+01
   2.5474490e+06   3.9794922e+01
   2.5474600e+06   8.1604004e+01
   2.5475150e+06   8.9172363e+01
   2.5475450e+06   3.2043457e+01
   2.5475760e+06   3.3569336e+01
   2.5475940e+06   3.6376953e+01
   2.5476040e+06   3.6865234e+01
   2.5476470e+06   6.7932129e+01
   2.5476710e+06   4.1259766e+01
   2.5476870e+06   4.6081543e+01
   2.5477380e+06   6.3964844e+01
   2.5477530e+06   3.2897949e+01
   2.5477870e+06   6.9885254e+01
   2.5478450e+06   6.6223145e+01
   2.5479210e+06   6.2072754e+01
   2.5479470e+06   6.0668945e+01
   2.5479580e+06   3.9062500e+01
   2.5480770e+06   5.4321289e+01
   2.5480880e+06   3.1738281e+01
   2.5482170e+06   5.6640625e+01
   2.5483680e+06   6.9885254e+01
   2.5483820e+06   3.2043457e+01
   2.5485140e+06   7.4340820e+01
   2.5487170e+06   7.7514648e+01
   2.5946100e+06   1.6857910e+02
   2.5948990e+06   1.5808105e+02
   2.5949900e+06   1.2371826e+02
   2.5950840e+06   1.4666748e+02
   2.5951300e+06   1.1383057e+02
   2.5951490e+06   3.4851074e+01
   2.5951740e+06   3.5705566e+01
   2.5951900e+06   3.5217285e+01
   2.5952240e+06   3.4912109e+01
   2.5952460e+06   1.2585449e+02
   2.5952960e+06   3.9672852e+01
   2.5953340e+06   8.9172363e+01
   2.5953620e+06   9.8388672e+01
   2.5953960e+06   3.4362793e+01
   2.5954250e+06   5.2368164e+01
   2.5954380e+06   3.4667969e+01
   2.5954650e+06   8.4533691e+01
   2.5954970e+06   5.6701660e+01
   2.5955080e+06   3.7353516e+01
   2.5955360e+06   3.6132813e+01
   2.5955560e+06   4.1625977e+01
   2.5956050e+06   7.5500488e+01
   2.5956190e+06   7.8735352e+01
   2.5956940e+06   5.5908203e+01
   2.5957290e+06   8.2458496e+01
   2.5957550e+06   4.3273926e+01
   2.5957900e+06   6.5917969e+01
   2.5958530e+06   6.5795898e+01
   2.5959050e+06   7.2326660e+01
   2.5959500e+06   3.7536621e+01
   2.5960140e+06   6.5124512e+01
   2.5960500e+06   6.9335938e+01
   2.5961320e+06   3.2104492e+01
   2.5961790e+06   7.5683594e+01
   2.5962230e+06   3.2897949e+01
   2.6587330e+06   1.5246582e+02
   2.6588090e+06   1.2036133e+02
   2.6588970e+06   4.0466309e+01
   2.6589450e+06   1.1853027e+02
   2.6591220e+06   1.2457275e+02
   2.6591770e+06   5.2978516e+01
   2.6592750e+06   1.3372803e+02
   2.6592850e+06   1.2762451e+02
   2.6593440e+06   4.2236328e+01
   2.6593960e+06   3.3203125e+01
   2.6594180e+06   4.3884277e+01
   2.6594340e+06   3.2531738e+01
   2.6594500e+06   1.2493896e+02
   2.6594770e+06   4.4250488e+01
   2.6594940e+06   7.6110840e+01
   2.6595060e+06   3.4790039e+01
   2.6595410e+06   3.3691406e+01
   2.6596070e+06   8.9477539e+01
   2.6596820e+06   4.2053223e+01
   2.6596940e+06   7.8552246e+01
   2.6597390e+06   9.8876953e+01
   2.6597580e+06   4.5043945e+01
   2.6597710e+06   6.6711426e+01
   2.6598120e+06   3.2043457e+01
   2.6598400e+06   5.7067871e+01
   2.6599130e+06   8.0749512e+01
   2.6599360e+06   3.8085938e+01
   2.6599650e+06   4.0039063e+01
   2.6599940e+06   3.1616211e+01
   2.6600300e+06   7.5439453e+01
   2.6600420e+06   3.5217285e+01
   2.6601170e+06   6.7199707e+01
   2.6601420e+06   7.2509766e+01
   2.6602710e+06   1.1193848e+02
   2.6604220e+06   7.4340820e+01
   2.6606100e+06   3.7719727e+01
   2.6606720e+06   8.3740234e+01
   2.7272040e+06   1.5270996e+02
   2.7272160e+06   3.2531738e+01
   2.7272850e+06   1.4532471e+02
   2.7273010e+06   3.8635254e+01
   2.7274420e+06   1.3116455e+02
   2.7275030e+06   4.3579102e+01
   2.7275590e+06   1.2487793e+02
   2.7276050e+06   1.5594482e+02
   2.7276290e+06   3.1188965e+01
   2.7276620e+06   9.5764160e+01
   2.7276760e+06   3.2653809e+01
   2.7277200e+06   3.7353516e+01
   2.7277430e+06   8.1665039e+01
   2.7277680e+06   1.2261963e+02
   2.7277940e+06   3.8024902e+01
   2.7278190e+06   7.0251465e+01
   2.7278520e+06   3.2653809e+01
   2.7278890e+06   5.5236816e+01
   2.7279110e+06   3.1127930e+01
   2.7279270e+06   1.0760498e+02
   2.7279750e+06   4.5166016e+01
   2.7279910e+06   3.1433105e+01
   2.7280110e+06   3.6560059e+01
   2.7280570e+06   9.4604492e+01
   2.7280780e+06   3.1616211e+01
   2.7280950e+06   5.0109863e+01
   2.7281110e+06   3.8146973e+01
   2.7281210e+06   3.8146973e+01
   2.7281620e+06   8.9172363e+01
   2.7282190e+06   4.1687012e+01
   2.7282630e+06   8.1970215e+01
   2.7283890e+06   3.4240723e+01
   2.7284150e+06   9.0209961e+01
   2.7284710e+06   7.6904297e+01
   2.7285360e+06   7.4340820e+01
   2.7287570e+06   1.1016846e+02
   2.7707520e+06   1.7279053e+02
   2.7708150e+06   1.2200928e+02
   2.7709350e+06   1.3159180e+02
   2.7711230e+06   1.1828613e+02
   2.7712100e+06   3.7475586e+01
   2.7712320e+06   1.5081787e+02
   2.7712490e+06   9.7717285e+01
   2.7712780e+06   3.6254883e+01
   2.7713060e+06   3.3447266e+01
   2.7713400e+06   3.6193848e+01
   2.7713530e+06   5.0415039e+01
   2.7714500e+06   1.3220215e+02
   2.7714600e+06   9.9670410e+01
   2.7715160e+06   3.5217285e+01
   2.7715340e+06   6.1218262e+01
   2.7715500e+06   3.1555176e+01
   2.7716120e+06   8.0261230e+01
   2.7716710e+06   3.2165527e+01
   2.7716930e+06   4.1076660e+01
   2.7717160e+06   3.1677246e+01
   2.7717380e+06   1.3928223e+02
   2.7717650e+06   3.9489746e+01
   2.7718410e+06   6.6772461e+01
   2.7718630e+06   3.6926270e+01
   2.7719030e+06   1.0424805e+02
   2.7719640e+06   6.5734863e+01
   2.7720100e+06   3.1799316e+01
   2.7720360e+06   3.4301758e+01
   2.7720940e+06   1.0491943e+02
   2.7722110e+06   7.6110840e+01
   2.7723200e+06   1.0498047e+02
   2.8202940e+06   3.6560059e+01
   2.8205250e+06   3.6132813e+01
   2.8206260e+06   1.1468506e+02
   2.8206740e+06   3.4179688e+01
   2.8207420e+06   1.0687256e+02
   2.8207860e+06   3.2775879e+01
   2.8208380e+06   1.0064697e+02
   2.8209020e+06   3.4301758e+01
   2.8209340e+06   8.2885742e+01
   2.8209910e+06   1.3995361e+02
   2.8210200e+06   5.7556152e+01
   2.8211000e+06   7.6538086e+01
   2.8211190e+06   3.9916992e+01
   2.8211430e+06   1.2573242e+02
   2.8211790e+06   5.9082031e+01
   2.8212990e+06   5.6152344e+01
   2.8213280e+06   1.3366699e+02
   2.8214450e+06   7.2021484e+01
   2.8215650e+06   1.0955811e+02
   2.8215780e+06   8.3251953e+01
   2.8217180e+06   3.4423828e+01
   2.8218680e+06   1.3513184e+02
   2.8556540e+06   1.5148926e+02
   2.8557090e+06   3.3447266e+01
   2.8557240e+06   1.0974121e+02
   2.8558890e+06   3.1799316e+01
   2.8559200e+06   3.3386230e+01
   2.8559620e+06   1.2268066e+02
   2.8560240e+06   3.1799316e+01
   2.8560410e+06   3.1311035e+01
   2.8561070e+06   1.1975098e+02
   2.8561500e+06   1.4520264e+02
   2.8561870e+06   3.4851074e+01
   2.8562490e+06   1.0308838e+02
   2.8562670e+06   3.8879395e+01
   2.8563460e+06   3.6071777e+01
   2.8563850e+06   1.0217285e+02
   2.8564020e+06   3.1860352e+01
   2.8564730e+06   1.5545654e+02
   2.8565090e+06   3.3386230e+01
   2.8566140e+06   8.3312988e+01
   2.8566390e+06   3.2653809e+01
   2.8567480e+06   3.3569336e+01
   2.8567590e+06   3.5644531e+01
   2.8569190e+06   1.0144043e+02
   2.8983650e+06   1.5612793e+02
   2.8984250e+06   1.1328125e+02
   2.8984920e+06   4.2724609e+01
   2.8986550e+06   1.2182617e+02
   2.8987200e+06   1.5142822e+02
   2.8987800e+06   1.1767578e+02
   2.8987920e+06   4.0954590e+01
   2.8989020e+06   1.0729980e+02
   2.8989670e+06   3.1616211e+01
   2.8989970e+06   7.9895020e+01
   2.8990280e+06   1.3684082e+02
   2.8990540e+06   3.1433105e+01
   2.8990880e+06   7.7575684e+01
   2.8991020e+06   3.5766602e+01
   2.8992620e+06   8.8439941e+01
   2.8993280e+06   4.5654297e+01
   2.8993600e+06   1.4581299e+02
   2.8993860e+06   9.6313477e+01
   2.8996170e+06   8.3496094e+01
   2.8997230e+06   3.1311035e+01
   2.9000090e+06   3.1494141e+01
   2.9394720e+06   3.6193848e+01
   2.9394850e+06   1.7401123e+02
   2.9395820e+06   3.3996582e+01
   2.9396530e+06   1.4727783e+02
   2.9397210e+06   1.2084961e+02
   2.9397450e+06   3.3142090e+01
   2.9397810e+06   4.8156738e+01
   2.9398600e+06   1.2005615e+02
   2.9398740e+06   3.1555176e+01
   2.9399440e+06   3.4545898e+01
   2.9400150e+06   1.0357666e+02
   2.9400320e+06   4.0771484e+01
   2.9400740e+06   3.1921387e+01
   2.9400990e+06   1.4257813e+02
   2.9401310e+06   9.6191406e+01
   2.9401420e+06   3.1127930e+01
   2.9402140e+06   8.3190918e+01
   2.9402280e+06   3.5400391e+01
   2.9403280e+06   1.3140869e+02
   2.9403490e+06   7.1899414e+01
   2.9403860e+06   3.1738281e+01
   2.9405890e+06   9.5336914e+01
   2.9666480e+06   3.8330078e+01
   2.9666760e+06   1.6625977e+02
   2.9667650e+06   1.2774658e+02
   2.9669390e+06   3.9611816e+01
   2.9670510e+06   1.2152100e+02
   2.9671280e+06   3.1738281e+01
   2.9672200e+06   3.1677246e+01
   2.9672390e+06   1.4953613e+02
   2.9672880e+06   3.4484863e+01
   2.9674590e+06   1.1114502e+02
   2.9674930e+06   3.2104492e+01
   2.9676540e+06   1.4807129e+02
   2.9677310e+06   3.2592773e+01
   2.9687820e+06   1.4501953e+02
   2.9876070e+06   1.6497803e+02
   2.9877790e+06   5.1269531e+01
   2.9877910e+06   1.5240479e+02
   2.9880100e+06   1.3513184e+02
   2.9882080e+06   3.5949707e+01
   2.9883290e+06   4.5837402e+01
   2.9885240e+06   1.3397217e+02
   2.9885880e+06   3.1311035e+01
   2.9887970e+06   3.6254883e+01
   2.9896490e+06   1.2823486e+02
   2.9896770e+06   3.3020020e+01
   2.9898490e+06   1.4648438e+02
   2.9898740e+06   3.2775879e+01
   2.9951250e+06   1.5509033e+02
   2.9955450e+06   3.8757324e+01
   2.9960570e+06   1.5155029e+02
   2.9967960e+06   1.4794922e+02
