   5.9980000e+06   0.0000000e+00
   1.1964700e+05   2.9724121e+01
   2.2232500e+05   2.9663086e+01
   2.2239000e+05   3.1555176e+01
   2.2280800e+05   3.2470703e+01
   2.2282900e+05   3.5827637e+01
   2.2401500e+05   2.9907227e+01
   3.4734900e+05   3.0090332e+01
   3.4784400e+05   3.3142090e+01
   3.4786000e+05   3.2043457e+01
   3.4821400e+05   3.3569336e+01
   3.9698400e+05   3.3020020e+01
   3.9706800e+05   3.0822754e+01
   3.9715300e+05   2.9968262e+01
   3.9728500e+05   3.0273438e+01
   3.9737300e+05   3.0883789e+01
   3.9767400e+05   3.3142090e+01
   3.9811600e+05   2.9724121e+01
   3.9825200e+05   3.0212402e+01
   3.9845900e+05   3.0273438e+01
   4.2769900e+05   2.9663086e+01
   4.3146200e+05   3.2531738e+01
   4.3160800e+05   3.0395508e+01
   4.5836000e+05   3.1982422e+01
   4.5841700e+05   3.1616211e+01
   4.8613400e+05   3.6315918e+01
   5.1535100e+05   3.0761719e+01
   5.1564900e+05   3.0334473e+01
   5.1610400e+05   3.2958984e+01
   5.1615400e+05   3.1127930e+01
   5.3211900e+05   3.0273438e+01
   5.5339100e+05   3.1066895e+01
   5.5353800e+05   3.1555176e+01
   5.5367200e+05   3.0090332e+01
   5.5376300e+05   3.9123535e+01
   5.5469100e+05   3.1066895e+01
   5.9233400e+05   2.9724121e+01
   5.9237200e+05   3.3447266e+01
   6.0835700e+05   3.1494141e+01
   6.0839600e+05   2.9846191e+01
   6.3012300e+05   3.2165527e+01
   6.4814500e+05   3.0273438e+01
   6.4826900e+05   2.9968262e+01
   6.4860300e+05   3.2226563e+01
   6.7181500e+05   3.1738281e+01
   6.9391700e+05   3.0090332e+01
   7.2036100e+05   3.6865234e+01
   7.2046900e+05   3.2470703e+01
   7.2125300e+05   3.2775879e+01
   1.1209320e+06   3.3081055e+01
   1.2346460e+06   3.0151367e+01
   1.2355570e+06   3.3203125e+01
   1.2357360e+06   3.1127930e+01
   1.2358780e+06   3.0700684e+01
   1.3205170e+06   3.0212402e+01
   1.8898410e+06   3.1250000e+01
   1.9679480e+06   3.1921387e+01
   2.0034300e+06   3.3142090e+01
   2.0948690e+06   3.1372070e+01
   2.1270880e+06   3.2897949e+01
   2.1557060e+06   2.9907227e+01
   2.1558550e+06   3.3447266e+01
   2.1562310e+06   3.0944824e+01
   2.1562440e+06   3.1250000e+01
   2.2019090e+06   3.0395508e+01
   2.2246330e+06   3.0761719e+01
   2.2513780e+06   3.6682129e+01
   2.2519930e+06   3.0700684e+01
   2.2881430e+06   3.2043457e+01
   2.2882610e+06   3.3203125e+01
   2.3272320e+06   3.0639648e+01
   2.3276220e+06   2.9663086e+01
   2.3491400e+06   3.0883789e+01
   2.3961880e+06   3.2653809e+01
   2.4944470e+06   3.8330078e+01
   2.7159720e+06   3.8757324e+01
   2.8949000e+06   3.0212402e+01
   2.8950050e+06   3.0395508e+01
   2.8951520e+06   2.9907227e+01
   2.8954090e+06   3.3752441e+01
   2.9497400e+06   3.5278320e+01
   2.9498760e+06   3.3203125e+01
   2.9499310e+06   3.6254883e+01
   2.9800620e+06   3.3264160e+01
   2.9995510e+06   3.1188965e+01
   3.0160340e+06   3.1616211e+01
   3.0460190e+06   3.0334473e+01
   3.1073160e+06   3.1066895e+01
   3.1081460e+06   3.4667969e+01
   3.1300700e+06   2.9846191e+01
   3.1816430e+06   3.0761719e+01
   3.1817340e+06   2.9663086e+01
   3.1820320e+06   3.1921387e+01
   3.2101540e+06   3.2043457e+01
   3.2103970e+06   3.1982422e+01
   3.2108270e+06   2.9846191e+01
   3.2689580e+06   3.0944824e+01
   3.3000970e+06   3.4118652e+01
   3.3326290e+06   3.2348633e+01
   3.4047950e+06   3.3264160e+01
   3.4049450e+06   3.0456543e+01
   4.1216770e+06   3.0456543e+01
   4.3017820e+06   3.0212402e+01
   4.4170620e+06   3.2653809e+01
   4.6185420e+06   3.2287598e+01
   4.6186130e+06   3.1860352e+01
   4.6187230e+06   2.9785156e+01
   4.6911120e+06   3.0273438e+01
   4.9111290e+06   3.0944824e+01
   5.0967320e+06   3.0090332e+01
   5.1749850e+06   3.5034180e+01
   5.3149970e+06   3.1860352e+01
   5.4871020e+06   2.9785156e+01
   5.4875180e+06   3.3264160e+01
   5.5757050e+06   2.9846191e+01
   5.7218120e+06   3.0761719e+01
   5.7219190e+06   3.1188965e+01
   5.7783690e+06   3.0212402e+01
   5.8212380e+06   3.1005859e+01
   5.8469040e+06   3.0029297e+01
   5.8472050e+06   2.9663086e+01
   5.8474140e+06   3.2043457e+01
   5.8992180e+06   3.0700684e+01
