   5.9980000e+06   0.0000000e+00
   3.5787000e+04   2.6934814e+02
   3.5800000e+04   5.6457520e+01
   8.7293000e+04   2.7935791e+02
   9.3444000e+04   3.3233643e+02
   9.7650000e+04   3.3325195e+01
   9.7818000e+04   3.5583496e+01
   1.3847100e+05   2.7355957e+02
   1.6929500e+05   2.7819824e+02
   1.8969700e+05   2.2283936e+02
   1.9405900e+05   2.7313232e+02
   2.0851500e+05   2.3602295e+02
   2.1853700e+05   2.6837158e+02
   2.2194200e+05   3.8562012e+02
   2.2228400e+05   3.3569336e+01
   2.2247400e+05   3.4545898e+01
   2.2270600e+05   3.3264160e+01
   2.2278700e+05   3.8574219e+01
   2.2289800e+05   3.4057617e+01
   2.2292700e+05   5.4309082e+02
   2.2304000e+05   5.3210449e+02
   2.2313000e+05   4.7229004e+02
   2.2320700e+05   3.5540771e+02
   2.2321800e+05   1.1199951e+02
   2.2327300e+05   3.1433105e+02
   2.2333400e+05   1.4489746e+02
   2.2336800e+05   6.1523438e+01
   2.2339900e+05   1.1035156e+02
   2.2342900e+05   5.6884766e+01
   2.2349600e+05   1.9146729e+02
   2.2357400e+05   1.4105225e+02
   2.2360600e+05   5.7434082e+01
   2.2363100e+05   6.7443848e+01
   2.2365800e+05   6.8115234e+01
   2.2372700e+05   1.3720703e+02
   2.2383600e+05   1.9427490e+02
   2.2384700e+05   7.5866699e+01
   2.2391700e+05   1.7993164e+02
   2.2394100e+05   3.8391113e+01
   2.2400100e+05   2.2827148e+02
   2.2403300e+05   5.7800293e+01
   2.2417900e+05   3.7261963e+02
   2.2420900e+05   3.6987305e+01
   2.2437400e+05   4.0344238e+02
   2.2438600e+05   1.1016846e+02
   2.2457000e+05   3.8098145e+02
   2.2458800e+05   5.2978516e+01
   2.2486700e+05   1.5539551e+02
   2.2535000e+05   1.6937256e+02
   2.2536500e+05   5.6457520e+01
   2.3542100e+05   3.4136963e+02
   2.6458600e+05   2.6312256e+02
   2.6826100e+05   2.6855469e+02
   2.7460300e+05   2.6190186e+02
   2.8226400e+05   2.7661133e+02
   2.8799100e+05   2.7380371e+02
   3.0224300e+05   2.4725342e+02
   3.0436500e+05   3.5552979e+02
   3.3048200e+05   3.7072754e+02
   3.3158100e+05   3.5827637e+01
   3.4752200e+05   2.4621582e+02
   3.4762400e+05   3.3386230e+01
   3.4778200e+05   3.6621094e+01
   3.4780700e+05   3.5766602e+01
   3.4782800e+05   3.3569336e+01
   3.4794700e+05   2.1716309e+02
   3.4796600e+05   4.6936035e+01
   3.4799500e+05   4.4555664e+01
   3.4822900e+05   3.6254883e+01
   3.4833900e+05   3.7536621e+01
   3.4859900e+05   2.3083496e+02
   3.8912300e+05   2.5622559e+02
   3.9066200e+05   2.6153564e+02
   3.9357600e+05   2.5354004e+02
   3.9358600e+05   8.5693359e+01
   3.9618200e+05   2.5561523e+02
   3.9705700e+05   3.6682129e+01
   3.9719700e+05   4.2419434e+01
   3.9742100e+05   3.4057617e+01
   3.9746000e+05   3.3813477e+01
   3.9753200e+05   3.6010742e+01
   3.9757900e+05   3.7353516e+01
   3.9764100e+05   2.1868896e+02
   3.9765700e+05   5.1330566e+01
   3.9783600e+05   3.7048340e+01
   3.9788700e+05   5.1324463e+02
   3.9798400e+05   3.5278320e+01
   3.9808000e+05   5.1062012e+02
   3.9811700e+05   3.4667969e+01
   3.9834000e+05   3.4484863e+01
   3.9863600e+05   2.0916748e+02
   4.0722300e+05   3.3508301e+01
   4.0723700e+05   3.8330078e+02
   4.0763900e+05   3.4881592e+02
   4.2538500e+05   3.5046387e+02
   4.2541900e+05   3.4118652e+01
   4.2729700e+05   2.1142578e+02
   4.2731000e+05   4.0771484e+01
   4.3011800e+05   3.5333252e+02
   4.3139000e+05   3.4973145e+01
   4.3149900e+05   3.5522461e+01
   4.3165100e+05   3.6010742e+01
   4.3169300e+05   4.0039063e+01
   4.3173300e+05   3.7109375e+01
   4.3177800e+05   5.1617432e+02
   4.3193900e+05   2.0599365e+02
   4.3232300e+05   4.9328613e+02
   4.3235500e+05   3.8818359e+01
   4.5844900e+05   3.8146973e+01
   4.5862500e+05   3.6560059e+01
   4.5865600e+05   5.4785156e+02
   4.5875500e+05   4.0039063e+01
   4.5918100e+05   1.8280029e+02
   4.5921100e+05   4.0222168e+01
   4.5930600e+05   3.5827637e+01
   4.5944500e+05   1.5319824e+02
   4.8612400e+05   3.4912109e+01
   4.8621100e+05   3.4790039e+01
   4.8657900e+05   3.1561279e+02
   4.8688000e+05   4.9011230e+02
   5.1574300e+05   2.4725342e+02
   5.1598300e+05   3.6621094e+01
   5.1602900e+05   2.3156738e+02
   5.1604400e+05   6.7199707e+01
   5.1621700e+05   4.5599365e+02
   5.1625300e+05   3.8024902e+01
   5.5334800e+05   3.4606934e+01
   5.5337000e+05   2.7154541e+02
   5.5339800e+05   3.8879395e+01
   5.5344300e+05   3.8452148e+01
   5.5349400e+05   3.5827637e+01
   5.5356900e+05   2.2076416e+02
   5.5361700e+05   3.8818359e+01
   5.5366800e+05   4.8004150e+02
   5.5380100e+05   5.0738525e+02
   5.5381500e+05   6.8481445e+01
   5.5386300e+05   3.5339355e+01
   5.5397200e+05   4.7473145e+02
   5.5400600e+05   4.2602539e+01
   5.5408500e+05   3.7268066e+02
   5.5421900e+05   3.9135742e+02
   5.5423400e+05   6.5246582e+01
   5.5433100e+05   3.1665039e+02
   5.5434600e+05   6.5307617e+01
   5.5444000e+05   3.3758545e+02
   5.5453200e+05   3.6163330e+02
   5.5461300e+05   2.4719238e+02
   5.5473600e+05   3.2336426e+02
   5.5485200e+05   2.5061035e+02
   5.5486200e+05   9.4848633e+01
   5.5497400e+05   2.7935791e+02
   5.5516300e+05   3.6889648e+02
   5.5517600e+05   9.8510742e+01
   5.5552600e+05   4.1632080e+02
   5.5554500e+05   3.6621094e+01
   5.9002600e+05   3.4606934e+01
   6.0845300e+05   3.3874512e+01
   6.0849400e+05   3.3874512e+01
   6.0851100e+05   2.3529053e+02
   6.0860800e+05   3.4057617e+01
   6.2926300e+05   3.6499023e+01
   6.2983900e+05   3.8940430e+01
   6.2986900e+05   3.3447266e+01
   6.2990800e+05   4.1931152e+01
   6.2999100e+05   1.8737793e+02
   6.3005200e+05   5.1147461e+01
   6.3016700e+05   4.8968506e+02
   6.3017800e+05   8.3801270e+01
   6.3020700e+05   4.5410156e+01
   6.3055100e+05   1.9140625e+02
   6.3057100e+05   3.9123535e+01
   6.4819200e+05   4.6215820e+02
   6.4834700e+05   3.4912109e+01
   6.4843700e+05   2.1997070e+02
   6.4847700e+05   4.2724609e+01
   6.4855000e+05   3.4912109e+01
   6.4860800e+05   3.8757324e+01
   6.4879700e+05   1.9281006e+02
   6.4881600e+05   3.9306641e+01
   6.4888000e+05   3.3264160e+01
   6.4901500e+05   1.5148926e+02
   6.7172700e+05   2.3706055e+02
   6.7185300e+05   3.6132813e+01
   6.9408700e+05   2.2100830e+02
   6.9414600e+05   3.4118652e+01
   6.9418500e+05   3.4667969e+01
   7.2022800e+05   4.8596191e+02
   7.2025400e+05   5.0842285e+01
   7.2033500e+05   4.5605469e+02
   7.2037200e+05   3.6987305e+01
   7.2046300e+05   4.6582031e+02
   7.2052100e+05   4.4250488e+01
   7.2062900e+05   4.4793701e+02
   7.2065500e+05   4.1198730e+01
   7.2093000e+05   3.8696289e+01
   7.4781600e+05   3.2891846e+02
   7.4783100e+05   4.8034668e+01
   7.6865600e+05   3.9385986e+02
   8.1092300e+05   2.6702881e+02
   8.1120700e+05   2.1777344e+02
   8.1147300e+05   3.2110596e+02
   8.1148800e+05   3.5217285e+01
   8.5356400e+05   2.6208496e+02
   8.5753800e+05   2.5781250e+02
   8.6568900e+05   3.7115479e+02
   8.6836800e+05   2.5579834e+02
   8.7105700e+05   2.0379639e+02
   8.8406400e+05   3.3795166e+02
   8.8854500e+05   3.6114502e+02
   8.8856100e+05   3.8452148e+01
   8.9180300e+05   3.4130859e+02
   8.9439500e+05   9.6984863e+01
   8.9588200e+05   3.7097168e+02
   9.0077300e+05   2.5115967e+02
   9.0078700e+05   4.7790527e+01
   9.1496200e+05   2.5555420e+02
   9.1841700e+05   2.4835205e+02
   9.2737900e+05   2.1948242e+02
   9.3261700e+05   2.1020508e+02
   9.3694800e+05   2.4444580e+02
   9.3696300e+05   4.0771484e+01
   9.4394700e+05   2.7062988e+02
   9.4708000e+05   2.0214844e+02
   9.5186600e+05   3.6480713e+02
   9.6579400e+05   2.6135254e+02
   9.7176200e+05   3.7579346e+02
   9.7539500e+05   1.9750977e+02
   9.7541000e+05   4.2663574e+01
   9.8052600e+05   2.2265625e+02
   9.8053600e+05   1.1901855e+02
   9.8271100e+05   3.7817383e+02
   9.8274000e+05   3.7353516e+01
   9.8895400e+05   3.3813477e+01
   1.0024820e+06   2.3522949e+02
   1.0132590e+06   3.7451172e+02
   1.0132740e+06   3.9978027e+01
   1.0148500e+06   3.7133789e+02
   1.0148640e+06   3.5278320e+01
   1.0362490e+06   3.9385986e+02
   1.0431060e+06   2.6141357e+02
   1.0431350e+06   3.3630371e+01
   1.0508620e+06   4.0240479e+02
   1.0553290e+06   2.6049805e+02
   1.0835150e+06   2.3632813e+02
   1.0893120e+06   3.8580322e+02
   1.0893280e+06   3.4423828e+01
   1.0942780e+06   2.6501465e+02
   1.0942950e+06   3.4240723e+01
   1.0985600e+06   2.6232910e+02
   1.1043300e+06   3.7530518e+02
   1.1084710e+06   3.7109375e+02
   1.1095900e+06   2.4041748e+02
   1.1126630e+06   3.6749268e+02
   1.1208170e+06   3.3264160e+01
   1.1213590e+06   3.4240723e+01
   1.1383770e+06   3.9855957e+02
   1.1424500e+06   2.7020264e+02
   1.1523950e+06   2.1826172e+02
   1.1643060e+06   3.9599609e+02
   1.1643190e+06   4.2785645e+01
   1.1665500e+06   2.6672363e+02
   1.1665640e+06   3.9611816e+01
   1.1701600e+06   2.3626709e+02
   1.1703820e+06   2.3779297e+02
   1.1715540e+06   3.4283447e+02
   1.1767440e+06   3.8665771e+02
   1.2024050e+06   1.3104248e+02
   1.2056170e+06   3.8226318e+02
   1.2056310e+06   4.4677734e+01
   1.2180640e+06   2.5128174e+02
   1.2195860e+06   2.5323486e+02
   1.2347800e+06   1.9744873e+02
   1.2353200e+06   4.8303223e+02
   1.2353460e+06   3.5705566e+01
   1.2354120e+06   3.6560059e+01
   1.2355670e+06   4.3353271e+02
   1.2356000e+06   3.8391113e+01
   1.2358150e+06   3.7170410e+01
   1.2359600e+06   2.0465088e+02
   1.2359810e+06   4.2663574e+01
   1.2363800e+06   3.4057617e+01
   1.2363980e+06   4.1467285e+02
   1.2366820e+06   3.5858154e+02
   1.2366930e+06   9.2712402e+01
   1.2474340e+06   2.0739746e+02
   1.2624720e+06   3.7060547e+02
   1.2642030e+06   2.5732422e+02
   1.2758170e+06   1.9873047e+02
   1.2799480e+06   3.6425781e+02
   1.2900710e+06   2.6080322e+02
   1.2933530e+06   2.2924805e+02
   1.2970560e+06   2.5604248e+02
   1.2970660e+06   1.0925293e+02
   1.3014700e+06   2.5823975e+02
   1.3057820e+06   2.6135254e+02
   1.3857410e+06   3.8165283e+02
   1.3925020e+06   2.2222900e+02
   1.3955200e+06   2.7337646e+02
   1.4093650e+06   2.6660156e+02
   1.4148620e+06   3.3386230e+01
   1.4318800e+06   4.0979004e+02
   1.4446950e+06   2.6287842e+02
   1.4482410e+06   3.9611816e+02
   1.4513350e+06   3.8922119e+02
   1.4785770e+06   2.8045654e+02
   1.4785920e+06   3.4301758e+01
   1.4818870e+06   2.5738525e+02
   1.4953200e+06   2.3071289e+02
   1.5096460e+06   2.6586914e+02
   1.5133580e+06   2.4261475e+02
   1.5138010e+06   2.3669434e+02
   1.5141100e+06   1.8957520e+02
   1.5141260e+06   4.8217773e+01
   1.5145670e+06   3.4069824e+02
   1.5148600e+06   2.3034668e+02
   1.5288890e+06   2.1868896e+02
   1.5352230e+06   2.5079346e+02
   1.5362130e+06   3.5766602e+01
   1.5598370e+06   2.7209473e+02
   1.5675780e+06   2.1008301e+02
   1.5945180e+06   2.1124268e+02
   1.5945310e+06   3.9245605e+01
   1.6072550e+06   3.6108398e+02
   1.6072690e+06   4.5288086e+01
   1.6074980e+06   3.3142090e+01
   1.6075430e+06   3.5522461e+01
   1.6531080e+06   2.7020264e+02
   1.6680460e+06   2.4859619e+02
   1.6862700e+06   3.3142090e+01
   1.7319600e+06   3.4960938e+02
   1.7635870e+06   2.6531982e+02
   1.7647210e+06   3.8146973e+01
   1.7919820e+06   6.5612793e+01
   1.7946980e+06   2.1563721e+02
   1.7969910e+06   2.3846436e+02
   1.8024220e+06   2.1191406e+02
   1.8064230e+06   2.3046875e+02
   1.8064370e+06   4.1015625e+01
   1.8085720e+06   3.8977051e+02
   1.8194430e+06   3.7762451e+02
   1.8278960e+06   3.1866455e+02
   1.8318180e+06   2.5506592e+02
   1.8758250e+06   2.1234131e+02
   1.8887570e+06   3.8690186e+02
   1.8887670e+06   1.0144043e+02
   1.9077760e+06   2.7404785e+02
   1.9417930e+06   7.0800781e+01
   1.9499940e+06   2.3052979e+02
   1.9552300e+06   3.8476563e+02
   1.9778470e+06   1.9232178e+02
   1.9955480e+06   3.9825439e+02
   2.0294540e+06   2.6593018e+02
   2.0324120e+06   3.4667969e+01
   2.0475650e+06   3.8470459e+02
   2.0489900e+06   2.4676514e+02
   2.0614670e+06   3.9306641e+01
   2.0619570e+06   3.3752441e+01
   2.0620350e+06   3.9184570e+01
   2.0940950e+06   4.3011475e+02
   2.0944420e+06   2.4725342e+02
   2.0944600e+06   3.4729004e+01
   2.0947990e+06   3.4057617e+01
   2.0949070e+06   4.8950195e+01
   2.0950080e+06   3.4729004e+01
   2.0951640e+06   3.6376953e+01
   2.0952270e+06   3.3264160e+01
   2.0954920e+06   3.4667969e+01
   2.0955170e+06   3.3264160e+01
   2.0956760e+06   2.0922852e+02
   2.0958060e+06   3.3386230e+01
   2.1431320e+06   3.7048340e+01
   2.1432340e+06   3.7719727e+01
   2.1437120e+06   4.0283203e+01
   2.1555880e+06   3.4606934e+01
   2.1557340e+06   3.8452148e+01
   2.1558400e+06   3.7780762e+01
   2.1558900e+06   3.5522461e+01
   2.1561180e+06   3.3447266e+01
   2.1564460e+06   3.5400391e+01
   2.1566340e+06   2.6080322e+02
   2.1567970e+06   3.3874512e+01
   2.1570680e+06   5.4254150e+02
   2.1985230e+06   2.5830078e+02
   2.2000830e+06   4.0228271e+02
   2.2191380e+06   3.7933350e+02
   2.2191510e+06   4.0893555e+01
   2.2207290e+06   3.6791992e+02
   2.2230500e+06   2.1325684e+02
   2.2242970e+06   3.9929199e+02
   2.2243720e+06   3.4179688e+01
   2.2248650e+06   3.5034180e+01
   2.2513630e+06   3.4545898e+01
   2.2699170e+06   5.6091309e+01
   2.2875820e+06   3.7292480e+01
   2.2879290e+06   3.3142090e+01
   2.2880260e+06   3.5583496e+01
   2.2881640e+06   3.4484863e+01
   2.3273500e+06   3.7170410e+01
   2.3273660e+06   2.6635742e+02
   2.3273960e+06   4.3823242e+01
   2.3275630e+06   3.7475586e+01
   2.3276120e+06   3.3203125e+01
   2.3276430e+06   3.5888672e+01
   2.3711550e+06   4.6203613e+01
   2.3712580e+06   3.8330078e+01
   2.3715270e+06   3.8391113e+01
   2.3715710e+06   3.5583496e+01
   2.3959870e+06   3.3142090e+01
   2.3961700e+06   2.3480225e+02
   2.3962010e+06   3.6071777e+01
   2.3962190e+06   3.3203125e+01
   2.4082970e+06   3.3691406e+01
   2.4423480e+06   3.4179688e+01
   2.5216620e+06   3.3386230e+01
   2.5620290e+06   4.0661621e+02
   2.5860900e+06   2.4951172e+02
   2.5901080e+06   2.5726318e+02
   2.6023340e+06   3.4820557e+02
   2.6103290e+06   2.3370361e+02
   2.6132970e+06   2.6739502e+02
   2.6342510e+06   2.1594238e+02
   2.6368030e+06   3.8024902e+02
   2.6460180e+06   3.9996338e+02
   2.6502710e+06   3.6077881e+02
   2.6596490e+06   3.8647461e+02
   2.6748660e+06   2.6470947e+02
   2.6770080e+06   2.6098633e+02
   2.6770180e+06   8.2031250e+01
   2.6922710e+06   3.8238525e+02
   2.6965640e+06   3.5369873e+02
   2.6965780e+06   3.8146973e+01
   2.7014540e+06   2.5659180e+02
   2.7014680e+06   4.3701172e+01
   2.7448570e+06   2.7282715e+02
   2.7638080e+06   2.1765137e+02
   2.7638250e+06   3.4790039e+01
   2.7675980e+06   3.3447266e+01
   2.7765690e+06   2.2650146e+02
   2.7793890e+06   3.5968018e+02
   2.7819320e+06   3.4863281e+02
   2.7844100e+06   3.6724854e+02
   2.7865260e+06   3.8092041e+02
   2.7997870e+06   2.4407959e+02
   2.7998000e+06   4.2236328e+01
   2.8029940e+06   2.6165771e+02
   2.8052360e+06   3.8696289e+01
   2.8254030e+06   2.7172852e+02
   2.8254340e+06   3.4973145e+01
   2.8501230e+06   2.6715088e+02
   2.8640040e+06   2.7014160e+02
   2.8715140e+06   3.3612061e+02
   2.8715290e+06   4.3762207e+01
   2.8750740e+06   2.5506592e+02
   2.8770950e+06   2.5646973e+02
   2.8887730e+06   3.6212158e+02
   2.8887870e+06   4.6997070e+01
   2.8923830e+06   3.8879395e+02
   2.8943130e+06   4.0203857e+02
   2.8943280e+06   3.7597656e+01
   2.8950120e+06   3.3874512e+01
   2.8950880e+06   3.7597656e+01
   2.8952180e+06   3.7658691e+01
   2.8953980e+06   3.6254883e+01
   2.8956440e+06   4.2297363e+01
   2.8958070e+06   3.4301758e+01
   2.9388490e+06   2.8045654e+02
   2.9490160e+06   2.3419189e+02
   2.9490300e+06   3.7353516e+01
   2.9494950e+06   3.3508301e+01
   2.9496410e+06   3.4240723e+01
   2.9497550e+06   3.7292480e+01
   2.9498160e+06   3.7353516e+01
   2.9500820e+06   3.4790039e+01
   2.9501510e+06   3.6560059e+01
   2.9502370e+06   4.2053223e+01
   2.9502860e+06   3.6621094e+01
   2.9503550e+06   3.3935547e+01
   2.9506720e+06   4.8742676e+02
   3.0159630e+06   3.3325195e+01
   3.0161190e+06   3.3813477e+01
   3.0162000e+06   3.5034180e+01
   3.0162320e+06   3.4729004e+01
   3.0163280e+06   4.2602539e+01
   3.0164970e+06   3.3996582e+01
   3.0165480e+06   4.1198730e+01
   3.0167230e+06   3.3325195e+01
   3.0167470e+06   4.5043945e+01
   3.0168220e+06   3.4912109e+01
   3.0169340e+06   2.4328613e+02
   3.0170750e+06   5.0463867e+02
   3.0174160e+06   4.5153809e+02
   3.0177670e+06   4.3988037e+02
   3.0177830e+06   4.2907715e+01
   3.0458160e+06   3.6499023e+01
   3.0706890e+06   3.5766602e+01
   3.0708010e+06   3.4362793e+01
   3.0709330e+06   3.3264160e+01
   3.0709840e+06   3.3691406e+01
   3.0886610e+06   3.4118652e+01
   3.0895630e+06   3.3020020e+01
   3.0897200e+06   2.1911621e+02
   3.1076280e+06   3.4423828e+01
   3.1298580e+06   3.4301758e+01
   3.1299360e+06   3.4851074e+01
   3.1300490e+06   2.2900391e+02
   3.1305590e+06   4.1870117e+01
   3.1646040e+06   4.5715332e+01
   3.1817050e+06   3.4729004e+01
   3.1817580e+06   4.2907715e+01
   3.2101400e+06   3.3081055e+01
   3.2101670e+06   4.0710449e+01
   3.2328210e+06   3.4851074e+01
   3.2690710e+06   4.4250488e+01
   3.3318440e+06   3.5827637e+01
   3.3319380e+06   4.4885254e+02
   3.3322730e+06   3.3874512e+01
   3.3323700e+06   3.7902832e+01
   3.3325540e+06   3.3569336e+01
   3.3679890e+06   2.4639893e+02
   3.3698450e+06   3.3752441e+01
   3.3699330e+06   3.5705566e+01
   3.3700580e+06   3.3935547e+01
   3.3775540e+06   3.5888672e+01
   3.4714670e+06   3.8006592e+02
   3.4738360e+06   3.7347412e+02
   3.5092360e+06   3.3630371e+02
   3.5092490e+06   3.9428711e+01
   3.5143810e+06   2.6806641e+02
   3.5162840e+06   2.0056152e+02
   3.5183730e+06   3.4844971e+02
   3.5238290e+06   3.4619141e+02
   3.5284240e+06   3.3081055e+02
   3.5298830e+06   2.0416260e+02
   3.5344950e+06   3.2165527e+02
   3.5345260e+06   3.3630371e+01
   3.5371660e+06   2.0159912e+02
   3.5390730e+06   2.0654297e+02
   3.5442130e+06   2.5634766e+02
   3.5513230e+06   1.9915771e+02
   3.5561250e+06   2.4572754e+02
   3.5561390e+06   4.4555664e+01
   3.5586810e+06   3.4259033e+02
   3.5645960e+06   3.7353516e+02
   3.5646110e+06   3.5156250e+01
   3.5718970e+06   2.1777344e+02
   3.5749490e+06   3.5070801e+02
   3.5806720e+06   2.4023438e+02
   3.5831050e+06   3.5937500e+02
   3.5889610e+06   3.4619141e+02
   3.5951240e+06   3.4796143e+02
   3.6003900e+06   2.0397949e+02
   3.6006390e+06   3.3203125e+01
   3.6217080e+06   3.2727051e+02
   3.6262950e+06   2.4548340e+02
   3.6263080e+06   4.8461914e+01
   3.6302360e+06   3.3404541e+02
   3.6340570e+06   2.4176025e+02
   3.6365240e+06   2.4346924e+02
   3.6426090e+06   2.0538330e+02
   3.6466910e+06   3.4240723e+02
   3.6492380e+06   2.0825195e+02
   3.6589250e+06   3.8476563e+02
   3.6633790e+06   1.9512939e+02
   3.6633930e+06   3.9489746e+01
   3.6687050e+06   3.5437012e+02
   3.6739510e+06   3.8952637e+02
   3.6824840e+06   2.4334717e+02
   3.7057360e+06   3.9489746e+02
   3.7110170e+06   2.7239990e+02
   3.7159530e+06   2.6269531e+02
   3.7174430e+06   2.2271729e+02
   3.7457480e+06   3.8787842e+02
   3.7493610e+06   2.1179199e+02
   3.7541300e+06   2.1636963e+02
   3.7611950e+06   2.3913574e+02
   3.7639960e+06   3.7152100e+02
   3.7655740e+06   2.2680664e+02
   3.7660450e+06   3.6431885e+02
   3.7860860e+06   2.2027588e+02
   3.7863570e+06   3.5156250e+01
   3.8050970e+06   2.0648193e+02
   3.8157500e+06   2.6873779e+02
   3.8228610e+06   2.2308350e+02
   3.8228760e+06   3.7170410e+01
   3.8336220e+06   2.5347900e+02
   3.8642650e+06   3.5620117e+02
   3.8770600e+06   3.7005615e+02
   3.8770950e+06   3.6193848e+01
   3.9043670e+06   3.8049316e+02
   3.9043810e+06   4.3212891e+01
   3.9259470e+06   2.2668457e+02
   3.9392460e+06   2.6751709e+02
   3.9416540e+06   2.6031494e+02
   3.9432580e+06   2.5006104e+02
   3.9624960e+06   2.6678467e+02
   3.9680200e+06   2.6275635e+02
   3.9730320e+06   3.7982178e+02
   3.9821560e+06   3.9141846e+02
   3.9821710e+06   3.7414551e+01
   3.9895150e+06   2.1862793e+02
   3.9976990e+06   3.8104248e+02
   3.9977130e+06   4.3151855e+01
   4.0017070e+06   2.2668457e+02
   4.0218980e+06   3.4777832e+02
   4.0219080e+06   1.1090088e+02
   4.0263320e+06   2.2052002e+02
   4.0294230e+06   3.6413574e+02
   4.0294370e+06   4.6508789e+01
   4.0321320e+06   2.5469971e+02
   4.0321480e+06   3.4118652e+01
   4.0376450e+06   2.0013428e+02
   4.0420630e+06   3.7072754e+02
   4.0420730e+06   9.9975586e+01
   4.0455850e+06   2.4371338e+02
   4.0456000e+06   3.7048340e+01
   4.0557870e+06   2.6391602e+02
   4.0588450e+06   3.2110596e+02
   4.0819550e+06   2.6379395e+02
   4.0869820e+06   2.7050781e+02
   4.0869960e+06   5.5358887e+01
   4.1017310e+06   2.0764160e+02
   4.1150820e+06   2.4237061e+02
   4.1216010e+06   3.6437988e+01
   4.1331980e+06   2.5152588e+02
   4.1361570e+06   2.2827148e+02
   4.1389290e+06   2.5335693e+02
   4.1389440e+06   3.9672852e+01
   4.1416710e+06   2.5964355e+02
   4.1442280e+06   2.6025391e+02
   4.1569090e+06   2.5177002e+02
   4.1569240e+06   3.3508301e+01
   4.1703120e+06   2.5421143e+02
   4.1703250e+06   4.0161133e+01
   4.1828700e+06   2.6116943e+02
   4.1909840e+06   2.6257324e+02
   4.1945480e+06   2.6385498e+02
   4.1968340e+06   3.5516357e+02
   4.1968480e+06   4.0649414e+01
   4.1982760e+06   2.3736572e+02
   4.1993740e+06   3.8513184e+01
   4.2072580e+06   2.0104980e+02
   4.2110760e+06   2.4719238e+02
   4.2271200e+06   3.9752197e+02
   4.2301850e+06   2.3883057e+02
   4.2430930e+06   2.4822998e+02
   4.2431090e+06   3.4790039e+01
   4.2490040e+06   2.6580811e+02
   4.2490190e+06   3.7841797e+01
   4.2566490e+06   3.3410645e+02
   4.2566740e+06   3.5461426e+01
   4.2693240e+06   2.6306152e+02
   4.2747740e+06   2.4688721e+02
   4.2794810e+06   2.7270508e+02
   4.2814150e+06   3.6254883e+01
   4.2817360e+06   2.4481201e+02
   4.2916840e+06   2.4310303e+02
   4.2995510e+06   2.2625732e+02
   4.2995670e+06   3.3203125e+01
   4.3034050e+06   3.5583496e+01
   4.3034920e+06   3.5400391e+01
   4.3035300e+06   3.9855957e+01
   4.3037230e+06   3.5949707e+01
   4.3040810e+06   3.9428711e+01
   4.3220840e+06   2.5653076e+02
   4.3277630e+06   2.6556396e+02
   4.3358800e+06   2.3278809e+02
   4.3426410e+06   3.3856201e+02
   4.3426550e+06   5.5480957e+01
   4.3449580e+06   3.6376953e+02
   4.3478840e+06   3.6749268e+02
   4.3479000e+06   4.2663574e+01
   4.3526460e+06   3.7152100e+02
   4.3593770e+06   3.9300537e+02
   4.3887140e+06   2.6440430e+02
   4.3887280e+06   5.4931641e+01
   4.3937570e+06   2.0062256e+02
   4.3966160e+06   3.7768555e+02
   4.3966310e+06   3.6560059e+01
   4.4004400e+06   3.8635254e+02
   4.4004670e+06   3.3264160e+01
   4.4117790e+06   2.1221924e+02
   4.4118130e+06   3.5583496e+01
   4.4141180e+06   3.9300537e+02
   4.4169480e+06   3.5870361e+02
   4.4265310e+06   3.8079834e+02
   4.4372500e+06   3.2751465e+02
   4.4397590e+06   2.5555420e+02
   4.4425490e+06   3.8488770e+02
   4.4425630e+06   5.2795410e+01
   4.4487440e+06   7.4829102e+01
   4.4722180e+06   2.3553467e+02
   4.4767970e+06   3.6987305e+02
   4.4818280e+06   3.3447266e+01
   4.4904780e+06   2.5823975e+02
   4.4904940e+06   4.0466309e+01
   4.5208490e+06   2.6348877e+02
   4.5340370e+06   2.4798584e+02
   4.5400940e+06   3.7548828e+02
   4.5530430e+06   2.3437500e+02
   4.5530580e+06   4.4006348e+01
   4.5594080e+06   2.6519775e+02
   4.5627930e+06   2.5634766e+02
   4.5628070e+06   4.3518066e+01
   4.5659680e+06   9.4726563e+01
   4.5811040e+06   1.3574219e+02
   4.5862180e+06   3.8159180e+02
   4.5862320e+06   3.8940430e+01
   4.5913950e+06   2.4468994e+02
   4.6016910e+06   2.2467041e+02
   4.6091800e+06   1.1853027e+02
   4.6091920e+06   3.7658691e+01
   4.6106970e+06   2.4145508e+02
   4.6107070e+06   8.7524414e+01
   4.6135600e+06   2.5054932e+02
   4.6178250e+06   3.5412598e+02
   4.6180610e+06   3.9306641e+01
   4.6182310e+06   3.4057617e+01
   4.6183440e+06   3.3691406e+01
   4.6185110e+06   3.9611816e+01
   4.6185510e+06   3.3569336e+01
   4.6187440e+06   3.5766602e+01
   4.6188950e+06   3.7109375e+01
   4.6190380e+06   5.2386475e+02
   4.6191040e+06   3.3996582e+01
   4.6451350e+06   2.5433350e+02
   4.6485850e+06   2.6440430e+02
   4.6542400e+06   2.0013428e+02
   4.6602400e+06   2.3779297e+02
   4.6602540e+06   3.6437988e+01
   4.6622500e+06   2.3620605e+02
   4.6622620e+06   7.1411133e+01
   4.6637090e+06   3.4710693e+02
   4.6652940e+06   3.3325195e+01
   4.6662630e+06   4.0222168e+01
   4.6798710e+06   2.5970459e+02
   4.6829580e+06   3.1347656e+02
   4.6848620e+06   2.5018311e+02
   4.6874510e+06   3.8647461e+02
   4.6903040e+06   2.4768066e+02
   4.6907610e+06   2.3742676e+02
   4.6909100e+06   3.8330078e+01
   4.6915470e+06   3.3142090e+01
   4.7195770e+06   2.6110840e+02
   4.7371120e+06   3.5192871e+02
   4.7540640e+06   3.4057617e+01
   4.7542950e+06   2.5683594e+02
   4.7633260e+06   2.5415039e+02
   4.7813840e+06   3.9538574e+02
   4.7895470e+06   2.1746826e+02
   4.7897940e+06   2.3425293e+02
   4.8245760e+06   3.6743164e+01
   4.8356570e+06   3.3020020e+01
   4.8776140e+06   2.6763916e+02
   4.8776310e+06   3.5156250e+01
   4.8855340e+06   3.8879395e+01
   4.8858090e+06   2.2637939e+02
   4.9020210e+06   3.9782715e+02
   4.9056050e+06   2.6464844e+02
   4.9113890e+06   2.6159668e+02
   4.9333330e+06   2.3309326e+02
   4.9333480e+06   3.4790039e+01
   4.9354040e+06   4.1900635e+02
   4.9472510e+06   2.6544189e+02
   4.9504680e+06   2.3590088e+02
   4.9504820e+06   4.5349121e+01
   4.9545550e+06   2.6245117e+02
   4.9628060e+06   2.1911621e+02
   4.9720740e+06   3.6517334e+02
   4.9756260e+06   2.4389648e+02
   4.9797090e+06   2.4737549e+02
   4.9809610e+06   2.1551514e+02
   4.9866060e+06   3.5937500e+02
   5.0017340e+06   3.4851074e+02
   5.0017490e+06   4.3945313e+01
   5.0042190e+06   3.7896729e+02
   5.0103430e+06   1.9824219e+02
   5.0235970e+06   3.5540771e+02
   5.0331770e+06   2.6281738e+02
   5.0421450e+06   2.4829102e+02
   5.0421590e+06   4.5166016e+01
   5.0433720e+06   1.9769287e+02
   5.0468600e+06   2.2137451e+02
   5.0468700e+06   1.0455322e+02
   5.0492030e+06   3.4423828e+02
   5.0551740e+06   1.1663818e+02
   5.0578290e+06   1.9433594e+02
   5.0749830e+06   2.6116943e+02
   5.0770640e+06   2.5006104e+02
   5.0818600e+06   2.4438477e+02
   5.0903610e+06   2.6507568e+02
   5.0964320e+06   3.3752441e+01
   5.1215690e+06   2.3486328e+02
   5.1242000e+06   2.3547363e+02
   5.1242130e+06   3.9428711e+01
   5.1415010e+06   3.1976318e+02
   5.1447440e+06   2.5238037e+02
   5.1508410e+06   3.5559082e+02
   5.1538020e+06   2.4682617e+02
   5.1672020e+06   2.6275635e+02
   5.1720440e+06   2.1362305e+02
   5.1741840e+06   3.3874512e+01
   5.1742870e+06   3.7481689e+02
   5.1752290e+06   3.3508301e+01
   5.1756570e+06   2.4523926e+02
   5.1756710e+06   3.6315918e+01
   5.2049010e+06   2.2760010e+02
   5.2086200e+06   3.7200928e+02
   5.2095410e+06   4.5715332e+01
   5.2589780e+06   2.2900391e+02
   5.2589880e+06   1.1315918e+02
   5.2603720e+06   2.6092529e+02
   5.2770790e+06   2.5634766e+02
   5.2770890e+06   1.0784912e+02
   5.2824280e+06   2.2521973e+02
   5.2852360e+06   2.2235107e+02
   5.2852460e+06   1.0546875e+02
   5.2898840e+06   2.2088623e+02
   5.2923150e+06   3.2641602e+02
   5.2953930e+06   2.5213623e+02
   5.3002710e+06   3.5070801e+02
   5.3025620e+06   2.2973633e+02
   5.3025780e+06   3.3508301e+01
   5.3051400e+06   3.2806396e+02
   5.3086860e+06   1.8902588e+02
   5.3127130e+06   2.2088623e+02
   5.3127450e+06   3.3508301e+01
   5.3144940e+06   3.3935547e+01
   5.3152520e+06   3.3203125e+01
   5.3155250e+06   3.4362793e+01
   5.3572660e+06   2.6977539e+02
   5.3625620e+06   3.3465576e+02
   5.3625750e+06   3.8635254e+01
   5.3660610e+06   2.6110840e+02
   5.3684430e+06   2.4145508e+02
   5.3684570e+06   4.9255371e+01
   5.3742520e+06   2.9632568e+02
   5.3742620e+06   9.0148926e+01
   5.3763730e+06   2.5390625e+02
   5.3763880e+06   3.4790039e+01
   5.3822260e+06   3.8177490e+02
   5.3822410e+06   3.6682129e+01
   5.3883230e+06   2.6123047e+02
   5.3924110e+06   3.3691406e+01
   5.3924730e+06   3.3508301e+01
   5.3926810e+06   3.3386230e+01
   5.4321620e+06   3.9758301e+02
   5.4394010e+06   2.8814697e+02
   5.4516410e+06   2.5964355e+02
   5.4576130e+06   2.0489502e+02
   5.4668060e+06   3.2598877e+02
   5.4777330e+06   3.2818604e+02
   5.4834120e+06   3.9245605e+02
   5.4834220e+06   1.1944580e+02
   5.4870660e+06   3.8757324e+01
   5.4876850e+06   3.9001465e+01
   5.5136960e+06   2.4505615e+02
   5.5366050e+06   4.5837402e+01
   5.5585130e+06   3.7719727e+02
   5.5654330e+06   4.2297363e+01
   5.6250080e+06   2.6208496e+02
   5.6421750e+06   2.3339844e+02
   5.6703980e+06   2.1398926e+02
   5.6729460e+06   2.3742676e+02
   5.6754540e+06   3.2641602e+02
   5.6792460e+06   2.6354980e+02
   5.6792610e+06   4.3640137e+01
   5.6858420e+06   2.6263428e+02
   5.6883860e+06   3.5217285e+01
   5.7043760e+06   2.5250244e+02
   5.7090370e+06   3.8049316e+02
   5.7166670e+06   2.3950195e+02
   5.7199850e+06   2.5512695e+02
   5.7359430e+06   3.2122803e+02
   5.7466260e+06   2.7288818e+02
   5.7531030e+06   3.8818359e+02
   5.7559540e+06   3.3868408e+02
   5.7614150e+06   2.1380615e+02
   5.7773150e+06   3.9617920e+02
   5.7776300e+06   3.3447266e+01
   5.7777480e+06   3.7719727e+01
   5.7777990e+06   3.3264160e+01
   5.7779770e+06   3.3386230e+01
   5.7780620e+06   3.3264160e+01
   5.7781400e+06   3.7414551e+01
   5.7783400e+06   3.8446045e+02
   5.7783550e+06   4.6325684e+01
   5.7992710e+06   3.7298584e+02
   5.8046750e+06   3.2855225e+02
   5.8087610e+06   3.4826660e+02
   5.8117440e+06   2.5134277e+02
   5.8135810e+06   2.4749756e+02
   5.8177710e+06   2.3803711e+02
   5.8204800e+06   3.6590576e+02
   5.8204970e+06   3.3264160e+01
   5.8209660e+06   3.7536621e+01
   5.8467200e+06   3.5034180e+01
   5.8469270e+06   2.1252441e+02
   5.8469440e+06   4.0283203e+01
   5.8471840e+06   3.8269043e+01
   5.8476340e+06   3.2958984e+01
   5.8476610e+06   3.8024902e+01
   5.8770180e+06   2.3718262e+02
   5.8940210e+06   3.5180664e+02
   5.8961130e+06   2.5183105e+02
   5.8961290e+06   3.5278320e+01
   5.8988170e+06   3.4545898e+01
   5.9198710e+06   3.5675049e+02
   5.9221870e+06   3.4118652e+01
   5.9222330e+06   3.4545898e+01
   5.9226470e+06   4.7045898e+02
   5.9228280e+06   5.0744629e+02
   5.9228850e+06   3.3996582e+01
   5.9230640e+06   5.0732422e+02
   5.9231050e+06   3.5949707e+01
   5.9232470e+06   4.8199463e+02
   5.9232630e+06   3.9855957e+01
   5.9233800e+06   4.2907715e+02
   5.9238050e+06   4.1186523e+02
   5.9238170e+06   8.0078125e+01
   5.9586710e+06   3.1414795e+02
   5.9622610e+06   2.0532227e+02
   5.9622770e+06   4.0222168e+01
   5.9649190e+06   2.0782471e+02
   5.9649330e+06   4.2175293e+01
   5.9668760e+06   2.4389648e+02
   5.9668900e+06   4.3395996e+01
   5.9693560e+06   2.2979736e+02
   5.9693730e+06   3.8635254e+01
   5.9730570e+06   1.6699219e+02
   5.9753330e+06   1.9702148e+02
   5.9781960e+06   2.5384521e+02
   5.9796310e+06   3.5272217e+02
   5.9813830e+06   2.2174072e+02
   5.9838490e+06   3.3630371e+01
   5.9933450e+06   2.5067139e+02
   5.9957010e+06   2.3107910e+02
