   5.9980000e+06   0.0000000e+00
   4.5100000e+02   3.2653809e+01
   1.9402000e+04   3.0334473e+01
   3.5758000e+04   3.1250000e+01
   3.5960000e+04   3.1250000e+01
   3.6203000e+04   3.8452148e+01
   5.6060000e+04   3.1860352e+01
   5.6516000e+04   3.0639648e+01
   7.6416000e+04   3.0273438e+01
   7.6611000e+04   3.1005859e+01
   7.6712000e+04   3.7414551e+01
   7.7070000e+04   3.0212402e+01
   1.1942100e+05   3.0273438e+01
   1.1955700e+05   3.5339355e+01
   1.1963000e+05   3.0395508e+01
   1.1999900e+05   3.9184570e+01
   1.6573200e+05   3.2653809e+01
   1.7205200e+05   3.1799316e+01
   1.7248700e+05   3.0395508e+01
   1.7283400e+05   3.5705566e+01
   2.2172200e+05   3.2287598e+01
   2.2177300e+05   2.9785156e+01
   2.2185600e+05   4.1870117e+01
   2.2187000e+05   3.3325195e+01
   2.2194500e+05   3.0944824e+01
   2.2199800e+05   3.5095215e+01
   2.2204500e+05   4.2968750e+01
   2.2207300e+05   3.0090332e+01
   2.2209500e+05   3.2592773e+01
   2.2212300e+05   3.4423828e+01
   2.2215500e+05   3.0517578e+01
   2.2219600e+05   6.1035156e+01
   2.2226600e+05   3.0822754e+01
   2.2229600e+05   4.1625977e+01
   2.2231000e+05   4.1015625e+01
   2.2232200e+05   3.3569336e+01
   2.2239200e+05   4.9316406e+01
   2.2241600e+05   3.2470703e+01
   2.2242700e+05   3.3020020e+01
   2.2246200e+05   2.9785156e+01
   2.2251000e+05   3.2409668e+01
   2.2253700e+05   3.1677246e+01
   2.2255200e+05   3.3630371e+01
   2.2257900e+05   4.6081543e+01
   2.2260400e+05   3.7414551e+01
   2.2263400e+05   3.1982422e+01
   2.2265000e+05   3.3203125e+01
   2.2267200e+05   3.2714844e+01
   2.2269800e+05   3.3874512e+01
   2.2271200e+05   3.1127930e+01
   2.2276400e+05   3.4362793e+01
   2.2280200e+05   4.3151855e+01
   2.2288000e+05   3.3874512e+01
   2.2289800e+05   3.0090332e+01
   2.2310400e+05   3.1127930e+01
   2.2315000e+05   3.3325195e+01
   2.2319900e+05   3.8330078e+01
   2.2332500e+05   3.2104492e+01
   2.2336500e+05   3.3813477e+01
   2.2340600e+05   3.8269043e+01
   2.2352400e+05   3.5217285e+01
   2.2361800e+05   3.2409668e+01
   2.2374800e+05   3.4118652e+01
   2.2416900e+05   2.9846191e+01
   2.2437700e+05   3.4423828e+01
   2.2443100e+05   3.7353516e+01
   2.2538200e+05   3.0822754e+01
   2.2818400e+05   3.2897949e+01
   2.2932500e+05   3.7841797e+01
   2.4014800e+05   3.4118652e+01
   2.4630400e+05   3.8757324e+01
   2.5911100e+05   4.3823242e+01
   2.7699300e+05   3.3935547e+01
   2.7856200e+05   3.2653809e+01
   2.7889100e+05   4.0527344e+01
   3.0600800e+05   3.0334473e+01
   3.0614600e+05   3.8085938e+01
   3.0620000e+05   3.0151367e+01
   3.0626900e+05   3.0578613e+01
   3.0642300e+05   3.7231445e+01
   3.0723200e+05   3.7597656e+01
   3.0725600e+05   3.5034180e+01
   3.0743800e+05   3.1127930e+01
   3.0754800e+05   3.2531738e+01
   3.0771000e+05   4.0405273e+01
   3.0792400e+05   3.1616211e+01
   3.1967500e+05   3.0273438e+01
   3.2032500e+05   3.5827637e+01
   3.3233300e+05   3.0517578e+01
   3.4739100e+05   3.5400391e+01
   3.4747200e+05   4.0649414e+01
   3.4753700e+05   4.2785645e+01
   3.4771400e+05   3.8940430e+01
   3.4774800e+05   4.5471191e+01
   3.4779100e+05   3.1616211e+01
   3.4780300e+05   4.8828125e+01
   3.4784200e+05   3.7048340e+01
   3.4790400e+05   4.2846680e+01
   3.4793600e+05   3.2348633e+01
   3.4798400e+05   3.5095215e+01
   3.4805600e+05   3.0883789e+01
   3.4806800e+05   3.1738281e+01
   3.4809800e+05   3.9916992e+01
   3.4815900e+05   3.0761719e+01
   3.4818900e+05   5.6152344e+01
   3.4823200e+05   4.5104980e+01
   3.4825100e+05   3.4973145e+01
   3.4827800e+05   3.2775879e+01
   3.4831500e+05   3.6804199e+01
   3.4833500e+05   3.0212402e+01
   3.4836600e+05   5.1696777e+01
   3.4838200e+05   3.2104492e+01
   3.4843000e+05   3.4667969e+01
   3.4846200e+05   3.5644531e+01
   3.4848700e+05   3.5583496e+01
   3.4852100e+05   3.0395508e+01
   3.4860800e+05   3.0212402e+01
   3.4863200e+05   4.7485352e+01
   3.4864200e+05   3.5583496e+01
   3.4874900e+05   3.2836914e+01
   3.4884100e+05   3.3203125e+01
   3.4887200e+05   3.0517578e+01
   3.4934300e+05   3.0273438e+01
   3.7027000e+05   4.1625977e+01
   3.9307000e+05   3.0456543e+01
   3.9722000e+05   3.0517578e+01
   3.9725000e+05   3.6071777e+01
   3.9729000e+05   3.3203125e+01
   3.9732600e+05   3.6499023e+01
   3.9735600e+05   3.5034180e+01
   3.9739100e+05   5.9204102e+01
   3.9742100e+05   3.0822754e+01
   3.9745600e+05   3.1738281e+01
   3.9751000e+05   3.2592773e+01
   3.9753100e+05   3.1372070e+01
   3.9755900e+05   3.3508301e+01
   3.9758300e+05   3.3508301e+01
   3.9762100e+05   4.5288086e+01
   3.9764800e+05   4.0161133e+01
   3.9767800e+05   4.2297363e+01
   3.9771700e+05   3.1311035e+01
   3.9773000e+05   4.6569824e+01
   3.9774900e+05   3.6193848e+01
   3.9777300e+05   3.6499023e+01
   3.9780700e+05   4.0832520e+01
   3.9784000e+05   4.1992188e+01
   3.9786500e+05   3.3752441e+01
   3.9787900e+05   3.0151367e+01
   3.9790000e+05   3.1433105e+01
   3.9794300e+05   3.3142090e+01
   3.9798300e+05   3.0334473e+01
   3.9801400e+05   3.0151367e+01
   3.9804100e+05   3.8879395e+01
   3.9807100e+05   3.1066895e+01
   3.9808400e+05   3.1860352e+01
   3.9811400e+05   3.3447266e+01
   3.9816400e+05   3.3325195e+01
   3.9818800e+05   3.9978027e+01
   3.9820700e+05   4.0283203e+01
   3.9823000e+05   3.6071777e+01
   3.9825200e+05   2.9846191e+01
   3.9834300e+05   3.2897949e+01
   3.9836000e+05   3.0883789e+01
   3.9842000e+05   3.1066895e+01
   3.9849000e+05   2.9968262e+01
   3.9850100e+05   3.7353516e+01
   3.9852700e+05   3.7841797e+01
   3.9863600e+05   3.9550781e+01
   3.9875000e+05   3.1738281e+01
   3.9880000e+05   3.1066895e+01
   3.9891000e+05   3.2287598e+01
   3.9893000e+05   3.2592773e+01
   3.9895000e+05   3.0334473e+01
   3.9899900e+05   3.1372070e+01
   3.9904600e+05   3.6560059e+01
   3.9942200e+05   3.7841797e+01
   3.9974800e+05   3.1250000e+01
   3.9979800e+05   2.9785156e+01
   4.0104200e+05   3.1188965e+01
   4.1942300e+05   3.7109375e+01
   4.2426700e+05   3.5888672e+01
   4.2999300e+05   3.7414551e+01
   4.3138600e+05   3.3996582e+01
   4.3142700e+05   3.1982422e+01
   4.3146200e+05   3.0761719e+01
   4.3150000e+05   3.4606934e+01
   4.3152100e+05   4.1198730e+01
   4.3153400e+05   4.7912598e+01
   4.3157500e+05   3.3752441e+01
   4.3160700e+05   3.0700684e+01
   4.3162400e+05   3.0029297e+01
   4.3166100e+05   3.1799316e+01
   4.3167900e+05   3.2348633e+01
   4.3171100e+05   3.4729004e+01
   4.3173700e+05   3.2348633e+01
   4.3177800e+05   3.4545898e+01
   4.3180900e+05   3.0822754e+01
   4.3188500e+05   3.1494141e+01
   4.3192100e+05   3.1982422e+01
   4.3193400e+05   3.8208008e+01
   4.3195200e+05   3.5949707e+01
   4.3197900e+05   3.9489746e+01
   4.3201400e+05   3.1921387e+01
   4.3204100e+05   3.2653809e+01
   4.3205400e+05   5.7983398e+01
   4.3209100e+05   3.0944824e+01
   4.3217800e+05   3.3020020e+01
   4.3221000e+05   3.1799316e+01
   4.3229000e+05   3.5400391e+01
   4.3240900e+05   3.4545898e+01
   4.3245000e+05   3.7841797e+01
   4.3269600e+05   3.5888672e+01
   4.5825500e+05   3.1860352e+01
   4.5832800e+05   3.3752441e+01
   4.5836200e+05   5.9387207e+01
   4.5838300e+05   4.0527344e+01
   4.5841300e+05   4.0222168e+01
   4.5844900e+05   3.3264160e+01
   4.5848700e+05   3.0517578e+01
   4.5851400e+05   4.4006348e+01
   4.5852700e+05   3.3874512e+01
   4.5853800e+05   3.4301758e+01
   4.5855200e+05   3.3386230e+01
   4.5858000e+05   3.1738281e+01
   4.5859400e+05   3.0456543e+01
   4.5862500e+05   3.8757324e+01
   4.5864100e+05   3.1799316e+01
   4.5866500e+05   2.9907227e+01
   4.5869200e+05   5.6823730e+01
   4.5870300e+05   4.3395996e+01
   4.5873900e+05   3.1250000e+01
   4.5876600e+05   3.0944824e+01
   4.5880100e+05   3.7231445e+01
   4.5882000e+05   3.3508301e+01
   4.5884300e+05   4.1503906e+01
   4.5885600e+05   3.5644531e+01
   4.5894600e+05   3.6499023e+01
   4.5896000e+05   3.5156250e+01
   4.5898300e+05   3.0090332e+01
   4.5901900e+05   4.3579102e+01
   4.5912400e+05   3.0517578e+01
   4.5913500e+05   4.1503906e+01
   4.5916300e+05   2.9907227e+01
   4.5930300e+05   2.9846191e+01
   4.5935400e+05   3.2592773e+01
   4.5939600e+05   3.1921387e+01
   4.5944900e+05   3.3508301e+01
   4.5950300e+05   2.9724121e+01
   4.5980600e+05   3.4790039e+01
   4.6097800e+05   3.0090332e+01
   4.7415400e+05   3.0334473e+01
   4.7465200e+05   3.3813477e+01
   4.8569400e+05   3.3752441e+01
   4.8578300e+05   2.9907227e+01
   4.8580900e+05   3.9123535e+01
   4.8583200e+05   3.1127930e+01
   4.8585500e+05   3.6437988e+01
   4.8588700e+05   5.1086426e+01
   4.8592100e+05   3.0700684e+01
   4.8600500e+05   3.2226563e+01
   4.8607200e+05   4.5654297e+01
   4.8613500e+05   3.6010742e+01
   4.8617800e+05   3.2409668e+01
   4.8619600e+05   3.0517578e+01
   4.8624100e+05   3.9001465e+01
   4.8626300e+05   2.9968262e+01
   4.8629000e+05   4.1809082e+01
   4.8639900e+05   3.2165527e+01
   4.8643600e+05   3.6254883e+01
   4.8647000e+05   3.0395508e+01
   4.8651000e+05   4.3395996e+01
   4.8655200e+05   3.6560059e+01
   4.8659500e+05   3.0395508e+01
   4.8668500e+05   3.4423828e+01
   4.8673300e+05   3.4729004e+01
   4.8676100e+05   3.0517578e+01
   4.8683100e+05   3.0517578e+01
   4.8701500e+05   3.3386230e+01
   4.8704100e+05   2.9968262e+01
   4.8711800e+05   3.8330078e+01
   4.8715900e+05   3.3447266e+01
   4.8768500e+05   3.0822754e+01
   5.0201500e+05   3.0212402e+01
   5.0210000e+05   3.0517578e+01
   5.0213300e+05   4.7668457e+01
   5.0236100e+05   3.1372070e+01
   5.1487200e+05   3.3691406e+01
   5.1490400e+05   2.9846191e+01
   5.1502700e+05   5.0659180e+01
   5.1504300e+05   3.6376953e+01
   5.1523800e+05   3.2287598e+01
   5.1530100e+05   3.5339355e+01
   5.1536400e+05   4.6264648e+01
   5.1538200e+05   3.1433105e+01
   5.1542200e+05   3.2409668e+01
   5.1545000e+05   3.2226563e+01
   5.1546600e+05   3.6560059e+01
   5.1549700e+05   3.0456543e+01
   5.1554400e+05   3.3081055e+01
   5.1562500e+05   3.4790039e+01
   5.1564300e+05   3.9794922e+01
   5.1569800e+05   3.4729004e+01
   5.1577000e+05   3.1799316e+01
   5.1582000e+05   3.1555176e+01
   5.1587000e+05   3.8085938e+01
   5.1588700e+05   3.4240723e+01
   5.1593000e+05   2.9846191e+01
   5.1599800e+05   3.9978027e+01
   5.1612800e+05   3.1738281e+01
   5.1624700e+05   3.3142090e+01
   5.1707500e+05   3.3142090e+01
   5.3169500e+05   3.0517578e+01
   5.3196900e+05   3.0273438e+01
   5.3203900e+05   3.0517578e+01
   5.3205800e+05   3.0395508e+01
   5.3208200e+05   3.0273438e+01
   5.3211000e+05   3.1860352e+01
   5.3213600e+05   3.3264160e+01
   5.3218100e+05   3.0212402e+01
   5.3225900e+05   3.2409668e+01
   5.3229800e+05   3.3874512e+01
   5.3232100e+05   3.1250000e+01
   5.3248500e+05   4.7302246e+01
   5.3261600e+05   3.2592773e+01
   5.3270600e+05   4.0039063e+01
   5.5335600e+05   3.1555176e+01
   5.5342200e+05   3.1555176e+01
   5.5343400e+05   3.9733887e+01
   5.5346800e+05   5.5908203e+01
   5.5351100e+05   3.4362793e+01
   5.5353100e+05   4.6813965e+01
   5.5355900e+05   3.4118652e+01
   5.5359600e+05   5.3894043e+01
   5.5364200e+05   4.0283203e+01
   5.5366900e+05   3.1677246e+01
   5.5368900e+05   4.0771484e+01
   5.5372100e+05   3.2592773e+01
   5.5374300e+05   3.3447266e+01
   5.5380600e+05   6.3659668e+01
   5.5386800e+05   4.1625977e+01
   5.5389600e+05   3.8085938e+01
   5.5390700e+05   4.6508789e+01
   5.5395200e+05   3.0395508e+01
   5.5398700e+05   3.9428711e+01
   5.5400400e+05   3.4667969e+01
   5.5404500e+05   3.4423828e+01
   5.5406800e+05   3.1250000e+01
   5.5411200e+05   3.9062500e+01
   5.5414600e+05   3.0456543e+01
   5.5424400e+05   3.3020020e+01
   5.5427000e+05   3.2592773e+01
   5.5435900e+05   3.2348633e+01
   5.5439100e+05   3.8818359e+01
   5.5443300e+05   2.9968262e+01
   5.5446500e+05   3.3691406e+01
   5.5455700e+05   3.3996582e+01
   5.5465500e+05   4.2846680e+01
   5.5491700e+05   3.6682129e+01
   5.5497100e+05   3.0639648e+01
   5.5504900e+05   3.1066895e+01
   5.5508100e+05   3.4790039e+01
   5.5529300e+05   3.5339355e+01
   5.5534000e+05   3.1921387e+01
   5.5556200e+05   3.3325195e+01
   5.5601300e+05   3.3264160e+01
   5.6827800e+05   3.1738281e+01
   5.6857300e+05   4.7363281e+01
   5.7932200e+05   3.4423828e+01
   5.7935500e+05   3.2287598e+01
   5.7952200e+05   3.5949707e+01
   5.7955300e+05   3.1311035e+01
   5.7958800e+05   3.2043457e+01
   5.7961900e+05   3.4118652e+01
   5.7966700e+05   3.0273438e+01
   5.7983600e+05   3.0700684e+01
   5.7985100e+05   4.8217773e+01
   5.7993500e+05   3.4606934e+01
   5.8000000e+05   3.0334473e+01
   5.8033000e+05   3.4240723e+01
   5.9220400e+05   4.2114258e+01
   5.9232800e+05   3.3935547e+01
   5.9234000e+05   3.1066895e+01
   5.9238600e+05   3.1982422e+01
   5.9249900e+05   3.1311035e+01
   5.9259600e+05   3.0761719e+01
   5.9262500e+05   3.6987305e+01
   6.0829900e+05   3.2348633e+01
   6.0833400e+05   3.0517578e+01
   6.0837900e+05   3.0273438e+01
   6.0840300e+05   3.0151367e+01
   6.0841500e+05   4.6020508e+01
   6.0843500e+05   4.2785645e+01
   6.0850800e+05   3.2653809e+01
   6.0853200e+05   3.6743164e+01
   6.0856100e+05   3.5461426e+01
   6.0863200e+05   3.6804199e+01
   6.0866400e+05   4.1687012e+01
   6.0870200e+05   3.4606934e+01
   6.0880700e+05   3.7048340e+01
   6.0885500e+05   3.3142090e+01
   6.0887600e+05   4.4067383e+01
   6.0893600e+05   3.5461426e+01
   6.0898100e+05   3.0578613e+01
   6.0899300e+05   3.6804199e+01
   6.0902900e+05   3.9367676e+01
   6.0919300e+05   3.5766602e+01
   6.0941000e+05   3.2531738e+01
   6.0985600e+05   3.5949707e+01
   6.2962100e+05   3.0456543e+01
   6.2982000e+05   3.0273438e+01
   6.2987000e+05   3.9367676e+01
   6.2989700e+05   2.9724121e+01
   6.2991300e+05   3.0456543e+01
   6.2993200e+05   3.3386230e+01
   6.3000000e+05   3.5156250e+01
   6.3002900e+05   3.5888672e+01
   6.3005200e+05   3.9550781e+01
   6.3006900e+05   4.4494629e+01
   6.3008200e+05   3.2287598e+01
   6.3010600e+05   3.1677246e+01
   6.3012900e+05   3.1555176e+01
   6.3014500e+05   3.6193848e+01
   6.3015900e+05   2.9785156e+01
   6.3022500e+05   3.1188965e+01
   6.3024300e+05   2.9968262e+01
   6.3026800e+05   4.2785645e+01
   6.3029400e+05   4.1625977e+01
   6.3031600e+05   2.9724121e+01
   6.3033900e+05   3.6132813e+01
   6.3035400e+05   4.8889160e+01
   6.3038700e+05   3.4057617e+01
   6.3044900e+05   4.2053223e+01
   6.3057900e+05   3.4484863e+01
   6.3065700e+05   3.6621094e+01
   6.3070700e+05   3.3081055e+01
   6.3074400e+05   2.9724121e+01
   6.3089000e+05   3.9672852e+01
   6.3092300e+05   3.1799316e+01
   6.4818500e+05   3.1677246e+01
   6.4821100e+05   3.1433105e+01
   6.4825700e+05   4.0039063e+01
   6.4827900e+05   4.0100098e+01
   6.4831200e+05   3.0395508e+01
   6.4835100e+05   3.4057617e+01
   6.4838800e+05   3.0151367e+01
   6.4842300e+05   4.5349121e+01
   6.4845400e+05   4.4616699e+01
   6.4853400e+05   3.6010742e+01
   6.4864700e+05   2.9907227e+01
   6.4866700e+05   3.9428711e+01
   6.4874400e+05   3.2897949e+01
   6.4890000e+05   4.1259766e+01
   6.4891600e+05   3.5888672e+01
   6.4909500e+05   4.2358398e+01
   6.4921800e+05   2.9846191e+01
   6.4928100e+05   3.8208008e+01
   6.7120900e+05   3.9978027e+01
   6.7131700e+05   3.2653809e+01
   6.7138200e+05   3.0273438e+01
   6.7139400e+05   4.0954590e+01
   6.7164400e+05   3.2714844e+01
   6.7166800e+05   2.9724121e+01
   6.7193200e+05   3.0029297e+01
   6.7195700e+05   3.2897949e+01
   6.7199000e+05   3.8574219e+01
   6.7200600e+05   3.9184570e+01
   6.7204700e+05   3.0517578e+01
   6.7245300e+05   3.2897949e+01
   6.9331200e+05   3.5522461e+01
   6.9366300e+05   4.5837402e+01
   6.9404400e+05   3.2043457e+01
   6.9406700e+05   3.4851074e+01
   6.9421100e+05   3.3508301e+01
   6.9424400e+05   3.0395508e+01
   6.9477700e+05   4.2053223e+01
   7.1996600e+05   2.9846191e+01
   7.2012900e+05   3.1188965e+01
   7.2017000e+05   3.3142090e+01
   7.2020600e+05   3.2409668e+01
   7.2024400e+05   3.7231445e+01
   7.2025600e+05   4.2663574e+01
   7.2029600e+05   3.1494141e+01
   7.2033500e+05   3.4362793e+01
   7.2038200e+05   2.9785156e+01
   7.2042000e+05   3.2409668e+01
   7.2048600e+05   3.6132813e+01
   7.2051200e+05   3.2409668e+01
   7.2058000e+05   3.1616211e+01
   7.2062100e+05   4.0893555e+01
   7.2065700e+05   3.4240723e+01
   7.2068500e+05   3.1921387e+01
   7.2070700e+05   2.9968262e+01
   7.2081600e+05   3.3813477e+01
   7.2089800e+05   3.3325195e+01
   7.2098600e+05   3.0578613e+01
   7.2100900e+05   2.9846191e+01
   7.2109900e+05   3.1494141e+01
   7.4837700e+05   3.3020020e+01
   7.4841700e+05   3.2653809e+01
   7.4845800e+05   3.4790039e+01
   7.4855000e+05   3.3203125e+01
   7.6861300e+05   3.0334473e+01
   7.9381400e+05   2.9968262e+01
   7.9406900e+05   3.5217285e+01
   8.1075000e+05   3.3996582e+01
   8.7066500e+05   3.6071777e+01
   8.8193600e+05   3.3508301e+01
   9.2697600e+05   3.2043457e+01
   9.3011900e+05   3.0761719e+01
   9.3749900e+05   3.0273438e+01
   9.5820500e+05   3.0090332e+01
   9.9155700e+05   3.2348633e+01
   9.9839100e+05   3.1616211e+01
   1.0009880e+06   3.0273437e+01
   1.0292540e+06   3.8574219e+01
   1.0592790e+06   2.9724121e+01
   1.1095460e+06   3.5827637e+01
   1.1125810e+06   3.1005859e+01
   1.1144630e+06   3.1677246e+01
   1.1211180e+06   3.2165527e+01
   1.1797770e+06   2.9785156e+01
   1.2346990e+06   3.0578613e+01
   1.2347860e+06   3.1433105e+01
   1.2347970e+06   2.9846191e+01
   1.2348770e+06   3.1066895e+01
   1.2350170e+06   4.6020508e+01
   1.2351450e+06   3.3691406e+01
   1.2351810e+06   6.1584473e+01
   1.2352070e+06   3.1127930e+01
   1.2352230e+06   3.2287598e+01
   1.2352600e+06   4.5349121e+01
   1.2352750e+06   3.1250000e+01
   1.2353290e+06   4.7912598e+01
   1.2353510e+06   3.7048340e+01
   1.2353810e+06   3.8269043e+01
   1.2353970e+06   4.3762207e+01
   1.2354390e+06   3.2409668e+01
   1.2354910e+06   3.9367676e+01
   1.2356100e+06   3.8269043e+01
   1.2356210e+06   3.9428711e+01
   1.2356610e+06   3.0090332e+01
   1.2357330e+06   3.6437988e+01
   1.2357560e+06   3.1311035e+01
   1.2357850e+06   3.0761719e+01
   1.2358230e+06   3.7719727e+01
   1.2358400e+06   3.1494141e+01
   1.2358520e+06   3.8024902e+01
   1.2359300e+06   3.5461426e+01
   1.2359680e+06   4.0405273e+01
   1.2360160e+06   3.1188965e+01
   1.2360840e+06   3.0883789e+01
   1.2361630e+06   2.9724121e+01
   1.2361900e+06   3.2897949e+01
   1.2363280e+06   4.1503906e+01
   1.2364190e+06   3.5339355e+01
   1.2364350e+06   3.3996582e+01
   1.2484990e+06   3.5644531e+01
   1.2519720e+06   3.5156250e+01
   1.2569270e+06   3.2775879e+01
   1.2598700e+06   3.1005859e+01
   1.2642820e+06   3.2958984e+01
   1.2849810e+06   3.2104492e+01
   1.3003120e+06   3.4484863e+01
   1.3062530e+06   3.0334473e+01
   1.3063300e+06   4.8461914e+01
   1.3064050e+06   3.4240723e+01
   1.3200850e+06   2.9968262e+01
   1.3204730e+06   2.9846191e+01
   1.3207380e+06   3.5095215e+01
   1.3208450e+06   3.3264160e+01
   1.3209860e+06   3.1433105e+01
   1.3417650e+06   3.1127930e+01
   1.3421310e+06   4.7729492e+01
   1.3753410e+06   3.4912109e+01
   1.3755100e+06   3.0517578e+01
   1.3755240e+06   3.6254883e+01
   1.3759240e+06   4.4311523e+01
   1.3953140e+06   3.0517578e+01
   1.3954900e+06   3.2531738e+01
   1.4143630e+06   3.0273438e+01
   1.4149920e+06   3.3691406e+01
   1.4150250e+06   3.3508301e+01
   1.4150370e+06   4.7241211e+01
   1.4511950e+06   4.2236328e+01
   1.4783150e+06   3.2226563e+01
   1.5116610e+06   3.3874512e+01
   1.5120260e+06   4.8278809e+01
   1.5128670e+06   3.9794922e+01
   1.5135420e+06   3.2165527e+01
   1.5142960e+06   3.0883789e+01
   1.5669920e+06   3.2226563e+01
   1.6083020e+06   3.2897949e+01
   1.6530290e+06   2.9724121e+01
   1.6566050e+06   3.0517578e+01
   1.6924040e+06   3.0639648e+01
   1.7155350e+06   3.1982422e+01
   1.7204620e+06   3.1311035e+01
   1.7624220e+06   3.0761719e+01
   1.7662290e+06   3.0578613e+01
   1.7665020e+06   2.9785156e+01
   1.7712430e+06   3.2348633e+01
   1.8095050e+06   3.4790039e+01
   1.8095970e+06   3.6376953e+01
   1.8099270e+06   3.3935547e+01
   1.8108770e+06   3.0578613e+01
   1.8561340e+06   3.1555176e+01
   1.8737580e+06   2.9907227e+01
   1.8895750e+06   3.5278320e+01
   1.8902560e+06   4.0466309e+01
   1.9265980e+06   3.4362793e+01
   1.9267910e+06   3.0883789e+01
   1.9282520e+06   3.9245605e+01
   1.9680230e+06   3.8208008e+01
   1.9680820e+06   3.0883789e+01
   1.9683490e+06   3.1494141e+01
   1.9817850e+06   3.2958984e+01
   2.0031590e+06   3.6865234e+01
   2.0040310e+06   3.8391113e+01
   2.0504140e+06   3.4912109e+01
   2.0604000e+06   3.1555176e+01
   2.0608850e+06   3.1005859e+01
   2.0611710e+06   5.0170898e+01
   2.0612280e+06   3.3447266e+01
   2.0613270e+06   2.9785156e+01
   2.0615740e+06   3.0639648e+01
   2.0615980e+06   3.2287598e+01
   2.0617640e+06   3.9306641e+01
   2.0619450e+06   3.1005859e+01
   2.0619750e+06   3.4790039e+01
   2.0621480e+06   3.9306641e+01
   2.0622140e+06   3.7353516e+01
   2.0624300e+06   2.9724121e+01
   2.0624590e+06   4.1503906e+01
   2.0625700e+06   5.9204102e+01
   2.0626460e+06   3.0578613e+01
   2.0939040e+06   3.4301758e+01
   2.0939490e+06   3.5522461e+01
   2.0939610e+06   3.2653809e+01
   2.0940040e+06   3.0395508e+01
   2.0940870e+06   3.0578613e+01
   2.0941660e+06   3.2409668e+01
   2.0942120e+06   2.9724121e+01
   2.0942480e+06   4.7546387e+01
   2.0943240e+06   3.7658691e+01
   2.0943430e+06   3.3325195e+01
   2.0943710e+06   4.2785645e+01
   2.0944040e+06   3.5827637e+01
   2.0944530e+06   3.9489746e+01
   2.0944730e+06   3.3569336e+01
   2.0945040e+06   3.1066895e+01
   2.0945360e+06   3.3142090e+01
   2.0946570e+06   4.6630859e+01
   2.0946880e+06   3.7963867e+01
   2.0947090e+06   3.7414551e+01
   2.0947280e+06   3.1738281e+01
   2.0947460e+06   3.4545898e+01
   2.0948200e+06   3.3264160e+01
   2.0949080e+06   3.1188965e+01
   2.0949280e+06   3.0639648e+01
   2.0949930e+06   3.2531738e+01
   2.0950350e+06   3.0822754e+01
   2.0950800e+06   3.0761719e+01
   2.0951800e+06   4.5776367e+01
   2.0952460e+06   3.7170410e+01
   2.0954060e+06   3.1555176e+01
   2.0958850e+06   3.0456543e+01
   2.1104830e+06   4.0283203e+01
   2.1142170e+06   3.5644531e+01
   2.1209170e+06   4.0710449e+01
   2.1247430e+06   3.0639648e+01
   2.1250110e+06   3.0517578e+01
   2.1250250e+06   3.0273438e+01
   2.1253980e+06   3.5766602e+01
   2.1256220e+06   3.1799316e+01
   2.1259410e+06   3.3386230e+01
   2.1305560e+06   3.0029297e+01
   2.1437110e+06   2.9724121e+01
   2.1441080e+06   3.9855957e+01
   2.1552230e+06   3.0456543e+01
   2.1554360e+06   3.3386230e+01
   2.1555100e+06   3.2226563e+01
   2.1555780e+06   3.9245605e+01
   2.1557270e+06   4.4189453e+01
   2.1557410e+06   3.2836914e+01
   2.1557710e+06   3.9428711e+01
   2.1558010e+06   4.3273926e+01
   2.1558560e+06   3.0273438e+01
   2.1558740e+06   3.9916992e+01
   2.1559490e+06   3.1433105e+01
   2.1559880e+06   3.5522461e+01
   2.1560130e+06   2.9907227e+01
   2.1560330e+06   3.4790039e+01
   2.1560660e+06   3.2409668e+01
   2.1561140e+06   4.4189453e+01
   2.1561750e+06   3.8024902e+01
   2.1562000e+06   4.4555664e+01
   2.1562580e+06   3.4729004e+01
   2.1564160e+06   3.3935547e+01
   2.1564570e+06   3.1433105e+01
   2.1565670e+06   3.1005859e+01
   2.1566180e+06   2.9907227e+01
   2.1567630e+06   3.5156250e+01
   2.1569460e+06   3.3813477e+01
   2.1569810e+06   2.9907227e+01
   2.1570910e+06   3.4118652e+01
   2.1575120e+06   3.6499023e+01
   2.1575610e+06   3.1616211e+01
   2.1845850e+06   2.9846191e+01
   2.1846300e+06   3.3569336e+01
   2.1855440e+06   3.3691406e+01
   2.1856800e+06   3.1372070e+01
   2.2011390e+06   2.9846191e+01
   2.2011560e+06   3.5888672e+01
   2.2012090e+06   3.1677246e+01
   2.2013010e+06   4.5043945e+01
   2.2013270e+06   3.0090332e+01
   2.2013580e+06   3.0700684e+01
   2.2014620e+06   2.9968262e+01
   2.2015330e+06   3.0822754e+01
   2.2016780e+06   2.9907227e+01
   2.2017890e+06   3.6499023e+01
   2.2018090e+06   3.0517578e+01
   2.2018640e+06   3.0395508e+01
   2.2018830e+06   4.1076660e+01
   2.2240210e+06   3.0395508e+01
   2.2240350e+06   3.0212402e+01
   2.2241130e+06   3.0090332e+01
   2.2241930e+06   4.8095703e+01
   2.2242630e+06   3.5583496e+01
   2.2242840e+06   2.9907227e+01
   2.2243150e+06   3.4973145e+01
   2.2243440e+06   3.6437988e+01
   2.2243860e+06   4.0893555e+01
   2.2244080e+06   3.1494141e+01
   2.2244280e+06   3.3447266e+01
   2.2244610e+06   5.1025391e+01
   2.2244830e+06   5.1513672e+01
   2.2245250e+06   3.6804199e+01
   2.2246070e+06   3.1555176e+01
   2.2246220e+06   3.6865234e+01
   2.2247070e+06   5.5358887e+01
   2.2247600e+06   3.5461426e+01
   2.2247800e+06   3.0212402e+01
   2.2248040e+06   3.1860352e+01
   2.2249240e+06   3.8574219e+01
   2.2249780e+06   3.0700684e+01
   2.2250440e+06   3.4484863e+01
   2.2251400e+06   3.0029297e+01
   2.2508960e+06   3.0822754e+01
   2.2512600e+06   4.0344238e+01
   2.2512740e+06   2.9724121e+01
   2.2513220e+06   3.3508301e+01
   2.2515010e+06   3.2653809e+01
   2.2516880e+06   3.4301758e+01
   2.2519180e+06   4.4189453e+01
   2.2699830e+06   3.1311035e+01
   2.2700310e+06   3.1616211e+01
   2.2701610e+06   3.0334473e+01
   2.2702210e+06   3.0395508e+01
   2.2702810e+06   3.0456543e+01
   2.2703350e+06   3.9855957e+01
   2.2703470e+06   3.1433105e+01
   2.2703870e+06   3.5644531e+01
   2.2704280e+06   3.8330078e+01
   2.2704790e+06   3.2958984e+01
   2.2705750e+06   3.4545898e+01
   2.2706330e+06   3.5827637e+01
   2.2706640e+06   4.2663574e+01
   2.2706870e+06   3.1677246e+01
   2.2708590e+06   3.7475586e+01
   2.2708830e+06   3.8085938e+01
   2.2709060e+06   3.1982422e+01
   2.2711160e+06   3.0517578e+01
   2.2712920e+06   4.1809082e+01
   2.2714060e+06   3.3081055e+01
   2.2876150e+06   3.0029297e+01
   2.2877340e+06   3.7658691e+01
   2.2877680e+06   3.4423828e+01
   2.2879320e+06   3.1555176e+01
   2.2880470e+06   3.0212402e+01
   2.2882190e+06   3.2836914e+01
   2.2883390e+06   3.0334473e+01
   2.2883800e+06   3.1127930e+01
   2.2884850e+06   3.1005859e+01
   2.3043170e+06   3.1188965e+01
   2.3084930e+06   3.0090332e+01
   2.3085330e+06   3.8696289e+01
   2.3085700e+06   3.2958984e+01
   2.3087740e+06   3.9306641e+01
   2.3088080e+06   2.9846191e+01
   2.3090550e+06   3.1494141e+01
   2.3090940e+06   4.2846680e+01
   2.3091490e+06   3.8574219e+01
   2.3093230e+06   3.0517578e+01
   2.3094470e+06   3.1005859e+01
   2.3271890e+06   3.5827637e+01
   2.3273640e+06   3.0334473e+01
   2.3274470e+06   3.8146973e+01
   2.3274720e+06   3.6254883e+01
   2.3275310e+06   2.9724121e+01
   2.3276640e+06   3.2775879e+01
   2.3276850e+06   2.9907227e+01
   2.3277360e+06   3.0334473e+01
   2.3280510e+06   3.5522461e+01
   2.3505470e+06   3.7475586e+01
   2.3506440e+06   2.9785156e+01
   2.3713790e+06   3.8085938e+01
   2.3714110e+06   3.5949707e+01
   2.3714480e+06   3.3874512e+01
   2.3714990e+06   3.0273438e+01
   2.3715460e+06   3.3325195e+01
   2.3715880e+06   4.2480469e+01
   2.3716390e+06   3.0517578e+01
   2.3717970e+06   3.8208008e+01
   2.3719340e+06   3.3935547e+01
   2.3719830e+06   3.0273438e+01
   2.3720900e+06   4.1625977e+01
   2.3721170e+06   3.1433105e+01
   2.3960270e+06   3.5522461e+01
   2.3961690e+06   3.0334473e+01
   2.3962440e+06   3.9550781e+01
   2.3962630e+06   4.5715332e+01
   2.3963110e+06   3.1860352e+01
   2.3963490e+06   3.4973145e+01
   2.3964260e+06   2.9724121e+01
   2.3964710e+06   3.6682129e+01
   2.3965070e+06   4.0649414e+01
   2.3965420e+06   3.0273438e+01
   2.3967570e+06   3.0395508e+01
   2.3968970e+06   4.2480469e+01
   2.4209110e+06   3.1250000e+01
   2.4210200e+06   3.3386230e+01
   2.4211330e+06   4.1625977e+01
   2.4213610e+06   3.0578613e+01
   2.4217940e+06   3.6132813e+01
   2.4436750e+06   3.0883789e+01
   2.4438730e+06   3.1005859e+01
   2.4440310e+06   3.4851074e+01
   2.4680780e+06   3.1555176e+01
   2.4682540e+06   3.0273438e+01
   2.4682770e+06   3.3752441e+01
   2.4683410e+06   3.1494141e+01
   2.4684210e+06   4.1870117e+01
   2.4686770e+06   3.2775879e+01
   2.4688060e+06   3.7109375e+01
   2.4942520e+06   3.2104492e+01
   2.4942970e+06   2.9907227e+01
   2.4943570e+06   3.2775879e+01
   2.4943900e+06   3.4301758e+01
   2.4944610e+06   3.9428711e+01
   2.4946050e+06   3.0456543e+01
   2.4946490e+06   3.0761719e+01
   2.4946880e+06   3.4667969e+01
   2.4948400e+06   3.1616211e+01
   2.4949020e+06   4.0527344e+01
   2.5194640e+06   3.1127930e+01
   2.5196750e+06   3.6376953e+01
   2.5196990e+06   2.9724121e+01
   2.5198390e+06   2.9968262e+01
   2.5198990e+06   5.3039551e+01
   2.5201770e+06   3.1433105e+01
   2.5214820e+06   3.2226563e+01
   2.5215390e+06   2.9907227e+01
   2.5216000e+06   2.9846191e+01
   2.5216810e+06   2.9907227e+01
   2.5457800e+06   2.9724121e+01
   2.5459300e+06   2.9785156e+01
   2.5703970e+06   3.4606934e+01
   2.5711500e+06   3.4118652e+01
   2.5940580e+06   2.9846191e+01
   2.5949630e+06   3.0151367e+01
   2.7161000e+06   4.3334961e+01
   2.7171080e+06   4.5166016e+01
   2.7907770e+06   3.7658691e+01
   2.7923350e+06   3.7780762e+01
   2.8052750e+06   2.9724121e+01
   2.8062250e+06   3.2592773e+01
   2.8939040e+06   3.9001465e+01
   2.8942040e+06   4.6691895e+01
   2.8943090e+06   3.0517578e+01
   2.8944050e+06   3.2592773e+01
   2.8944360e+06   4.5898438e+01
   2.8945410e+06   3.0212402e+01
   2.8946250e+06   4.2602539e+01
   2.8946550e+06   3.2531738e+01
   2.8946870e+06   3.1127930e+01
   2.8947170e+06   3.0395508e+01
   2.8947270e+06   3.1188965e+01
   2.8948080e+06   3.4790039e+01
   2.8948450e+06   3.2470703e+01
   2.8948880e+06   3.6682129e+01
   2.8949140e+06   3.1494141e+01
   2.8949390e+06   3.1433105e+01
   2.8949640e+06   3.7109375e+01
   2.8950200e+06   3.5339355e+01
   2.8950740e+06   2.9785156e+01
   2.8951360e+06   3.4301758e+01
   2.8951480e+06   4.1503906e+01
   2.8952460e+06   4.3212891e+01
   2.8952710e+06   2.9907227e+01
   2.8952980e+06   3.3203125e+01
   2.8953950e+06   3.0883789e+01
   2.8954140e+06   3.3813477e+01
   2.8957550e+06   3.0456543e+01
   2.8958980e+06   4.0344238e+01
   2.8960960e+06   3.4729004e+01
   2.8961530e+06   3.0151367e+01
   2.8963160e+06   3.5095215e+01
   2.8965590e+06   3.0944824e+01
   2.9095550e+06   3.2348633e+01
   2.9140870e+06   3.0761719e+01
   2.9176790e+06   4.5471191e+01
   2.9195750e+06   3.3813477e+01
   2.9260110e+06   3.1250000e+01
   2.9271680e+06   3.4118652e+01
   2.9368320e+06   3.9916992e+01
   2.9459790e+06   3.4423828e+01
   2.9497990e+06   2.9724121e+01
   2.9499180e+06   3.9794922e+01
   2.9499480e+06   4.8400879e+01
   2.9499910e+06   3.5522461e+01
   2.9500390e+06   3.0212402e+01
   2.9500740e+06   3.5827637e+01
   2.9501020e+06   3.0273438e+01
   2.9501600e+06   3.3752441e+01
   2.9501940e+06   3.7963867e+01
   2.9502110e+06   2.9724121e+01
   2.9502880e+06   3.6499023e+01
   2.9503110e+06   3.4057617e+01
   2.9503720e+06   3.3874512e+01
   2.9504220e+06   3.0090332e+01
   2.9504790e+06   3.3996582e+01
   2.9505150e+06   3.9733887e+01
   2.9505270e+06   3.5522461e+01
   2.9505820e+06   3.0944824e+01
   2.9505960e+06   3.4362793e+01
   2.9506220e+06   3.1127930e+01
   2.9506400e+06   3.0273438e+01
   2.9506710e+06   4.3579102e+01
   2.9507440e+06   3.4606934e+01
   2.9507660e+06   3.8513184e+01
   2.9508010e+06   3.1127930e+01
   2.9508300e+06   3.3447266e+01
   2.9508730e+06   3.2104492e+01
   2.9509810e+06   3.8513184e+01
   2.9510830e+06   3.0700684e+01
   2.9512040e+06   3.4545898e+01
   2.9512810e+06   3.0151367e+01
   2.9518720e+06   3.1494141e+01
   2.9697010e+06   3.7231445e+01
   2.9743010e+06   2.9724121e+01
   2.9795290e+06   3.0273438e+01
   2.9795600e+06   3.4606934e+01
   2.9796060e+06   3.4790039e+01
   2.9796460e+06   3.2531738e+01
   2.9797880e+06   3.1921387e+01
   2.9798090e+06   4.0100098e+01
   2.9798850e+06   3.8269043e+01
   2.9799130e+06   3.1188965e+01
   2.9799310e+06   3.1860352e+01
   2.9799640e+06   3.2043457e+01
   2.9799820e+06   3.0151367e+01
   2.9800160e+06   3.1005859e+01
   2.9800340e+06   3.1372070e+01
   2.9800710e+06   3.4484863e+01
   2.9801100e+06   3.8879395e+01
   2.9801560e+06   3.4545898e+01
   2.9803690e+06   3.1921387e+01
   2.9804870e+06   3.9184570e+01
   2.9807800e+06   3.1127930e+01
   2.9993640e+06   3.0273438e+01
   2.9994480e+06   3.2531738e+01
   2.9996010e+06   3.5705566e+01
   2.9996840e+06   3.2714844e+01
   2.9998430e+06   3.4729004e+01
   2.9998960e+06   2.9846191e+01
   2.9999260e+06   2.9663086e+01
   3.0001150e+06   3.3081055e+01
   3.0002470e+06   3.2043457e+01
   3.0002910e+06   4.1259766e+01
   3.0157520e+06   2.9907227e+01
   3.0159410e+06   3.2470703e+01
   3.0160370e+06   5.8105469e+01
   3.0160810e+06   3.1188965e+01
   3.0161820e+06   3.0456543e+01
   3.0162470e+06   3.4545898e+01
   3.0163550e+06   3.0822754e+01
   3.0163850e+06   3.2409668e+01
   3.0164080e+06   3.3386230e+01
   3.0164180e+06   2.9724121e+01
   3.0164600e+06   3.2470703e+01
   3.0165440e+06   3.1433105e+01
   3.0165950e+06   3.2348633e+01
   3.0166410e+06   3.8452148e+01
   3.0167580e+06   3.3508301e+01
   3.0168490e+06   3.0029297e+01
   3.0168710e+06   3.1616211e+01
   3.0169110e+06   3.2287598e+01
   3.0170760e+06   3.5705566e+01
   3.0339040e+06   4.2419434e+01
   3.0451900e+06   3.1494141e+01
   3.0452200e+06   3.0273438e+01
   3.0453820e+06   3.5095215e+01
   3.0454370e+06   3.0273438e+01
   3.0454570e+06   3.1799316e+01
   3.0455240e+06   5.2429199e+01
   3.0455580e+06   2.9968262e+01
   3.0456010e+06   3.2775879e+01
   3.0456250e+06   3.1982422e+01
   3.0456550e+06   4.1320801e+01
   3.0457270e+06   5.1147461e+01
   3.0457840e+06   4.1076660e+01
   3.0458420e+06   3.5522461e+01
   3.0458620e+06   3.6071777e+01
   3.0459220e+06   3.0090332e+01
   3.0459840e+06   3.2775879e+01
   3.0460270e+06   3.5522461e+01
   3.0460630e+06   3.0029297e+01
   3.0460850e+06   2.9907227e+01
   3.0461200e+06   3.2409668e+01
   3.0461450e+06   3.0273438e+01
   3.0462810e+06   3.7597656e+01
   3.0464910e+06   3.3508301e+01
   3.0465730e+06   3.5217285e+01
   3.0469390e+06   2.9602051e+01
   3.0707480e+06   3.0639648e+01
   3.0708430e+06   3.4423828e+01
   3.0709530e+06   3.2409668e+01
   3.0710310e+06   3.7780762e+01
   3.0711550e+06   3.0517578e+01
   3.0712140e+06   3.1799316e+01
   3.0713010e+06   3.5827637e+01
   3.0713270e+06   3.3447266e+01
   3.0713620e+06   3.3264160e+01
   3.0715050e+06   3.2348633e+01
   3.0715600e+06   3.6682129e+01
   3.0715900e+06   4.1503906e+01
   3.0716360e+06   3.3264160e+01
   3.0716860e+06   3.1188965e+01
   3.0717080e+06   3.8269043e+01
   3.0718620e+06   3.1799316e+01
   3.0721640e+06   3.3508301e+01
   3.0886750e+06   2.9785156e+01
   3.0888730e+06   3.0883789e+01
   3.0890880e+06   3.7109375e+01
   3.0891290e+06   3.4790039e+01
   3.0893280e+06   3.3996582e+01
   3.0893880e+06   3.5583496e+01
   3.0895360e+06   3.6987305e+01
   3.0896780e+06   3.3569336e+01
   3.0898680e+06   3.1616211e+01
   3.0899940e+06   3.1616211e+01
   3.0902960e+06   3.5583496e+01
   3.1073440e+06   3.1799316e+01
   3.1075470e+06   3.5766602e+01
   3.1076280e+06   3.8879395e+01
   3.1076620e+06   3.0395508e+01
   3.1077120e+06   3.0395508e+01
   3.1077650e+06   3.5217285e+01
   3.1078830e+06   3.2165527e+01
   3.1079030e+06   3.5888672e+01
   3.1079400e+06   3.3020020e+01
   3.1080140e+06   2.9724121e+01
   3.1080330e+06   4.0832520e+01
   3.1080960e+06   3.8085938e+01
   3.1081630e+06   4.4311523e+01
   3.1083030e+06   3.1005859e+01
   3.1083530e+06   3.3813477e+01
   3.1083770e+06   3.0822754e+01
   3.1084490e+06   3.8024902e+01
   3.1087780e+06   3.0273437e+01
   3.1298870e+06   3.1921387e+01
   3.1299610e+06   3.2470703e+01
   3.1301040e+06   3.9001465e+01
   3.1301320e+06   4.8889160e+01
   3.1302610e+06   3.0761719e+01
   3.1303070e+06   3.3142090e+01
   3.1303460e+06   3.3691406e+01
   3.1303730e+06   4.2846680e+01
   3.1303920e+06   3.5461426e+01
   3.1304780e+06   3.2104492e+01
   3.1305150e+06   3.1311035e+01
   3.1306310e+06   3.1982422e+01
   3.1307070e+06   4.0588379e+01
   3.1307390e+06   3.0334473e+01
   3.1308490e+06   4.1809082e+01
   3.1309940e+06   4.6142578e+01
   3.1513940e+06   3.0212402e+01
   3.1514850e+06   3.2348633e+01
   3.1515280e+06   3.3935547e+01
   3.1517270e+06   3.9123535e+01
   3.1518350e+06   3.3996582e+01
   3.1547040e+06   4.6325684e+01
   3.1645210e+06   3.0761719e+01
   3.1646570e+06   2.9968262e+01
   3.1647720e+06   3.7536621e+01
   3.1815470e+06   3.5949707e+01
   3.1816000e+06   3.2958984e+01
   3.1816400e+06   6.6894531e+01
   3.1816770e+06   3.9733887e+01
   3.1817460e+06   3.4301758e+01
   3.1817800e+06   2.9663086e+01
   3.1818010e+06   3.4851074e+01
   3.1818640e+06   3.7902832e+01
   3.1818930e+06   3.1066895e+01
   3.1819720e+06   3.2226563e+01
   3.1819850e+06   3.7292480e+01
   3.1820100e+06   3.0761719e+01
   3.1820430e+06   3.1127930e+01
   3.1820810e+06   3.5888672e+01
   3.1820920e+06   4.4433594e+01
   3.1821320e+06   3.2653809e+01
   3.1822370e+06   3.1921387e+01
   3.1822590e+06   3.6376953e+01
   3.1824480e+06   3.3630371e+01
   3.1824710e+06   3.1677246e+01
   3.1824950e+06   3.0578613e+01
   3.1825650e+06   3.1127930e+01
   3.1825880e+06   3.8085938e+01
   3.1827990e+06   3.0944824e+01
   3.2102500e+06   3.2226563e+01
   3.2103150e+06   4.6752930e+01
   3.2103620e+06   3.2043457e+01
   3.2104030e+06   3.0151367e+01
   3.2105200e+06   3.4606934e+01
   3.2105430e+06   3.3447266e+01
   3.2105880e+06   4.6081543e+01
   3.2106140e+06   4.2907715e+01
   3.2106290e+06   3.9001465e+01
   3.2106610e+06   4.0466309e+01
   3.2108120e+06   3.1860352e+01
   3.2108520e+06   3.7902832e+01
   3.2108700e+06   4.6325684e+01
   3.2108890e+06   3.1738281e+01
   3.2110390e+06   2.9907227e+01
   3.2110700e+06   2.9968262e+01
   3.2111200e+06   2.9663086e+01
   3.2113560e+06   3.5339355e+01
   3.2113760e+06   3.9306641e+01
   3.2329600e+06   2.9785156e+01
   3.2331240e+06   3.4851074e+01
   3.2332160e+06   3.4912109e+01
   3.2332430e+06   2.9968262e+01
   3.2333170e+06   3.0761719e+01
   3.2333690e+06   4.3029785e+01
   3.2676310e+06   3.1066895e+01
   3.2680730e+06   3.0395508e+01
   3.2680930e+06   4.6264648e+01
   3.2684640e+06   3.1188965e+01
   3.2687410e+06   3.4118652e+01
   3.2687760e+06   3.1738281e+01
   3.2689310e+06   4.0161133e+01
   3.2690660e+06   3.0029297e+01
   3.2692320e+06   3.2226563e+01
   3.2692890e+06   3.8879395e+01
   3.2694100e+06   3.0639648e+01
   3.2702440e+06   3.3569336e+01
   3.2997460e+06   3.3142090e+01
   3.2998190e+06   3.0090332e+01
   3.2999450e+06   3.9611816e+01
   3.2999790e+06   2.9907227e+01
   3.3000190e+06   3.0700684e+01
   3.3000590e+06   3.8513184e+01
   3.3001610e+06   3.0273438e+01
   3.3001890e+06   3.2226563e+01
   3.3002180e+06   3.1372070e+01
   3.3002370e+06   3.1433105e+01
   3.3002800e+06   3.2104492e+01
   3.3003140e+06   3.4484863e+01
   3.3003360e+06   3.1066895e+01
   3.3004290e+06   4.6203613e+01
   3.3005330e+06   3.0334473e+01
   3.3319390e+06   3.7475586e+01
   3.3319720e+06   3.1494141e+01
   3.3319950e+06   3.0090332e+01
   3.3320580e+06   4.9255371e+01
   3.3321360e+06   4.1137695e+01
   3.3321790e+06   3.1982422e+01
   3.3322210e+06   3.6254883e+01
   3.3322460e+06   3.3203125e+01
   3.3323890e+06   3.3203125e+01
   3.3324240e+06   3.8024902e+01
   3.3325910e+06   4.2480469e+01
   3.3327210e+06   3.4667969e+01
   3.3327410e+06   3.4301758e+01
   3.3510510e+06   2.9663086e+01
   3.3699300e+06   3.2836914e+01
   3.3700570e+06   5.0170898e+01
   3.3701100e+06   3.4545898e+01
   3.3702880e+06   3.9611816e+01
   3.3704390e+06   3.4057617e+01
   3.3705390e+06   3.3874512e+01
   3.3705910e+06   2.9602051e+01
   3.3712970e+06   3.1433105e+01
   3.4044990e+06   2.9968262e+01
   3.4048000e+06   3.0700684e+01
   3.4048760e+06   3.5827637e+01
   3.4050540e+06   3.0822754e+01
   3.4051220e+06   3.4179688e+01
   3.4051570e+06   3.1188965e+01
   3.4051720e+06   3.2775879e+01
   3.4051830e+06   4.4738770e+01
   3.4056830e+06   3.4240723e+01
   3.4355810e+06   3.4057617e+01
   3.5690580e+06   3.1005859e+01
   3.5719660e+06   4.1809082e+01
   3.5991530e+06   3.1677246e+01
   3.6322980e+06   3.3691406e+01
   3.7175410e+06   3.4667969e+01
   3.7633860e+06   2.9785156e+01
   3.7638540e+06   3.0334473e+01
   3.7639000e+06   3.5400391e+01
   3.7640090e+06   4.3395996e+01
   3.7641730e+06   3.4423828e+01
   3.7642220e+06   3.6376953e+01
   3.7643290e+06   3.2470703e+01
   3.7644490e+06   3.1677246e+01
   3.7646660e+06   2.9907227e+01
   3.7647180e+06   4.2602539e+01
   3.7651510e+06   3.2226563e+01
   3.7658880e+06   3.1372070e+01
   3.7961290e+06   3.1005859e+01
   3.7969010e+06   3.2714844e+01
   3.7974820e+06   4.7912598e+01
   3.8214970e+06   3.2043457e+01
   3.8216270e+06   3.0883789e+01
   3.8218130e+06   4.4250488e+01
   3.8460210e+06   3.0761719e+01
   3.8663940e+06   3.0822754e+01
   3.8666880e+06   3.4545898e+01
   3.8667180e+06   3.0822754e+01
   3.8670580e+06   3.0212402e+01
   3.8673160e+06   4.0344238e+01
   3.8869130e+06   3.0456543e+01
   3.9074340e+06   3.5156250e+01
   3.9274730e+06   3.3386230e+01
   3.9492010e+06   2.9785156e+01
   3.9495760e+06   3.2226563e+01
   3.9496450e+06   3.5888672e+01
   3.9717880e+06   3.6376953e+01
   3.9986400e+06   3.0700684e+01
   3.9992740e+06   4.6752930e+01
   3.9998680e+06   4.3518066e+01
   4.0002520e+06   2.9785156e+01
   4.0004260e+06   3.0273438e+01
   4.0007060e+06   2.9968262e+01
   4.0301730e+06   2.9663086e+01
   4.0307010e+06   3.2958984e+01
   4.0308920e+06   4.4555664e+01
   4.1612460e+06   3.0334473e+01
   4.1724900e+06   2.9907227e+01
   4.1814800e+06   2.9724121e+01
   4.1951900e+06   3.0578613e+01
   4.2504800e+06   3.0700684e+01
   4.2509880e+06   3.4301758e+01
   4.2781200e+06   2.9602051e+01
   4.2827670e+06   3.7414551e+01
   4.3017480e+06   2.9846191e+01
   4.3018880e+06   3.0517578e+01
   4.3019670e+06   3.0029297e+01
   4.3020140e+06   4.0100098e+01
   4.3021910e+06   3.1921387e+01
   4.3024000e+06   3.0700684e+01
   4.3026600e+06   3.6804199e+01
   4.3027240e+06   3.3508301e+01
   4.3028100e+06   3.3142090e+01
   4.3032320e+06   3.4301758e+01
   4.3033540e+06   3.2836914e+01
   4.3034100e+06   3.3203125e+01
   4.3035570e+06   2.9663086e+01
   4.3036650e+06   3.4118652e+01
   4.3037960e+06   3.5156250e+01
   4.3038160e+06   3.0456543e+01
   4.3039190e+06   3.6743164e+01
   4.3040650e+06   3.7292480e+01
   4.3044500e+06   3.2348633e+01
   4.3179380e+06   3.2287598e+01
   4.3284610e+06   4.0100098e+01
   4.3291960e+06   4.0100098e+01
   4.3293930e+06   3.0700684e+01
   4.3592160e+06   3.0700684e+01
   4.3595290e+06   3.8818359e+01
   4.3596470e+06   3.4790039e+01
   4.3822470e+06   3.0639648e+01
   4.4032880e+06   3.1311035e+01
   4.4170580e+06   3.0151367e+01
   4.4171510e+06   3.3691406e+01
   4.4171910e+06   3.0761719e+01
   4.4282720e+06   3.0273438e+01
   4.4294970e+06   3.7048340e+01
   4.4496430e+06   4.4738770e+01
   4.4765700e+06   3.5095215e+01
   4.4990130e+06   3.0517578e+01
   4.5091480e+06   3.1066895e+01
   4.5238380e+06   4.3029785e+01
   4.5460860e+06   3.3142090e+01
   4.5463480e+06   3.4423828e+01
   4.5655010e+06   3.1555176e+01
   4.5667130e+06   4.6325684e+01
   4.5911280e+06   4.0100098e+01
   4.6174800e+06   3.1982422e+01
   4.6176970e+06   3.0090332e+01
   4.6178090e+06   4.4677734e+01
   4.6181420e+06   3.7658691e+01
   4.6181530e+06   3.9550781e+01
   4.6181940e+06   3.2592773e+01
   4.6182090e+06   5.4443359e+01
   4.6183110e+06   3.2165527e+01
   4.6183410e+06   3.0517578e+01
   4.6184140e+06   3.3264160e+01
   4.6185250e+06   3.4118652e+01
   4.6185700e+06   5.1574707e+01
   4.6186500e+06   4.0527344e+01
   4.6187350e+06   3.8513184e+01
   4.6188180e+06   2.9602051e+01
   4.6188610e+06   3.6437988e+01
   4.6190120e+06   3.2104492e+01
   4.6190660e+06   3.2958984e+01
   4.6196170e+06   3.0151367e+01
   4.6344410e+06   3.1982422e+01
   4.6382740e+06   3.1250000e+01
   4.6463040e+06   3.5949707e+01
   4.6483450e+06   3.3630371e+01
   4.6646520e+06   3.1799316e+01
   4.6651210e+06   4.1931152e+01
   4.6651450e+06   4.0954590e+01
   4.6651730e+06   3.6987305e+01
   4.6652750e+06   3.0029297e+01
   4.6654480e+06   2.9785156e+01
   4.6654990e+06   3.1372070e+01
   4.6655570e+06   3.0517578e+01
   4.6656710e+06   3.1127930e+01
   4.6656930e+06   2.9602051e+01
   4.6657820e+06   3.0334473e+01
   4.6659070e+06   3.3813477e+01
   4.6662120e+06   3.3935547e+01
   4.6904770e+06   3.0090332e+01
   4.6905840e+06   3.0639648e+01
   4.6906380e+06   2.9785156e+01
   4.6906840e+06   3.5888672e+01
   4.6907170e+06   3.9428711e+01
   4.6908200e+06   2.9846191e+01
   4.6908560e+06   3.0700684e+01
   4.6908800e+06   3.4851074e+01
   4.6910750e+06   3.0578613e+01
   4.6911390e+06   4.9926758e+01
   4.6912820e+06   3.4301758e+01
   4.6914310e+06   3.4667969e+01
   4.6914420e+06   3.0090332e+01
   4.6915950e+06   3.1372070e+01
   4.6916680e+06   3.9245605e+01
   4.6917200e+06   4.4616699e+01
   4.6917750e+06   3.1616211e+01
   4.6918280e+06   3.4851074e+01
   4.6922060e+06   2.9907227e+01
   4.7195330e+06   3.4179688e+01
   4.7195780e+06   4.1809082e+01
   4.7379020e+06   3.7597656e+01
   4.7385150e+06   3.0212402e+01
   4.7385280e+06   3.9978027e+01
   4.7387960e+06   3.0700684e+01
   4.7388180e+06   3.2714844e+01
   4.7392760e+06   3.2409668e+01
   4.7626030e+06   3.5766602e+01
   4.7626730e+06   3.0944824e+01
   4.7627480e+06   3.0090332e+01
   4.7628410e+06   3.7841797e+01
   4.7628980e+06   3.0944824e+01
   4.7629340e+06   4.6997070e+01
   4.7631920e+06   3.1127930e+01
   4.7632320e+06   3.5034180e+01
   4.7632420e+06   3.6865234e+01
   4.7636340e+06   3.7048340e+01
   4.7893690e+06   3.0151367e+01
   4.7894360e+06   4.0771484e+01
   4.7894550e+06   3.4606934e+01
   4.7895230e+06   4.0832520e+01
   4.7895550e+06   3.4545898e+01
   4.7895820e+06   4.3579102e+01
   4.7896070e+06   3.0517578e+01
   4.7896750e+06   2.9663086e+01
   4.7896920e+06   3.5827637e+01
   4.7897310e+06   4.0466309e+01
   4.7897700e+06   3.7048340e+01
   4.7898110e+06   3.6987305e+01
   4.7898480e+06   3.2165527e+01
   4.7900430e+06   3.3508301e+01
   4.7900790e+06   3.0029297e+01
   4.7901120e+06   3.0212402e+01
   4.7902410e+06   3.2531738e+01
   4.8115630e+06   4.2968750e+01
   4.8355320e+06   3.0517578e+01
   4.8356210e+06   3.2958984e+01
   4.8356850e+06   5.0720215e+01
   4.8357440e+06   3.3020020e+01
   4.8358370e+06   3.0334473e+01
   4.8358770e+06   3.1616211e+01
   4.8358900e+06   3.1311035e+01
   4.8359920e+06   4.2236328e+01
   4.8360260e+06   4.6508789e+01
   4.8361210e+06   3.3630371e+01
   4.8603030e+06   3.4118652e+01
   4.8603880e+06   3.1494141e+01
   4.8606680e+06   3.2714844e+01
   4.8606930e+06   4.5654297e+01
   4.8607530e+06   3.9916992e+01
   4.8610410e+06   3.3935547e+01
   4.8612530e+06   3.3935547e+01
   4.8769150e+06   3.5278320e+01
   4.8776790e+06   3.0029297e+01
   4.8855070e+06   2.9663086e+01
   4.8855430e+06   4.6142578e+01
   4.8855940e+06   3.3935547e+01
   4.8856270e+06   3.3996582e+01
   4.8857080e+06   3.7048340e+01
   4.8857450e+06   2.9602051e+01
   4.8858910e+06   3.0883789e+01
   4.8859580e+06   3.2043457e+01
   4.8860450e+06   3.5766602e+01
   4.9107930e+06   2.9846191e+01
   4.9110190e+06   3.3447266e+01
   4.9110590e+06   3.5400391e+01
   4.9111670e+06   3.0395508e+01
   4.9114870e+06   3.5034180e+01
   4.9115760e+06   3.1066895e+01
   4.9116090e+06   4.3884277e+01
   4.9356440e+06   3.9916992e+01
   4.9357260e+06   3.4729004e+01
   4.9361690e+06   3.0395508e+01
   4.9362200e+06   3.1188965e+01
   4.9624930e+06   4.1259766e+01
   4.9626060e+06   4.6630859e+01
   4.9629960e+06   2.9968262e+01
   4.9631820e+06   3.6804199e+01
   4.9857720e+06   3.0212402e+01
   4.9860500e+06   4.1259766e+01
   5.0115390e+06   3.7719727e+01
   5.0345900e+06   3.1616211e+01
   5.0573580e+06   3.9184570e+01
   5.0574720e+06   3.5766602e+01
   5.0827290e+06   3.1005859e+01
   5.0840350e+06   4.6081543e+01
   5.1469870e+06   3.6193848e+01
   5.1625180e+06   4.6691895e+01
   5.1750670e+06   2.9785156e+01
   5.1756530e+06   4.2114258e+01
   5.2101790e+06   3.3081055e+01
   5.2103570e+06   4.2724609e+01
   5.3152080e+06   3.3020020e+01
   5.3156290e+06   4.1198730e+01
   5.3916070e+06   3.2043457e+01
   5.3921080e+06   3.4118652e+01
   5.3922030e+06   3.0212402e+01
   5.3922380e+06   3.1066895e+01
   5.3924570e+06   3.7353516e+01
   5.3925250e+06   5.3222656e+01
   5.3927380e+06   3.0395508e+01
   5.3927650e+06   3.2226563e+01
   5.4109560e+06   2.9907227e+01
   5.4176450e+06   3.3752441e+01
   5.4435360e+06   3.4179688e+01
   5.4691810e+06   3.0212402e+01
   5.4698940e+06   3.5827637e+01
   5.4872440e+06   3.1860352e+01
   5.4874440e+06   3.0273438e+01
   5.4876180e+06   3.1372070e+01
   5.4877830e+06   4.4555664e+01
   5.4980700e+06   2.9724121e+01
   5.4984670e+06   3.9611816e+01
   5.4986230e+06   3.3569336e+01
   5.4987090e+06   3.6926270e+01
   5.4988310e+06   3.0883789e+01
   5.5147600e+06   2.9602051e+01
   5.5247240e+06   4.2785645e+01
   5.5370360e+06   3.1494141e+01
   5.5373620e+06   4.2846680e+01
   5.5490900e+06   3.7170410e+01
   5.5492090e+06   2.9968262e+01
   5.5498120e+06   3.0029297e+01
   5.5749030e+06   3.2714844e+01
   5.5751310e+06   3.2104492e+01
   5.5753460e+06   3.1311035e+01
   5.5757780e+06   3.0395508e+01
   5.5759390e+06   3.2531738e+01
   5.5917750e+06   2.9602051e+01
   5.5923020e+06   3.2470703e+01
   5.6004650e+06   2.9968262e+01
   5.6004800e+06   3.1677246e+01
   5.6005730e+06   3.0456543e+01
   5.6009750e+06   3.2592773e+01
   5.6011530e+06   3.8696289e+01
   5.6265210e+06   3.3203125e+01
   5.6266330e+06   2.9907227e+01
   5.6267090e+06   2.9907227e+01
   5.6267550e+06   3.1188965e+01
   5.6269120e+06   3.1372070e+01
   5.6269740e+06   2.9663086e+01
   5.6270300e+06   3.2592773e+01
   5.6270930e+06   3.9062500e+01
   5.6273120e+06   3.1066895e+01
   5.6274100e+06   3.7902832e+01
   5.6550410e+06   3.2653809e+01
   5.6552250e+06   3.0944824e+01
   5.6556630e+06   4.1564941e+01
   5.6878840e+06   3.2165527e+01
   5.6882680e+06   2.9663086e+01
   5.6884800e+06   3.0700684e+01
   5.6890770e+06   3.5888672e+01
   5.7128900e+06   3.3325195e+01
   5.7133160e+06   3.6071777e+01
   5.7224820e+06   3.7658691e+01
   5.7232030e+06   3.1738281e+01
   5.7649620e+06   3.9306641e+01
   5.7781070e+06   3.2287598e+01
   5.7782620e+06   3.3386230e+01
   5.7783160e+06   3.0578613e+01
   5.7784630e+06   2.9785156e+01
   5.8208780e+06   3.0578613e+01
   5.8209770e+06   3.5583496e+01
   5.8212600e+06   3.0090332e+01
   5.8213060e+06   3.9916992e+01
   5.8213540e+06   3.3203125e+01
   5.8216970e+06   2.9602051e+01
   5.8217650e+06   3.6682129e+01
   5.8217870e+06   3.1677246e+01
   5.8468010e+06   3.0822754e+01
   5.8470350e+06   3.2531738e+01
   5.8470740e+06   4.0771484e+01
   5.8471130e+06   3.0090332e+01
   5.8471430e+06   2.9663086e+01
   5.8473760e+06   3.0151367e+01
   5.8474480e+06   3.9611816e+01
   5.8475490e+06   3.1555176e+01
   5.8477640e+06   3.7475586e+01
   5.8477860e+06   3.2043457e+01
   5.8479090e+06   3.0822754e+01
   5.8479500e+06   3.3691406e+01
   5.8480410e+06   2.9724121e+01
   5.8481330e+06   3.3264160e+01
   5.8985770e+06   3.2165527e+01
   5.8986970e+06   3.3020020e+01
   5.8988540e+06   4.5227051e+01
   5.8994850e+06   3.6560059e+01
   5.8995200e+06   3.1311035e+01
   5.8996940e+06   3.6254883e+01
   5.9222880e+06   3.2165527e+01
   5.9224220e+06   2.9785156e+01
   5.9224890e+06   3.5339355e+01
   5.9225100e+06   3.8146973e+01
   5.9226270e+06   3.1311035e+01
   5.9226670e+06   3.0151367e+01
   5.9226770e+06   3.0334473e+01
   5.9227330e+06   4.0344238e+01
   5.9227660e+06   3.5766602e+01
   5.9228390e+06   3.1066895e+01
   5.9228520e+06   3.1433105e+01
   5.9229430e+06   3.8452148e+01
   5.9229790e+06   5.4626465e+01
   5.9230220e+06   2.9846191e+01
   5.9230670e+06   3.0456543e+01
   5.9230950e+06   2.9602051e+01
   5.9231230e+06   3.6071777e+01
   5.9231410e+06   4.5532227e+01
   5.9231640e+06   3.0151367e+01
   5.9231840e+06   3.0334473e+01
   5.9232010e+06   2.9968262e+01
   5.9232670e+06   3.8085938e+01
   5.9232930e+06   5.1391602e+01
   5.9233520e+06   3.0944824e+01
   5.9233790e+06   2.9785156e+01
   5.9234170e+06   3.5278320e+01
   5.9234760e+06   4.3090820e+01
   5.9235050e+06   3.1250000e+01
   5.9235360e+06   3.3325195e+01
   5.9235740e+06   3.2287598e+01
   5.9236120e+06   3.7841797e+01
   5.9236610e+06   3.4118652e+01
   5.9236750e+06   2.9968262e+01
   5.9237120e+06   3.2958984e+01
   5.9238160e+06   3.4057617e+01
   5.9238540e+06   3.0944824e+01
   5.9238720e+06   3.0578613e+01
   5.9238980e+06   3.0578613e+01
   5.9240770e+06   3.0273438e+01
   5.9241410e+06   3.0517578e+01
   5.9243230e+06   3.1738281e+01
   5.9371490e+06   3.5949707e+01
   5.9436130e+06   3.6621094e+01
   5.9473670e+06   3.7292480e+01
   5.9497470e+06   3.0395508e+01
   5.9548030e+06   3.2287598e+01
   5.9693380e+06   3.1860352e+01
   5.9834980e+06   3.0822754e+01
   5.9843780e+06   3.0334473e+01
   5.9844160e+06   3.2409668e+01
