   2.9990000e+06   0.0000000e+00
   4.1000000e+01   3.5791016e+03
   1.4461000e+04   3.6804199e+01
   1.7681000e+04   3.5644531e+01
   3.1932000e+04   3.5949707e+01
   4.9874000e+04   3.5339355e+01
   5.0055000e+04   3.4237671e+03
   5.2387000e+04   3.6926270e+01
   5.3473000e+04   3.6132813e+01
   6.0370000e+04   3.5461426e+01
   6.1334000e+04   4.6020508e+01
   6.1408000e+04   5.0659180e+01
   7.8955000e+04   3.9733887e+01
   7.9470000e+04   3.7841797e+01
   1.0006700e+05   1.4265137e+03
   1.1952000e+05   3.7414551e+01
   1.2034200e+05   3.6865234e+01
   1.2438800e+05   3.7780762e+01
   1.4379700e+05   3.6926270e+01
   1.5008100e+05   1.3347778e+03
   1.5106800e+05   3.5461426e+01
   1.5247100e+05   3.6254883e+01
   1.5260100e+05   3.7170410e+01
   1.7040900e+05   3.5461426e+01
   1.7098600e+05   3.6437988e+01
   1.7311400e+05   3.6315918e+01
   1.8861000e+05   3.7414551e+01
   1.8864400e+05   3.5339355e+01
   1.8867400e+05   3.9855957e+01
   2.0009700e+05   2.0080566e+03
   2.1857100e+05   3.9672852e+01
   2.5011100e+05   3.3045044e+03
   2.5342100e+05   3.5644531e+01
   2.6732900e+05   5.1147461e+01
   2.6738900e+05   4.0588379e+01
   2.6743900e+05   4.1076660e+01
   2.6746800e+05   3.7475586e+01
   2.6753700e+05   3.9855957e+01
   2.8332400e+05   3.8452148e+01
   2.9534400e+05   3.8208008e+01
   3.0012300e+05   1.2596436e+03
   3.0312500e+05   3.6743164e+01
   3.3778600e+05   3.6621094e+01
   3.5013700e+05   1.2395630e+03
   3.7125100e+05   3.7780762e+01
   3.8482000e+05   4.1809082e+01
   4.0015300e+05   3.2041626e+03
   4.1226400e+05   3.5522461e+01
   4.1727900e+05   3.6071777e+01
   4.3023300e+05   3.6071777e+01
   4.5016500e+05   1.1828613e+03
   4.7868100e+05   3.5339355e+01
   5.0018100e+05   3.1810913e+03
   5.0557400e+05   3.8146973e+01
   5.0677800e+05   3.6315918e+01
   5.0685500e+05   3.8696289e+01
   5.2458000e+05   3.5461426e+01
   5.2707000e+05   3.6376953e+01
   5.5019300e+05   1.1737061e+03
   5.6252900e+05   4.6264648e+01
   5.6259200e+05   4.0283203e+01
   5.6265700e+05   4.5654297e+01
   5.6310000e+05   4.0466309e+01
   5.6401800e+05   4.4921875e+01
   5.6406500e+05   5.0354004e+01
   5.6417200e+05   3.6926270e+01
   5.6421300e+05   4.1259766e+01
   6.0020900e+05   3.1436768e+03
   6.0022000e+05   3.5644531e+01
   6.0899000e+05   3.7414551e+01
   6.0948900e+05   3.7902832e+01
   6.3088400e+05   3.6315918e+01
   6.5022100e+05   1.1760254e+03
   6.5928500e+05   3.5583496e+01
   7.0023700e+05   3.1887207e+03
   7.2242100e+05   3.8391113e+01
   7.2248900e+05   3.8146973e+01
   7.2257300e+05   4.3029785e+01
   7.2285800e+05   3.6437988e+01
   7.4164700e+05   3.6132813e+01
   7.5024900e+05   1.2023926e+03
   7.9537300e+05   3.6315918e+01
   8.0026500e+05   3.2197266e+03
   8.5027700e+05   1.2430420e+03
   9.0029100e+05   1.2572632e+03
   9.0030400e+05   4.0283203e+01
   9.1397500e+05   3.5949707e+01
   9.5030500e+05   1.2625122e+03
   9.8786700e+05   4.4067383e+01
   9.8789900e+05   3.9733887e+01
   9.8792500e+05   3.6193848e+01
   9.8794700e+05   4.3151855e+01
   1.0003190e+06   1.2662354e+03
   1.0338620e+06   3.6376953e+01
   1.0503350e+06   3.2585449e+03
   1.0751840e+06   3.9794922e+01
   1.0770800e+06   3.5339355e+01
   1.0931020e+06   3.8269043e+01
   1.1003470e+06   1.2747803e+03
   1.1114540e+06   3.8391113e+01
   1.1128410e+06   4.0954590e+01
   1.1129510e+06   3.9611816e+01
   1.1284380e+06   4.9011230e+01
   1.1284930e+06   4.7241211e+01
   1.1285310e+06   3.6193848e+01
   1.1285460e+06   4.1687012e+01
   1.1286410e+06   4.0649414e+01
   1.1290310e+06   3.6254883e+01
   1.1502190e+06   4.0588379e+01
   1.1503630e+06   3.2656860e+03
   1.1706890e+06   4.1259766e+01
   1.1732520e+06   3.6254883e+01
   1.2003770e+06   3.2703857e+03
   1.2085750e+06   4.1503906e+01
   1.2222800e+06   4.0405273e+01
   1.2293570e+06   3.7353516e+01
   1.2503890e+06   1.2796021e+03
   1.2524540e+06   3.5583496e+01
   1.2858970e+06   4.7668457e+01
   1.2859710e+06   5.4626465e+01
   1.2860430e+06   3.6682129e+01
   1.3004050e+06   3.2725830e+03
   1.3504170e+06   1.2937012e+03
   1.3579210e+06   4.5715332e+01
   1.3580120e+06   4.2968750e+01
   1.4004330e+06   3.2918091e+03
   1.4014480e+06   3.7597656e+01
   1.4099730e+06   3.8513184e+01
   1.4148670e+06   3.9062500e+01
   1.4440650e+06   4.1809082e+01
   1.4504470e+06   3.2892456e+03
   1.4568290e+06   3.7658691e+01
   1.4833520e+06   4.4372559e+01
   1.4834270e+06   3.6865234e+01
   1.5004590e+06   1.2935181e+03
   1.5004710e+06   3.6743164e+01
   1.5402230e+06   3.9550781e+01
   1.5402780e+06   4.2602539e+01
   1.5403480e+06   3.5461426e+01
   1.5412140e+06   3.5766602e+01
   1.5504750e+06   3.2941284e+03
   1.5554610e+06   3.7292480e+01
   1.5802530e+06   3.7536621e+01
   1.5864020e+06   3.6926270e+01
   1.5951170e+06   3.5644531e+01
   1.5974560e+06   3.9733887e+01
   1.6004870e+06   1.3099976e+03
   1.6114660e+06   3.7414551e+01
   1.6123470e+06   4.0527344e+01
   1.6124220e+06   3.8635254e+01
   1.6124900e+06   4.2236328e+01
   1.6126550e+06   3.8635254e+01
   1.6127630e+06   4.5471191e+01
   1.6130270e+06   4.2175293e+01
   1.6135540e+06   4.1076660e+01
   1.6505010e+06   1.2989502e+03
   1.6612270e+06   4.1748047e+01
   1.6692480e+06   3.8757324e+01
   1.6695450e+06   3.7353516e+01
   1.6836410e+06   3.6437988e+01
   1.6857930e+06   4.5593262e+01
   1.6954860e+06   3.6132813e+01
   1.6971760e+06   4.1564941e+01
   1.6973930e+06   3.5339355e+01
   1.6977530e+06   3.7658691e+01
   1.6981150e+06   3.8452148e+01
   1.6990850e+06   3.7414551e+01
   1.7005170e+06   3.2985840e+03
   1.7135510e+06   3.7231445e+01
   1.7345760e+06   3.5461426e+01
   1.7352510e+06   3.6254883e+01
   1.7426690e+06   4.8950195e+01
   1.7505290e+06   1.3030396e+03
   1.7652120e+06   4.1748047e+01
   1.7654120e+06   4.6386719e+01
   1.8005430e+06   1.3071289e+03
   1.8005550e+06   4.4067383e+01
   1.8014180e+06   3.6132813e+01
   1.8220500e+06   3.6071777e+01
   1.8289860e+06   3.7231445e+01
   1.8403200e+06   3.8208008e+01
   1.8442420e+06   3.7658691e+01
   1.8505570e+06   1.3162231e+03
   1.8505690e+06   4.1687012e+01
   1.8596380e+06   3.5522461e+01
   1.8615440e+06   4.6081543e+01
   1.8617820e+06   4.1748047e+01
   1.8623780e+06   4.4311523e+01
   1.8718520e+06   3.6071777e+01
   1.8922710e+06   3.9001465e+01
   1.9005710e+06   1.3080444e+03
   1.9326940e+06   3.5339355e+01
   1.9377170e+06   3.9672852e+01
   1.9413120e+06   3.6071777e+01
   1.9505870e+06   3.3009644e+03
   2.0005530e+06   5.1696777e+01
   2.0005990e+06   1.3200073e+03
   2.0006110e+06   5.7678223e+01
   2.0006490e+06   4.4311523e+01
   2.0006670e+06   4.5104980e+01
   2.0006780e+06   3.7109375e+01
   2.0006890e+06   4.5959473e+01
   2.0007460e+06   3.6987305e+01
   2.0008850e+06   3.8146973e+01
   2.0009210e+06   4.2785645e+01
   2.0009710e+06   4.3151855e+01
   2.0011010e+06   5.4199219e+01
   2.0396630e+06   3.8452148e+01
   2.0421960e+06   3.6376953e+01
   2.0423030e+06   4.0405273e+01
   2.0426020e+06   4.2907715e+01
   2.0506130e+06   1.3121948e+03
   2.0508740e+06   4.1076660e+01
   2.0562190e+06   4.2175293e+01
   2.0565250e+06   4.1137695e+01
   2.0579010e+06   3.9794922e+01
   2.0581420e+06   3.9672852e+01
   2.0634210e+06   3.9916992e+01
   2.0672860e+06   3.6804199e+01
   2.0678240e+06   4.0771484e+01
   2.0781380e+06   4.2907715e+01
   2.0826080e+06   3.8391113e+01
   2.0896800e+06   3.6926270e+01
   2.1006270e+06   1.3171387e+03
   2.1006380e+06   5.4260254e+01
   2.1048370e+06   3.5949707e+01
   2.1095520e+06   3.6621094e+01
   2.1468430e+06   3.6865234e+01
   2.1488900e+06   4.6386719e+01
   2.1506410e+06   1.3288574e+03
   2.1545010e+06   4.4982910e+01
   2.1546540e+06   4.4616699e+01
   2.1548120e+06   3.8940430e+01
   2.1549230e+06   3.6682129e+01
   2.1551610e+06   3.5949707e+01
   2.1809380e+06   4.0344238e+01
   2.2006550e+06   1.3183594e+03
   2.2022240e+06   3.7841797e+01
   2.2037720e+06   3.8208008e+01
   2.2441320e+06   3.8146973e+01
   2.2506690e+06   1.3164673e+03
   2.2830170e+06   4.8156738e+01
   2.2830550e+06   4.2724609e+01
   2.2830770e+06   5.5358887e+01
   2.2831100e+06   3.8879395e+01
   2.2831560e+06   4.5104980e+01
   2.2831840e+06   4.1076660e+01
   2.2833050e+06   3.6254883e+01
   2.2834740e+06   3.7353516e+01
   2.3006850e+06   3.3034668e+03
   2.3006950e+06   4.9377441e+01
   2.3506970e+06   1.3046875e+03
   2.3715400e+06   3.5949707e+01
   2.3764510e+06   3.6437988e+01
   2.4007130e+06   3.2927856e+03
   2.4192600e+06   3.7963867e+01
   2.4450960e+06   3.7719727e+01
   2.4507250e+06   1.2983398e+03
   2.5095680e+06   4.0222168e+01
   2.5097290e+06   3.5827637e+01
   2.5100160e+06   3.5339355e+01
   2.5100960e+06   4.1381836e+01
   2.5950410e+06   3.7719727e+01
   2.5952300e+06   3.8818359e+01
   2.6314610e+06   3.7292480e+01
   2.6973610e+06   3.5461426e+01
   2.7257270e+06   4.4311523e+01
   2.7257390e+06   3.7109375e+01
   2.7258710e+06   4.9682617e+01
   2.7789660e+06   3.6376953e+01
   2.7921210e+06   3.8696289e+01
   2.8584060e+06   3.5949707e+01
   2.8770110e+06   3.9489746e+01
   2.8853100e+06   3.6071777e+01
   2.9273750e+06   3.6804199e+01
   2.9557360e+06   3.9794922e+01
   2.9557560e+06   3.5400391e+01
   2.9558280e+06   3.7353516e+01
   2.9685460e+06   4.4860840e+01
