   2.9990000e+06   0.0000000e+00
   3.9000000e+01   1.6038818e+03
   3.5283000e+04   3.2104492e+01
   4.2268000e+04   3.6865234e+01
   5.0053000e+04   1.4318848e+03
   5.0065000e+04   3.2897949e+01
   6.0541000e+04   3.2470703e+01
   6.0766000e+04   3.2165527e+01
   6.1215000e+04   3.3508301e+01
   6.1334000e+04   3.4912109e+01
   6.1456000e+04   3.6193848e+01
   6.2053000e+04   3.1250000e+01
   1.0006700e+05   1.4208984e+03
   1.4350100e+05   4.1381836e+01
   1.5008300e+05   3.3420410e+03
   1.5256300e+05   3.5278320e+01
   1.5267500e+05   3.3264160e+01
   1.6535500e+05   3.8696289e+01
   1.7304300e+05   3.2043457e+01
   1.8858300e+05   3.5827637e+01
   1.8865500e+05   3.3264160e+01
   2.0009700e+05   3.3512573e+03
   2.4369900e+05   3.5339355e+01
   2.5010900e+05   1.3251953e+03
   2.6735600e+05   4.0100098e+01
   2.6747300e+05   3.4301758e+01
   2.6753400e+05   3.1677246e+01
   2.6801800e+05   3.4423828e+01
   3.0012300e+05   1.2670288e+03
   3.0013500e+05   3.4912109e+01
   3.2293600e+05   3.5278320e+01
   3.2309400e+05   3.7231445e+01
   3.4142400e+05   3.8818359e+01
   3.4165200e+05   3.5339355e+01
   3.4178400e+05   3.6193848e+01
   3.4215500e+05   3.2470703e+01
   3.4218100e+05   3.1799316e+01
   3.5013900e+05   3.2323608e+03
   3.7045800e+05   3.3386230e+01
   4.0015300e+05   3.2095947e+03
   4.0123200e+05   3.1860352e+01
   4.2398000e+05   3.7231445e+01
   4.2420600e+05   3.9123535e+01
   4.2474300e+05   3.3752441e+01
   4.5016500e+05   1.1851807e+03
   4.7293600e+05   4.2907715e+01
   4.7307300e+05   3.5400391e+01
   5.0017900e+05   1.1943359e+03
   5.0680800e+05   3.4912109e+01
   5.0690100e+05   3.9123535e+01
   5.0808200e+05   3.3691406e+01
   5.0853100e+05   3.5095215e+01
   5.0884100e+05   3.5888672e+01
   5.5019300e+05   1.1771240e+03
   5.6052000e+05   3.1799316e+01
   5.6077200e+05   3.5400391e+01
   5.6270200e+05   4.3701172e+01
   5.6310600e+05   3.3447266e+01
   5.6405700e+05   3.1188965e+01
   5.6413400e+05   4.3701172e+01
   5.6424100e+05   3.5949707e+01
   6.0020700e+05   1.1646118e+03
   6.0021800e+05   4.3945313e+01
   6.0839200e+05   3.6682129e+01
   6.5022100e+05   1.1849365e+03
   6.5125400e+05   3.6132813e+01
   6.5206800e+05   4.0161133e+01
   6.5851800e+05   3.2775879e+01
   6.5875500e+05   3.4545898e+01
   7.0023500e+05   1.1964722e+03
   7.2237600e+05   3.4057617e+01
   7.2239700e+05   3.1188965e+01
   7.2241800e+05   3.3569336e+01
   7.2243200e+05   3.6010742e+01
   7.2245000e+05   3.3508301e+01
   7.2269600e+05   3.4667969e+01
   7.2271500e+05   3.3569336e+01
   7.2286900e+05   3.3081055e+01
   7.2318900e+05   3.3874512e+01
   7.2357600e+05   3.8146973e+01
   7.2375500e+05   3.2531738e+01
   7.5025100e+05   3.1992798e+03
   7.6811300e+05   3.3203125e+01
   7.6887700e+05   3.2409668e+01
   7.7731200e+05   3.5034180e+01
   7.7767900e+05   3.2165527e+01
   7.9002500e+05   3.6926270e+01
   8.0026500e+05   3.2185059e+03
   8.0190300e+05   3.3264160e+01
   8.0217300e+05   3.9550781e+01
   8.0297000e+05   3.1433105e+01
   8.1409300e+05   3.1738281e+01
   8.2674000e+05   3.4790039e+01
   8.2729200e+05   3.4790039e+01
   8.3768600e+05   3.2043457e+01
   8.3838600e+05   3.3264160e+01
   8.5027900e+05   3.2285156e+03
   8.6974600e+05   3.3142090e+01
   8.6988500e+05   3.8330078e+01
   9.0029300e+05   3.2514038e+03
   9.0030300e+05   3.6987305e+01
   9.1471000e+05   3.2592773e+01
   9.1997500e+05   3.5034180e+01
   9.2070000e+05   3.1433105e+01
   9.2077400e+05   3.1311035e+01
   9.2105800e+05   3.1250000e+01
   9.4478700e+05   3.4423828e+01
   9.5030500e+05   1.2666016e+03
   9.8788500e+05   5.6457520e+01
   9.8792600e+05   3.1799316e+01
   9.8805900e+05   3.7414551e+01
   9.8811100e+05   3.1188965e+01
   1.0003210e+06   3.2611694e+03
   1.0503350e+06   3.2692871e+03
   1.0634760e+06   3.5949707e+01
   1.1003490e+06   3.2777710e+03
   1.1112490e+06   3.3874512e+01
   1.1114580e+06   3.3752441e+01
   1.1285330e+06   3.7536621e+01
   1.1286120e+06   3.1677246e+01
   1.1286390e+06   3.5339355e+01
   1.1503610e+06   1.2849121e+03
   1.1790610e+06   3.2287598e+01
   1.1792070e+06   3.3630371e+01
   1.1812170e+06   3.3752441e+01
   1.2003770e+06   3.2740479e+03
   1.2503890e+06   1.2936401e+03
   1.2517140e+06   3.1738281e+01
   1.2518740e+06   3.6987305e+01
   1.2858970e+06   3.9062500e+01
   1.2859380e+06   3.1311035e+01
   1.2859770e+06   4.3151855e+01
   1.2860690e+06   3.4912109e+01
   1.2874900e+06   3.6804199e+01
   1.3004050e+06   3.2836304e+03
   1.3424430e+06   3.8146973e+01
   1.3436340e+06   3.1250000e+01
   1.3437330e+06   3.1372070e+01
   1.3504170e+06   1.2945557e+03
   1.3580050e+06   4.2724609e+01
   1.3592320e+06   3.1250000e+01
   1.4004330e+06   3.2886353e+03
   1.4161070e+06   3.5400391e+01
   1.4504470e+06   3.2947388e+03
   1.4648130e+06   3.2226563e+01
   1.4652970e+06   3.4179688e+01
   1.4667240e+06   3.2470703e+01
   1.4672220e+06   3.2348633e+01
   1.4833700e+06   3.8452148e+01
   1.4833880e+06   3.4851074e+01
   1.4834560e+06   3.4118652e+01
   1.4834840e+06   3.5217285e+01
   1.4835900e+06   3.5583496e+01
   1.5004590e+06   1.3004150e+03
   1.5401610e+06   3.6315918e+01
   1.5402200e+06   4.8156738e+01
   1.5402840e+06   3.4667969e+01
   1.5404620e+06   3.2531738e+01
   1.5504750e+06   3.3013916e+03
   1.6004890e+06   3.2987671e+03
   1.6079710e+06   3.2043457e+01
   1.6123830e+06   3.2287598e+01
   1.6125390e+06   3.4362793e+01
   1.6125620e+06   4.4372559e+01
   1.6127220e+06   3.6621094e+01
   1.6131670e+06   3.2287598e+01
   1.6505030e+06   3.3003540e+03
   1.6619170e+06   3.1738281e+01
   1.6693210e+06   4.0283203e+01
   1.6695310e+06   4.0710449e+01
   1.6697660e+06   3.4240723e+01
   1.6699310e+06   3.5461426e+01
   1.6853010e+06   3.2775879e+01
   1.6866960e+06   3.4057617e+01
   1.6978770e+06   3.4179688e+01
   1.7005150e+06   1.3013306e+03
   1.7120280e+06   3.1982422e+01
   1.7124980e+06   3.3386230e+01
   1.7434340e+06   3.8452148e+01
   1.7436290e+06   3.2836914e+01
   1.7441760e+06   3.6376953e+01
   1.7505310e+06   3.3045044e+03
   1.7539660e+06   3.3447266e+01
   1.7541460e+06   3.2836914e+01
   1.7662490e+06   3.6804199e+01
   1.7664310e+06   3.5156250e+01
   1.7669860e+06   3.5034180e+01
   1.7826560e+06   3.3752441e+01
   1.8000310e+06   3.6010742e+01
   1.8002390e+06   3.9550781e+01
   1.8005430e+06   1.3090210e+03
   1.8326570e+06   4.3395996e+01
   1.8332680e+06   3.2287598e+01
   1.8333800e+06   3.7658691e+01
   1.8406780e+06   3.4912109e+01
   1.8505590e+06   3.3184814e+03
   1.8740770e+06   3.1127930e+01
   1.8743500e+06   4.0039063e+01
   1.8915000e+06   3.1677246e+01
   1.8915920e+06   3.9245605e+01
   1.8928450e+06   3.2531738e+01
   1.9005710e+06   1.3108521e+03
   1.9151390e+06   3.1921387e+01
   1.9398450e+06   3.2470703e+01
   1.9505850e+06   1.3164673e+03
   2.0005750e+06   3.1921387e+01
   2.0005990e+06   1.3096313e+03
   2.0006130e+06   4.2968750e+01
   2.0007670e+06   3.3508301e+01
   2.0010670e+06   3.4301758e+01
   2.0013450e+06   3.2226563e+01
   2.0014090e+06   3.6010742e+01
   2.0426050e+06   3.3142090e+01
   2.0506130e+06   1.3178101e+03
   2.0506280e+06   3.1433105e+01
   2.0586060e+06   3.9123535e+01
   2.0669870e+06   3.3264160e+01
   2.0671840e+06   3.1494141e+01
   2.0774220e+06   3.4118652e+01
   2.0845310e+06   3.1677246e+01
   2.0846230e+06   3.7780762e+01
   2.0856350e+06   3.2836914e+01
   2.0857370e+06   3.3325195e+01
   2.0921650e+06   3.1677246e+01
   2.1006290e+06   3.3171387e+03
   2.1006390e+06   5.0170898e+01
   2.1287560e+06   3.5034180e+01
   2.1299240e+06   3.2165527e+01
   2.1506410e+06   1.3211060e+03
   2.1506550e+06   3.2043457e+01
   2.1508400e+06   3.5278320e+01
   2.1731150e+06   3.3142090e+01
   2.1739600e+06   3.1127930e+01
   2.2006550e+06   1.3249512e+03
   2.2506710e+06   3.3114624e+03
   2.2830270e+06   4.5166016e+01
   2.2830780e+06   3.9184570e+01
   2.2831170e+06   3.4484863e+01
   2.2831390e+06   3.1372070e+01
   2.2832710e+06   3.2714844e+01
   2.2834140e+06   3.5888672e+01
   2.3006830e+06   1.3162842e+03
   2.3506970e+06   1.3141479e+03
   2.3718110e+06   3.2592773e+01
   2.4007110e+06   1.3097534e+03
   2.4450920e+06   3.5034180e+01
   2.4507270e+06   3.3004761e+03
   2.4507370e+06   5.1635742e+01
   2.5095700e+06   3.7536621e+01
   2.5096670e+06   3.3386230e+01
   2.5097630e+06   3.5461426e+01
   2.5671150e+06   3.4179688e+01
   2.6089850e+06   4.0710449e+01
   2.6090460e+06   3.9611816e+01
   2.6955180e+06   4.1137695e+01
   2.7002270e+06   3.1127930e+01
   2.7256940e+06   3.1188965e+01
   2.7257220e+06   3.5644531e+01
   2.7257520e+06   3.1860352e+01
   2.7258070e+06   3.1921387e+01
   2.7258760e+06   3.9306641e+01
   2.8351710e+06   3.2409668e+01
   2.9557940e+06   4.4738770e+01
