   2.9990000e+06   0.0000000e+00
   3.9000000e+01   1.5773315e+03
   5.2000000e+01   3.6071777e+01
   5.0055000e+04   3.4074707e+03
   6.1442000e+04   3.6804199e+01
   6.1474000e+04   3.6926270e+01
   6.1557000e+04   3.5705566e+01
   6.1641000e+04   3.9672852e+01
   1.0006700e+05   1.3994141e+03
   1.5008300e+05   3.3123779e+03
   1.7415600e+05   3.6560059e+01
   1.8873400e+05   3.6193848e+01
   2.0009500e+05   1.3352051e+03
   2.5011100e+05   3.2938232e+03
   3.0012300e+05   1.2383423e+03
   3.5013900e+05   3.2192383e+03
   4.0015300e+05   3.1774292e+03
   4.5016700e+05   3.1109009e+03
   5.0018100e+05   3.1199341e+03
   5.0853100e+05   3.6682129e+01
   5.5019300e+05   1.1478271e+03
   6.0020900e+05   3.0888672e+03
   6.5022100e+05   1.1574097e+03
   6.5023300e+05   3.6071777e+01
   7.0023500e+05   1.1817627e+03
   7.0182100e+05   3.7719727e+01
   7.2261600e+05   4.5593262e+01
   7.2268300e+05   4.4006348e+01
   7.2301200e+05   3.6499023e+01
   7.5025100e+05   3.1655884e+03
   8.0026300e+05   1.2031250e+03
   8.5027700e+05   1.2144165e+03
   8.9402700e+05   3.7841797e+01
   9.0029100e+05   1.2455444e+03
   9.5030500e+05   1.2473145e+03
   9.8812800e+05   3.7658691e+01
   1.0003210e+06   3.2305908e+03
   1.0503350e+06   3.2412720e+03
   1.1003460e+06   7.4005127e+02
   1.1285840e+06   3.6437988e+01
   1.1286390e+06   3.6010742e+01
   1.1286680e+06   3.9611816e+01
   1.1287450e+06   3.5888672e+01
   1.1503630e+06   3.2406616e+03
   1.2003750e+06   1.2556763e+03
   1.2503910e+06   3.2453003e+03
   1.2860060e+06   3.8635254e+01
   1.2860860e+06   3.6071777e+01
   1.3004050e+06   3.2559814e+03
   1.3504170e+06   1.2747192e+03
   1.4004310e+06   1.2764893e+03
   1.4004430e+06   3.8879395e+01
   1.4504450e+06   1.2743530e+03
   1.5004590e+06   1.2752075e+03
   1.5403220e+06   3.5827637e+01
   1.5404220e+06   3.6560059e+01
   1.5405740e+06   4.2541504e+01
   1.5504750e+06   3.2753906e+03
   1.6004890e+06   3.2901611e+03
   1.6126440e+06   3.5583496e+01
   1.6505010e+06   1.2734375e+03
   1.7005150e+06   1.2850952e+03
   1.7505290e+06   1.2893677e+03
   1.8005450e+06   3.2847290e+03
   1.8505570e+06   1.2875977e+03
   1.9005710e+06   1.2860107e+03
   1.9505870e+06   3.2838135e+03
   2.0006010e+06   3.2835693e+03
   2.0007040e+06   4.5654297e+01
   2.0009670e+06   3.7048340e+01
   2.0506130e+06   1.2911377e+03
   2.1006290e+06   3.2949829e+03
   2.1506410e+06   1.3081055e+03
   2.2006570e+06   3.2952881e+03
   2.2506690e+06   1.2967529e+03
   2.2831630e+06   3.5766602e+01
   2.3006830e+06   1.2954102e+03
   2.3006950e+06   4.3334961e+01
   2.3506970e+06   1.2856445e+03
   2.4007110e+06   1.2784424e+03
   2.4507250e+06   1.2819214e+03
   2.4507380e+06   3.7475586e+01
   2.5098280e+06   4.5471191e+01
   2.6092110e+06   3.5827637e+01
   2.7258700e+06   3.6132813e+01
   2.7260180e+06   3.6804199e+01
