   2.9990000e+06   0.0000000e+00
   4.1000000e+01   3.9999390e+03
   5.0053000e+04   2.0093994e+03
   6.1467000e+04   4.2724609e+01
   6.1546000e+04   4.6875000e+01
   6.1634000e+04   4.6997070e+01
   6.1649000e+04   4.7485352e+01
   6.1751000e+04   4.3518066e+01
   6.2062000e+04   4.5104980e+01
   1.0006900e+05   3.9999390e+03
   1.5008100e+05   2.0076904e+03
   1.7254000e+05   3.8330078e+01
   1.7399300e+05   4.0039063e+01
   1.7410200e+05   4.0161133e+01
   1.8886800e+05   4.5288086e+01
   2.0009700e+05   3.9999390e+03
   2.5011100e+05   3.9999390e+03
   2.6741800e+05   4.8217773e+01
   2.6747900e+05   4.9560547e+01
   2.6757900e+05   4.9926758e+01
   2.6769300e+05   3.8879395e+01
   2.6771900e+05   3.9489746e+01
   3.0012300e+05   2.0056763e+03
   3.5013900e+05   3.9999390e+03
   3.7060500e+05   4.1748047e+01
   3.7126800e+05   4.7363281e+01
   3.7150700e+05   3.8513184e+01
   3.7163600e+05   4.3457031e+01
   3.7201800e+05   4.6142578e+01
   4.0015100e+05   2.0161133e+03
   4.5016500e+05   2.0057373e+03
   4.7314300e+05   4.1137695e+01
   5.0017900e+05   2.0070190e+03
   5.0693100e+05   4.3334961e+01
   5.0762900e+05   4.0588379e+01
   5.0841400e+05   4.2053223e+01
   5.0853800e+05   3.9489746e+01
   5.0881400e+05   4.7424316e+01
   5.0888800e+05   4.2846680e+01
   5.5019300e+05   2.0065918e+03
   5.6258800e+05   4.0649414e+01
   5.6272800e+05   4.2175293e+01
   5.6288000e+05   4.2236328e+01
   5.6349700e+05   4.8339844e+01
   5.6428100e+05   4.4250488e+01
   6.0020900e+05   3.9999390e+03
   6.2336500e+05   3.8208008e+01
   6.5022100e+05   2.0134888e+03
   7.0023600e+05   1.0978394e+03
   7.0025100e+05   4.1503906e+01
   7.2251600e+05   4.5959473e+01
   7.2263600e+05   4.9743652e+01
   7.2266700e+05   4.1503906e+01
   7.2278600e+05   4.3945313e+01
   7.2281200e+05   3.8024902e+01
   7.2411200e+05   4.0039063e+01
   7.2421900e+05   4.0405273e+01
   7.4045800e+05   4.5654297e+01
   7.5025100e+05   3.9999390e+03
   7.6770600e+05   3.9916992e+01
   8.0026500e+05   3.9999390e+03
   8.3845700e+05   4.4555664e+01
   8.5027700e+05   2.0088501e+03
   9.0029300e+05   3.9999390e+03
   9.4630600e+05   3.8391113e+01
   9.5030500e+05   2.0101929e+03
   9.8824700e+05   4.3945313e+01
   9.8856900e+05   3.9733887e+01
   1.0003190e+06   2.0123901e+03
   1.0503330e+06   2.0087280e+03
   1.1003470e+06   2.0220947e+03
   1.1046140e+06   3.9062500e+01
   1.1285480e+06   3.8574219e+01
   1.1286310e+06   4.3884277e+01
   1.1286810e+06   4.0161133e+01
   1.1287430e+06   4.3640137e+01
   1.1288230e+06   5.4138184e+01
   1.1288670e+06   3.9489746e+01
   1.1290260e+06   4.6203613e+01
   1.1294680e+06   4.1992188e+01
   1.1503630e+06   3.9999390e+03
   1.2003770e+06   3.9999390e+03
   1.2503890e+06   2.0080566e+03
   1.2863090e+06   4.1625977e+01
   1.2867290e+06   4.1137695e+01
   1.2874270e+06   4.4311523e+01
   1.3004030e+06   2.0044556e+03
   1.3504170e+06   2.0090942e+03
   1.3579970e+06   4.8889160e+01
   1.3580570e+06   4.8461914e+01
   1.3583140e+06   3.8879395e+01
   1.3586080e+06   4.4006348e+01
   1.3590100e+06   3.9428711e+01
   1.3591090e+06   3.9855957e+01
   1.3591340e+06   4.1137695e+01
   1.3595170e+06   3.8513184e+01
   1.4004310e+06   2.0040894e+03
   1.4504450e+06   2.0053101e+03
   1.4504590e+06   4.4799805e+01
   1.4834620e+06   4.3701172e+01
   1.4837380e+06   4.2053223e+01
   1.4839310e+06   3.9245605e+01
   1.4846220e+06   4.0893555e+01
   1.5004590e+06   2.0115967e+03
   1.5402690e+06   4.6081543e+01
   1.5403220e+06   3.9184570e+01
   1.5404090e+06   3.9550781e+01
   1.5404340e+06   4.0832520e+01
   1.5405720e+06   4.0466309e+01
   1.5406050e+06   3.9489746e+01
   1.5504730e+06   2.0155029e+03
   1.6004870e+06   2.0136719e+03
   1.6121240e+06   3.9550781e+01
   1.6123080e+06   3.8085938e+01
   1.6124410e+06   4.1381836e+01
   1.6125070e+06   3.8024902e+01
   1.6128340e+06   4.2785645e+01
   1.6130960e+06   4.0710449e+01
   1.6137240e+06   3.8696289e+01
   1.6397850e+06   3.8696289e+01
   1.6505010e+06   2.0090942e+03
   1.7005160e+06   1.1368408e+03
   1.7505290e+06   2.0123901e+03
   1.8005450e+06   3.9999390e+03
   1.8505590e+06   2.0039063e+03
   1.9005710e+06   2.0101929e+03
   1.9505850e+06   2.0139771e+03
   2.0006010e+06   3.9999390e+03
   2.0006990e+06   4.3579102e+01
   2.0007330e+06   3.9672852e+01
   2.0007670e+06   4.3640137e+01
   2.0009590e+06   4.4799805e+01
   2.0031910e+06   3.9794922e+01
   2.0485840e+06   4.0771484e+01
   2.0506130e+06   2.0090332e+03
   2.0506280e+06   3.9733887e+01
   2.1006290e+06   3.9999390e+03
   2.1086150e+06   3.8757324e+01
   2.1288220e+06   3.8085938e+01
   2.1506410e+06   2.0131226e+03
   2.1506560e+06   3.9306641e+01
   2.2006550e+06   2.0163574e+03
   2.2506690e+06   2.0062256e+03
   2.2830940e+06   4.0893555e+01
   2.2831330e+06   4.5410156e+01
   2.2831780e+06   4.3212891e+01
   2.2832120e+06   3.8757324e+01
   2.2832260e+06   4.0283203e+01
   2.2833050e+06   4.0771484e+01
   2.2833800e+06   4.1748047e+01
   2.2835200e+06   3.9367676e+01
   2.2956730e+06   3.9916992e+01
   2.2988820e+06   3.8085938e+01
   2.3006830e+06   2.0068359e+03
   2.3033720e+06   4.4494629e+01
   2.3506970e+06   2.0078125e+03
   2.4007110e+06   2.0066528e+03
   2.4457370e+06   3.8940430e+01
   2.4459070e+06   4.0588379e+01
   2.4464050e+06   4.0466309e+01
   2.4507250e+06   2.0093994e+03
   2.5096630e+06   4.0161133e+01
   2.5098690e+06   4.4677734e+01
   2.5102130e+06   4.8767090e+01
   2.5632970e+06   3.8085938e+01
   2.6094790e+06   4.2175293e+01
   2.6098130e+06   4.1320801e+01
   2.6099640e+06   5.4504395e+01
   2.6103860e+06   4.3884277e+01
   2.6105570e+06   5.1635742e+01
   2.7257900e+06   3.9550781e+01
   2.7258470e+06   4.0222168e+01
   2.7260660e+06   4.9072266e+01
   2.8409780e+06   3.9062500e+01
   2.8426030e+06   3.8513184e+01
   2.9246200e+06   4.1137695e+01
   2.9558570e+06   4.6264648e+01
   2.9558760e+06   3.8940430e+01
   2.9559990e+06   4.6997070e+01
   2.9561800e+06   4.2236328e+01
   2.9564420e+06   3.8452148e+01
   2.9564910e+06   3.8330078e+01
   2.9567510e+06   4.2297363e+01
   2.9567710e+06   4.1442871e+01
   2.9567840e+06   4.1381836e+01
   2.9568710e+06   3.8391113e+01
