   2.9990000e+06   0.0000000e+00
   4.1000000e+01   3.6601563e+03
   5.1000000e+01   4.1198730e+01
   2.5760000e+03   1.5655518e+02
   2.5900000e+03   4.2968750e+01
   2.4748000e+04   9.7839355e+01
   3.4119000e+04   1.7523193e+02
   3.4132000e+04   5.0659180e+01
   3.6011000e+04   4.9499512e+01
   4.1601000e+04   1.7169189e+02
   4.1612000e+04   5.3833008e+01
   4.2546000e+04   4.2175293e+01
   4.2585000e+04   1.7773438e+02
   4.2597000e+04   4.8706055e+01
   4.3093000e+04   3.9306641e+01
   4.3254000e+04   1.5905762e+02
   4.3280000e+04   9.6923828e+01
   5.0055000e+04   3.4708252e+03
   5.4408000e+04   3.9062500e+01
   5.4547000e+04   2.1899414e+02
   6.0745000e+04   9.8083496e+01
   6.0954000e+04   1.7303467e+02
   6.0966000e+04   4.8217773e+01
   6.1446000e+04   3.7292480e+01
   6.1470000e+04   9.0270996e+01
   6.1497000e+04   6.0302734e+01
   6.1516000e+04   1.7932129e+02
   6.1526000e+04   6.4941406e+01
   6.1550000e+04   7.5256348e+01
   6.1564000e+04   4.1809082e+01
   6.1590000e+04   3.8879395e+01
   6.1604000e+04   1.4874268e+02
   6.1633000e+04   7.1960449e+01
   6.1700000e+04   4.2724609e+01
   6.1724000e+04   1.8841553e+02
   6.1765000e+04   4.7912598e+01
   6.1776000e+04   9.3994141e+01
   6.1825000e+04   1.1267090e+02
   6.1853000e+04   5.7739258e+01
   6.1907000e+04   6.7687988e+01
   6.1920000e+04   3.8513184e+01
   6.1944000e+04   1.4416504e+02
   6.2011000e+04   6.1523438e+01
   6.2021000e+04   5.8837891e+01
   6.2077000e+04   1.2219238e+02
   6.2212000e+04   5.0781250e+01
   6.2250000e+04   1.0833740e+02
   6.2348000e+04   5.5908203e+01
   6.2464000e+04   1.4477539e+02
   6.2526000e+04   5.3955078e+01
   6.2646000e+04   5.0537109e+01
   6.2850000e+04   5.7434082e+01
   8.0316000e+04   9.1308594e+01
   8.4468000e+04   8.6975098e+01
   8.5718000e+04   3.8940430e+01
   8.9200000e+04   7.1166992e+01
   9.6832000e+04   9.8022461e+01
   9.8864000e+04   8.4350586e+01
   1.0006900e+05   3.4801025e+03
   1.0641200e+05   1.8017578e+02
   1.0642300e+05   6.1706543e+01
   1.0876800e+05   9.0454102e+01
   1.3162000e+05   3.9123535e+01
   1.3501500e+05   2.1215820e+02
   1.3502700e+05   6.0791016e+01
   1.4151500e+05   4.0832520e+01
   1.4160900e+05   1.8359375e+02
   1.5008000e+05   6.8457031e+02
   1.5270700e+05   4.4616699e+01
   1.5304500e+05   3.7536621e+01
   1.5307600e+05   1.9592285e+02
   1.5308800e+05   5.6640625e+01
   1.6083600e+05   1.9183350e+02
   1.6084900e+05   4.1687012e+01
   1.6661900e+05   5.1818848e+01
   1.6696400e+05   1.8353271e+02
   1.6768200e+05   4.2114258e+01
   1.6775100e+05   1.8737793e+02
   1.6776700e+05   4.1198730e+01
   1.6803000e+05   1.8347168e+02
   1.6804800e+05   4.3212891e+01
   1.6807200e+05   1.0791016e+02
   1.7117300e+05   9.7351074e+01
   1.7236700e+05   1.0870361e+02
   1.7251700e+05   3.9062500e+01
   1.7320500e+05   4.3823242e+01
   1.7323000e+05   8.3618164e+01
   1.7325400e+05   1.8377686e+02
   1.7326800e+05   5.3894043e+01
   1.7349700e+05   1.5020752e+02
   1.7353700e+05   3.7353516e+01
   1.7364300e+05   1.5759277e+02
   1.7365400e+05   4.8278809e+01
   1.7414100e+05   4.8889160e+01
   1.7416200e+05   1.7883301e+02
   1.7418600e+05   8.7097168e+01
   1.7446100e+05   1.6448975e+02
   1.7447200e+05   5.4016113e+01
   1.7475700e+05   1.2884521e+02
   1.7476700e+05   7.1289063e+01
   1.7535600e+05   1.2115479e+02
   1.7537000e+05   4.2297363e+01
   1.8872400e+05   8.3984375e+01
   1.8876100e+05   5.4870605e+01
   1.8879200e+05   4.1748047e+01
   1.8881800e+05   1.8432617e+02
   1.8882800e+05   6.3964844e+01
   1.8885800e+05   5.6335449e+01
   1.8891700e+05   5.2429199e+01
   1.8894700e+05   5.1208496e+01
   1.8898700e+05   4.1503906e+01
   1.8902000e+05   1.6046143e+02
   1.8908900e+05   5.6152344e+01
   1.8918500e+05   8.3312988e+01
   1.8922100e+05   3.9184570e+01
   1.8925300e+05   1.2658691e+02
   1.8927000e+05   3.8635254e+01
   1.8944100e+05   3.9245605e+01
   1.8945700e+05   6.9152832e+01
   1.8970500e+05   6.9458008e+01
   1.8986700e+05   5.5847168e+01
   2.0009500e+05   1.4143677e+03
   2.0010500e+05   5.6640625e+01
   2.5010900e+05   1.3745728e+03
   2.5303900e+05   3.7231445e+01
   2.6336300e+05   3.7414551e+01
   2.6745300e+05   3.7902832e+01
   2.6747200e+05   4.6997070e+01
   2.6750700e+05   4.6081543e+01
   2.6753300e+05   1.2829590e+02
   2.6755500e+05   5.2795410e+01
   2.6756900e+05   2.4084473e+02
   2.6758000e+05   7.3913574e+01
   2.6761300e+05   8.0078125e+01
   2.6766800e+05   1.5386963e+02
   2.6768300e+05   3.7414551e+01
   2.6770800e+05   4.4372559e+01
   2.6774100e+05   4.8583984e+01
   2.6779700e+05   1.3269043e+02
   2.6781300e+05   6.6467285e+01
   2.6785600e+05   3.9672852e+01
   2.6786600e+05   3.9489746e+01
   2.6790000e+05   8.1909180e+01
   2.6791100e+05   4.3151855e+01
   2.6802500e+05   4.5532227e+01
   2.6803500e+05   1.7510986e+02
   2.6815500e+05   1.2231445e+02
   2.6818400e+05   4.4006348e+01
   2.6824000e+05   5.9143066e+01
   2.6837800e+05   1.2231445e+02
   2.6838900e+05   5.3405762e+01
   2.6860400e+05   4.0893555e+01
   2.6865400e+05   3.7841797e+01
   2.6873000e+05   4.1992188e+01
   2.6878200e+05   4.7790527e+01
   2.6903600e+05   1.4495850e+02
   2.8543000e+05   9.6191406e+01
   2.8742400e+05   1.9622803e+02
   2.8743900e+05   4.0649414e+01
   2.8904800e+05   9.7167969e+01
   2.8920400e+05   1.8048096e+02
   2.8921700e+05   4.8583984e+01
   2.9366900e+05   8.8317871e+01
   3.0012300e+05   1.3101807e+03
   3.0013400e+05   4.0649414e+01
   3.1982500e+05   4.0100098e+01
   3.2034100e+05   2.0599365e+02
   3.2035400e+05   5.0048828e+01
   3.2141600e+05   4.3212891e+01
   3.2147700e+05   1.9580078e+02
   3.2148900e+05   5.5541992e+01
   3.2186000e+05   1.7163086e+02
   3.2187200e+05   5.4077148e+01
   3.2226300e+05   1.7529297e+02
   3.2227900e+05   5.2917480e+01
   3.2241800e+05   1.4990234e+02
   3.2242900e+05   4.7607422e+01
   3.2260900e+05   1.6357422e+02
   3.2262500e+05   1.0906982e+02
   3.2277200e+05   1.6186523e+02
   3.2278200e+05   4.0771484e+01
   3.2298500e+05   1.2445068e+02
   3.2299700e+05   5.5725098e+01
   3.2319500e+05   1.2554932e+02
   3.2320800e+05   4.7790527e+01
   3.2339500e+05   1.5289307e+02
   3.2340800e+05   4.3518066e+01
   3.2404200e+05   1.3043213e+02
   3.2405200e+05   4.8889160e+01
   3.2433700e+05   1.2884521e+02
   3.2434800e+05   4.0161133e+01
   3.4205200e+05   4.0527344e+01
   3.4207100e+05   2.0098877e+02
   3.4208100e+05   5.8837891e+01
   3.4245200e+05   9.7534180e+01
   3.4247600e+05   1.7126465e+02
   3.4431500e+05   1.6003418e+02
   3.4432600e+05   4.8278809e+01
   3.5013900e+05   3.2950439e+03
   3.5478800e+05   5.2124023e+01
   3.5484600e+05   1.8823242e+02
   3.5486000e+05   4.4494629e+01
   3.5517800e+05   1.4514160e+02
   3.5519000e+05   4.2907715e+01
   3.5552900e+05   1.5588379e+02
   3.5553900e+05   5.6701660e+01
   3.5592100e+05   1.5411377e+02
   3.5593300e+05   4.8889160e+01
   3.5629400e+05   1.5734863e+02
   3.5631100e+05   4.2663574e+01
   3.5715200e+05   1.7962646e+02
   3.5716300e+05   4.2358398e+01
   3.5921700e+05   3.7536621e+01
   3.7067100e+05   8.9416504e+01
   3.7078300e+05   2.0941162e+02
   3.7079300e+05   5.5603027e+01
   3.7126400e+05   1.5789795e+02
   3.7127600e+05   9.4299316e+01
   3.7130600e+05   5.3405762e+01
   3.7138500e+05   4.5349121e+01
   3.7143000e+05   4.2907715e+01
   3.7147600e+05   1.4025879e+02
   3.7155100e+05   1.3201904e+02
   3.7165500e+05   6.3476563e+01
   3.7183800e+05   1.3427734e+02
   3.7185000e+05   3.8085938e+01
   3.7197600e+05   7.8002930e+01
   3.7224400e+05   6.5368652e+01
   3.7228300e+05   3.9916992e+01
   3.7230400e+05   1.8103027e+02
   3.7249500e+05   6.0546875e+01
   3.7252000e+05   1.8414307e+02
   4.0015300e+05   3.2645874e+03
   4.0156300e+05   4.8278809e+01
   4.0217900e+05   1.5441895e+02
   4.0219100e+05   5.0048828e+01
   4.0559600e+05   3.8208008e+01
   4.0572400e+05   1.8377686e+02
   4.1386300e+05   1.5643311e+02
   4.1387700e+05   5.0964355e+01
   4.1493000e+05   1.5142822e+02
   4.1566300e+05   1.8121338e+02
   4.1680800e+05   1.6949463e+02
   4.1682100e+05   5.3955078e+01
   4.2461600e+05   1.8383789e+02
   4.3970600e+05   1.8170166e+02
   4.3972000e+05   4.4372559e+01
   4.4118900e+05   1.6662598e+02
   4.4120100e+05   4.6813965e+01
   4.4146100e+05   4.3579102e+01
   4.4159400e+05   4.1503906e+01
   4.4162300e+05   1.6546631e+02
   4.4163400e+05   5.5236816e+01
   4.4325500e+05   1.5496826e+02
   4.4327000e+05   3.9123535e+01
   4.4386400e+05   4.7851563e+01
   4.4392100e+05   1.5008545e+02
   4.4393200e+05   4.9560547e+01
   4.5016700e+05   3.2370605e+03
   4.6291400e+05   1.8078613e+02
   4.6292800e+05   4.3395996e+01
   4.6673500e+05   1.0076904e+02
   4.7297500e+05   3.8818359e+01
   4.7318200e+05   4.2175293e+01
   4.7322100e+05   2.0135498e+02
   4.7417200e+05   2.0495605e+02
   4.7418600e+05   3.8940430e+01
   4.7456900e+05   1.7230225e+02
   4.7458000e+05   5.5664063e+01
   4.7558600e+05   3.7597656e+01
   4.7576700e+05   1.7736816e+02
   4.7577800e+05   5.2490234e+01
   4.7600700e+05   1.6796875e+02
   4.7601800e+05   5.0598145e+01
   5.0017900e+05   1.2385254e+03
   5.0693400e+05   9.9731445e+01
   5.0694700e+05   4.0588379e+01
   5.0702000e+05   4.4067383e+01
   5.0706400e+05   4.3884277e+01
   5.0715100e+05   1.5576172e+02
   5.0716600e+05   5.2185059e+01
   5.0773100e+05   1.8267822e+02
   5.0774400e+05   3.9428711e+01
   5.0781900e+05   3.8513184e+01
   5.0785400e+05   4.0710449e+01
   5.0786800e+05   3.7780762e+01
   5.0804100e+05   4.6997070e+01
   5.0806400e+05   1.8890381e+02
   5.0807600e+05   5.1513672e+01
   5.0816500e+05   4.1748047e+01
   5.0836800e+05   1.7681885e+02
   5.0844600e+05   3.9855957e+01
   5.0847700e+05   9.2102051e+01
   5.0851400e+05   3.7414551e+01
   5.0855500e+05   2.0257568e+02
   5.0856700e+05   3.9306641e+01
   5.0876400e+05   3.7231445e+01
   5.0879000e+05   1.4074707e+02
   5.0896800e+05   8.9111328e+01
   5.3550200e+05   3.8635254e+01
   5.5019300e+05   1.2369385e+03
   5.5387000e+05   4.4982910e+01
   5.6092000e+05   1.8933105e+02
   5.6093000e+05   5.9875488e+01
   5.6185700e+05   1.9848633e+02
   5.6187200e+05   4.3029785e+01
   5.6241600e+05   1.0150146e+02
   5.6269400e+05   3.7536621e+01
   5.6286200e+05   1.6741943e+02
   5.6287300e+05   6.0974121e+01
   5.6297800e+05   4.3518066e+01
   5.6302200e+05   1.6394043e+02
   5.6314900e+05   1.3482666e+02
   5.6317200e+05   9.6801758e+01
   5.6337700e+05   1.2921143e+02
   5.6340300e+05   4.1931152e+01
   5.6350200e+05   4.2053223e+01
   5.6366000e+05   3.7292480e+01
   5.6406600e+05   1.4904785e+02
   5.6437300e+05   4.3212891e+01
   5.6439400e+05   1.5332031e+02
   5.6441300e+05   4.2175293e+01
   5.9282400e+05   2.0336914e+02
   5.9283700e+05   5.5480957e+01
   6.0020900e+05   3.2032471e+03
   6.0021900e+05   4.1992187e+01
   6.0776700e+05   1.6400146e+02
   6.0909400e+05   3.8391113e+01
   6.0992800e+05   4.2114258e+01
   6.0998400e+05   1.4831543e+02
   6.0999700e+05   4.7607422e+01
   6.1035100e+05   9.7290039e+01
   6.4145400e+05   2.1148682e+02
   6.4146600e+05   4.9316406e+01
   6.4673100e+05   1.7242432e+02
   6.4674100e+05   6.5795898e+01
   6.5022300e+05   3.2297363e+03
   6.5023400e+05   4.3701172e+01
   6.5121000e+05   3.7780762e+01
   6.5125200e+05   1.6943359e+02
   6.5126200e+05   5.4321289e+01
   6.5233800e+05   1.8450928e+02
   6.5234900e+05   5.5725098e+01
   6.5428800e+05   3.8146973e+01
   6.5439900e+05   1.8914795e+02
   6.5441000e+05   4.9316406e+01
   6.5857700e+05   4.9560547e+01
   6.5874800e+05   3.8879395e+01
   6.5880000e+05   1.6650391e+02
   6.5882300e+05   4.2114258e+01
   6.5910700e+05   4.2724609e+01
   6.7258900e+05   1.6064453e+02
   6.7260000e+05   5.4809570e+01
   6.7661000e+05   4.3273926e+01
   6.8481500e+05   2.0355225e+02
   6.8482700e+05   5.8227539e+01
   6.9149600e+05   8.3557129e+01
   6.9311600e+05   3.9672852e+01
   6.9700000e+05   1.9079590e+02
   6.9701100e+05   5.4870605e+01
   7.0023700e+05   3.2384033e+03
   7.0243400e+05   1.9384766e+02
   7.0979800e+05   1.8798828e+02
   7.0981500e+05   3.9001465e+01
   7.1938700e+05   4.5043945e+01
   7.1994200e+05   4.6325684e+01
   7.2252000e+05   7.4157715e+01
   7.2253400e+05   4.5532227e+01
   7.2254800e+05   1.3983154e+02
   7.2257100e+05   3.9428711e+01
   7.2260000e+05   3.9550781e+01
   7.2263200e+05   3.7963867e+01
   7.2265500e+05   1.8505859e+02
   7.2266800e+05   4.1137695e+01
   7.2270200e+05   5.5786133e+01
   7.2271400e+05   7.5134277e+01
   7.2273400e+05   3.7292480e+01
   7.2278800e+05   1.4678955e+02
   7.2280600e+05   4.3579102e+01
   7.2288200e+05   4.6813965e+01
   7.2289600e+05   1.1578369e+02
   7.2292200e+05   3.7170410e+01
   7.2300100e+05   6.1462402e+01
   7.2301100e+05   6.3354492e+01
   7.2310400e+05   8.0810547e+01
   7.2323100e+05   7.8308105e+01
   7.2328800e+05   6.5124512e+01
   7.2333900e+05   7.7819824e+01
   7.2346400e+05   7.8125000e+01
   7.2351700e+05   5.5297852e+01
   7.2356900e+05   7.7148438e+01
   7.2357900e+05   3.7292480e+01
   7.2367000e+05   8.9233398e+01
   7.2380600e+05   1.3165283e+02
   7.2390400e+05   3.9123535e+01
   7.2394100e+05   1.2774658e+02
   7.2402400e+05   3.7170410e+01
   7.2417700e+05   1.4562988e+02
   7.2433500e+05   3.8391113e+01
   7.2437400e+05   1.3555908e+02
   7.2438700e+05   4.6447754e+01
   7.2561000e+05   4.1076660e+01
   7.3926100e+05   4.3823242e+01
   7.3973100e+05   1.9970703e+02
   7.4039000e+05   1.8164063e+02
   7.4040000e+05   4.4250488e+01
   7.4888700e+05   1.7712402e+02
   7.4889800e+05   5.2429199e+01
   7.5024900e+05   1.2586060e+03
   7.5796300e+05   1.6265869e+02
   7.6768800e+05   1.8865967e+02
   7.6791000e+05   4.1320801e+01
   7.6797100e+05   3.7231445e+01
   7.6806400e+05   1.8627930e+02
   7.6807600e+05   4.7180176e+01
   7.6866800e+05   4.3151855e+01
   7.6882800e+05   1.6387939e+02
   7.6884000e+05   4.1870117e+01
   7.7778100e+05   2.1173096e+02
   7.7803900e+05   4.0161133e+01
   7.7809700e+05   1.8078613e+02
   7.7810800e+05   5.3405762e+01
   7.7814200e+05   5.5725098e+01
   7.7828900e+05   3.9978027e+01
   7.7840000e+05   1.6766357e+02
   7.7841200e+05   4.6997070e+01
   7.8921800e+05   3.8208008e+01
   7.8939700e+05   2.0166016e+02
   7.8940900e+05   5.0476074e+01
   7.8971100e+05   1.4477539e+02
   7.8972100e+05   6.9091797e+01
   7.9005000e+05   1.7224121e+02
   7.9006200e+05   4.4128418e+01
   7.9030300e+05   1.6510010e+02
   7.9031600e+05   5.4992676e+01
   8.0026500e+05   3.2785034e+03
   8.0125400e+05   1.7504883e+02
   8.0126600e+05   3.7414551e+01
   8.0148700e+05   1.5112305e+02
   8.0149700e+05   7.8186035e+01
   8.0180100e+05   1.6308594e+02
   8.0181700e+05   3.7902832e+01
   8.0205700e+05   1.6992188e+02
   8.0207000e+05   4.7363281e+01
   8.0225500e+05   3.8269043e+01
   8.0228400e+05   1.5808105e+02
   8.0229800e+05   3.9428711e+01
   8.0269100e+05   4.7485352e+01
   8.1397500e+05   1.0211182e+02
   8.1398600e+05   6.7077637e+01
   8.1435800e+05   1.5667725e+02
   8.1438800e+05   4.4860840e+01
   8.1447600e+05   3.9916992e+01
   8.1465000e+05   1.4489746e+02
   8.1466400e+05   3.8452148e+01
   8.2602000e+05   1.8621826e+02
   8.2603000e+05   6.2377930e+01
   8.2641800e+05   1.6571045e+02
   8.2643000e+05   4.7729492e+01
   8.2664900e+05   1.5832520e+02
   8.2666300e+05   4.1259766e+01
   8.2670200e+05   4.7302246e+01
   8.2674000e+05   3.8940430e+01
   8.2694700e+05   1.3195801e+02
   8.2695800e+05   6.0302734e+01
   8.2726700e+05   1.6143799e+02
   8.3038400e+05   4.2846680e+01
   8.3735200e+05   1.7071533e+02
   8.3736300e+05   6.0424805e+01
   8.3753000e+05   4.1137695e+01
   8.3758400e+05   1.7486572e+02
   8.3759400e+05   7.2814941e+01
   8.3761800e+05   4.0039063e+01
   8.3786100e+05   4.0588379e+01
   8.3787700e+05   1.5942383e+02
   8.3807900e+05   1.6229248e+02
   8.3809100e+05   4.3273926e+01
   8.3827300e+05   1.4923096e+02
   8.3833200e+05   4.1931152e+01
   8.3864500e+05   1.4801025e+02
   8.3865700e+05   3.7353516e+01
   8.5027700e+05   1.2963867e+03
   8.5403100e+05   1.7401123e+02
   8.5404100e+05   3.9550781e+01
   8.5423200e+05   1.5814209e+02
   8.5424700e+05   4.4677734e+01
   8.5462000e+05   1.5856934e+02
   8.5463700e+05   4.0161133e+01
   8.5468700e+05   3.9916992e+01
   8.5478900e+05   3.7231445e+01
   8.5486200e+05   1.6339111e+02
   8.5487300e+05   5.9631348e+01
   8.6826800e+05   3.8940430e+01
   8.6992100e+05   4.8095703e+01
   8.6995600e+05   2.0098877e+02
   8.6996600e+05   6.0791016e+01
   8.7005500e+05   9.5703125e+01
   8.7011800e+05   1.8054199e+02
   8.7013500e+05   4.4799805e+01
   8.7023900e+05   3.7963867e+01
   8.7027500e+05   3.8330078e+01
   8.7029100e+05   9.4177246e+01
   8.7060300e+05   1.6369629e+02
   8.7061300e+05   5.6335449e+01
   8.7105400e+05   9.4177246e+01
   8.7106600e+05   6.4331055e+01
   8.8306000e+05   1.7974854e+02
   8.8307300e+05   4.7973633e+01
   8.8338300e+05   4.4250488e+01
   8.8343700e+05   1.8237305e+02
   8.8344800e+05   6.4697266e+01
   8.8382600e+05   1.5136719e+02
   8.8384000e+05   3.9489746e+01
   8.9486900e+05   4.9194336e+01
   8.9515100e+05   1.6485596e+02
   8.9516500e+05   3.9489746e+01
   8.9668600e+05   1.5594482e+02
   8.9669700e+05   4.6630859e+01
   8.9738100e+05   1.8170166e+02
   8.9739400e+05   6.1340332e+01
   9.0029300e+05   3.3025513e+03
   9.0030400e+05   4.5288086e+01
   9.0747500e+05   1.9549561e+02
   9.0774400e+05   4.5593262e+01
   9.0814600e+05   1.5277100e+02
   9.0815600e+05   5.7434082e+01
   9.1931000e+05   2.0104980e+02
   9.1932500e+05   3.7292480e+01
   9.1978500e+05   1.6259766e+02
   9.1979700e+05   5.3161621e+01
   9.2035100e+05   1.6448975e+02
   9.2036100e+05   5.9997559e+01
   9.3120800e+05   9.3139648e+01
   9.3142300e+05   4.6630859e+01
   9.3242100e+05   1.5075684e+02
   9.3243100e+05   7.2875977e+01
   9.4497000e+05   9.4360352e+01
   9.4513000e+05   6.0180664e+01
   9.4562500e+05   2.0849609e+02
   9.4563500e+05   6.0974121e+01
   9.4577100e+05   9.1125488e+01
   9.4580300e+05   1.6790771e+02
   9.4584500e+05   4.1076660e+01
   9.4605400e+05   1.7077637e+02
   9.4608000e+05   1.1468506e+02
   9.4618200e+05   4.3151855e+01
   9.4635400e+05   1.8463135e+02
   9.4652400e+05   1.4050293e+02
   9.4686700e+05   1.5374756e+02
   9.4687900e+05   4.0100098e+01
   9.5030500e+05   1.3168945e+03
   9.7703300e+05   1.6503906e+02
   9.7746300e+05   2.2418213e+02
   9.7747700e+05   5.1635742e+01
   9.7784300e+05   1.8090820e+02
   9.7785500e+05   6.1767578e+01
   9.8797000e+05   1.0321045e+02
   9.8803200e+05   5.1635742e+01
   9.8817900e+05   6.3293457e+01
   9.8819500e+05   4.0161133e+01
   9.8824100e+05   1.0290527e+02
   9.8828300e+05   2.0477295e+02
   9.8830900e+05   7.1594238e+01
   9.8842400e+05   3.7170410e+01
   9.8845600e+05   1.5643311e+02
   9.8846700e+05   4.8522949e+01
   9.8849200e+05   8.0810547e+01
   9.8853900e+05   6.8237305e+01
   9.8866600e+05   1.5002441e+02
   9.8867800e+05   4.2480469e+01
   9.8883300e+05   1.5252686e+02
   9.8884300e+05   4.7912598e+01
   9.8891400e+05   7.9833984e+01
   1.0003210e+06   2.0105591e+03
   1.0203370e+06   1.9573975e+02
   1.0203500e+06   5.9020996e+01
   1.0331520e+06   1.6339111e+02
   1.0331660e+06   4.2785645e+01
   1.0429810e+06   4.7424316e+01
   1.0430340e+06   9.5947266e+01
   1.0503330e+06   1.3346558e+03
   1.0503450e+06   4.7119141e+01
   1.0559400e+06   4.4311523e+01
   1.0616080e+06   4.8950195e+01
   1.0622550e+06   1.9445801e+02
   1.0622670e+06   4.8095703e+01
   1.0625360e+06   1.8609619e+02
   1.0625490e+06   4.3762207e+01
   1.0628580e+06   4.0466309e+01
   1.0628940e+06   1.8750000e+02
   1.0629060e+06   5.5175781e+01
   1.1003490e+06   3.3305054e+03
   1.1043860e+06   2.1960449e+02
   1.1043980e+06   5.2734375e+01
   1.1133740e+06   8.8928223e+01
   1.1152730e+06   1.8395996e+02
   1.1152880e+06   5.2612305e+01
   1.1285980e+06   3.9550781e+01
   1.1286170e+06   4.1564941e+01
   1.1286300e+06   4.9987793e+01
   1.1286490e+06   2.1533203e+02
   1.1286590e+06   8.4533691e+01
   1.1286960e+06   4.1564941e+01
   1.1287230e+06   5.3283691e+01
   1.1287330e+06   3.9184570e+01
   1.1287570e+06   8.8195801e+01
   1.1287930e+06   5.9997559e+01
   1.1288450e+06   4.1809082e+01
   1.1288690e+06   2.3291016e+02
   1.1288830e+06   4.2541504e+01
   1.1289150e+06   6.1706543e+01
   1.1289990e+06   6.0791016e+01
   1.1290930e+06   4.1870117e+01
   1.1291250e+06   1.5771484e+02
   1.1292100e+06   5.5053711e+01
   1.1292940e+06   5.9997559e+01
   1.1293990e+06   4.6447754e+01
   1.1401390e+06   8.5998535e+01
   1.1414400e+06   9.6923828e+01
   1.1449300e+06   2.0593262e+02
   1.1449450e+06   4.4189453e+01
   1.1459990e+06   8.3557129e+01
   1.1489180e+06   3.8330078e+01
   1.1503630e+06   3.3330078e+03
   1.1503740e+06   4.1198730e+01
   1.1543990e+06   8.0200195e+01
   1.1551310e+06   2.1136475e+02
   1.1551420e+06   6.2377930e+01
   1.1792620e+06   1.8005371e+02
   1.1792750e+06   5.6518555e+01
   1.1807700e+06   4.7851563e+01
   1.1812570e+06   2.0684814e+02
   1.1812730e+06   3.9001465e+01
   1.1820730e+06   5.4748535e+01
   1.1820890e+06   1.9879150e+02
   1.1821010e+06   5.0170898e+01
   1.1968460e+06   4.3395996e+01
   1.2003770e+06   3.3308105e+03
   1.2091790e+06   4.0588379e+01
   1.2226230e+06   4.9560547e+01
   1.2226420e+06   2.1258545e+02
   1.2226530e+06   7.6232910e+01
   1.2359180e+06   2.0837402e+02
   1.2359310e+06   4.7729492e+01
   1.2503890e+06   1.3449097e+03
   1.2526920e+06   2.2003174e+02
   1.2527070e+06   3.7170410e+01
   1.2673450e+06   9.1979980e+01
   1.2799270e+06   2.0202637e+02
   1.2799380e+06   7.0068359e+01
   1.2851460e+06   9.5458984e+01
   1.2860580e+06   5.3161621e+01
   1.2860780e+06   9.1979980e+01
   1.2861170e+06   3.9672852e+01
   1.2861920e+06   8.3557129e+01
   1.2862170e+06   2.0501709e+02
   1.2862270e+06   7.8491211e+01
   1.2863810e+06   7.7392578e+01
   1.2864610e+06   3.7231445e+01
   1.2864850e+06   1.8182373e+02
   1.2864970e+06   5.9570313e+01
   1.2868120e+06   8.6425781e+01
   1.2870480e+06   7.0678711e+01
   1.2871040e+06   3.7658691e+01
   1.2871410e+06   4.7729492e+01
   1.2873320e+06   6.3964844e+01
   1.2873560e+06   4.0771484e+01
   1.2875250e+06   5.9326172e+01
   1.3004030e+06   1.3491211e+03
   1.3053970e+06   2.2100830e+02
   1.3229180e+06   1.7742920e+02
   1.3229290e+06   6.7382813e+01
   1.3422410e+06   4.5593262e+01
   1.3430980e+06   2.1099854e+02
   1.3431170e+06   4.0527344e+01
   1.3438330e+06   3.9916992e+01
   1.3438970e+06   2.1679688e+02
   1.3439130e+06   3.8146973e+01
   1.3489080e+06   3.9306641e+01
   1.3491140e+06   4.5776367e+01
   1.3491680e+06   2.0404053e+02
   1.3491800e+06   4.1503906e+01
   1.3502410e+06   1.9793701e+02
   1.3502570e+06   4.6203613e+01
   1.3504170e+06   1.3574829e+03
   1.3512760e+06   4.3457031e+01
   1.3525140e+06   2.1624756e+02
   1.3525250e+06   6.2133789e+01
   1.3570460e+06   9.0637207e+01
   1.3580610e+06   9.2224121e+01
   1.3580960e+06   3.8696289e+01
   1.3581540e+06   5.1147461e+01
   1.3582150e+06   2.0556641e+02
   1.3582530e+06   4.0954590e+01
   1.3582900e+06   7.6477051e+01
   1.3585240e+06   3.9489746e+01
   1.3585530e+06   7.8247070e+01
   1.3586970e+06   3.7170410e+01
   1.3587210e+06   2.1612549e+02
   1.3587520e+06   5.1940918e+01
   1.3589630e+06   5.8105469e+01
   1.3589910e+06   3.8208008e+01
   1.3591210e+06   3.8330078e+01
   1.3591530e+06   1.8298340e+02
   1.3592760e+06   4.2358398e+01
   1.3730900e+06   3.8879395e+01
   1.3808410e+06   4.1137695e+01
   1.3822950e+06   3.8330078e+01
   1.3824910e+06   1.7376709e+02
   1.3825080e+06   3.9978027e+01
   1.3876020e+06   1.8127441e+02
   1.4004310e+06   1.3660278e+03
   1.4004440e+06   3.9245605e+01
   1.4011850e+06   1.8261719e+02
   1.4012030e+06   4.1381836e+01
   1.4171330e+06   2.0269775e+02
   1.4171480e+06   4.9987793e+01
   1.4274070e+06   1.8530273e+02
   1.4274190e+06   5.4809570e+01
   1.4337870e+06   4.1259766e+01
   1.4344880e+06   1.8133545e+02
   1.4423830e+06   3.9428711e+01
   1.4427770e+06   2.1997070e+02
   1.4427930e+06   3.8818359e+01
   1.4456920e+06   4.0466309e+01
   1.4460820e+06   1.9824219e+02
   1.4460970e+06   4.2602539e+01
   1.4504450e+06   1.3520508e+03
   1.4654380e+06   4.4433594e+01
   1.4654950e+06   2.0037842e+02
   1.4655080e+06   5.8837891e+01
   1.4667710e+06   3.7658691e+01
   1.4807200e+06   1.7248535e+02
   1.4807310e+06   6.2072754e+01
   1.4834960e+06   9.3750000e+01
   1.4835290e+06   4.1687012e+01
   1.4835450e+06   4.0039063e+01
   1.4836870e+06   3.8513184e+01
   1.4837160e+06   8.6059570e+01
   1.4837610e+06   2.1429443e+02
   1.4838900e+06   4.0710449e+01
   1.4839270e+06   7.9833984e+01
   1.4839440e+06   8.3129883e+01
   1.4841750e+06   3.7414551e+01
   1.4842190e+06   7.7087402e+01
   1.4844300e+06   3.8391113e+01
   1.4844650e+06   6.8237305e+01
   1.4849240e+06   6.6162109e+01
   1.5004590e+06   1.3481445e+03
   1.5027500e+06   4.4128418e+01
   1.5032840e+06   1.8646240e+02
   1.5153540e+06   4.4128418e+01
   1.5156350e+06   2.0404053e+02
   1.5156490e+06   4.6813965e+01
   1.5169940e+06   1.7474365e+02
   1.5170040e+06   6.3293457e+01
   1.5283180e+06   3.9672852e+01
   1.5402830e+06   4.9560547e+01
   1.5403070e+06   5.3039551e+01
   1.5403450e+06   4.1198730e+01
   1.5403990e+06   5.3039551e+01
   1.5404330e+06   6.6101074e+01
   1.5404430e+06   4.7607422e+01
   1.5404620e+06   4.4067383e+01
   1.5404910e+06   6.9152832e+01
   1.5405550e+06   6.0852051e+01
   1.5405780e+06   2.2070313e+02
   1.5405920e+06   4.3090820e+01
   1.5406760e+06   5.7434082e+01
   1.5407090e+06   1.9793701e+02
   1.5407250e+06   3.9123535e+01
   1.5407970e+06   6.0241699e+01
   1.5408250e+06   6.0729980e+01
   1.5408470e+06   2.1331787e+02
   1.5408570e+06   4.8583984e+01
   1.5409560e+06   4.5776367e+01
   1.5410090e+06   5.6030273e+01
   1.5411390e+06   5.1452637e+01
   1.5412010e+06   6.5002441e+01
   1.5412170e+06   2.1771240e+02
   1.5413110e+06   4.9377441e+01
   1.5504730e+06   1.3665161e+03
   1.5543770e+06   8.1665039e+01
   1.5663290e+06   4.3151855e+01
   1.5773040e+06   3.7963867e+01
   1.5775970e+06   1.8994141e+02
   1.5776110e+06   5.1208496e+01
   1.5901250e+06   2.1301270e+02
   1.5942910e+06   1.9378662e+02
   1.6004890e+06   3.3686523e+03
   1.6073450e+06   2.1148682e+02
   1.6115060e+06   4.6813965e+01
   1.6118370e+06   4.8156738e+01
   1.6118610e+06   4.8889160e+01
   1.6121080e+06   4.3090820e+01
   1.6122700e+06   2.1002197e+02
   1.6122820e+06   5.4443359e+01
   1.6123670e+06   8.3190918e+01
   1.6125300e+06   3.7719727e+01
   1.6125880e+06   3.8757324e+01
   1.6126510e+06   4.1748047e+01
   1.6127050e+06   3.9611816e+01
   1.6127260e+06   1.9354248e+02
   1.6127630e+06   3.9123535e+01
   1.6128540e+06   4.0344238e+01
   1.6129220e+06   1.8066406e+02
   1.6131030e+06   1.4599609e+02
   1.6133890e+06   1.5814209e+02
   1.6135900e+06   1.5368652e+02
   1.6137970e+06   1.4904785e+02
   1.6140040e+06   1.5112305e+02
   1.6502040e+06   2.2821045e+02
   1.6502150e+06   5.8898926e+01
   1.6505010e+06   1.3751831e+03
   1.6622000e+06   4.1137695e+01
   1.6623190e+06   1.9042969e+02
   1.6623310e+06   3.8208008e+01
   1.6635810e+06   1.8884277e+02
   1.6635910e+06   7.0251465e+01
   1.6700770e+06   4.4494629e+01
   1.6703070e+06   1.9964600e+02
   1.6703210e+06   4.2358398e+01
   1.6711540e+06   3.7963867e+01
   1.6713540e+06   2.1093750e+02
   1.6713690e+06   4.1992187e+01
   1.6715140e+06   1.9226074e+02
   1.6715280e+06   4.4677734e+01
   1.6848020e+06   2.1136475e+02
   1.6848470e+06   4.1076660e+01
   1.6860530e+06   1.8487549e+02
   1.6865930e+06   1.9995117e+02
   1.6866070e+06   4.8034668e+01
   1.6977630e+06   3.9062500e+01
   1.6977900e+06   2.0324707e+02
   1.6978020e+06   6.0180664e+01
   1.6981330e+06   8.5998535e+01
   1.6993250e+06   3.7963867e+01
   1.6993680e+06   2.1203613e+02
   1.6993780e+06   5.9509277e+01
   1.7005150e+06   1.3820190e+03
   1.7005260e+06   4.8034668e+01
   1.7095600e+06   2.1624756e+02
   1.7095730e+06   4.0466309e+01
   1.7106980e+06   1.8566895e+02
   1.7107130e+06   3.8513184e+01
   1.7118490e+06   2.1276855e+02
   1.7118590e+06   6.5429688e+01
   1.7126100e+06   1.7156982e+02
   1.7126220e+06   3.9794922e+01
   1.7224900e+06   1.8835449e+02
   1.7225060e+06   4.1320801e+01
   1.7229970e+06   2.1026611e+02
   1.7230070e+06   6.4880371e+01
   1.7351490e+06   2.1392822e+02
   1.7351630e+06   3.8391113e+01
   1.7376000e+06   1.0406494e+02
   1.7376120e+06   5.1391602e+01
   1.7438990e+06   3.9855957e+01
   1.7439220e+06   1.8847656e+02
   1.7439330e+06   6.5673828e+01
   1.7441630e+06   9.2834473e+01
   1.7505310e+06   3.3619995e+03
   1.7530310e+06   2.1063232e+02
   1.7530430e+06   4.5532227e+01
   1.7530950e+06   4.7668457e+01
   1.7533240e+06   1.6583252e+02
   1.7533360e+06   5.8227539e+01
   1.7543260e+06   1.6180420e+02
   1.7543360e+06   6.8359375e+01
   1.8005430e+06   1.3663330e+03
   1.8140510e+06   1.9372559e+02
   1.8140620e+06   7.5805664e+01
   1.8328680e+06   4.1320801e+01
   1.8329340e+06   2.1057129e+02
   1.8345270e+06   1.7852783e+02
   1.8345420e+06   5.1269531e+01
   1.8386890e+06   4.2297363e+01
   1.8392040e+06   3.7536621e+01
   1.8394190e+06   4.0649414e+01
   1.8395150e+06   3.8574219e+01
   1.8395500e+06   2.0819092e+02
   1.8395610e+06   5.9570313e+01
   1.8395950e+06   9.0270996e+01
   1.8397360e+06   6.2988281e+01
   1.8397710e+06   2.1057129e+02
   1.8397840e+06   3.8330078e+01
   1.8400850e+06   7.6843262e+01
   1.8409470e+06   4.7729492e+01
   1.8410050e+06   2.0227051e+02
   1.8410180e+06   4.4860840e+01
   1.8505570e+06   1.3814087e+03
   1.8742320e+06   4.9499512e+01
   1.8742420e+06   4.7485352e+01
   1.8767770e+06   3.9978027e+01
   1.8769450e+06   2.0617676e+02
   1.8769580e+06   4.2297363e+01
   1.8909870e+06   3.9672852e+01
   1.8925080e+06   1.9354248e+02
   1.8925200e+06   5.4077148e+01
   1.8961870e+06   4.6386719e+01
   1.9005710e+06   1.3713379e+03
   1.9157350e+06   2.0416260e+02
   1.9157470e+06   5.2307129e+01
   1.9171260e+06   9.3688965e+01
   1.9185130e+06   4.5410156e+01
   1.9185850e+06   1.9848633e+02
   1.9241150e+06   1.8414307e+02
   1.9241260e+06   5.1147461e+01
   1.9335580e+06   2.0996094e+02
   1.9335690e+06   5.1086426e+01
   1.9342650e+06   4.4982910e+01
   1.9350620e+06   2.0385742e+02
   1.9401600e+06   2.1557617e+02
   1.9401700e+06   4.9194336e+01
   1.9404120e+06   9.9426270e+01
   1.9421030e+06   4.1748047e+01
   1.9505870e+06   3.3627319e+03
   1.9505980e+06   4.1748047e+01
   1.9547800e+06   2.2479248e+02
   1.9547920e+06   4.8889160e+01
   1.9569280e+06   8.8562012e+01
   1.9595800e+06   4.1687012e+01
   1.9597010e+06   2.1179199e+02
   1.9597110e+06   5.4382324e+01
   1.9706320e+06   2.0483398e+02
   1.9749320e+06   9.3933105e+01
   1.9772540e+06   4.3762207e+01
   1.9775540e+06   3.7963867e+01
   1.9775860e+06   1.9110107e+02
   1.9793150e+06   9.0332031e+01
   1.9797750e+06   4.6142578e+01
   1.9797960e+06   2.0849609e+02
   1.9798090e+06   4.1320801e+01
   1.9813350e+06   2.2290039e+02
   1.9813450e+06   6.4636230e+01
   1.9840890e+06   3.8146973e+01
   1.9841090e+06   2.0263672e+02
   1.9841220e+06   4.8034668e+01
   1.9971690e+06   9.3017578e+01
   2.0006010e+06   3.3656616e+03
   2.0006920e+06   5.6152344e+01
   2.0007040e+06   5.4931641e+01
   2.0007310e+06   2.2888184e+02
   2.0007500e+06   4.6630859e+01
   2.0007810e+06   5.4199219e+01
   2.0007970e+06   4.3823242e+01
   2.0008210e+06   4.6447754e+01
   2.0008440e+06   6.8603516e+01
   2.0008660e+06   2.1234131e+02
   2.0008780e+06   3.8146973e+01
   2.0009070e+06   6.2011719e+01
   2.0009400e+06   1.5533447e+02
   2.0009990e+06   4.3151855e+01
   2.0010440e+06   1.2426758e+02
   2.0010750e+06   3.8269043e+01
   2.0011150e+06   6.6833496e+01
   2.0011310e+06   5.8715820e+01
   2.0011520e+06   4.2419434e+01
   2.0012250e+06   8.6364746e+01
   2.0012370e+06   8.1726074e+01
   2.0013110e+06   1.1621094e+02
   2.0013960e+06   6.1340332e+01
   2.0014320e+06   5.1940918e+01
   2.0014840e+06   9.9365234e+01
   2.0015570e+06   5.2368164e+01
   2.0016080e+06   1.0278320e+02
   2.0016230e+06   4.5043945e+01
   2.0017050e+06   7.5134277e+01
   2.0017160e+06   4.5166016e+01
   2.0017650e+06   5.6884766e+01
   2.0018570e+06   8.4350586e+01
   2.0019630e+06   8.3312988e+01
   2.0019730e+06   4.4433594e+01
   2.0020780e+06   7.7087402e+01
   2.0021460e+06   4.3029785e+01
   2.0021850e+06   9.6130371e+01
   2.0023570e+06   1.4343262e+02
   2.0028810e+06   1.4953613e+02
   2.0030450e+06   3.7963867e+01
   2.0031230e+06   1.8328857e+02
   2.0049950e+06   4.1076660e+01
   2.0161330e+06   3.7780762e+01
   2.0185480e+06   4.3029785e+01
   2.0188650e+06   1.8493652e+02
   2.0188760e+06   6.4636230e+01
   2.0191620e+06   1.7864990e+02
   2.0191730e+06   7.0800781e+01
   2.0200880e+06   1.7810059e+02
   2.0201000e+06   3.9245605e+01
   2.0358720e+06   3.7597656e+01
   2.0478660e+06   2.1246338e+02
   2.0478770e+06   5.6518555e+01
   2.0506150e+06   3.3630371e+03
   2.0582310e+06   1.9848633e+02
   2.0587940e+06   4.2602539e+01
   2.0592030e+06   1.9250488e+02
   2.0592170e+06   4.0283203e+01
   2.0600340e+06   1.8304443e+02
   2.0684290e+06   1.9165039e+02
   2.0684390e+06   5.5603027e+01
   2.0775110e+06   9.4665527e+01
   2.0775400e+06   2.1179199e+02
   2.0775560e+06   3.8452148e+01
   2.0780130e+06   2.0941162e+02
   2.0780300e+06   4.9377441e+01
   2.0787020e+06   4.2358398e+01
   2.0790500e+06   1.7584229e+02
   2.0790640e+06   3.7475586e+01
   2.0846540e+06   1.6918945e+02
   2.0861400e+06   4.3029785e+01
   2.0871020e+06   1.9677734e+02
   2.0871160e+06   4.1198730e+01
   2.0891550e+06   1.9012451e+02
   2.0891670e+06   4.5593262e+01
   2.0999600e+06   1.7687988e+02
   2.0999760e+06   4.3457031e+01
   2.1002330e+06   4.6752930e+01
   2.1003170e+06   1.8701172e+02
   2.1003290e+06   5.3039551e+01
   2.1006290e+06   3.3829956e+03
   2.1006740e+06   3.9062500e+01
   2.1007070e+06   1.7144775e+02
   2.1007220e+06   3.7963867e+01
   2.1089220e+06   3.9794922e+01
   2.1089390e+06   1.7010498e+02
   2.1089520e+06   4.5898437e+01
   2.1092680e+06   1.7352295e+02
   2.1092820e+06   4.3212891e+01
   2.1101500e+06   1.7773438e+02
   2.1101630e+06   3.9245605e+01
   2.1111730e+06   1.7138672e+02
   2.1115170e+06   1.6595459e+02
   2.1115280e+06   5.2551270e+01
   2.1268440e+06   3.7658691e+01
   2.1275410e+06   1.8286133e+02
   2.1278910e+06   1.8023682e+02
   2.1279020e+06   5.8959961e+01
   2.1288080e+06   4.4860840e+01
   2.1288300e+06   1.8951416e+02
   2.1288450e+06   4.1992188e+01
   2.1321980e+06   3.7841797e+01
   2.1369460e+06   3.7475586e+01
   2.1430750e+06   2.1099854e+02
   2.1433660e+06   3.8696289e+01
   2.1436540e+06   1.7718506e+02
   2.1436650e+06   6.0546875e+01
   2.1437530e+06   4.1259766e+01
   2.1506430e+06   3.3807373e+03
   2.1515860e+06   1.6833496e+02
   2.1515990e+06   4.6386719e+01
   2.1602540e+06   2.0837402e+02
   2.1605410e+06   3.7841797e+01
   2.1605680e+06   1.9897461e+02
   2.1605780e+06   6.8542480e+01
   2.1746530e+06   2.0312500e+02
   2.1746630e+06   5.2246094e+01
   2.1755280e+06   4.1625977e+01
   2.1756050e+06   1.9830322e+02
   2.1849210e+06   2.1166992e+02
   2.1905600e+06   9.1979980e+01
   2.1909850e+06   5.0292969e+01
   2.1910160e+06   1.7614746e+02
   2.1913230e+06   2.0843506e+02
   2.1934270e+06   4.0649414e+01
   2.1997390e+06   3.7719727e+01
   2.2006550e+06   1.3746338e+03
   2.2155100e+06   2.0660400e+02
   2.2155240e+06   4.0283203e+01
   2.2192020e+06   9.7290039e+01
   2.2212920e+06   1.9787598e+02
   2.2213060e+06   4.3701172e+01
   2.2214170e+06   1.7077637e+02
   2.2214300e+06   6.3476563e+01
   2.2217900e+06   1.9702148e+02
   2.2218040e+06   4.3029785e+01
   2.2219200e+06   3.8940430e+01
   2.2223120e+06   4.0893555e+01
   2.2223500e+06   1.9390869e+02
   2.2223600e+06   7.4401855e+01
   2.2225330e+06   1.6973877e+02
   2.2225430e+06   6.5246582e+01
   2.2466770e+06   4.1442871e+01
   2.2470410e+06   1.1492920e+02
   2.2470520e+06   6.2866211e+01
   2.2506710e+06   3.3713379e+03
   2.2515360e+06   4.0649414e+01
   2.2706350e+06   2.0788574e+02
   2.2821870e+06   2.0013428e+02
   2.2831600e+06   1.0369873e+02
   2.2831830e+06   4.4921875e+01
   2.2832130e+06   5.3283691e+01
   2.2832320e+06   1.9433594e+02
   2.2832420e+06   1.1456299e+02
   2.2832980e+06   7.6721191e+01
   2.2833380e+06   2.1051025e+02
   2.2833490e+06   4.8034668e+01
   2.2833720e+06   4.1687012e+01
   2.2834260e+06   4.2236328e+01
   2.2834470e+06   5.0659180e+01
   2.2834610e+06   1.3806152e+02
   2.2834770e+06   3.9855957e+01
   2.2835270e+06   4.2175293e+01
   2.2835880e+06   5.5541992e+01
   2.2836060e+06   1.3873291e+02
   2.2836970e+06   8.4533691e+01
   2.2837410e+06   5.5664063e+01
   2.2837800e+06   8.6914063e+01
   2.2838710e+06   5.4870605e+01
   2.2839200e+06   1.0705566e+02
   2.2840790e+06   4.8034668e+01
   2.2841330e+06   1.3555908e+02
   2.2842100e+06   4.3151855e+01
   2.2842570e+06   6.3476563e+01
   2.2844120e+06   6.1584473e+01
   2.2845600e+06   1.4990234e+02
   2.2846430e+06   5.8471680e+01
   2.2880350e+06   3.7902832e+01
   2.2884980e+06   1.5478516e+02
   2.2885080e+06   5.3100586e+01
   2.2891060e+06   1.9189453e+02
   2.2930160e+06   4.1625977e+01
   2.3006830e+06   1.3687134e+03
   2.3291510e+06   4.4494629e+01
   2.3372460e+06   3.8879395e+01
   2.3501990e+06   2.1911621e+02
   2.3506990e+06   3.3558960e+03
   2.3511440e+06   1.9036865e+02
   2.3515460e+06   4.6386719e+01
   2.3515590e+06   6.7565918e+01
   2.3518320e+06   1.6754150e+02
   2.3518420e+06   5.3222656e+01
   2.3520630e+06   4.4006348e+01
   2.3522720e+06   1.8084717e+02
   2.3522860e+06   4.2114258e+01
   2.3677850e+06   3.9306641e+01
   2.3729290e+06   1.7553711e+02
   2.3729410e+06   4.2114258e+01
   2.3779690e+06   2.0520020e+02
   2.3783860e+06   1.8640137e+02
   2.3784020e+06   3.9733887e+01
   2.3786560e+06   1.6961670e+02
   2.3786710e+06   4.2602539e+01
   2.3791840e+06   1.7694092e+02
   2.3791950e+06   5.9814453e+01
   2.4006450e+06   2.0391846e+02
   2.4006560e+06   5.5175781e+01
   2.4007110e+06   1.3675537e+03
   2.4016990e+06   4.3212891e+01
   2.4017920e+06   2.0739746e+02
   2.4018060e+06   4.1992188e+01
   2.4070860e+06   4.0039063e+01
   2.4091480e+06   3.7963867e+01
   2.4092210e+06   1.8695068e+02
   2.4233380e+06   2.1850586e+02
   2.4233530e+06   3.7414551e+01
   2.4377070e+06   4.0100098e+01
   2.4388960e+06   1.8798828e+02
   2.4455060e+06   3.9672852e+01
   2.4455220e+06   2.1484375e+02
   2.4457920e+06   3.7353516e+01
   2.4460610e+06   3.9672852e+01
   2.4461500e+06   7.1533203e+01
   2.4462430e+06   6.5673828e+01
   2.4462870e+06   3.7597656e+01
   2.4463160e+06   1.7498779e+02
   2.4463260e+06   6.0607910e+01
   2.4463780e+06   8.7219238e+01
   2.4464930e+06   5.5969238e+01
   2.4466800e+06   6.2255859e+01
   2.4467320e+06   1.6638184e+02
   2.4467420e+06   6.1584473e+01
   2.4469680e+06   6.4575195e+01
   2.4470540e+06   1.8933105e+02
   2.4470660e+06   4.1137695e+01
   2.4507250e+06   1.3598022e+03
   2.4680230e+06   4.1625977e+01
   2.4803260e+06   2.0117188e+02
   2.4803420e+06   3.9245605e+01
   2.4970080e+06   2.0343018e+02
   2.4970240e+06   4.0649414e+01
   2.5097210e+06   7.4523926e+01
   2.5097450e+06   4.2358398e+01
   2.5097720e+06   4.0405273e+01
   2.5098000e+06   4.0405273e+01
   2.5098230e+06   6.5490723e+01
   2.5099330e+06   4.7180176e+01
   2.5099620e+06   2.1661377e+02
   2.5099730e+06   5.6884766e+01
   2.5100270e+06   8.0505371e+01
   2.5100600e+06   3.8635254e+01
   2.5101250e+06   6.6162109e+01
   2.5101730e+06   1.9952393e+02
   2.5101910e+06   4.5715332e+01
   2.5102560e+06   5.4321289e+01
   2.5102800e+06   1.5435791e+02
   2.5102900e+06   9.1186523e+01
   2.5103460e+06   3.7536621e+01
   2.5104510e+06   3.7841797e+01
   2.5104740e+06   8.6425781e+01
   2.5105180e+06   1.5606689e+02
   2.5105470e+06   5.9570313e+01
   2.5106770e+06   5.1757813e+01
   2.5107040e+06   4.1076660e+01
   2.5108090e+06   4.1809082e+01
   2.5109110e+06   4.9865723e+01
   2.5109610e+06   4.4189453e+01
   2.5109950e+06   4.0954590e+01
   2.5111240e+06   1.6210938e+02
   2.5111910e+06   5.0170898e+01
   2.5112960e+06   4.3579102e+01
   2.5114560e+06   4.6447754e+01
   2.5116160e+06   4.9072266e+01
   2.5125490e+06   1.5887451e+02
   2.5125590e+06   4.8217773e+01
   2.5150110e+06   3.9733887e+01
   2.5151740e+06   4.2053223e+01
   2.5151860e+06   5.0842285e+01
   2.5264120e+06   8.6120605e+01
   2.5274870e+06   8.0627441e+01
   2.5341650e+06   7.9833984e+01
   2.5691470e+06   1.7663574e+02
   2.5691570e+06   5.8166504e+01
   2.5722180e+06   3.9916992e+01
   2.5909860e+06   2.0379639e+02
   2.5910160e+06   6.9152832e+01
   2.5946310e+06   2.0568848e+02
   2.5946430e+06   4.8828125e+01
   2.6037270e+06   2.2204590e+02
   2.6037370e+06   7.6416016e+01
   2.6091550e+06   8.5815430e+01
   2.6091790e+06   4.9255371e+01
   2.6092360e+06   4.1809082e+01
   2.6093370e+06   4.2175293e+01
   2.6094030e+06   5.2917480e+01
   2.6094810e+06   1.9915771e+02
   2.6095820e+06   3.8330078e+01
   2.6097790e+06   3.7841797e+01
   2.6098980e+06   4.1320801e+01
   2.6099670e+06   4.2541504e+01
   2.6100300e+06   4.2663574e+01
   2.6100840e+06   6.2805176e+01
   2.6103450e+06   7.4645996e+01
   2.6104790e+06   1.8719482e+02
   2.6395840e+06   3.8085938e+01
   2.6579790e+06   1.8304443e+02
   2.6579920e+06   4.1748047e+01
   2.6858680e+06   2.3937988e+02
   2.6858830e+06   4.5471191e+01
   2.6964310e+06   1.9104004e+02
   2.6964440e+06   3.8452148e+01
   2.6991750e+06   9.8022461e+01
   2.7006610e+06   8.3374023e+01
   2.7127430e+06   1.9281006e+02
   2.7258210e+06   4.1198730e+01
   2.7258590e+06   5.1574707e+01
   2.7258750e+06   3.9123535e+01
   2.7259340e+06   4.2175293e+01
   2.7259660e+06   6.5551758e+01
   2.7260350e+06   7.5134277e+01
   2.7260610e+06   2.2827148e+02
   2.7260720e+06   7.1472168e+01
   2.7262120e+06   5.9448242e+01
   2.7262750e+06   5.9082031e+01
   2.7263490e+06   4.7241211e+01
   2.7263790e+06   3.9733887e+01
   2.7263910e+06   2.2460938e+02
   2.7264050e+06   3.9794922e+01
   2.7264490e+06   5.6518555e+01
   2.7264740e+06   4.0954590e+01
   2.7264900e+06   4.1870117e+01
   2.7265330e+06   1.6241455e+02
   2.7265460e+06   5.9448242e+01
   2.7266110e+06   3.8879395e+01
   2.7266300e+06   9.8022461e+01
   2.7266800e+06   1.7987061e+02
   2.7266900e+06   4.9011230e+01
   2.7267380e+06   4.9194336e+01
   2.7268670e+06   5.6396484e+01
   2.7270230e+06   1.9384766e+02
   2.7271610e+06   4.6752930e+01
   2.7272150e+06   1.9067383e+02
   2.7272290e+06   4.4677734e+01
   2.7273210e+06   5.1269531e+01
   2.7274470e+06   4.1015625e+01
   2.7276250e+06   4.0893555e+01
   2.7317480e+06   4.0405273e+01
   2.7318770e+06   4.1320801e+01
   2.7319290e+06   1.8188477e+02
   2.7428730e+06   3.8085938e+01
   2.7665150e+06   1.9628906e+02
   2.7665310e+06   4.4067383e+01
   2.7726510e+06   3.7231445e+01
   2.7765830e+06   2.2521973e+02
   2.7765960e+06   4.1931152e+01
   2.7966510e+06   3.7719727e+01
   2.8047290e+06   2.2052002e+02
   2.8047420e+06   4.8095703e+01
   2.8084460e+06   2.1795654e+02
   2.8084610e+06   4.5837402e+01
   2.8159510e+06   1.9531250e+02
   2.8159670e+06   4.1076660e+01
   2.8383760e+06   2.2717285e+02
   2.8432720e+06   1.8853760e+02
   2.8432860e+06   3.7170410e+01
   2.8477090e+06   2.1691895e+02
   2.8477230e+06   3.8574219e+01
   2.8608430e+06   1.7736816e+02
   2.8618800e+06   1.9500732e+02
   2.8618910e+06   6.5917969e+01
   2.8625980e+06   4.5043945e+01
   2.8666600e+06   4.0649414e+01
   2.8672750e+06   1.8579102e+02
   2.8672850e+06   5.7922363e+01
   2.8708990e+06   8.9904785e+01
   2.8786970e+06   4.2663574e+01
   2.8870430e+06   2.0959473e+02
   2.8972550e+06   4.0344238e+01
   2.8974020e+06   2.0843506e+02
   2.8974170e+06   4.2053223e+01
   2.9065750e+06   1.7529297e+02
   2.9065880e+06   3.8146973e+01
   2.9182360e+06   2.0788574e+02
   2.9182520e+06   4.8400879e+01
   2.9203460e+06   2.0416260e+02
   2.9215060e+06   7.9040527e+01
   2.9295340e+06   2.1423340e+02
   2.9326170e+06   1.9970703e+02
   2.9479780e+06   2.3181152e+02
   2.9479910e+06   4.7058105e+01
   2.9557110e+06   1.9818115e+02
   2.9558550e+06   7.8735352e+01
   2.9558830e+06   4.0222168e+01
   2.9559500e+06   5.4321289e+01
   2.9559620e+06   7.2143555e+01
   2.9560170e+06   3.9184570e+01
   2.9560810e+06   4.4799805e+01
   2.9561280e+06   5.6823730e+01
   2.9561450e+06   9.5886230e+01
   2.9561870e+06   9.5520020e+01
   2.9562180e+06   6.7687988e+01
   2.9563140e+06   5.0048828e+01
   2.9563750e+06   3.8757324e+01
   2.9563960e+06   3.8391113e+01
   2.9564310e+06   1.9805908e+02
   2.9564430e+06   4.8706055e+01
   2.9565400e+06   5.4870605e+01
   2.9565580e+06   1.6796875e+02
   2.9565770e+06   9.2407227e+01
   2.9567020e+06   5.5480957e+01
   2.9567510e+06   4.4738770e+01
   2.9567670e+06   4.5654297e+01
   2.9568370e+06   8.6303711e+01
   2.9568700e+06   4.2236328e+01
   2.9569560e+06   5.7678223e+01
   2.9569780e+06   6.4392090e+01
   2.9571150e+06   4.9255371e+01
   2.9571530e+06   1.4721680e+02
   2.9573100e+06   4.7241211e+01
   2.9573770e+06   3.8818359e+01
   2.9713520e+06   8.7585449e+01
   2.9715510e+06   2.1124268e+02
   2.9715650e+06   4.2297363e+01
   2.9822420e+06   1.8994141e+02
   2.9822530e+06   6.0974121e+01
   2.9952030e+06   1.8817139e+02
