   2.9990000e+06   0.0000000e+00
   4.1000000e+01   3.9999390e+03
   5.4000000e+01   3.4606934e+01
   1.1234000e+04   3.3691406e+01
   1.6340000e+04   3.5522461e+01
   1.7745000e+04   3.3203125e+01
   3.1306000e+04   4.4067383e+01
   3.6551000e+04   3.3813477e+01
   4.3054000e+04   3.6926270e+01
   4.8452000e+04   3.9306641e+01
   5.0053000e+04   1.9697266e+03
   5.0065000e+04   3.9916992e+01
   5.3141000e+04   3.9062500e+01
   5.5097000e+04   3.3264160e+01
   6.1283000e+04   4.1687012e+01
   6.1494000e+04   4.2724609e+01
   6.1526000e+04   3.5034180e+01
   6.1547000e+04   4.2541504e+01
   6.1565000e+04   4.1748047e+01
   6.1591000e+04   4.4799805e+01
   6.1649000e+04   3.5400391e+01
   6.1800000e+04   3.4973145e+01
   6.1811000e+04   5.4809570e+01
   6.1882000e+04   3.5766602e+01
   6.1893000e+04   1.0296631e+02
   6.1924000e+04   3.6071777e+01
   6.2081000e+04   3.3691406e+01
   6.2265000e+04   3.4118652e+01
   9.3011000e+04   3.9123535e+01
   9.9725000e+04   3.6621094e+01
   1.0006700e+05   1.9516602e+03
   1.0008000e+05   4.4311523e+01
   1.0231400e+05   3.4729004e+01
   1.0530800e+05   3.4484863e+01
   1.1067500e+05   3.6499023e+01
   1.1201700e+05   3.3996582e+01
   1.1528100e+05   3.8879395e+01
   1.1687700e+05   4.0161133e+01
   1.2200800e+05   3.3142090e+01
   1.2227100e+05   3.2836914e+01
   1.2313400e+05   4.2724609e+01
   1.2909900e+05   3.4423828e+01
   1.3042700e+05   3.4301758e+01
   1.3464500e+05   3.4118652e+01
   1.3632900e+05   3.2714844e+01
   1.3672700e+05   3.4912109e+01
   1.4181400e+05   3.3874512e+01
   1.4254500e+05   3.3874512e+01
   1.4281600e+05   4.1625977e+01
   1.4480800e+05   4.1198730e+01
   1.5008100e+05   1.8456421e+03
   1.5526600e+05   3.3142090e+01
   1.6248800e+05   3.3081055e+01
   1.6441200e+05   3.3142090e+01
   1.6603700e+05   3.7963867e+01
   1.6807300e+05   4.3579102e+01
   1.7204000e+05   3.4729004e+01
   1.7275900e+05   3.8269043e+01
   1.7347100e+05   4.8400879e+01
   1.7396300e+05   3.2897949e+01
   1.7399400e+05   3.3569336e+01
   1.7401600e+05   3.2775879e+01
   1.7416800e+05   3.5339355e+01
   1.7484200e+05   3.4729004e+01
   1.7526500e+05   3.4973145e+01
   1.8095800e+05   3.3142090e+01
   1.8876400e+05   3.5522461e+01
   1.8882500e+05   3.3508301e+01
   1.8895500e+05   3.3996582e+01
   1.8910700e+05   3.7414551e+01
   1.8963500e+05   3.3752441e+01
   1.8969200e+05   4.1870117e+01
   1.8970600e+05   3.5888672e+01
   1.8978300e+05   2.7325439e+02
   1.8991800e+05   1.1669922e+02
   1.8993400e+05   3.4179688e+01
   1.9000700e+05   7.9589844e+01
   1.9003800e+05   3.8208008e+01
   1.9020100e+05   9.3017578e+01
   1.9036800e+05   1.6137695e+02
   1.9045100e+05   3.6743164e+01
   1.9046900e+05   5.7800293e+01
   1.9055300e+05   3.9001465e+01
   1.9080700e+05   2.1746826e+02
   1.9356900e+05   3.3325195e+01
   2.0009700e+05   3.8563843e+03
   2.0011000e+05   3.6560059e+01
   2.1803200e+05   3.5949707e+01
   2.2095300e+05   3.6926270e+01
   2.2376700e+05   3.7475586e+01
   2.2469600e+05   3.7109375e+01
   2.2771200e+05   3.7414551e+01
   2.2826900e+05   3.7658691e+01
   2.4228500e+05   3.6193848e+01
   2.5011100e+05   3.7978516e+03
   2.5012500e+05   4.1503906e+01
   2.5383500e+05   3.4973145e+01
   2.5619200e+05   3.5217285e+01
   2.6748100e+05   3.8208008e+01
   2.6751300e+05   3.4118652e+01
   2.6757600e+05   5.1513672e+01
   2.6759400e+05   3.3081055e+01
   2.6761000e+05   3.8452148e+01
   2.6764000e+05   3.4362793e+01
   2.6766600e+05   3.3325195e+01
   2.6767900e+05   1.9421387e+02
   2.6769100e+05   5.5419922e+01
   2.6772600e+05   4.2968750e+01
   2.6774000e+05   5.5786133e+01
   2.6777000e+05   3.2775879e+01
   2.6778600e+05   1.1730957e+02
   2.6782100e+05   5.1330566e+01
   2.6786400e+05   5.0842285e+01
   2.6787500e+05   5.3771973e+01
   2.6791600e+05   4.0283203e+01
   2.6794800e+05   8.6059570e+01
   2.6797600e+05   5.9143066e+01
   2.6801000e+05   3.4118652e+01
   2.6802100e+05   3.7963867e+01
   2.6806300e+05   8.0017090e+01
   2.6807400e+05   6.1950684e+01
   2.6819500e+05   4.6264648e+01
   2.6821600e+05   7.2875977e+01
   2.6825900e+05   5.1757813e+01
   2.6837500e+05   3.3447266e+01
   2.6839100e+05   3.2836914e+01
   2.6923800e+05   3.3325195e+01
   2.7023200e+05   3.4118652e+01
   2.7275800e+05   3.6437988e+01
   2.7399800e+05   3.4851074e+01
   2.7502500e+05   3.4179688e+01
   2.8280600e+05   3.5461426e+01
   2.8695100e+05   3.5034180e+01
   2.9117800e+05   3.3203125e+01
   2.9840500e+05   3.3203125e+01
   3.0012300e+05   1.7374878e+03
   3.0610900e+05   3.4301758e+01
   3.1151500e+05   3.4240723e+01
   3.1694900e+05   3.3386230e+01
   3.2091500e+05   3.4362793e+01
   3.2242200e+05   3.7719727e+01
   3.2252400e+05   3.4851074e+01
   3.2310200e+05   3.2775879e+01
   3.2636500e+05   3.4362793e+01
   3.2677700e+05   3.4606934e+01
   3.2737600e+05   3.3813477e+01
   3.2791700e+05   3.6499023e+01
   3.3109900e+05   3.3569336e+01
   3.3544300e+05   3.5156250e+01
   3.4994100e+05   3.4484863e+01
   3.5013600e+05   8.6901855e+02
   3.5065300e+05   3.3691406e+01
   3.5079300e+05   3.3996582e+01
   3.5153800e+05   4.0344238e+01
   3.5363000e+05   3.4973145e+01
   3.6016700e+05   3.3874512e+01
   3.6336700e+05   3.8696289e+01
   3.6796300e+05   3.6254883e+01
   3.7033600e+05   3.3386230e+01
   3.7048000e+05   3.4545898e+01
   3.7149100e+05   3.3325195e+01
   3.7172600e+05   3.4484863e+01
   3.7188600e+05   4.3029785e+01
   3.7217400e+05   5.4321289e+01
   3.7229900e+05   3.8391113e+01
   3.7234800e+05   1.3818359e+02
   3.7235800e+05   6.8603516e+01
   3.8603200e+05   3.4851074e+01
   3.9235400e+05   3.2897949e+01
   4.0015300e+05   3.6538696e+03
   4.0016300e+05   3.3508301e+01
   4.0093000e+05   3.6376953e+01
   4.0105500e+05   4.1503906e+01
   4.0363000e+05   3.3020020e+01
   4.1509900e+05   3.2775879e+01
   4.1576500e+05   4.2297363e+01
   4.1577600e+05   3.2836914e+01
   4.1684300e+05   3.7963867e+01
   4.2148600e+05   3.2775879e+01
   4.2365400e+05   3.5095215e+01
   4.2484400e+05   3.6804199e+01
   4.3399100e+05   3.7048340e+01
   4.3528500e+05   3.5644531e+01
   4.3722500e+05   3.8574219e+01
   4.3878500e+05   3.3325195e+01
   4.4159300e+05   3.4729004e+01
   4.4196400e+05   3.2714844e+01
   4.4315800e+05   3.8024902e+01
   4.4915400e+05   4.1870117e+01
   4.5016500e+05   1.6436768e+03
   4.5017700e+05   4.1015625e+01
   4.5510900e+05   3.4851074e+01
   4.7584500e+05   3.2836914e+01
   4.8160300e+05   4.1198730e+01
   4.8583000e+05   3.5461426e+01
   5.0017900e+05   1.6292114e+03
   5.0019300e+05   3.3264160e+01
   5.0080500e+05   3.7658691e+01
   5.0683400e+05   3.6071777e+01
   5.0690100e+05   4.6203613e+01
   5.0697700e+05   4.0710449e+01
   5.0814200e+05   4.3640137e+01
   5.0815300e+05   2.0129395e+02
   5.0816500e+05   3.7170410e+01
   5.0822600e+05   4.2175293e+01
   5.0828800e+05   5.5664063e+01
   5.0833200e+05   3.4912109e+01
   5.0836500e+05   3.8757324e+01
   5.0841400e+05   3.8391113e+01
   5.0842400e+05   3.4240723e+01
   5.0857100e+05   4.2053223e+01
   5.0881000e+05   4.6691895e+01
   5.0882300e+05   1.5332031e+02
   5.0883500e+05   5.5297852e+01
   5.0887000e+05   3.5461426e+01
   5.1246900e+05   3.4179688e+01
   5.1803600e+05   3.5644531e+01
   5.2758200e+05   3.8513184e+01
   5.3473200e+05   3.3569336e+01
   5.3605400e+05   3.5278320e+01
   5.4110800e+05   3.5705566e+01
   5.4288800e+05   4.0588379e+01
   5.4406900e+05   3.3264160e+01
   5.5019300e+05   1.6236572e+03
   5.5410300e+05   3.5156250e+01
   5.5562200e+05   3.6315918e+01
   5.5769700e+05   3.8513184e+01
   5.6102500e+05   3.5156250e+01
   5.6250200e+05   3.3691406e+01
   5.6271100e+05   3.4851074e+01
   5.6272400e+05   3.3630371e+01
   5.6275500e+05   1.5551758e+02
   5.6282100e+05   3.6682129e+01
   5.6287000e+05   3.6743164e+01
   5.6316500e+05   3.5888672e+01
   5.6320800e+05   6.5612793e+01
   5.6328200e+05   3.4912109e+01
   5.6337200e+05   3.5705566e+01
   5.6339700e+05   3.3081055e+01
   5.6421800e+05   3.6865234e+01
   5.7315100e+05   3.6010742e+01
   5.8032300e+05   3.7231445e+01
   5.8279400e+05   3.5217285e+01
   5.8579100e+05   4.0222168e+01
   5.8909200e+05   3.4301758e+01
   5.8968700e+05   3.2958984e+01
   5.9495900e+05   3.4057617e+01
   5.9588400e+05   3.6804199e+01
   6.0020700e+05   1.6072388e+03
   6.0021900e+05   5.6335449e+01
   6.0097000e+05   3.2714844e+01
   6.0253900e+05   3.2836914e+01
   6.0791000e+05   3.4667969e+01
   6.0917600e+05   3.9978027e+01
   6.1580800e+05   3.3325195e+01
   6.2448700e+05   3.4118652e+01
   6.2518100e+05   3.3386230e+01
   6.2804400e+05   3.2714844e+01
   6.2912700e+05   3.9794922e+01
   6.3050900e+05   3.3935547e+01
   6.3707300e+05   3.4301758e+01
   6.3807800e+05   3.5461426e+01
   6.4394600e+05   4.0588379e+01
   6.4860400e+05   3.3386230e+01
   6.5022300e+05   3.6114502e+03
   6.5023700e+05   3.8818359e+01
   6.5192900e+05   3.8513184e+01
   6.5310000e+05   3.9733887e+01
   6.5685100e+05   3.2775879e+01
   6.6291800e+05   3.5461426e+01
   6.6403900e+05   3.5705566e+01
   6.6613400e+05   3.5034180e+01
   6.6995900e+05   3.3874512e+01
   6.7498100e+05   3.3203125e+01
   6.7851100e+05   3.7292480e+01
   6.8479000e+05   3.3020020e+01
   6.8719700e+05   3.5644531e+01
   6.8743400e+05   3.9245605e+01
   6.8942600e+05   5.7861328e+01
   6.9143200e+05   3.4851074e+01
   6.9241000e+05   3.4240723e+01
   7.0023500e+05   1.6416626e+03
   7.0245900e+05   3.7475586e+01
   7.0508400e+05   3.5949707e+01
   7.2233200e+05   3.4667969e+01
   7.2244300e+05   3.2958984e+01
   7.2251400e+05   3.4362793e+01
   7.2253600e+05   4.1931152e+01
   7.2259600e+05   3.7902832e+01
   7.2262800e+05   3.2958984e+01
   7.2265900e+05   3.3325195e+01
   7.2268900e+05   3.8085938e+01
   7.2274500e+05   4.7241211e+01
   7.2278100e+05   3.9672852e+01
   7.2279100e+05   7.6721191e+01
   7.2281700e+05   4.1625977e+01
   7.2286300e+05   4.1320801e+01
   7.2290300e+05   1.4117432e+02
   7.2293300e+05   5.1696777e+01
   7.2296700e+05   3.5034180e+01
   7.2300500e+05   1.3171387e+02
   7.2304400e+05   5.8776855e+01
   7.2311900e+05   3.6132813e+01
   7.2319700e+05   4.1381836e+01
   7.2324800e+05   5.1452637e+01
   7.2326800e+05   1.5447998e+02
   7.2328100e+05   6.0241699e+01
   7.2333300e+05   4.1137695e+01
   7.2337600e+05   3.8208008e+01
   7.2340100e+05   3.4545898e+01
   7.2342600e+05   3.8818359e+01
   7.2347000e+05   4.4494629e+01
   7.2354800e+05   3.3081055e+01
   7.2357700e+05   3.7780762e+01
   7.2366300e+05   4.2175293e+01
   7.2368000e+05   3.3874512e+01
   7.2378400e+05   3.9001465e+01
   7.2390600e+05   3.9184570e+01
   7.2402100e+05   3.7292480e+01
   7.2405100e+05   3.6804199e+01
   7.2411300e+05   3.3020020e+01
   7.2420600e+05   3.4057617e+01
   7.2431600e+05   3.5522461e+01
   7.2454100e+05   3.4851074e+01
   7.2460300e+05   3.8635254e+01
   7.2474000e+05   3.7536621e+01
   7.2487300e+05   3.5217285e+01
   7.2495100e+05   5.1330566e+01
   7.2502700e+05   3.4606934e+01
   7.2529000e+05   3.3264160e+01
   7.2572100e+05   3.5217285e+01
   7.2596800e+05   4.0832520e+01
   7.2623400e+05   3.3813477e+01
   7.2658000e+05   3.3874512e+01
   7.2674300e+05   3.5583496e+01
   7.2722300e+05   3.6621094e+01
   7.2735500e+05   3.5095215e+01
   7.2761800e+05   3.5644531e+01
   7.2819000e+05   4.8706055e+01
   7.2826300e+05   3.3630371e+01
   7.2860300e+05   3.3508301e+01
   7.2894200e+05   3.4667969e+01
   7.2928800e+05   3.4240723e+01
   7.2961500e+05   3.6254883e+01
   7.3002700e+05   3.2836914e+01
   7.3118700e+05   3.4790039e+01
   7.3198900e+05   4.0710449e+01
   7.4843200e+05   3.3081055e+01
   7.4886700e+05   3.7475586e+01
   7.5025100e+05   3.6405640e+03
   7.5026600e+05   3.6193848e+01
   7.5710800e+05   3.4912109e+01
   7.5913000e+05   3.5522461e+01
   7.6439700e+05   3.3935547e+01
   7.6693300e+05   3.5522461e+01
   7.6723700e+05   3.3081055e+01
   7.6763300e+05   3.8452148e+01
   7.6767000e+05   3.4729004e+01
   7.6781000e+05   3.5034180e+01
   7.6845400e+05   3.2775879e+01
   7.6847000e+05   4.7119141e+01
   7.7661200e+05   3.3020020e+01
   7.7702700e+05   3.8757324e+01
   7.7778500e+05   3.8208008e+01
   7.7987500e+05   3.3630371e+01
   7.8701500e+05   3.5888672e+01
   7.8939300e+05   4.2175293e+01
   7.8944800e+05   3.5583496e+01
   7.8987500e+05   3.5705566e+01
   7.9274900e+05   3.3264160e+01
   8.0026300e+05   1.6788940e+03
   8.0048700e+05   3.5156250e+01
   8.0078000e+05   3.5095215e+01
   8.0152300e+05   3.7597656e+01
   8.0173500e+05   3.6193848e+01
   8.1228000e+05   3.3508301e+01
   8.1336900e+05   3.8208008e+01
   8.1398300e+05   3.3264160e+01
   8.1401600e+05   3.3264160e+01
   8.1441500e+05   3.6743164e+01
   8.1445100e+05   3.3264160e+01
   8.1489200e+05   4.0954590e+01
   8.2389400e+05   3.5095215e+01
   8.2437000e+05   3.4423828e+01
   8.2608600e+05   3.3020020e+01
   8.3001200e+05   4.0100098e+01
   8.3013200e+05   5.6213379e+01
   8.3051700e+05   4.2724609e+01
   8.3095000e+05   3.4545898e+01
   8.3115800e+05   4.4799805e+01
   8.3755100e+05   3.2897949e+01
   8.3827300e+05   3.2836914e+01
   8.5027700e+05   1.6867065e+03
   8.5029800e+05   3.4240723e+01
   8.5162400e+05   3.3508301e+01
   8.5296600e+05   3.7231445e+01
   8.5357500e+05   3.5705566e+01
   8.5404000e+05   3.4851074e+01
   8.5473100e+05   3.3203125e+01
   8.6525400e+05   3.4362793e+01
   8.6571200e+05   4.0893555e+01
   8.6985200e+05   3.5461426e+01
   8.7001800e+05   3.5095215e+01
   8.7095000e+05   3.4179688e+01
   8.8142300e+05   3.3630371e+01
   8.8210600e+05   3.5156250e+01
   8.9249700e+05   3.6193848e+01
   8.9498000e+05   3.3569336e+01
   8.9553700e+05   3.6499023e+01
   8.9734000e+05   3.9550781e+01
   8.9836200e+05   3.3142090e+01
   9.0029100e+05   1.7156372e+03
   9.0030600e+05   5.4504395e+01
   9.0700100e+05   3.8269043e+01
   9.1863500e+05   3.6376953e+01
   9.2105100e+05   3.7048340e+01
   9.2797000e+05   3.3264160e+01
   9.3058100e+05   3.6376953e+01
   9.3243500e+05   3.3691406e+01
   9.4470900e+05   3.5827637e+01
   9.4478300e+05   4.7424316e+01
   9.4486400e+05   4.1015625e+01
   9.4526800e+05   3.8330078e+01
   9.4558200e+05   3.3996582e+01
   9.4566700e+05   3.9428711e+01
   9.4572800e+05   4.7546387e+01
   9.4578100e+05   3.4240723e+01
   9.4624700e+05   3.7109375e+01
   9.4643600e+05   3.5156250e+01
   9.4657200e+05   3.6926270e+01
   9.5030500e+05   1.7357178e+03
   9.6309800e+05   3.7292480e+01
   9.7196500e+05   3.6071777e+01
   9.7385600e+05   3.2958984e+01
   9.7653700e+05   3.7902832e+01
   9.7738100e+05   3.4057617e+01
   9.8277900e+05   3.8635254e+01
   9.8799700e+05   4.0588379e+01
   9.8803100e+05   3.3081055e+01
   9.8815800e+05   3.2958984e+01
   1.0003190e+06   1.7388306e+03
   1.0003310e+06   5.2856445e+01
   1.0051440e+06   3.4545898e+01
   1.0058070e+06   3.6926270e+01
   1.0067800e+06   3.4790039e+01
   1.0111800e+06   3.3935547e+01
   1.0125500e+06   3.9001465e+01
   1.0153640e+06   3.3264160e+01
   1.0201280e+06   3.7780762e+01
   1.0315910e+06   3.4301758e+01
   1.0332370e+06   3.5034180e+01
   1.0355630e+06   3.4240723e+01
   1.0449250e+06   3.2958984e+01
   1.0451220e+06   3.5461426e+01
   1.0475300e+06   3.7475586e+01
   1.0503350e+06   3.7316284e+03
   1.0503480e+06   4.0893555e+01
   1.0550740e+06   3.9001465e+01
   1.0615090e+06   3.6010742e+01
   1.0624680e+06   3.6071777e+01
   1.0627820e+06   3.2897949e+01
   1.0628900e+06   3.3142090e+01
   1.0629210e+06   3.7170410e+01
   1.0736200e+06   3.7170410e+01
   1.0762160e+06   3.3569336e+01
   1.0818710e+06   3.5034180e+01
   1.0828910e+06   3.6010742e+01
   1.0839620e+06   4.2297363e+01
   1.0844400e+06   4.0344238e+01
   1.0895780e+06   3.7841797e+01
   1.1003470e+06   1.7473145e+03
   1.1003630e+06   3.8024902e+01
   1.1029090e+06   3.7353516e+01
   1.1032840e+06   3.3874512e+01
   1.1038700e+06   5.1391602e+01
   1.1039530e+06   4.4128418e+01
   1.1046210e+06   3.3325195e+01
   1.1106040e+06   3.5766602e+01
   1.1117510e+06   3.9001465e+01
   1.1148760e+06   3.8696289e+01
   1.1199830e+06   3.5461426e+01
   1.1290130e+06   4.2846680e+01
   1.1290750e+06   3.9672852e+01
   1.1290960e+06   3.4973145e+01
   1.1434960e+06   3.8452148e+01
   1.1503630e+06   3.7463989e+03
   1.1503750e+06   3.4179688e+01
   1.1504090e+06   3.3935547e+01
   1.1550140e+06   3.7414551e+01
   1.1662870e+06   3.3020020e+01
   1.1683390e+06   3.5522461e+01
   1.1783030e+06   3.3264160e+01
   1.1794630e+06   3.3508301e+01
   1.1890390e+06   3.4851074e+01
   1.1937790e+06   3.3752441e+01
   1.1960700e+06   4.1809082e+01
   1.2003750e+06   1.7513428e+03
   1.2005880e+06   3.3447266e+01
   1.2012290e+06   3.7475586e+01
   1.2081900e+06   3.3081055e+01
   1.2223200e+06   3.3142090e+01
   1.2232120e+06   3.8391113e+01
   1.2237300e+06   3.7231445e+01
   1.2262190e+06   3.4240723e+01
   1.2264320e+06   3.3752441e+01
   1.2422890e+06   3.4240723e+01
   1.2474360e+06   3.4912109e+01
   1.2491140e+06   3.5278320e+01
   1.2503890e+06   1.7562866e+03
   1.2504010e+06   5.0964355e+01
   1.2510170e+06   3.7780762e+01
   1.2531990e+06   3.6193848e+01
   1.2600420e+06   3.5766602e+01
   1.2604950e+06   3.6926270e+01
   1.2641780e+06   3.3691406e+01
   1.2669140e+06   3.8513184e+01
   1.2697230e+06   3.5461426e+01
   1.2701350e+06   3.2958984e+01
   1.2742390e+06   3.2775879e+01
   1.2750660e+06   3.3691406e+01
   1.2785960e+06   3.3569336e+01
   1.2816380e+06   3.2836914e+01
   1.2859970e+06   3.7170410e+01
   1.2863480e+06   4.4189453e+01
   1.2867620e+06   3.3691406e+01
   1.2869430e+06   3.3996582e+01
   1.2870200e+06   1.4477539e+02
   1.2870360e+06   3.9611816e+01
   1.2871410e+06   4.0161133e+01
   1.2872770e+06   3.7475586e+01
   1.2872980e+06   1.7535400e+02
   1.2876610e+06   3.3691406e+01
   1.2883720e+06   3.3264160e+01
   1.2901900e+06   3.8085938e+01
   1.2910220e+06   3.4545898e+01
   1.3004050e+06   3.7602539e+03
   1.3004190e+06   3.6132813e+01
   1.3054250e+06   3.6315918e+01
   1.3057160e+06   3.2775879e+01
   1.3066500e+06   3.4729004e+01
   1.3108880e+06   3.2897949e+01
   1.3192840e+06   3.5034180e+01
   1.3210950e+06   3.7353516e+01
   1.3258900e+06   3.9062500e+01
   1.3267340e+06   3.2836914e+01
   1.3269710e+06   3.2897949e+01
   1.3272760e+06   3.4973145e+01
   1.3297380e+06   3.5400391e+01
   1.3302580e+06   3.4973145e+01
   1.3327050e+06   3.3142090e+01
   1.3347650e+06   3.7109375e+01
   1.3378910e+06   3.7170410e+01
   1.3421790e+06   3.4240723e+01
   1.3423080e+06   3.4545898e+01
   1.3434960e+06   3.5644531e+01
   1.3488880e+06   3.5827637e+01
   1.3493790e+06   3.7109375e+01
   1.3495200e+06   3.3874512e+01
   1.3504170e+06   1.7663574e+03
   1.3504320e+06   4.2602539e+01
   1.3516610e+06   3.3203125e+01
   1.3522450e+06   3.4790039e+01
   1.3579790e+06   3.3081055e+01
   1.3581930e+06   3.3752441e+01
   1.3585210e+06   3.3996582e+01
   1.3585990e+06   3.9062500e+01
   1.3586090e+06   1.0461426e+02
   1.3586790e+06   4.1320801e+01
   1.3587860e+06   4.0405273e+01
   1.3588010e+06   4.8889160e+01
   1.3589030e+06   3.3569336e+01
   1.3589330e+06   1.3574219e+02
   1.3589560e+06   4.0100098e+01
   1.3589880e+06   3.7841797e+01
   1.3590710e+06   9.1613770e+01
   1.3590870e+06   3.9916992e+01
   1.3591270e+06   4.5043945e+01
   1.3591600e+06   4.9072266e+01
   1.3592730e+06   3.8879395e+01
   1.3593850e+06   3.3508301e+01
   1.3596500e+06   3.6621094e+01
   1.3785040e+06   3.3142090e+01
   1.3791420e+06   3.2775879e+01
   1.3803670e+06   3.4912109e+01
   1.3822200e+06   3.3020020e+01
   1.3872120e+06   3.4179688e+01
   1.3904340e+06   3.2714844e+01
   1.3955730e+06   4.0649414e+01
   1.3972200e+06   3.4851074e+01
   1.4004330e+06   3.7703247e+03
   1.4036960e+06   3.5583496e+01
   1.4073290e+06   3.6804199e+01
   1.4098200e+06   3.5949707e+01
   1.4132430e+06   3.2958984e+01
   1.4139220e+06   4.4433594e+01
   1.4151640e+06   3.4423828e+01
   1.4159090e+06   3.3386230e+01
   1.4162920e+06   3.4545898e+01
   1.4194240e+06   3.3264160e+01
   1.4225990e+06   3.9306641e+01
   1.4232250e+06   4.4250488e+01
   1.4240140e+06   3.6804199e+01
   1.4267120e+06   3.2958984e+01
   1.4338880e+06   3.6010742e+01
   1.4343060e+06   3.5095215e+01
   1.4367900e+06   3.3020020e+01
   1.4384790e+06   3.3691406e+01
   1.4423590e+06   3.8452148e+01
   1.4428490e+06   3.3386230e+01
   1.4496260e+06   3.3081055e+01
   1.4504470e+06   3.7658081e+03
   1.4504590e+06   3.2714844e+01
   1.4504920e+06   3.9855957e+01
   1.4545970e+06   3.3203125e+01
   1.4559400e+06   3.9916992e+01
   1.4567370e+06   3.6437988e+01
   1.4603980e+06   3.3325195e+01
   1.4636600e+06   3.3386230e+01
   1.4676760e+06   3.3813477e+01
   1.4787750e+06   3.7353516e+01
   1.4818910e+06   3.6071777e+01
   1.4833750e+06   4.0710449e+01
   1.4835840e+06   3.3752441e+01
   1.4836900e+06   3.4606934e+01
   1.4839240e+06   4.2785645e+01
   1.4841350e+06   3.4729004e+01
   1.4841950e+06   3.5278320e+01
   1.4842780e+06   3.2836914e+01
   1.4843450e+06   3.2775879e+01
   1.4843910e+06   1.5008545e+02
   1.4844040e+06   3.2836914e+01
   1.4844410e+06   3.5095215e+01
   1.4844780e+06   3.8696289e+01
   1.4845800e+06   4.3273926e+01
   1.4847010e+06   7.9284668e+01
   1.4847220e+06   3.3996582e+01
   1.4849150e+06   1.8389893e+02
   1.4849420e+06   3.6865234e+01
   1.4850580e+06   1.0400391e+02
   1.4850750e+06   4.4067383e+01
   1.4853000e+06   1.9946289e+02
   1.4855030e+06   1.6827393e+02
   1.4856920e+06   1.4514160e+02
   1.4867070e+06   3.4484863e+01
   1.4869370e+06   3.3264160e+01
   1.4990040e+06   3.5949707e+01
   1.5004590e+06   1.7759399e+03
   1.5004710e+06   5.4870605e+01
   1.5016330e+06   3.2714844e+01
   1.5026810e+06   3.3264160e+01
   1.5030090e+06   3.3935547e+01
   1.5155530e+06   3.4057617e+01
   1.5164480e+06   3.5766602e+01
   1.5173510e+06   3.3264160e+01
   1.5213130e+06   3.8452148e+01
   1.5218680e+06   3.3874512e+01
   1.5274450e+06   3.8940430e+01
   1.5301330e+06   3.3447266e+01
   1.5328200e+06   3.2836914e+01
   1.5351400e+06   3.4179688e+01
   1.5370510e+06   3.4790039e+01
   1.5384140e+06   3.9062500e+01
   1.5401410e+06   3.5278320e+01
   1.5402750e+06   4.3029785e+01
   1.5403380e+06   4.5349121e+01
   1.5403770e+06   3.3142090e+01
   1.5403970e+06   3.6071777e+01
   1.5404570e+06   3.5705566e+01
   1.5404730e+06   3.5400391e+01
   1.5405030e+06   4.0466309e+01
   1.5406000e+06   3.6865234e+01
   1.5406120e+06   3.4057617e+01
   1.5408760e+06   3.6499023e+01
   1.5409050e+06   2.1307373e+02
   1.5409170e+06   7.6721191e+01
   1.5413300e+06   3.9245605e+01
   1.5428080e+06   3.4484863e+01
   1.5436750e+06   3.8574219e+01
   1.5452970e+06   3.6132813e+01
   1.5504750e+06   3.7687378e+03
   1.5505120e+06   4.1931152e+01
   1.5507440e+06   3.8574219e+01
   1.5512570e+06   3.6132813e+01
   1.5592690e+06   4.1564941e+01
   1.5628370e+06   3.4851074e+01
   1.5724230e+06   3.5034180e+01
   1.5737190e+06   3.4851074e+01
   1.5752180e+06   3.5949707e+01
   1.5758640e+06   3.3874512e+01
   1.5772400e+06   3.5888672e+01
   1.5827360e+06   3.3081055e+01
   1.5896310e+06   3.5827637e+01
   1.5970040e+06   3.4057617e+01
   1.6004870e+06   1.7836914e+03
   1.6030240e+06   3.2958984e+01
   1.6074130e+06   3.3325195e+01
   1.6089120e+06   3.2775879e+01
   1.6095630e+06   3.9672852e+01
   1.6097160e+06   3.3996582e+01
   1.6117960e+06   4.1992188e+01
   1.6123800e+06   4.2114258e+01
   1.6124100e+06   5.2612305e+01
   1.6124250e+06   2.5366211e+02
   1.6124360e+06   4.4799805e+01
   1.6124590e+06   5.0903320e+01
   1.6124800e+06   3.3020020e+01
   1.6125110e+06   4.1442871e+01
   1.6125370e+06   9.9304199e+01
   1.6125670e+06   5.0476074e+01
   1.6126180e+06   5.9936523e+01
   1.6126290e+06   6.3110352e+01
   1.6126630e+06   3.9855957e+01
   1.6126940e+06   8.4472656e+01
   1.6127050e+06   3.5217285e+01
   1.6127660e+06   4.7668457e+01
   1.6128020e+06   5.1818848e+01
   1.6128280e+06   4.8461914e+01
   1.6128680e+06   4.9011230e+01
   1.6129700e+06   3.4423828e+01
   1.6129800e+06   4.3029785e+01
   1.6130090e+06   3.4362793e+01
   1.6130650e+06   5.3161621e+01
   1.6130940e+06   5.2001953e+01
   1.6131400e+06   3.6865234e+01
   1.6131630e+06   4.0893555e+01
   1.6131960e+06   6.0974121e+01
   1.6132520e+06   3.4606934e+01
   1.6133680e+06   3.4790039e+01
   1.6133830e+06   4.5227051e+01
   1.6134780e+06   5.7250977e+01
   1.6134950e+06   3.8452148e+01
   1.6135840e+06   4.7790527e+01
   1.6135960e+06   4.0527344e+01
   1.6136370e+06   3.5888672e+01
   1.6137030e+06   3.5583496e+01
   1.6137280e+06   3.4484863e+01
   1.6137780e+06   3.7963867e+01
   1.6140190e+06   3.4423828e+01
   1.6140380e+06   7.5622559e+01
   1.6140490e+06   5.9875488e+01
   1.6142120e+06   3.3996582e+01
   1.6143250e+06   4.1748047e+01
   1.6145260e+06   3.4179688e+01
   1.6146670e+06   3.7170410e+01
   1.6151160e+06   3.5339355e+01
   1.6158440e+06   3.4667969e+01
   1.6170760e+06   3.3386230e+01
   1.6171700e+06   4.0222168e+01
   1.6177030e+06   3.5461426e+01
   1.6181730e+06   3.3325195e+01
   1.6443660e+06   4.0527344e+01
   1.6457640e+06   3.8330078e+01
   1.6460180e+06   3.3447266e+01
   1.6464660e+06   4.1442871e+01
   1.6473500e+06   4.3334961e+01
   1.6486030e+06   3.6254883e+01
   1.6497400e+06   3.2714844e+01
   1.6505000e+06   9.3542480e+02
   1.6505130e+06   4.6020508e+01
   1.6543360e+06   3.4790039e+01
   1.6622730e+06   3.5766602e+01
   1.6627480e+06   3.8513184e+01
   1.6631360e+06   4.4006348e+01
   1.6638660e+06   3.9001465e+01
   1.6708540e+06   3.4179688e+01
   1.6714640e+06   3.9245605e+01
   1.6720620e+06   3.8513184e+01
   1.6727290e+06   3.3569336e+01
   1.6742260e+06   3.6499023e+01
   1.6804270e+06   3.5522461e+01
   1.6856510e+06   3.2897949e+01
   1.6859270e+06   3.5278320e+01
   1.6963060e+06   3.6376953e+01
   1.6967490e+06   3.3386230e+01
   1.6971350e+06   5.0598145e+01
   1.6972700e+06   4.0832520e+01
   1.6983340e+06   3.7414551e+01
   1.7005170e+06   3.7858276e+03
   1.7005300e+06   3.4790039e+01
   1.7073950e+06   3.7231445e+01
   1.7087350e+06   3.4362793e+01
   1.7101000e+06   3.7353516e+01
   1.7105720e+06   3.8696289e+01
   1.7195270e+06   4.2053223e+01
   1.7217670e+06   3.4484863e+01
   1.7227760e+06   3.4362793e+01
   1.7230410e+06   3.6560059e+01
   1.7337010e+06   3.3020020e+01
   1.7340540e+06   3.6987305e+01
   1.7350640e+06   4.2785645e+01
   1.7428810e+06   3.5400391e+01
   1.7430150e+06   4.0039063e+01
   1.7490340e+06   3.6193848e+01
   1.7505290e+06   1.7859497e+03
   1.7505400e+06   7.4157715e+01
   1.7512330e+06   3.6132813e+01
   1.7515960e+06   4.3518066e+01
   1.7536620e+06   4.4311523e+01
   1.7645390e+06   4.1809082e+01
   1.7651950e+06   3.4484863e+01
   1.7653250e+06   3.3752441e+01
   1.7779640e+06   3.3142090e+01
   1.7784030e+06   3.3325195e+01
   1.7797420e+06   3.7902832e+01
   1.7934520e+06   3.6621094e+01
   1.7948210e+06   5.8349609e+01
   1.7957850e+06   3.3020020e+01
   1.7967730e+06   3.4606934e+01
   1.8005450e+06   2.0081787e+03
   1.8067460e+06   3.5583496e+01
   1.8096220e+06   3.3325195e+01
   1.8186560e+06   3.8085938e+01
   1.8223620e+06   3.3020020e+01
   1.8230220e+06   3.3935547e+01
   1.8321040e+06   4.1381836e+01
   1.8330440e+06   3.8146973e+01
   1.8391950e+06   4.8645020e+01
   1.8395980e+06   3.8635254e+01
   1.8399540e+06   3.3752441e+01
   1.8401520e+06   3.8085938e+01
   1.8403040e+06   3.7048340e+01
   1.8408600e+06   3.6071777e+01
   1.8408970e+06   3.5400391e+01
   1.8505570e+06   1.7991333e+03
   1.8505740e+06   3.2958984e+01
   1.8595610e+06   3.7170410e+01
   1.8623070e+06   4.0344238e+01
   1.8641910e+06   3.6621094e+01
   1.8649610e+06   3.6132813e+01
   1.8656330e+06   3.8513184e+01
   1.8742870e+06   3.2958984e+01
   1.8762190e+06   3.2897949e+01
   1.8765050e+06   3.7353516e+01
   1.8852040e+06   3.5583496e+01
   1.9005730e+06   3.7758789e+03
   1.9033390e+06   3.3081055e+01
   1.9069920e+06   3.4240723e+01
   1.9099510e+06   3.4912109e+01
   1.9185920e+06   4.4860840e+01
   1.9225910e+06   3.3508301e+01
   1.9234770e+06   3.8330078e+01
   1.9397440e+06   3.8513184e+01
   1.9505870e+06   3.7835083e+03
   1.9506000e+06   3.6926270e+01
   1.9575330e+06   3.2897949e+01
   1.9599970e+06   3.4179688e+01
   1.9640150e+06   3.8879395e+01
   1.9651820e+06   3.6437988e+01
   1.9772860e+06   3.2958984e+01
   1.9777480e+06   3.2836914e+01
   1.9780680e+06   3.4729004e+01
   1.9783450e+06   3.3630371e+01
   1.9805700e+06   3.2775879e+01
   1.9819070e+06   3.4118652e+01
   1.9827600e+06   3.9367676e+01
   1.9915550e+06   3.2836914e+01
   1.9950230e+06   3.6804199e+01
   2.0005990e+06   1.7905273e+03
   2.0006140e+06   5.4077148e+01
   2.0006760e+06   3.5583496e+01
   2.0006970e+06   4.1809082e+01
   2.0007320e+06   4.7851563e+01
   2.0007530e+06   1.7449951e+02
   2.0008010e+06   3.3996582e+01
   2.0008400e+06   5.7250977e+01
   2.0008560e+06   1.0113525e+02
   2.0008760e+06   5.4748535e+01
   2.0009040e+06   4.6020508e+01
   2.0009440e+06   1.1248779e+02
   2.0009550e+06   7.1960449e+01
   2.0009790e+06   3.2714844e+01
   2.0009920e+06   4.9377441e+01
   2.0010240e+06   1.0565186e+02
   2.0010440e+06   3.3752441e+01
   2.0010600e+06   3.7658691e+01
   2.0010820e+06   4.8034668e+01
   2.0010970e+06   4.3762207e+01
   2.0011240e+06   8.4533691e+01
   2.0011350e+06   4.4921875e+01
   2.0011650e+06   3.4118652e+01
   2.0012120e+06   5.2307129e+01
   2.0012470e+06   3.3325195e+01
   2.0013020e+06   6.7565918e+01
   2.0013120e+06   6.5734863e+01
   2.0013380e+06   3.5705566e+01
   2.0013620e+06   4.2480469e+01
   2.0013910e+06   5.9509277e+01
   2.0014420e+06   6.2072754e+01
   2.0014640e+06   5.0781250e+01
   2.0014920e+06   4.2602539e+01
   2.0015510e+06   7.6965332e+01
   2.0015640e+06   5.9143066e+01
   2.0015790e+06   3.5400391e+01
   2.0016600e+06   3.5766602e+01
   2.0016950e+06   7.3547363e+01
   2.0017070e+06   6.5429688e+01
   2.0017450e+06   4.3762207e+01
   2.0017570e+06   4.3762207e+01
   2.0017910e+06   3.3203125e+01
   2.0018720e+06   4.1687012e+01
   2.0019110e+06   4.0954590e+01
   2.0019840e+06   7.7697754e+01
   2.0020020e+06   3.6865234e+01
   2.0021410e+06   3.5583496e+01
   2.0021630e+06   3.3935547e+01
   2.0022350e+06   9.7534180e+01
   2.0022620e+06   3.5644531e+01
   2.0023920e+06   3.3264160e+01
   2.0024890e+06   3.2897949e+01
   2.0029010e+06   3.6499023e+01
   2.0029610e+06   3.2897949e+01
   2.0030110e+06   3.2775879e+01
   2.0031370e+06   3.2714844e+01
   2.0031990e+06   4.0283203e+01
   2.0035440e+06   3.2714844e+01
   2.0035860e+06   4.0039063e+01
   2.0038510e+06   3.4912109e+01
   2.0039900e+06   3.7475586e+01
   2.0043600e+06   4.1320801e+01
   2.0044550e+06   3.2775879e+01
   2.0046790e+06   3.8635254e+01
   2.0048390e+06   3.5522461e+01
   2.0050770e+06   3.7170410e+01
   2.0051290e+06   3.2958984e+01
   2.0052490e+06   3.3386230e+01
   2.0052950e+06   3.4423828e+01
   2.0054160e+06   3.3386230e+01
   2.0056210e+06   3.3142090e+01
   2.0059940e+06   4.0405273e+01
   2.0062980e+06   3.6499023e+01
   2.0064430e+06   3.6621094e+01
   2.0066470e+06   3.3020020e+01
   2.0069400e+06   4.3029785e+01
   2.0072040e+06   3.5461426e+01
   2.0366300e+06   3.3691406e+01
   2.0429590e+06   4.1809082e+01
   2.0441870e+06   3.7658691e+01
   2.0478430e+06   3.6987305e+01
   2.0479600e+06   3.3935547e+01
   2.0485750e+06   3.3996582e+01
   2.0489790e+06   3.3752441e+01
   2.0490750e+06   3.3813477e+01
   2.0506130e+06   1.8000488e+03
   2.0506300e+06   4.0283203e+01
   2.0587920e+06   3.3020020e+01
   2.0591460e+06   3.2897949e+01
   2.0601340e+06   4.1931152e+01
   2.0627500e+06   3.3142090e+01
   2.0662390e+06   3.4423828e+01
   2.0679680e+06   3.9306641e+01
   2.0690330e+06   4.0161133e+01
   2.0732830e+06   3.4790039e+01
   2.0764860e+06   3.3386230e+01
   2.0819920e+06   3.4729004e+01
   2.0839680e+06   3.4606934e+01
   2.0847160e+06   3.4606934e+01
   2.0870330e+06   4.4555664e+01
   2.0888770e+06   3.7048340e+01
   2.0894510e+06   4.1809082e+01
   2.0918800e+06   3.3386230e+01
   2.0981910e+06   3.4851074e+01
   2.1006270e+06   1.8143311e+03
   2.1006420e+06   3.4362793e+01
   2.1089290e+06   3.4423828e+01
   2.1112480e+06   3.3203125e+01
   2.1276060e+06   3.4240723e+01
   2.1392670e+06   3.6071777e+01
   2.1439490e+06   4.1381836e+01
   2.1478070e+06   3.2775879e+01
   2.1506410e+06   1.7998657e+03
   2.1506570e+06   3.9367676e+01
   2.1514550e+06   3.3020020e+01
   2.1518790e+06   3.3752441e+01
   2.1553990e+06   3.5522461e+01
   2.1605900e+06   3.4057617e+01
   2.1615260e+06   3.3630371e+01
   2.1679590e+06   3.6376953e+01
   2.1709150e+06   3.8330078e+01
   2.1718860e+06   3.5522461e+01
   2.1751320e+06   3.2714844e+01
   2.1831640e+06   3.2958984e+01
   2.1843560e+06   3.3630371e+01
   2.1909610e+06   3.9123535e+01
   2.1921480e+06   4.2541504e+01
   2.1923510e+06   3.5400391e+01
   2.1993830e+06   3.4667969e+01
   2.1999980e+06   3.6315918e+01
   2.2001300e+06   3.8818359e+01
   2.2006550e+06   1.8040771e+03
   2.2159200e+06   3.8391113e+01
   2.2181340e+06   4.2724609e+01
   2.2210440e+06   3.5522461e+01
   2.2219180e+06   3.5827637e+01
   2.2286300e+06   3.4423828e+01
   2.2320820e+06   3.4179688e+01
   2.2506710e+06   3.7863159e+03
   2.2570630e+06   3.3508301e+01
   2.2602780e+06   3.7170410e+01
   2.2691240e+06   3.2897949e+01
   2.2720600e+06   3.5095215e+01
   2.2791920e+06   3.3691406e+01
   2.2831050e+06   3.7414551e+01
   2.2831510e+06   4.4067383e+01
   2.2831760e+06   3.7963867e+01
   2.2832180e+06   5.6213379e+01
   2.2832480e+06   1.7669678e+02
   2.2832770e+06   5.0109863e+01
   2.2833050e+06   3.3935547e+01
   2.2833490e+06   3.4362793e+01
   2.2833600e+06   3.2836914e+01
   2.2833900e+06   3.4729004e+01
   2.2834200e+06   3.7902832e+01
   2.2834360e+06   1.4904785e+02
   2.2834540e+06   5.0964355e+01
   2.2834680e+06   3.2836914e+01
   2.2835220e+06   3.5461426e+01
   2.2835440e+06   1.0101318e+02
   2.2835710e+06   4.9255371e+01
   2.2835920e+06   4.2663574e+01
   2.2836310e+06   5.1269531e+01
   2.2836610e+06   7.7575684e+01
   2.2836760e+06   6.4819336e+01
   2.2836970e+06   3.3203125e+01
   2.2837100e+06   3.2958984e+01
   2.2837710e+06   4.1748047e+01
   2.2838420e+06   3.7536621e+01
   2.2839080e+06   3.9672852e+01
   2.2839340e+06   3.3447266e+01
   2.2841400e+06   3.4973145e+01
   2.2846020e+06   3.3996582e+01
   2.2851660e+06   3.5034180e+01
   2.2853470e+06   3.3996582e+01
   2.2856100e+06   3.5644531e+01
   2.2859090e+06   3.4851074e+01
   2.2866260e+06   3.3081055e+01
   2.2870340e+06   3.3447266e+01
   2.2915140e+06   3.5034180e+01
   2.3006830e+06   1.8006592e+03
   2.3154920e+06   3.3508301e+01
   2.3252400e+06   3.6621094e+01
   2.3272320e+06   3.2775879e+01
   2.3323730e+06   3.4851074e+01
   2.3327200e+06   3.4240723e+01
   2.3356750e+06   3.3447266e+01
   2.3361640e+06   4.1809082e+01
   2.3422650e+06   3.3630371e+01
   2.3469880e+06   3.2775879e+01
   2.3506970e+06   1.7796631e+03
   2.3510280e+06   3.3874512e+01
   2.3601780e+06   3.7048340e+01
   2.3635070e+06   3.4118652e+01
   2.3638420e+06   3.5827637e+01
   2.3644430e+06   3.5888672e+01
   2.3674450e+06   3.9855957e+01
   2.3712740e+06   3.5888672e+01
   2.3728580e+06   3.3935547e+01
   2.3804880e+06   4.1381836e+01
   2.3827300e+06   3.2775879e+01
   2.3860640e+06   3.4912109e+01
   2.3956500e+06   3.8513184e+01
   2.4007110e+06   1.7905273e+03
   2.4007270e+06   3.3569336e+01
   2.4078820e+06   3.2897949e+01
   2.4096930e+06   3.2836914e+01
   2.4106910e+06   3.3691406e+01
   2.4134580e+06   3.8696289e+01
   2.4290070e+06   3.4729004e+01
   2.4377920e+06   3.7414551e+01
   2.4458480e+06   4.1442871e+01
   2.4458640e+06   2.5622559e+02
   2.4459440e+06   3.7780762e+01
   2.4459960e+06   3.7353516e+01
   2.4460260e+06   3.8574219e+01
   2.4462170e+06   3.3935547e+01
   2.4507270e+06   3.7590942e+03
   2.4633460e+06   3.2958984e+01
   2.4727520e+06   3.6560059e+01
   2.4775340e+06   4.0832520e+01
   2.4940330e+06   3.4606934e+01
   2.4984330e+06   3.6132813e+01
   2.5007580e+06   3.7963867e+01
   2.5097930e+06   4.4006348e+01
   2.5099050e+06   4.1076660e+01
   2.5100770e+06   3.7048340e+01
   2.5102320e+06   3.8757324e+01
   2.5102490e+06   4.5654297e+01
   2.5102700e+06   4.5043945e+01
   2.5103440e+06   4.3884277e+01
   2.5103650e+06   3.3325195e+01
   2.5103880e+06   3.7475586e+01
   2.5104360e+06   1.7669678e+02
   2.5104490e+06   4.2236328e+01
   2.5105540e+06   3.8024902e+01
   2.5115070e+06   3.4729004e+01
   2.5324970e+06   3.4240723e+01
   2.5485540e+06   3.5034180e+01
   2.5559940e+06   3.3569336e+01
   2.5598370e+06   3.6560059e+01
   2.5668380e+06   3.8818359e+01
   2.5686320e+06   3.5522461e+01
   2.5698820e+06   3.5217285e+01
   2.5724970e+06   3.3081055e+01
   2.5752780e+06   3.3081055e+01
   2.5779150e+06   3.2775879e+01
   2.5788310e+06   3.4667969e+01
   2.5829950e+06   3.4790039e+01
   2.5897090e+06   3.5949707e+01
   2.5907700e+06   3.3630371e+01
   2.5958370e+06   3.4362793e+01
   2.5997470e+06   3.9733887e+01
   2.6085990e+06   3.7170410e+01
   2.6090870e+06   3.8513184e+01
   2.6096290e+06   3.4851074e+01
   2.6097660e+06   3.3752441e+01
   2.6098230e+06   1.0205078e+02
   2.6098460e+06   3.8635254e+01
   2.6099160e+06   3.8391113e+01
   2.6099570e+06   3.2836914e+01
   2.6099850e+06   3.3691406e+01
   2.6101250e+06   1.3494873e+02
   2.6101390e+06   5.5847168e+01
   2.6101600e+06   4.3579102e+01
   2.6102370e+06   3.4545898e+01
   2.6102640e+06   1.5393066e+02
   2.6102800e+06   5.2795410e+01
   2.6103420e+06   3.5400391e+01
   2.6104040e+06   9.5092773e+01
   2.6104300e+06   4.0771484e+01
   2.6105060e+06   3.3447266e+01
   2.6105400e+06   3.4057617e+01
   2.6130690e+06   3.4057617e+01
   2.6158300e+06   4.0527344e+01
   2.6603050e+06   3.3264160e+01
   2.6662290e+06   3.3630371e+01
   2.6674710e+06   3.4362793e+01
   2.6789300e+06   3.5766602e+01
   2.6864090e+06   3.4912109e+01
   2.6907980e+06   3.3020020e+01
   2.6974730e+06   4.0649414e+01
   2.6999730e+06   3.5949707e+01
   2.7040480e+06   3.4667969e+01
   2.7051240e+06   4.3273926e+01
   2.7103300e+06   4.1748047e+01
   2.7258620e+06   3.9733887e+01
   2.7258900e+06   3.3874512e+01
   2.7259100e+06   3.7536621e+01
   2.7260990e+06   4.0954590e+01
   2.7262100e+06   3.5034180e+01
   2.7262990e+06   4.5166016e+01
   2.7263300e+06   3.3752441e+01
   2.7265160e+06   4.7607422e+01
   2.7265280e+06   4.8095703e+01
   2.7265730e+06   4.2541504e+01
   2.7266740e+06   3.8818359e+01
   2.7267490e+06   1.6320801e+02
   2.7267640e+06   3.4973145e+01
   2.7269500e+06   4.2724609e+01
   2.7271580e+06   3.5888672e+01
   2.7273650e+06   3.5705566e+01
   2.7274240e+06   3.4606934e+01
   2.7275150e+06   3.3325195e+01
   2.7320400e+06   4.2175293e+01
   2.7446000e+06   3.8757324e+01
   2.7540700e+06   3.3325195e+01
   2.7866780e+06   3.4118652e+01
   2.8007670e+06   4.0771484e+01
   2.8056480e+06   3.4790039e+01
   2.8177920e+06   3.3142090e+01
   2.8268460e+06   3.3081055e+01
   2.8370710e+06   3.4484863e+01
   2.8394540e+06   3.3874512e+01
   2.8605370e+06   3.3508301e+01
   2.8760000e+06   3.3630371e+01
   2.8854990e+06   3.6132813e+01
   2.8896630e+06   3.4240723e+01
   2.8962800e+06   4.1442871e+01
   2.8974810e+06   3.4118652e+01
   2.9069610e+06   3.7719727e+01
   2.9186850e+06   3.4240723e+01
   2.9270810e+06   3.6743164e+01
   2.9534690e+06   3.3081055e+01
   2.9557620e+06   3.3508301e+01
   2.9561030e+06   3.4118652e+01
   2.9562750e+06   3.5522461e+01
   2.9563840e+06   4.0405273e+01
   2.9565400e+06   3.3935547e+01
   2.9567280e+06   3.2897949e+01
   2.9567630e+06   3.9123535e+01
   2.9567740e+06   3.4301758e+01
   2.9568590e+06   1.3031006e+02
   2.9568790e+06   4.8034668e+01
   2.9569370e+06   3.7902832e+01
   2.9569520e+06   1.1267090e+02
   2.9569640e+06   4.8889160e+01
   2.9570180e+06   9.2163086e+01
   2.9570420e+06   5.2001953e+01
   2.9571540e+06   1.4562988e+02
   2.9571640e+06   5.8349609e+01
   2.9571890e+06   3.9855957e+01
   2.9572330e+06   3.7292480e+01
   2.9573960e+06   3.5949707e+01
   2.9574570e+06   3.2958984e+01
