   2.9990000e+06   0.0000000e+00
   3.9000000e+01   1.6339722e+03
   5.0052000e+04   7.1166992e+02
   6.0775000e+04   3.7353516e+01
   6.1464000e+04   4.8828125e+01
   6.1477000e+04   6.8603516e+01
   6.1548000e+04   4.7363281e+01
   6.1574000e+04   6.0974121e+01
   6.1636000e+04   4.3090820e+01
   6.1722000e+04   5.7189941e+01
   6.1740000e+04   3.9672852e+01
   6.1803000e+04   4.8217773e+01
   6.1919000e+04   4.8767090e+01
   6.2044000e+04   3.9794922e+01
   6.2179000e+04   4.0100098e+01
   9.2096000e+04   4.0100098e+01
   1.0006700e+05   1.4637451e+03
   1.2197600e+05   4.2602539e+01
   1.2307000e+05   4.1259766e+01
   1.5008100e+05   1.3706665e+03
   1.5183000e+05   4.4860840e+01
   1.5350800e+05   3.8452148e+01
   1.7093000e+05   4.0771484e+01
   1.7132800e+05   3.7658691e+01
   1.7226600e+05   4.1503906e+01
   1.7344900e+05   3.7414551e+01
   1.8829400e+05   3.7963867e+01
   1.8861700e+05   4.1870117e+01
   1.8869700e+05   3.8269043e+01
   1.8871800e+05   4.1198730e+01
   1.8878000e+05   3.9367676e+01
   1.8903300e+05   4.4433594e+01
   1.8908500e+05   3.9550781e+01
   1.8944300e+05   3.8452148e+01
   1.8946600e+05   3.9306641e+01
   1.8958800e+05   4.1015625e+01
   2.0009700e+05   3.3777466e+03
   2.5011100e+05   3.3417969e+03
   2.6738400e+05   3.7414551e+01
   2.6742600e+05   4.0832520e+01
   2.6743800e+05   3.8024902e+01
   2.6747100e+05   4.1687012e+01
   2.6749100e+05   6.7626953e+01
   2.6755500e+05   4.4189453e+01
   2.6757600e+05   4.3273926e+01
   2.6764400e+05   3.8635254e+01
   2.6772500e+05   6.2988281e+01
   2.6773500e+05   4.1748047e+01
   2.6791900e+05   3.9245605e+01
   2.6797200e+05   4.7729492e+01
   2.6804100e+05   3.8330078e+01
   2.6816200e+05   4.1992188e+01
   2.6836400e+05   3.8085938e+01
   2.6865700e+05   4.1809082e+01
   2.8594300e+05   3.7414551e+01
   3.0012300e+05   1.2919922e+03
   3.0164000e+05   4.0405273e+01
   3.2258400e+05   3.8757324e+01
   3.5013900e+05   3.2615356e+03
   3.5866900e+05   4.7302246e+01
   3.7046900e+05   4.4738770e+01
   3.7091900e+05   3.8513184e+01
   3.7127000e+05   4.0466309e+01
   3.7161000e+05   4.2541504e+01
   3.7170000e+05   4.3090820e+01
   3.7200300e+05   3.8513184e+01
   3.8945200e+05   4.3212891e+01
   4.0012000e+05   3.9978027e+01
   4.0015100e+05   1.2584229e+03
   4.3094700e+05   3.8513184e+01
   4.4114300e+05   5.1513672e+01
   4.4155700e+05   4.3212891e+01
   4.4975100e+05   4.0161133e+01
   4.5016700e+05   3.2119141e+03
   4.5824100e+05   3.8330078e+01
   4.7302900e+05   3.9733887e+01
   4.7374000e+05   4.6020508e+01
   4.7745200e+05   3.9306641e+01
   4.9717000e+05   3.9001465e+01
   5.0017900e+05   1.2200317e+03
   5.0019000e+05   4.9316406e+01
   5.0683200e+05   4.7851563e+01
   5.0687300e+05   5.1757813e+01
   5.0695000e+05   3.9306641e+01
   5.0696000e+05   3.9916992e+01
   5.0698500e+05   3.8513184e+01
   5.0711800e+05   3.9489746e+01
   5.0858200e+05   4.8706055e+01
   5.0860600e+05   3.8330078e+01
   5.0891500e+05   4.8522949e+01
   5.0903600e+05   4.4677734e+01
   5.2137900e+05   4.3823242e+01
   5.4275900e+05   4.0161133e+01
   5.5019500e+05   3.1935425e+03
   5.6070900e+05   4.0405273e+01
   5.6262400e+05   4.1442871e+01
   5.6266000e+05   4.2114258e+01
   5.6367300e+05   3.9794922e+01
   5.6432700e+05   4.2846680e+01
   5.6511900e+05   4.1137695e+01
   6.0020700e+05   1.2072144e+03
   6.0021800e+05   3.9489746e+01
   6.0978900e+05   5.0720215e+01
   6.3612200e+05   3.7597656e+01
   6.4909100e+05   3.8574219e+01
   6.5022100e+05   1.2088623e+03
   6.5400100e+05   4.0405273e+01
   6.8353000e+05   3.9550781e+01
   7.0023500e+05   1.2307129e+03
   7.0693000e+05   4.1564941e+01
   7.2247100e+05   5.1757813e+01
   7.2248300e+05   3.9672852e+01
   7.2250700e+05   3.8208008e+01
   7.2253900e+05   6.3964844e+01
   7.2261500e+05   4.0039063e+01
   7.2265100e+05   4.0283203e+01
   7.2268900e+05   4.2480469e+01
   7.2270500e+05   5.8593750e+01
   7.2274100e+05   4.0710449e+01
   7.2278600e+05   4.5349121e+01
   7.2281400e+05   4.0710449e+01
   7.2288500e+05   3.9306641e+01
   7.2300500e+05   4.0405273e+01
   7.2313700e+05   5.1879883e+01
   7.2320600e+05   4.0954590e+01
   7.5025100e+05   3.2266846e+03
   8.0026500e+05   3.2569580e+03
   8.0172900e+05   3.7841797e+01
   8.0242900e+05   4.0649414e+01
   8.2670500e+05   4.0405273e+01
   8.3666700e+05   4.4677734e+01
   8.3791000e+05   3.9428711e+01
   8.5027700e+05   1.2695313e+03
   8.5976900e+05   4.1259766e+01
   8.6820000e+05   5.5664063e+01
   8.6988500e+05   3.8818359e+01
   8.7011300e+05   4.6386719e+01
   8.9186900e+05   4.5166016e+01
   9.0029300e+05   3.2816772e+03
   9.1868500e+05   3.9001465e+01
   9.3159700e+05   4.0100098e+01
   9.3168300e+05   3.8757324e+01
   9.4488700e+05   3.9123535e+01
   9.4533900e+05   4.9377441e+01
   9.4653900e+05   4.9804688e+01
   9.5030700e+05   3.2997437e+03
   9.6090200e+05   3.9428711e+01
   9.8784800e+05   3.9855957e+01
   9.8805900e+05   5.8349609e+01
   9.8815400e+05   4.7546387e+01
   9.8823800e+05   4.1564941e+01
   9.8832300e+05   4.2602539e+01
   9.8833500e+05   4.8156738e+01
   9.8843000e+05   4.0710449e+01
   9.8860500e+05   4.0039063e+01
   9.8898900e+05   3.9306641e+01
   1.0003190e+06   1.3018188e+03
   1.0025650e+06   3.9245605e+01
   1.0300600e+06   4.5959473e+01
   1.0430630e+06   3.7536621e+01
   1.0503330e+06   1.3059692e+03
   1.0644820e+06   3.9733887e+01
   1.1003490e+06   3.2982178e+03
   1.1124680e+06   4.0771484e+01
   1.1275870e+06   4.2053223e+01
   1.1285300e+06   4.3884277e+01
   1.1286110e+06   5.4870605e+01
   1.1286360e+06   3.9550781e+01
   1.1286890e+06   4.3701172e+01
   1.1287230e+06   4.5166016e+01
   1.1287610e+06   4.6386719e+01
   1.1287710e+06   3.9428711e+01
   1.1288650e+06   5.7373047e+01
   1.1289740e+06   3.8513184e+01
   1.1292900e+06   5.1208496e+01
   1.1295360e+06   5.0964355e+01
   1.1297520e+06   5.1330566e+01
   1.1298340e+06   3.8818359e+01
   1.1475140e+06   3.9001465e+01
   1.1494610e+06   3.9428711e+01
   1.1503610e+06   1.3103027e+03
   1.1544900e+06   3.8146973e+01
   1.1655240e+06   3.8330078e+01
   1.1717090e+06   4.2236328e+01
   1.1765730e+06   3.9245605e+01
   1.1979800e+06   4.6203613e+01
   1.2003750e+06   1.3136597e+03
   1.2439860e+06   4.3762207e+01
   1.2503890e+06   1.3237305e+03
   1.2504020e+06   3.7536621e+01
   1.2508770e+06   3.7902832e+01
   1.2817880e+06   4.5837402e+01
   1.2858040e+06   3.9672852e+01
   1.2859820e+06   3.8696289e+01
   1.2860470e+06   3.8269043e+01
   1.2860900e+06   5.6396484e+01
   1.2862240e+06   3.9062500e+01
   1.2863240e+06   4.9987793e+01
   1.2864690e+06   4.0161133e+01
   1.2865740e+06   3.7536621e+01
   1.2865910e+06   3.9184570e+01
   1.2867740e+06   3.9611816e+01
   1.2874250e+06   3.8940430e+01
   1.3004050e+06   3.3096313e+03
   1.3166890e+06   3.7353516e+01
   1.3222220e+06   4.2663574e+01
   1.3504170e+06   1.3310547e+03
   1.3570570e+06   4.0832520e+01
   1.3578500e+06   4.5471191e+01
   1.3579780e+06   4.6936035e+01
   1.3580430e+06   4.2602539e+01
   1.3580760e+06   4.0649414e+01
   1.3581030e+06   5.7800293e+01
   1.3582720e+06   5.3771973e+01
   1.3583200e+06   4.0710449e+01
   1.3589200e+06   4.4738770e+01
   1.3591510e+06   3.8940430e+01
   1.3592030e+06   4.9255371e+01
   1.4004330e+06   2.0095215e+03
   1.4118640e+06   4.3212891e+01
   1.4152390e+06   4.3701172e+01
   1.4298190e+06   3.8818359e+01
   1.4408840e+06   3.7597656e+01
   1.4504450e+06   1.3303223e+03
   1.4504570e+06   3.9367676e+01
   1.4832230e+06   3.9916992e+01
   1.4834650e+06   4.3029785e+01
   1.4835300e+06   4.3151855e+01
   1.4835580e+06   4.6936035e+01
   1.4836550e+06   4.2480469e+01
   1.4836970e+06   3.9489746e+01
   1.4838460e+06   4.3029785e+01
   1.4838900e+06   3.9184570e+01
   1.4839420e+06   3.7719727e+01
   1.4839650e+06   4.6203613e+01
   1.4841310e+06   4.6203613e+01
   1.4842160e+06   4.1442871e+01
   1.5004610e+06   3.3244019e+03
   1.5402460e+06   5.2124023e+01
   1.5402720e+06   5.1574707e+01
   1.5403240e+06   4.7973633e+01
   1.5403520e+06   3.9733887e+01
   1.5403800e+06   3.7841797e+01
   1.5403960e+06   4.3823242e+01
   1.5404540e+06   4.1564941e+01
   1.5404790e+06   3.7536621e+01
   1.5405570e+06   4.3518066e+01
   1.5406170e+06   4.1870117e+01
   1.5406900e+06   4.5410156e+01
   1.5407820e+06   5.4870605e+01
   1.5410190e+06   5.3649902e+01
   1.5410570e+06   4.3762207e+01
   1.5412410e+06   3.9428711e+01
   1.5412680e+06   4.3823242e+01
   1.5414850e+06   3.8574219e+01
   1.5504730e+06   1.3442993e+03
   1.6004890e+06   3.3394165e+03
   1.6007100e+06   4.0588379e+01
   1.6063630e+06   4.5166016e+01
   1.6119880e+06   4.0283203e+01
   1.6124550e+06   3.8146973e+01
   1.6124720e+06   3.9001465e+01
   1.6125920e+06   3.7841797e+01
   1.6126790e+06   4.8278809e+01
   1.6127060e+06   3.8269043e+01
   1.6128280e+06   4.2358398e+01
   1.6505010e+06   1.3491821e+03
   1.6696080e+06   4.6142578e+01
   1.6697080e+06   3.9550781e+01
   1.7005150e+06   1.3422241e+03
   1.7005270e+06   4.7119141e+01
   1.7088390e+06   4.2297363e+01
   1.7505290e+06   1.3447876e+03
   1.7667550e+06   4.5471191e+01
   1.7903440e+06   3.8818359e+01
   1.8005430e+06   1.3577271e+03
   1.8050960e+06   4.6264648e+01
   1.8327420e+06   3.8330078e+01
   1.8335720e+06   3.9916992e+01
   1.8387720e+06   4.4616699e+01
   1.8400730e+06   4.1442871e+01
   1.8505590e+06   3.3455811e+03
   1.8653750e+06   4.2175293e+01
   1.8709860e+06   4.2968750e+01
   1.8716230e+06   3.9184570e+01
   1.8861460e+06   4.3701172e+01
   1.9005710e+06   1.3423462e+03
   1.9148310e+06   3.7353516e+01
   1.9166000e+06   3.7536621e+01
   1.9324960e+06   4.5715332e+01
   1.9430470e+06   4.5471191e+01
   1.9505850e+06   1.3457642e+03
   1.9672090e+06   4.1809082e+01
   1.9750550e+06   4.0954590e+01
   1.9751730e+06   3.9184570e+01
   1.9894910e+06   4.1870117e+01
   2.0005990e+06   1.3508911e+03
   2.0006350e+06   6.5429688e+01
   2.0006540e+06   4.0039063e+01
   2.0007010e+06   4.2297363e+01
   2.0007140e+06   5.3161621e+01
   2.0007440e+06   3.8574219e+01
   2.0007890e+06   4.8400879e+01
   2.0008260e+06   4.2297363e+01
   2.0008420e+06   4.0893555e+01
   2.0009140e+06   3.9672852e+01
   2.0009310e+06   4.4860840e+01
   2.0009470e+06   3.9489746e+01
   2.0009940e+06   4.1259766e+01
   2.0010760e+06   3.8757324e+01
   2.0010980e+06   4.7607422e+01
   2.0011470e+06   3.7414551e+01
   2.0016920e+06   3.9855957e+01
   2.0027760e+06   4.0100098e+01
   2.0030960e+06   3.8085938e+01
   2.0506150e+06   3.3439941e+03
   2.1006270e+06   1.3543091e+03
   2.1006390e+06   4.7241211e+01
   2.1083340e+06   5.1452637e+01
   2.1089730e+06   3.7414551e+01
   2.1435500e+06   4.1198730e+01
   2.1506430e+06   3.3501587e+03
   2.1553970e+06   3.7719727e+01
   2.1923100e+06   3.7475586e+01
   2.2006550e+06   1.3634644e+03
   2.2084680e+06   3.7719727e+01
   2.2104430e+06   4.1198730e+01
   2.2174740e+06   3.8452148e+01
   2.2451240e+06   3.9245605e+01
   2.2506690e+06   1.3507080e+03
   2.2610040e+06   3.8391113e+01
   2.2667960e+06   4.1442871e+01
   2.2830790e+06   4.1503906e+01
   2.2831290e+06   6.9885254e+01
   2.2831660e+06   6.6223145e+01
   2.2831910e+06   5.5541992e+01
   2.2832330e+06   4.6997070e+01
   2.2832440e+06   5.3100586e+01
   2.2833010e+06   4.1625977e+01
   2.2833200e+06   4.0405273e+01
   2.2834290e+06   5.2062988e+01
   2.2838670e+06   4.0649414e+01
   2.2842600e+06   4.1564941e+01
   2.2844450e+06   4.1625977e+01
   2.3006830e+06   1.3480835e+03
   2.3148770e+06   3.7536621e+01
   2.3264650e+06   4.0161133e+01
   2.3506990e+06   3.3327026e+03
   2.3693590e+06   3.8146973e+01
   2.3704880e+06   4.3090820e+01
   2.3950830e+06   3.9062500e+01
   2.4007110e+06   1.3400269e+03
   2.4227760e+06   4.0771484e+01
   2.4238010e+06   4.6630859e+01
   2.4454080e+06   5.3344727e+01
   2.4457900e+06   4.0222168e+01
   2.4460180e+06   3.8635254e+01
   2.4460960e+06   4.4494629e+01
   2.4461400e+06   3.7963867e+01
   2.4462820e+06   4.3273926e+01
   2.4464800e+06   4.0893555e+01
   2.4507250e+06   1.3452759e+03
   2.4706390e+06   3.9672852e+01
   2.4976390e+06   3.7780762e+01
   2.5008160e+06   3.7353516e+01
   2.5096630e+06   4.6569824e+01
   2.5096950e+06   4.2968750e+01
   2.5097250e+06   4.5166016e+01
   2.5097420e+06   4.5166016e+01
   2.5098040e+06   5.6335449e+01
   2.5099170e+06   4.3457031e+01
   2.5099710e+06   4.7607422e+01
   2.5100040e+06   4.7485352e+01
   2.5100510e+06   5.4382324e+01
   2.5101070e+06   3.8696289e+01
   2.5101980e+06   4.0161133e+01
   2.5102230e+06   3.7780762e+01
   2.5103680e+06   4.1687012e+01
   2.5107500e+06   3.7597656e+01
   2.5114820e+06   3.7719727e+01
   2.5353010e+06   4.2785645e+01
   2.5545900e+06   3.9428711e+01
   2.5628910e+06   4.3090820e+01
   2.5976760e+06   4.2480469e+01
   2.6086600e+06   3.9489746e+01
   2.6091240e+06   4.0954590e+01
   2.6091950e+06   4.1076660e+01
   2.6092360e+06   3.8452148e+01
   2.6092470e+06   4.0100098e+01
   2.6094920e+06   4.0588379e+01
   2.6097520e+06   3.9245605e+01
   2.6097940e+06   3.7475586e+01
   2.6104700e+06   3.7597656e+01
   2.6106930e+06   4.2419434e+01
   2.6506800e+06   4.1259766e+01
   2.6593610e+06   4.3518066e+01
   2.6704710e+06   4.5410156e+01
   2.6961490e+06   4.5349121e+01
   2.7004620e+06   3.9672852e+01
   2.7011580e+06   3.8269043e+01
   2.7257000e+06   4.0222168e+01
   2.7258490e+06   3.8879395e+01
   2.7258670e+06   7.5256348e+01
   2.7258870e+06   4.6325684e+01
   2.7259370e+06   4.2480469e+01
   2.7259800e+06   3.9855957e+01
   2.7260620e+06   3.8879395e+01
   2.7261020e+06   4.2297363e+01
   2.7261400e+06   3.8696289e+01
   2.7262300e+06   3.9306641e+01
   2.7262720e+06   3.9428711e+01
   2.7264290e+06   5.2978516e+01
   2.7265170e+06   4.3457031e+01
   2.7265320e+06   3.9672852e+01
   2.7266560e+06   4.1137695e+01
   2.7266700e+06   4.0954590e+01
   2.7268500e+06   4.0588379e+01
   2.7272940e+06   3.9611816e+01
   2.7727540e+06   3.8208008e+01
   2.7926070e+06   3.7353516e+01
   2.8129100e+06   4.4738770e+01
   2.8393060e+06   4.0405273e+01
   2.8444860e+06   4.0771484e+01
   2.8586090e+06   3.7658691e+01
   2.8724580e+06   3.8391113e+01
   2.8787800e+06   3.8208008e+01
   2.9115080e+06   4.5532227e+01
   2.9181270e+06   3.7475586e+01
   2.9342120e+06   4.2175293e+01
   2.9397930e+06   3.7597656e+01
   2.9557280e+06   4.2175293e+01
   2.9557930e+06   3.7597656e+01
   2.9558180e+06   4.4433594e+01
   2.9558480e+06   4.6936035e+01
   2.9559460e+06   3.8024902e+01
   2.9559710e+06   3.8269043e+01
   2.9560550e+06   4.2358398e+01
   2.9562040e+06   4.0039063e+01
   2.9562380e+06   3.9306641e+01
   2.9562670e+06   4.0771484e+01
   2.9563000e+06   4.3518066e+01
   2.9564020e+06   4.6447754e+01
   2.9566460e+06   4.6020508e+01
   2.9569790e+06   3.9428711e+01
