   2.9990000e+06   0.0000000e+00
   4.1000000e+01   3.5772095e+03
   5.0055000e+04   3.4188843e+03
   6.1438000e+04   7.2753906e+01
   6.1472000e+04   4.9682617e+01
   6.1575000e+04   9.8693848e+01
   6.1658000e+04   4.4555664e+01
   6.1688000e+04   4.1381836e+01
   6.1788000e+04   8.0810547e+01
   6.1922000e+04   7.4462891e+01
   6.2214000e+04   6.1218262e+01
   7.3170000e+04   4.4982910e+01
   1.0006700e+05   1.4218140e+03
   1.5008100e+05   1.3389282e+03
   1.7320400e+05   4.2846680e+01
   1.8855900e+05   4.3823242e+01
   1.8859400e+05   3.9245605e+01
   1.8861600e+05   5.4199219e+01
   1.8870100e+05   4.9377441e+01
   1.8887100e+05   8.6059570e+01
   2.0009700e+05   3.3381958e+03
   2.5010900e+05   1.3192139e+03
   2.6734100e+05   4.0405273e+01
   2.6735900e+05   5.4748535e+01
   2.6749500e+05   7.0800781e+01
   2.6753500e+05   4.1503906e+01
   2.6762000e+05   1.0394287e+02
   2.6789900e+05   7.9345703e+01
   2.6796800e+05   4.3518066e+01
   2.6804000e+05   7.2875977e+01
   2.6833900e+05   4.5715332e+01
   3.0012300e+05   1.2622681e+03
   3.2626100e+05   3.9306641e+01
   3.5013900e+05   3.2332153e+03
   3.7119400e+05   4.4982910e+01
   4.0015100e+05   1.2129517e+03
   4.4130900e+05   1.0015869e+02
   4.4144900e+05   4.2846680e+01
   4.4228900e+05   4.6813965e+01
   4.5016500e+05   1.1928711e+03
   5.0017900e+05   1.1844482e+03
   5.4299800e+05   4.0344238e+01
   5.5019300e+05   1.1749878e+03
   5.6091000e+05   8.2153320e+01
   5.6314500e+05   4.7180176e+01
   5.6427600e+05   8.5266113e+01
   6.0020600e+05   6.6650391e+02
   6.0022000e+05   4.1381836e+01
   6.0865400e+05   8.5998535e+01
   6.0871600e+05   3.9367676e+01
   6.0884200e+05   5.6945801e+01
   6.0911100e+05   6.7626953e+01
   6.0914400e+05   4.3334961e+01
   6.0951700e+05   4.7180176e+01
   6.5022300e+05   3.1629028e+03
   6.5898000e+05   8.6853027e+01
   6.5913900e+05   8.4594727e+01
   6.5978700e+05   3.9062500e+01
   7.0023500e+05   1.1900635e+03
   7.2249400e+05   9.0148926e+01
   7.2259100e+05   8.9050293e+01
   7.2276200e+05   9.1064453e+01
   7.2284500e+05   4.1870117e+01
   7.2292900e+05   6.2316895e+01
   7.5024800e+05   6.7504883e+02
   8.0026500e+05   3.2180786e+03
   8.5027700e+05   1.2301025e+03
   8.5028800e+05   5.4870605e+01
   9.0029300e+05   3.2426758e+03
   9.3060000e+05   8.9111328e+01
   9.3072800e+05   8.8256836e+01
   9.3088100e+05   4.6325684e+01
   9.3143800e+05   4.1381836e+01
   9.5030500e+05   1.2603149e+03
   9.5031600e+05   4.6997070e+01
   9.8815800e+05   9.7839355e+01
   9.8835200e+05   9.6618652e+01
   1.0003190e+06   1.2725830e+03
   1.0425130e+06   9.2529297e+01
   1.0428780e+06   4.3090820e+01
   1.0503330e+06   1.2575073e+03
   1.0638140e+06   8.8623047e+01
   1.0638310e+06   4.0832520e+01
   1.0640270e+06   4.0588379e+01
   1.1003470e+06   1.2830811e+03
   1.1284530e+06   5.2978516e+01
   1.1284760e+06   3.9489746e+01
   1.1285960e+06   7.0312500e+01
   1.1287230e+06   8.2092285e+01
   1.1290520e+06   7.7209473e+01
   1.1314070e+06   4.1870117e+01
   1.1503610e+06   1.2742920e+03
   1.1792580e+06   4.0649414e+01
   1.2003770e+06   3.2749023e+03
   1.2503910e+06   3.2788696e+03
   1.2861360e+06   8.2458496e+01
   1.2862570e+06   7.5622559e+01
   1.2863620e+06   3.9001465e+01
   1.2863890e+06   6.0913086e+01
   1.2866770e+06   4.5471191e+01
   1.2869680e+06   4.1137695e+01
   1.3004050e+06   3.2750244e+03
   1.3051220e+06   4.1198730e+01
   1.3504170e+06   1.2941895e+03
   1.3580270e+06   8.2885742e+01
   1.3582430e+06   7.2753906e+01
   1.4004310e+06   1.2919922e+03
   1.4445490e+06   6.3598633e+01
   1.4447050e+06   3.9794922e+01
   1.4504450e+06   1.2993164e+03
   1.4836920e+06   9.1552734e+01
   1.4838210e+06   9.6618652e+01
   1.4838370e+06   4.0832520e+01
   1.4839310e+06   3.9611816e+01
   1.4842630e+06   7.2265625e+01
   1.4972320e+06   3.9001465e+01
   1.5004590e+06   1.2959595e+03
   1.5401790e+06   3.9367676e+01
   1.5401980e+06   3.9611816e+01
   1.5402170e+06   3.9184570e+01
   1.5402480e+06   4.0283203e+01
   1.5402580e+06   7.0495605e+01
   1.5403240e+06   4.0954590e+01
   1.5405350e+06   6.8542480e+01
   1.5406530e+06   4.9072266e+01
   1.5406730e+06   8.0810547e+01
   1.5408550e+06   5.6579590e+01
   1.5410050e+06   4.8828125e+01
   1.5412370e+06   6.3781738e+01
   1.5418870e+06   3.9672852e+01
   1.5504750e+06   3.2821655e+03
   1.6004890e+06   3.3033447e+03
   1.6113520e+06   9.3750000e+01
   1.6115280e+06   6.5368652e+01
   1.6115750e+06   4.8095703e+01
   1.6115950e+06   4.6020508e+01
   1.6117410e+06   3.9916992e+01
   1.6119080e+06   7.5256348e+01
   1.6505030e+06   3.3015137e+03
   1.7005150e+06   1.3193970e+03
   1.7005260e+06   4.9438477e+01
   1.7505290e+06   1.3088379e+03
   1.8005430e+06   1.3058472e+03
   1.8033960e+06   4.1198730e+01
   1.8381520e+06   8.7951660e+01
   1.8382560e+06   3.9001465e+01
   1.8505590e+06   3.3105469e+03
   1.9005710e+06   1.3038940e+03
   1.9404120e+06   8.3312988e+01
   1.9505850e+06   1.3024292e+03
   2.0005470e+06   4.8095703e+01
   2.0006010e+06   3.3112793e+03
   2.0007590e+06   1.0412598e+02
   2.0009240e+06   7.3547363e+01
   2.0009980e+06   7.0556641e+01
   2.0011230e+06   7.6538086e+01
   2.0403640e+06   4.3518066e+01
   2.0506130e+06   1.3119507e+03
   2.1006290e+06   3.3135986e+03
   2.1006390e+06   4.2724609e+01
   2.1506430e+06   3.3119507e+03
   2.2006550e+06   1.3125000e+03
   2.2184480e+06   9.0332031e+01
   2.2185770e+06   7.8918457e+01
   2.2506690e+06   1.3104248e+03
   2.2506840e+06   3.9916992e+01
   2.2830090e+06   3.9306641e+01
   2.2830340e+06   4.8278809e+01
   2.2831560e+06   8.3618164e+01
   2.2832830e+06   8.9904785e+01
   2.2832930e+06   4.3579102e+01
   2.2833220e+06   4.2724609e+01
   2.2835170e+06   7.0983887e+01
   2.2836820e+06   6.8603516e+01
   2.3006830e+06   1.3032837e+03
   2.3506970e+06   1.3033447e+03
   2.4007130e+06   3.3013306e+03
   2.4460560e+06   4.2114258e+01
   2.4462420e+06   7.2875977e+01
   2.4463470e+06   3.9733887e+01
   2.4463840e+06   7.4890137e+01
   2.4464370e+06   3.9367676e+01
   2.4467000e+06   3.9672852e+01
   2.4507270e+06   3.2949219e+03
   2.4507380e+06   4.4921875e+01
   2.5095630e+06   4.2785645e+01
   2.5096320e+06   3.9489746e+01
   2.5097290e+06   4.4128418e+01
   2.5097870e+06   7.9895020e+01
   2.5098670e+06   8.6914063e+01
   2.5100050e+06   7.3791504e+01
   2.5100250e+06   5.9326172e+01
   2.5101200e+06   6.0058594e+01
   2.5102420e+06   5.2978516e+01
   2.5103740e+06   5.6884766e+01
   2.5105180e+06   6.6040039e+01
   2.5106890e+06   6.0119629e+01
   2.5108370e+06   5.4138184e+01
   2.5110850e+06   4.6630859e+01
   2.5116510e+06   5.6640625e+01
   2.6090350e+06   4.8828125e+01
   2.6092380e+06   7.9284668e+01
   2.6094770e+06   6.5551758e+01
   2.6095360e+06   4.6569824e+01
   2.6305300e+06   3.9550781e+01
   2.6989370e+06   9.8205566e+01
   2.6991430e+06   7.8186035e+01
   2.6997070e+06   4.1503906e+01
   2.7000910e+06   4.0832520e+01
   2.7258450e+06   4.4860840e+01
   2.7259350e+06   8.2031250e+01
   2.7260220e+06   6.1279297e+01
   2.7260540e+06   4.9682617e+01
   2.7261860e+06   5.9814453e+01
   2.8084200e+06   4.0344238e+01
   2.9226980e+06   4.2236328e+01
   2.9556180e+06   4.0527344e+01
   2.9557260e+06   3.9733887e+01
   2.9558220e+06   4.0527344e+01
   2.9559950e+06   3.9916992e+01
   2.9560470e+06   9.4238281e+01
   2.9561200e+06   4.4982910e+01
   2.9561690e+06   8.7951660e+01
   2.9562590e+06   5.3161621e+01
   2.9564000e+06   7.4890137e+01
   2.9565320e+06   5.3649902e+01
   2.9567040e+06   4.9804688e+01
   2.9568850e+06   6.1462402e+01
