   2.9990000e+06   0.0000000e+00
   1.0400000e+03   2.0095825e+03
   1.0580000e+03   1.2585449e+02
   1.1030000e+03   4.3212891e+01
   1.1430000e+03   3.3447266e+01
   1.2840000e+03   6.4208984e+01
   1.3640000e+03   3.4606934e+01
   1.8740000e+03   6.4270020e+01
   2.0020000e+03   3.4057617e+01
   2.1410000e+03   4.7119141e+01
   2.3370000e+03   4.9621582e+01
   2.4960000e+03   4.0893555e+01
   2.8750000e+03   4.8461914e+01
   3.0060000e+03   3.9184570e+01
   3.0300000e+03   5.9326172e+01
   3.2210000e+03   3.3447266e+01
   3.2820000e+03   3.5461426e+01
   3.3070000e+03   6.6162109e+01
   3.3740000e+03   5.6091309e+01
   3.4970000e+03   4.0100098e+01
   3.5670000e+03   3.6254883e+01
   3.6320000e+03   4.8583984e+01
   3.7620000e+03   4.9987793e+01
   3.7770000e+03   3.4667969e+01
   3.9140000e+03   4.5959473e+01
   4.0480000e+03   3.3935547e+01
   4.0900000e+03   5.5603027e+01
   4.1880000e+03   4.8217773e+01
   4.2030000e+03   3.6132813e+01
   4.2520000e+03   3.3752441e+01
   4.3740000e+03   4.0588379e+01
   4.4270000e+03   3.3996582e+01
   4.5380000e+03   4.0832520e+01
   4.5970000e+03   3.6254883e+01
   4.6900000e+03   4.9011230e+01
   4.9140000e+03   4.4067383e+01
   5.0870000e+03   4.5593262e+01
   5.3470000e+03   4.9743652e+01
   5.9130000e+03   3.9855957e+01
   6.5680000e+03   4.0771484e+01
   1.6453000e+04   3.2958984e+01
   5.1056000e+04   3.9999390e+03
   5.1071000e+04   1.3238525e+02
   5.1118000e+04   3.6071777e+01
   5.1280000e+04   5.3833008e+01
   5.7322000e+04   3.9245605e+01
   5.7354000e+04   1.0015869e+02
   5.7391000e+04   3.5217285e+01
   5.7622000e+04   6.4758301e+01
   5.7645000e+04   3.6560059e+01
   5.7739000e+04   5.6213379e+01
   5.7761000e+04   4.0039063e+01
   5.7786000e+04   4.7546387e+01
   5.7816000e+04   3.7963867e+01
   5.7864000e+04   4.1625977e+01
   5.7893000e+04   5.3344727e+01
   5.7954000e+04   8.6547852e+01
   5.7998000e+04   3.8513184e+01
   5.8011000e+04   7.5439453e+01
   5.8040000e+04   4.6875000e+01
   5.8070000e+04   4.9133301e+01
   5.8085000e+04   4.6325684e+01
   5.8122000e+04   6.1767578e+01
   5.8139000e+04   4.1625977e+01
   5.8166000e+04   3.7109375e+01
   5.8202000e+04   3.7109375e+01
   5.8214000e+04   6.1584473e+01
   5.8233000e+04   5.4321289e+01
   5.8260000e+04   6.3354492e+01
   5.8280000e+04   4.5532227e+01
   5.8313000e+04   3.4362793e+01
   5.8338000e+04   3.4973145e+01
   5.8353000e+04   4.0222168e+01
   5.8365000e+04   4.3457031e+01
   5.8396000e+04   4.6569824e+01
   5.8436000e+04   3.4423828e+01
   5.8446000e+04   4.0649414e+01
   5.8490000e+04   5.2429199e+01
   5.8533000e+04   3.8269043e+01
   5.8566000e+04   4.2236328e+01
   5.8588000e+04   4.8095703e+01
   5.8613000e+04   3.3996582e+01
   5.8661000e+04   8.2946777e+01
   5.8692000e+04   3.8452148e+01
   5.8712000e+04   5.0109863e+01
   5.8749000e+04   4.0588379e+01
   5.8783000e+04   3.7536621e+01
   5.8798000e+04   3.4851074e+01
   5.8855000e+04   3.3081055e+01
   5.8902000e+04   3.6743164e+01
   5.8945000e+04   3.3630371e+01
   5.8964000e+04   5.3649902e+01
   5.8989000e+04   3.6621094e+01
   5.9011000e+04   3.4484863e+01
   5.9070000e+04   3.6315918e+01
   5.9130000e+04   4.0527344e+01
   5.9150000e+04   3.3325195e+01
   5.9175000e+04   6.0180664e+01
   5.9273000e+04   3.3142090e+01
   5.9321000e+04   3.4057617e+01
   5.9366000e+04   3.9001465e+01
   5.9382000e+04   3.3813477e+01
   5.9507000e+04   3.9062500e+01
   5.9646000e+04   5.9936523e+01
   5.9708000e+04   3.6193848e+01
   5.9770000e+04   3.3081055e+01
   5.9803000e+04   3.4057617e+01
   5.9827000e+04   3.7536621e+01
   5.9843000e+04   4.1625977e+01
   5.9877000e+04   4.4616699e+01
   6.0006000e+04   4.1809082e+01
   6.0055000e+04   3.5217285e+01
   6.0186000e+04   3.6132813e+01
   6.0273000e+04   3.3020020e+01
   6.0329000e+04   3.3996582e+01
   6.0381000e+04   3.3996582e+01
   6.0407000e+04   3.7719727e+01
   6.0608000e+04   3.6132813e+01
   6.0648000e+04   4.6386719e+01
   6.0764000e+04   4.5410156e+01
   6.0961000e+04   3.3142090e+01
   6.1717000e+04   3.5339355e+01
   6.2077000e+04   3.5461426e+01
   6.2289000e+04   3.4118652e+01
   6.2397000e+04   3.3020020e+01
   6.3125000e+04   3.5522461e+01
   8.4570000e+04   3.9550781e+01
   9.7348000e+04   3.9550781e+01
   1.0107000e+05   3.9999390e+03
   1.0108600e+05   1.4367676e+02
   1.0113300e+05   3.6560059e+01
   1.0127300e+05   3.4973145e+01
   1.0129300e+05   5.9020996e+01
   1.0135500e+05   3.9428711e+01
   1.0361800e+05   3.8574219e+01
   1.0381800e+05   3.5339355e+01
   1.0384000e+05   9.2224121e+01
   1.0407900e+05   5.1025391e+01
   1.0411600e+05   3.3996582e+01
   1.0419900e+05   8.2519531e+01
   1.0420900e+05   3.3691406e+01
   1.0423700e+05   5.4321289e+01
   1.0425100e+05   3.5156250e+01
   1.0431900e+05   3.8330078e+01
   1.0435400e+05   6.9885254e+01
   1.0437200e+05   4.8583984e+01
   1.0439700e+05   7.7331543e+01
   1.0442300e+05   5.6640625e+01
   1.0444700e+05   4.7485352e+01
   1.0446700e+05   3.9001465e+01
   1.0450000e+05   6.5002441e+01
   1.0452400e+05   4.2114258e+01
   1.0455000e+05   3.7048340e+01
   1.0457100e+05   3.8696289e+01
   1.0459900e+05   6.2133789e+01
   1.0462200e+05   5.7678223e+01
   1.0464300e+05   4.1748047e+01
   1.0466500e+05   5.8227539e+01
   1.0467600e+05   4.1198730e+01
   1.0469500e+05   3.7292480e+01
   1.0471500e+05   3.6010742e+01
   1.0473400e+05   3.7414551e+01
   1.0476500e+05   4.1809082e+01
   1.0477500e+05   3.7414551e+01
   1.0480500e+05   3.3874512e+01
   1.0486000e+05   3.6071777e+01
   1.0489400e+05   4.8828125e+01
   1.0490600e+05   5.0476074e+01
   1.0494500e+05   4.4860840e+01
   1.0496000e+05   5.2307129e+01
   1.0499800e+05   3.3935547e+01
   1.0502800e+05   3.4851074e+01
   1.0509800e+05   3.2836914e+01
   1.0512800e+05   3.3630371e+01
   1.0517600e+05   3.7597656e+01
   1.0518600e+05   6.8542480e+01
   1.0521800e+05   5.4443359e+01
   1.0524100e+05   4.8461914e+01
   1.0525100e+05   3.9733887e+01
   1.0528600e+05   3.3569336e+01
   1.0533800e+05   3.6010742e+01
   1.0537700e+05   3.9428711e+01
   1.0541600e+05   3.7658691e+01
   1.0543900e+05   4.4189453e+01
   1.0545000e+05   3.2958984e+01
   1.0549600e+05   4.8767090e+01
   1.0559800e+05   3.8330078e+01
   1.0562000e+05   3.3691406e+01
   1.0565000e+05   3.9184570e+01
   1.0576800e+05   3.4484863e+01
   1.0581200e+05   3.9001465e+01
   1.0584700e+05   3.5339355e+01
   1.0589300e+05   3.3508301e+01
   1.0591500e+05   4.1259766e+01
   1.0594500e+05   3.6804199e+01
   1.0596300e+05   3.3569336e+01
   1.0621800e+05   4.6203613e+01
   1.0625200e+05   3.7292480e+01
   1.0626700e+05   4.2541504e+01
   1.0648400e+05   3.3447266e+01
   1.0677700e+05   3.3203125e+01
   1.0703500e+05   3.5400391e+01
   1.0707800e+05   3.6682129e+01
   1.0720400e+05   3.8757324e+01
   1.0738700e+05   3.5217285e+01
   1.0805900e+05   3.5705566e+01
   1.0921200e+05   4.2846680e+01
   1.2254500e+05   3.6987305e+01
   1.3462200e+05   4.0710449e+01
   1.3463200e+05   6.4819336e+01
   1.3511800e+05   3.4973145e+01
   1.3524700e+05   4.2724609e+01
   1.3529200e+05   3.6926270e+01
   1.3583000e+05   3.6682129e+01
   1.3626800e+05   4.5349121e+01
   1.5076000e+05   5.9753418e+01
   1.5079000e+05   5.3039551e+01
   1.5080600e+05   5.9936523e+01
   1.5094000e+05   3.2958984e+01
   1.5106900e+05   6.8603516e+01
   1.5108400e+05   3.9999390e+03
   1.5110100e+05   9.0454102e+01
   1.5111300e+05   4.0771484e+01
   1.5114500e+05   5.6823730e+01
   1.5117900e+05   3.8146973e+01
   1.5124000e+05   4.1320801e+01
   1.5127400e+05   3.8085938e+01
   1.5129600e+05   6.8420410e+01
   1.5132200e+05   5.4016113e+01
   1.5135200e+05   4.3029785e+01
   1.5137900e+05   6.4453125e+01
   1.5139800e+05   7.8002930e+01
   1.5144400e+05   3.4545898e+01
   1.5146100e+05   4.0100098e+01
   1.5149400e+05   5.5664062e+01
   1.5152000e+05   5.5725098e+01
   1.5154900e+05   3.3691406e+01
   1.5158400e+05   4.0405273e+01
   1.5161100e+05   7.5744629e+01
   1.5165000e+05   6.6955566e+01
   1.5168300e+05   4.8706055e+01
   1.5169400e+05   6.9335938e+01
   1.5172200e+05   3.5827637e+01
   1.5176000e+05   4.9011230e+01
   1.5178600e+05   4.4006348e+01
   1.5180100e+05   3.6254883e+01
   1.5184300e+05   5.0109863e+01
   1.5187000e+05   4.9072266e+01
   1.5188600e+05   4.1198730e+01
   1.5190600e+05   3.4606934e+01
   1.5196100e+05   4.4189453e+01
   1.5198300e+05   3.6376953e+01
   1.5201700e+05   3.4545898e+01
   1.5203700e+05   5.7006836e+01
   1.5206100e+05   4.4494629e+01
   1.5207400e+05   7.0800781e+01
   1.5211600e+05   3.9367676e+01
   1.5212800e+05   4.3579102e+01
   1.5214300e+05   4.9438477e+01
   1.5218500e+05   3.4179688e+01
   1.5227200e+05   4.6325684e+01
   1.5229200e+05   3.5278320e+01
   1.5234900e+05   3.6499023e+01
   1.5239000e+05   5.1452637e+01
   1.5241600e+05   4.5043945e+01
   1.5247000e+05   4.2846680e+01
   1.5249700e+05   3.3203125e+01
   1.5251100e+05   3.4118652e+01
   1.5257200e+05   3.7048340e+01
   1.5266800e+05   3.7963867e+01
   1.5274500e+05   4.4921875e+01
   1.5277600e+05   3.6132813e+01
   1.5284300e+05   3.3752441e+01
   1.5295000e+05   3.4118652e+01
   1.5298600e+05   3.5827637e+01
   1.5302900e+05   3.6926270e+01
   1.5305200e+05   3.4790039e+01
   1.5309600e+05   4.8278809e+01
   1.5329900e+05   3.4362793e+01
   1.5331900e+05   3.3203125e+01
   1.5335400e+05   3.4484863e+01
   1.5342500e+05   4.6142578e+01
   1.5346300e+05   3.4057617e+01
   1.5362800e+05   3.4973145e+01
   1.5373800e+05   3.6987305e+01
   1.5374800e+05   4.3395996e+01
   1.5392200e+05   4.1564941e+01
   1.5396100e+05   4.5410156e+01
   1.5433100e+05   3.3630371e+01
   1.5461000e+05   3.5522461e+01
   1.5472200e+05   3.4667969e+01
   1.5550100e+05   3.6560059e+01
   1.5600800e+05   3.6865234e+01
   1.5616900e+05   3.2836914e+01
   1.6509100e+05   5.0170898e+01
   1.6815500e+05   3.5827637e+01
   1.6868300e+05   4.5288086e+01
   1.7037200e+05   4.4433594e+01
   1.7057700e+05   4.9743652e+01
   1.7066400e+05   4.0039063e+01
   1.7071100e+05   3.3508301e+01
   1.7075800e+05   4.9499512e+01
   1.7092100e+05   4.3334961e+01
   1.7099900e+05   3.5644531e+01
   1.7108300e+05   3.9794922e+01
   1.7111400e+05   5.2856445e+01
   1.7114300e+05   6.3903809e+01
   1.7126600e+05   3.3142090e+01
   1.7133400e+05   3.8452148e+01
   1.7134900e+05   3.8818359e+01
   1.7138900e+05   3.6315918e+01
   1.7144500e+05   3.4179688e+01
   1.7145800e+05   7.1472168e+01
   1.7154600e+05   4.3640137e+01
   1.7165900e+05   3.2958984e+01
   1.7174900e+05   4.4311523e+01
   1.7184700e+05   4.7363281e+01
   1.7213300e+05   3.4118652e+01
   1.7223000e+05   4.4616699e+01
   1.7253800e+05   3.6865234e+01
   1.7264800e+05   4.4067383e+01
   1.7308000e+05   4.8339844e+01
   1.7365300e+05   3.4851074e+01
   1.8613600e+05   4.9987793e+01
   1.8641900e+05   4.0344238e+01
   1.8646700e+05   3.9916992e+01
   1.8649700e+05   3.2836914e+01
   1.8653700e+05   4.9194336e+01
   1.8662600e+05   3.6682129e+01
   1.8674500e+05   5.0781250e+01
   1.8690100e+05   3.8635254e+01
   1.8697800e+05   5.7739258e+01
   1.8705600e+05   3.3386230e+01
   1.8736000e+05   4.1687012e+01
   1.8749400e+05   4.3579102e+01
   1.8781700e+05   5.1391602e+01
   1.8818900e+05   3.3935547e+01
   1.8824600e+05   5.3222656e+01
   1.8877500e+05   3.5583496e+01
   1.8970500e+05   4.2114258e+01
   1.9976600e+05   3.6804199e+01
   2.0045900e+05   3.3813477e+01
   2.0057800e+05   5.3344727e+01
   2.0109600e+05   2.0101929e+03
   2.0111500e+05   1.2988281e+02
   2.0115900e+05   4.0405273e+01
   2.0122800e+05   3.9611816e+01
   2.0131400e+05   5.7983398e+01
   2.0223700e+05   4.2724609e+01
   2.1466000e+05   4.6081543e+01
   2.1552200e+05   5.5114746e+01
   2.1558300e+05   4.4128418e+01
   2.1907400e+05   4.6386719e+01
   2.1932300e+05   3.4118652e+01
   2.1935800e+05   5.5053711e+01
   2.1943400e+05   5.3405762e+01
   2.1945000e+05   5.6213379e+01
   2.1959800e+05   3.2836914e+01
   2.1964900e+05   3.3264160e+01
   2.1966200e+05   3.9306641e+01
   2.1974100e+05   5.4748535e+01
   2.1975300e+05   3.4912109e+01
   2.1979000e+05   4.7180176e+01
   2.1988100e+05   3.3020020e+01
   2.1998300e+05   3.4484863e+01
   2.2007500e+05   4.9804688e+01
   2.2015000e+05   3.5034180e+01
   2.2021300e+05   3.5034180e+01
   2.2038800e+05   6.1218262e+01
   2.2040600e+05   3.6743164e+01
   2.2046800e+05   3.4545898e+01
   2.2064400e+05   3.4362793e+01
   2.2068800e+05   4.7058105e+01
   2.2075600e+05   3.4851074e+01
   2.2077600e+05   4.3457031e+01
   2.2100800e+05   3.6865234e+01
   2.2133200e+05   3.4606934e+01
   2.2139900e+05   3.8146973e+01
   2.2184300e+05   4.1564941e+01
   2.2191900e+05   4.0100098e+01
   2.2228200e+05   4.0039063e+01
   2.2254800e+05   3.3935547e+01
   2.2283200e+05   4.0466309e+01
   2.2340200e+05   4.1931152e+01
   2.4107200e+05   6.4575195e+01
   2.4110600e+05   3.7170410e+01
   2.4140100e+05   4.9316406e+01
   2.4149300e+05   3.6254883e+01
   2.4151900e+05   5.9020996e+01
   2.4154200e+05   3.7231445e+01
   2.4167800e+05   3.3447266e+01
   2.4170700e+05   3.4851074e+01
   2.4175200e+05   4.7668457e+01
   2.4181300e+05   4.6508789e+01
   2.4186900e+05   5.8166504e+01
   2.4208500e+05   3.4057617e+01
   2.4212700e+05   3.6010742e+01
   2.4227200e+05   3.3630371e+01
   2.4231800e+05   5.3466797e+01
   2.4240300e+05   3.3447266e+01
   2.4242100e+05   3.3996582e+01
   2.4245900e+05   3.4545898e+01
   2.4262800e+05   3.3325195e+01
   2.4269700e+05   5.0720215e+01
   2.4274800e+05   3.4973145e+01
   2.4296800e+05   3.3081055e+01
   2.4310400e+05   3.7780762e+01
   2.4352000e+05   3.9550781e+01
   2.4403700e+05   3.5705566e+01
   2.4460400e+05   4.6630859e+01
   2.5111000e+05   2.0100708e+03
   2.5112900e+05   1.3519287e+02
   2.5117400e+05   4.6203613e+01
   2.5129200e+05   6.3354492e+01
   2.6029000e+05   6.6650391e+01
   2.6030600e+05   5.0292969e+01
   2.6036300e+05   4.4128418e+01
   2.6072800e+05   5.6884766e+01
   2.6105900e+05   3.3020020e+01
   2.6114400e+05   5.4138184e+01
   2.6117900e+05   3.9672852e+01
   2.6123400e+05   5.0720215e+01
   2.6129900e+05   3.6499023e+01
   2.6158800e+05   4.6264648e+01
   2.6164800e+05   5.6518555e+01
   2.6205100e+05   3.4179688e+01
   2.6206800e+05   4.6447754e+01
   2.6232100e+05   3.3935547e+01
   2.6257200e+05   3.2836914e+01
   2.6300300e+05   3.6010742e+01
   2.6342100e+05   3.5034180e+01
   2.6351000e+05   3.3264160e+01
   2.6354800e+05   3.8330078e+01
   2.7390800e+05   3.5461426e+01
   2.7392700e+05   6.1340332e+01
   2.7440800e+05   5.0170898e+01
   2.7526600e+05   5.9082031e+01
   2.7606300e+05   4.5715332e+01
   2.7742300e+05   4.9011230e+01
   2.8924400e+05   4.4067383e+01
   2.8946000e+05   4.4555664e+01
   2.8966600e+05   5.2795410e+01
   2.8976900e+05   3.3264160e+01
   2.8986700e+05   4.4860840e+01
   2.9005500e+05   5.3710938e+01
   2.9072100e+05   3.4667969e+01
   2.9073300e+05   4.8522949e+01
   2.9140700e+05   5.0231934e+01
   2.9205800e+05   5.3466797e+01
   3.0112400e+05   2.0108032e+03
   3.0114200e+05   1.4654541e+02
   3.0115800e+05   3.7109375e+01
   3.0123200e+05   3.3874512e+01
   3.0132000e+05   5.0903320e+01
   3.0243000e+05   3.2836914e+01
   3.0255400e+05   4.8034668e+01
   3.0260100e+05   5.0231934e+01
   3.0346400e+05   4.6630859e+01
   3.0348300e+05   3.5400391e+01
   3.0349700e+05   4.0405273e+01
   3.0365500e+05   3.8085938e+01
   3.0579900e+05   4.7363281e+01
   3.2196700e+05   3.4912109e+01
   3.2205200e+05   4.4677734e+01
   3.2206600e+05   9.0637207e+01
   3.2255700e+05   3.5095215e+01
   3.2261400e+05   5.7067871e+01
   3.2297700e+05   3.6804199e+01
   3.2302300e+05   6.3720703e+01
   3.2303600e+05   5.5969238e+01
   3.2359500e+05   5.0048828e+01
   3.2421300e+05   3.3935547e+01
   3.3987100e+05   5.3588867e+01
   3.3991200e+05   6.8481445e+01
   3.3997100e+05   5.9875488e+01
   3.4025500e+05   5.4199219e+01
   3.4028300e+05   3.5522461e+01
   3.4030500e+05   4.2480469e+01
   3.4032400e+05   5.0598145e+01
   3.4055200e+05   3.7109375e+01
   3.4071500e+05   4.7180176e+01
   3.4097200e+05   3.6865234e+01
   3.4113800e+05   3.5034180e+01
   3.4116300e+05   8.1970215e+01
   3.4126200e+05   3.3386230e+01
   3.4175300e+05   5.0109863e+01
   3.5113800e+05   2.0012207e+03
   3.5115600e+05   1.3494873e+02
   3.5117700e+05   3.2958984e+01
   3.5120100e+05   3.9306641e+01
   3.5141800e+05   5.9692383e+01
   3.5222100e+05   3.5217285e+01
   3.5266700e+05   5.3039551e+01
   3.5355200e+05   4.8522949e+01
   3.6532900e+05   5.1208496e+01
   3.6558600e+05   3.4057617e+01
   3.6579000e+05   3.4851074e+01
   3.6589600e+05   3.5217285e+01
   3.6600700e+05   5.4504395e+01
   3.6614300e+05   3.4729004e+01
   3.6654500e+05   5.2001953e+01
   3.6831000e+05   4.7241211e+01
   3.6834800e+05   3.3020020e+01
   3.6992800e+05   3.5888672e+01
   3.8544300e+05   5.5969238e+01
   3.8551000e+05   6.6223145e+01
   3.8553400e+05   3.5217285e+01
   3.8599000e+05   5.5419922e+01
   3.8602400e+05   5.2673340e+01
   3.8633800e+05   3.3752441e+01
   3.8665200e+05   5.2246094e+01
   3.8667100e+05   4.9194336e+01
   3.8670800e+05   3.9611816e+01
   3.8728200e+05   5.1513672e+01
   4.0115200e+05   2.0095215e+03
   4.0117000e+05   1.4514160e+02
   4.0121500e+05   4.3884277e+01
   4.0140500e+05   6.1035156e+01
   4.0225200e+05   5.5664062e+01
   4.0227300e+05   3.7780762e+01
   4.0249400e+05   3.7048340e+01
   4.0300300e+05   4.8461914e+01
   4.1639700e+05   3.4912109e+01
   4.1685700e+05   4.0588379e+01
   4.1693900e+05   6.0363770e+01
   4.1700600e+05   3.9978027e+01
   4.1711400e+05   4.2297363e+01
   4.1757600e+05   3.6071777e+01
   4.1762600e+05   5.3955078e+01
   4.1812200e+05   5.3039551e+01
   4.1841600e+05   5.3710938e+01
   4.3242300e+05   4.9194336e+01
   4.3247100e+05   4.0588379e+01
   4.3252700e+05   3.9550781e+01
   4.3310100e+05   5.4748535e+01
   4.3367400e+05   5.4992676e+01
   4.3375900e+05   3.2958984e+01
   4.5047000e+05   5.5175781e+01
   4.5054300e+05   5.4931641e+01
   4.5057700e+05   8.4716797e+01
   4.5075300e+05   5.4992676e+01
   4.5090000e+05   3.8818359e+01
   4.5092200e+05   3.3569336e+01
   4.5098400e+05   3.5034180e+01
   4.5099600e+05   3.5888672e+01
   4.5109800e+05   4.9560547e+01
   4.5112100e+05   3.4729004e+01
   4.5116600e+05   2.0072021e+03
   4.5118800e+05   8.5449219e+01
   4.5120900e+05   3.3203125e+01
   4.5122900e+05   5.3771973e+01
   4.5126500e+05   3.8513184e+01
   4.5144700e+05   3.3935547e+01
   4.5148700e+05   3.6621094e+01
   4.5154600e+05   3.9855957e+01
   4.5155700e+05   5.9387207e+01
   4.5162700e+05   4.7302246e+01
   4.5172600e+05   4.9377441e+01
   4.5186400e+05   4.7973633e+01
   4.5188200e+05   3.2897949e+01
   4.5198100e+05   4.8461914e+01
   4.5206900e+05   3.5400391e+01
   4.5233200e+05   4.1381836e+01
   4.5238000e+05   3.6560059e+01
   4.5244200e+05   3.7231445e+01
   4.5365300e+05   3.9428711e+01
   4.5385500e+05   3.5278320e+01
   4.5401400e+05   3.8940430e+01
   4.5428400e+05   3.6560059e+01
   4.5470500e+05   3.9428711e+01
   4.5510800e+05   3.4973145e+01
   4.5566400e+05   3.8635254e+01
   4.6459100e+05   3.3203125e+01
   4.6477200e+05   6.8969727e+01
   4.8128100e+05   5.7983398e+01
   4.8133900e+05   5.1757813e+01
   4.8182400e+05   4.4067383e+01
   4.8292500e+05   6.0363770e+01
   4.8338200e+05   3.7780762e+01
   4.9675400e+05   3.3020020e+01
   4.9694200e+05   5.8166504e+01
   4.9795100e+05   5.4016113e+01
   4.9807800e+05   3.9123535e+01
   4.9824400e+05   4.4616699e+01
   4.9863600e+05   5.4992676e+01
   4.9930900e+05   5.1208496e+01
   5.0118000e+05   2.0077515e+03
   5.0119800e+05   1.2261963e+02
   5.0122300e+05   3.6621094e+01
   5.0124300e+05   3.2897949e+01
   5.1104300e+05   4.9987793e+01
   5.1186600e+05   4.9072266e+01
   5.1257600e+05   5.5114746e+01
   5.1270400e+05   3.5827637e+01
   5.1367100e+05   5.2307129e+01
   5.3002300e+05   6.1035156e+01
   5.3010500e+05   5.4443359e+01
   5.3049000e+05   4.1870117e+01
   5.3060100e+05   3.7109375e+01
   5.3067100e+05   3.5034180e+01
   5.3072300e+05   3.9978027e+01
   5.3093700e+05   4.9133301e+01
   5.3125000e+05   5.8349609e+01
   5.5119400e+05   2.0055542e+03
   5.5121300e+05   1.3842773e+02
   5.5125700e+05   5.0415039e+01
   5.5141300e+05   4.5471191e+01
   5.5142700e+05   3.3996582e+01
   5.5145100e+05   6.4453125e+01
   5.5203600e+05   5.6091309e+01
   5.5208400e+05   3.4240723e+01
   5.5214300e+05   3.9855957e+01
   5.5269300e+05   5.2490234e+01
   5.5328000e+05   3.5339355e+01
   5.5357500e+05   3.5644531e+01
   5.5558000e+05   3.5034180e+01
   5.8597000e+05   5.6457520e+01
   5.8604400e+05   6.6284180e+01
   5.8608600e+05   4.9743652e+01
   5.8649800e+05   4.6508789e+01
   5.8657800e+05   4.1625977e+01
   5.8659000e+05   3.6804199e+01
   5.8670400e+05   5.9692383e+01
   5.8673600e+05   3.2836914e+01
   5.8681500e+05   5.0903320e+01
   5.8686500e+05   3.8146973e+01
   5.8706600e+05   3.7902832e+01
   5.8715500e+05   4.0710449e+01
   5.8719100e+05   3.4790039e+01
   5.8736800e+05   3.2897949e+01
   5.8739300e+05   5.3405762e+01
   5.8770600e+05   4.1442871e+01
   6.0120800e+05   2.0087891e+03
   6.0122700e+05   1.4642334e+02
   6.0127200e+05   4.5654297e+01
   6.0140800e+05   5.7128906e+01
   6.0153100e+05   6.1706543e+01
   6.0350600e+05   3.7658691e+01
   6.0641300e+05   3.3020020e+01
   6.4726700e+05   5.3039551e+01
   6.4731500e+05   5.4138184e+01
   6.4736800e+05   3.4545898e+01
   6.4748000e+05   3.5156250e+01
   6.4796700e+05   4.3640137e+01
   6.4802400e+05   6.3415527e+01
   6.4819300e+05   3.6926270e+01
   6.4823100e+05   3.6621094e+01
   6.4837400e+05   4.5959473e+01
   6.4859000e+05   3.4729004e+01
   6.4864800e+05   5.8349609e+01
   6.4872600e+05   4.8339844e+01
   6.4876900e+05   4.7729492e+01
   6.4882800e+05   3.6499023e+01
   6.4923800e+05   3.3447266e+01
   6.5122200e+05   2.0095825e+03
   6.5124000e+05   1.1853027e+02
   6.5125300e+05   4.0893555e+01
   6.5128600e+05   3.4423828e+01
   6.5826000e+05   3.4240723e+01
   6.5830100e+05   3.2958984e+01
   6.5846100e+05   6.8054199e+01
   6.5854400e+05   4.5898438e+01
   6.5858200e+05   3.4057617e+01
   6.5885900e+05   7.3730469e+01
   6.5903300e+05   3.3752441e+01
   6.5904500e+05   3.4729004e+01
   6.5909100e+05   4.4555664e+01
   6.5915700e+05   4.6203613e+01
   6.5942700e+05   3.4423828e+01
   6.5944400e+05   3.5949707e+01
   6.5948500e+05   3.7841797e+01
   6.5954700e+05   3.6315918e+01
   6.5963600e+05   3.3203125e+01
   6.5969000e+05   3.8085938e+01
   6.5980500e+05   3.8024902e+01
   6.5987500e+05   3.5217285e+01
   6.5990900e+05   3.4606934e+01
   6.6010900e+05   3.6071777e+01
   6.6023800e+05   3.4606934e+01
   6.6035000e+05   3.3081055e+01
   6.6049000e+05   3.6560059e+01
   6.6055100e+05   4.4250488e+01
   6.6078300e+05   5.0109863e+01
   6.6134300e+05   4.0832520e+01
   6.6186800e+05   3.3264160e+01
   6.6273000e+05   3.6376953e+01
   6.6309800e+05   3.5095215e+01
   6.6322600e+05   5.4321289e+01
   6.6372700e+05   4.1381836e+01
   6.8127000e+05   6.2805176e+01
   6.8195800e+05   4.0466309e+01
   6.8216100e+05   6.7138672e+01
   6.8221900e+05   4.7119141e+01
   6.8229100e+05   4.7729492e+01
   6.8250800e+05   3.4240723e+01
   6.8288800e+05   5.1391602e+01
   6.8363000e+05   5.2062988e+01
   6.8438800e+05   3.8391113e+01
   7.0123800e+05   3.9999390e+03
   7.0125500e+05   1.2390137e+02
   7.0129900e+05   4.0954590e+01
   7.0133900e+05   3.6254883e+01
   7.0138600e+05   3.6926270e+01
   7.0150100e+05   5.2734375e+01
   7.0225800e+05   5.2246094e+01
   7.0281000e+05   5.3771973e+01
   7.0333500e+05   3.8940430e+01
   7.1181700e+05   3.3142090e+01
   7.1698900e+05   3.5766602e+01
   7.2194800e+05   3.4667969e+01
   7.5125000e+05   2.0098267e+03
   7.5126800e+05   1.3861084e+02
   7.5131300e+05   5.2673340e+01
   7.5136000e+05   3.4423828e+01
   7.5148300e+05   8.5083008e+01
   7.5212700e+05   4.9865723e+01
   7.5214800e+05   4.6813965e+01
   7.5216100e+05   5.4199219e+01
   7.5259800e+05   5.7373047e+01
   7.5263700e+05   5.3161621e+01
   7.5269100e+05   3.4484863e+01
   7.5314300e+05   3.3691406e+01
   7.5316600e+05   5.8471680e+01
   7.5365400e+05   3.9306641e+01
   7.5387500e+05   4.0344238e+01
   8.0126400e+05   2.0100708e+03
   8.0128100e+05   1.1260986e+02
   8.0132700e+05   5.0048828e+01
   8.0137000e+05   4.7119141e+01
   8.0150600e+05   4.9987793e+01
   8.0199100e+05   5.5725098e+01
   8.0205900e+05   5.6701660e+01
   8.0242100e+05   5.2978516e+01
   8.0265400e+05   3.6315918e+01
   8.0301300e+05   3.4057617e+01
   8.0325600e+05   6.5429688e+01
   8.0368600e+05   3.4362793e+01
   8.0425900e+05   4.6691895e+01
   8.0523700e+05   3.5888672e+01
   8.0866800e+05   6.5917969e+01
   8.0890200e+05   3.4973145e+01
   8.0902500e+05   4.4067383e+01
   8.0911000e+05   4.1259766e+01
   8.0934700e+05   5.7250977e+01
   8.0954700e+05   4.2968750e+01
   8.0970900e+05   4.7668457e+01
   8.0996800e+05   3.4179688e+01
   8.1000900e+05   4.7973633e+01
   8.1039700e+05   3.5949707e+01
   8.1061700e+05   3.6804199e+01
   8.1067100e+05   3.4606934e+01
   8.1103600e+05   5.8593750e+01
   8.1148400e+05   3.3020020e+01
   8.1248700e+05   4.1137695e+01
   8.1298900e+05   4.1259766e+01
   8.1350400e+05   4.4738770e+01
   8.5128000e+05   3.9999390e+03
   8.5129600e+05   1.2823486e+02
   8.5134200e+05   3.6743164e+01
   8.5146900e+05   5.3405762e+01
   8.5156100e+05   6.5307617e+01
   8.5185300e+05   4.4860840e+01
   8.5204900e+05   5.3894043e+01
   8.5232600e+05   5.3100586e+01
   8.5251400e+05   5.1818848e+01
   8.5272300e+05   4.2968750e+01
   8.5309300e+05   6.3232422e+01
   8.5345900e+05   5.9936523e+01
   8.5352000e+05   4.0344238e+01
   8.5359400e+05   3.9428711e+01
   8.5374100e+05   3.6621094e+01
   8.5386900e+05   3.3996582e+01
   8.5401000e+05   3.5644531e+01
   8.5428600e+05   5.3222656e+01
   8.5440300e+05   4.0954590e+01
   8.5447100e+05   3.4729004e+01
   8.5449300e+05   3.3813477e+01
   8.5492500e+05   3.7292480e+01
   8.5497100e+05   3.5522461e+01
   8.5505600e+05   3.5034180e+01
   8.5517700e+05   3.5522461e+01
   8.5595600e+05   3.7902832e+01
   8.5690800e+05   3.3264160e+01
   8.5713500e+05   3.4851074e+01
   8.5841700e+05   3.4545898e+01
   8.8759900e+05   3.3447266e+01
   9.0129200e+05   2.0080566e+03
   9.0130900e+05   1.1804199e+02
   9.0132200e+05   3.7170410e+01
   9.0135500e+05   4.9194336e+01
   9.0140100e+05   7.3059082e+01
   9.0151600e+05   6.1035156e+01
   9.0180700e+05   3.3325195e+01
   9.0197600e+05   4.1076660e+01
   9.0201300e+05   4.3334961e+01
   9.0211500e+05   4.7607422e+01
   9.0243300e+05   4.7058105e+01
   9.0255600e+05   4.6325684e+01
   9.0289300e+05   4.3701172e+01
   9.0292700e+05   4.4860840e+01
   9.0300800e+05   3.5278320e+01
   9.0306800e+05   3.3142090e+01
   9.0311400e+05   4.5471191e+01
   9.0320300e+05   4.7119141e+01
   9.0340200e+05   4.5349121e+01
   9.0356800e+05   3.3874512e+01
   9.0371900e+05   3.6804199e+01
   9.0395200e+05   3.3691406e+01
   9.0428100e+05   4.2602539e+01
   9.0460700e+05   3.3325195e+01
   9.0465200e+05   3.5522461e+01
   9.0472000e+05   4.1564941e+01
   9.0496300e+05   4.3090820e+01
   9.0517800e+05   3.4912109e+01
   9.0569100e+05   3.4790039e+01
   9.0606600e+05   3.3752441e+01
   9.0736500e+05   3.3447266e+01
   9.0847400e+05   3.8818359e+01
   9.0911400e+05   3.4362793e+01
   9.4124600e+05   3.3264160e+01
   9.5130800e+05   3.9999390e+03
   9.5132500e+05   1.2695313e+02
   9.5136600e+05   4.3457031e+01
   9.5151400e+05   4.3518066e+01
   9.5152700e+05   7.0861816e+01
   9.5193700e+05   4.8706055e+01
   9.5201700e+05   3.5034180e+01
   9.5220800e+05   3.3874512e+01
   9.5241500e+05   4.3701172e+01
   9.5246200e+05   3.4790039e+01
   9.5251100e+05   3.7597656e+01
   9.5263200e+05   3.3264160e+01
   9.5268400e+05   5.3833008e+01
   9.5273400e+05   4.0588379e+01
   9.5302100e+05   3.8269043e+01
   9.5312100e+05   4.3457031e+01
   9.5313100e+05   5.4016113e+01
   9.5329600e+05   3.7658691e+01
   9.5353200e+05   5.4992676e+01
   9.5363100e+05   3.4301758e+01
   9.5382500e+05   3.3447266e+01
   9.5390800e+05   4.2053223e+01
   9.5391900e+05   4.3212891e+01
   9.5419100e+05   3.5583496e+01
   9.5427500e+05   3.9978027e+01
   9.5453300e+05   5.4016113e+01
   9.5487200e+05   4.1809082e+01
   9.5547200e+05   3.7597656e+01
   9.5617300e+05   3.8085938e+01
   9.5898600e+05   3.5827637e+01
   1.0013220e+06   3.9999390e+03
   1.0013380e+06   1.3922119e+02
   1.0013580e+06   3.7475586e+01
   1.0013830e+06   3.3447266e+01
   1.0015260e+06   5.8654785e+01
   1.0020330e+06   4.9316406e+01
   1.0022630e+06   4.6752930e+01
   1.0022890e+06   5.6884766e+01
   1.0025130e+06   5.3344727e+01
   1.0027620e+06   4.1076660e+01
   1.0028700e+06   4.7790527e+01
   1.0028810e+06   6.3781738e+01
   1.0031020e+06   3.8452148e+01
   1.0031610e+06   4.4433594e+01
   1.0033940e+06   3.4301758e+01
   1.0035180e+06   3.9916992e+01
   1.0036410e+06   3.3020020e+01
   1.0037690e+06   3.9672852e+01
   1.0040770e+06   4.8583984e+01
   1.0041500e+06   4.4250488e+01
   1.0041870e+06   5.3833008e+01
   1.0042090e+06   3.9489746e+01
   1.0042890e+06   3.2958984e+01
   1.0043630e+06   3.4118652e+01
   1.0044740e+06   3.3874512e+01
   1.0045280e+06   3.5278320e+01
   1.0046050e+06   3.3935547e+01
   1.0046580e+06   3.4057617e+01
   1.0047010e+06   5.4687500e+01
   1.0051470e+06   3.8940430e+01
   1.0051830e+06   3.3630371e+01
   1.0055510e+06   3.4118652e+01
   1.0055820e+06   3.3142090e+01
   1.0061090e+06   3.7414551e+01
   1.0066560e+06   4.0649414e+01
   1.0067220e+06   3.3081055e+01
   1.0097000e+06   3.3203125e+01
   1.0513340e+06   2.0079956e+03
   1.0513520e+06   1.3140869e+02
   1.0515640e+06   6.1950684e+01
   1.0520000e+06   5.8593750e+01
   1.0520200e+06   5.2978516e+01
   1.0520510e+06   4.1076660e+01
   1.0523990e+06   5.2246094e+01
   1.0524110e+06   3.4240723e+01
   1.0526250e+06   3.2958984e+01
   1.0526550e+06   3.4790039e+01
   1.0527750e+06   4.7851563e+01
   1.0529110e+06   3.6193848e+01
   1.0530190e+06   3.7353516e+01
   1.0530330e+06   3.4729004e+01
   1.0530590e+06   4.6875000e+01
   1.0530950e+06   3.7231445e+01
   1.0532950e+06   3.4057617e+01
   1.0533230e+06   4.8889160e+01
   1.0533470e+06   3.3935547e+01
   1.0533960e+06   4.1076660e+01
   1.0537030e+06   6.0668945e+01
   1.0537460e+06   3.9184570e+01
   1.0538260e+06   3.5949707e+01
   1.0541040e+06   4.6447754e+01
   1.0543290e+06   4.5349121e+01
   1.0544340e+06   3.9001465e+01
   1.0544440e+06   4.5715332e+01
   1.0548070e+06   5.1818848e+01
   1.0552800e+06   3.5217285e+01
   1.0553770e+06   3.4729004e+01
   1.0555120e+06   3.9306641e+01
   1.0556300e+06   3.8635254e+01
   1.0558080e+06   3.4545898e+01
   1.0561680e+06   3.5278320e+01
   1.0589520e+06   3.6926270e+01
   1.0760840e+06   3.3691406e+01
   1.0854240e+06   5.8044434e+01
   1.0963900e+06   3.4851074e+01
   1.1013500e+06   3.9999390e+03
   1.1013660e+06   1.4379883e+02
   1.1014110e+06   3.6254883e+01
   1.1015640e+06   5.6335449e+01
   1.1016110e+06   5.2062988e+01
   1.1019980e+06   5.5847168e+01
   1.1020980e+06   4.7668457e+01
   1.1024460e+06   4.7119141e+01
   1.1024770e+06   3.3508301e+01
   1.1025980e+06   3.6437988e+01
   1.1026270e+06   4.5043945e+01
   1.1028680e+06   4.4799805e+01
   1.1029060e+06   6.2316895e+01
   1.1030590e+06   4.1259766e+01
   1.1032130e+06   6.0485840e+01
   1.1034000e+06   4.8217773e+01
   1.1034400e+06   3.5705566e+01
   1.1036810e+06   3.9001465e+01
   1.1036960e+06   5.4016113e+01
   1.1037350e+06   3.3508301e+01
   1.1037710e+06   5.0720215e+01
   1.1039280e+06   3.8024902e+01
   1.1041410e+06   3.8330078e+01
   1.1041510e+06   5.1696777e+01
   1.1042400e+06   3.6743164e+01
   1.1044360e+06   3.5583496e+01
   1.1044900e+06   3.7292480e+01
   1.1045170e+06   3.8513184e+01
   1.1046060e+06   4.1503906e+01
   1.1047600e+06   3.5766602e+01
   1.1048350e+06   3.4790039e+01
   1.1048570e+06   3.7719727e+01
   1.1048870e+06   3.4912109e+01
   1.1050060e+06   3.5034180e+01
   1.1050180e+06   4.8645020e+01
   1.1051700e+06   3.4240723e+01
   1.1052330e+06   3.4790039e+01
   1.1056470e+06   4.6264648e+01
   1.1056920e+06   3.3996582e+01
   1.1060040e+06   5.6945801e+01
   1.1061990e+06   3.6499023e+01
   1.1065620e+06   3.6315918e+01
   1.1071740e+06   3.5095215e+01
   1.1090800e+06   3.6254883e+01
   1.1299150e+06   4.2724609e+01
   1.1304590e+06   5.3466797e+01
   1.1380900e+06   4.1931152e+01
   1.1513640e+06   3.9999390e+03
   1.1513800e+06   1.2664795e+02
   1.1514250e+06   5.0231934e+01
   1.1514980e+06   6.2744141e+01
   1.1515570e+06   6.2805176e+01
   1.1522410e+06   5.3039551e+01
   1.1529830e+06   5.2246094e+01
   1.1544410e+06   4.4250488e+01
   1.1903210e+06   5.4870605e+01
   1.1906910e+06   4.7058105e+01
   1.1908190e+06   3.3691406e+01
   1.1909220e+06   5.4931641e+01
   1.1909390e+06   4.0771484e+01
   1.1910310e+06   3.3996582e+01
   1.1911100e+06   5.1513672e+01
   1.1911810e+06   4.6264648e+01
   1.1913290e+06   5.4687500e+01
   1.1913570e+06   3.5461426e+01
   1.1914090e+06   7.0800781e+01
   1.1914610e+06   4.0893555e+01
   1.1914920e+06   3.2958984e+01
   1.1915950e+06   6.8176270e+01
   1.1916120e+06   6.3232422e+01
   1.1916340e+06   4.1503906e+01
   1.1916500e+06   4.3029785e+01
   1.1916790e+06   6.8786621e+01
   1.1917050e+06   5.7983398e+01
   1.1917220e+06   4.7973633e+01
   1.1917670e+06   3.7719727e+01
   1.1917800e+06   3.3569336e+01
   1.1918120e+06   4.3945313e+01
   1.1918370e+06   3.7414551e+01
   1.1918520e+06   4.4677734e+01
   1.1918940e+06   5.7434082e+01
   1.1919340e+06   6.2072754e+01
   1.1919840e+06   4.7546387e+01
   1.1919940e+06   4.2846680e+01
   1.1920060e+06   4.6569824e+01
   1.1920340e+06   6.9213867e+01
   1.1920480e+06   4.0100098e+01
   1.1920700e+06   4.0710449e+01
   1.1920840e+06   4.4128418e+01
   1.1921150e+06   3.9428711e+01
   1.1921290e+06   3.9733887e+01
   1.1921590e+06   3.5766602e+01
   1.1921710e+06   4.1442871e+01
   1.1922010e+06   4.0954590e+01
   1.1922670e+06   3.3935547e+01
   1.1923100e+06   3.5949707e+01
   1.1923440e+06   4.2053223e+01
   1.1923550e+06   7.5683594e+01
   1.1924600e+06   4.2236328e+01
   1.1925240e+06   4.2480469e+01
   1.1925880e+06   3.3386230e+01
   1.1926140e+06   4.0527344e+01
   1.1926560e+06   5.0170898e+01
   1.1926800e+06   3.8513184e+01
   1.1926960e+06   6.5612793e+01
   1.1927360e+06   3.3081055e+01
   1.1927620e+06   3.3447266e+01
   1.1928040e+06   3.5461426e+01
   1.1928210e+06   3.2897949e+01
   1.1928680e+06   4.0283203e+01
   1.1928910e+06   4.0161133e+01
   1.1929100e+06   3.5461426e+01
   1.1929300e+06   4.0100098e+01
   1.1929640e+06   3.5156250e+01
   1.1930350e+06   5.7556152e+01
   1.1930680e+06   3.5888672e+01
   1.1931160e+06   3.5522461e+01
   1.1931820e+06   3.5949707e+01
   1.1932350e+06   3.8024902e+01
   1.1932450e+06   4.1320801e+01
   1.1932850e+06   3.4912109e+01
   1.1932970e+06   3.4301758e+01
   1.1934220e+06   3.4790039e+01
   1.1935150e+06   3.4362793e+01
   1.1935300e+06   4.1320801e+01
   1.1936340e+06   3.4545898e+01
   1.1936650e+06   4.1442871e+01
   1.1937090e+06   3.3447266e+01
   1.1937650e+06   5.2429199e+01
   1.1937810e+06   3.8085938e+01
   1.1939220e+06   4.4128418e+01
   1.1939520e+06   3.7658691e+01
   1.1940070e+06   5.1330566e+01
   1.1940250e+06   3.6926270e+01
   1.1940490e+06   3.9428711e+01
   1.1941340e+06   3.3081055e+01
   1.1941810e+06   3.5034180e+01
   1.1942960e+06   3.9062500e+01
   1.1943140e+06   5.2246094e+01
   1.1944130e+06   3.7048340e+01
   1.1944530e+06   3.4240723e+01
   1.1944670e+06   5.3894043e+01
   1.1945670e+06   3.3752441e+01
   1.1948060e+06   3.9367676e+01
   1.1949220e+06   4.2663574e+01
   1.1950120e+06   3.7475586e+01
   1.1952840e+06   4.1076660e+01
   1.1977790e+06   3.4057617e+01
   1.2013780e+06   3.9999390e+03
   1.2013950e+06   1.0980225e+02
   1.2014400e+06   4.4311523e+01
   1.2016240e+06   4.3273926e+01
   1.2062220e+06   4.4860840e+01
   1.2117490e+06   4.6508789e+01
   1.2140060e+06   4.9011230e+01
   1.2167440e+06   4.7912598e+01
   1.2245440e+06   3.4118652e+01
   1.2246740e+06   5.6457520e+01
   1.2252620e+06   5.8288574e+01
   1.2254020e+06   4.4006348e+01
   1.2256220e+06   6.2500000e+01
   1.2258430e+06   3.4606934e+01
   1.2258900e+06   5.1208496e+01
   1.2260610e+06   5.0292969e+01
   1.2262110e+06   4.3823242e+01
   1.2263560e+06   3.9550781e+01
   1.2264850e+06   3.4179688e+01
   1.2265630e+06   3.3447266e+01
   1.2265950e+06   5.9692383e+01
   1.2267410e+06   3.3630371e+01
   1.2267980e+06   3.3020020e+01
   1.2269710e+06   3.7048340e+01
   1.2270730e+06   3.3752441e+01
   1.2271050e+06   4.1381836e+01
   1.2271290e+06   4.0893555e+01
   1.2275570e+06   3.5949707e+01
   1.2277700e+06   3.5278320e+01
   1.2277910e+06   3.4912109e+01
   1.2278060e+06   3.4179688e+01
   1.2278410e+06   3.4790039e+01
   1.2279890e+06   3.9489746e+01
   1.2280750e+06   3.4729004e+01
   1.2283540e+06   3.3447266e+01
   1.2284270e+06   3.8269043e+01
   1.2287310e+06   3.4912109e+01
   1.2287430e+06   4.1687012e+01
   1.2293260e+06   3.7780762e+01
   1.2300130e+06   3.4729004e+01
   1.2340220e+06   3.9306641e+01
   1.2409310e+06   4.7302246e+01
   1.2439380e+06   4.6020508e+01
   1.2508380e+06   4.8706055e+01
   1.2513900e+06   2.0111084e+03
   1.2514090e+06   1.0986328e+02
   1.2514340e+06   4.1503906e+01
   1.2516020e+06   4.1564941e+01
   1.2629500e+06   5.3039551e+01
   1.2674380e+06   3.4362793e+01
   1.2707170e+06   3.5705566e+01
   1.2708240e+06   4.3518066e+01
   1.2713130e+06   3.4423828e+01
   1.2713380e+06   4.9987793e+01
   1.2713610e+06   5.3100586e+01
   1.2714350e+06   4.9804688e+01
   1.2716810e+06   4.4006348e+01
   1.2718830e+06   3.7414551e+01
   1.2719400e+06   4.0100098e+01
   1.2719610e+06   5.0537109e+01
   1.2722540e+06   3.3935547e+01
   1.2723280e+06   3.4301758e+01
   1.2723570e+06   4.8950195e+01
   1.2726200e+06   3.3752441e+01
   1.2726470e+06   5.3833008e+01
   1.2726850e+06   3.3569336e+01
   1.2727730e+06   5.2612305e+01
   1.2728380e+06   3.6071777e+01
   1.2729570e+06   3.4729004e+01
   1.2729920e+06   3.9794922e+01
   1.2730560e+06   3.3447266e+01
   1.2730740e+06   3.6071777e+01
   1.2731470e+06   3.3874512e+01
   1.2732300e+06   3.3569336e+01
   1.2733070e+06   3.8330078e+01
   1.2733250e+06   3.4240723e+01
   1.2733560e+06   3.2897949e+01
   1.2734220e+06   3.3386230e+01
   1.2735360e+06   3.7658691e+01
   1.2736190e+06   3.5339355e+01
   1.2736530e+06   5.1879883e+01
   1.2736690e+06   3.4790039e+01
   1.2737390e+06   3.3569336e+01
   1.2737740e+06   3.6743164e+01
   1.2739910e+06   3.3508301e+01
   1.2741050e+06   4.5104980e+01
   1.2742920e+06   4.1564941e+01
   1.2745740e+06   3.4240723e+01
   1.2746570e+06   3.4606934e+01
   1.2748940e+06   3.6560059e+01
   1.2756550e+06   3.6926270e+01
   1.2781620e+06   4.1809082e+01
   1.2873050e+06   5.6518555e+01
   1.2988360e+06   3.7109375e+01
   1.3014040e+06   2.0102539e+03
   1.3014230e+06   1.3616943e+02
   1.3014400e+06   3.3569336e+01
   1.3014670e+06   4.9804688e+01
   1.3015760e+06   6.1828613e+01
   1.3024900e+06   5.0231934e+01
   1.3373670e+06   5.2795410e+01
   1.3374500e+06   3.3203125e+01
   1.3375150e+06   5.5236816e+01
   1.3376210e+06   5.2856445e+01
   1.3377380e+06   3.4301758e+01
   1.3377800e+06   5.4504395e+01
   1.3378150e+06   4.0588379e+01
   1.3378470e+06   4.5166016e+01
   1.3378790e+06   7.2326660e+01
   1.3378980e+06   3.7902832e+01
   1.3379340e+06   3.9062500e+01
   1.3379580e+06   8.9660645e+01
   1.3379700e+06   3.5583496e+01
   1.3380100e+06   3.7658691e+01
   1.3380240e+06   4.0100098e+01
   1.3380590e+06   4.7363281e+01
   1.3380770e+06   4.4128418e+01
   1.3380940e+06   5.5236816e+01
   1.3381290e+06   4.0954590e+01
   1.3381460e+06   3.4423828e+01
   1.3381680e+06   5.1391602e+01
   1.3381850e+06   3.3325195e+01
   1.3382130e+06   3.9306641e+01
   1.3382230e+06   9.6313477e+01
   1.3382440e+06   4.1564941e+01
   1.3382720e+06   3.6499023e+01
   1.3382820e+06   4.1320801e+01
   1.3383200e+06   7.5561523e+01
   1.3383300e+06   4.0588379e+01
   1.3383580e+06   5.7006836e+01
   1.3383700e+06   3.6193848e+01
   1.3383950e+06   3.5766602e+01
   1.3384530e+06   3.6376953e+01
   1.3384630e+06   3.8452148e+01
   1.3384940e+06   4.7119141e+01
   1.3385050e+06   4.6813965e+01
   1.3385470e+06   3.3020020e+01
   1.3385690e+06   3.5583496e+01
   1.3385960e+06   5.5114746e+01
   1.3386240e+06   4.2236328e+01
   1.3386580e+06   4.9987793e+01
   1.3386760e+06   5.9143066e+01
   1.3387030e+06   4.2785645e+01
   1.3387850e+06   3.7292480e+01
   1.3388120e+06   4.7851563e+01
   1.3388260e+06   4.2785645e+01
   1.3388430e+06   4.4616699e+01
   1.3388530e+06   4.4433594e+01
   1.3388830e+06   3.4057617e+01
   1.3389080e+06   4.3701172e+01
   1.3389440e+06   3.6499023e+01
   1.3389720e+06   3.2958984e+01
   1.3390880e+06   4.7485352e+01
   1.3391290e+06   3.3203125e+01
   1.3392240e+06   3.9062500e+01
   1.3392740e+06   3.3874512e+01
   1.3393100e+06   3.5095215e+01
   1.3393400e+06   4.9987793e+01
   1.3393760e+06   4.8156738e+01
   1.3394050e+06   4.0344238e+01
   1.3395600e+06   3.4362793e+01
   1.3395880e+06   3.6621094e+01
   1.3396560e+06   3.9123535e+01
   1.3397910e+06   5.3222656e+01
   1.3398660e+06   3.8818359e+01
   1.3399400e+06   3.9306641e+01
   1.3401110e+06   3.4240723e+01
   1.3402440e+06   3.4057617e+01
   1.3402630e+06   3.8940430e+01
   1.3402750e+06   3.4118652e+01
   1.3403870e+06   3.7902832e+01
   1.3404400e+06   3.6560059e+01
   1.3405710e+06   4.1564941e+01
   1.3407440e+06   5.4260254e+01
   1.3407570e+06   4.0588379e+01
   1.3407930e+06   3.3935547e+01
   1.3409880e+06   3.3264160e+01
   1.3410000e+06   3.3264160e+01
   1.3410160e+06   3.4240723e+01
   1.3411000e+06   3.3081055e+01
   1.3411130e+06   4.7973633e+01
   1.3411440e+06   5.2429199e+01
   1.3412710e+06   4.1137695e+01
   1.3413050e+06   3.5644531e+01
   1.3413820e+06   3.7902832e+01
   1.3415260e+06   3.5339355e+01
   1.3438730e+06   3.6743164e+01
   1.3497030e+06   4.2663574e+01
   1.3512810e+06   4.4372559e+01
   1.3514180e+06   2.0075684e+03
   1.3514370e+06   7.7880859e+01
   1.3514830e+06   3.6560059e+01
   1.3519830e+06   4.2175293e+01
   1.3539590e+06   3.9611816e+01
   1.3602510e+06   4.3395996e+01
   1.3630810e+06   4.2297363e+01
   1.3659100e+06   4.8828125e+01
   1.3685140e+06   5.5969238e+01
   1.3723740e+06   5.0537109e+01
   1.3809260e+06   4.4860840e+01
   1.4014320e+06   2.0065308e+03
   1.4014510e+06   1.2121582e+02
   1.4014950e+06   4.0527344e+01
   1.4016270e+06   4.8339844e+01
   1.4016640e+06   6.1523437e+01
   1.4020810e+06   4.7607422e+01
   1.4030450e+06   4.2663574e+01
   1.4514460e+06   2.0050659e+03
   1.4514640e+06   1.3928223e+02
   1.4515090e+06   3.2958984e+01
   1.4516660e+06   6.7260742e+01
   1.4550840e+06   4.2846680e+01
   1.4551450e+06   7.9406738e+01
   1.4551790e+06   6.5429688e+01
   1.4551900e+06   3.5766602e+01
   1.4552300e+06   6.6711426e+01
   1.4552430e+06   4.0771484e+01
   1.4552740e+06   4.9682617e+01
   1.4553070e+06   4.9133301e+01
   1.4553360e+06   3.7597656e+01
   1.4553560e+06   3.7719727e+01
   1.4553850e+06   4.8706055e+01
   1.4554050e+06   3.6071777e+01
   1.4554300e+06   4.8767090e+01
   1.4554520e+06   5.8410645e+01
   1.4554690e+06   3.6254883e+01
   1.4554800e+06   6.4514160e+01
   1.4555200e+06   5.1940918e+01
   1.4555440e+06   3.3569336e+01
   1.4555660e+06   3.6865234e+01
   1.4555870e+06   3.3081055e+01
   1.4556060e+06   5.1757813e+01
   1.4556300e+06   3.6071777e+01
   1.4556510e+06   4.4250488e+01
   1.4556800e+06   1.1560059e+02
   1.4557400e+06   4.3762207e+01
   1.4557630e+06   4.6508789e+01
   1.4558080e+06   4.6691895e+01
   1.4558570e+06   3.4362793e+01
   1.4558670e+06   3.9550781e+01
   1.4559060e+06   3.9184570e+01
   1.4559330e+06   4.1198730e+01
   1.4559500e+06   5.2856445e+01
   1.4559600e+06   5.1696777e+01
   1.4559750e+06   4.8400879e+01
   1.4559930e+06   3.4179688e+01
   1.4560270e+06   3.5034180e+01
   1.4560910e+06   3.2836914e+01
   1.4561140e+06   6.5002441e+01
   1.4561330e+06   4.2053223e+01
   1.4561930e+06   3.8330078e+01
   1.4562190e+06   3.7292480e+01
   1.4562380e+06   3.3630371e+01
   1.4562770e+06   3.5217285e+01
   1.4563210e+06   3.3874512e+01
   1.4563340e+06   4.0222168e+01
   1.4563670e+06   3.7963867e+01
   1.4563870e+06   3.9062500e+01
   1.4564000e+06   4.2785645e+01
   1.4564620e+06   3.4362793e+01
   1.4564960e+06   3.3752441e+01
   1.4565210e+06   3.3447266e+01
   1.4565880e+06   4.1259766e+01
   1.4566040e+06   4.1564941e+01
   1.4566490e+06   3.8146973e+01
   1.4566620e+06   4.3334961e+01
   1.4567050e+06   3.4484863e+01
   1.4567400e+06   3.6743164e+01
   1.4567880e+06   4.1015625e+01
   1.4568900e+06   3.5827637e+01
   1.4569190e+06   3.8940430e+01
   1.4569530e+06   3.4057617e+01
   1.4570350e+06   3.4545898e+01
   1.4571180e+06   3.6682129e+01
   1.4571340e+06   3.5461426e+01
   1.4571710e+06   3.8146973e+01
   1.4571840e+06   4.5532227e+01
   1.4572270e+06   4.2236328e+01
   1.4572560e+06   3.5583496e+01
   1.4572790e+06   3.5278320e+01
   1.4573620e+06   3.9184570e+01
   1.4574030e+06   3.7536621e+01
   1.4574140e+06   4.2602539e+01
   1.4575540e+06   3.5827637e+01
   1.4576110e+06   3.5400391e+01
   1.4576630e+06   3.6804199e+01
   1.4577540e+06   4.3029785e+01
   1.4577920e+06   3.6499023e+01
   1.4579310e+06   4.4311523e+01
   1.4579650e+06   3.4118652e+01
   1.4579890e+06   4.8828125e+01
   1.4580180e+06   3.6743164e+01
   1.4581620e+06   3.3935547e+01
   1.4582100e+06   3.5766602e+01
   1.4583450e+06   3.4973145e+01
   1.4583710e+06   4.2968750e+01
   1.4584000e+06   3.3752441e+01
   1.4584360e+06   3.5339355e+01
   1.4585300e+06   3.8940430e+01
   1.4585510e+06   3.3020020e+01
   1.4587080e+06   3.4179688e+01
   1.4588050e+06   3.2897949e+01
   1.4588210e+06   5.3466797e+01
   1.4589310e+06   3.8208008e+01
   1.4721860e+06   4.1809082e+01
   1.4803730e+06   3.3142090e+01
   1.4825800e+06   5.3588867e+01
   1.4858510e+06   5.3894043e+01
   1.4937030e+06   3.3325195e+01
   1.5003400e+06   6.1645508e+01
   1.5005320e+06   7.0312500e+01
   1.5006740e+06   5.8654785e+01
   1.5006980e+06   3.6865234e+01
   1.5007500e+06   4.0527344e+01
   1.5007860e+06   3.3264160e+01
   1.5007970e+06   6.9091797e+01
   1.5008070e+06   4.7912598e+01
   1.5008450e+06   4.3090820e+01
   1.5008680e+06   3.7963867e+01
   1.5009000e+06   3.8574219e+01
   1.5009150e+06   3.4667969e+01
   1.5009370e+06   3.6315918e+01
   1.5009560e+06   4.5776367e+01
   1.5009770e+06   4.9865723e+01
   1.5009950e+06   3.4545898e+01
   1.5010180e+06   4.1809082e+01
   1.5010550e+06   6.4636230e+01
   1.5010770e+06   5.5114746e+01
   1.5011140e+06   4.9804688e+01
   1.5011470e+06   5.2001953e+01
   1.5011700e+06   3.7048340e+01
   1.5012250e+06   4.9987793e+01
   1.5012380e+06   3.4240723e+01
   1.5012790e+06   5.5236816e+01
   1.5013030e+06   4.0161133e+01
   1.5013300e+06   4.1503906e+01
   1.5013540e+06   4.7607422e+01
   1.5014260e+06   3.9550781e+01
   1.5014440e+06   4.2541504e+01
   1.5014600e+06   2.0060425e+03
   1.5015050e+06   3.7170410e+01
   1.5015840e+06   4.2114258e+01
   1.5016350e+06   4.6752930e+01
   1.5016800e+06   4.5654297e+01
   1.5016960e+06   3.5949707e+01
   1.5018040e+06   3.4179688e+01
   1.5018390e+06   4.3945313e+01
   1.5019010e+06   3.8208008e+01
   1.5019550e+06   4.1503906e+01
   1.5020510e+06   3.5705566e+01
   1.5020840e+06   3.3752441e+01
   1.5021300e+06   3.7231445e+01
   1.5021660e+06   3.5278320e+01
   1.5021790e+06   3.7048340e+01
   1.5022030e+06   4.0161133e+01
   1.5022790e+06   3.5766602e+01
   1.5023050e+06   3.9733887e+01
   1.5023380e+06   3.9062500e+01
   1.5023710e+06   4.9804688e+01
   1.5023810e+06   3.3020020e+01
   1.5024040e+06   4.5043945e+01
   1.5024850e+06   3.8574219e+01
   1.5025240e+06   3.5888672e+01
   1.5025480e+06   3.6987305e+01
   1.5026720e+06   4.0710449e+01
   1.5028100e+06   3.3020020e+01
   1.5029150e+06   3.5339355e+01
   1.5030010e+06   3.3691406e+01
   1.5031500e+06   4.5532227e+01
   1.5032940e+06   3.8513184e+01
   1.5033400e+06   3.3874512e+01
   1.5034110e+06   3.3386230e+01
   1.5039620e+06   3.7292480e+01
   1.5040240e+06   3.8513184e+01
   1.5040390e+06   3.3996582e+01
   1.5041990e+06   3.3447266e+01
   1.5053830e+06   3.5949707e+01
   1.5064800e+06   3.3691406e+01
   1.5070470e+06   4.2846680e+01
   1.5124390e+06   3.5034180e+01
   1.5147530e+06   5.2856445e+01
   1.5173130e+06   4.0893555e+01
   1.5207040e+06   4.8706055e+01
   1.5244870e+06   5.2062988e+01
   1.5399130e+06   5.0903320e+01
   1.5409920e+06   3.3203125e+01
   1.5483690e+06   6.6955566e+01
   1.5483850e+06   5.7617188e+01
   1.5484610e+06   5.5786133e+01
   1.5486630e+06   4.1198730e+01
   1.5486970e+06   3.8940430e+01
   1.5487140e+06   7.2204590e+01
   1.5487950e+06   3.9062500e+01
   1.5488160e+06   3.8513184e+01
   1.5488540e+06   3.6621094e+01
   1.5488750e+06   4.7973633e+01
   1.5489050e+06   1.0797119e+02
   1.5489300e+06   5.6396484e+01
   1.5489560e+06   3.3874512e+01
   1.5489690e+06   4.1381836e+01
   1.5490020e+06   3.7780762e+01
   1.5490290e+06   3.3691406e+01
   1.5490440e+06   6.9030762e+01
   1.5490710e+06   4.1931152e+01
   1.5491060e+06   4.3090820e+01
   1.5491330e+06   6.5612793e+01
   1.5491460e+06   3.9733887e+01
   1.5492070e+06   3.7841797e+01
   1.5492440e+06   6.0974121e+01
   1.5492560e+06   3.6804199e+01
   1.5492740e+06   5.5725098e+01
   1.5493160e+06   3.7719727e+01
   1.5493360e+06   4.5776367e+01
   1.5493490e+06   5.1025391e+01
   1.5493990e+06   3.3447266e+01
   1.5494130e+06   3.3508301e+01
   1.5495090e+06   3.4423828e+01
   1.5495210e+06   6.1157227e+01
   1.5495510e+06   4.3701172e+01
   1.5496050e+06   3.4851074e+01
   1.5496570e+06   4.2358398e+01
   1.5496930e+06   4.1870117e+01
   1.5497140e+06   3.3996582e+01
   1.5497690e+06   4.2419434e+01
   1.5497790e+06   4.0405273e+01
   1.5498150e+06   3.4362793e+01
   1.5498340e+06   3.3752441e+01
   1.5498750e+06   3.4362793e+01
   1.5498910e+06   3.8208008e+01
   1.5499010e+06   4.7424316e+01
   1.5500030e+06   3.4118652e+01
   1.5500700e+06   3.4118652e+01
   1.5500870e+06   7.1716309e+01
   1.5501960e+06   3.5217285e+01
   1.5502370e+06   4.3579102e+01
   1.5502690e+06   4.2175293e+01
   1.5503790e+06   3.9306641e+01
   1.5504490e+06   4.0771484e+01
   1.5505700e+06   3.5888672e+01
   1.5507390e+06   5.0537109e+01
   1.5507590e+06   4.0954590e+01
   1.5508860e+06   3.3691406e+01
   1.5509910e+06   4.7363281e+01
   1.5511240e+06   3.5644531e+01
   1.5514000e+06   3.4667969e+01
   1.5514480e+06   3.3935547e+01
   1.5514760e+06   3.9999390e+03
   1.5514930e+06   3.3386230e+01
   1.5515340e+06   3.6987305e+01
   1.5515730e+06   3.6560059e+01
   1.5516790e+06   3.5217285e+01
   1.5518840e+06   3.6071777e+01
   1.5519180e+06   3.3081055e+01
   1.5519490e+06   3.8146973e+01
   1.5546410e+06   4.6630859e+01
   1.5554250e+06   4.0344238e+01
   1.5593610e+06   4.5227051e+01
   1.5628750e+06   4.2846680e+01
   1.5651690e+06   5.2978516e+01
   1.5786960e+06   4.6020508e+01
   1.5869960e+06   4.8767090e+01
   1.6014900e+06   3.9999390e+03
   1.6015070e+06   1.1901855e+02
   1.6015520e+06   3.4240723e+01
   1.6016750e+06   6.6040039e+01
   1.6017080e+06   3.5705566e+01
   1.6017370e+06   3.5339355e+01
   1.6020520e+06   4.5959473e+01
   1.6021800e+06   3.3081055e+01
   1.6022060e+06   4.7912598e+01
   1.6022950e+06   3.6560059e+01
   1.6024560e+06   4.0405273e+01
   1.6024820e+06   3.6193848e+01
   1.6025340e+06   6.3232422e+01
   1.6025460e+06   3.4118652e+01
   1.6026070e+06   4.5349121e+01
   1.6026680e+06   4.1442871e+01
   1.6026810e+06   4.0283203e+01
   1.6027300e+06   3.8940430e+01
   1.6027510e+06   5.1879883e+01
   1.6027740e+06   7.5134277e+01
   1.6027920e+06   4.0161133e+01
   1.6028330e+06   3.9001465e+01
   1.6028510e+06   3.9428711e+01
   1.6029020e+06   5.4443359e+01
   1.6029690e+06   4.4616699e+01
   1.6030050e+06   4.2663574e+01
   1.6030330e+06   3.3203125e+01
   1.6030430e+06   5.4687500e+01
   1.6030690e+06   3.9916992e+01
   1.6030950e+06   3.6560059e+01
   1.6031220e+06   3.8085938e+01
   1.6031440e+06   4.0588379e+01
   1.6031800e+06   3.4667969e+01
   1.6032220e+06   4.6142578e+01
   1.6032350e+06   3.6560059e+01
   1.6032770e+06   3.9245605e+01
   1.6032980e+06   5.2429199e+01
   1.6033300e+06   3.6315918e+01
   1.6033710e+06   3.3691406e+01
   1.6033860e+06   3.5644531e+01
   1.6034220e+06   5.4382324e+01
   1.6034700e+06   3.5095215e+01
   1.6035290e+06   4.1137695e+01
   1.6035890e+06   3.4973145e+01
   1.6036280e+06   3.4484863e+01
   1.6036680e+06   4.5043945e+01
   1.6036850e+06   5.0598145e+01
   1.6037180e+06   3.3752441e+01
   1.6037510e+06   3.7719727e+01
   1.6038770e+06   3.6926270e+01
   1.6039080e+06   3.3508301e+01
   1.6039220e+06   4.7790527e+01
   1.6040070e+06   4.6203613e+01
   1.6040610e+06   3.6193848e+01
   1.6040970e+06   3.9367676e+01
   1.6042130e+06   3.3203125e+01
   1.6042520e+06   4.2724609e+01
   1.6042920e+06   3.4240723e+01
   1.6043020e+06   4.5837402e+01
   1.6043310e+06   3.7475586e+01
   1.6044310e+06   3.6621094e+01
   1.6045120e+06   3.4179688e+01
   1.6045390e+06   3.4301758e+01
   1.6045620e+06   4.0954590e+01
   1.6046210e+06   3.7963867e+01
   1.6046310e+06   3.5705566e+01
   1.6046580e+06   3.3142090e+01
   1.6048240e+06   5.0292969e+01
   1.6048960e+06   4.3518066e+01
   1.6050190e+06   4.4616699e+01
   1.6051120e+06   3.3203125e+01
   1.6053890e+06   4.1625977e+01
   1.6054000e+06   4.0405273e+01
   1.6055280e+06   3.4545898e+01
   1.6060440e+06   4.3212891e+01
   1.6083710e+06   3.7719727e+01
   1.6093300e+06   4.4616699e+01
   1.6194360e+06   4.3273926e+01
   1.6221420e+06   5.0720215e+01
   1.6291790e+06   4.5715332e+01
   1.6357380e+06   5.3466797e+01
   1.6515020e+06   2.0084229e+03
   1.6515210e+06   1.1083984e+02
   1.6515460e+06   3.4362793e+01
   1.6516930e+06   4.3151855e+01
   1.6517120e+06   5.0659180e+01
   1.6523900e+06   4.5104980e+01
   1.6524620e+06   3.9245605e+01
   1.6526360e+06   4.0222168e+01
   1.6527520e+06   5.8959961e+01
   1.6528120e+06   4.1076660e+01
   1.6528220e+06   4.0954590e+01
   1.6528500e+06   4.9438477e+01
   1.6528790e+06   3.5217285e+01
   1.6528990e+06   4.0405273e+01
   1.6529180e+06   6.0852051e+01
   1.6529410e+06   4.0954590e+01
   1.6529810e+06   5.7922363e+01
   1.6530050e+06   3.4057617e+01
   1.6530800e+06   4.4799805e+01
   1.6531120e+06   4.0344238e+01
   1.6531310e+06   4.3640137e+01
   1.6531870e+06   3.6193848e+01
   1.6531990e+06   6.2561035e+01
   1.6532900e+06   3.3142090e+01
   1.6533110e+06   3.2897949e+01
   1.6533360e+06   4.9072266e+01
   1.6533740e+06   4.4128418e+01
   1.6534070e+06   4.6813965e+01
   1.6534620e+06   3.7780762e+01
   1.6535180e+06   5.0903320e+01
   1.6535300e+06   4.0710449e+01
   1.6536050e+06   3.5034180e+01
   1.6536280e+06   4.4677734e+01
   1.6536610e+06   3.9306641e+01
   1.6536930e+06   3.9916992e+01
   1.6537040e+06   3.7658691e+01
   1.6537810e+06   3.9978027e+01
   1.6538040e+06   4.7119141e+01
   1.6538260e+06   4.3579102e+01
   1.6538480e+06   3.4545898e+01
   1.6539330e+06   3.7109375e+01
   1.6540540e+06   3.2897949e+01
   1.6541050e+06   5.9631348e+01
   1.6541190e+06   3.3935547e+01
   1.6542400e+06   3.6132813e+01
   1.6542790e+06   4.4067383e+01
   1.6543090e+06   5.3649902e+01
   1.6545240e+06   4.8095703e+01
   1.6545470e+06   3.7048340e+01
   1.6546730e+06   4.7424316e+01
   1.6547120e+06   3.3142090e+01
   1.6547350e+06   3.2836914e+01
   1.6548630e+06   3.7719727e+01
   1.6548740e+06   4.5837402e+01
   1.6549180e+06   3.7353516e+01
   1.6549440e+06   3.5217285e+01
   1.6550190e+06   4.1137695e+01
   1.6551630e+06   4.0161133e+01
   1.6552470e+06   4.3884277e+01
   1.6555290e+06   3.3264160e+01
   1.6556450e+06   3.6193848e+01
   1.6557190e+06   4.6997070e+01
   1.6562860e+06   3.5217285e+01
   1.6565840e+06   3.4118652e+01
   1.6589870e+06   3.3264160e+01
   1.6646510e+06   4.1625977e+01
   1.6989700e+06   3.4240723e+01
   1.6990500e+06   5.6030273e+01
   1.6990910e+06   6.6345215e+01
   1.6993060e+06   3.6804199e+01
   1.6993240e+06   7.3730469e+01
   1.6993590e+06   3.9794922e+01
   1.6993800e+06   6.3171387e+01
   1.6994270e+06   6.6223145e+01
   1.6994680e+06   4.9377441e+01
   1.6994890e+06   7.0007324e+01
   1.6995280e+06   4.0222168e+01
   1.6995560e+06   3.7841797e+01
   1.6995740e+06   5.4565430e+01
   1.6996390e+06   4.8706055e+01
   1.6996830e+06   4.9255371e+01
   1.6997040e+06   3.7780762e+01
   1.6997170e+06   3.4362793e+01
   1.6997460e+06   3.5522461e+01
   1.6998210e+06   4.0466309e+01
   1.6998390e+06   5.6213379e+01
   1.6998660e+06   4.7607422e+01
   1.6998940e+06   4.4494629e+01
   1.6999360e+06   3.4606934e+01
   1.6999640e+06   4.5288086e+01
   1.7000000e+06   4.0893555e+01
   1.7000380e+06   3.3081055e+01
   1.7000820e+06   5.1086426e+01
   1.7001080e+06   3.4851074e+01
   1.7001290e+06   3.3264160e+01
   1.7001880e+06   3.9978027e+01
   1.7001980e+06   4.3884277e+01
   1.7002550e+06   4.2053223e+01
   1.7002670e+06   3.9184570e+01
   1.7003190e+06   3.9367676e+01
   1.7003410e+06   4.1198730e+01
   1.7003990e+06   4.9865723e+01
   1.7004090e+06   3.3447266e+01
   1.7004460e+06   3.4484863e+01
   1.7004720e+06   3.3569336e+01
   1.7005270e+06   4.3334961e+01
   1.7005860e+06   5.3161621e+01
   1.7007010e+06   4.1992188e+01
   1.7007500e+06   3.7292480e+01
   1.7008060e+06   3.9672852e+01
   1.7008680e+06   3.3752441e+01
   1.7008960e+06   4.6386719e+01
   1.7009230e+06   3.6315918e+01
   1.7009500e+06   3.3142090e+01
   1.7010490e+06   4.1992188e+01
   1.7010850e+06   3.5522461e+01
   1.7011450e+06   5.0537109e+01
   1.7012370e+06   3.4484863e+01
   1.7014450e+06   4.0527344e+01
   1.7014770e+06   4.6630859e+01
   1.7015180e+06   3.9999390e+03
   1.7015480e+06   4.1748047e+01
   1.7015670e+06   3.6804199e+01
   1.7017170e+06   3.5461426e+01
   1.7018080e+06   3.3325195e+01
   1.7018230e+06   4.3823242e+01
   1.7019490e+06   3.5583496e+01
   1.7022020e+06   3.4118652e+01
   1.7023690e+06   3.5644531e+01
   1.7051240e+06   3.9672852e+01
   1.7137940e+06   3.7719727e+01
   1.7209620e+06   3.3691406e+01
   1.7254680e+06   5.3955078e+01
   1.7268830e+06   4.5471191e+01
   1.7391590e+06   5.5664062e+01
   1.7392140e+06   3.4240723e+01
   1.7392330e+06   4.8706055e+01
   1.7393180e+06   3.6499023e+01
   1.7393630e+06   3.4362793e+01
   1.7393910e+06   5.5969238e+01
   1.7394950e+06   4.8828125e+01
   1.7395060e+06   5.5480957e+01
   1.7395620e+06   7.8308105e+01
   1.7396230e+06   4.6569824e+01
   1.7396560e+06   5.4199219e+01
   1.7396750e+06   3.3081055e+01
   1.7396970e+06   3.3874512e+01
   1.7397140e+06   4.6691895e+01
   1.7397320e+06   5.0476074e+01
   1.7397850e+06   5.3405762e+01
   1.7398110e+06   4.1076660e+01
   1.7398420e+06   7.4401855e+01
   1.7398650e+06   5.8959961e+01
   1.7398860e+06   3.4973145e+01
   1.7398990e+06   3.9001465e+01
   1.7399360e+06   4.3334961e+01
   1.7399610e+06   5.3588867e+01
   1.7399820e+06   3.8085938e+01
   1.7400000e+06   4.3701172e+01
   1.7400190e+06   3.6376953e+01
   1.7400530e+06   3.9733887e+01
   1.7400690e+06   3.4851074e+01
   1.7400960e+06   4.0161133e+01
   1.7401420e+06   4.1320801e+01
   1.7401720e+06   4.1137695e+01
   1.7402370e+06   5.6274414e+01
   1.7402940e+06   3.6865234e+01
   1.7403050e+06   3.8757324e+01
   1.7403250e+06   3.8574219e+01
   1.7403780e+06   5.3527832e+01
   1.7403880e+06   3.3020020e+01
   1.7404220e+06   4.1687012e+01
   1.7404490e+06   3.9611816e+01
   1.7404800e+06   3.7475586e+01
   1.7406150e+06   4.4799805e+01
   1.7406410e+06   5.3649902e+01
   1.7406840e+06   5.8349609e+01
   1.7407110e+06   4.5166016e+01
   1.7407320e+06   4.4067383e+01
   1.7407530e+06   5.4504395e+01
   1.7407660e+06   3.8879395e+01
   1.7408790e+06   3.4729004e+01
   1.7409030e+06   3.9306641e+01
   1.7410370e+06   3.7536621e+01
   1.7410830e+06   4.0649414e+01
   1.7411160e+06   4.0100098e+01
   1.7411260e+06   4.3457031e+01
   1.7411520e+06   5.5419922e+01
   1.7412960e+06   3.5339355e+01
   1.7413340e+06   3.4423828e+01
   1.7414380e+06   4.1564941e+01
   1.7414830e+06   3.6926270e+01
   1.7416450e+06   4.3762207e+01
   1.7417750e+06   5.5786133e+01
   1.7419600e+06   4.5166016e+01
   1.7420520e+06   4.4860840e+01
   1.7445890e+06   3.4240723e+01
   1.7515300e+06   2.0084839e+03
   1.7515490e+06   1.0455322e+02
   1.7522940e+06   3.6254883e+01
   1.7529900e+06   4.1198730e+01
   1.7535110e+06   3.5095215e+01
   1.7536110e+06   3.9550781e+01
   1.7539870e+06   3.9123535e+01
   1.7540410e+06   3.8330078e+01
   1.7545370e+06   6.3110352e+01
   1.7549600e+06   4.3334961e+01
   1.7554730e+06   4.1564941e+01
   1.7561080e+06   3.6010742e+01
   1.7669750e+06   5.0842285e+01
   1.7792370e+06   6.0363770e+01
   1.7795490e+06   5.5541992e+01
   1.7795770e+06   3.4851074e+01
   1.7796340e+06   5.7189941e+01
   1.7796630e+06   3.8696289e+01
   1.7797700e+06   3.8513184e+01
   1.7798500e+06   4.1503906e+01
   1.7798700e+06   7.0861816e+01
   1.7799090e+06   3.4362793e+01
   1.7799530e+06   4.9316406e+01
   1.7800090e+06   3.3874512e+01
   1.7801280e+06   3.2958984e+01
   1.7802220e+06   3.4240723e+01
   1.7802350e+06   4.2724609e+01
   1.7802970e+06   4.9926758e+01
   1.7804020e+06   5.4321289e+01
   1.7804540e+06   4.5104980e+01
   1.7805090e+06   3.4179688e+01
   1.7806040e+06   4.9255371e+01
   1.7807130e+06   3.4057617e+01
   1.7807290e+06   3.5766602e+01
   1.7808830e+06   3.5644531e+01
   1.7810840e+06   4.1015625e+01
   1.7811360e+06   4.1320801e+01
   1.7813460e+06   3.3752441e+01
   1.7814840e+06   4.0405273e+01
   1.7818190e+06   4.1320801e+01
   1.7819620e+06   3.2958984e+01
   1.7824820e+06   3.4973145e+01
   1.7828930e+06   3.3752441e+01
   1.7830780e+06   3.7048340e+01
   1.7833920e+06   3.4179688e+01
   1.8015440e+06   2.0068359e+03
   1.8015630e+06   1.0113525e+02
   1.8015890e+06   3.7109375e+01
   1.8016090e+06   3.5766602e+01
   1.8017310e+06   3.5461426e+01
   1.8022520e+06   5.4504395e+01
   1.8024180e+06   4.0466309e+01
   1.8026570e+06   4.6813965e+01
   1.8030060e+06   4.2175293e+01
   1.8030250e+06   4.4799805e+01
   1.8031780e+06   3.3813477e+01
   1.8034330e+06   4.0771484e+01
   1.8037990e+06   4.0222168e+01
   1.8039770e+06   3.7231445e+01
   1.8041600e+06   4.3212891e+01
   1.8042470e+06   3.6621094e+01
   1.8045220e+06   3.7841797e+01
   1.8048730e+06   3.6560059e+01
   1.8052760e+06   3.6254883e+01
   1.8058000e+06   3.9978027e+01
   1.8065200e+06   3.4240723e+01
   1.8071990e+06   3.7231445e+01
   1.8199980e+06   4.9560547e+01
   1.8423640e+06   6.5002441e+01
   1.8424360e+06   4.4799805e+01
   1.8424600e+06   3.4667969e+01
   1.8424850e+06   3.3386230e+01
   1.8426090e+06   6.5368652e+01
   1.8426480e+06   5.2307129e+01
   1.8426760e+06   3.5888672e+01
   1.8427020e+06   4.3823242e+01
   1.8427500e+06   5.5236816e+01
   1.8428040e+06   3.6804199e+01
   1.8428670e+06   4.0588379e+01
   1.8428820e+06   6.3964844e+01
   1.8428980e+06   4.3640137e+01
   1.8429240e+06   4.3395996e+01
   1.8429530e+06   3.4851074e+01
   1.8429910e+06   3.3508301e+01
   1.8430070e+06   3.8513184e+01
   1.8430430e+06   6.4575195e+01
   1.8430680e+06   3.9428711e+01
   1.8430970e+06   4.4738770e+01
   1.8431240e+06   4.5166016e+01
   1.8431390e+06   3.8879395e+01
   1.8431910e+06   4.3334961e+01
   1.8432050e+06   3.2958984e+01
   1.8432260e+06   3.6499023e+01
   1.8432370e+06   4.1320801e+01
   1.8432600e+06   4.2541504e+01
   1.8432850e+06   4.2297363e+01
   1.8433030e+06   3.3569336e+01
   1.8433340e+06   4.0588379e+01
   1.8434070e+06   3.6804199e+01
   1.8434490e+06   4.1076660e+01
   1.8434740e+06   4.2236328e+01
   1.8435200e+06   3.5156250e+01
   1.8435320e+06   6.1401367e+01
   1.8435630e+06   5.3100586e+01
   1.8435880e+06   4.4433594e+01
   1.8436570e+06   3.7170410e+01
   1.8436920e+06   3.3935547e+01
   1.8437160e+06   3.9306641e+01
   1.8437470e+06   3.6743164e+01
   1.8437810e+06   3.5644531e+01
   1.8438170e+06   3.6743164e+01
   1.8439040e+06   5.6091309e+01
   1.8439350e+06   3.3813477e+01
   1.8439690e+06   3.9123535e+01
   1.8440000e+06   3.4301758e+01
   1.8441070e+06   3.5522461e+01
   1.8441220e+06   3.7963867e+01
   1.8441850e+06   3.3813477e+01
   1.8442110e+06   3.2836914e+01
   1.8442520e+06   3.3630371e+01
   1.8442720e+06   3.3447266e+01
   1.8443270e+06   4.1503906e+01
   1.8444690e+06   3.3081055e+01
   1.8445380e+06   4.4494629e+01
   1.8445700e+06   3.7048340e+01
   1.8446890e+06   3.5766602e+01
   1.8447310e+06   3.4545898e+01
   1.8447590e+06   3.3569336e+01
   1.8448070e+06   5.1452637e+01
   1.8448630e+06   3.5888672e+01
   1.8449120e+06   3.4790039e+01
   1.8454460e+06   4.4860840e+01
   1.8472100e+06   3.3325195e+01
   1.8475910e+06   3.3325195e+01
   1.8515580e+06   2.0121460e+03
   1.8515770e+06   8.8806152e+01
   1.8516040e+06   3.9672852e+01
   1.8516230e+06   3.4973145e+01
   1.8517100e+06   3.5278320e+01
   1.8523360e+06   4.5043945e+01
   1.8539490e+06   3.9611816e+01
   1.8553660e+06   4.9011230e+01
   1.8558980e+06   4.4555664e+01
   1.8570270e+06   3.3630371e+01
   1.8574900e+06   3.9062500e+01
   1.8575580e+06   4.3457031e+01
   1.8589430e+06   4.4982910e+01
   1.8595640e+06   3.4423828e+01
   1.8613800e+06   3.4423828e+01
   1.8753290e+06   4.5043945e+01
   1.8783670e+06   4.8522949e+01
   1.8819590e+06   4.4250488e+01
   1.8840030e+06   4.4616699e+01
   1.8862410e+06   6.4208984e+01
   1.9015720e+06   2.0046387e+03
   1.9015910e+06   1.0034180e+02
   1.9016370e+06   3.4729004e+01
   1.9017430e+06   6.5063477e+01
   1.9017550e+06   5.3527832e+01
   1.9023280e+06   4.5043945e+01
   1.9024830e+06   3.3081055e+01
   1.9025030e+06   3.5461426e+01
   1.9025500e+06   4.5898438e+01
   1.9028020e+06   4.5776367e+01
   1.9028860e+06   4.7241211e+01
   1.9029290e+06   5.6152344e+01
   1.9030680e+06   4.0771484e+01
   1.9031240e+06   4.7790527e+01
   1.9031770e+06   4.0588379e+01
   1.9032630e+06   3.7231445e+01
   1.9032860e+06   3.7963867e+01
   1.9033540e+06   5.4138184e+01
   1.9034890e+06   4.2175293e+01
   1.9036000e+06   3.3569336e+01
   1.9037500e+06   4.5043945e+01
   1.9037800e+06   3.8085938e+01
   1.9038110e+06   3.9672852e+01
   1.9040480e+06   3.4057617e+01
   1.9041410e+06   6.6955566e+01
   1.9041660e+06   3.9001465e+01
   1.9042390e+06   4.1381836e+01
   1.9042880e+06   3.4851074e+01
   1.9044590e+06   5.7800293e+01
   1.9045630e+06   3.5705566e+01
   1.9047820e+06   4.1137695e+01
   1.9048240e+06   3.4240723e+01
   1.9049900e+06   3.4851074e+01
   1.9052770e+06   3.8391113e+01
   1.9055840e+06   3.6621094e+01
   1.9069490e+06   3.8269043e+01
   1.9515880e+06   3.9999390e+03
   1.9516050e+06   1.4794922e+02
   1.9516510e+06   3.8024902e+01
   1.9516800e+06   3.5339355e+01
   1.9517750e+06   5.4321289e+01
   1.9518110e+06   7.0922852e+01
   1.9521730e+06   3.3203125e+01
   1.9522190e+06   4.3457031e+01
   1.9524150e+06   3.9367676e+01
   1.9525740e+06   3.3630371e+01
   1.9526370e+06   5.4382324e+01
   1.9528150e+06   5.9570312e+01
   1.9528400e+06   4.9804688e+01
   1.9528610e+06   4.1076660e+01
   1.9528900e+06   4.7180176e+01
   1.9529700e+06   3.9794922e+01
   1.9530090e+06   3.3752441e+01
   1.9530850e+06   3.3203125e+01
   1.9531280e+06   4.3823242e+01
   1.9531450e+06   5.1269531e+01
   1.9531600e+06   3.7902832e+01
   1.9532600e+06   3.3935547e+01
   1.9532910e+06   3.6621094e+01
   1.9533300e+06   3.3325195e+01
   1.9534080e+06   4.1748047e+01
   1.9534580e+06   3.7292480e+01
   1.9535000e+06   3.5034180e+01
   1.9535410e+06   3.4057617e+01
   1.9536310e+06   3.9062500e+01
   1.9537720e+06   4.7058105e+01
   1.9538400e+06   4.9377441e+01
   1.9538930e+06   3.4057617e+01
   1.9539090e+06   4.2175293e+01
   1.9540610e+06   4.7973633e+01
   1.9544100e+06   3.7231445e+01
   1.9546110e+06   3.9306641e+01
   1.9547680e+06   3.8574219e+01
   1.9552170e+06   3.3325195e+01
   1.9553770e+06   3.5278320e+01
   1.9556080e+06   3.6682129e+01
   1.9557260e+06   3.5766602e+01
   1.9557510e+06   3.3081055e+01
   1.9567490e+06   3.3874512e+01
   1.9572760e+06   3.5949707e+01
   1.9716630e+06   5.8166504e+01
   2.0016020e+06   3.9999390e+03
   2.0016190e+06   1.1138916e+02
   2.0016650e+06   3.8330078e+01
   2.0017700e+06   6.2072754e+01
   2.0018020e+06   4.8461914e+01
   2.0021280e+06   3.3569336e+01
   2.0021650e+06   5.2185059e+01
   2.0024270e+06   6.6955566e+01
   2.0024900e+06   3.4484863e+01
   2.0025240e+06   5.1147461e+01
   2.0027560e+06   3.9611816e+01
   2.0027700e+06   6.3537598e+01
   2.0028400e+06   3.9855957e+01
   2.0028660e+06   3.3874512e+01
   2.0030010e+06   3.4667969e+01
   2.0030410e+06   4.4006348e+01
   2.0030950e+06   3.7231445e+01
   2.0031440e+06   4.5715332e+01
   2.0031940e+06   3.3935547e+01
   2.0032240e+06   6.1767578e+01
   2.0033220e+06   3.9245605e+01
   2.0033560e+06   6.1889648e+01
   2.0033720e+06   3.4362793e+01
   2.0034400e+06   3.4912109e+01
   2.0034940e+06   3.6254883e+01
   2.0035560e+06   4.8950195e+01
   2.0035930e+06   4.5471191e+01
   2.0036080e+06   3.4851074e+01
   2.0036270e+06   4.4372559e+01
   2.0036940e+06   3.4912109e+01
   2.0037150e+06   3.4484863e+01
   2.0037270e+06   3.3447266e+01
   2.0039170e+06   3.7475586e+01
   2.0041020e+06   3.3081055e+01
   2.0042770e+06   4.0771484e+01
   2.0044030e+06   3.3203125e+01
   2.0045710e+06   3.6254883e+01
   2.0047890e+06   3.3935547e+01
   2.0048890e+06   3.3752441e+01
   2.0052600e+06   3.6376953e+01
   2.0055170e+06   3.3081055e+01
   2.0069780e+06   3.3142090e+01
   2.0307650e+06   5.8715820e+01
   2.0516140e+06   2.0075073e+03
   2.0516330e+06   1.2414551e+02
   2.0516530e+06   3.4118652e+01
   2.0516770e+06   4.3151855e+01
   2.0516950e+06   3.5522461e+01
   2.0517180e+06   3.8879395e+01
   2.0517420e+06   5.3710938e+01
   2.0517590e+06   3.5278320e+01
   2.0517860e+06   5.5541992e+01
   2.0521330e+06   4.1015625e+01
   2.0521880e+06   6.0363770e+01
   2.0524970e+06   5.2307129e+01
   2.0525530e+06   3.6376953e+01
   2.0526120e+06   4.7180176e+01
   2.0527550e+06   3.8452148e+01
   2.0528050e+06   4.2968750e+01
   2.0528180e+06   5.6030273e+01
   2.0528520e+06   3.3447266e+01
   2.0529110e+06   5.7067871e+01
   2.0530250e+06   3.6132813e+01
   2.0530760e+06   3.5583496e+01
   2.0531190e+06   3.9184570e+01
   2.0531550e+06   3.5644531e+01
   2.0531810e+06   3.4667969e+01
   2.0532570e+06   4.1748047e+01
   2.0532860e+06   5.5664062e+01
   2.0533050e+06   4.7363281e+01
   2.0533910e+06   3.7902832e+01
   2.0534250e+06   3.8940430e+01
   2.0534780e+06   3.3386230e+01
   2.0535300e+06   4.2114258e+01
   2.0535890e+06   3.7902832e+01
   2.0536090e+06   3.4851074e+01
   2.0536310e+06   3.3020020e+01
   2.0536680e+06   3.5034180e+01
   2.0537360e+06   3.2836914e+01
   2.0537670e+06   3.6437988e+01
   2.0538210e+06   3.8635254e+01
   2.0539490e+06   3.4912109e+01
   2.0539980e+06   3.6987305e+01
   2.0540480e+06   3.4484863e+01
   2.0541000e+06   3.6865234e+01
   2.0541520e+06   3.3996582e+01
   2.0543670e+06   3.8696289e+01
   2.0544800e+06   3.9855957e+01
   2.0549550e+06   3.3264160e+01
   2.0550560e+06   3.9978027e+01
   2.0554340e+06   3.4606934e+01
   2.0561250e+06   3.9794922e+01
   2.0566540e+06   3.3142090e+01
   2.0573640e+06   3.3142090e+01
   2.0579030e+06   3.3569336e+01
   2.0682480e+06   5.7373047e+01
   2.0684540e+06   3.6560059e+01
   2.0685960e+06   5.1574707e+01
   2.0688290e+06   3.2897949e+01
   2.0689310e+06   3.6621094e+01
   2.0690320e+06   4.0588379e+01
   2.0692320e+06   5.5541992e+01
   2.0694610e+06   4.3457031e+01
   2.0698760e+06   4.0893555e+01
   2.0700150e+06   3.6376953e+01
   2.0703460e+06   3.9611816e+01
   2.0703610e+06   3.3203125e+01
   2.0704160e+06   3.2836914e+01
   2.0714700e+06   3.4240723e+01
   2.0722320e+06   3.9428711e+01
   2.1006280e+06   3.3203125e+01
   2.1016300e+06   3.9999390e+03
   2.1016470e+06   1.3677979e+02
   2.1016920e+06   3.9428711e+01
   2.1018140e+06   6.4331055e+01
   2.1022430e+06   4.5654297e+01
   2.1022590e+06   3.4729004e+01
   2.1023030e+06   4.6264648e+01
   2.1024610e+06   3.6376953e+01
   2.1024820e+06   3.7536621e+01
   2.1025780e+06   4.0710449e+01
   2.1026580e+06   6.1523438e+01
   2.1026960e+06   4.0588379e+01
   2.1029480e+06   3.3264160e+01
   2.1029680e+06   4.3395996e+01
   2.1030310e+06   5.1452637e+01
   2.1030770e+06   4.5104980e+01
   2.1032790e+06   4.6508789e+01
   2.1033250e+06   3.3691406e+01
   2.1035340e+06   3.3081055e+01
   2.1035580e+06   4.9743652e+01
   2.1035910e+06   3.3508301e+01
   2.1039520e+06   5.5786133e+01
   2.1039710e+06   3.4790039e+01
   2.1042890e+06   3.4179688e+01
   2.1046830e+06   4.0283203e+01
   2.1050370e+06   3.4179688e+01
   2.1055230e+06   4.4738770e+01
   2.1059610e+06   4.0466309e+01
   2.1182180e+06   5.5786133e+01
   2.1187260e+06   6.5673828e+01
   2.1188790e+06   3.6926270e+01
   2.1192130e+06   4.5166016e+01
   2.1194030e+06   3.3264160e+01
   2.1196990e+06   4.7790527e+01
   2.1201040e+06   4.8095703e+01
   2.1201970e+06   4.1381836e+01
   2.1207790e+06   3.9855957e+01
   2.1309750e+06   5.0842285e+01
   2.1319220e+06   4.1809082e+01
   2.1326430e+06   5.1391602e+01
   2.1336860e+06   4.8889160e+01
   2.1418910e+06   5.9570313e+01
   2.1440770e+06   4.3518066e+01
   2.1516420e+06   2.0056152e+03
   2.1516610e+06   1.5063477e+02
   2.1516860e+06   3.3203125e+01
   2.1517060e+06   3.8024902e+01
   2.1519060e+06   5.2795410e+01
   2.1582400e+06   6.6528320e+01
   2.1586510e+06   4.3701172e+01
   2.1589070e+06   5.2917480e+01
   2.1595430e+06   4.2846680e+01
   2.1602830e+06   3.3569336e+01
   2.1603480e+06   3.3996582e+01
   2.1614250e+06   5.3405762e+01
   2.1625880e+06   5.7189941e+01
   2.1627330e+06   3.4362793e+01
   2.1872940e+06   5.6518555e+01
   2.1877020e+06   5.5419922e+01
   2.1877200e+06   5.9082031e+01
   2.1878120e+06   4.1076660e+01
   2.1881890e+06   4.6264648e+01
   2.1882630e+06   5.4748535e+01
   2.1882820e+06   4.0771484e+01
   2.1885810e+06   4.4860840e+01
   2.1888010e+06   5.1269531e+01
   2.1891040e+06   4.5288086e+01
   2.1895790e+06   3.9855957e+01
   2.1900720e+06   4.2846680e+01
   2.1905540e+06   4.4555664e+01
   2.1985400e+06   4.0771484e+01
   2.1988750e+06   3.3264160e+01
   2.2016560e+06   2.0113525e+03
   2.2016750e+06   8.8317871e+01
   2.2017190e+06   4.8095703e+01
   2.2019230e+06   5.6457520e+01
   2.2106120e+06   5.2612305e+01
   2.2275840e+06   3.8818359e+01
   2.2276450e+06   5.6579590e+01
   2.2281690e+06   4.2175293e+01
   2.2282610e+06   5.4260254e+01
   2.2284900e+06   5.7617187e+01
   2.2287990e+06   5.4138184e+01
   2.2293080e+06   4.6142578e+01
   2.2300310e+06   4.0039063e+01
   2.2413880e+06   4.8400879e+01
   2.2516700e+06   2.0087280e+03
   2.2516890e+06   9.1125488e+01
   2.2522270e+06   4.2602539e+01
   2.2867490e+06   5.8349609e+01
   2.2868130e+06   4.1625977e+01
   2.2868340e+06   7.7270508e+01
   2.2868680e+06   3.3996582e+01
   2.2869010e+06   4.6569824e+01
   2.2870550e+06   6.2988281e+01
   2.2870790e+06   3.3264160e+01
   2.2871160e+06   3.8940430e+01
   2.2871900e+06   3.8635254e+01
   2.2872030e+06   3.7292480e+01
   2.2873070e+06   4.6081543e+01
   2.2873410e+06   5.9753418e+01
   2.2874400e+06   3.6865234e+01
   2.2875020e+06   4.6875000e+01
   2.2875700e+06   3.9306641e+01
   2.2876050e+06   3.5888672e+01
   2.2876550e+06   3.6132813e+01
   2.2876730e+06   4.8095703e+01
   2.2877010e+06   4.0100098e+01
   2.2877980e+06   3.4973145e+01
   2.2878300e+06   3.3142090e+01
   2.2878550e+06   3.6621094e+01
   2.2878780e+06   3.8452148e+01
   2.2879340e+06   4.2724609e+01
   2.2879880e+06   5.6213379e+01
   2.2881050e+06   3.5095215e+01
   2.2881330e+06   4.5166016e+01
   2.2881900e+06   3.3325195e+01
   2.2882960e+06   3.9550781e+01
   2.2883110e+06   3.6499023e+01
   2.2883650e+06   3.8024902e+01
   2.2883970e+06   3.8269043e+01
   2.2884310e+06   3.6132813e+01
   2.2884980e+06   3.7231445e+01
   2.2885250e+06   3.4423828e+01
   2.2885930e+06   3.8635254e+01
   2.2886310e+06   4.2114258e+01
   2.2886590e+06   3.5278320e+01
   2.2888180e+06   3.3081055e+01
   2.2888420e+06   3.9672852e+01
   2.2888830e+06   3.3874512e+01
   2.2889210e+06   3.6743164e+01
   2.2890920e+06   4.4433594e+01
   2.2891730e+06   3.8818359e+01
   2.2894960e+06   3.8879395e+01
   2.2898430e+06   3.6987305e+01
   2.2902260e+06   3.9550781e+01
   2.3016840e+06   2.0079956e+03
   2.3017030e+06   1.3049316e+02
   2.3017480e+06   3.3264160e+01
   2.3018980e+06   4.7851563e+01
   2.3025740e+06   4.2724609e+01
   2.3035110e+06   5.4809570e+01
   2.3046090e+06   4.6447754e+01
   2.3053720e+06   4.5043945e+01
   2.3172280e+06   4.6081543e+01
   2.3181700e+06   4.7363281e+01
   2.3189010e+06   5.0415039e+01
   2.3196620e+06   4.7912598e+01
   2.3210510e+06   4.7302246e+01
   2.3517000e+06   3.9999390e+03
   2.3517160e+06   1.4447021e+02
   2.3517610e+06   4.5410156e+01
   2.3518840e+06   6.2072754e+01
   2.3519130e+06   5.2612305e+01
   2.3522670e+06   3.4240723e+01
   2.3523110e+06   5.1330566e+01
   2.3526160e+06   3.8269043e+01
   2.3528190e+06   3.9245605e+01
   2.3530920e+06   4.1442871e+01
   2.3532990e+06   4.6936035e+01
   2.3534860e+06   4.7058105e+01
   2.3535400e+06   3.7597656e+01
   2.3538090e+06   4.5043945e+01
   2.3542500e+06   3.7170410e+01
   2.3547240e+06   4.4372559e+01
   2.3552300e+06   3.7475586e+01
   2.3561260e+06   3.4118652e+01
   2.3976280e+06   5.4870605e+01
   2.3978920e+06   5.1452637e+01
   2.3979740e+06   3.3447266e+01
   2.3982070e+06   4.6081543e+01
   2.3982280e+06   4.7302246e+01
   2.3983000e+06   3.7170410e+01
   2.3984840e+06   3.9489746e+01
   2.3986690e+06   4.8095703e+01
   2.3987950e+06   4.6569824e+01
   2.3989570e+06   4.9621582e+01
   2.3991980e+06   5.2856445e+01
   2.3995530e+06   4.1381836e+01
   2.3995640e+06   3.7170410e+01
   2.3997450e+06   5.3283691e+01
   2.4001760e+06   4.0954590e+01
   2.4006720e+06   4.2968750e+01
   2.4007490e+06   3.6132813e+01
   2.4012230e+06   4.3762207e+01
   2.4017140e+06   3.9999390e+03
   2.4017300e+06   8.0505371e+01
   2.4017730e+06   3.3813477e+01
   2.4019390e+06   3.8085938e+01
   2.4025180e+06   4.8095703e+01
   2.4149330e+06   4.6752930e+01
   2.4150670e+06   3.7963867e+01
   2.4155130e+06   3.9184570e+01
   2.4156600e+06   4.6447754e+01
   2.4162550e+06   5.3955078e+01
   2.4166590e+06   4.6081543e+01
   2.4175690e+06   4.4311523e+01
   2.4485870e+06   3.4057617e+01
   2.4486460e+06   5.1940918e+01
   2.4486860e+06   4.2480469e+01
   2.4489920e+06   5.1940918e+01
   2.4493490e+06   5.7006836e+01
   2.4500260e+06   5.1574707e+01
   2.4501150e+06   3.8940430e+01
   2.4506810e+06   5.3161621e+01
   2.4517280e+06   3.9999390e+03
   2.4517450e+06   1.0284424e+02
   2.4517880e+06   3.4118652e+01
   2.4519590e+06   3.5400391e+01
   2.4849510e+06   6.3659668e+01
   2.4852250e+06   4.9438477e+01
   2.4853840e+06   5.1269531e+01
   2.4855970e+06   5.2612305e+01
   2.4859880e+06   4.5898438e+01
   2.4861360e+06   3.3142090e+01
   2.4866140e+06   4.9011230e+01
   2.4872810e+06   4.4982910e+01
   2.4873560e+06   3.4057617e+01
   2.5263510e+06   5.4321289e+01
   2.5265420e+06   4.0832520e+01
   2.5269520e+06   3.3447266e+01
   2.5271270e+06   5.1757813e+01
   2.5275980e+06   4.5776367e+01
   2.5276920e+06   3.6315918e+01
   2.5280300e+06   4.9926758e+01
   2.6453180e+06   5.2612305e+01
   2.6458430e+06   4.7485352e+01
   2.6459710e+06   5.5908203e+01
   2.6461930e+06   3.4484863e+01
   2.6462980e+06   4.6325684e+01
   2.6463380e+06   7.2753906e+01
   2.6463730e+06   5.3710938e+01
   2.6464430e+06   4.1503906e+01
   2.6464880e+06   7.8125000e+01
   2.6465210e+06   4.4616699e+01
   2.6465410e+06   6.0913086e+01
   2.6465540e+06   6.9335938e+01
   2.6465910e+06   4.6508789e+01
   2.6466300e+06   4.5043945e+01
   2.6466540e+06   7.0495605e+01
   2.6466720e+06   3.7475586e+01
   2.6466970e+06   6.1523438e+01
   2.6467240e+06   4.6081543e+01
   2.6467360e+06   4.6386719e+01
   2.6467770e+06   3.7048340e+01
   2.6467910e+06   3.7841797e+01
   2.6468330e+06   4.4799805e+01
   2.6468530e+06   4.0039063e+01
   2.6468770e+06   5.9814453e+01
   2.6469230e+06   4.4433594e+01
   2.6469430e+06   5.4748535e+01
   2.6469600e+06   4.6875000e+01
   2.6469720e+06   3.8757324e+01
   2.6469940e+06   5.7189941e+01
   2.6470190e+06   3.5278320e+01
   2.6470590e+06   4.7302246e+01
   2.6471170e+06   3.4484863e+01
   2.6471310e+06   4.1259766e+01
   2.6471850e+06   4.0466309e+01
   2.6471960e+06   5.2246094e+01
   2.6472190e+06   3.4362793e+01
   2.6472640e+06   4.6569824e+01
   2.6472940e+06   5.6396484e+01
   2.6473490e+06   3.6682129e+01
   2.6473810e+06   3.6499023e+01
   2.6473980e+06   3.5522461e+01
   2.6474250e+06   6.6772461e+01
   2.6474470e+06   3.4179688e+01
   2.6474890e+06   3.3081055e+01
   2.6475810e+06   3.8940430e+01
   2.6476290e+06   3.3630371e+01
   2.6477000e+06   3.8452148e+01
   2.6478430e+06   3.9794922e+01
   2.6478790e+06   3.3325195e+01
   2.6479620e+06   5.1574707e+01
   2.6480370e+06   3.7597656e+01
   2.6480720e+06   3.7841797e+01
   2.6480820e+06   3.8330078e+01
   2.6481200e+06   3.4179688e+01
   2.6482030e+06   3.5888672e+01
   2.6482440e+06   3.4973145e+01
   2.6482600e+06   3.6010742e+01
   2.6483190e+06   4.1503906e+01
   2.6483660e+06   6.8237305e+01
   2.6484080e+06   3.4301758e+01
   2.6484260e+06   3.5339355e+01
   2.6485100e+06   3.5400391e+01
   2.6485810e+06   3.4301758e+01
   2.6485920e+06   3.6132813e+01
   2.6486250e+06   4.4128418e+01
   2.6486600e+06   3.5278320e+01
   2.6487040e+06   3.9001465e+01
   2.6487430e+06   3.2958984e+01
   2.6487830e+06   3.7597656e+01
   2.6488320e+06   3.4301758e+01
   2.6488530e+06   3.3020020e+01
   2.6488820e+06   5.5358887e+01
   2.6489100e+06   5.8715820e+01
   2.6489360e+06   3.4362793e+01
   2.6490140e+06   3.2958984e+01
   2.6491160e+06   3.6437988e+01
   2.6492020e+06   3.6315918e+01
   2.6492570e+06   3.4240723e+01
   2.6493100e+06   4.2175293e+01
   2.6493340e+06   4.4189453e+01
   2.6494260e+06   3.7780762e+01
   2.6495500e+06   3.3935547e+01
   2.6496620e+06   3.3386230e+01
   2.6497030e+06   3.5705566e+01
   2.6500630e+06   4.0832520e+01
   2.6502630e+06   3.3203125e+01
   2.6504460e+06   3.8146973e+01
   2.6506030e+06   3.4912109e+01
   2.6507460e+06   3.3569336e+01
   2.6514310e+06   3.2897949e+01
   2.6814040e+06   4.4921875e+01
   2.7271280e+06   4.3701172e+01
   2.7271670e+06   3.6865234e+01
   2.7272450e+06   6.1096191e+01
   2.7274530e+06   5.2551270e+01
   2.7275230e+06   3.8696289e+01
   2.7276510e+06   5.8227539e+01
   2.7277330e+06   7.2875977e+01
   2.7277950e+06   3.7780762e+01
   2.7278250e+06   4.5593262e+01
   2.7279280e+06   3.7109375e+01
   2.7279690e+06   4.2846680e+01
   2.7279850e+06   7.0495605e+01
   2.7280130e+06   3.3325195e+01
   2.7280380e+06   4.8400879e+01
   2.7280570e+06   4.1259766e+01
   2.7280750e+06   4.3029785e+01
   2.7281130e+06   3.5217285e+01
   2.7281530e+06   3.4545898e+01
   2.7281830e+06   3.8146973e+01
   2.7282150e+06   4.5043945e+01
   2.7282440e+06   3.7231445e+01
   2.7282560e+06   5.7800293e+01
   2.7282910e+06   3.3996582e+01
   2.7283560e+06   5.1879883e+01
   2.7283740e+06   4.3090820e+01
   2.7284080e+06   4.1992188e+01
   2.7284360e+06   6.5490723e+01
   2.7284670e+06   3.9855957e+01
   2.7284870e+06   3.6010742e+01
   2.7285480e+06   3.5949707e+01
   2.7285800e+06   4.1870117e+01
   2.7286010e+06   4.3823242e+01
   2.7286410e+06   3.5522461e+01
   2.7286760e+06   3.3386230e+01
   2.7287180e+06   4.8156738e+01
   2.7287280e+06   6.5429688e+01
   2.7287450e+06   4.8095703e+01
   2.7287920e+06   3.7475586e+01
   2.7288690e+06   3.7841797e+01
   2.7289080e+06   3.7048340e+01
   2.7289240e+06   3.7109375e+01
   2.7289520e+06   3.7780762e+01
   2.7289810e+06   3.3630371e+01
   2.7290050e+06   4.7912598e+01
   2.7290250e+06   4.1625977e+01
   2.7290440e+06   3.6132813e+01
   2.7290640e+06   3.7902832e+01
   2.7291840e+06   3.6376953e+01
   2.7292110e+06   3.7353516e+01
   2.7292260e+06   4.6752930e+01
   2.7292400e+06   4.1870117e+01
   2.7292690e+06   5.6579590e+01
   2.7292910e+06   3.7414551e+01
   2.7293460e+06   3.7658691e+01
   2.7294190e+06   3.9550781e+01
   2.7294810e+06   3.7658691e+01
   2.7295040e+06   5.1513672e+01
   2.7295560e+06   3.6682129e+01
   2.7296270e+06   3.3081055e+01
   2.7297360e+06   4.6630859e+01
   2.7297640e+06   3.3874512e+01
   2.7297840e+06   4.4433594e+01
   2.7298120e+06   4.4555664e+01
   2.7298610e+06   3.4118652e+01
   2.7299020e+06   3.8696289e+01
   2.7299770e+06   3.4362793e+01
   2.7300440e+06   4.2053223e+01
   2.7300660e+06   3.8574219e+01
   2.7301670e+06   4.1870117e+01
   2.7303430e+06   4.3334961e+01
   2.7303640e+06   3.5583496e+01
   2.7304230e+06   4.4311523e+01
   2.7304630e+06   3.2958984e+01
   2.7305610e+06   4.7424316e+01
   2.7305800e+06   3.3142090e+01
   2.7306180e+06   3.5339355e+01
   2.7306380e+06   4.5471191e+01
   2.7307290e+06   3.8146973e+01
   2.7309910e+06   4.1625977e+01
   2.7310270e+06   3.3020020e+01
   2.7312360e+06   3.4973145e+01
   2.7313240e+06   4.0771484e+01
   2.7313970e+06   4.2358398e+01
   2.7315940e+06   3.4362793e+01
   2.7334570e+06   3.6010742e+01
   2.7442100e+06   3.7963867e+01
   2.7472440e+06   3.9367676e+01
   2.7563780e+06   3.5156250e+01
   2.7888500e+06   4.1564941e+01
   2.7889830e+06   5.3405762e+01
   2.7892230e+06   3.5034180e+01
   2.7895590e+06   3.8146973e+01
   2.7895740e+06   4.8156738e+01
   2.7896720e+06   6.6833496e+01
   2.7896840e+06   3.9428711e+01
   2.7897400e+06   4.5043945e+01
   2.7898330e+06   4.5471191e+01
   2.7899920e+06   4.5898438e+01
   2.7900150e+06   5.0598145e+01
   2.7900510e+06   3.7597656e+01
   2.7901400e+06   3.3447266e+01
   2.7901670e+06   3.5949707e+01
   2.7902430e+06   3.5400391e+01
   2.7902720e+06   5.4992676e+01
   2.7903020e+06   3.9855957e+01
   2.7903310e+06   3.7231445e+01
   2.7903800e+06   3.9855957e+01
   2.7904270e+06   3.5278320e+01
   2.7904730e+06   4.3334961e+01
   2.7904930e+06   3.2836914e+01
   2.7905150e+06   6.4025879e+01
   2.7906650e+06   3.6743164e+01
   2.7906940e+06   4.0649414e+01
   2.7907360e+06   6.7749023e+01
   2.7908230e+06   4.8767090e+01
   2.7908550e+06   4.5593262e+01
   2.7910590e+06   4.4860840e+01
   2.7911250e+06   3.3813477e+01
   2.7911550e+06   6.5734863e+01
   2.7912040e+06   4.5898438e+01
   2.7912190e+06   3.4973145e+01
   2.7912670e+06   3.4790039e+01
   2.7912910e+06   5.2001953e+01
   2.7913040e+06   3.9611816e+01
   2.7913350e+06   3.4240723e+01
   2.7914060e+06   4.2358398e+01
   2.7914880e+06   4.6325684e+01
   2.7915170e+06   4.0893555e+01
   2.7915320e+06   5.8471680e+01
   2.7915730e+06   3.7292480e+01
   2.7915930e+06   4.1198730e+01
   2.7916880e+06   3.3508301e+01
   2.7917950e+06   3.7475586e+01
   2.7918080e+06   5.0231934e+01
   2.7918300e+06   3.7658691e+01
   2.7918820e+06   4.0832520e+01
   2.7919150e+06   4.2602539e+01
   2.7920120e+06   4.1870117e+01
   2.7920400e+06   3.5400391e+01
   2.7920830e+06   5.0659180e+01
   2.7920940e+06   3.4545898e+01
   2.7921530e+06   3.3691406e+01
   2.7922310e+06   3.4851074e+01
   2.7922410e+06   5.9631348e+01
   2.7922720e+06   3.4912109e+01
   2.7923150e+06   3.6437988e+01
   2.7923970e+06   4.7058105e+01
   2.7925000e+06   4.5959473e+01
   2.7925780e+06   3.2897949e+01
   2.7926410e+06   3.3325195e+01
   2.7928050e+06   3.9062500e+01
   2.7928990e+06   3.6437988e+01
   2.7936560e+06   3.6804199e+01
   2.7937510e+06   3.6376953e+01
   2.7943450e+06   3.5461426e+01
   2.7955650e+06   3.4667969e+01
   2.7967600e+06   4.7058105e+01
   2.8495460e+06   3.5827637e+01
   2.8495780e+06   5.6396484e+01
   2.8503770e+06   4.2175293e+01
   2.8505050e+06   6.1035156e+01
   2.8510940e+06   5.7006836e+01
   2.8511360e+06   3.9733887e+01
   2.8514010e+06   3.9062500e+01
   2.8514150e+06   5.0109863e+01
   2.8514550e+06   3.6560059e+01
   2.8514750e+06   6.0791016e+01
   2.8514980e+06   5.0720215e+01
   2.8516380e+06   3.9184570e+01
   2.8517570e+06   3.4484863e+01
   2.8517810e+06   4.1442871e+01
   2.8517940e+06   3.3203125e+01
   2.8518430e+06   3.6132813e+01
   2.8518830e+06   4.7851563e+01
   2.8518970e+06   3.6437988e+01
   2.8519280e+06   3.3325195e+01
   2.8519430e+06   3.4973145e+01
   2.8519850e+06   3.9428711e+01
   2.8520860e+06   4.3945313e+01
   2.8521560e+06   4.7790527e+01
   2.8522030e+06   3.5339355e+01
   2.8522410e+06   3.3874512e+01
   2.8523830e+06   4.7851563e+01
   2.8524010e+06   4.0344238e+01
   2.8524970e+06   4.6569824e+01
   2.8525240e+06   3.8574219e+01
   2.8525430e+06   4.3884277e+01
   2.8526140e+06   4.9682617e+01
   2.8526800e+06   3.2958984e+01
   2.8527050e+06   5.4687500e+01
   2.8527280e+06   5.6579590e+01
   2.8527760e+06   3.6193848e+01
   2.8528850e+06   3.5522461e+01
   2.8529100e+06   3.3142090e+01
   2.8529240e+06   3.9306641e+01
   2.8529690e+06   4.3579102e+01
   2.8529960e+06   4.6875000e+01
   2.8530180e+06   3.8024902e+01
   2.8530500e+06   3.3752441e+01
   2.8531140e+06   3.6926270e+01
   2.8533360e+06   3.7841797e+01
   2.8533750e+06   4.4555664e+01
   2.8534040e+06   6.2194824e+01
   2.8534340e+06   4.6691895e+01
   2.8535150e+06   3.4423828e+01
   2.8535990e+06   3.2897949e+01
   2.8536780e+06   3.3142090e+01
   2.8539600e+06   4.2663574e+01
   2.8539820e+06   3.6193848e+01
   2.8539960e+06   3.2836914e+01
   2.8545670e+06   3.3386230e+01
   2.8548410e+06   3.4118652e+01
   2.8550580e+06   4.2175293e+01
   2.8565200e+06   3.6987305e+01
   2.8574760e+06   3.3508301e+01
   2.8582050e+06   3.2836914e+01
   2.8665590e+06   4.2541504e+01
   2.8720700e+06   3.3081055e+01
   2.8759800e+06   4.7668457e+01
   2.8803550e+06   4.2846680e+01
   2.8808580e+06   4.8095703e+01
   2.8885340e+06   3.7475586e+01
   2.8944650e+06   5.2490234e+01
   2.9123400e+06   5.6274414e+01
   2.9123680e+06   6.1279297e+01
   2.9125440e+06   4.4006348e+01
   2.9126820e+06   3.8146973e+01
   2.9127220e+06   5.3527832e+01
   2.9127440e+06   5.8715820e+01
   2.9130340e+06   3.3142090e+01
   2.9130630e+06   5.5114746e+01
   2.9130840e+06   7.7087402e+01
   2.9131640e+06   3.9978027e+01
   2.9131750e+06   3.4790039e+01
   2.9132570e+06   4.1564941e+01
   2.9133170e+06   4.3518066e+01
   2.9133340e+06   4.1687012e+01
   2.9133560e+06   3.3813477e+01
   2.9133880e+06   6.2988281e+01
   2.9134110e+06   3.8818359e+01
   2.9134400e+06   4.7241211e+01
   2.9134790e+06   3.4545898e+01
   2.9136110e+06   3.7170410e+01
   2.9136280e+06   3.3752441e+01
   2.9136620e+06   3.5034180e+01
   2.9136970e+06   5.4016113e+01
   2.9137310e+06   3.3996582e+01
   2.9138030e+06   4.0344238e+01
   2.9138140e+06   3.4057617e+01
   2.9138960e+06   3.7048340e+01
   2.9139500e+06   6.0791016e+01
   2.9139810e+06   3.9489746e+01
   2.9140080e+06   3.3996582e+01
   2.9140300e+06   4.0710449e+01
   2.9140760e+06   3.7902832e+01
   2.9141530e+06   4.2846680e+01
   2.9142030e+06   8.3435059e+01
   2.9142530e+06   3.4240723e+01
   2.9142780e+06   4.3945313e+01
   2.9143070e+06   3.3874512e+01
   2.9143420e+06   3.4973145e+01
   2.9143780e+06   4.0649414e+01
   2.9143910e+06   3.5949707e+01
   2.9144600e+06   3.5705566e+01
   2.9144970e+06   3.4729004e+01
   2.9145260e+06   4.7729492e+01
   2.9146230e+06   5.7006836e+01
   2.9146550e+06   7.0739746e+01
   2.9146710e+06   4.3273926e+01
   2.9147290e+06   3.3142090e+01
   2.9148470e+06   4.0649414e+01
   2.9148640e+06   3.3386230e+01
   2.9149060e+06   4.8522949e+01
   2.9149430e+06   4.4494629e+01
   2.9150340e+06   4.6630859e+01
   2.9150860e+06   3.8757324e+01
   2.9154320e+06   3.4667969e+01
   2.9154710e+06   4.2907715e+01
   2.9155110e+06   6.7321777e+01
   2.9156630e+06   3.6254883e+01
   2.9158860e+06   3.3142090e+01
   2.9160100e+06   3.7841797e+01
   2.9167470e+06   3.3325195e+01
   2.9195550e+06   3.7597656e+01
   2.9321460e+06   4.2907715e+01
   2.9355570e+06   3.7719727e+01
   2.9358770e+06   4.6875000e+01
   2.9412060e+06   4.0771484e+01
   2.9462600e+06   5.3894043e+01
   2.9517660e+06   5.2856445e+01
