   2.9990000e+06   0.0000000e+00
   1.0400000e+03   2.0116577e+03
   5.1054000e+04   2.0035400e+03
   5.8381000e+04   3.9062500e+01
   5.9227000e+04   4.0771484e+01
   5.9605000e+04   3.4240723e+01
   1.0107000e+05   3.9999390e+03
   1.0464100e+05   4.6325684e+01
   1.0501400e+05   3.6193848e+01
   1.5108200e+05   2.0093994e+03
   1.5109500e+05   4.1137695e+01
   1.5155200e+05   3.4301758e+01
   1.5170600e+05   3.8940430e+01
   1.5248100e+05   3.3935547e+01
   1.5253300e+05   3.5278320e+01
   1.5280800e+05   3.5400391e+01
   1.5344500e+05   3.5217285e+01
   2.0109800e+05   3.9999390e+03
   2.5111000e+05   2.0091553e+03
   3.0112400e+05   2.0093994e+03
   3.5113800e+05   2.0076294e+03
   4.0115200e+05   2.0122681e+03
   4.5116800e+05   3.9999390e+03
   4.5117900e+05   3.9489746e+01
   5.0118000e+05   2.0060425e+03
   5.5119600e+05   2.0095215e+03
   6.0121000e+05   3.9999390e+03
   6.5122200e+05   2.0114746e+03
   7.0123600e+05   2.0078735e+03
   7.5125000e+05   2.0103760e+03
   8.0126600e+05   3.9999390e+03
   8.5128000e+05   3.9999390e+03
   9.0129200e+05   2.0034790e+03
   9.0130400e+05   3.6926270e+01
   9.5130600e+05   2.0092163e+03
   9.5131900e+05   3.7780762e+01
   1.0013200e+06   2.0083008e+03
   1.0013320e+06   4.6813965e+01
   1.0513340e+06   2.0095215e+03
   1.1013480e+06   2.0074463e+03
   1.1513620e+06   2.0071411e+03
   1.1924790e+06   3.7658691e+01
   1.1926920e+06   4.0283203e+01
   1.1928160e+06   4.0710449e+01
   1.1929130e+06   3.6682129e+01
   1.1929480e+06   4.5532227e+01
   1.1930430e+06   3.4790039e+01
   1.1930920e+06   3.3813477e+01
   1.1932530e+06   3.4362793e+01
   1.1932930e+06   3.7902832e+01
   1.1934120e+06   3.5034180e+01
   1.1934950e+06   3.5888672e+01
   1.1935480e+06   3.6926270e+01
   1.1936380e+06   4.1076660e+01
   1.1938470e+06   4.2907715e+01
   1.1942520e+06   3.6621094e+01
   1.1943640e+06   4.3884277e+01
   1.1944630e+06   4.0466309e+01
   1.1945960e+06   3.9001465e+01
   1.1948260e+06   4.0527344e+01
   1.1950330e+06   3.4423828e+01
   1.1951300e+06   3.8635254e+01
   1.2013760e+06   2.0041504e+03
   1.2513920e+06   3.9999390e+03
   1.3014040e+06   2.0120850e+03
   1.3382550e+06   3.7780762e+01
   1.3384000e+06   3.9184570e+01
   1.3385140e+06   3.5339355e+01
   1.3387820e+06   4.2114258e+01
   1.3388550e+06   3.5888672e+01
   1.3390220e+06   5.0598145e+01
   1.3392690e+06   3.6682129e+01
   1.3395930e+06   3.4301758e+01
   1.3399710e+06   4.2236328e+01
   1.3400190e+06   3.4118652e+01
   1.3404790e+06   3.5400391e+01
   1.3408310e+06   3.4790039e+01
   1.3408800e+06   3.5522461e+01
   1.3514180e+06   2.0081787e+03
   1.4014320e+06   2.0059814e+03
   1.4514480e+06   3.9999390e+03
   1.4514610e+06   3.6987305e+01
   1.4558470e+06   3.6499023e+01
   1.4559440e+06   3.9428711e+01
   1.4563310e+06   3.9062500e+01
   1.4564170e+06   3.9978027e+01
   1.4564400e+06   3.6071777e+01
   1.4567040e+06   3.4179688e+01
   1.4569980e+06   3.8391113e+01
   1.4572520e+06   3.7780762e+01
   1.4572860e+06   3.4301758e+01
   1.4579380e+06   3.4973145e+01
   1.4579680e+06   4.9865723e+01
   1.4581960e+06   3.7170410e+01
   1.4584810e+06   3.6499023e+01
   1.5014370e+06   3.9611816e+01
   1.5014620e+06   3.9999390e+03
   1.5014730e+06   3.8635254e+01
   1.5015240e+06   3.8757324e+01
   1.5015520e+06   3.4362793e+01
   1.5017420e+06   3.4545898e+01
   1.5021620e+06   3.6621094e+01
   1.5034480e+06   3.5339355e+01
   1.5493960e+06   4.1870117e+01
   1.5494110e+06   4.9255371e+01
   1.5496560e+06   3.6621094e+01
   1.5496950e+06   3.3996582e+01
   1.5503640e+06   3.7719727e+01
   1.5514740e+06   2.0108643e+03
   1.5514880e+06   3.4423828e+01
   1.6014880e+06   2.0066528e+03
   1.6041030e+06   4.8278809e+01
   1.6042240e+06   3.5522461e+01
   1.6045160e+06   3.6621094e+01
   1.6048290e+06   3.5278320e+01
   1.6515020e+06   2.0055542e+03
   1.7002850e+06   3.3996582e+01
   1.7008400e+06   3.4545898e+01
   1.7015180e+06   3.9999390e+03
   1.7411810e+06   3.4301758e+01
   1.7419160e+06   3.6254883e+01
   1.7515300e+06   2.0081787e+03
   1.7515420e+06   4.8217773e+01
   1.8015460e+06   3.9999390e+03
   1.8515580e+06   2.0126953e+03
   1.9015720e+06   2.0068970e+03
   1.9515880e+06   2.0073853e+03
   2.0016000e+06   2.0045776e+03
   2.0516160e+06   3.9999390e+03
   2.0516270e+06   3.3874512e+01
   2.1016280e+06   2.0078735e+03
   2.1516420e+06   2.0104370e+03
   2.1516550e+06   4.2663574e+01
   2.2016560e+06   2.0080566e+03
   2.2016700e+06   3.5766602e+01
   2.2516700e+06   2.0086060e+03
   2.2879850e+06   3.5217285e+01
   2.3016860e+06   3.9999390e+03
   2.3517000e+06   3.9999390e+03
   2.3517110e+06   3.8757324e+01
   2.4017120e+06   2.0078735e+03
   2.4517260e+06   2.0076294e+03
   2.6470570e+06   3.4057617e+01
   2.6473420e+06   3.4423828e+01
   2.6474340e+06   5.7189941e+01
   2.6474480e+06   3.5400391e+01
   2.6475230e+06   3.5034180e+01
   2.6475760e+06   4.0222168e+01
   2.6475880e+06   3.7231445e+01
   2.6476440e+06   3.6621094e+01
   2.6476650e+06   4.2724609e+01
   2.6477710e+06   3.4362793e+01
   2.6478090e+06   4.6691895e+01
   2.6479520e+06   3.4729004e+01
   2.6479910e+06   3.6315918e+01
   2.6480090e+06   3.8269043e+01
   2.6481920e+06   3.6926270e+01
   2.6482880e+06   3.4729004e+01
   2.6484200e+06   3.4301758e+01
   2.6484390e+06   3.9978027e+01
   2.6486070e+06   4.4067383e+01
   2.6492840e+06   3.6621094e+01
   2.6493350e+06   3.8879395e+01
   2.6500190e+06   3.4240723e+01
   2.6500690e+06   3.5034180e+01
   2.6502820e+06   3.8452148e+01
   2.6503640e+06   3.5278320e+01
   2.6505560e+06   3.6743164e+01
   2.7287460e+06   4.0222168e+01
   2.7296360e+06   3.8085938e+01
   2.8546460e+06   3.4912109e+01
