   2.9990000e+06   0.0000000e+00
   1.0400000e+03   2.0076904e+03
   1.0530000e+03   5.0292969e+01
   1.0910000e+03   4.4921875e+01
   1.3530000e+03   1.3934326e+02
   2.0540000e+03   3.3935547e+01
   2.0680000e+03   1.3781738e+02
   2.1460000e+03   3.4301758e+01
   2.4260000e+03   1.2347412e+02
   3.0930000e+03   3.2958984e+01
   3.1200000e+03   3.6865234e+01
   3.1480000e+03   1.1138916e+02
   3.2350000e+03   6.0913086e+01
   3.2470000e+03   3.6315918e+01
   3.3120000e+03   9.9731445e+01
   3.5140000e+03   1.0485840e+02
   3.5410000e+03   3.4179688e+01
   3.5820000e+03   6.4453125e+01
   3.8180000e+03   8.0871582e+01
   3.9210000e+03   1.0626221e+02
   4.1740000e+03   3.2836914e+01
   4.1880000e+03   4.4494629e+01
   4.2990000e+03   4.4860840e+01
   4.4750000e+03   8.7036133e+01
   4.5140000e+03   3.6682129e+01
   4.7540000e+03   7.0739746e+01
   4.7700000e+03   3.5339355e+01
   5.1870000e+03   6.6955566e+01
   5.3870000e+03   4.6752930e+01
   5.4650000e+03   4.5532227e+01
   5.9390000e+03   6.9885254e+01
   6.6710000e+03   9.1857910e+01
   5.1056000e+04   3.9999390e+03
   5.1069000e+04   4.2053223e+01
   5.1104000e+04   5.1635742e+01
   5.1130000e+04   1.6076660e+02
   5.7374000e+04   7.1838379e+01
   5.7723000e+04   1.2341309e+02
   5.7787000e+04   5.7922363e+01
   5.7825000e+04   4.9499512e+01
   5.7853000e+04   1.1639404e+02
   5.7949000e+04   1.2072754e+02
   5.8030000e+04   3.3996582e+01
   5.8045000e+04   4.2907715e+01
   5.8100000e+04   5.3222656e+01
   5.8112000e+04   1.1199951e+02
   5.8152000e+04   5.6579590e+01
   5.8176000e+04   5.6762695e+01
   5.8200000e+04   3.4545898e+01
   5.8229000e+04   4.1625977e+01
   5.8252000e+04   9.2773438e+01
   5.8284000e+04   5.0598145e+01
   5.8296000e+04   3.4851074e+01
   5.8324000e+04   3.5217285e+01
   5.8340000e+04   9.7351074e+01
   5.8361000e+04   4.4555664e+01
   5.8381000e+04   4.6081543e+01
   5.8399000e+04   3.5888672e+01
   5.8460000e+04   3.4118652e+01
   5.8471000e+04   3.9916992e+01
   5.8495000e+04   3.2592773e+01
   5.8515000e+04   4.4677734e+01
   5.8583000e+04   4.5532227e+01
   5.8621000e+04   4.0710449e+01
   5.8655000e+04   3.5644531e+01
   5.8688000e+04   9.7839355e+01
   5.8716000e+04   4.6203613e+01
   5.8728000e+04   4.9682617e+01
   5.8772000e+04   5.1940918e+01
   5.8836000e+04   4.2297363e+01
   5.8876000e+04   4.0588379e+01
   5.8905000e+04   6.3293457e+01
   5.8919000e+04   8.0322266e+01
   5.8954000e+04   4.4555664e+01
   5.9010000e+04   3.9367676e+01
   5.9066000e+04   3.6376953e+01
   5.9091000e+04   6.1462402e+01
   5.9207000e+04   7.1777344e+01
   5.9245000e+04   4.1442871e+01
   5.9313000e+04   4.1870117e+01
   5.9323000e+04   6.3781738e+01
   5.9452000e+04   3.5278320e+01
   5.9471000e+04   1.0003662e+02
   5.9625000e+04   3.3264160e+01
   5.9638000e+04   4.1625977e+01
   5.9659000e+04   4.3884277e+01
   5.9718000e+04   8.1054688e+01
   5.9742000e+04   3.2165527e+01
   5.9784000e+04   3.6499023e+01
   5.9806000e+04   3.5339355e+01
   5.9928000e+04   3.2958984e+01
   6.0014000e+04   6.8969727e+01
   6.0079000e+04   4.5104980e+01
   6.0111000e+04   3.6071777e+01
   6.0128000e+04   3.7109375e+01
   6.0202000e+04   4.2236328e+01
   6.0291000e+04   5.1574707e+01
   6.0303000e+04   3.3142090e+01
   6.0339000e+04   7.5683594e+01
   6.0380000e+04   3.3203125e+01
   6.0400000e+04   3.7719727e+01
   6.0496000e+04   4.6325684e+01
   6.0506000e+04   3.9672852e+01
   6.0748000e+04   6.9335938e+01
   6.0831000e+04   3.5583496e+01
   6.0923000e+04   3.5583496e+01
   6.1011000e+04   4.8156738e+01
   6.1092000e+04   3.7719727e+01
   6.1162000e+04   7.6843262e+01
   6.1261000e+04   5.2185059e+01
   6.1689000e+04   7.9711914e+01
   6.1781000e+04   3.5766602e+01
   6.2075000e+04   5.3100586e+01
   6.2284000e+04   8.5266113e+01
   6.2342000e+04   4.5410156e+01
   1.0106800e+05   2.0060425e+03
   1.0110200e+05   5.0354004e+01
   1.0238000e+05   3.3325195e+01
   1.0386700e+05   1.3171387e+02
   1.0413000e+05   1.2329102e+02
   1.0414600e+05   1.0198975e+02
   1.0422900e+05   4.6752930e+01
   1.0431900e+05   3.3264160e+01
   1.0434200e+05   3.9428711e+01
   1.0435500e+05   3.8574219e+01
   1.0444300e+05   8.9355469e+01
   1.0445300e+05   1.0388184e+02
   1.0449800e+05   4.3701172e+01
   1.0451900e+05   4.3273926e+01
   1.0457100e+05   4.1564941e+01
   1.0458500e+05   3.9367676e+01
   1.0467800e+05   6.1096191e+01
   1.0469900e+05   4.0161133e+01
   1.0474000e+05   4.8217773e+01
   1.0475000e+05   4.4006348e+01
   1.0481800e+05   3.7841797e+01
   1.0482800e+05   6.1035156e+01
   1.0485200e+05   3.2592773e+01
   1.0486400e+05   3.3996582e+01
   1.0491200e+05   3.9428711e+01
   1.0494700e+05   6.4270020e+01
   1.0496800e+05   3.3386230e+01
   1.0498400e+05   3.3935547e+01
   1.0502000e+05   8.0810547e+01
   1.0503100e+05   4.8339844e+01
   1.0506600e+05   4.0832520e+01
   1.0512000e+05   3.3264160e+01
   1.0517000e+05   3.3935547e+01
   1.0518400e+05   4.5227051e+01
   1.0524100e+05   9.1735840e+01
   1.0527700e+05   3.3752441e+01
   1.0535200e+05   3.6621094e+01
   1.0537300e+05   3.6071777e+01
   1.0541500e+05   4.8950195e+01
   1.0545400e+05   3.2775879e+01
   1.0548700e+05   5.4016113e+01
   1.0555500e+05   4.0832520e+01
   1.0556500e+05   3.2653809e+01
   1.0558500e+05   6.5063477e+01
   1.0560400e+05   3.3386230e+01
   1.0566700e+05   7.9040527e+01
   1.0589600e+05   4.1442871e+01
   1.0593800e+05   1.0980225e+02
   1.0594900e+05   4.3762207e+01
   1.0605600e+05   4.0283203e+01
   1.0609200e+05   3.3630371e+01
   1.0619000e+05   9.2895508e+01
   1.0623100e+05   4.3640137e+01
   1.0626000e+05   3.5888672e+01
   1.0633900e+05   3.3325195e+01
   1.0639100e+05   3.3325195e+01
   1.0645400e+05   3.4362793e+01
   1.0647900e+05   4.6875000e+01
   1.0650600e+05   7.2937012e+01
   1.0662600e+05   4.8400879e+01
   1.0677500e+05   8.0078125e+01
   1.0692100e+05   3.9855957e+01
   1.0717600e+05   4.8400879e+01
   1.0721200e+05   8.6547852e+01
   1.0738400e+05   5.1086426e+01
   1.0776900e+05   7.3303223e+01
   1.0815400e+05   3.8269043e+01
   1.0979600e+05   3.2592773e+01
   1.5080900e+05   1.3140869e+02
   1.5108200e+05   2.0137329e+03
   1.5109700e+05   3.6499023e+01
   1.5113300e+05   4.5654297e+01
   1.5123500e+05   5.7495117e+01
   1.5124700e+05   1.3092041e+02
   1.5130200e+05   3.9978027e+01
   1.5138900e+05   4.9865723e+01
   1.5140700e+05   1.3555908e+02
   1.5145300e+05   3.4912109e+01
   1.5148000e+05   1.3177490e+02
   1.5150600e+05   3.4667969e+01
   1.5153500e+05   3.3142090e+01
   1.5155600e+05   5.0537109e+01
   1.5158400e+05   9.3139648e+01
   1.5159500e+05   5.2307129e+01
   1.5162400e+05   4.2236328e+01
   1.5165300e+05   5.8044434e+01
   1.5170400e+05   1.0046387e+02
   1.5172700e+05   3.5888672e+01
   1.5180800e+05   1.0662842e+02
   1.5184100e+05   3.8452148e+01
   1.5187600e+05   5.0781250e+01
   1.5189700e+05   3.2714844e+01
   1.5198300e+05   6.1645508e+01
   1.5200000e+05   4.7302246e+01
   1.5201300e+05   6.9519043e+01
   1.5204400e+05   3.7719727e+01
   1.5206800e+05   9.8388672e+01
   1.5210000e+05   3.4667969e+01
   1.5211100e+05   3.2714844e+01
   1.5213500e+05   4.6752930e+01
   1.5216400e+05   3.3874512e+01
   1.5225100e+05   5.5603027e+01
   1.5228200e+05   4.3090820e+01
   1.5231800e+05   7.0556641e+01
   1.5234600e+05   3.6315918e+01
   1.5243200e+05   4.2175293e+01
   1.5248200e+05   3.3691406e+01
   1.5253400e+05   3.7170410e+01
   1.5257400e+05   8.8134766e+01
   1.5259000e+05   3.6499023e+01
   1.5262700e+05   3.4484863e+01
   1.5267100e+05   4.6875000e+01
   1.5276300e+05   3.2287598e+01
   1.5277800e+05   3.3935547e+01
   1.5293900e+05   3.9001465e+01
   1.5295500e+05   3.4790039e+01
   1.5297100e+05   7.4401855e+01
   1.5305600e+05   3.4851074e+01
   1.5311000e+05   3.8635254e+01
   1.5323600e+05   3.8085938e+01
   1.5326700e+05   7.6293945e+01
   1.5330400e+05   3.7658691e+01
   1.5337100e+05   4.5410156e+01
   1.5342800e+05   3.4179688e+01
   1.5346600e+05   3.5522461e+01
   1.5365400e+05   7.3608398e+01
   1.5371500e+05   3.8879395e+01
   1.5376900e+05   4.8950195e+01
   1.5396900e+05   3.5217285e+01
   1.5403000e+05   8.2580566e+01
   1.5410600e+05   3.2104492e+01
   1.5434300e+05   4.0283203e+01
   1.5458400e+05   4.0832520e+01
   1.5459500e+05   3.5827637e+01
   1.5506900e+05   5.9143066e+01
   1.5553300e+05   5.4199219e+01
   1.7049300e+05   3.2653809e+01
   1.7053300e+05   1.1376953e+02
   1.7091100e+05   3.4301758e+01
   1.7092200e+05   4.9682617e+01
   1.7096600e+05   1.0754395e+02
   1.7120400e+05   8.2580566e+01
   1.7132400e+05   3.3935547e+01
   1.7143900e+05   5.8044434e+01
   1.7167700e+05   4.1748047e+01
   1.7173300e+05   3.5949707e+01
   1.7195000e+05   7.1350098e+01
   1.7196300e+05   3.7292480e+01
   1.7299800e+05   3.2348633e+01
   1.8644500e+05   1.1920166e+02
   1.8775600e+05   1.0357666e+02
   2.0109600e+05   2.0087891e+03
   2.0111100e+05   5.6518555e+01
   2.0114800e+05   4.1687012e+01
   2.1961900e+05   1.2445068e+02
   2.1967500e+05   4.2663574e+01
   2.1995000e+05   7.3730469e+01
   2.1999000e+05   3.3508301e+01
   2.2023300e+05   4.7546387e+01
   2.2031500e+05   1.1602783e+02
   2.2066000e+05   8.3068848e+01
   2.4131200e+05   1.1157227e+02
   2.4173800e+05   1.0986328e+02
   2.4181300e+05   3.3081055e+01
   2.4196700e+05   5.9204102e+01
   2.4201700e+05   8.4533691e+01
   2.4220700e+05   3.6132813e+01
   2.4241100e+05   8.3923340e+01
   2.4275100e+05   8.2031250e+01
   2.4292100e+05   4.0588379e+01
   2.4372800e+05   3.2287598e+01
   2.4408000e+05   3.4179688e+01
   2.4432800e+05   3.4973145e+01
   2.5111000e+05   2.0067139e+03
   2.5112400e+05   4.2724609e+01
   2.5116100e+05   5.2856445e+01
   2.6041000e+05   1.2457275e+02
   2.6074800e+05   3.7353516e+01
   2.6118200e+05   3.6315918e+01
   2.6168300e+05   6.1462402e+01
   2.6173600e+05   1.2292480e+02
   2.7483700e+05   3.6437988e+01
   2.7699200e+05   3.3203125e+01
   2.7736500e+05   3.3508301e+01
   2.7943900e+05   1.5045166e+02
   2.8040700e+05   3.2226563e+01
   2.8926000e+05   1.5228271e+02
   2.8975800e+05   3.3935547e+01
   2.8988800e+05   3.9245605e+01
   2.9090100e+05   3.6987305e+01
   2.9095600e+05   1.0577393e+02
   2.9165300e+05   3.3264160e+01
   3.0112600e+05   3.9999390e+03
   3.0114200e+05   3.4301758e+01
   3.0117500e+05   3.9184570e+01
   3.0258600e+05   3.7475586e+01
   3.0407000e+05   3.4362793e+01
   3.0442500e+05   1.1718750e+02
   3.0480600e+05   3.7780762e+01
   3.0894600e+05   1.3903809e+02
   3.1020200e+05   3.6315918e+01
   3.2277800e+05   1.2762451e+02
   3.2346400e+05   3.3203125e+01
   3.2354300e+05   1.1999512e+02
   3.2470800e+05   3.8269043e+01
   3.2662600e+05   3.3203125e+01
   3.3985400e+05   1.3653564e+02
   3.4000500e+05   3.2653809e+01
   3.4001500e+05   3.2470703e+01
   3.4021600e+05   1.3836670e+02
   3.4056500e+05   1.2152100e+02
   3.4076800e+05   4.4677734e+01
   3.4126300e+05   3.2653809e+01
   3.4279500e+05   3.4790039e+01
   3.4566300e+05   3.2226563e+01
   3.4690200e+05   3.3508301e+01
   3.5114000e+05   3.9999390e+03
   3.5115200e+05   3.7597656e+01
   3.5118900e+05   3.7231445e+01
   3.5469900e+05   1.3952637e+02
   3.8647500e+05   3.3752441e+01
   3.8652800e+05   1.2670898e+02
   3.8659600e+05   3.4057617e+01
   3.8679800e+05   1.2658691e+02
   3.8769100e+05   3.3996582e+01
   3.8800900e+05   3.4240723e+01
   3.9165300e+05   4.2297363e+01
   4.0115400e+05   3.9999390e+03
   4.0116600e+05   4.1870117e+01
   4.0120300e+05   4.5166016e+01
   4.0218500e+05   3.8574219e+01
   4.0243200e+05   1.4562988e+02
   4.0344800e+05   3.7292480e+01
   4.0404200e+05   3.2592773e+01
   4.1692300e+05   1.4923096e+02
   4.1751700e+05   3.2104492e+01
   4.1813100e+05   3.2714844e+01
   4.1882600e+05   3.3081055e+01
   4.2158500e+05   3.3691406e+01
   4.2890400e+05   3.2165527e+01
   4.3230600e+05   3.2470703e+01
   4.3232400e+05   1.1907959e+02
   4.3262000e+05   3.4423828e+01
   4.5047600e+05   3.2287598e+01
   4.5055700e+05   1.5368652e+02
   4.5067300e+05   4.0039063e+01
   4.5068400e+05   3.3752441e+01
   4.5077800e+05   4.7485352e+01
   4.5087600e+05   3.6682129e+01
   4.5097200e+05   1.1901855e+02
   4.5116600e+05   2.0096436e+03
   4.5118100e+05   6.8603516e+01
   4.5121700e+05   5.1391602e+01
   4.5124100e+05   6.6711426e+01
   4.5125500e+05   3.5156250e+01
   4.5149100e+05   1.1120605e+02
   4.5153100e+05   6.0607910e+01
   4.5170800e+05   3.2348633e+01
   4.5179600e+05   3.5278320e+01
   4.5181500e+05   8.7036133e+01
   4.5182500e+05   4.9194336e+01
   4.5209400e+05   8.7707520e+01
   4.5213700e+05   3.3081055e+01
   4.5219200e+05   3.4118652e+01
   4.5220300e+05   4.5104980e+01
   4.5227100e+05   6.0241699e+01
   4.5246600e+05   3.5949707e+01
   4.5247800e+05   4.8706055e+01
   4.5264700e+05   3.6560059e+01
   4.5268600e+05   3.4057617e+01
   4.5281600e+05   7.3852539e+01
   4.5308100e+05   6.5917969e+01
   4.5317800e+05   4.0832520e+01
   4.5368100e+05   8.5998535e+01
   4.5827700e+05   3.2104492e+01
   4.5961500e+05   3.3874512e+01
   4.5995200e+05   3.5156250e+01
   4.6788300e+05   3.2348633e+01
   4.7242200e+05   3.6437988e+01
   4.7330800e+05   3.5400391e+01
   4.8392000e+05   3.7658691e+01
   4.9813200e+05   3.2958984e+01
   4.9824000e+05   1.2957764e+02
   4.9844500e+05   3.3325195e+01
   4.9890400e+05   1.2530518e+02
   4.9971800e+05   1.2725830e+02
   5.0063200e+05   3.4545898e+01
   5.0118200e+05   3.9999390e+03
   5.0121200e+05   4.8156738e+01
   5.0123200e+05   3.3386230e+01
   5.0127800e+05   3.7109375e+01
   5.1226300e+05   1.1779785e+02
   5.1265600e+05   8.9782715e+01
   5.1386000e+05   1.1578369e+02
   5.1550700e+05   1.2432861e+02
   5.3099400e+05   1.2280273e+02
   5.3236200e+05   1.1138916e+02
   5.5119400e+05   2.0103760e+03
   5.5120800e+05   4.2785645e+01
   5.5124500e+05   4.8095703e+01
   5.5191400e+05   1.3433838e+02
   5.5210800e+05   1.2377930e+02
   5.5307700e+05   1.1590576e+02
   5.5363400e+05   9.5458984e+01
   5.5696500e+05   3.3020020e+01
   5.8595100e+05   1.2615967e+02
   5.8641100e+05   1.2902832e+02
   5.8678200e+05   1.1395264e+02
   5.8729900e+05   4.9377441e+01
   5.8735100e+05   9.6191406e+01
   5.8787800e+05   9.4543457e+01
   5.9056400e+05   3.3203125e+01
   5.9126600e+05   3.2348633e+01
   6.0120800e+05   2.0086060e+03
   6.0122600e+05   5.4016113e+01
   6.0125800e+05   3.2287598e+01
   6.0148300e+05   3.4362793e+01
   6.0201000e+05   1.1480713e+02
   6.0308200e+05   1.1273193e+02
   6.0319500e+05   3.4973145e+01
   6.0384000e+05   3.6193848e+01
   6.0508700e+05   3.8513184e+01
   6.0649100e+05   3.2592773e+01
   6.0860900e+05   3.4301758e+01
   6.0953100e+05   3.3264160e+01
   6.1492100e+05   3.4606934e+01
   6.1539200e+05   3.2958984e+01
   6.1623700e+05   1.3146973e+02
   6.1693200e+05   1.0699463e+02
   6.1742600e+05   3.3325195e+01
   6.2085600e+05   3.6315918e+01
   6.2408700e+05   3.4362793e+01
   6.2486000e+05   3.4423828e+01
   6.4718800e+05   1.3787842e+02
   6.4800800e+05   6.1462402e+01
   6.4816600e+05   9.5764160e+01
   6.4840100e+05   9.8876953e+01
   6.4872800e+05   7.4462891e+01
   6.4892100e+05   8.4472656e+01
   6.4913100e+05   3.5827637e+01
   6.5122400e+05   3.9999390e+03
   6.5125500e+05   4.5288086e+01
   6.5127200e+05   3.8024902e+01
   6.5845300e+05   3.5034180e+01
   6.5865100e+05   3.5522461e+01
   6.5880000e+05   4.4799805e+01
   6.5892300e+05   3.5766602e+01
   6.5899800e+05   6.1157227e+01
   6.5908400e+05   1.2097168e+02
   6.5927700e+05   4.2724609e+01
   6.5948600e+05   9.3505859e+01
   6.5950100e+05   5.8288574e+01
   6.5974900e+05   8.0322266e+01
   6.5985400e+05   5.3588867e+01
   6.6002600e+05   7.0251465e+01
   6.6003800e+05   3.3996582e+01
   6.6024600e+05   3.3508301e+01
   6.6027400e+05   4.3151855e+01
   6.6028800e+05   6.7993164e+01
   6.6067200e+05   8.9294434e+01
   6.6091600e+05   6.1279297e+01
   6.6111000e+05   3.5583496e+01
   6.6121500e+05   3.6926270e+01
   6.6140200e+05   5.3222656e+01
   6.6189100e+05   7.3059082e+01
   6.6190100e+05   5.1452637e+01
   6.6222500e+05   5.0231934e+01
   6.6239100e+05   3.4484863e+01
   6.6332300e+05   6.7077637e+01
   6.6625200e+05   3.3874512e+01
   6.8153300e+05   1.3110352e+02
   6.8195000e+05   1.0827637e+02
   6.8222700e+05   8.6486816e+01
   6.8257100e+05   3.3630371e+01
   6.8259700e+05   1.0113525e+02
   6.8326500e+05   9.1552734e+01
   6.8383800e+05   3.3264160e+01
   6.8579600e+05   3.5644531e+01
   7.0123600e+05   2.0093994e+03
   7.0128700e+05   4.2175293e+01
   7.0149600e+05   1.2005615e+02
   7.0199500e+05   1.0791016e+02
   7.0273300e+05   3.6376953e+01
   7.0277700e+05   1.1254883e+02
   7.0309300e+05   3.3813477e+01
   7.0310300e+05   8.6791992e+01
   7.0317700e+05   3.3935547e+01
   7.0342200e+05   8.5449219e+01
   7.5125200e+05   3.9999390e+03
   7.5126600e+05   3.8574219e+01
   7.5130000e+05   4.4372559e+01
   7.5133900e+05   3.7902832e+01
   7.5163800e+05   1.2829590e+02
   7.5195700e+05   1.2408447e+02
   7.5217200e+05   8.0932617e+01
   7.5251700e+05   1.1663818e+02
   7.5265000e+05   5.1818848e+01
   7.5274900e+05   8.0688477e+01
   7.5294700e+05   3.4057617e+01
   7.5307900e+05   8.9050293e+01
   7.5337900e+05   8.3801270e+01
   7.5430000e+05   3.3447266e+01
   7.5434800e+05   1.0626221e+02
   7.5497300e+05   9.9731445e+01
   8.0126600e+05   3.9999390e+03
   8.0129800e+05   4.2297363e+01
   8.0131600e+05   3.5949707e+01
   8.0136600e+05   3.4484863e+01
   8.0148000e+05   1.4105225e+02
   8.0180600e+05   1.1877441e+02
   8.0195100e+05   8.9416504e+01
   8.0235600e+05   1.1090088e+02
   8.0261400e+05   1.0406494e+02
   8.0264300e+05   3.3386230e+01
   8.0297600e+05   5.2612305e+01
   8.0301100e+05   8.5327148e+01
   8.0524600e+05   1.0382080e+02
   8.0544300e+05   3.4362793e+01
   8.0842400e+05   3.2104492e+01
   8.0865200e+05   3.8146973e+01
   8.0927600e+05   3.6560059e+01
   8.0929700e+05   9.9914551e+01
   8.0935300e+05   4.9316406e+01
   8.1000100e+05   3.4240723e+01
   8.1002600e+05   4.8461914e+01
   8.1026200e+05   9.4238281e+01
   8.1060200e+05   8.1054688e+01
   8.1084900e+05   5.6457520e+01
   8.1102800e+05   9.5703125e+01
   8.1154100e+05   8.3923340e+01
   8.1171600e+05   4.9133301e+01
   8.1186100e+05   7.0861816e+01
   8.1257800e+05   7.0312500e+01
   8.1375400e+05   3.5095215e+01
   8.1384700e+05   3.9062500e+01
   8.1428600e+05   4.1259766e+01
   8.3111100e+05   3.3081055e+01
   8.5127800e+05   2.0084839e+03
   8.5131200e+05   3.7109375e+01
   8.5156200e+05   1.2438965e+02
   8.5212200e+05   3.2104492e+01
   8.5235100e+05   1.2683105e+02
   8.5268800e+05   1.1328125e+02
   8.5285200e+05   3.7048340e+01
   8.5293900e+05   1.0241699e+02
   8.5327300e+05   9.7900391e+01
   8.5334600e+05   3.5949707e+01
   8.5354900e+05   7.3547363e+01
   8.5366900e+05   3.9978027e+01
   8.5371400e+05   3.7170410e+01
   8.5387000e+05   9.3994141e+01
   8.5406600e+05   5.0537109e+01
   8.5408600e+05   7.5744629e+01
   8.5434000e+05   6.6894531e+01
   8.5446600e+05   4.8156738e+01
   8.5456200e+05   6.3293457e+01
   8.5461700e+05   3.4118652e+01
   8.5486600e+05   5.9020996e+01
   8.5496100e+05   4.9621582e+01
   8.5513500e+05   7.0983887e+01
   8.5517000e+05   3.3386230e+01
   8.5532700e+05   5.2062988e+01
   8.5536100e+05   3.2470703e+01
   8.5558500e+05   6.8054199e+01
   8.5591400e+05   5.0415039e+01
   8.5620600e+05   4.1198730e+01
   8.5650200e+05   5.8837891e+01
   8.5676000e+05   3.4973145e+01
   8.5725700e+05   7.3486328e+01
   9.0129200e+05   2.0106201e+03
   9.0130600e+05   3.5583496e+01
   9.0132400e+05   3.7780762e+01
   9.0149200e+05   1.2500000e+02
   9.0180300e+05   1.2445068e+02
   9.0204400e+05   1.1279297e+02
   9.0245800e+05   1.1560059e+02
   9.0285700e+05   9.5764160e+01
   9.0288800e+05   3.2287598e+01
   9.0295600e+05   3.2836914e+01
   9.0309200e+05   6.7871094e+01
   9.0311800e+05   3.5949707e+01
   9.0333700e+05   5.6945801e+01
   9.0346200e+05   6.7199707e+01
   9.0376600e+05   5.9020996e+01
   9.0383500e+05   5.3894043e+01
   9.0392800e+05   3.3264160e+01
   9.0412800e+05   3.6010742e+01
   9.0416900e+05   4.7790527e+01
   9.0422000e+05   3.4301758e+01
   9.0425600e+05   4.1809082e+01
   9.0455900e+05   4.2541504e+01
   9.0498200e+05   4.3884277e+01
   9.0499400e+05   3.5400391e+01
   9.0510600e+05   3.5888672e+01
   9.0541800e+05   3.9489746e+01
   9.0546500e+05   3.4179688e+01
   9.0577800e+05   3.5583496e+01
   9.0582300e+05   3.6376953e+01
   9.0600500e+05   3.7536621e+01
   9.0625400e+05   3.5217285e+01
   9.0645900e+05   4.1870117e+01
   9.0648600e+05   4.2663574e+01
   9.0673400e+05   3.4606934e+01
   9.0704500e+05   3.8818359e+01
   9.0711700e+05   3.5827637e+01
   9.0731500e+05   5.5114746e+01
   9.0767300e+05   4.8889160e+01
   9.0860200e+05   7.2631836e+01
   9.5130600e+05   2.0104370e+03
   9.5131900e+05   4.2175293e+01
   9.5135800e+05   3.7231445e+01
   9.5147000e+05   1.3525391e+02
   9.5151700e+05   3.3508301e+01
   9.5165400e+05   1.1206055e+02
   9.5194700e+05   1.1230469e+02
   9.5242700e+05   1.1437988e+02
   9.5282500e+05   9.3505859e+01
   9.5300500e+05   3.6376953e+01
   9.5310000e+05   8.3129883e+01
   9.5317000e+05   5.4687500e+01
   9.5328400e+05   3.2409668e+01
   9.5343800e+05   7.6477051e+01
   9.5375600e+05   7.3181152e+01
   9.5384300e+05   4.4433594e+01
   9.5395300e+05   4.8767090e+01
   9.5417100e+05   5.0109863e+01
   9.5420000e+05   5.4504395e+01
   9.5421900e+05   3.2531738e+01
   9.5430800e+05   3.4790039e+01
   9.5436600e+05   5.4870605e+01
   9.5438600e+05   3.5400391e+01
   9.5461200e+05   5.7495117e+01
   9.5480500e+05   3.2836914e+01
   9.5496600e+05   3.7048340e+01
   9.5513500e+05   4.7302246e+01
   9.5525100e+05   3.4362793e+01
   9.5555800e+05   3.6071777e+01
   9.5565500e+05   4.8767090e+01
   9.5580800e+05   3.2470703e+01
   9.5607300e+05   3.3935547e+01
   9.5631800e+05   4.8889160e+01
   9.5634900e+05   3.9916992e+01
   9.5644900e+05   3.7292480e+01
   9.5663900e+05   4.4311523e+01
   9.5684400e+05   3.5522461e+01
   9.5697700e+05   4.5532227e+01
   9.5701100e+05   3.5400391e+01
   9.5754100e+05   7.2509766e+01
   9.5783100e+05   4.9255371e+01
   9.5819900e+05   4.4616699e+01
   9.5860900e+05   6.5002441e+01
   1.0013200e+06   2.0095215e+03
   1.0013810e+06   3.4240723e+01
   1.0021440e+06   1.4270020e+02
   1.0024040e+06   1.2738037e+02
   1.0027270e+06   9.7778320e+01
   1.0031030e+06   3.3813477e+01
   1.0031910e+06   1.0266113e+02
   1.0032670e+06   5.2429199e+01
   1.0033780e+06   3.5583496e+01
   1.0034550e+06   8.8928223e+01
   1.0035440e+06   3.4057617e+01
   1.0037900e+06   8.2885742e+01
   1.0038940e+06   5.8227539e+01
   1.0039790e+06   4.5471191e+01
   1.0041690e+06   3.3630371e+01
   1.0043370e+06   4.4494629e+01
   1.0044380e+06   6.1218262e+01
   1.0046560e+06   3.6682129e+01
   1.0047130e+06   5.3833008e+01
   1.0047980e+06   3.9611816e+01
   1.0048220e+06   3.6010742e+01
   1.0051170e+06   3.3508301e+01
   1.0052010e+06   3.3447266e+01
   1.0052560e+06   3.5888672e+01
   1.0054570e+06   4.3029785e+01
   1.0055970e+06   4.0100098e+01
   1.0056530e+06   3.7475586e+01
   1.0056800e+06   4.7485352e+01
   1.0059300e+06   3.2226563e+01
   1.0061720e+06   6.2011719e+01
   1.0062960e+06   3.5217285e+01
   1.0063340e+06   4.1015625e+01
   1.0069810e+06   4.8828125e+01
   1.0070140e+06   3.8635254e+01
   1.0070660e+06   3.8940430e+01
   1.0072020e+06   5.8959961e+01
   1.0074480e+06   3.2897949e+01
   1.0078320e+06   5.3833008e+01
   1.0080890e+06   3.2897949e+01
   1.0083560e+06   4.2480469e+01
   1.0088520e+06   4.6875000e+01
   1.0093260e+06   5.1879883e+01
   1.0513340e+06   2.0093384e+03
   1.0513490e+06   7.0861816e+01
   1.0513780e+06   3.4301758e+01
   1.0519080e+06   8.2763672e+01
   1.0523180e+06   1.0400391e+02
   1.0525770e+06   1.0705566e+02
   1.0527990e+06   3.7963867e+01
   1.0528860e+06   9.2712402e+01
   1.0529110e+06   3.2165527e+01
   1.0529520e+06   3.5644531e+01
   1.0529640e+06   5.7678223e+01
   1.0530810e+06   3.6376953e+01
   1.0531450e+06   6.8481445e+01
   1.0532100e+06   3.4240723e+01
   1.0533530e+06   3.4606934e+01
   1.0535370e+06   4.5898438e+01
   1.0535490e+06   6.9824219e+01
   1.0536260e+06   3.4729004e+01
   1.0537190e+06   3.6071777e+01
   1.0538420e+06   6.0241699e+01
   1.0539800e+06   4.6691895e+01
   1.0540400e+06   5.6091309e+01
   1.0542590e+06   3.8574219e+01
   1.0543520e+06   4.4982910e+01
   1.0545300e+06   4.3334961e+01
   1.0547110e+06   3.8269043e+01
   1.0548040e+06   3.5278320e+01
   1.0548450e+06   3.7658691e+01
   1.0548820e+06   3.6560059e+01
   1.0550900e+06   4.1442871e+01
   1.0551370e+06   4.4921875e+01
   1.0552450e+06   3.4851074e+01
   1.0552750e+06   3.3752441e+01
   1.0553800e+06   3.5583496e+01
   1.0555250e+06   3.3813477e+01
   1.0555370e+06   3.7719727e+01
   1.0556360e+06   3.2714844e+01
   1.0557670e+06   3.7963867e+01
   1.0560140e+06   3.3691406e+01
   1.0560530e+06   3.4790039e+01
   1.0560880e+06   3.3264160e+01
   1.0562950e+06   5.2673340e+01
   1.0565630e+06   4.6203613e+01
   1.0570530e+06   5.6762695e+01
   1.0572350e+06   3.2348633e+01
   1.0572610e+06   3.8757324e+01
   1.0577080e+06   5.3283691e+01
   1.0579970e+06   5.5419922e+01
   1.0583510e+06   4.4738770e+01
   1.0590110e+06   5.2917480e+01
   1.0598900e+06   5.5053711e+01
   1.1013480e+06   2.0038452e+03
   1.1013620e+06   4.1076660e+01
   1.1013950e+06   3.3264160e+01
   1.1017450e+06   1.2493896e+02
   1.1023050e+06   1.0675049e+02
   1.1026580e+06   1.1102295e+02
   1.1029440e+06   1.0424805e+02
   1.1031310e+06   3.3874512e+01
   1.1031680e+06   5.6152344e+01
   1.1033690e+06   3.5766602e+01
   1.1033800e+06   1.0052490e+02
   1.1037200e+06   8.8989258e+01
   1.1037720e+06   3.8635254e+01
   1.1038170e+06   3.9672852e+01
   1.1039310e+06   5.7983398e+01
   1.1040340e+06   6.8481445e+01
   1.1042310e+06   3.2592773e+01
   1.1043380e+06   4.8706055e+01
   1.1043780e+06   4.5410156e+01
   1.1044000e+06   3.5339355e+01
   1.1045500e+06   5.3894043e+01
   1.1047650e+06   4.5654297e+01
   1.1048340e+06   3.4423828e+01
   1.1048590e+06   3.3874512e+01
   1.1049440e+06   4.5349121e+01
   1.1049970e+06   3.8330078e+01
   1.1050220e+06   3.3386230e+01
   1.1051050e+06   3.3996582e+01
   1.1051550e+06   4.3518066e+01
   1.1051750e+06   3.4729004e+01
   1.1051960e+06   4.5593262e+01
   1.1052240e+06   3.3142090e+01
   1.1055690e+06   3.4301758e+01
   1.1055910e+06   3.8452148e+01
   1.1058610e+06   3.4973145e+01
   1.1059140e+06   3.2836914e+01
   1.1059490e+06   3.4729004e+01
   1.1062850e+06   3.2348633e+01
   1.1063170e+06   3.3264160e+01
   1.1063480e+06   3.7414551e+01
   1.1064070e+06   3.5461426e+01
   1.1065000e+06   3.7719727e+01
   1.1065370e+06   3.5644531e+01
   1.1067330e+06   3.2836914e+01
   1.1067480e+06   5.3955078e+01
   1.1069140e+06   3.6132813e+01
   1.1073950e+06   3.2714844e+01
   1.1077710e+06   5.1940918e+01
   1.1077960e+06   3.7109375e+01
   1.1080960e+06   3.8452148e+01
   1.1085720e+06   6.5856934e+01
   1.1089020e+06   4.9194336e+01
   1.1092860e+06   5.4626465e+01
   1.1098600e+06   5.0415039e+01
   1.1433980e+06   3.4667969e+01
   1.1513620e+06   2.0089111e+03
   1.1513760e+06   4.7119141e+01
   1.1514120e+06   5.0659180e+01
   1.1514530e+06   5.2185059e+01
   1.1517450e+06   1.2982178e+02
   1.1518500e+06   9.1064453e+01
   1.1526840e+06   1.1883545e+02
   1.1909870e+06   1.3049316e+02
   1.1911460e+06   4.5227051e+01
   1.1911720e+06   8.4716797e+01
   1.1912260e+06   3.4667969e+01
   1.1913150e+06   4.4006348e+01
   1.1913300e+06   6.0729980e+01
   1.1914370e+06   5.9143066e+01
   1.1914690e+06   4.6081543e+01
   1.1915380e+06   3.9428711e+01
   1.1915850e+06   1.2426758e+02
   1.1916080e+06   3.5156250e+01
   1.1916390e+06   3.9672852e+01
   1.1916950e+06   3.3996582e+01
   1.1917520e+06   6.1767578e+01
   1.1917790e+06   1.0412598e+02
   1.1917990e+06   5.5480957e+01
   1.1918250e+06   3.7963867e+01
   1.1918580e+06   8.4533691e+01
   1.1918800e+06   3.6376953e+01
   1.1919110e+06   5.3100586e+01
   1.1919790e+06   8.8562012e+01
   1.1920170e+06   6.1096191e+01
   1.1920270e+06   5.0842285e+01
   1.1920440e+06   3.2165527e+01
   1.1920710e+06   3.4301758e+01
   1.1921100e+06   5.3710938e+01
   1.1921510e+06   7.5988770e+01
   1.1921720e+06   7.3547363e+01
   1.1921950e+06   4.5898438e+01
   1.1922340e+06   4.4799805e+01
   1.1922640e+06   4.0344238e+01
   1.1922830e+06   6.6406250e+01
   1.1923300e+06   3.7658691e+01
   1.1923510e+06   6.4514160e+01
   1.1924090e+06   4.5227051e+01
   1.1924390e+06   3.8818359e+01
   1.1924580e+06   3.3874512e+01
   1.1924970e+06   4.1137695e+01
   1.1925210e+06   6.6406250e+01
   1.1925330e+06   5.0537109e+01
   1.1925830e+06   3.6193848e+01
   1.1926180e+06   3.6682129e+01
   1.1926610e+06   5.4565430e+01
   1.1926860e+06   5.5114746e+01
   1.1927030e+06   3.8146973e+01
   1.1927190e+06   3.5644531e+01
   1.1927400e+06   3.8146973e+01
   1.1927710e+06   3.2836914e+01
   1.1927810e+06   5.5847168e+01
   1.1928120e+06   3.2165527e+01
   1.1928240e+06   3.5705566e+01
   1.1928480e+06   3.3447266e+01
   1.1929150e+06   3.8024902e+01
   1.1929610e+06   3.7597656e+01
   1.1930320e+06   3.3325195e+01
   1.1930550e+06   3.4423828e+01
   1.1931250e+06   3.6437988e+01
   1.1931450e+06   3.7963867e+01
   1.1931750e+06   4.0222168e+01
   1.1931900e+06   3.5461426e+01
   1.1932550e+06   5.6579590e+01
   1.1932930e+06   3.3630371e+01
   1.1934280e+06   4.0100098e+01
   1.1934680e+06   3.9062500e+01
   1.1935290e+06   4.6813965e+01
   1.1935750e+06   3.3447266e+01
   1.1936440e+06   5.6762695e+01
   1.1937810e+06   3.5278320e+01
   1.1939050e+06   3.4362793e+01
   1.1939340e+06   3.3081055e+01
   1.1940250e+06   3.5888672e+01
   1.1940720e+06   3.9245605e+01
   1.1940890e+06   3.3935547e+01
   1.1941260e+06   3.9184570e+01
   1.1941690e+06   4.0161133e+01
   1.1942580e+06   3.4118652e+01
   1.1943010e+06   4.4677734e+01
   1.1943640e+06   5.5969238e+01
   1.1944100e+06   3.5278320e+01
   1.1945520e+06   5.6579590e+01
   1.1946450e+06   3.6132813e+01
   1.1946730e+06   3.2470703e+01
   1.1947040e+06   3.4057617e+01
   1.1947870e+06   4.3518066e+01
   1.1949520e+06   3.7109375e+01
   1.1950060e+06   4.2236328e+01
   1.1950460e+06   3.2470703e+01
   1.1950620e+06   7.2814941e+01
   1.1950830e+06   3.7414551e+01
   1.1951520e+06   3.2958984e+01
   1.1953600e+06   3.8818359e+01
   1.1953750e+06   8.2336426e+01
   1.1954100e+06   4.2114258e+01
   1.1954560e+06   4.4067383e+01
   1.1955910e+06   3.5034180e+01
   1.1957590e+06   8.1115723e+01
   1.1958520e+06   4.8217773e+01
   1.1960360e+06   4.0954590e+01
   1.1961310e+06   3.3264160e+01
   1.1961460e+06   7.8002930e+01
   1.1962240e+06   3.2165527e+01
   1.1965210e+06   3.3386230e+01
   1.1968790e+06   3.8940430e+01
   1.1974510e+06   5.9448242e+01
   1.1978170e+06   4.1381836e+01
   1.1980310e+06   3.2714844e+01
   1.1982170e+06   6.2255859e+01
   1.1996150e+06   3.6071777e+01
   1.2013780e+06   3.9999390e+03
   1.2013910e+06   3.5888672e+01
   1.2014230e+06   3.9428711e+01
   1.2060540e+06   8.9294434e+01
   1.2117580e+06   8.8989258e+01
   1.2245640e+06   1.0162354e+02
   1.2251170e+06   1.0272217e+02
   1.2256940e+06   9.2224121e+01
   1.2261480e+06   7.0800781e+01
   1.2262430e+06   4.3701172e+01
   1.2265350e+06   3.4606934e+01
   1.2265700e+06   3.2409668e+01
   1.2267660e+06   5.6213379e+01
   1.2268620e+06   3.8208008e+01
   1.2269720e+06   8.2519531e+01
   1.2270190e+06   4.8889160e+01
   1.2273210e+06   5.7983398e+01
   1.2275060e+06   3.5583496e+01
   1.2275670e+06   5.1696777e+01
   1.2278640e+06   3.5461426e+01
   1.2279950e+06   4.8645020e+01
   1.2281350e+06   3.2165527e+01
   1.2281870e+06   4.0039063e+01
   1.2282010e+06   4.3518066e+01
   1.2283700e+06   4.6752930e+01
   1.2284130e+06   3.7841797e+01
   1.2285450e+06   3.3508301e+01
   1.2287660e+06   3.2348633e+01
   1.2288390e+06   4.3823242e+01
   1.2289750e+06   4.7790527e+01
   1.2292470e+06   4.0100098e+01
   1.2293730e+06   3.3386230e+01
   1.2297090e+06   3.7353516e+01
   1.2297680e+06   3.9367676e+01
   1.2299600e+06   3.5827637e+01
   1.2301890e+06   4.3029785e+01
   1.2302330e+06   3.4362793e+01
   1.2303170e+06   3.9489746e+01
   1.2304950e+06   4.4799805e+01
   1.2305380e+06   3.2226563e+01
   1.2308530e+06   4.1137695e+01
   1.2311810e+06   4.4433594e+01
   1.2313280e+06   3.7475586e+01
   1.2315330e+06   4.8583984e+01
   1.2315770e+06   3.6010742e+01
   1.2321560e+06   4.7119141e+01
   1.2329040e+06   4.9682617e+01
   1.2335310e+06   4.9011230e+01
   1.2513900e+06   2.0114136e+03
   1.2514030e+06   7.7392578e+01
   1.2514410e+06   4.2480469e+01
   1.2515900e+06   1.0595703e+02
   1.2525860e+06   9.1918945e+01
   1.2704830e+06   1.1694336e+02
   1.2713780e+06   1.0888672e+02
   1.2717360e+06   8.5021973e+01
   1.2717710e+06   3.3203125e+01
   1.2720040e+06   6.1096191e+01
   1.2720770e+06   4.8889160e+01
   1.2721090e+06   3.3081055e+01
   1.2722780e+06   9.8083496e+01
   1.2724910e+06   4.2297363e+01
   1.2725350e+06   6.0424805e+01
   1.2725780e+06   3.3325195e+01
   1.2726860e+06   3.4301758e+01
   1.2727390e+06   3.3325195e+01
   1.2727610e+06   3.5400391e+01
   1.2728280e+06   4.9560547e+01
   1.2728390e+06   3.3752441e+01
   1.2729510e+06   3.3264160e+01
   1.2730220e+06   3.2104492e+01
   1.2731690e+06   5.6274414e+01
   1.2732810e+06   3.4790039e+01
   1.2733740e+06   3.2165527e+01
   1.2733980e+06   3.2104492e+01
   1.2735270e+06   3.4057617e+01
   1.2735630e+06   5.1147461e+01
   1.2736050e+06   3.7048340e+01
   1.2737470e+06   1.0705566e+02
   1.2738270e+06   3.3508301e+01
   1.2740430e+06   4.2663574e+01
   1.2741010e+06   3.9611816e+01
   1.2742810e+06   3.2165527e+01
   1.2744470e+06   4.4494629e+01
   1.2746890e+06   3.5766602e+01
   1.2747050e+06   3.3386230e+01
   1.2747520e+06   3.2165527e+01
   1.2752180e+06   3.7292480e+01
   1.2755460e+06   3.7048340e+01
   1.2757600e+06   3.4973145e+01
   1.2760200e+06   3.6743164e+01
   1.2762490e+06   4.3518066e+01
   1.2765380e+06   3.6865234e+01
   1.2768810e+06   5.2612305e+01
   1.2772740e+06   4.2602539e+01
   1.2776170e+06   3.5766602e+01
   1.2780850e+06   4.3518066e+01
   1.2784640e+06   4.5898438e+01
   1.2790400e+06   5.7861328e+01
   1.3014060e+06   3.9999390e+03
   1.3014370e+06   6.1706543e+01
   1.3019030e+06   6.1218262e+01
   1.3374980e+06   3.2165527e+01
   1.3375330e+06   1.3226318e+02
   1.3377770e+06   4.8706055e+01
   1.3378190e+06   5.5175781e+01
   1.3378800e+06   4.8034668e+01
   1.3379180e+06   2.1838379e+02
   1.3379470e+06   4.0832520e+01
   1.3380180e+06   4.0344238e+01
   1.3380600e+06   3.5461426e+01
   1.3380830e+06   3.9611816e+01
   1.3381030e+06   5.1574707e+01
   1.3381230e+06   5.7678223e+01
   1.3381440e+06   1.0760498e+02
   1.3381720e+06   4.5837402e+01
   1.3381980e+06   5.4626465e+01
   1.3382510e+06   4.6447754e+01
   1.3382820e+06   3.4179688e+01
   1.3383090e+06   8.2336426e+01
   1.3383360e+06   1.3067627e+02
   1.3383530e+06   4.3395996e+01
   1.3383960e+06   4.7607422e+01
   1.3384180e+06   3.8818359e+01
   1.3384600e+06   7.2631836e+01
   1.3384780e+06   5.6213379e+01
   1.3385010e+06   3.2226563e+01
   1.3385170e+06   1.0467529e+02
   1.3385380e+06   4.4982910e+01
   1.3385800e+06   5.8288574e+01
   1.3386020e+06   6.7932129e+01
   1.3386270e+06   3.8940430e+01
   1.3386710e+06   4.5532227e+01
   1.3386820e+06   3.3081055e+01
   1.3387180e+06   8.9782715e+01
   1.3387790e+06   3.6560059e+01
   1.3388080e+06   3.4179688e+01
   1.3388180e+06   3.9611816e+01
   1.3388530e+06   3.2165527e+01
   1.3388760e+06   5.9387207e+01
   1.3389220e+06   3.2287598e+01
   1.3389740e+06   3.6560059e+01
   1.3389840e+06   3.9367676e+01
   1.3390430e+06   5.4138184e+01
   1.3390660e+06   4.1931152e+01
   1.3390910e+06   4.1381836e+01
   1.3391240e+06   3.2165527e+01
   1.3391650e+06   4.6936035e+01
   1.3392180e+06   4.0039063e+01
   1.3392440e+06   5.5541992e+01
   1.3392700e+06   3.7719727e+01
   1.3393250e+06   3.3447266e+01
   1.3393490e+06   3.6804199e+01
   1.3393940e+06   4.4311523e+01
   1.3394600e+06   6.0852051e+01
   1.3395260e+06   3.6437988e+01
   1.3395660e+06   3.2836914e+01
   1.3395850e+06   3.3447266e+01
   1.3396310e+06   3.6865234e+01
   1.3396480e+06   3.6193848e+01
   1.3396750e+06   3.3325195e+01
   1.3397420e+06   3.2226563e+01
   1.3397540e+06   5.6945801e+01
   1.3398810e+06   3.4118652e+01
   1.3399120e+06   3.9916992e+01
   1.3399570e+06   5.1513672e+01
   1.3400300e+06   4.0588379e+01
   1.3400890e+06   3.5278320e+01
   1.3401280e+06   3.5827637e+01
   1.3401820e+06   3.7109375e+01
   1.3402100e+06   4.7180176e+01
   1.3402390e+06   3.2348633e+01
   1.3403310e+06   6.6589355e+01
   1.3403570e+06   3.4790039e+01
   1.3404460e+06   3.7902832e+01
   1.3404690e+06   7.8430176e+01
   1.3405750e+06   3.8696289e+01
   1.3405930e+06   3.6621094e+01
   1.3406570e+06   3.6621094e+01
   1.3406670e+06   3.7170410e+01
   1.3407070e+06   6.6345215e+01
   1.3407510e+06   3.6621094e+01
   1.3407730e+06   4.4311523e+01
   1.3408840e+06   3.5522461e+01
   1.3409410e+06   4.7119141e+01
   1.3409990e+06   7.9711914e+01
   1.3410970e+06   4.6020508e+01
   1.3411730e+06   3.4301758e+01
   1.3412780e+06   3.9672852e+01
   1.3412890e+06   5.7678223e+01
   1.3413030e+06   4.3823242e+01
   1.3415030e+06   3.4057617e+01
   1.3417140e+06   7.0068359e+01
   1.3419660e+06   4.1381836e+01
   1.3420170e+06   3.3447266e+01
   1.3422580e+06   3.4790039e+01
   1.3422810e+06   6.8542480e+01
   1.3424430e+06   3.4484863e+01
   1.3429940e+06   3.5278320e+01
   1.3433130e+06   3.3569336e+01
   1.3437070e+06   3.7536621e+01
   1.3438650e+06   3.6804199e+01
   1.3443680e+06   4.4494629e+01
   1.3492350e+06   7.1411133e+01
   1.3514200e+06   3.9999390e+03
   1.3514690e+06   4.4372559e+01
   1.3517330e+06   8.5510254e+01
   1.3521280e+06   3.4240723e+01
   1.3563530e+06   7.4279785e+01
   1.4014340e+06   3.9999390e+03
   1.4014460e+06   4.8156738e+01
   1.4014830e+06   4.7485352e+01
   1.4016820e+06   6.5063477e+01
   1.4022500e+06   1.0937500e+02
   1.4514460e+06   2.0083618e+03
   1.4514610e+06   7.6171875e+01
   1.4514970e+06   5.3283691e+01
   1.4550270e+06   4.2724609e+01
   1.4551520e+06   3.4179688e+01
   1.4551760e+06   4.2724609e+01
   1.4552170e+06   1.1303711e+02
   1.4552320e+06   3.3813477e+01
   1.4552660e+06   6.4758301e+01
   1.4552880e+06   1.5686035e+02
   1.4553110e+06   3.5644531e+01
   1.4553730e+06   3.2409668e+01
   1.4553840e+06   5.8715820e+01
   1.4554120e+06   3.2226563e+01
   1.4554240e+06   6.4025879e+01
   1.4554390e+06   1.0784912e+02
   1.4554760e+06   9.6862793e+01
   1.4555200e+06   8.0200195e+01
   1.4555440e+06   5.9570313e+01
   1.4555690e+06   4.2419434e+01
   1.4556010e+06   4.6325684e+01
   1.4556400e+06   4.0222168e+01
   1.4557080e+06   6.3659668e+01
   1.4557530e+06   3.7170410e+01
   1.4557710e+06   3.4912109e+01
   1.4557990e+06   7.3547363e+01
   1.4558310e+06   5.0781250e+01
   1.4558620e+06   3.7048340e+01
   1.4558860e+06   3.3691406e+01
   1.4559080e+06   4.3762207e+01
   1.4559260e+06   7.5195313e+01
   1.4559480e+06   7.0495605e+01
   1.4559750e+06   3.3996582e+01
   1.4560060e+06   3.4118652e+01
   1.4560480e+06   3.6560059e+01
   1.4560760e+06   7.3852539e+01
   1.4561120e+06   5.1452637e+01
   1.4562300e+06   3.2897949e+01
   1.4562700e+06   4.9072266e+01
   1.4562930e+06   3.3203125e+01
   1.4563300e+06   3.6987305e+01
   1.4564040e+06   4.0100098e+01
   1.4564180e+06   7.2875977e+01
   1.4564330e+06   5.1086426e+01
   1.4564610e+06   3.2897949e+01
   1.4565430e+06   4.0649414e+01
   1.4565890e+06   5.3771973e+01
   1.4566000e+06   3.4118652e+01
   1.4566320e+06   6.6101074e+01
   1.4566580e+06   3.7231445e+01
   1.4566780e+06   3.6987305e+01
   1.4567570e+06   3.5034180e+01
   1.4567780e+06   3.6254883e+01
   1.4568360e+06   3.3081055e+01
   1.4568780e+06   3.2226563e+01
   1.4569020e+06   8.0749512e+01
   1.4569250e+06   4.0893555e+01
   1.4569400e+06   4.4982910e+01
   1.4570270e+06   3.3508301e+01
   1.4570940e+06   3.5461426e+01
   1.4571140e+06   6.6345215e+01
   1.4571780e+06   3.3203125e+01
   1.4572430e+06   4.4067383e+01
   1.4573590e+06   3.7536621e+01
   1.4573700e+06   3.8269043e+01
   1.4573860e+06   3.7719727e+01
   1.4574010e+06   6.0913086e+01
   1.4574440e+06   3.2287598e+01
   1.4574720e+06   3.2348633e+01
   1.4574840e+06   3.5278320e+01
   1.4575530e+06   3.6437988e+01
   1.4575970e+06   6.1584473e+01
   1.4576620e+06   3.4729004e+01
   1.4576880e+06   3.3081055e+01
   1.4577180e+06   4.1687012e+01
   1.4577370e+06   3.7963867e+01
   1.4577900e+06   3.6132813e+01
   1.4579520e+06   3.3386230e+01
   1.4579800e+06   3.5156250e+01
   1.4580300e+06   3.4484863e+01
   1.4580460e+06   3.5827637e+01
   1.4581090e+06   4.3029785e+01
   1.4581410e+06   3.3935547e+01
   1.4581570e+06   5.0292969e+01
   1.4582250e+06   3.6987305e+01
   1.4582920e+06   3.6987305e+01
   1.4583190e+06   4.7424316e+01
   1.4584480e+06   6.1584473e+01
   1.4585380e+06   4.3029785e+01
   1.4586880e+06   3.3508301e+01
   1.4587550e+06   7.8247070e+01
   1.4589870e+06   4.4616699e+01
   1.4590860e+06   7.6782227e+01
   1.4592280e+06   3.4362793e+01
   1.4592950e+06   3.9245605e+01
   1.4594580e+06   8.1787109e+01
   1.4595130e+06   3.7780762e+01
   1.4595320e+06   3.6743164e+01
   1.4598590e+06   4.9194336e+01
   1.4619900e+06   3.3874512e+01
   1.4623220e+06   3.2226563e+01
   1.4706840e+06   3.2592773e+01
   1.5004020e+06   1.2426758e+02
   1.5007110e+06   1.1230469e+02
   1.5007360e+06   3.4240723e+01
   1.5007710e+06   4.3823242e+01
   1.5008120e+06   4.3884277e+01
   1.5008500e+06   3.2836914e+01
   1.5008690e+06   4.6142578e+01
   1.5008790e+06   3.4179688e+01
   1.5009520e+06   3.2287598e+01
   1.5009800e+06   3.5827637e+01
   1.5010170e+06   4.9621582e+01
   1.5010590e+06   4.9255371e+01
   1.5010820e+06   4.5898438e+01
   1.5011240e+06   4.5837402e+01
   1.5011340e+06   5.7556152e+01
   1.5011660e+06   3.3874512e+01
   1.5011910e+06   1.0974121e+02
   1.5012200e+06   6.5002441e+01
   1.5012650e+06   6.7687988e+01
   1.5013000e+06   4.6875000e+01
   1.5013370e+06   3.6437988e+01
   1.5013630e+06   3.8940430e+01
   1.5013890e+06   9.1613770e+01
   1.5014220e+06   4.0039063e+01
   1.5014620e+06   3.9999390e+03
   1.5014750e+06   5.8715820e+01
   1.5014850e+06   4.0710449e+01
   1.5015060e+06   3.3630371e+01
   1.5015160e+06   4.6997070e+01
   1.5015620e+06   7.3059082e+01
   1.5015820e+06   7.4218750e+01
   1.5016190e+06   3.2409668e+01
   1.5016490e+06   4.5104980e+01
   1.5016590e+06   5.2917480e+01
   1.5016830e+06   4.5532227e+01
   1.5017420e+06   7.5561523e+01
   1.5017870e+06   3.4057617e+01
   1.5018060e+06   3.5217285e+01
   1.5018200e+06   3.7841797e+01
   1.5018740e+06   3.5339355e+01
   1.5019470e+06   3.2531738e+01
   1.5019600e+06   4.2236328e+01
   1.5020050e+06   5.5969238e+01
   1.5020610e+06   3.2714844e+01
   1.5020740e+06   4.4494629e+01
   1.5021080e+06   5.6945801e+01
   1.5021260e+06   4.2968750e+01
   1.5022060e+06   3.5644531e+01
   1.5022180e+06   4.2907715e+01
   1.5022820e+06   4.5288086e+01
   1.5022990e+06   8.3496094e+01
   1.5023370e+06   3.5217285e+01
   1.5024790e+06   3.3996582e+01
   1.5025060e+06   4.7851563e+01
   1.5025180e+06   7.3181152e+01
   1.5026440e+06   4.0344238e+01
   1.5027500e+06   3.2226563e+01
   1.5028240e+06   3.7841797e+01
   1.5028640e+06   3.2287598e+01
   1.5028830e+06   6.2744141e+01
   1.5029210e+06   3.8818359e+01
   1.5029610e+06   3.2531738e+01
   1.5030000e+06   3.6560059e+01
   1.5031880e+06   7.0434570e+01
   1.5032710e+06   3.2653809e+01
   1.5033690e+06   3.3325195e+01
   1.5033910e+06   3.3569336e+01
   1.5035120e+06   7.9956055e+01
   1.5035460e+06   3.5217285e+01
   1.5035800e+06   3.9245605e+01
   1.5037320e+06   3.4545898e+01
   1.5039700e+06   4.2846680e+01
   1.5040830e+06   3.3386230e+01
   1.5042970e+06   3.2836914e+01
   1.5045550e+06   3.4851074e+01
   1.5047670e+06   4.1625977e+01
   1.5048030e+06   3.3691406e+01
   1.5050180e+06   3.4118652e+01
   1.5053250e+06   4.5043945e+01
   1.5058410e+06   4.7119141e+01
   1.5061800e+06   5.6823730e+01
   1.5065260e+06   5.7128906e+01
   1.5070350e+06   5.6213379e+01
   1.5072830e+06   3.4851074e+01
   1.5100380e+06   3.9306641e+01
   1.5483100e+06   3.2531738e+01
   1.5484100e+06   3.3752441e+01
   1.5484250e+06   1.0467529e+02
   1.5484620e+06   1.2994385e+02
   1.5485390e+06   4.6447754e+01
   1.5486130e+06   3.3142090e+01
   1.5486360e+06   3.8330078e+01
   1.5487950e+06   1.0894775e+02
   1.5488190e+06   3.4057617e+01
   1.5488290e+06   4.0893555e+01
   1.5488560e+06   1.1425781e+02
   1.5488910e+06   5.3955078e+01
   1.5489190e+06   3.2470703e+01
   1.5489630e+06   4.7912598e+01
   1.5489810e+06   7.6110840e+01
   1.5490040e+06   5.0109863e+01
   1.5490380e+06   4.1809082e+01
   1.5490660e+06   7.2509766e+01
   1.5490820e+06   3.8391113e+01
   1.5491050e+06   8.5021973e+01
   1.5491310e+06   3.5400391e+01
   1.5491650e+06   9.1308594e+01
   1.5492040e+06   3.8940430e+01
   1.5492210e+06   4.0405273e+01
   1.5492370e+06   4.3334961e+01
   1.5492610e+06   3.4423828e+01
   1.5492830e+06   3.4240723e+01
   1.5492970e+06   3.4667969e+01
   1.5493400e+06   9.0454102e+01
   1.5493640e+06   3.9733887e+01
   1.5493830e+06   6.0363770e+01
   1.5494270e+06   7.2204590e+01
   1.5495010e+06   3.5461426e+01
   1.5495540e+06   3.2714844e+01
   1.5495700e+06   6.8298340e+01
   1.5496210e+06   3.4301758e+01
   1.5496550e+06   9.0576172e+01
   1.5497020e+06   4.2907715e+01
   1.5497150e+06   3.4118652e+01
   1.5497310e+06   4.9804688e+01
   1.5497630e+06   4.0527344e+01
   1.5498380e+06   3.4973145e+01
   1.5498490e+06   3.7902832e+01
   1.5498820e+06   6.0241699e+01
   1.5499170e+06   4.3090820e+01
   1.5500040e+06   3.2165527e+01
   1.5500290e+06   3.4240723e+01
   1.5500950e+06   4.6569824e+01
   1.5501110e+06   7.6293945e+01
   1.5503220e+06   7.5439453e+01
   1.5503710e+06   3.3508301e+01
   1.5504390e+06   4.7851563e+01
   1.5505430e+06   3.3447266e+01
   1.5505730e+06   7.1533203e+01
   1.5506800e+06   4.7546387e+01
   1.5506900e+06   3.3630371e+01
   1.5507180e+06   3.7048340e+01
   1.5507360e+06   3.9733887e+01
   1.5507980e+06   3.6499023e+01
   1.5508710e+06   8.1420898e+01
   1.5509380e+06   5.0842285e+01
   1.5509790e+06   3.6987305e+01
   1.5510650e+06   3.4606934e+01
   1.5511630e+06   4.3823242e+01
   1.5511760e+06   3.9489746e+01
   1.5513010e+06   3.2836914e+01
   1.5513210e+06   3.4667969e+01
   1.5514100e+06   3.3569336e+01
   1.5514760e+06   3.9999390e+03
   1.5515120e+06   3.5217285e+01
   1.5515850e+06   7.3364258e+01
   1.5516170e+06   3.7170410e+01
   1.5516890e+06   3.2897949e+01
   1.5518780e+06   3.4667969e+01
   1.5519430e+06   8.3068848e+01
   1.5520120e+06   3.4423828e+01
   1.5522000e+06   3.5583496e+01
   1.5523000e+06   8.6547852e+01
   1.5526730e+06   4.9072266e+01
   1.5527720e+06   7.3669434e+01
   1.5529810e+06   4.1503906e+01
   1.5534110e+06   5.5480957e+01
   1.5534710e+06   3.2470703e+01
   1.5541640e+06   5.2734375e+01
   1.5547750e+06   6.0058594e+01
   1.6014880e+06   2.0076294e+03
   1.6015230e+06   6.6589355e+01
   1.6015400e+06   3.6926270e+01
   1.6021250e+06   1.1767578e+02
   1.6025030e+06   1.4129639e+02
   1.6026410e+06   3.3325195e+01
   1.6026740e+06   1.0760498e+02
   1.6027190e+06   5.9448242e+01
   1.6027330e+06   4.7180176e+01
   1.6028130e+06   3.2775879e+01
   1.6028230e+06   5.5358887e+01
   1.6028440e+06   8.5815430e+01
   1.6029640e+06   3.4973145e+01
   1.6029940e+06   3.5034180e+01
   1.6030140e+06   9.4116211e+01
   1.6030420e+06   3.6987305e+01
   1.6030870e+06   1.1590576e+02
   1.6031110e+06   6.0119629e+01
   1.6031810e+06   4.7424316e+01
   1.6032480e+06   4.9133301e+01
   1.6032670e+06   3.8879395e+01
   1.6032900e+06   1.0491943e+02
   1.6033230e+06   4.0100098e+01
   1.6033430e+06   4.1625977e+01
   1.6034100e+06   5.3955078e+01
   1.6034490e+06   3.3752441e+01
   1.6034680e+06   4.2907715e+01
   1.6034830e+06   3.7536621e+01
   1.6034940e+06   7.0617676e+01
   1.6035260e+06   8.3801270e+01
   1.6035360e+06   3.4545898e+01
   1.6035610e+06   3.9855957e+01
   1.6035800e+06   3.4484863e+01
   1.6036920e+06   5.1025391e+01
   1.6037160e+06   4.3151855e+01
   1.6037470e+06   5.0537109e+01
   1.6037570e+06   7.8430176e+01
   1.6037930e+06   3.7170410e+01
   1.6038430e+06   3.3813477e+01
   1.6038850e+06   3.9855957e+01
   1.6039050e+06   4.4494629e+01
   1.6040230e+06   7.7758789e+01
   1.6040410e+06   3.3630371e+01
   1.6040630e+06   3.7170410e+01
   1.6040850e+06   3.3020020e+01
   1.6042400e+06   3.2653809e+01
   1.6042560e+06   3.6499023e+01
   1.6042910e+06   9.2468262e+01
   1.6043020e+06   4.8706055e+01
   1.6043390e+06   3.4423828e+01
   1.6043610e+06   4.3334961e+01
   1.6043710e+06   4.4372559e+01
   1.6044990e+06   3.6010742e+01
   1.6045090e+06   4.2907715e+01
   1.6045630e+06   3.3508301e+01
   1.6045840e+06   8.3679199e+01
   1.6046920e+06   3.8146973e+01
   1.6048440e+06   3.3752441e+01
   1.6048830e+06   8.3557129e+01
   1.6049610e+06   3.4240723e+01
   1.6051740e+06   8.4594727e+01
   1.6052260e+06   5.0170898e+01
   1.6053720e+06   3.4240723e+01
   1.6054480e+06   3.5644531e+01
   1.6056480e+06   3.4118652e+01
   1.6057540e+06   3.6437988e+01
   1.6058350e+06   3.7780762e+01
   1.6059470e+06   3.2836914e+01
   1.6059710e+06   3.2348633e+01
   1.6060680e+06   3.8146973e+01
   1.6062310e+06   4.2724609e+01
   1.6065340e+06   4.3884277e+01
   1.6065450e+06   3.4606934e+01
   1.6069280e+06   4.5532227e+01
   1.6072530e+06   4.0466309e+01
   1.6076760e+06   4.4189453e+01
   1.6080350e+06   5.2673340e+01
   1.6087150e+06   5.4931641e+01
   1.6515020e+06   2.0064697e+03
   1.6515390e+06   4.8767090e+01
   1.6515540e+06   4.1320801e+01
   1.6524420e+06   3.3996582e+01
   1.6525780e+06   1.1950684e+02
   1.6527310e+06   4.3518066e+01
   1.6529050e+06   5.5114746e+01
   1.6529150e+06   5.6396484e+01
   1.6529370e+06   1.2365723e+02
   1.6529860e+06   3.4606934e+01
   1.6530460e+06   3.8818359e+01
   1.6530650e+06   3.6376953e+01
   1.6531300e+06   3.5888672e+01
   1.6531780e+06   9.0576172e+01
   1.6532490e+06   5.4992676e+01
   1.6532850e+06   3.2714844e+01
   1.6533070e+06   9.8571777e+01
   1.6533220e+06   3.7780762e+01
   1.6533520e+06   5.1391602e+01
   1.6534260e+06   3.2897949e+01
   1.6534460e+06   8.6730957e+01
   1.6534750e+06   4.5227051e+01
   1.6535150e+06   4.2663574e+01
   1.6536260e+06   8.8623047e+01
   1.6536550e+06   3.2104492e+01
   1.6536770e+06   6.1950684e+01
   1.6536970e+06   3.9245605e+01
   1.6537180e+06   4.1931152e+01
   1.6537400e+06   3.6254883e+01
   1.6537590e+06   3.5095215e+01
   1.6537800e+06   4.5227051e+01
   1.6537910e+06   3.3142090e+01
   1.6538530e+06   3.5827637e+01
   1.6538700e+06   1.0369873e+02
   1.6539620e+06   3.8024902e+01
   1.6539830e+06   6.7016602e+01
   1.6540060e+06   3.4851074e+01
   1.6540260e+06   4.6630859e+01
   1.6540660e+06   4.2480469e+01
   1.6540970e+06   4.4067383e+01
   1.6541290e+06   4.5837402e+01
   1.6541580e+06   1.0913086e+02
   1.6541790e+06   3.7719727e+01
   1.6542090e+06   3.2592773e+01
   1.6542710e+06   3.2897949e+01
   1.6543280e+06   5.0415039e+01
   1.6543950e+06   4.0283203e+01
   1.6544900e+06   7.1838379e+01
   1.6545370e+06   3.4362793e+01
   1.6546630e+06   4.2053223e+01
   1.6547030e+06   3.8818359e+01
   1.6547740e+06   8.3007813e+01
   1.6548240e+06   3.7536621e+01
   1.6548740e+06   3.4179688e+01
   1.6548860e+06   3.6437988e+01
   1.6549480e+06   3.3020020e+01
   1.6550100e+06   3.3264160e+01
   1.6550700e+06   9.3261719e+01
   1.6551340e+06   3.8635254e+01
   1.6552380e+06   4.3029785e+01
   1.6553210e+06   4.0954590e+01
   1.6553960e+06   3.7353516e+01
   1.6555340e+06   4.4372559e+01
   1.6556470e+06   3.2592773e+01
   1.6557010e+06   6.7626953e+01
   1.6558000e+06   3.4118652e+01
   1.6558870e+06   3.6621094e+01
   1.6560100e+06   3.8696289e+01
   1.6562400e+06   3.2470703e+01
   1.6563080e+06   8.7951660e+01
   1.6568750e+06   4.4616699e+01
   1.6573140e+06   5.1940918e+01
   1.6578480e+06   4.5532227e+01
   1.6584850e+06   5.5053711e+01
   1.6992180e+06   1.1590576e+02
   1.6993040e+06   3.3203125e+01
   1.6993620e+06   3.7719727e+01
   1.6993860e+06   1.0290527e+02
   1.6994230e+06   1.0913086e+02
   1.6994340e+06   5.6274414e+01
   1.6994830e+06   6.4086914e+01
   1.6995290e+06   5.9387207e+01
   1.6995840e+06   3.7231445e+01
   1.6996300e+06   9.3750000e+01
   1.6996810e+06   3.4118652e+01
   1.6997130e+06   1.0589600e+02
   1.6997420e+06   3.9794922e+01
   1.6997850e+06   4.7058105e+01
   1.6998000e+06   4.9377441e+01
   1.6998260e+06   3.6865234e+01
   1.6998570e+06   6.0058594e+01
   1.6999160e+06   3.3264160e+01
   1.6999400e+06   5.8227539e+01
   1.6999600e+06   3.5949707e+01
   1.6999760e+06   8.9843750e+01
   1.7000040e+06   4.2663574e+01
   1.7000210e+06   4.3090820e+01
   1.7000980e+06   4.4494629e+01
   1.7001150e+06   4.4616699e+01
   1.7001320e+06   3.4362793e+01
   1.7001650e+06   3.7475586e+01
   1.7001810e+06   8.0749512e+01
   1.7001960e+06   3.8146973e+01
   1.7002490e+06   4.3640137e+01
   1.7002910e+06   3.4667969e+01
   1.7003060e+06   3.4790039e+01
   1.7003720e+06   4.3518066e+01
   1.7003870e+06   4.2114258e+01
   1.7004060e+06   7.9162598e+01
   1.7004270e+06   4.0771484e+01
   1.7004530e+06   3.5461426e+01
   1.7005550e+06   4.2358398e+01
   1.7005800e+06   3.5583496e+01
   1.7006000e+06   3.4484863e+01
   1.7006340e+06   3.5339355e+01
   1.7006610e+06   8.0322266e+01
   1.7007170e+06   4.2907715e+01
   1.7007570e+06   3.8940430e+01
   1.7008350e+06   3.6071777e+01
   1.7009040e+06   5.3405762e+01
   1.7009170e+06   9.2163086e+01
   1.7009440e+06   3.8757324e+01
   1.7010170e+06   3.2470703e+01
   1.7010390e+06   4.4311523e+01
   1.7011270e+06   8.1176758e+01
   1.7011400e+06   3.7658691e+01
   1.7012720e+06   3.8024902e+01
   1.7013170e+06   3.4362793e+01
   1.7014020e+06   3.4484863e+01
   1.7014390e+06   7.1289063e+01
   1.7014800e+06   3.2287598e+01
   1.7015160e+06   2.0070190e+03
   1.7015270e+06   9.1674805e+01
   1.7015720e+06   4.2175293e+01
   1.7016340e+06   3.3264160e+01
   1.7016580e+06   3.7780762e+01
   1.7016790e+06   3.6254883e+01
   1.7018000e+06   4.1503906e+01
   1.7018450e+06   3.8391113e+01
   1.7018900e+06   3.8635254e+01
   1.7020400e+06   3.2470703e+01
   1.7021090e+06   6.5124512e+01
   1.7021340e+06   4.9133301e+01
   1.7021600e+06   3.3020020e+01
   1.7023340e+06   4.2785645e+01
   1.7024550e+06   7.8552246e+01
   1.7025670e+06   3.2165527e+01
   1.7027770e+06   4.3518066e+01
   1.7028200e+06   3.3630371e+01
   1.7028430e+06   4.6813965e+01
   1.7030550e+06   4.3334961e+01
   1.7033250e+06   3.7292480e+01
   1.7037660e+06   4.8645020e+01
   1.7042270e+06   6.5429688e+01
   1.7394310e+06   4.0222168e+01
   1.7395090e+06   1.2359619e+02
   1.7395590e+06   3.3142090e+01
   1.7395830e+06   1.0638428e+02
   1.7396810e+06   8.7463379e+01
   1.7397380e+06   3.6132813e+01
   1.7398100e+06   3.9916992e+01
   1.7398440e+06   4.8767090e+01
   1.7398790e+06   1.0217285e+02
   1.7398930e+06   4.2480469e+01
   1.7399340e+06   7.7209473e+01
   1.7399510e+06   3.8940430e+01
   1.7399610e+06   7.2631836e+01
   1.7400210e+06   8.1848145e+01
   1.7400990e+06   3.5156250e+01
   1.7401460e+06   4.6813965e+01
   1.7401700e+06   9.6984863e+01
   1.7401970e+06   3.3264160e+01
   1.7402280e+06   3.9550781e+01
   1.7402400e+06   3.5400391e+01
   1.7402710e+06   3.9062500e+01
   1.7402930e+06   3.5095215e+01
   1.7403180e+06   6.2194824e+01
   1.7403570e+06   3.8452148e+01
   1.7403920e+06   3.6315918e+01
   1.7404420e+06   4.8034668e+01
   1.7404570e+06   3.9550781e+01
   1.7404950e+06   1.0870361e+02
   1.7406000e+06   3.8452148e+01
   1.7406110e+06   4.2541504e+01
   1.7407460e+06   4.2968750e+01
   1.7407680e+06   3.8085938e+01
   1.7408340e+06   3.6865234e+01
   1.7408910e+06   5.2551270e+01
   1.7409170e+06   5.7556152e+01
   1.7412310e+06   3.7536621e+01
   1.7412430e+06   3.7475586e+01
   1.7412940e+06   3.5034180e+01
   1.7413130e+06   5.9936523e+01
   1.7414370e+06   3.9855957e+01
   1.7414830e+06   3.4912109e+01
   1.7415740e+06   3.4118652e+01
   1.7415970e+06   6.7687988e+01
   1.7416790e+06   3.4179688e+01
   1.7418870e+06   3.7292480e+01
   1.7420520e+06   5.8471680e+01
   1.7421790e+06   3.9916992e+01
   1.7422680e+06   7.6416016e+01
   1.7423100e+06   3.2897949e+01
   1.7428860e+06   5.8471680e+01
   1.7435390e+06   5.1757813e+01
   1.7441110e+06   6.5551758e+01
   1.7515320e+06   3.9999390e+03
   1.7515650e+06   5.3405762e+01
   1.7515830e+06   3.3264160e+01
   1.7523110e+06   7.6293945e+01
   1.7539260e+06   7.6782227e+01
   1.7543580e+06   3.4179688e+01
   1.7550300e+06   7.6293945e+01
   1.7792000e+06   1.5264893e+02
   1.7796460e+06   8.8989258e+01
   1.7797180e+06   3.3020020e+01
   1.7799540e+06   4.1259766e+01
   1.7799720e+06   4.5532227e+01
   1.7800620e+06   8.4960938e+01
   1.7801950e+06   3.5705566e+01
   1.7803640e+06   8.0688477e+01
   1.7805850e+06   5.5358887e+01
   1.7806010e+06   4.8950195e+01
   1.7806560e+06   4.1198730e+01
   1.7807530e+06   9.6374512e+01
   1.7808110e+06   4.4311523e+01
   1.7808610e+06   5.7250977e+01
   1.7811360e+06   5.4809570e+01
   1.7811490e+06   4.2297363e+01
   1.7813370e+06   4.0344238e+01
   1.7815890e+06   6.8481445e+01
   1.7816520e+06   3.7719727e+01
   1.7819480e+06   5.4992676e+01
   1.7829880e+06   5.9265137e+01
   1.8015440e+06   2.0058594e+03
   1.8015580e+06   6.3415527e+01
   1.8015970e+06   4.5227051e+01
   1.8019280e+06   1.1120605e+02
   1.8025080e+06   3.3081055e+01
   1.8028860e+06   1.1547852e+02
   1.8034950e+06   9.3017578e+01
   1.8037660e+06   3.4606934e+01
   1.8037800e+06   8.0688477e+01
   1.8042460e+06   6.5124512e+01
   1.8052060e+06   6.7321777e+01
   1.8059280e+06   3.2104492e+01
   1.8424900e+06   3.9550781e+01
   1.8426950e+06   1.3555908e+02
   1.8427520e+06   3.2653809e+01
   1.8428570e+06   4.1259766e+01
   1.8428950e+06   1.0528564e+02
   1.8429600e+06   9.3017578e+01
   1.8430480e+06   4.2053223e+01
   1.8430720e+06   3.5583496e+01
   1.8430870e+06   7.5561523e+01
   1.8431960e+06   8.3679199e+01
   1.8432410e+06   4.5349121e+01
   1.8432580e+06   9.6618652e+01
   1.8432770e+06   4.9133301e+01
   1.8433590e+06   3.5705566e+01
   1.8433990e+06   3.2775879e+01
   1.8434650e+06   3.2897949e+01
   1.8435100e+06   5.7983398e+01
   1.8435310e+06   9.7473145e+01
   1.8435600e+06   4.4738770e+01
   1.8435740e+06   5.3344727e+01
   1.8436400e+06   5.1635742e+01
   1.8436610e+06   6.0607910e+01
   1.8436770e+06   6.2744141e+01
   1.8437150e+06   4.3457031e+01
   1.8437680e+06   3.2714844e+01
   1.8438550e+06   3.8085938e+01
   1.8438670e+06   4.0222168e+01
   1.8439170e+06   3.3874512e+01
   1.8439470e+06   3.3142090e+01
   1.8439720e+06   6.1035156e+01
   1.8440120e+06   3.6010742e+01
   1.8440470e+06   3.6865234e+01
   1.8441060e+06   1.1309814e+02
   1.8443170e+06   4.4189453e+01
   1.8443540e+06   3.2531738e+01
   1.8443870e+06   3.5339355e+01
   1.8444060e+06   3.5583496e+01
   1.8445690e+06   3.6254883e+01
   1.8446070e+06   3.7536621e+01
   1.8446630e+06   4.0100098e+01
   1.8447570e+06   3.7414551e+01
   1.8448450e+06   3.3142090e+01
   1.8448940e+06   3.6254883e+01
   1.8449230e+06   3.3081055e+01
   1.8450220e+06   3.9428711e+01
   1.8452090e+06   3.3447266e+01
   1.8453430e+06   3.5949707e+01
   1.8455670e+06   4.5593262e+01
   1.8461400e+06   3.6254883e+01
   1.8463860e+06   4.5593262e+01
   1.8466820e+06   3.2409668e+01
   1.8468400e+06   4.9011230e+01
   1.8471170e+06   4.0649414e+01
   1.8471400e+06   3.4606934e+01
   1.8488440e+06   3.4301758e+01
   1.8496720e+06   3.3996582e+01
   1.8515600e+06   3.9999390e+03
   1.8515930e+06   4.7607422e+01
   1.8516110e+06   4.7180176e+01
   1.8557480e+06   3.2836914e+01
   1.8577710e+06   8.4899902e+01
   1.8590680e+06   3.8024902e+01
   1.8593330e+06   8.7829590e+01
   1.8598450e+06   3.7841797e+01
   1.8601140e+06   3.7841797e+01
   1.9015720e+06   2.0083008e+03
   1.9015860e+06   3.4179688e+01
   1.9016240e+06   4.2602539e+01
   1.9021720e+06   1.1566162e+02
   1.9027990e+06   3.3386230e+01
   1.9029310e+06   7.1472168e+01
   1.9032800e+06   1.0675049e+02
   1.9034980e+06   6.7565918e+01
   1.9037610e+06   7.4279785e+01
   1.9038030e+06   4.0771484e+01
   1.9039330e+06   4.7241211e+01
   1.9040100e+06   8.4960938e+01
   1.9042290e+06   4.8950195e+01
   1.9042940e+06   3.3630371e+01
   1.9044460e+06   3.3691406e+01
   1.9046670e+06   5.8898926e+01
   1.9047420e+06   4.5104980e+01
   1.9048620e+06   3.5217285e+01
   1.9049660e+06   5.4565430e+01
   1.9052250e+06   7.1411133e+01
   1.9054220e+06   3.3203125e+01
   1.9054660e+06   3.4851074e+01
   1.9056980e+06   3.6743164e+01
   1.9057150e+06   5.5664063e+01
   1.9061430e+06   6.3903809e+01
   1.9065320e+06   6.0119629e+01
   1.9515860e+06   2.0071411e+03
   1.9516410e+06   3.2714844e+01
   1.9520540e+06   1.3708496e+02
   1.9527990e+06   1.1517334e+02
   1.9530880e+06   3.6926270e+01
   1.9531180e+06   9.0637207e+01
   1.9531370e+06   4.4738770e+01
   1.9532600e+06   4.1748047e+01
   1.9533980e+06   9.4970703e+01
   1.9536250e+06   5.1086426e+01
   1.9536560e+06   4.1259766e+01
   1.9537160e+06   3.7353516e+01
   1.9537750e+06   5.4931641e+01
   1.9537860e+06   4.7180176e+01
   1.9538100e+06   7.2082520e+01
   1.9539630e+06   5.5053711e+01
   1.9542450e+06   5.2795410e+01
   1.9543520e+06   4.6691895e+01
   1.9543960e+06   3.3752441e+01
   1.9544120e+06   4.8156738e+01
   1.9544360e+06   3.4423828e+01
   1.9547580e+06   7.0739746e+01
   1.9548430e+06   5.0476074e+01
   1.9549730e+06   4.0710449e+01
   1.9552480e+06   4.5043945e+01
   1.9552880e+06   3.8940430e+01
   1.9554840e+06   5.9448242e+01
   1.9564950e+06   6.3659668e+01
   2.0016000e+06   2.0123291e+03
   2.0016520e+06   3.3996582e+01
   2.0019420e+06   1.3116455e+02
   2.0026760e+06   4.3273926e+01
   2.0028100e+06   1.0925293e+02
   2.0028380e+06   3.6560059e+01
   2.0028500e+06   5.1086426e+01
   2.0030700e+06   3.2653809e+01
   2.0031030e+06   1.0357666e+02
   2.0032110e+06   3.7902832e+01
   2.0032390e+06   5.3466797e+01
   2.0033280e+06   1.0968018e+02
   2.0034050e+06   3.3691406e+01
   2.0034970e+06   3.4484863e+01
   2.0035330e+06   5.3771973e+01
   2.0035970e+06   5.0537109e+01
   2.0036780e+06   7.4951172e+01
   2.0037250e+06   3.3508301e+01
   2.0038810e+06   5.0659180e+01
   2.0040460e+06   3.7292480e+01
   2.0040640e+06   3.2836914e+01
   2.0042280e+06   4.7302246e+01
   2.0042560e+06   3.4973145e+01
   2.0043460e+06   4.3579102e+01
   2.0044400e+06   5.5786133e+01
   2.0046170e+06   4.2236328e+01
   2.0048830e+06   4.6142578e+01
   2.0049280e+06   5.5786133e+01
   2.0055100e+06   5.5480957e+01
   2.0059580e+06   5.7189941e+01
   2.0062860e+06   6.8115234e+01
   2.0067880e+06   7.4218750e+01
   2.0384110e+06   3.3630371e+01
   2.0516160e+06   3.9999390e+03
   2.0516280e+06   7.1044922e+01
   2.0517270e+06   1.6241455e+02
   2.0521200e+06   1.0046387e+02
   2.0524130e+06   1.0296631e+02
   2.0526170e+06   1.1425781e+02
   2.0527720e+06   3.9001465e+01
   2.0528770e+06   4.4921875e+01
   2.0529360e+06   9.1918945e+01
   2.0531330e+06   5.6701660e+01
   2.0532510e+06   4.0649414e+01
   2.0532660e+06   5.9631348e+01
   2.0533590e+06   3.2470703e+01
   2.0533920e+06   4.2663574e+01
   2.0534500e+06   5.5908203e+01
   2.0535270e+06   4.5654297e+01
   2.0536100e+06   4.2785645e+01
   2.0536200e+06   3.9794922e+01
   2.0537940e+06   4.3579102e+01
   2.0538790e+06   3.2470703e+01
   2.0539420e+06   3.7353516e+01
   2.0539890e+06   3.6315918e+01
   2.0544010e+06   3.6315918e+01
   2.0544170e+06   3.3508301e+01
   2.0545570e+06   4.4250488e+01
   2.0547070e+06   5.0659180e+01
   2.0550980e+06   3.9916992e+01
   2.0551270e+06   4.9072266e+01
   2.0552460e+06   3.3935547e+01
   2.0554040e+06   3.9245605e+01
   2.0556470e+06   3.9001465e+01
   2.0561390e+06   5.7312012e+01
   2.0575170e+06   3.4240723e+01
   2.0692400e+06   3.2775879e+01
   2.0694870e+06   8.5754395e+01
   2.0697380e+06   3.3569336e+01
   2.0701340e+06   8.8073730e+01
   2.0701940e+06   3.3020020e+01
   2.0712260e+06   3.3996582e+01
   2.1016280e+06   2.0067749e+03
   2.1016420e+06   6.6650391e+01
   2.1016800e+06   3.7170410e+01
   2.1018690e+06   1.5643311e+02
   2.1026930e+06   1.2542725e+02
   2.1030510e+06   8.7524414e+01
   2.1030750e+06   3.4484863e+01
   2.1030980e+06   4.5166016e+01
   2.1032620e+06   7.7209473e+01
   2.1035690e+06   8.9172363e+01
   2.1036700e+06   3.5095215e+01
   2.1037830e+06   7.1166992e+01
   2.1038120e+06   4.6875000e+01
   2.1040080e+06   5.2124023e+01
   2.1042260e+06   5.0415039e+01
   2.1044490e+06   4.0039063e+01
   2.1044910e+06   3.4179688e+01
   2.1046440e+06   6.9335938e+01
   2.1049690e+06   3.3813477e+01
   2.1052120e+06   6.5185547e+01
   2.1055140e+06   3.3386230e+01
   2.1188820e+06   3.2409668e+01
   2.1191090e+06   3.4484863e+01
   2.1194200e+06   1.1566162e+02
   2.1197710e+06   3.8269043e+01
   2.1200680e+06   1.0186768e+02
   2.1207550e+06   3.3386230e+01
   2.1233370e+06   3.6621094e+01
   2.1386360e+06   1.4654541e+02
   2.1456910e+06   3.6682129e+01
   2.1516420e+06   2.0082397e+03
   2.1516940e+06   4.0222168e+01
   2.1598300e+06   1.2792969e+02
   2.1602750e+06   3.4118652e+01
   2.1612800e+06   9.6923828e+01
   2.1627660e+06   3.6010742e+01
   2.1873920e+06   1.1590576e+02
   2.1874790e+06   3.2714844e+01
   2.1879540e+06   1.1535645e+02
   2.1881470e+06   5.8105469e+01
   2.1884000e+06   1.1627197e+02
   2.1886080e+06   9.7900391e+01
   2.1890410e+06   3.5705566e+01
   2.1891390e+06   4.4372559e+01
   2.1892300e+06   9.7717285e+01
   2.1897570e+06   8.7280273e+01
   2.1902520e+06   8.6669922e+01
   2.1903510e+06   3.4851074e+01
   2.1927420e+06   3.2714844e+01
   2.2016560e+06   2.0114136e+03
   2.2016710e+06   3.7048340e+01
   2.2017080e+06   5.5847168e+01
   2.2275860e+06   1.3031006e+02
   2.2285320e+06   1.2701416e+02
   2.2288550e+06   9.7229004e+01
   2.2295630e+06   9.8510742e+01
   2.2298660e+06   3.3142090e+01
   2.2300360e+06   9.2163086e+01
   2.2324250e+06   3.4667969e+01
   2.2353200e+06   3.3813477e+01
   2.2413230e+06   1.2457275e+02
   2.2413640e+06   3.5705566e+01
   2.2514430e+06   1.3092041e+02
   2.2516720e+06   2.0097046e+03
   2.2517220e+06   4.4433594e+01
   2.2532510e+06   3.2470703e+01
   2.2868910e+06   1.3519287e+02
   2.2869150e+06   3.3386230e+01
   2.2869510e+06   3.3081055e+01
   2.2870670e+06   1.1083984e+02
   2.2871330e+06   3.4790039e+01
   2.2871870e+06   5.3833008e+01
   2.2872010e+06   3.3508301e+01
   2.2874110e+06   3.2287598e+01
   2.2874230e+06   1.1322021e+02
   2.2874510e+06   3.7353516e+01
   2.2876130e+06   5.3039551e+01
   2.2876430e+06   8.3129883e+01
   2.2878250e+06   3.2836914e+01
   2.2878570e+06   8.0444336e+01
   2.2878850e+06   5.7189941e+01
   2.2878960e+06   4.2175293e+01
   2.2879250e+06   4.6508789e+01
   2.2880260e+06   9.8999023e+01
   2.2881600e+06   3.2165527e+01
   2.2882510e+06   3.6560059e+01
   2.2883120e+06   3.3447266e+01
   2.2883610e+06   3.8024902e+01
   2.2883950e+06   3.5034180e+01
   2.2884110e+06   3.7902832e+01
   2.2884210e+06   3.9550781e+01
   2.2885290e+06   4.4311523e+01
   2.2885690e+06   9.2529297e+01
   2.2885920e+06   4.8095703e+01
   2.2887500e+06   4.4128418e+01
   2.2887790e+06   3.3386230e+01
   2.2889160e+06   3.2470703e+01
   2.2890200e+06   3.6865234e+01
   2.2890710e+06   3.6621094e+01
   2.2891310e+06   3.5705566e+01
   2.2892530e+06   3.3203125e+01
   2.2892670e+06   4.5776367e+01
   2.2894040e+06   3.6743164e+01
   2.2894860e+06   4.0344238e+01
   2.2900590e+06   3.5705566e+01
   2.2902820e+06   4.6752930e+01
   2.2903340e+06   3.4667969e+01
   2.2903590e+06   3.5644531e+01
   2.2904140e+06   3.2531738e+01
   2.2908070e+06   5.2734375e+01
   2.2913620e+06   5.0842285e+01
   2.2917360e+06   3.6376953e+01
   2.2919220e+06   6.2316895e+01
   2.3016860e+06   3.9999390e+03
   2.3016990e+06   4.9560547e+01
   2.3017180e+06   4.1809082e+01
   2.3028150e+06   7.9711914e+01
   2.3033040e+06   1.0314941e+02
   2.3039720e+06   9.0515137e+01
   2.3191620e+06   9.6862793e+01
   2.3196500e+06   8.2763672e+01
   2.3357510e+06   3.3325195e+01
   2.3516980e+06   2.0137329e+03
   2.3517110e+06   5.1330566e+01
   2.3517310e+06   3.5217285e+01
   2.3520770e+06   1.2451172e+02
   2.3522640e+06   8.3496094e+01
   2.3525490e+06   1.0144043e+02
   2.3528960e+06   1.0198975e+02
   2.3533740e+06   8.5144043e+01
   2.3536260e+06   6.7138672e+01
   2.3538670e+06   4.7119141e+01
   2.3540260e+06   6.3720703e+01
   2.3542330e+06   3.4851074e+01
   2.3546590e+06   8.8378906e+01
   2.3551340e+06   3.3874512e+01
   2.3564050e+06   1.0711670e+02
   2.3980620e+06   1.2573242e+02
   2.3982000e+06   9.5703125e+01
   2.3983090e+06   3.6743164e+01
   2.3986050e+06   1.1022949e+02
   2.3988220e+06   4.1687012e+01
   2.3991450e+06   1.0620117e+02
   2.3993360e+06   3.3935547e+01
   2.3995710e+06   9.5581055e+01
   2.4004730e+06   8.8378906e+01
   2.4006880e+06   5.2917480e+01
   2.4007610e+06   3.4179688e+01
   2.4011290e+06   3.2897949e+01
   2.4017120e+06   2.0094604e+03
   2.4017250e+06   7.0129395e+01
   2.4017630e+06   3.6682129e+01
   2.4020330e+06   8.3068848e+01
   2.4020550e+06   3.3386230e+01
   2.4034210e+06   3.2470703e+01
   2.4159250e+06   1.1181641e+02
   2.4159710e+06   3.6376953e+01
   2.4172690e+06   1.0284424e+02
   2.4212670e+06   3.3691406e+01
   2.4486600e+06   3.5278320e+01
   2.4489420e+06   1.2646484e+02
   2.4495200e+06   3.3874512e+01
   2.4499320e+06   1.0919189e+02
   2.4507440e+06   1.0443115e+02
   2.4510150e+06   1.0986328e+02
   2.4517280e+06   3.9999390e+03
   2.4517390e+06   4.7119141e+01
   2.4517770e+06   4.4616699e+01
   2.4533180e+06   3.2897949e+01
   2.4858690e+06   1.2408447e+02
   2.4861480e+06   1.2750244e+02
   2.4869070e+06   1.3055420e+02
   2.4879410e+06   1.0192871e+02
   2.5217160e+06   3.2409668e+01
   2.5262390e+06   3.2409668e+01
   2.5269430e+06   1.4483643e+02
   2.5272120e+06   1.4642334e+02
   2.5308880e+06   3.4484863e+01
   2.6456830e+06   1.4031982e+02
   2.6460020e+06   1.4160156e+02
   2.6463610e+06   3.2409668e+01
   2.6463870e+06   1.2109375e+02
   2.6464420e+06   4.4433594e+01
   2.6464550e+06   4.8522949e+01
   2.6465230e+06   5.1086426e+01
   2.6465850e+06   1.1352539e+02
   2.6466270e+06   3.4118652e+01
   2.6466470e+06   4.3518066e+01
   2.6466620e+06   4.6325684e+01
   2.6467020e+06   3.4423828e+01
   2.6467240e+06   6.3903809e+01
   2.6467570e+06   1.0400391e+02
   2.6467780e+06   4.6081543e+01
   2.6467960e+06   3.9306641e+01
   2.6468260e+06   4.4555664e+01
   2.6468710e+06   3.3264160e+01
   2.6468860e+06   4.3334961e+01
   2.6468990e+06   3.8330078e+01
   2.6469410e+06   6.8237305e+01
   2.6469540e+06   1.0723877e+02
   2.6469750e+06   4.3579102e+01
   2.6470100e+06   4.0466309e+01
   2.6470420e+06   3.9184570e+01
   2.6470580e+06   3.9306641e+01
   2.6470740e+06   3.2531738e+01
   2.6471050e+06   7.5256348e+01
   2.6471290e+06   3.3386230e+01
   2.6471530e+06   6.7626953e+01
   2.6471790e+06   3.9123535e+01
   2.6472080e+06   3.7475586e+01
   2.6472240e+06   3.9489746e+01
   2.6472580e+06   4.3151855e+01
   2.6472770e+06   4.1809082e+01
   2.6473000e+06   4.0771484e+01
   2.6473350e+06   3.8818359e+01
   2.6473530e+06   7.2448730e+01
   2.6474010e+06   3.2165527e+01
   2.6474350e+06   6.0302734e+01
   2.6474970e+06   3.9123535e+01
   2.6475100e+06   8.0139160e+01
   2.6475950e+06   4.2602539e+01
   2.6476380e+06   3.8146973e+01
   2.6476530e+06   4.2724609e+01
   2.6476860e+06   5.9326172e+01
   2.6477100e+06   3.4606934e+01
   2.6477740e+06   3.7536621e+01
   2.6478200e+06   4.9316406e+01
   2.6478420e+06   3.2104492e+01
   2.6478810e+06   3.3569336e+01
   2.6479330e+06   3.7597656e+01
   2.6480260e+06   3.3813477e+01
   2.6480640e+06   3.2775879e+01
   2.6481670e+06   3.2592773e+01
   2.6482270e+06   3.9123535e+01
   2.6482410e+06   3.9001465e+01
   2.6483180e+06   6.7749023e+01
   2.6483460e+06   4.6081543e+01
   2.6484040e+06   7.0190430e+01
   2.6485730e+06   6.4697266e+01
   2.6485830e+06   6.2805176e+01
   2.6486320e+06   3.4362793e+01
   2.6487470e+06   3.8696289e+01
   2.6487810e+06   3.5705566e+01
   2.6488080e+06   4.8217773e+01
   2.6488200e+06   6.6162109e+01
   2.6488650e+06   3.6621094e+01
   2.6489260e+06   3.7231445e+01
   2.6489770e+06   3.6254883e+01
   2.6490060e+06   3.9794922e+01
   2.6490210e+06   3.4057617e+01
   2.6490350e+06   3.8879395e+01
   2.6491010e+06   3.2897949e+01
   2.6492330e+06   3.2409668e+01
   2.6492650e+06   3.7170410e+01
   2.6493210e+06   6.8603516e+01
   2.6493770e+06   5.0292969e+01
   2.6495770e+06   3.4790039e+01
   2.6496420e+06   6.1889648e+01
   2.6497080e+06   6.5124512e+01
   2.6498920e+06   7.7575684e+01
   2.6500200e+06   4.9011230e+01
   2.6501220e+06   3.4240723e+01
   2.6502000e+06   6.8847656e+01
   2.6502730e+06   3.3142090e+01
   2.6502930e+06   3.4667969e+01
   2.6504280e+06   3.7231445e+01
   2.6506250e+06   8.9843750e+01
   2.6506420e+06   3.2165527e+01
   2.6506740e+06   3.8391113e+01
   2.6512120e+06   6.3293457e+01
   2.6547940e+06   3.7109375e+01
   2.6553670e+06   3.4606934e+01
   2.6623540e+06   3.7414551e+01
   2.7267970e+06   3.2531738e+01
   2.7274670e+06   3.2714844e+01
   2.7277060e+06   1.3165283e+02
   2.7278280e+06   5.0231934e+01
   2.7279050e+06   1.1480713e+02
   2.7279330e+06   3.9306641e+01
   2.7279610e+06   3.5156250e+01
   2.7279760e+06   1.1669922e+02
   2.7280110e+06   4.8278809e+01
   2.7280430e+06   3.5095215e+01
   2.7280590e+06   3.3264160e+01
   2.7280920e+06   3.3691406e+01
   2.7281150e+06   3.2714844e+01
   2.7281530e+06   3.7597656e+01
   2.7281850e+06   3.4057617e+01
   2.7282480e+06   1.2054443e+02
   2.7282790e+06   3.4790039e+01
   2.7282930e+06   3.3142090e+01
   2.7283050e+06   3.4057617e+01
   2.7283280e+06   4.0039063e+01
   2.7283550e+06   5.6030273e+01
   2.7283690e+06   6.5124512e+01
   2.7284580e+06   5.1025391e+01
   2.7285030e+06   5.2185059e+01
   2.7285150e+06   4.9194336e+01
   2.7285400e+06   1.0375977e+02
   2.7285590e+06   4.2358398e+01
   2.7285740e+06   3.3874512e+01
   2.7286100e+06   3.6865234e+01
   2.7286370e+06   4.7424316e+01
   2.7286710e+06   3.5095215e+01
   2.7286870e+06   6.0302734e+01
   2.7287100e+06   3.2592773e+01
   2.7287410e+06   6.7993164e+01
   2.7287560e+06   9.4848633e+01
   2.7287830e+06   3.7658691e+01
   2.7288660e+06   5.3955078e+01
   2.7288880e+06   5.5175781e+01
   2.7289180e+06   3.6621094e+01
   2.7289480e+06   5.3466797e+01
   2.7289620e+06   7.8369141e+01
   2.7289830e+06   3.6621094e+01
   2.7289990e+06   3.6315918e+01
   2.7290720e+06   3.2592773e+01
   2.7291020e+06   3.9123535e+01
   2.7291510e+06   4.0466309e+01
   2.7291700e+06   3.4790039e+01
   2.7291810e+06   3.7841797e+01
   2.7292060e+06   3.8757324e+01
   2.7292640e+06   7.1838379e+01
   2.7293440e+06   4.2602539e+01
   2.7293810e+06   3.9794922e+01
   2.7293940e+06   3.6926270e+01
   2.7294230e+06   4.3640137e+01
   2.7294470e+06   7.9284668e+01
   2.7294640e+06   4.0649414e+01
   2.7295210e+06   3.3630371e+01
   2.7295660e+06   6.0058594e+01
   2.7296300e+06   3.3752441e+01
   2.7297250e+06   4.2053223e+01
   2.7297390e+06   3.4057617e+01
   2.7297570e+06   3.8818359e+01
   2.7297810e+06   8.9294434e+01
   2.7298400e+06   3.4362793e+01
   2.7298760e+06   3.7963867e+01
   2.7300230e+06   3.6621094e+01
   2.7300430e+06   6.8176270e+01
   2.7300630e+06   3.6987305e+01
   2.7301160e+06   4.1198730e+01
   2.7301560e+06   3.2226563e+01
   2.7301990e+06   3.5461426e+01
   2.7303030e+06   6.8542480e+01
   2.7303470e+06   3.3203125e+01
   2.7304520e+06   3.6926270e+01
   2.7305780e+06   3.9367676e+01
   2.7306270e+06   8.0932617e+01
   2.7308040e+06   3.4179688e+01
   2.7308700e+06   3.6071777e+01
   2.7309280e+06   3.5705566e+01
   2.7309990e+06   9.0087891e+01
   2.7312120e+06   3.7109375e+01
   2.7312780e+06   5.4931641e+01
   2.7314090e+06   3.3081055e+01
   2.7315130e+06   3.7231445e+01
   2.7315480e+06   7.8308105e+01
   2.7316190e+06   4.4982910e+01
   2.7319650e+06   7.4157715e+01
   2.7320500e+06   5.9448242e+01
   2.7323940e+06   6.1340332e+01
   2.7326800e+06   5.9387207e+01
   2.7329930e+06   5.1147461e+01
   2.7372500e+06   3.2531738e+01
   2.7446640e+06   3.2165527e+01
   2.7887030e+06   1.1859131e+02
   2.7893920e+06   1.1608887e+02
   2.7897260e+06   1.1584473e+02
   2.7897630e+06   3.3142090e+01
   2.7898430e+06   5.0476074e+01
   2.7898810e+06   3.9550781e+01
   2.7899730e+06   1.1102295e+02
   2.7899860e+06   3.7963867e+01
   2.7901400e+06   4.7912598e+01
   2.7902170e+06   4.8278809e+01
   2.7903150e+06   3.6010742e+01
   2.7903730e+06   9.9548340e+01
   2.7904120e+06   3.2287598e+01
   2.7904590e+06   7.7087402e+01
   2.7904980e+06   3.2287598e+01
   2.7905140e+06   4.1076660e+01
   2.7905670e+06   4.7241211e+01
   2.7906240e+06   4.5715332e+01
   2.7907140e+06   3.7353516e+01
   2.7908020e+06   9.3872070e+01
   2.7908210e+06   3.3386230e+01
   2.7908510e+06   4.2358398e+01
   2.7908690e+06   3.7963867e+01
   2.7908900e+06   3.8818359e+01
   2.7909240e+06   3.7841797e+01
   2.7909980e+06   3.6926270e+01
   2.7910140e+06   5.5847168e+01
   2.7911000e+06   3.5400391e+01
   2.7911130e+06   3.3508301e+01
   2.7912030e+06   6.0852051e+01
   2.7912490e+06   5.3405762e+01
   2.7912650e+06   3.9367676e+01
   2.7913350e+06   1.0308838e+02
   2.7913640e+06   3.4118652e+01
   2.7914020e+06   5.3466797e+01
   2.7914360e+06   3.9123535e+01
   2.7915360e+06   3.4240723e+01
   2.7915550e+06   3.9550781e+01
   2.7915870e+06   3.7780762e+01
   2.7916970e+06   4.9560547e+01
   2.7917270e+06   3.7536621e+01
   2.7917750e+06   4.1564941e+01
   2.7917900e+06   9.0026855e+01
   2.7918140e+06   3.4606934e+01
   2.7919070e+06   3.2836914e+01
   2.7919600e+06   3.8513184e+01
   2.7919930e+06   4.1687012e+01
   2.7920750e+06   3.4118652e+01
   2.7921070e+06   3.2104492e+01
   2.7922280e+06   4.2358398e+01
   2.7922620e+06   3.5034180e+01
   2.7923420e+06   4.7546387e+01
   2.7924230e+06   4.4677734e+01
   2.7924330e+06   3.2348633e+01
   2.7925370e+06   3.3264160e+01
   2.7926400e+06   5.8044434e+01
   2.7927090e+06   4.6936035e+01
   2.7929420e+06   3.7658691e+01
   2.7930090e+06   3.5461426e+01
   2.7931250e+06   3.3752441e+01
   2.7931710e+06   3.4851074e+01
   2.7933340e+06   5.0659180e+01
   2.7935030e+06   3.5461426e+01
   2.7935560e+06   3.4606934e+01
   2.7937190e+06   4.0588379e+01
   2.7940800e+06   4.1809082e+01
   2.7947210e+06   5.7006836e+01
   2.7950790e+06   3.3935547e+01
   2.7951080e+06   5.3771973e+01
   2.7957780e+06   6.2561035e+01
   2.8485650e+06   1.2432861e+02
   2.8502380e+06   1.1175537e+02
   2.8512400e+06   3.6499023e+01
   2.8514420e+06   1.1096191e+02
   2.8514780e+06   4.0222168e+01
   2.8515350e+06   3.8330078e+01
   2.8516460e+06   6.3415527e+01
   2.8516670e+06   8.5937500e+01
   2.8517790e+06   3.4362793e+01
   2.8517950e+06   3.2470703e+01
   2.8518510e+06   3.7109375e+01
   2.8519150e+06   8.9782715e+01
   2.8520220e+06   9.1552734e+01
   2.8520340e+06   5.0842285e+01
   2.8521450e+06   4.4860840e+01
   2.8522060e+06   4.1198730e+01
   2.8522440e+06   3.3752441e+01
   2.8522840e+06   4.0649414e+01
   2.8523170e+06   8.1970215e+01
   2.8524330e+06   1.0162354e+02
   2.8524640e+06   3.5583496e+01
   2.8524980e+06   3.9123535e+01
   2.8525330e+06   5.1879883e+01
   2.8525500e+06   3.2226563e+01
   2.8525830e+06   5.7922363e+01
   2.8527620e+06   3.2958984e+01
   2.8527910e+06   3.3691406e+01
   2.8528110e+06   3.3081055e+01
   2.8528650e+06   3.7048340e+01
   2.8528890e+06   7.9101563e+01
   2.8529150e+06   4.7424316e+01
   2.8529440e+06   3.5949707e+01
   2.8529820e+06   3.2470703e+01
   2.8530210e+06   5.2001953e+01
   2.8530800e+06   3.6437988e+01
   2.8531000e+06   3.9062500e+01
   2.8531230e+06   4.0039063e+01
   2.8533050e+06   4.5227051e+01
   2.8533450e+06   9.5458984e+01
   2.8535290e+06   4.3823242e+01
   2.8540110e+06   4.1748047e+01
   2.8540390e+06   3.3813477e+01
   2.8542910e+06   4.5043945e+01
   2.8548160e+06   3.5339355e+01
   2.8550320e+06   4.2846680e+01
   2.8552160e+06   3.7780762e+01
   2.8554500e+06   3.2104492e+01
   2.8555960e+06   3.2836914e+01
   2.8558230e+06   4.3090820e+01
   2.8561740e+06   4.6386719e+01
   2.8562270e+06   3.5278320e+01
   2.8565520e+06   4.9987793e+01
   2.8568890e+06   4.6691895e+01
   2.8572480e+06   5.5541992e+01
   2.8577950e+06   5.7189941e+01
   2.9125440e+06   1.3104248e+02
   2.9128960e+06   1.1596680e+02
   2.9129640e+06   3.6071777e+01
   2.9130090e+06   5.3955078e+01
   2.9130490e+06   3.4912109e+01
   2.9130640e+06   5.5297852e+01
   2.9132170e+06   9.0087891e+01
   2.9133690e+06   3.2531738e+01
   2.9134370e+06   4.9560547e+01
   2.9135190e+06   1.0491943e+02
   2.9136050e+06   3.9428711e+01
   2.9137240e+06   6.2988281e+01
   2.9137410e+06   4.0405273e+01
   2.9137760e+06   3.4606934e+01
   2.9138190e+06   4.1503906e+01
   2.9138740e+06   7.0617676e+01
   2.9140220e+06   1.0723877e+02
   2.9140420e+06   4.1076660e+01
   2.9141020e+06   7.1166992e+01
   2.9141200e+06   3.5888672e+01
   2.9141610e+06   3.3020020e+01
   2.9142070e+06   3.7292480e+01
   2.9142280e+06   3.7963867e+01
   2.9142510e+06   4.7363281e+01
   2.9142720e+06   4.0771484e+01
   2.9142960e+06   9.0759277e+01
   2.9143780e+06   4.3823242e+01
   2.9144350e+06   3.6437988e+01
   2.9144640e+06   3.4973145e+01
   2.9144750e+06   3.7048340e+01
   2.9145140e+06   3.4301758e+01
   2.9145570e+06   3.3569336e+01
   2.9146250e+06   9.4604492e+01
   2.9146580e+06   4.3334961e+01
   2.9146690e+06   3.5156250e+01
   2.9147480e+06   5.0903320e+01
   2.9148130e+06   5.2856445e+01
   2.9148270e+06   3.4484863e+01
   2.9149640e+06   3.6865234e+01
   2.9150310e+06   3.2714844e+01
   2.9151340e+06   6.1889648e+01
   2.9152240e+06   3.2409668e+01
   2.9152410e+06   3.4057617e+01
   2.9153050e+06   3.5156250e+01
   2.9153460e+06   3.4545898e+01
   2.9153640e+06   3.7292480e+01
   2.9154900e+06   8.5266113e+01
   2.9156600e+06   6.2866211e+01
   2.9158150e+06   3.5034180e+01
   2.9159190e+06   3.6376953e+01
   2.9159920e+06   4.5227051e+01
   2.9161720e+06   4.1442871e+01
   2.9165280e+06   4.0466309e+01
   2.9167170e+06   3.6560059e+01
   2.9170260e+06   5.3894043e+01
   2.9170470e+06   3.2836914e+01
   2.9172430e+06   3.2775879e+01
   2.9174010e+06   5.1635742e+01
   2.9176560e+06   3.6682129e+01
   2.9176940e+06   3.5156250e+01
   2.9177820e+06   3.3569336e+01
   2.9179370e+06   4.8828125e+01
   2.9182930e+06   4.5532227e+01
   2.9185970e+06   4.0771484e+01
   2.9189780e+06   5.2490234e+01
   2.9190110e+06   3.9184570e+01
   2.9195750e+06   5.4443359e+01
