   2.9990000e+06   0.0000000e+00
   1.0400000e+03   2.0042725e+03
   1.9920000e+03   4.3212891e+01
   2.1170000e+03   3.5644531e+01
   2.1840000e+03   3.4729004e+01
   2.4490000e+03   3.5461426e+01
   3.1000000e+03   3.7109375e+01
   3.3380000e+03   4.8828125e+01
   3.3740000e+03   5.3466797e+01
   3.6050000e+03   3.7536621e+01
   3.7760000e+03   3.8513184e+01
   3.8550000e+03   5.2124023e+01
   3.9180000e+03   3.5278320e+01
   4.0090000e+03   3.4301758e+01
   4.1430000e+03   3.6193848e+01
   4.1840000e+03   4.4250488e+01
   4.2550000e+03   3.8818359e+01
   4.3270000e+03   4.0100098e+01
   4.3670000e+03   3.5949707e+01
   4.4120000e+03   4.4738770e+01
   4.8330000e+03   3.6010742e+01
   5.1620000e+03   4.4433594e+01
   5.3920000e+03   4.5410156e+01
   6.6250000e+03   3.9794922e+01
   2.2527000e+04   3.3996582e+01
   3.4080000e+04   4.0039063e+01
   5.1054000e+04   2.0076904e+03
   5.7480000e+04   4.4494629e+01
   5.7568000e+04   3.9245605e+01
   5.7726000e+04   3.9123535e+01
   5.7913000e+04   4.8522949e+01
   5.8098000e+04   3.6315918e+01
   5.8166000e+04   3.6621094e+01
   5.8260000e+04   4.0222168e+01
   5.8341000e+04   4.6447754e+01
   5.8496000e+04   4.1198730e+01
   5.8560000e+04   3.7597656e+01
   5.8649000e+04   3.9855957e+01
   5.8757000e+04   3.4851074e+01
   5.8769000e+04   3.5583496e+01
   5.8847000e+04   3.4545898e+01
   5.9113000e+04   3.4484863e+01
   5.9161000e+04   3.4301758e+01
   5.9221000e+04   3.8024902e+01
   5.9474000e+04   3.7414551e+01
   5.9533000e+04   4.3273926e+01
   5.9675000e+04   3.7414551e+01
   1.0106800e+05   2.0082397e+03
   1.0119100e+05   3.3935547e+01
   1.0374700e+05   3.6865234e+01
   1.0381500e+05   3.8513184e+01
   1.0403900e+05   3.4912109e+01
   1.0410000e+05   3.5034180e+01
   1.0416400e+05   3.4423828e+01
   1.0438800e+05   3.5461426e+01
   1.0465000e+05   3.8635254e+01
   1.0471200e+05   3.7170410e+01
   1.0478100e+05   3.6010742e+01
   1.0484700e+05   3.9245605e+01
   1.0487900e+05   3.5400391e+01
   1.0505300e+05   3.9367676e+01
   1.0509900e+05   3.7109375e+01
   1.0552400e+05   3.4240723e+01
   1.0564800e+05   4.9377441e+01
   1.0574600e+05   4.2480469e+01
   1.0584000e+05   3.4057617e+01
   1.0587700e+05   3.5461426e+01
   1.0593800e+05   3.5278320e+01
   1.0616300e+05   3.5034180e+01
   1.0622500e+05   3.8635254e+01
   1.0653000e+05   3.9123535e+01
   1.5087200e+05   3.4301758e+01
   1.5095100e+05   3.7109375e+01
   1.5108400e+05   3.9999390e+03
   1.5110100e+05   3.4729004e+01
   1.5134800e+05   3.6010742e+01
   1.5137200e+05   3.8146973e+01
   1.5184900e+05   3.8085938e+01
   1.5188200e+05   4.6508789e+01
   1.5213700e+05   3.4057617e+01
   1.5219400e+05   3.3813477e+01
   1.5226800e+05   4.0222168e+01
   1.5229900e+05   3.5278320e+01
   1.5234800e+05   3.8024902e+01
   1.5253100e+05   3.4240723e+01
   1.5261700e+05   4.6508789e+01
   1.5322500e+05   3.8330078e+01
   1.5330000e+05   4.2602539e+01
   1.5364600e+05   3.7536621e+01
   1.7008200e+05   3.8757324e+01
   1.7013300e+05   3.3874512e+01
   1.7030700e+05   4.3457031e+01
   1.7033300e+05   3.7170410e+01
   1.7061800e+05   3.6254883e+01
   1.7063900e+05   3.8879395e+01
   1.7243000e+05   3.6682129e+01
   1.7250400e+05   3.5461426e+01
   1.7284200e+05   3.4545898e+01
   1.7360000e+05   3.5217285e+01
   1.8608400e+05   3.3813477e+01
   1.8646200e+05   3.3813477e+01
   1.8806800e+05   3.4606934e+01
   2.0109800e+05   3.9999390e+03
   2.1825700e+05   3.5339355e+01
   2.1854800e+05   4.0893555e+01
   2.1883800e+05   3.4423828e+01
   2.1892100e+05   3.6254883e+01
   2.1925900e+05   3.4423828e+01
   2.1968200e+05   4.0588379e+01
   2.1983000e+05   3.4912109e+01
   2.2019200e+05   3.9367676e+01
   2.2029200e+05   3.6010742e+01
   2.2040400e+05   3.4179688e+01
   2.2053100e+05   3.6560059e+01
   2.2072900e+05   4.1503906e+01
   2.2091000e+05   3.8635254e+01
   2.2154100e+05   4.4616699e+01
   2.4114300e+05   3.9489746e+01
   2.4131800e+05   3.7353516e+01
   2.4192100e+05   4.1687012e+01
   2.4193300e+05   3.8024902e+01
   2.4220100e+05   3.7353516e+01
   2.4222400e+05   3.9978027e+01
   2.4238900e+05   3.4240723e+01
   2.4243000e+05   3.5766602e+01
   2.4264700e+05   3.5461426e+01
   2.4328500e+05   3.5827637e+01
   2.5111200e+05   3.9999390e+03
   2.6009100e+05   3.8452148e+01
   2.6220000e+05   3.6865234e+01
   2.6385400e+05   3.8330078e+01
   2.7405800e+05   3.5217285e+01
   2.7540300e+05   3.6193848e+01
   2.7822800e+05   3.5339355e+01
   2.8898100e+05   4.2785645e+01
   2.8984100e+05   3.4484863e+01
   2.8987800e+05   3.5888672e+01
   3.0112600e+05   3.9999390e+03
   3.0237200e+05   3.5766602e+01
   3.0293800e+05   3.3874512e+01
   3.0328100e+05   3.3874512e+01
   3.2206400e+05   4.0588379e+01
   3.2232300e+05   3.4301758e+01
   3.2318500e+05   4.3395996e+01
   3.3768400e+05   3.4912109e+01
   3.3984200e+05   3.6743164e+01
   3.4056100e+05   3.5583496e+01
   3.4065500e+05   4.4799805e+01
   3.4357000e+05   3.5644531e+01
   3.5113800e+05   2.0065918e+03
   3.5120900e+05   3.6926270e+01
   3.5189500e+05   3.4545898e+01
   3.5511800e+05   3.4179688e+01
   3.6524900e+05   3.5217285e+01
   3.6696000e+05   3.6437988e+01
   3.8534500e+05   3.6254883e+01
   3.8667100e+05   3.6987305e+01
   3.8674900e+05   3.3996582e+01
   3.8738900e+05   4.2236328e+01
   4.0115400e+05   3.9999390e+03
   4.0642400e+05   3.3996582e+01
   4.1588200e+05   3.6376953e+01
   4.1857500e+05   4.3579102e+01
   4.3165000e+05   3.5156250e+01
   4.3219100e+05   3.8574219e+01
   4.3263100e+05   3.3752441e+01
   4.3288200e+05   3.4118652e+01
   4.3693400e+05   3.4606934e+01
   4.5075200e+05   3.7841797e+01
   4.5087000e+05   3.4057617e+01
   4.5116800e+05   3.9999390e+03
   4.5137600e+05   3.7963867e+01
   4.5196700e+05   3.4790039e+01
   4.5240800e+05   3.5644531e+01
   4.5599600e+05   3.4729004e+01
   4.6485500e+05   3.5339355e+01
   4.6573700e+05   3.5583496e+01
   4.6735100e+05   3.6865234e+01
   4.8086100e+05   3.6499023e+01
   4.9654400e+05   3.6376953e+01
   4.9669700e+05   3.7536621e+01
   4.9876600e+05   3.6560059e+01
   5.0079100e+05   3.6437988e+01
   5.0118200e+05   3.9999390e+03
   5.1304000e+05   3.6315918e+01
   5.3095100e+05   3.5156250e+01
   5.5119600e+05   3.9999390e+03
   5.5120600e+05   4.2541504e+01
   5.5276600e+05   3.8574219e+01
   5.5285600e+05   3.3996582e+01
   5.5314600e+05   4.4189453e+01
   5.5557800e+05   3.5827637e+01
   5.8559500e+05   3.4301758e+01
   5.8594600e+05   3.4790039e+01
   6.0121000e+05   3.9999390e+03
   6.0181200e+05   3.6010742e+01
   6.0194800e+05   3.6010742e+01
   6.0266700e+05   3.6682129e+01
   6.1570200e+05   3.7353516e+01
   6.1639200e+05   3.8024902e+01
   6.4625900e+05   3.4851074e+01
   6.4651600e+05   3.7536621e+01
   6.4689200e+05   3.6499023e+01
   6.4721100e+05   3.5156250e+01
   6.4796300e+05   3.3874512e+01
   6.4833500e+05   3.7048340e+01
   6.5122200e+05   2.0100098e+03
   6.5880100e+05   4.3090820e+01
   6.5960700e+05   3.5766602e+01
   6.5970800e+05   3.6621094e+01
   6.6001700e+05   3.4851074e+01
   6.6028300e+05   3.6926270e+01
   6.6058200e+05   3.5400391e+01
   6.6083000e+05   3.4362793e+01
   6.6347700e+05   3.4790039e+01
   6.8186600e+05   3.7475586e+01
   6.8257900e+05   3.4118652e+01
   6.8293100e+05   3.4362793e+01
   6.8327700e+05   3.8146973e+01
   6.8383500e+05   3.8269043e+01
   7.0123600e+05   2.0115967e+03
   7.0182000e+05   4.9926758e+01
   7.1782000e+05   3.6499023e+01
   7.5035400e+05   3.5888672e+01
   7.5125200e+05   3.9999390e+03
   7.5174700e+05   3.3874512e+01
   7.5190800e+05   3.5156250e+01
   7.5206400e+05   3.3935547e+01
   7.5380500e+05   3.3996582e+01
   7.5417100e+05   3.5278320e+01
   7.6200000e+05   3.6437988e+01
   7.9994900e+05   3.6193848e+01
   8.0126400e+05   2.0147095e+03
   8.0955400e+05   3.8146973e+01
   8.1107200e+05   3.4545898e+01
   8.1137900e+05   3.5034180e+01
   8.5128000e+05   3.9999390e+03
   8.5183800e+05   3.7719727e+01
   8.5397700e+05   3.4118652e+01
   8.5409100e+05   4.0527344e+01
   8.5418000e+05   3.4484863e+01
   8.5426200e+05   3.4240723e+01
   8.5431600e+05   3.5278320e+01
   8.5449300e+05   3.8818359e+01
   8.5461100e+05   3.7536621e+01
   8.5467100e+05   3.8146973e+01
   8.5752400e+05   3.5339355e+01
   9.0129200e+05   2.0087280e+03
   9.0176700e+05   3.3813477e+01
   9.0370200e+05   3.4851074e+01
   9.0373100e+05   3.5644531e+01
   9.0412400e+05   3.3874512e+01
   9.0454200e+05   3.8085938e+01
   9.5130600e+05   2.0095825e+03
   9.5182500e+05   3.8269043e+01
   9.5284000e+05   3.4606934e+01
   9.5412600e+05   3.7597656e+01
   9.5466700e+05   4.0222168e+01
   9.5471200e+05   3.7414551e+01
   9.5531100e+05   3.5461426e+01
   9.5636300e+05   3.6315918e+01
   1.0013220e+06   3.9999390e+03
   1.0013320e+06   3.8452148e+01
   1.0020580e+06   3.8940430e+01
   1.0026850e+06   3.4057617e+01
   1.0030860e+06   3.5400391e+01
   1.0040100e+06   3.6437988e+01
   1.0513360e+06   2.0063477e+03
   1.0520620e+06   3.8391113e+01
   1.0527270e+06   3.6804199e+01
   1.0534130e+06   3.7170410e+01
   1.0537430e+06   3.7414551e+01
   1.0538970e+06   3.4057617e+01
   1.0539510e+06   3.8635254e+01
   1.0545420e+06   3.5766602e+01
   1.0553710e+06   3.5827637e+01
   1.0555670e+06   3.5278320e+01
   1.0692330e+06   3.4179688e+01
   1.1013500e+06   3.9999390e+03
   1.1021300e+06   3.3996582e+01
   1.1027000e+06   4.5471191e+01
   1.1027420e+06   3.8574219e+01
   1.1039750e+06   3.3813477e+01
   1.1043510e+06   3.8513184e+01
   1.1045270e+06   3.5522461e+01
   1.1051130e+06   3.4545898e+01
   1.1055050e+06   4.2968750e+01
   1.1513620e+06   2.0123291e+03
   1.1523800e+06   3.6132813e+01
   1.1911080e+06   3.7414551e+01
   1.1912660e+06   3.4179688e+01
   1.1921030e+06   4.0771484e+01
   1.1921220e+06   3.5949707e+01
   1.1922150e+06   3.5034180e+01
   1.1923630e+06   4.2907715e+01
   1.1924120e+06   3.5705566e+01
   1.1926910e+06   3.4790039e+01
   1.1928060e+06   3.5400391e+01
   1.1928750e+06   3.4301758e+01
   1.1929370e+06   3.8391113e+01
   1.1930600e+06   3.4240723e+01
   1.1931720e+06   3.5644531e+01
   1.1933070e+06   3.4362793e+01
   1.1933570e+06   3.5400391e+01
   1.1935130e+06   3.7719727e+01
   1.1936140e+06   3.3752441e+01
   1.1937600e+06   3.4362793e+01
   1.1938020e+06   3.6010742e+01
   1.1941340e+06   3.8208008e+01
   1.1944170e+06   4.3823242e+01
   1.1945080e+06   3.5644531e+01
   1.1950630e+06   3.5766602e+01
   1.1957120e+06   4.4738770e+01
   1.1963430e+06   3.4912109e+01
   1.2013760e+06   2.0116577e+03
   1.2013890e+06   3.4240723e+01
   1.2277160e+06   3.8940430e+01
   1.2287540e+06   4.3762207e+01
   1.2289840e+06   3.5095215e+01
   1.2295750e+06   3.7719727e+01
   1.2298660e+06   3.7536621e+01
   1.2300410e+06   3.5888672e+01
   1.2513920e+06   3.9999390e+03
   1.2715770e+06   3.4912109e+01
   1.2716950e+06   3.5339355e+01
   1.2719210e+06   3.7231445e+01
   1.2727910e+06   3.4423828e+01
   1.2729850e+06   3.7780762e+01
   1.2730700e+06   3.6071777e+01
   1.2731310e+06   3.3874512e+01
   1.2734060e+06   3.7719727e+01
   1.2734490e+06   3.5217285e+01
   1.2738340e+06   3.7231445e+01
   1.2740710e+06   3.8940430e+01
   1.2741920e+06   3.6560059e+01
   1.2760090e+06   3.6193848e+01
   1.2904040e+06   3.5644531e+01
   1.3014060e+06   3.9999390e+03
   1.3378570e+06   3.4545898e+01
   1.3380770e+06   3.8879395e+01
   1.3381130e+06   3.6437988e+01
   1.3381400e+06   4.4006348e+01
   1.3381850e+06   3.8513184e+01
   1.3382410e+06   3.4057617e+01
   1.3383470e+06   3.8757324e+01
   1.3384040e+06   3.7536621e+01
   1.3385300e+06   3.9855957e+01
   1.3385970e+06   3.4484863e+01
   1.3386750e+06   4.2968750e+01
   1.3387560e+06   4.2480469e+01
   1.3388160e+06   4.7851563e+01
   1.3390120e+06   3.5705566e+01
   1.3390780e+06   3.6987305e+01
   1.3391390e+06   3.4179688e+01
   1.3391730e+06   3.3813477e+01
   1.3392340e+06   3.3935547e+01
   1.3393370e+06   3.4851074e+01
   1.3397130e+06   3.7536621e+01
   1.3398870e+06   4.2663574e+01
   1.3401970e+06   3.3874512e+01
   1.3403320e+06   3.5827637e+01
   1.3405480e+06   3.5583496e+01
   1.3406540e+06   3.3996582e+01
   1.3408970e+06   3.9550781e+01
   1.3410200e+06   3.4729004e+01
   1.3417920e+06   3.4057617e+01
   1.3424950e+06   3.3874512e+01
   1.3467110e+06   3.4362793e+01
   1.3514180e+06   2.0026855e+03
   1.4014340e+06   3.9999390e+03
   1.4514460e+06   2.0100708e+03
   1.4555410e+06   3.5522461e+01
   1.4557360e+06   4.1015625e+01
   1.4557890e+06   3.4423828e+01
   1.4558280e+06   3.6560059e+01
   1.4560070e+06   4.1687012e+01
   1.4560280e+06   4.1076660e+01
   1.4560960e+06   3.5217285e+01
   1.4562100e+06   3.7475586e+01
   1.4562610e+06   3.7048340e+01
   1.4562840e+06   4.4189453e+01
   1.4563660e+06   3.6682129e+01
   1.4565180e+06   3.4057617e+01
   1.4565450e+06   3.3874512e+01
   1.4566120e+06   3.4790039e+01
   1.4567290e+06   4.0405273e+01
   1.4567500e+06   3.5095215e+01
   1.4568270e+06   3.4423828e+01
   1.4568660e+06   4.3579102e+01
   1.4569990e+06   3.5400391e+01
   1.4571420e+06   3.8146973e+01
   1.4572600e+06   5.1025391e+01
   1.4574390e+06   3.4790039e+01
   1.4576830e+06   3.6682129e+01
   1.4593600e+06   3.7902832e+01
   1.5008250e+06   3.7963867e+01
   1.5010210e+06   5.2062988e+01
   1.5011150e+06   4.0466309e+01
   1.5012500e+06   3.7780762e+01
   1.5012910e+06   3.5705566e+01
   1.5013880e+06   4.9255371e+01
   1.5014600e+06   2.0115356e+03
   1.5015170e+06   3.3752441e+01
   1.5015560e+06   4.6630859e+01
   1.5016200e+06   3.6376953e+01
   1.5017320e+06   3.5156250e+01
   1.5017660e+06   3.8513184e+01
   1.5018630e+06   3.5400391e+01
   1.5020370e+06   3.5949707e+01
   1.5022580e+06   3.3813477e+01
   1.5024730e+06   3.8330078e+01
   1.5026740e+06   3.7780762e+01
   1.5030030e+06   3.5583496e+01
   1.5032140e+06   4.0344238e+01
   1.5474010e+06   3.8146973e+01
   1.5484690e+06   3.7658691e+01
   1.5486260e+06   3.9611816e+01
   1.5487740e+06   3.9001465e+01
   1.5488060e+06   3.8635254e+01
   1.5488960e+06   3.3935547e+01
   1.5489450e+06   3.9733887e+01
   1.5489990e+06   3.7414551e+01
   1.5490470e+06   4.2358398e+01
   1.5491210e+06   3.7292480e+01
   1.5492170e+06   4.2968750e+01
   1.5492530e+06   4.0222168e+01
   1.5492990e+06   3.5766602e+01
   1.5494750e+06   3.9367676e+01
   1.5497720e+06   3.7231445e+01
   1.5501590e+06   3.6743164e+01
   1.5502500e+06   4.0527344e+01
   1.5503900e+06   3.7292480e+01
   1.5514760e+06   3.9999390e+03
   1.5514880e+06   4.0283203e+01
   1.6014900e+06   3.9999390e+03
   1.6022280e+06   3.4667969e+01
   1.6031500e+06   3.4790039e+01
   1.6034860e+06   3.9978027e+01
   1.6035710e+06   4.3334961e+01
   1.6036620e+06   4.7241211e+01
   1.6037340e+06   3.6804199e+01
   1.6039420e+06   4.1442871e+01
   1.6039920e+06   3.6865234e+01
   1.6040040e+06   4.2053223e+01
   1.6045300e+06   3.4179688e+01
   1.6045970e+06   4.1687012e+01
   1.6046750e+06   4.3701172e+01
   1.6048570e+06   3.6132813e+01
   1.6051630e+06   3.5522461e+01
   1.6052930e+06   4.8095703e+01
   1.6055820e+06   3.3874512e+01
   1.6062300e+06   3.9306641e+01
   1.6068600e+06   3.5583496e+01
   1.6515020e+06   2.0056763e+03
   1.6529880e+06   3.3874512e+01
   1.6534730e+06   3.5644531e+01
   1.6535590e+06   4.2968750e+01
   1.6537440e+06   4.1259766e+01
   1.6538830e+06   3.7048340e+01
   1.6539020e+06   5.1818848e+01
   1.6539150e+06   3.5888672e+01
   1.6539520e+06   3.4912109e+01
   1.6539780e+06   3.6010742e+01
   1.6540670e+06   4.1931152e+01
   1.6541160e+06   4.4006348e+01
   1.6543410e+06   3.9245605e+01
   1.6543610e+06   3.5095215e+01
   1.6545910e+06   3.9794922e+01
   1.6547990e+06   3.4362793e+01
   1.6548410e+06   3.3752441e+01
   1.6549050e+06   3.7658691e+01
   1.6551920e+06   3.5278320e+01
   1.6552450e+06   4.2724609e+01
   1.6553930e+06   3.9733887e+01
   1.6560570e+06   4.0405273e+01
   1.6563520e+06   3.4973145e+01
   1.6564650e+06   3.5034180e+01
   1.6992690e+06   4.6875000e+01
   1.6994180e+06   3.7902832e+01
   1.6996150e+06   3.9184570e+01
   1.6996820e+06   3.7902832e+01
   1.6997900e+06   4.3273926e+01
   1.6998490e+06   3.5827637e+01
   1.6999770e+06   3.5217285e+01
   1.7000940e+06   3.6743164e+01
   1.7002220e+06   4.0527344e+01
   1.7003140e+06   3.7414551e+01
   1.7004040e+06   3.4362793e+01
   1.7004370e+06   3.4484863e+01
   1.7004640e+06   3.8024902e+01
   1.7007850e+06   3.4423828e+01
   1.7008650e+06   3.3874512e+01
   1.7011020e+06   3.4484863e+01
   1.7015160e+06   2.0069580e+03
   1.7016760e+06   3.4729004e+01
   1.7018090e+06   3.6376953e+01
   1.7020320e+06   3.4790039e+01
   1.7393430e+06   4.9987793e+01
   1.7397980e+06   3.7109375e+01
   1.7398680e+06   3.6132813e+01
   1.7399370e+06   5.0903320e+01
   1.7399500e+06   4.0588379e+01
   1.7400740e+06   4.2114258e+01
   1.7402920e+06   3.6010742e+01
   1.7403520e+06   3.6804199e+01
   1.7403810e+06   3.9001465e+01
   1.7405970e+06   3.5400391e+01
   1.7408110e+06   4.0832520e+01
   1.7420750e+06   4.0893555e+01
   1.7515300e+06   2.0111084e+03
   1.7536120e+06   3.4973145e+01
   1.7538970e+06   3.8940430e+01
   1.7542440e+06   3.9184570e+01
   1.7548110e+06   3.6621094e+01
   1.7799800e+06   3.8024902e+01
   1.7802160e+06   3.7414551e+01
   1.7803550e+06   3.4851074e+01
   1.7803950e+06   4.2724609e+01
   1.7804360e+06   3.4118652e+01
   1.7807710e+06   3.4606934e+01
   1.7808510e+06   3.8635254e+01
   1.7812030e+06   4.0405273e+01
   1.7813180e+06   3.7841797e+01
   1.7814960e+06   3.5705566e+01
   1.7815850e+06   3.4240723e+01
   1.7816300e+06   3.9306641e+01
   1.8015440e+06   2.0083618e+03
   1.8034270e+06   4.1381836e+01
   1.8036250e+06   3.5217285e+01
   1.8042480e+06   3.9916992e+01
   1.8042740e+06   3.7231445e+01
   1.8427200e+06   4.1809082e+01
   1.8427920e+06   3.3996582e+01
   1.8429740e+06   3.6682129e+01
   1.8432720e+06   4.4311523e+01
   1.8435110e+06   3.8330078e+01
   1.8435260e+06   4.6142578e+01
   1.8435910e+06   3.6682129e+01
   1.8437100e+06   4.0161133e+01
   1.8438840e+06   3.4606934e+01
   1.8442000e+06   3.5461426e+01
   1.8445090e+06   3.4790039e+01
   1.8446560e+06   4.0466309e+01
   1.8449270e+06   3.7963867e+01
   1.8515580e+06   2.0073853e+03
   1.8578790e+06   3.4667969e+01
   1.8581100e+06   3.5034180e+01
   1.8591180e+06   3.7170410e+01
   1.8595630e+06   4.6447754e+01
   1.8947660e+06   3.5400391e+01
   1.9015720e+06   2.0061035e+03
   1.9031680e+06   3.8452148e+01
   1.9036280e+06   4.4616699e+01
   1.9036850e+06   3.7109375e+01
   1.9039910e+06   3.8513184e+01
   1.9040720e+06   3.4362793e+01
   1.9042290e+06   3.5461426e+01
   1.9044250e+06   3.7292480e+01
   1.9049300e+06   3.5644531e+01
   1.9052060e+06   3.5522461e+01
   1.9515860e+06   2.0079956e+03
   1.9516510e+06   3.7902832e+01
   1.9522610e+06   3.5278320e+01
   1.9535960e+06   3.5461426e+01
   1.9540450e+06   4.4250488e+01
   1.9541340e+06   3.3935547e+01
   1.9544590e+06   3.3935547e+01
   1.9552310e+06   3.5949707e+01
   1.9553750e+06   4.7729492e+01
   1.9557550e+06   3.4179688e+01
   2.0016000e+06   2.0069580e+03
   2.0016160e+06   3.4851074e+01
   2.0021810e+06   5.0659180e+01
   2.0022960e+06   3.6315918e+01
   2.0028060e+06   3.4301758e+01
   2.0029300e+06   3.6621094e+01
   2.0029610e+06   5.2307129e+01
   2.0029960e+06   3.5217285e+01
   2.0032410e+06   3.5461426e+01
   2.0034520e+06   3.9489746e+01
   2.0036650e+06   4.1137695e+01
   2.0516140e+06   2.0089722e+03
   2.0516260e+06   4.2846680e+01
   2.0522400e+06   3.4729004e+01
   2.0523870e+06   3.5583496e+01
   2.0524950e+06   3.5949707e+01
   2.0527500e+06   3.3996582e+01
   2.0528790e+06   3.4484863e+01
   2.0530690e+06   3.9123535e+01
   2.0531980e+06   4.7058105e+01
   2.0532770e+06   3.5705566e+01
   2.0537100e+06   4.4189453e+01
   2.0537560e+06   3.4484863e+01
   2.0538410e+06   3.4484863e+01
   2.0540560e+06   3.7475586e+01
   2.0545680e+06   3.8452148e+01
   2.0546130e+06   3.5705566e+01
   2.0546580e+06   3.8757324e+01
   2.0548320e+06   3.4240723e+01
   2.0684300e+06   4.2175293e+01
   2.0687690e+06   3.3935547e+01
   2.0694550e+06   3.3752441e+01
   2.0704240e+06   3.4240723e+01
   2.1016300e+06   3.9999390e+03
   2.1024850e+06   3.4912109e+01
   2.1026050e+06   3.8879395e+01
   2.1028490e+06   3.4179688e+01
   2.1028680e+06   3.4545898e+01
   2.1031640e+06   4.3518066e+01
   2.1041890e+06   3.4362793e+01
   2.1054070e+06   3.5034180e+01
   2.1193070e+06   3.3996582e+01
   2.1220330e+06   3.7292480e+01
   2.1308930e+06   3.4484863e+01
   2.1311010e+06   4.8217773e+01
   2.1311570e+06   3.9916992e+01
   2.1333550e+06   3.3935547e+01
   2.1345780e+06   3.6865234e+01
   2.1440160e+06   3.5583496e+01
   2.1451030e+06   4.3151855e+01
   2.1516420e+06   2.0053711e+03
   2.1583200e+06   3.9916992e+01
   2.1872270e+06   3.5827637e+01
   2.1873160e+06   3.4301758e+01
   2.1873790e+06   3.5400391e+01
   2.1880560e+06   3.5644531e+01
   2.1883940e+06   3.4179688e+01
   2.1987260e+06   4.2053223e+01
   2.2016560e+06   2.0056152e+03
   2.2017310e+06   4.9316406e+01
   2.2104830e+06   3.6865234e+01
   2.2113810e+06   3.4362793e+01
   2.2118480e+06   3.6254883e+01
   2.2269320e+06   3.7658691e+01
   2.2275250e+06   3.3813477e+01
   2.2516700e+06   2.0093384e+03
   2.2521000e+06   3.8574219e+01
   2.2529460e+06   3.6499023e+01
   2.2546120e+06   3.6193848e+01
   2.2871360e+06   3.9123535e+01
   2.2873480e+06   3.4545898e+01
   2.2881060e+06   3.7292480e+01
   2.2884800e+06   3.6682129e+01
   2.2891170e+06   3.8269043e+01
   2.3016860e+06   3.9999390e+03
   2.3156470e+06   3.3813477e+01
   2.3173810e+06   3.4118652e+01
   2.3516980e+06   2.0075684e+03
   2.3521480e+06   3.5827637e+01
   2.3523570e+06   3.4484863e+01
   2.3572580e+06   3.7658691e+01
   2.3655270e+06   3.3935547e+01
   2.3692540e+06   3.6010742e+01
   2.3974170e+06   3.5095215e+01
   2.3975250e+06   3.6437988e+01
   2.3994220e+06   3.4423828e+01
   2.4017120e+06   2.0081787e+03
   2.4017800e+06   3.6621094e+01
   2.4148550e+06   3.5400391e+01
   2.4159560e+06   3.4790039e+01
   2.4171760e+06   4.0893555e+01
   2.4178060e+06   3.4912109e+01
   2.4468750e+06   3.7902832e+01
   2.4517260e+06   2.0050659e+03
   2.4852480e+06   4.6447754e+01
   2.4869080e+06   3.3935547e+01
   2.4876830e+06   3.6621094e+01
   2.5267800e+06   3.4667969e+01
   2.5270480e+06   3.4118652e+01
   2.6457680e+06   3.9428711e+01
   2.6458870e+06   4.2297363e+01
   2.6460510e+06   3.6315918e+01
   2.6461540e+06   3.9245605e+01
   2.6461760e+06   3.4362793e+01
   2.6464430e+06   3.4362793e+01
   2.6466720e+06   3.4240723e+01
   2.6468120e+06   3.9855957e+01
   2.6468220e+06   3.8085938e+01
   2.6468660e+06   3.5095215e+01
   2.6469520e+06   3.4545898e+01
   2.6469750e+06   4.2541504e+01
   2.6470200e+06   4.2602539e+01
   2.6470420e+06   3.6437988e+01
   2.6471230e+06   3.7963867e+01
   2.6472060e+06   3.4606934e+01
   2.6472190e+06   5.8288574e+01
   2.6472600e+06   4.2236328e+01
   2.6472720e+06   3.5583496e+01
   2.6473540e+06   4.9438477e+01
   2.6473740e+06   4.4250488e+01
   2.6475180e+06   3.6437988e+01
   2.6475560e+06   3.5278320e+01
   2.6476430e+06   4.0466309e+01
   2.6476960e+06   3.6682129e+01
   2.6477340e+06   3.7170410e+01
   2.6478600e+06   4.1442871e+01
   2.6480260e+06   3.9978027e+01
   2.6480370e+06   3.7170410e+01
   2.6482460e+06   3.7475586e+01
   2.6490290e+06   3.5278320e+01
   2.6491970e+06   3.5217285e+01
   2.6496750e+06   3.7109375e+01
   2.7279460e+06   3.4973145e+01
   2.7281350e+06   4.1320801e+01
   2.7282980e+06   4.9438477e+01
   2.7284580e+06   3.7353516e+01
   2.7285370e+06   3.5888672e+01
   2.7285590e+06   3.7902832e+01
   2.7286370e+06   3.4301758e+01
   2.7286650e+06   4.4189453e+01
   2.7286910e+06   3.5156250e+01
   2.7287190e+06   3.9672852e+01
   2.7288900e+06   4.3212891e+01
   2.7289220e+06   3.8391113e+01
   2.7289780e+06   3.4790039e+01
   2.7291070e+06   3.4362793e+01
   2.7292000e+06   3.6499023e+01
   2.7292890e+06   4.0405273e+01
   2.7293000e+06   3.9489746e+01
   2.7295330e+06   3.3935547e+01
   2.7297290e+06   3.7231445e+01
   2.7297420e+06   3.8024902e+01
   2.7298050e+06   3.5827637e+01
   2.7300030e+06   3.4912109e+01
   2.7301860e+06   3.6682129e+01
   2.7304710e+06   3.3874512e+01
   2.7905460e+06   3.8085938e+01
   2.7905560e+06   3.6193848e+01
   2.7907030e+06   3.6804199e+01
   2.7910500e+06   3.8635254e+01
   2.7912830e+06   3.4790039e+01
   2.7913760e+06   3.5156250e+01
   2.7914100e+06   4.4250488e+01
   2.7914370e+06   3.3813477e+01
   2.7914690e+06   4.1320801e+01
   2.7917090e+06   3.8696289e+01
   2.7918000e+06   3.5156250e+01
   2.7918460e+06   3.5339355e+01
   2.7918970e+06   3.7536621e+01
   2.7920080e+06   3.7109375e+01
   2.7922080e+06   3.3935547e+01
   2.7924280e+06   3.8452148e+01
   2.7941720e+06   3.5217285e+01
   2.7942140e+06   3.4118652e+01
   2.8004340e+06   3.3752441e+01
   2.8520860e+06   3.9245605e+01
   2.8522350e+06   4.2724609e+01
   2.8522900e+06   3.8452148e+01
   2.8523020e+06   3.8024902e+01
   2.8525450e+06   4.6997070e+01
   2.8527480e+06   3.7902832e+01
   2.8528170e+06   3.6376953e+01
   2.8530710e+06   4.1137695e+01
   2.8533640e+06   3.3935547e+01
   2.8535510e+06   3.8513184e+01
   2.8536430e+06   3.5339355e+01
   2.8538020e+06   3.5400391e+01
   2.8539610e+06   3.8757324e+01
   2.8543950e+06   3.6071777e+01
   2.8545190e+06   3.3996582e+01
   2.9134710e+06   4.8278809e+01
   2.9135460e+06   3.6071777e+01
   2.9138050e+06   3.6376953e+01
   2.9138500e+06   4.0527344e+01
   2.9139480e+06   3.7048340e+01
   2.9140790e+06   4.3518066e+01
   2.9141100e+06   4.8095703e+01
   2.9141820e+06   3.8330078e+01
   2.9142270e+06   3.8818359e+01
   2.9144180e+06   3.8513184e+01
   2.9146100e+06   3.4057617e+01
   2.9149300e+06   3.6926270e+01
   2.9151600e+06   4.0039063e+01
   2.9154660e+06   3.4851074e+01
   2.9155090e+06   3.7109375e+01
   2.9162840e+06   3.5339355e+01
   2.9163530e+06   3.5156250e+01
   2.9165290e+06   3.9855957e+01
   2.9167030e+06   3.6071777e+01
   2.9169740e+06   3.4729004e+01
   2.9642150e+06   3.5217285e+01
