   2.9990000e+06   0.0000000e+00
   1.0400000e+03   2.0072021e+03
   1.0520000e+03   3.8208008e+01
   2.7290000e+03   3.4484863e+01
   4.5760000e+03   5.1330566e+01
   4.7430000e+03   6.7626953e+01
   5.6220000e+03   5.9265137e+01
   7.2690000e+03   3.7536621e+01
   3.4522000e+04   3.8940430e+01
   5.1056000e+04   3.9999390e+03
   5.8401000e+04   3.8452148e+01
   5.8505000e+04   7.9833984e+01
   5.8547000e+04   3.8024902e+01
   5.8934000e+04   3.5217285e+01
   5.8984000e+04   3.5644531e+01
   5.9178000e+04   7.4218750e+01
   5.9281000e+04   3.3325195e+01
   5.9742000e+04   6.7077637e+01
   6.0851000e+04   3.3447266e+01
   7.8835000e+04   3.6743164e+01
   9.3880000e+04   3.8940430e+01
   1.0106800e+05   2.0059814e+03
   1.0108000e+05   4.6325684e+01
   1.0115400e+05   3.4606934e+01
   1.0382800e+05   3.6376953e+01
   1.0434100e+05   3.7597656e+01
   1.0464800e+05   5.3161621e+01
   1.0473300e+05   3.7353516e+01
   1.0519900e+05   6.5490723e+01
   1.0540700e+05   3.5705566e+01
   1.0585600e+05   3.9855957e+01
   1.0595500e+05   5.5603027e+01
   1.0597100e+05   3.5766602e+01
   1.0846900e+05   3.6193848e+01
   1.5108400e+05   3.9999390e+03
   1.5141100e+05   4.2663574e+01
   1.5165500e+05   3.3935547e+01
   1.5172900e+05   6.8908691e+01
   1.5174000e+05   3.5339355e+01
   1.5180500e+05   4.0832520e+01
   1.5231100e+05   5.8349609e+01
   1.5522700e+05   3.5766602e+01
   1.7165700e+05   3.3752441e+01
   1.7177000e+05   3.6743164e+01
   1.7342500e+05   3.3569336e+01
   1.8762600e+05   3.8330078e+01
   1.8867000e+05   3.3325195e+01
   1.9326600e+05   3.3752441e+01
   2.0109600e+05   2.0088501e+03
   2.1899300e+05   3.6621094e+01
   2.1968900e+05   3.3874512e+01
   2.2014300e+05   3.4973145e+01
   2.2072800e+05   3.4912109e+01
   2.4217800e+05   3.7170410e+01
   2.4301100e+05   3.4301758e+01
   2.4448300e+05   4.5288086e+01
   2.5111000e+05   2.0030518e+03
   2.6105900e+05   3.4912109e+01
   2.7770500e+05   3.8269043e+01
   3.0112400e+05   2.0093994e+03
   3.0521700e+05   4.0161133e+01
   3.0936300e+05   4.1259766e+01
   3.2261700e+05   4.0466309e+01
   3.5113800e+05   2.0145874e+03
   3.8740100e+05   3.3996582e+01
   3.8984800e+05   3.9489746e+01
   4.0115200e+05   2.0082397e+03
   4.0348400e+05   4.1259766e+01
   4.0531900e+05   3.6010742e+01
   4.1244500e+05   3.3325195e+01
   4.1534200e+05   4.1320801e+01
   4.3298000e+05   4.1503906e+01
   4.3393200e+05   3.4179688e+01
   4.5077300e+05   3.4057617e+01
   4.5116600e+05   2.0067749e+03
   4.5236500e+05   3.7109375e+01
   4.5592500e+05   3.3508301e+01
   4.9802100e+05   3.5644531e+01
   5.0118200e+05   3.9999390e+03
   5.1035000e+05   3.4179688e+01
   5.1398200e+05   3.7109375e+01
   5.3122500e+05   3.8452148e+01
   5.3601600e+05   3.6560059e+01
   5.5119600e+05   3.9999390e+03
   5.5561900e+05   3.4851074e+01
   5.5573800e+05   3.5156250e+01
   5.6983100e+05   3.8940430e+01
   5.8821200e+05   3.4545898e+01
   6.0120800e+05   2.0054932e+03
   6.0122100e+05   4.1015625e+01
   6.0129300e+05   3.4667969e+01
   6.1701200e+05   3.6193848e+01
   6.1809000e+05   3.3264160e+01
   6.4857600e+05   3.8818359e+01
   6.5078600e+05   3.3447266e+01
   6.5122400e+05   3.9999390e+03
   6.5912000e+05   3.8330078e+01
   6.5959700e+05   3.9916992e+01
   6.6004000e+05   3.4606934e+01
   6.6062300e+05   3.5888672e+01
   6.6278200e+05   3.4484863e+01
   7.0123600e+05   2.0076294e+03
   7.0855700e+05   4.7058105e+01
   7.1610600e+05   3.5339355e+01
   7.3944000e+05   3.5034180e+01
   7.4459000e+05   3.6682129e+01
   7.5125000e+05   2.0136108e+03
   7.5226600e+05   3.4301758e+01
   7.7194200e+05   3.6804199e+01
   7.7504000e+05   3.7414551e+01
   7.8498300e+05   3.3813477e+01
   7.9375700e+05   3.5888672e+01
   8.0126400e+05   2.0067139e+03
   8.0127800e+05   3.5766602e+01
   8.0486100e+05   3.7963867e+01
   8.0593600e+05   3.5827637e+01
   8.0814100e+05   3.3508301e+01
   8.0988200e+05   4.3701172e+01
   8.1038400e+05   3.5583496e+01
   8.1123800e+05   3.5034180e+01
   8.1403800e+05   3.6254883e+01
   8.3041400e+05   3.5644531e+01
   8.3448100e+05   3.8574219e+01
   8.4815000e+05   4.4860840e+01
   8.5127800e+05   2.0069580e+03
   8.5440200e+05   3.5644531e+01
   8.5453500e+05   3.6804199e+01
   8.5563500e+05   3.6926270e+01
   8.5609100e+05   3.4301758e+01
   9.0129200e+05   2.0067749e+03
   9.0137900e+05   3.5156250e+01
   9.0229200e+05   3.8940430e+01
   9.0427300e+05   4.4372559e+01
   9.0537000e+05   3.5095215e+01
   9.0632100e+05   3.3935547e+01
   9.0736700e+05   3.9672852e+01
   9.5130800e+05   3.9999390e+03
   9.5131900e+05   3.9794922e+01
   9.5211800e+05   3.8635254e+01
   9.5368900e+05   3.4057617e+01
   9.5432000e+05   3.5217285e+01
   9.5457100e+05   3.4729004e+01
   9.5484300e+05   3.5705566e+01
   9.5544900e+05   3.6071777e+01
   9.5628700e+05   3.4362793e+01
   9.5885000e+05   3.3325195e+01
   9.7713300e+05   3.5888672e+01
   1.0013220e+06   3.9999390e+03
   1.0041410e+06   4.4494629e+01
   1.0047750e+06   3.6865234e+01
   1.0052650e+06   3.3264160e+01
   1.0057940e+06   3.4362793e+01
   1.0069240e+06   3.4118652e+01
   1.0513340e+06   2.0058594e+03
   1.0534980e+06   3.9794922e+01
   1.0540650e+06   3.4057617e+01
   1.0546470e+06   3.7048340e+01
   1.0551570e+06   4.1198730e+01
   1.0557090e+06   3.3264160e+01
   1.0562700e+06   3.9672852e+01
   1.0577920e+06   3.4973145e+01
   1.1013500e+06   3.9999390e+03
   1.1038400e+06   3.5522461e+01
   1.1043360e+06   3.7658691e+01
   1.1048400e+06   7.9406738e+01
   1.1048550e+06   3.6621094e+01
   1.1052540e+06   3.4729004e+01
   1.1054080e+06   3.4118652e+01
   1.1054410e+06   6.5124512e+01
   1.1056660e+06   3.3935547e+01
   1.1058670e+06   3.4667969e+01
   1.1062390e+06   3.4851074e+01
   1.1367850e+06   3.9733887e+01
   1.1513620e+06   2.0083618e+03
   1.1541340e+06   4.0344238e+01
   1.1724070e+06   4.1687012e+01
   1.1782650e+06   3.4851074e+01
   1.1919490e+06   6.3476563e+01
   1.1919860e+06   4.7912598e+01
   1.1921420e+06   3.9306641e+01
   1.1922780e+06   6.1889648e+01
   1.1924460e+06   4.1809082e+01
   1.1961630e+06   3.6621094e+01
   1.1961950e+06   3.3813477e+01
   1.1976840e+06   3.9550781e+01
   1.2013760e+06   2.0122070e+03
   1.2088640e+06   3.7536621e+01
   1.2184500e+06   3.5339355e+01
   1.2261690e+06   4.1931152e+01
   1.2284210e+06   3.9611816e+01
   1.2299040e+06   4.1381836e+01
   1.2513920e+06   2.0043945e+03
   1.2706620e+06   7.3181152e+01
   1.2712100e+06   3.3386230e+01
   1.2726210e+06   3.5217285e+01
   1.2733680e+06   3.6132813e+01
   1.2734060e+06   3.3630371e+01
   1.2753110e+06   3.7658691e+01
   1.3014040e+06   2.0092163e+03
   1.3269230e+06   3.8208008e+01
   1.3370050e+06   8.2885742e+01
   1.3371590e+06   4.0832520e+01
   1.3375360e+06   3.9733887e+01
   1.3378070e+06   6.2377930e+01
   1.3380440e+06   3.7048340e+01
   1.3381470e+06   3.6621094e+01
   1.3382240e+06   6.1157227e+01
   1.3383930e+06   3.4851074e+01
   1.3387770e+06   4.3701172e+01
   1.3390510e+06   3.6071777e+01
   1.3409670e+06   3.4912109e+01
   1.3423600e+06   4.3212891e+01
   1.3514200e+06   3.9999390e+03
   1.3514300e+06   4.5166016e+01
   1.3578440e+06   3.7414551e+01
   1.3607080e+06   4.2846680e+01
   1.3780110e+06   3.5095215e+01
   1.4014320e+06   2.0056763e+03
   1.4014460e+06   3.4240723e+01
   1.4179890e+06   3.5095215e+01
   1.4329880e+06   3.6499023e+01
   1.4467210e+06   4.0283203e+01
   1.4514460e+06   2.0052490e+03
   1.4545610e+06   7.7575684e+01
   1.4549900e+06   7.3120117e+01
   1.4552260e+06   3.7597656e+01
   1.4554490e+06   6.9458008e+01
   1.4555510e+06   4.5593262e+01
   1.4556500e+06   3.5827637e+01
   1.4557300e+06   3.3508301e+01
   1.4558930e+06   4.4860840e+01
   1.4559050e+06   3.8330078e+01
   1.4559430e+06   3.4729004e+01
   1.4566070e+06   3.3386230e+01
   1.4569510e+06   4.4738770e+01
   1.4572700e+06   3.9794922e+01
   1.4579360e+06   3.5156250e+01
   1.4592530e+06   3.3325195e+01
   1.4613010e+06   3.4301758e+01
   1.4785230e+06   3.8696289e+01
   1.4826810e+06   3.9978027e+01
   1.4940040e+06   3.3935547e+01
   1.5000770e+06   7.1350098e+01
   1.5008380e+06   6.5856934e+01
   1.5010600e+06   3.8452148e+01
   1.5013710e+06   5.8898926e+01
   1.5014620e+06   3.9999390e+03
   1.5015120e+06   3.9489746e+01
   1.5015620e+06   3.5217285e+01
   1.5017600e+06   3.4423828e+01
   1.5018460e+06   6.0729980e+01
   1.5018870e+06   3.5583496e+01
   1.5023890e+06   6.7749023e+01
   1.5028740e+06   3.6132813e+01
   1.5029510e+06   3.9794922e+01
   1.5035350e+06   3.4667969e+01
   1.5041710e+06   3.3996582e+01
   1.5164400e+06   3.5949707e+01
   1.5484190e+06   3.4484863e+01
   1.5487370e+06   7.1350098e+01
   1.5487990e+06   4.0222168e+01
   1.5488870e+06   4.3029785e+01
   1.5490230e+06   3.4545898e+01
   1.5490910e+06   7.2998047e+01
   1.5493050e+06   3.5278320e+01
   1.5495050e+06   4.9255371e+01
   1.5497330e+06   3.4179688e+01
   1.5498350e+06   4.2785645e+01
   1.5499870e+06   4.8522949e+01
   1.5505420e+06   3.3996582e+01
   1.5510440e+06   3.6315918e+01
   1.5514170e+06   3.4423828e+01
   1.5514740e+06   2.0050659e+03
   1.5524710e+06   3.5522461e+01
   1.5681500e+06   3.4606934e+01
   1.5728460e+06   3.4851074e+01
   1.6014900e+06   3.9999390e+03
   1.6020270e+06   3.4057617e+01
   1.6036690e+06   6.8847656e+01
   1.6040390e+06   3.4606934e+01
   1.6041570e+06   6.3293457e+01
   1.6041820e+06   4.3273926e+01
   1.6045760e+06   3.4484863e+01
   1.6045940e+06   5.5664063e+01
   1.6048240e+06   3.4179688e+01
   1.6051160e+06   5.9814453e+01
   1.6057870e+06   5.4260254e+01
   1.6059000e+06   3.3874512e+01
   1.6515020e+06   2.0076904e+03
   1.6536850e+06   3.6987305e+01
   1.6539330e+06   3.3630371e+01
   1.6539720e+06   6.9702148e+01
   1.6544120e+06   5.0048828e+01
   1.6544630e+06   3.9062500e+01
   1.6548720e+06   6.9763184e+01
   1.6551220e+06   3.5705566e+01
   1.6557140e+06   3.3264160e+01
   1.6557340e+06   5.2185059e+01
   1.6564390e+06   4.1381836e+01
   1.6575350e+06   3.9978027e+01
   1.6685900e+06   4.4738770e+01
   1.6837590e+06   3.5583496e+01
   1.6865710e+06   3.5522461e+01
   1.6994730e+06   3.8208008e+01
   1.6998530e+06   6.6162109e+01
   1.7006050e+06   3.6254883e+01
   1.7007670e+06   6.8420410e+01
   1.7008330e+06   3.7658691e+01
   1.7015180e+06   3.9999390e+03
   1.7017100e+06   3.7719727e+01
   1.7203530e+06   3.6621094e+01
   1.7216070e+06   3.6315918e+01
   1.7391740e+06   3.7536621e+01
   1.7397200e+06   3.3874512e+01
   1.7398650e+06   3.9733887e+01
   1.7401600e+06   6.7199707e+01
   1.7410550e+06   3.6132813e+01
   1.7416530e+06   3.9062500e+01
   1.7434900e+06   3.4484863e+01
   1.7515320e+06   3.9999390e+03
   1.7550630e+06   3.5888672e+01
   1.7558380e+06   3.8208008e+01
   1.7805160e+06   3.3874512e+01
   1.7812320e+06   4.4677734e+01
   1.7819260e+06   3.4423828e+01
   1.7827910e+06   3.6071777e+01
   1.7840300e+06   3.6987305e+01
   1.7846260e+06   3.3447266e+01
   1.7857810e+06   3.5095215e+01
   1.7907480e+06   3.6621094e+01
   1.7919010e+06   3.4301758e+01
   1.7925080e+06   3.4179688e+01
   1.7936170e+06   3.4729004e+01
   1.7995920e+06   3.5339355e+01
   1.8015440e+06   2.0056763e+03
   1.8041870e+06   4.5227051e+01
   1.8348070e+06   3.6743164e+01
   1.8428150e+06   4.1442871e+01
   1.8433220e+06   7.5805664e+01
   1.8434350e+06   3.4179688e+01
   1.8435730e+06   3.3996582e+01
   1.8439450e+06   4.7363281e+01
   1.8444030e+06   4.0710449e+01
   1.8449480e+06   3.4057617e+01
   1.8515580e+06   2.0106201e+03
   1.8589490e+06   3.3386230e+01
   1.8973350e+06   4.7729492e+01
   1.9015740e+06   3.9999390e+03
   1.9046620e+06   3.3752441e+01
   1.9047510e+06   7.7514648e+01
   1.9049720e+06   3.8757324e+01
   1.9055390e+06   3.6743164e+01
   1.9515880e+06   3.9999390e+03
   1.9538350e+06   4.0832520e+01
   1.9541560e+06   7.2448730e+01
   1.9551410e+06   3.6254883e+01
   1.9566350e+06   3.4790039e+01
   1.9576580e+06   3.6682129e+01
   1.9731290e+06   3.6987305e+01
   2.0016000e+06   2.0072021e+03
   2.0037540e+06   3.3569336e+01
   2.0040700e+06   7.7270508e+01
   2.0041520e+06   3.4484863e+01
   2.0042460e+06   3.7475586e+01
   2.0046960e+06   3.6071777e+01
   2.0516140e+06   2.0087891e+03
   2.0534420e+06   3.8513184e+01
   2.0541400e+06   7.5622559e+01
   2.0541880e+06   4.4555664e+01
   2.0543930e+06   4.0649414e+01
   2.0547250e+06   6.9213867e+01
   2.0548380e+06   3.4362793e+01
   2.0552180e+06   3.4423828e+01
   2.0563760e+06   3.4729004e+01
   2.0573680e+06   3.4729004e+01
   2.0689150e+06   3.3691406e+01
   2.0943290e+06   3.3935547e+01
   2.1016280e+06   2.0071411e+03
   2.1039340e+06   3.9611816e+01
   2.1044380e+06   3.6987305e+01
   2.1055330e+06   3.3447266e+01
   2.1069480e+06   3.3874512e+01
   2.1170690e+06   3.6010742e+01
   2.1194710e+06   3.5644531e+01
   2.1336650e+06   4.8217773e+01
   2.1344560e+06   3.7048340e+01
   2.1367560e+06   3.4729004e+01
   2.1516420e+06   2.0112915e+03
   2.1606810e+06   3.4301758e+01
   2.1616960e+06   3.5949707e+01
   2.1627460e+06   3.7841797e+01
   2.1840140e+06   3.6865234e+01
   2.1890420e+06   3.6071777e+01
   2.1903550e+06   3.9062500e+01
   2.2016560e+06   2.0083008e+03
   2.2016700e+06   3.4423828e+01
   2.2256950e+06   3.4301758e+01
   2.2297170e+06   3.5034180e+01
   2.2451730e+06   3.4606934e+01
   2.2516700e+06   2.0066528e+03
   2.2614930e+06   3.4240723e+01
   2.2772890e+06   3.3874512e+01
   2.2799030e+06   4.1259766e+01
   2.2874050e+06   3.4667969e+01
   2.2878620e+06   4.0710449e+01
   2.2881900e+06   3.5034180e+01
   2.2882680e+06   6.4453125e+01
   2.2887030e+06   3.8085938e+01
   2.2891410e+06   5.9875488e+01
   2.2909040e+06   3.3630371e+01
   2.3016840e+06   2.0090942e+03
   2.3016980e+06   3.3935547e+01
   2.3017620e+06   3.6865234e+01
   2.3052250e+06   3.6743164e+01
   2.3162630e+06   3.4057617e+01
   2.3175620e+06   3.5888672e+01
   2.3429920e+06   3.8208008e+01
   2.3517000e+06   3.9999390e+03
   2.3517110e+06   3.3447266e+01
   2.3535720e+06   3.3874512e+01
   2.3548960e+06   3.4423828e+01
   2.3563880e+06   3.7414551e+01
   2.3578610e+06   3.5034180e+01
   2.3591220e+06   3.4240723e+01
   2.3601170e+06   3.9978027e+01
   2.3736820e+06   3.6682129e+01
   2.3858890e+06   3.7658691e+01
   2.3994360e+06   3.3508301e+01
   2.4017140e+06   3.9999390e+03
   2.4163710e+06   3.4240723e+01
   2.4190370e+06   3.4240723e+01
   2.4348200e+06   3.3691406e+01
   2.4448270e+06   3.3996582e+01
   2.4509770e+06   3.7048340e+01
   2.4517260e+06   2.0077515e+03
   2.4517930e+06   3.6254883e+01
   2.4518140e+06   3.8879395e+01
   2.4709580e+06   3.4362793e+01
   2.5003180e+06   4.2419434e+01
   2.5070370e+06   3.7475586e+01
   2.5284600e+06   4.0649414e+01
   2.5372010e+06   3.3874512e+01
   2.5389110e+06   3.7597656e+01
   2.5464320e+06   3.9184570e+01
   2.5680470e+06   3.5766602e+01
   2.5695080e+06   3.7536621e+01
   2.5938000e+06   3.7170410e+01
   2.6044940e+06   3.4240723e+01
   2.6351400e+06   3.6987305e+01
   2.6469760e+06   3.6743164e+01
   2.6470410e+06   9.0637207e+01
   2.6472230e+06   3.4484863e+01
   2.6472760e+06   6.2683105e+01
   2.6474110e+06   4.3395996e+01
   2.6480320e+06   3.4667969e+01
   2.6481880e+06   3.7841797e+01
   2.6486980e+06   3.5156250e+01
   2.6490590e+06   3.6804199e+01
   2.6500110e+06   4.3640137e+01
   2.6503210e+06   3.4362793e+01
   2.6506480e+06   4.1992188e+01
   2.6510090e+06   5.1391602e+01
   2.6688780e+06   3.3752441e+01
   2.7014820e+06   3.4057617e+01
   2.7035970e+06   3.7597656e+01
   2.7194470e+06   3.4973145e+01
   2.7265710e+06   3.4973145e+01
   2.7268760e+06   7.5439453e+01
   2.7271990e+06   3.6010742e+01
   2.7278370e+06   3.6437988e+01
   2.7281390e+06   5.5480957e+01
   2.7284500e+06   3.9062500e+01
   2.7289340e+06   6.8786621e+01
   2.7293610e+06   4.8706055e+01
   2.7293860e+06   3.3691406e+01
   2.7298450e+06   3.3630371e+01
   2.7298990e+06   5.7678223e+01
   2.7306210e+06   4.5715332e+01
   2.7315790e+06   3.7597656e+01
   2.7326320e+06   3.3325195e+01
   2.7788490e+06   3.4606934e+01
   2.7883100e+06   6.8908691e+01
   2.7884270e+06   3.4851074e+01
   2.7886760e+06   3.4362793e+01
   2.7891610e+06   3.4545898e+01
   2.7892260e+06   7.0617676e+01
   2.7900470e+06   3.3386230e+01
   2.7917750e+06   3.3264160e+01
   2.7918710e+06   3.5095215e+01
   2.7952150e+06   4.2358398e+01
   2.8076740e+06   3.4179688e+01
   2.8243750e+06   3.5095215e+01
   2.8265810e+06   3.3996582e+01
   2.8377790e+06   3.3325195e+01
   2.8465570e+06   3.7475586e+01
   2.8525530e+06   3.9245605e+01
   2.8531360e+06   3.7597656e+01
   2.8553020e+06   3.4545898e+01
   2.9121570e+06   3.8391113e+01
   2.9133010e+06   4.3395996e+01
   2.9147300e+06   7.6110840e+01
   2.9151060e+06   3.8146973e+01
   2.9152260e+06   3.6865234e+01
   2.9154320e+06   7.8979492e+01
   2.9155620e+06   3.4606934e+01
   2.9160620e+06   6.1096191e+01
   2.9161500e+06   4.1687012e+01
   2.9174900e+06   3.4301758e+01
   2.9555130e+06   3.3935547e+01
   2.9584880e+06   3.5156250e+01
   2.9604910e+06   3.5949707e+01
   2.9742420e+06   3.7963867e+01
   2.9788760e+06   3.5766602e+01
