   5.9980000e+06   0.0000000e+00
   1.6000000e+01   4.0100098e+01
   3.4100000e+02   3.6315918e+01
   2.9440000e+03   3.5217285e+01
   2.7222000e+04   3.5522461e+01
   2.7777000e+04   3.5095215e+01
   2.7883000e+04   3.7902832e+01
   2.7945000e+04   4.7058105e+01
   5.2636000e+04   3.6987305e+01
   5.3416000e+04   3.6193848e+01
   5.3701000e+04   3.6621094e+01
   7.3892000e+04   3.5522461e+01
   7.4535000e+04   3.9062500e+01
   8.2139000e+04   4.9499512e+01
   8.2227000e+04   4.2114258e+01
   8.2325000e+04   4.3640137e+01
   8.3820000e+04   3.9611816e+01
   9.7199000e+04   3.5583496e+01
   9.7846000e+04   3.7536621e+01
   1.0097800e+05   3.9611816e+01
   1.0192300e+05   3.6926270e+01
   1.0207100e+05   3.9489746e+01
   1.0216600e+05   4.7668457e+01
   1.0217700e+05   1.2255859e+02
   1.0226600e+05   3.4912109e+01
   1.0230500e+05   1.3513184e+02
   1.0232600e+05   3.9489746e+01
   1.0235100e+05   4.9682617e+01
   1.0238700e+05   3.7902832e+01
   1.0240500e+05   3.8635254e+01
   1.0247700e+05   4.2724609e+01
   1.0252800e+05   8.8073730e+01
   1.0255600e+05   3.7780762e+01
   1.0258000e+05   3.6865234e+01
   1.0261200e+05   4.0649414e+01
   1.0275100e+05   3.7109375e+01
   1.0280500e+05   3.7109375e+01
   1.0284600e+05   4.4616699e+01
   1.0286000e+05   4.3212891e+01
   1.0308800e+05   3.7597656e+01
   1.1093300e+05   3.7719727e+01
   1.1559400e+05   3.5461426e+01
   1.8056300e+05   4.1259766e+01
   2.1549000e+05   3.6010742e+01
   2.1554500e+05   4.3579102e+01
   2.1665500e+05   3.4912109e+01
   2.2974600e+05   3.5888672e+01
   2.4369300e+05   3.5095215e+01
   2.4839800e+05   4.3823242e+01
   2.5804800e+05   3.7414551e+01
   2.5806800e+05   4.7424316e+01
   2.5809200e+05   1.3775635e+02
   2.5812700e+05   5.7556152e+01
   2.5815100e+05   3.8757324e+01
   2.5818900e+05   1.0937500e+02
   2.5822100e+05   5.4931641e+01
   2.5825300e+05   6.0363770e+01
   2.5827700e+05   4.2297363e+01
   2.5831300e+05   5.2978516e+01
   2.5833900e+05   4.4250488e+01
   2.5836500e+05   4.3884277e+01
   2.5837600e+05   5.0170898e+01
   2.5840200e+05   4.5715332e+01
   2.5841300e+05   3.9489746e+01
   2.5842800e+05   3.6926270e+01
   2.5845300e+05   4.1809082e+01
   2.5848200e+05   3.9367676e+01
   2.5849800e+05   4.0283203e+01
   2.5853000e+05   5.6091309e+01
   2.5855300e+05   3.7841797e+01
   2.5858500e+05   3.4729004e+01
   2.5861500e+05   3.4851074e+01
   2.5864300e+05   3.6193848e+01
   2.5869800e+05   4.1442871e+01
   2.5881200e+05   3.5217285e+01
   2.5884300e+05   3.9428711e+01
   2.5885500e+05   3.8574219e+01
   2.5889600e+05   3.6621094e+01
   2.5891700e+05   3.9001465e+01
   2.5900000e+05   4.3823242e+01
   2.5909100e+05   3.5400391e+01
   2.5915800e+05   3.6254883e+01
   2.5919600e+05   3.6010742e+01
   2.5932700e+05   4.9316406e+01
   2.5939300e+05   3.6071777e+01
   2.5948400e+05   3.6987305e+01
   2.5956400e+05   3.7963867e+01
   2.5958000e+05   4.1992188e+01
   2.5979000e+05   4.1442871e+01
   2.5988300e+05   3.6010742e+01
   2.5993400e+05   3.8757324e+01
   2.6001900e+05   4.4616699e+01
   2.6005200e+05   4.1503906e+01
   2.6021600e+05   3.5766602e+01
   2.6028000e+05   4.1625977e+01
   2.6045700e+05   3.5034180e+01
   2.6071600e+05   5.9570313e+01
   2.6106100e+05   3.6560059e+01
   2.6316800e+05   3.6560059e+01
   2.6357300e+05   4.0344238e+01
   2.6752400e+05   3.4729004e+01
   2.6862000e+05   3.8391113e+01
   2.7015900e+05   3.5400391e+01
   3.7196000e+05   3.8696289e+01
   3.8264500e+05   4.2053223e+01
   3.8275700e+05   3.6499023e+01
   3.8277500e+05   3.6926270e+01
   3.9924200e+05   3.7475586e+01
   4.0252400e+05   3.4851074e+01
   4.1261300e+05   3.6193848e+01
   4.1539100e+05   4.4860840e+01
   4.1544800e+05   6.1340332e+01
   4.1545900e+05   1.3647461e+02
   4.1550000e+05   3.7902832e+01
   4.1555500e+05   9.2224121e+01
   4.1558600e+05   3.8818359e+01
   4.1561000e+05   3.9184570e+01
   4.1562300e+05   3.9428711e+01
   4.1565900e+05   4.4921875e+01
   4.1567400e+05   9.1491699e+01
   4.1569200e+05   3.8269043e+01
   4.1570700e+05   4.1076660e+01
   4.1573000e+05   3.5705566e+01
   4.1576200e+05   6.9030762e+01
   4.1580000e+05   4.0344238e+01
   4.1582600e+05   3.7597656e+01
   4.1584100e+05   5.3588867e+01
   4.1586600e+05   3.5217285e+01
   4.1588600e+05   3.7170410e+01
   4.1591800e+05   5.4443359e+01
   4.1593800e+05   4.5227051e+01
   4.1596500e+05   5.3039551e+01
   4.1597700e+05   7.0068359e+01
   4.1601400e+05   5.5786133e+01
   4.1602800e+05   5.2734375e+01
   4.1604800e+05   3.5827637e+01
   4.1606500e+05   3.4973145e+01
   4.1611100e+05   3.6010742e+01
   4.1613700e+05   4.9011230e+01
   4.1617800e+05   4.0710449e+01
   4.1620500e+05   4.6630859e+01
   4.1627700e+05   4.1259766e+01
   4.1631500e+05   4.5227051e+01
   4.1640500e+05   3.6804199e+01
   4.1642300e+05   3.7475586e+01
   4.1654600e+05   4.0100098e+01
   4.1667100e+05   3.9428711e+01
   4.1677300e+05   6.0302734e+01
   4.1696300e+05   3.6499023e+01
   4.1702600e+05   6.7687988e+01
   4.1711100e+05   4.0588379e+01
   4.1730700e+05   8.1665039e+01
   4.1791600e+05   3.4729004e+01
   4.2016400e+05   3.5217285e+01
   4.2146800e+05   3.6071777e+01
   4.3147900e+05   3.7231445e+01
   4.7546700e+05   3.7536621e+01
   4.9338300e+05   3.6682129e+01
   5.0952900e+05   3.5644531e+01
   5.1065900e+05   3.6193848e+01
   5.4169600e+05   3.7841797e+01
   5.4196300e+05   3.6437988e+01
   5.4632000e+05   3.6621094e+01
   5.5346700e+05   3.8757324e+01
   5.6293200e+05   3.4729004e+01
   5.7193100e+05   3.5339355e+01
   5.7344500e+05   3.5278320e+01
   5.8644200e+05   3.7414551e+01
   5.8650900e+05   3.9245605e+01
   5.8668900e+05   3.6560059e+01
   5.8672200e+05   3.9733887e+01
   5.8675400e+05   4.3762207e+01
   5.8678200e+05   1.1639404e+02
   5.8679600e+05   4.5410156e+01
   5.8681800e+05   5.7800293e+01
   5.8683400e+05   3.9367676e+01
   5.8685800e+05   3.6254883e+01
   5.8689500e+05   1.1816406e+02
   5.8691000e+05   3.9123535e+01
   5.8697200e+05   4.5776367e+01
   5.8701200e+05   9.0515137e+01
   5.8704100e+05   6.8298340e+01
   5.8705300e+05   6.4697266e+01
   5.8707400e+05   6.3476563e+01
   5.8710900e+05   3.6254883e+01
   5.8712700e+05   3.6743164e+01
   5.8714700e+05   4.3151855e+01
   5.8716100e+05   7.7636719e+01
   5.8722600e+05   4.8217773e+01
   5.8727100e+05   3.7475586e+01
   5.8729400e+05   5.9143066e+01
   5.8738800e+05   3.5034180e+01
   5.8739900e+05   4.7241211e+01
   5.8744300e+05   3.6743164e+01
   5.8755900e+05   4.9865723e+01
   5.8763000e+05   3.5705566e+01
   5.8781300e+05   4.4677734e+01
   5.8784900e+05   6.6528320e+01
   5.8787100e+05   3.7170410e+01
   5.8788100e+05   3.7170410e+01
   5.8807100e+05   3.7475586e+01
   5.8827200e+05   3.6743164e+01
   5.8828300e+05   9.3078613e+01
   5.8853400e+05   3.5095215e+01
   5.9090200e+05   3.9672852e+01
   6.0097300e+05   3.8757324e+01
   6.0212300e+05   3.7048340e+01
   6.2980200e+05   4.5959473e+01
   6.3055200e+05   3.4729004e+01
   6.3128800e+05   3.6804199e+01
   6.7799200e+05   4.1381836e+01
   6.7933400e+05   3.5827637e+01
   6.7938900e+05   3.8330078e+01
   6.7942500e+05   4.0222168e+01
   6.7945500e+05   4.3518066e+01
   6.7947000e+05   4.4311523e+01
   6.7949000e+05   1.0723877e+02
   6.7951000e+05   4.4616699e+01
   6.7961800e+05   3.6315918e+01
   6.7963000e+05   1.0430908e+02
   6.7965800e+05   3.8024902e+01
   6.7971600e+05   4.1015625e+01
   6.7973200e+05   7.6904297e+01
   6.7979300e+05   4.1198730e+01
   6.7980700e+05   7.9589844e+01
   6.7984000e+05   3.9611816e+01
   6.7987100e+05   3.5095215e+01
   6.7990600e+05   3.5217285e+01
   6.7991700e+05   8.1787109e+01
   6.7993800e+05   4.4860840e+01
   6.7996800e+05   3.5644531e+01
   6.8000600e+05   3.4729004e+01
   6.8002700e+05   3.6071777e+01
   6.8004200e+05   5.8959961e+01
   6.8007600e+05   4.1503906e+01
   6.8011400e+05   4.1870117e+01
   6.8014100e+05   4.4433594e+01
   6.8018900e+05   4.1748047e+01
   6.8020300e+05   3.7414551e+01
   6.8024000e+05   3.7475586e+01
   6.8026000e+05   3.5888672e+01
   6.8031400e+05   3.7597656e+01
   6.8039900e+05   4.5410156e+01
   6.8047000e+05   3.9184570e+01
   6.8051500e+05   3.5888672e+01
   6.8065400e+05   3.6743164e+01
   6.8067600e+05   4.1381836e+01
   6.8075200e+05   5.8776855e+01
   6.8078000e+05   3.6499023e+01
   6.8090600e+05   4.7058105e+01
   6.8093600e+05   3.7841797e+01
   6.8099000e+05   4.7851563e+01
   6.8120400e+05   3.5339355e+01
   6.8314400e+05   3.7231445e+01
   6.8415400e+05   3.5339355e+01
   6.8665300e+05   3.5278320e+01
   6.8744600e+05   3.8330078e+01
   6.8955600e+05   3.7231445e+01
   6.9038300e+05   3.7780762e+01
   7.7765700e+05   3.8208008e+01
   7.7856000e+05   3.6437988e+01
   7.7928100e+05   3.7780762e+01
   7.7986500e+05   3.5278320e+01
   7.8030300e+05   3.7841797e+01
   7.8070200e+05   4.3762207e+01
   7.8072400e+05   3.6987305e+01
   7.8078100e+05   3.8635254e+01
   7.8079300e+05   4.3762207e+01
   7.8081600e+05   1.2402344e+02
   7.8084800e+05   4.1503906e+01
   7.8086000e+05   4.4677734e+01
   7.8088600e+05   4.4921875e+01
   7.8090900e+05   3.6865234e+01
   7.8092000e+05   1.1291504e+02
   7.8094900e+05   3.9428711e+01
   7.8097700e+05   4.5898438e+01
   7.8098800e+05   4.4433594e+01
   7.8101000e+05   3.5583496e+01
   7.8103000e+05   6.1157227e+01
   7.8106200e+05   3.5949707e+01
   7.8108500e+05   4.0161133e+01
   7.8110600e+05   5.9997559e+01
   7.8114000e+05   4.4128418e+01
   7.8117800e+05   4.5898438e+01
   7.8120400e+05   3.8757324e+01
   7.8122800e+05   7.7270508e+01
   7.8124600e+05   4.8339844e+01
   7.8131400e+05   4.3334961e+01
   7.8133200e+05   3.8208008e+01
   7.8137900e+05   7.6110840e+01
   7.8143300e+05   3.5217285e+01
   7.8146100e+05   4.4189453e+01
   7.8149000e+05   3.5217285e+01
   7.8150600e+05   6.5185547e+01
   7.8154700e+05   3.8757324e+01
   7.8155900e+05   3.7963867e+01
   7.8167100e+05   4.5776367e+01
   7.8174900e+05   8.2885742e+01
   7.8180400e+05   3.4790039e+01
   7.8205100e+05   3.5583496e+01
   7.8213000e+05   6.9030762e+01
   7.8228800e+05   3.4790039e+01
   7.8257800e+05   3.6560059e+01
   7.8522300e+05   3.6376953e+01
   7.8936700e+05   4.2297363e+01
   7.8988900e+05   3.4973145e+01
   7.9146600e+05   3.4729004e+01
   7.9421800e+05   3.7048340e+01
   8.2370500e+05   3.6193848e+01
   8.5076900e+05   3.6865234e+01
   8.5131900e+05   3.6376953e+01
   8.6114900e+05   3.6437988e+01
   8.7454500e+05   4.2480469e+01
   8.8735300e+05   3.5156250e+01
   9.0808400e+05   3.5217285e+01
   9.2221200e+05   3.7841797e+01
   9.4015100e+05   3.7414551e+01
   9.4061800e+05   3.5095215e+01
   9.6871100e+05   3.6621094e+01
   1.0050880e+06   3.5217285e+01
   1.0116480e+06   3.5217285e+01
   1.0152350e+06   3.4729004e+01
   1.0177530e+06   3.8940430e+01
   1.0611810e+06   4.4677734e+01
   1.0622410e+06   3.9306641e+01
   1.0622720e+06   5.0598145e+01
   1.0623230e+06   4.5715332e+01
   1.0623400e+06   1.5118408e+02
   1.0623880e+06   5.1086426e+01
   1.0624220e+06   9.2895508e+01
   1.0624730e+06   4.1320801e+01
   1.0624910e+06   4.1137695e+01
   1.0625140e+06   6.6101074e+01
   1.0625310e+06   5.9753418e+01
   1.0625480e+06   3.7231445e+01
   1.0625600e+06   4.2968750e+01
   1.0625820e+06   8.3862305e+01
   1.0626240e+06   4.2358398e+01
   1.0626340e+06   5.5603027e+01
   1.0626510e+06   4.2541504e+01
   1.0626830e+06   4.8645020e+01
   1.0627080e+06   5.8349609e+01
   1.0627360e+06   6.5063477e+01
   1.0627550e+06   5.9570313e+01
   1.0627730e+06   3.8940430e+01
   1.0627980e+06   4.3212891e+01
   1.0628410e+06   4.0954590e+01
   1.0628770e+06   3.8818359e+01
   1.0628970e+06   3.8940430e+01
   1.0629160e+06   4.6569824e+01
   1.0629620e+06   3.6682129e+01
   1.0629760e+06   4.1748047e+01
   1.0630330e+06   4.5227051e+01
   1.0630710e+06   4.2114258e+01
   1.0631490e+06   3.4973145e+01
   1.0631660e+06   4.9072266e+01
   1.0631980e+06   4.1076660e+01
   1.0632680e+06   3.6987305e+01
   1.0633420e+06   4.4860840e+01
   1.0633530e+06   3.6621094e+01
   1.0633920e+06   3.5583496e+01
   1.0635760e+06   3.5400391e+01
   1.0636320e+06   3.8879395e+01
   1.0637950e+06   3.5705566e+01
   1.0638070e+06   4.0039063e+01
   1.0639310e+06   4.1809082e+01
   1.0639910e+06   3.5705566e+01
   1.0642970e+06   6.2683105e+01
   1.0643710e+06   3.6376953e+01
   1.0644550e+06   4.8217773e+01
   1.0644840e+06   3.8146973e+01
   1.0646570e+06   3.5217285e+01
   1.0646860e+06   4.4128418e+01
   1.0648680e+06   3.5278320e+01
   1.0650860e+06   3.5156250e+01
   1.0690780e+06   3.5034180e+01
   1.0704860e+06   3.6499023e+01
   1.0758080e+06   3.4973145e+01
   1.1680000e+06   3.7780762e+01
   1.1921130e+06   3.5156250e+01
   1.1993520e+06   3.7109375e+01
   1.2207560e+06   3.8452148e+01
   1.2227910e+06   3.7841797e+01
   1.2291770e+06   4.0710449e+01
   1.2299260e+06   3.5522461e+01
   1.2322740e+06   3.5278320e+01
   1.2417850e+06   3.8879395e+01
   1.2425850e+06   3.8085938e+01
   1.2426010e+06   4.8767090e+01
   1.2426290e+06   3.5827637e+01
   1.2426530e+06   3.6621094e+01
   1.2426690e+06   1.2561035e+02
   1.2426890e+06   3.8208008e+01
   1.2427250e+06   3.9428711e+01
   1.2427450e+06   8.0566406e+01
   1.2427660e+06   4.1931152e+01
   1.2428010e+06   7.4401855e+01
   1.2428270e+06   4.4372559e+01
   1.2428390e+06   6.2133789e+01
   1.2428600e+06   5.4748535e+01
   1.2428730e+06   3.6010742e+01
   1.2429140e+06   3.6621094e+01
   1.2429330e+06   6.3964844e+01
   1.2429620e+06   4.7119141e+01
   1.2429880e+06   4.3090820e+01
   1.2429990e+06   4.5776367e+01
   1.2430260e+06   4.4250488e+01
   1.2430360e+06   3.5827637e+01
   1.2430570e+06   4.0710449e+01
   1.2430740e+06   4.3457031e+01
   1.2431190e+06   5.2734375e+01
   1.2431310e+06   4.5043945e+01
   1.2431630e+06   3.7597656e+01
   1.2431930e+06   4.8400879e+01
   1.2432680e+06   3.7353516e+01
   1.2432820e+06   4.4433594e+01
   1.2433400e+06   4.0649414e+01
   1.2433840e+06   3.9428711e+01
   1.2434770e+06   4.3151855e+01
   1.2435790e+06   4.0588379e+01
   1.2435930e+06   4.2724609e+01
   1.2436890e+06   3.9978027e+01
   1.2437120e+06   4.0039063e+01
   1.2437580e+06   3.8085938e+01
   1.2439020e+06   4.6447754e+01
   1.2439280e+06   3.5278320e+01
   1.2440210e+06   3.7780762e+01
   1.2441870e+06   3.6926270e+01
   1.2442140e+06   3.8391113e+01
   1.2442260e+06   4.0710449e+01
   1.2443240e+06   3.9123535e+01
   1.2443540e+06   5.7678223e+01
   1.2443830e+06   3.5583496e+01
   1.2444330e+06   3.6254883e+01
   1.2447550e+06   6.9396973e+01
   1.2454500e+06   4.2785645e+01
   1.2471630e+06   4.3090820e+01
   1.2580370e+06   3.7109375e+01
   1.3458530e+06   3.5766602e+01
   1.3465190e+06   3.8391113e+01
   1.3604430e+06   3.5339355e+01
   1.3607460e+06   4.0710449e+01
   1.3677630e+06   3.5278320e+01
   1.3689850e+06   4.6875000e+01
   1.3690220e+06   4.6691895e+01
   1.3690740e+06   4.0710449e+01
   1.3698170e+06   3.8635254e+01
   1.3698930e+06   4.3457031e+01
   1.3699570e+06   4.4372559e+01
   1.3699810e+06   1.2103271e+02
   1.3700220e+06   4.4311523e+01
   1.3700420e+06   3.6193848e+01
   1.3700680e+06   1.0192871e+02
   1.3701010e+06   4.4128418e+01
   1.3701310e+06   4.3029785e+01
   1.3701510e+06   6.1340332e+01
   1.3701720e+06   4.5471191e+01
   1.3702070e+06   1.1102295e+02
   1.3702180e+06   4.7973633e+01
   1.3702590e+06   3.5522461e+01
   1.3702750e+06   3.7048340e+01
   1.3702860e+06   4.7119141e+01
   1.3703550e+06   9.0332031e+01
   1.3703700e+06   4.4738770e+01
   1.3703960e+06   4.0405273e+01
   1.3704740e+06   6.9213867e+01
   1.3705090e+06   4.3395996e+01
   1.3705900e+06   4.1076660e+01
   1.3706270e+06   5.1879883e+01
   1.3707590e+06   3.5095215e+01
   1.3707860e+06   8.4106445e+01
   1.3708950e+06   3.4973145e+01
   1.3709270e+06   3.6926270e+01
   1.3717460e+06   3.5583496e+01
   1.4285250e+06   3.6499023e+01
   1.4346560e+06   3.7963867e+01
   1.4350720e+06   3.5705566e+01
   1.4404800e+06   4.1931152e+01
   1.4406460e+06   3.4729004e+01
   1.4629910e+06   3.4790039e+01
   1.4640440e+06   3.7170410e+01
   1.4660660e+06   3.6437988e+01
   1.4706780e+06   3.8513184e+01
   1.4707050e+06   4.4433594e+01
   1.4707440e+06   4.3334961e+01
   1.4707770e+06   4.2358398e+01
   1.4707910e+06   3.6132813e+01
   1.4708210e+06   3.7170410e+01
   1.4708320e+06   4.1015625e+01
   1.4708630e+06   3.5461426e+01
   1.4708830e+06   3.6987305e+01
   1.4709450e+06   3.5095215e+01
   1.4709670e+06   1.2176514e+02
   1.4710010e+06   3.6499023e+01
   1.4710470e+06   9.0515137e+01
   1.4710600e+06   7.2631836e+01
   1.4710840e+06   5.4382324e+01
   1.4711160e+06   6.4270020e+01
   1.4711300e+06   5.1818848e+01
   1.4711620e+06   4.1992188e+01
   1.4711800e+06   6.0485840e+01
   1.4711900e+06   4.2053223e+01
   1.4712480e+06   7.2753906e+01
   1.4712660e+06   5.6457520e+01
   1.4712830e+06   5.6884766e+01
   1.4713130e+06   5.8471680e+01
   1.4713510e+06   3.4851074e+01
   1.4713730e+06   4.1931152e+01
   1.4713890e+06   4.1015625e+01
   1.4714730e+06   4.8522949e+01
   1.4715330e+06   4.0466309e+01
   1.4715670e+06   3.6254883e+01
   1.4715890e+06   3.9062500e+01
   1.4716680e+06   3.8330078e+01
   1.4717020e+06   3.5278320e+01
   1.4717270e+06   4.8095703e+01
   1.4717660e+06   3.4973145e+01
   1.4717940e+06   3.7597656e+01
   1.4718780e+06   3.4729004e+01
   1.4719020e+06   4.6813965e+01
   1.4719760e+06   3.5766602e+01
   1.4720040e+06   3.5339355e+01
   1.4720480e+06   3.6071777e+01
   1.4721010e+06   3.5949707e+01
   1.4721620e+06   3.5400391e+01
   1.4721810e+06   3.8513184e+01
   1.4723380e+06   3.5156250e+01
   1.4723950e+06   6.3537598e+01
   1.4724480e+06   3.6621094e+01
   1.4726060e+06   5.4687500e+01
   1.4729050e+06   6.8847656e+01
   1.4730320e+06   3.6132813e+01
   1.4778760e+06   3.6010742e+01
   1.4781070e+06   4.0100098e+01
   1.4806720e+06   3.5522461e+01
   1.5749950e+06   3.5339355e+01
   1.5865730e+06   3.5278320e+01
   1.6276850e+06   3.9978027e+01
   1.6483560e+06   3.7597656e+01
   1.6570130e+06   3.7231445e+01
   1.6579990e+06   3.8696289e+01
   1.6601980e+06   3.8513184e+01
   1.6742900e+06   3.7353516e+01
   1.6745130e+06   3.6193848e+01
   1.6794720e+06   3.8208008e+01
   1.6956040e+06   4.3029785e+01
   1.7334290e+06   3.5827637e+01
   1.7352670e+06   3.7597656e+01
   1.7404160e+06   3.8024902e+01
   1.7519710e+06   3.5217285e+01
   1.7632240e+06   3.9428711e+01
   1.7635630e+06   3.5888672e+01
   1.7698690e+06   3.9733887e+01
   1.7849100e+06   3.8269043e+01
   1.8522010e+06   3.6926270e+01
   1.8527230e+06   3.6804199e+01
   1.8527520e+06   3.4729004e+01
   1.8527680e+06   4.1870117e+01
   1.8527940e+06   1.3787842e+02
   1.8528130e+06   5.1391602e+01
   1.8528570e+06   7.9956055e+01
   1.8528990e+06   3.4729004e+01
   1.8529150e+06   3.8391113e+01
   1.8529340e+06   5.7067871e+01
   1.8529450e+06   4.4311523e+01
   1.8529790e+06   3.8452148e+01
   1.8530010e+06   3.8818359e+01
   1.8530360e+06   5.7861328e+01
   1.8530800e+06   6.1828613e+01
   1.8531120e+06   4.0893555e+01
   1.8531330e+06   5.2612305e+01
   1.8531470e+06   3.9611816e+01
   1.8532240e+06   3.6499023e+01
   1.8532520e+06   3.6437988e+01
   1.8532780e+06   3.8635254e+01
   1.8533050e+06   3.6682129e+01
   1.8533810e+06   4.0710449e+01
   1.8534200e+06   3.8452148e+01
   1.8534530e+06   4.7180176e+01
   1.8534890e+06   3.8024902e+01
   1.8535360e+06   3.6987305e+01
   1.8536470e+06   3.5278320e+01
   1.8538420e+06   5.2307129e+01
   1.8539500e+06   4.8828125e+01
   1.8539920e+06   4.2053223e+01
   1.8540700e+06   4.9865723e+01
   1.8540910e+06   4.7485352e+01
   1.8541610e+06   4.4006348e+01
   1.8541930e+06   3.8696289e+01
   1.8544500e+06   3.6315918e+01
   1.8545650e+06   3.9672852e+01
   1.8546680e+06   3.7597656e+01
   1.8548120e+06   5.2612305e+01
   1.8552230e+06   4.0344238e+01
   1.8552620e+06   6.4453125e+01
   1.8557350e+06   3.5705566e+01
   1.8563650e+06   3.5522461e+01
   1.8565020e+06   3.5095215e+01
   1.8675060e+06   3.5949707e+01
   1.9348990e+06   4.1625977e+01
   1.9355380e+06   3.7414551e+01
   1.9356180e+06   3.5156250e+01
   1.9487090e+06   3.4729004e+01
   1.9495200e+06   3.7902832e+01
   1.9496920e+06   3.5522461e+01
   1.9500240e+06   4.5471191e+01
   1.9631680e+06   3.7719727e+01
   1.9645110e+06   3.8574219e+01
   1.9677890e+06   3.5034180e+01
   1.9764520e+06   3.7841797e+01
   1.9819830e+06   3.5827637e+01
   1.9834780e+06   3.6499023e+01
   1.9834990e+06   4.0649414e+01
   1.9835270e+06   4.6447754e+01
   1.9835520e+06   1.1627197e+02
   1.9836110e+06   4.3823242e+01
   1.9836400e+06   4.3945313e+01
   1.9836710e+06   9.8266602e+01
   1.9837020e+06   3.8024902e+01
   1.9837250e+06   5.3161621e+01
   1.9837420e+06   8.2519531e+01
   1.9837550e+06   4.7668457e+01
   1.9837810e+06   3.4912109e+01
   1.9838130e+06   6.9580078e+01
   1.9838450e+06   3.7719727e+01
   1.9838720e+06   4.7485352e+01
   1.9838900e+06   5.8471680e+01
   1.9839200e+06   3.9611816e+01
   1.9839450e+06   4.6325684e+01
   1.9839730e+06   3.7597656e+01
   1.9840050e+06   4.0222168e+01
   1.9840270e+06   4.8034668e+01
   1.9840560e+06   3.9184570e+01
   1.9840840e+06   5.2551270e+01
   1.9840970e+06   4.1931152e+01
   1.9841250e+06   4.1076660e+01
   1.9841440e+06   3.4729004e+01
   1.9841750e+06   3.6865234e+01
   1.9841910e+06   3.5461426e+01
   1.9842410e+06   3.9184570e+01
   1.9842630e+06   3.7963867e+01
   1.9842980e+06   3.7414551e+01
   1.9843240e+06   3.7109375e+01
   1.9843890e+06   4.2785645e+01
   1.9844100e+06   4.4311523e+01
   1.9845120e+06   3.8330078e+01
   1.9845930e+06   5.1940918e+01
   1.9846750e+06   3.9672852e+01
   1.9847010e+06   5.4748535e+01
   1.9847850e+06   3.5217285e+01
   1.9848700e+06   4.8095703e+01
   1.9849030e+06   4.0893555e+01
   1.9850560e+06   3.7536621e+01
   1.9852570e+06   5.9143066e+01
   1.9854970e+06   6.5856934e+01
   1.9856210e+06   4.1870117e+01
   1.9857180e+06   3.8696289e+01
   1.9857740e+06   3.8085938e+01
   2.0250870e+06   3.5156250e+01
   2.0547230e+06   3.6010742e+01
   2.0557040e+06   4.0283203e+01
   2.0572680e+06   3.4973145e+01
   2.0742390e+06   3.5156250e+01
   2.0833810e+06   3.4851074e+01
   2.0887350e+06   3.7231445e+01
   2.0887640e+06   4.4616699e+01
   2.0901970e+06   4.5349121e+01
   2.0902680e+06   3.5888672e+01
   2.0903330e+06   3.4790039e+01
   2.0903750e+06   4.1625977e+01
   2.0903880e+06   4.3640137e+01
   2.0904110e+06   3.8330078e+01
   2.0904620e+06   4.7180176e+01
   2.0905080e+06   4.3579102e+01
   2.0905370e+06   9.9731445e+01
   2.0905700e+06   4.1870117e+01
   2.0905820e+06   5.2917480e+01
   2.0906140e+06   5.2368164e+01
   2.0906430e+06   3.9672852e+01
   2.0906570e+06   3.9184570e+01
   2.0906870e+06   3.7536621e+01
   2.0907090e+06   3.9367676e+01
   2.0907210e+06   4.6264648e+01
   2.0907550e+06   3.5888672e+01
   2.0907780e+06   3.7963867e+01
   2.0908330e+06   4.6020508e+01
   2.0908490e+06   4.0161133e+01
   2.0908810e+06   3.5888672e+01
   2.0909090e+06   3.5949707e+01
   2.0909300e+06   3.6499023e+01
   2.0909480e+06   4.1503906e+01
   2.0909670e+06   5.1757813e+01
   2.0909960e+06   3.5095215e+01
   2.0910570e+06   5.7312012e+01
   2.0910860e+06   4.3212891e+01
   2.0911290e+06   3.5766602e+01
   2.0911690e+06   5.9509277e+01
   2.0911960e+06   4.0222168e+01
   2.0912620e+06   3.9062500e+01
   2.0913560e+06   3.6132813e+01
   2.0914520e+06   3.4851074e+01
   2.0916360e+06   5.5541992e+01
   2.0916590e+06   3.7353516e+01
   2.0919730e+06   6.1706543e+01
   2.0925310e+06   4.4067383e+01
   2.0960580e+06   3.6071777e+01
   2.0961320e+06   3.4729004e+01
   2.1000400e+06   3.5278320e+01
   2.1068690e+06   3.5339355e+01
   2.1741420e+06   3.6010742e+01
   2.1901990e+06   3.5583496e+01
   2.1915010e+06   3.5400391e+01
   2.1947690e+06   3.6926270e+01
   2.1954570e+06   3.6193848e+01
   2.2193170e+06   3.7353516e+01
   2.2317620e+06   3.6682129e+01
   2.2502980e+06   5.6091309e+01
   2.2503150e+06   3.6376953e+01
   2.2503350e+06   4.8889160e+01
   2.2503500e+06   5.5786133e+01
   2.2504050e+06   9.8205566e+01
   2.2504250e+06   5.9204102e+01
   2.2504520e+06   4.0588379e+01
   2.2504670e+06   7.4401855e+01
   2.2505070e+06   4.4067383e+01
   2.2505200e+06   3.5095215e+01
   2.2505340e+06   4.7668457e+01
   2.2505520e+06   4.8400879e+01
   2.2505890e+06   5.4687500e+01
   2.2506080e+06   5.4687500e+01
   2.2506240e+06   4.9682617e+01
   2.2506660e+06   3.6560059e+01
   2.2507250e+06   3.6193848e+01
   2.2507720e+06   3.5217285e+01
   2.2508150e+06   4.0710449e+01
   2.2508540e+06   3.6071777e+01
   2.2508870e+06   5.9936523e+01
   2.2509170e+06   4.9377441e+01
   2.2509620e+06   3.4973145e+01
   2.2509920e+06   3.6560059e+01
   2.2510590e+06   4.2358398e+01
   2.2510800e+06   3.8513184e+01
   2.2511760e+06   3.7658691e+01
   2.2511880e+06   4.1259766e+01
   2.2512850e+06   3.6499023e+01
   2.2512960e+06   4.6142578e+01
   2.2513900e+06   4.1992188e+01
   2.2515030e+06   3.8208008e+01
   2.2515240e+06   4.4006348e+01
   2.2515750e+06   3.7597656e+01
   2.2516150e+06   3.8574219e+01
   2.2516260e+06   4.4433594e+01
   2.2517620e+06   3.9001465e+01
   2.2518070e+06   3.8574219e+01
   2.2519530e+06   3.6865234e+01
   2.2520520e+06   4.9987793e+01
   2.2522340e+06   3.7170410e+01
   2.2522950e+06   3.9245605e+01
   2.2523980e+06   3.8818359e+01
   2.2526520e+06   5.8349609e+01
   2.2572050e+06   3.8757324e+01
   2.2584800e+06   3.4790039e+01
   2.2684690e+06   3.4912109e+01
   2.3512730e+06   3.7475586e+01
   2.3593870e+06   3.4851074e+01
   2.3595050e+06   3.4851074e+01
   2.3741870e+06   3.6010742e+01
   2.3749190e+06   4.0893555e+01
   2.3776000e+06   3.7353516e+01
   2.4055240e+06   3.9550781e+01
   2.4377850e+06   3.6560059e+01
   2.4473300e+06   4.8400879e+01
   2.4473970e+06   3.6010742e+01
   2.4482540e+06   3.5888672e+01
   2.4593410e+06   3.5034180e+01
   2.4618920e+06   3.6193848e+01
   2.4705470e+06   4.3823242e+01
   2.4705770e+06   3.7048340e+01
   2.4706180e+06   4.4128418e+01
   2.4707130e+06   4.0649414e+01
   2.4711450e+06   3.9978027e+01
   2.4711830e+06   4.2846680e+01
   2.4711930e+06   1.3854980e+02
   2.4712700e+06   1.1444092e+02
   2.4712840e+06   3.8513184e+01
   2.4713530e+06   3.4912109e+01
   2.4713790e+06   8.5937500e+01
   2.4713890e+06   4.7424316e+01
   2.4714910e+06   3.6254883e+01
   2.4715390e+06   3.7292480e+01
   2.4716350e+06   7.7941895e+01
   2.4716530e+06   3.5522461e+01
   2.4717340e+06   3.9123535e+01
   2.4718060e+06   4.4006348e+01
   2.4719510e+06   9.2651367e+01
   2.4722440e+06   3.6315918e+01
   2.4726200e+06   3.5827637e+01
   2.5075390e+06   4.1320801e+01
   2.5417950e+06   3.8879395e+01
   2.5419480e+06   3.8940430e+01
   2.5422510e+06   4.0344238e+01
   2.5581750e+06   3.7231445e+01
   2.5951030e+06   3.7292480e+01
   2.6191270e+06   3.8696289e+01
   2.6191420e+06   3.4851074e+01
   2.6198020e+06   3.6193848e+01
   2.6198390e+06   4.1320801e+01
   2.6198580e+06   4.9682617e+01
   2.6198820e+06   3.7414551e+01
   2.6199240e+06   3.8330078e+01
   2.6199480e+06   8.2824707e+01
   2.6199760e+06   4.3457031e+01
   2.6199890e+06   5.0598145e+01
   2.6200810e+06   1.0089111e+02
   2.6201080e+06   3.8330078e+01
   2.6201580e+06   3.5461426e+01
   2.6201870e+06   6.1828613e+01
   2.6203110e+06   3.5339355e+01
   2.6203460e+06   3.6865234e+01
   2.6204100e+06   3.4851074e+01
   2.6204520e+06   3.6499023e+01
   2.6207150e+06   4.2968750e+01
   2.6302390e+06   3.6560059e+01
   2.7159810e+06   4.0405273e+01
   2.7337850e+06   3.6499023e+01
   2.7483710e+06   5.0109863e+01
   2.7484250e+06   3.4912109e+01
   2.7484420e+06   4.2358398e+01
   2.7484860e+06   1.1444092e+02
   2.7485240e+06   4.1015625e+01
   2.7485450e+06   5.5358887e+01
   2.7485660e+06   1.0504150e+02
   2.7485920e+06   3.7231445e+01
   2.7486220e+06   4.5593262e+01
   2.7486580e+06   8.6547852e+01
   2.7486960e+06   4.2541504e+01
   2.7487320e+06   5.9814453e+01
   2.7487720e+06   4.5837402e+01
   2.7488030e+06   4.7058105e+01
   2.7488320e+06   4.3518066e+01
   2.7488540e+06   3.8696289e+01
   2.7488700e+06   3.6743164e+01
   2.7489010e+06   6.4636230e+01
   2.7489300e+06   3.6071777e+01
   2.7489420e+06   3.5827637e+01
   2.7489760e+06   3.9611816e+01
   2.7489960e+06   4.6752930e+01
   2.7490840e+06   3.7597656e+01
   2.7491130e+06   4.4128418e+01
   2.7491560e+06   3.7170410e+01
   2.7491770e+06   3.6621094e+01
   2.7491990e+06   4.0893555e+01
   2.7492150e+06   3.9733887e+01
   2.7492490e+06   3.6071777e+01
   2.7492760e+06   4.4128418e+01
   2.7493040e+06   3.5827637e+01
   2.7493690e+06   3.8146973e+01
   2.7494090e+06   3.6499023e+01
   2.7494200e+06   3.9245605e+01
   2.7495260e+06   5.8593750e+01
   2.7495600e+06   4.7363281e+01
   2.7496130e+06   4.2541504e+01
   2.7497400e+06   3.9672852e+01
   2.7498470e+06   4.4006348e+01
   2.7498720e+06   3.7597656e+01
   2.7502130e+06   4.7729492e+01
   2.7503080e+06   3.8574219e+01
   2.7505300e+06   3.5888672e+01
   2.7507160e+06   4.2175293e+01
   2.7508610e+06   3.6499023e+01
   2.7509810e+06   4.1076660e+01
   2.7552270e+06   3.5766602e+01
   2.7574890e+06   3.4790039e+01
   2.7878930e+06   3.6804199e+01
   2.8248150e+06   3.5827637e+01
   2.8268190e+06   3.4790039e+01
   2.8268350e+06   3.6560059e+01
   2.8268630e+06   1.2097168e+02
   2.8269040e+06   3.6499023e+01
   2.8270290e+06   3.5095215e+01
   2.8281990e+06   4.2968750e+01
   2.8323770e+06   3.6804199e+01
   2.8687310e+06   3.5095215e+01
   2.8692120e+06   3.6193848e+01
   2.8730200e+06   3.4729004e+01
   2.8774580e+06   3.8635254e+01
   2.8774730e+06   4.0771484e+01
   2.8780080e+06   4.2053223e+01
   2.8789210e+06   3.7536621e+01
   2.8796530e+06   3.7780762e+01
   2.8797080e+06   3.7658691e+01
   2.8797750e+06   4.1931152e+01
   2.8803960e+06   4.4738770e+01
   2.8804060e+06   1.0424805e+02
   2.8804600e+06   4.3579102e+01
   2.8804920e+06   5.3405762e+01
   2.8805040e+06   1.1077881e+02
   2.8805560e+06   5.6457520e+01
   2.8806510e+06   6.5124512e+01
   2.8807020e+06   3.9550781e+01
   2.8807600e+06   5.1208496e+01
   2.8807760e+06   3.6071777e+01
   2.8807900e+06   6.3415527e+01
   2.8808570e+06   4.0649414e+01
   2.8808740e+06   4.4799805e+01
   2.8809310e+06   6.2500000e+01
   2.8809500e+06   3.8208008e+01
   2.8809840e+06   3.8635254e+01
   2.8810060e+06   4.1015625e+01
   2.8810370e+06   5.3344727e+01
   2.8810740e+06   3.6621094e+01
   2.8811400e+06   4.0039063e+01
   2.8812580e+06   3.7292480e+01
   2.8813480e+06   8.5388184e+01
   2.8814470e+06   4.8645020e+01
   2.8819020e+06   3.7963867e+01
   2.8849830e+06   3.6437988e+01
   2.8889840e+06   3.4790039e+01
   2.9143600e+06   3.5034180e+01
   2.9143980e+06   5.3161621e+01
   2.9148080e+06   3.4851074e+01
   2.9551290e+06   3.5827637e+01
   2.9707250e+06   5.1025391e+01
   2.9707510e+06   4.2053223e+01
   2.9707640e+06   1.2707520e+02
   2.9707980e+06   3.8452148e+01
   2.9708260e+06   8.3618164e+01
   2.9708720e+06   4.5471191e+01
   2.9709150e+06   6.0119629e+01
   2.9709370e+06   4.0405273e+01
   2.9709540e+06   4.4921875e+01
   2.9709770e+06   4.6386719e+01
   2.9710310e+06   4.6813965e+01
   2.9710620e+06   4.1015625e+01
   2.9711010e+06   4.8278809e+01
   2.9711180e+06   4.4311523e+01
   2.9711360e+06   5.4016113e+01
   2.9711530e+06   3.7170410e+01
   2.9711840e+06   5.6762695e+01
   2.9712000e+06   3.7048340e+01
   2.9712460e+06   3.8452148e+01
   2.9713000e+06   3.9489746e+01
   2.9713320e+06   5.2734375e+01
   2.9713600e+06   4.7729492e+01
   2.9713770e+06   3.8452148e+01
   2.9713970e+06   3.7109375e+01
   2.9715860e+06   3.6254883e+01
   2.9716690e+06   4.8706055e+01
   2.9717160e+06   3.7170410e+01
   2.9717890e+06   4.1259766e+01
   2.9718330e+06   4.1320801e+01
   2.9719170e+06   3.6071777e+01
   2.9719340e+06   3.9428711e+01
   2.9720000e+06   4.3457031e+01
   2.9720330e+06   3.5827637e+01
   2.9720570e+06   4.6203613e+01
   2.9720850e+06   3.6560059e+01
   2.9721310e+06   5.6335449e+01
   2.9721600e+06   3.6682129e+01
   2.9722370e+06   4.7790527e+01
   2.9722750e+06   3.8818359e+01
   2.9724110e+06   3.5644531e+01
   2.9726650e+06   4.5593262e+01
   2.9729170e+06   3.6376953e+01
   2.9730390e+06   3.7048340e+01
   2.9730830e+06   6.6223145e+01
   2.9733230e+06   4.1320801e+01
   2.9737960e+06   3.6132813e+01
   2.9752910e+06   3.9611816e+01
   2.9757320e+06   3.5827637e+01
   3.0577190e+06   3.4729004e+01
   3.0621460e+06   3.5095215e+01
   3.0761080e+06   3.9794922e+01
   3.0763370e+06   3.7414551e+01
   3.0764610e+06   3.6010742e+01
   3.0934590e+06   3.5400391e+01
   3.0935060e+06   3.6071777e+01
   3.0941110e+06   3.5156250e+01
   3.0944180e+06   4.6264648e+01
   3.0946490e+06   4.0466309e+01
   3.0949480e+06   4.4250488e+01
   3.0949680e+06   1.3531494e+02
   3.0949970e+06   4.2236328e+01
   3.0950070e+06   3.6804199e+01
   3.0950610e+06   9.7351074e+01
   3.0950760e+06   4.5898438e+01
   3.0951050e+06   3.9978027e+01
   3.0951650e+06   3.5339355e+01
   3.0951790e+06   8.9477539e+01
   3.0952080e+06   3.5949707e+01
   3.0952250e+06   3.4912109e+01
   3.0953090e+06   6.6955566e+01
   3.0953260e+06   3.9550781e+01
   3.0953620e+06   4.5715332e+01
   3.0953950e+06   6.2377930e+01
   3.0954580e+06   3.6315918e+01
   3.0954770e+06   3.9794922e+01
   3.0955670e+06   7.7941895e+01
   3.0955940e+06   4.1320801e+01
   3.0956830e+06   4.1076660e+01
   3.0957330e+06   3.5034180e+01
   3.0958370e+06   5.0659180e+01
   3.0958860e+06   3.8085938e+01
   3.0959870e+06   3.5400391e+01
   3.0960310e+06   3.6437988e+01
   3.1032690e+06   3.8696289e+01
   3.1146800e+06   3.8879395e+01
   3.1341550e+06   5.1269531e+01
   3.1342070e+06   3.4667969e+01
   3.1343190e+06   4.7302246e+01
   3.1345800e+06   3.9489746e+01
   3.1345940e+06   3.8757324e+01
   3.1346430e+06   1.4331055e+02
   3.1346640e+06   3.9489746e+01
   3.1346940e+06   3.6010742e+01
   3.1347420e+06   3.5400391e+01
   3.1347720e+06   4.1320801e+01
   3.1348040e+06   8.9660645e+01
   3.1350160e+06   3.5583496e+01
   3.1537510e+06   4.0710449e+01
   3.1537610e+06   3.8269043e+01
   3.1549080e+06   3.5278320e+01
   3.1788500e+06   3.5278320e+01
   3.1788680e+06   3.7292480e+01
   3.1788900e+06   3.6071777e+01
   3.1865170e+06   3.5278320e+01
   3.1921040e+06   3.5034180e+01
   3.1921450e+06   3.8940430e+01
   3.1933290e+06   3.7780762e+01
   3.1934960e+06   4.0832520e+01
   3.1936460e+06   3.6010742e+01
   3.1939700e+06   3.7780762e+01
   3.1939870e+06   4.1381836e+01
   3.1940340e+06   3.6743164e+01
   3.1940620e+06   1.1285400e+02
   3.1940930e+06   4.8217773e+01
   3.1941110e+06   3.9062500e+01
   3.1941670e+06   1.0296631e+02
   3.1941970e+06   4.8522949e+01
   3.1942160e+06   4.2175293e+01
   3.1942300e+06   3.9794922e+01
   3.1942700e+06   3.9916992e+01
   3.1943010e+06   7.9040527e+01
   3.1943200e+06   3.8208008e+01
   3.1943400e+06   3.5644531e+01
   3.1944290e+06   7.3181152e+01
   3.1944540e+06   3.6987305e+01
   3.1945220e+06   3.5583496e+01
   3.1945340e+06   3.4912109e+01
   3.1945670e+06   9.9670410e+01
   3.1946120e+06   4.2419434e+01
   3.1946940e+06   3.6254883e+01
   3.1947320e+06   3.7780762e+01
   3.1948070e+06   3.9916992e+01
   3.1948370e+06   3.6132813e+01
   3.1948760e+06   3.5034180e+01
   3.1949570e+06   6.8481445e+01
   3.1949990e+06   3.4545898e+01
   3.1951280e+06   3.4851074e+01
   3.1954620e+06   3.6865234e+01
   3.2016720e+06   3.4545898e+01
   3.2876150e+06   4.6752930e+01
   3.2876630e+06   3.8085938e+01
   3.2878580e+06   3.6376953e+01
   3.2880190e+06   3.4729004e+01
   3.2880620e+06   4.0771484e+01
   3.2881300e+06   1.1145020e+02
   3.2881600e+06   4.4067383e+01
   3.2881710e+06   3.6743164e+01
   3.2882120e+06   3.7475586e+01
   3.2882370e+06   1.0003662e+02
   3.2882680e+06   3.5156250e+01
   3.2883030e+06   8.8623047e+01
   3.2883190e+06   4.0527344e+01
   3.2883570e+06   3.8085938e+01
   3.2883770e+06   7.2326660e+01
   3.2884070e+06   4.9621582e+01
   3.2884190e+06   3.8574219e+01
   3.2884660e+06   5.5969238e+01
   3.2884970e+06   3.6865234e+01
   3.2885880e+06   5.2124023e+01
   3.2886160e+06   5.6396484e+01
   3.2886370e+06   4.1992188e+01
   3.2886690e+06   3.6010742e+01
   3.2886930e+06   3.7475586e+01
   3.2887330e+06   5.7312012e+01
   3.2887430e+06   4.9499512e+01
   3.2887810e+06   3.6926270e+01
   3.2888480e+06   3.8391113e+01
   3.2888800e+06   4.2724609e+01
   3.2890560e+06   6.1035156e+01
   3.2890860e+06   3.7414551e+01
   3.2891710e+06   3.7719727e+01
   3.2892670e+06   6.5490723e+01
   3.2892770e+06   3.7048340e+01
   3.2893280e+06   3.5339355e+01
   3.2894680e+06   3.6987305e+01
   3.2896060e+06   3.5339355e+01
   3.2944180e+06   4.1076660e+01
   3.3049670e+06   4.1931152e+01
   3.3051510e+06   3.7841797e+01
   3.3277740e+06   3.4729004e+01
   3.3507910e+06   3.5095215e+01
   3.3803840e+06   3.8146973e+01
   3.3804900e+06   3.4729004e+01
   3.3809550e+06   3.7902832e+01
   3.3809840e+06   4.7607422e+01
   3.3810130e+06   1.4996338e+02
   3.3810590e+06   3.7658691e+01
   3.3810770e+06   8.4533691e+01
   3.3811090e+06   4.5104980e+01
   3.3811310e+06   4.0344238e+01
   3.3811670e+06   8.5815430e+01
   3.3812090e+06   3.6926270e+01
   3.3812360e+06   4.1259766e+01
   3.3812530e+06   6.6894531e+01
   3.3813150e+06   3.6071777e+01
   3.3813380e+06   4.3884277e+01
   3.3813960e+06   3.7231445e+01
   3.3814080e+06   7.8979492e+01
   3.3814370e+06   4.2663574e+01
   3.3814580e+06   4.5349121e+01
   3.3814960e+06   4.4006348e+01
   3.3815240e+06   4.8339844e+01
   3.3815590e+06   4.4921875e+01
   3.3816630e+06   6.1401367e+01
   3.3817240e+06   4.0344238e+01
   3.3818390e+06   7.5561523e+01
   3.3820290e+06   5.9265137e+01
   3.3823200e+06   3.6315918e+01
   3.3826220e+06   3.6315918e+01
   3.3869290e+06   3.7902832e+01
   3.4187330e+06   3.7658691e+01
   3.4305510e+06   3.6621094e+01
   3.4323510e+06   3.8330078e+01
   3.4662380e+06   3.6254883e+01
   3.5067540e+06   3.5888672e+01
   3.5354010e+06   3.5400391e+01
   3.5519660e+06   3.5644531e+01
   3.5614800e+06   3.6621094e+01
   3.5647640e+06   3.9672852e+01
   3.5648370e+06   3.8879395e+01
   3.5652120e+06   3.7353516e+01
   3.5679150e+06   4.5593262e+01
   3.5681650e+06   3.5644531e+01
   3.5824210e+06   3.6865234e+01
   3.5836800e+06   3.5949707e+01
   3.6024700e+06   3.8024902e+01
   3.6030900e+06   3.5156250e+01
   3.6255170e+06   3.5461426e+01
   3.6264820e+06   4.1198730e+01
   3.6265030e+06   4.0161133e+01
   3.6265230e+06   1.0626221e+02
   3.6265390e+06   4.5776367e+01
   3.6265530e+06   4.5715332e+01
   3.6265740e+06   8.0505371e+01
   3.6266040e+06   4.6875000e+01
   3.6266310e+06   4.4921875e+01
   3.6266410e+06   4.3395996e+01
   3.6266740e+06   4.1198730e+01
   3.6266880e+06   4.4738770e+01
   3.6267100e+06   5.3588867e+01
   3.6267380e+06   5.2246094e+01
   3.6267520e+06   3.6621094e+01
   3.6267910e+06   4.8645020e+01
   3.6268310e+06   3.7597656e+01
   3.6268630e+06   4.0954590e+01
   3.6268950e+06   5.1879883e+01
   3.6269250e+06   4.6630859e+01
   3.6269400e+06   4.1137695e+01
   3.6269670e+06   3.4545898e+01
   3.6270020e+06   4.0954590e+01
   3.6270210e+06   4.7485352e+01
   3.6270560e+06   3.5095215e+01
   3.6270910e+06   3.6193848e+01
   3.6271610e+06   3.6743164e+01
   3.6271900e+06   4.3701172e+01
   3.6272050e+06   3.7170410e+01
   3.6272450e+06   3.7719727e+01
   3.6272740e+06   3.5461426e+01
   3.6272880e+06   3.4973145e+01
   3.6273870e+06   3.8085938e+01
   3.6274160e+06   3.6926270e+01
   3.6274430e+06   3.7780762e+01
   3.6275250e+06   4.4921875e+01
   3.6276220e+06   3.6315918e+01
   3.6277250e+06   3.9916992e+01
   3.6277510e+06   3.6499023e+01
   3.6278490e+06   4.4860840e+01
   3.6278970e+06   3.5278320e+01
   3.6279490e+06   3.4790039e+01
   3.6279860e+06   3.5156250e+01
   3.6281040e+06   3.7231445e+01
   3.6282770e+06   3.5583496e+01
   3.6283170e+06   3.7536621e+01
   3.6283920e+06   5.3344727e+01
   3.6285180e+06   3.5278320e+01
   3.6285440e+06   3.7414551e+01
   3.6287870e+06   6.6955566e+01
   3.6288060e+06   3.4790039e+01
   3.6301040e+06   3.5827637e+01
   3.6316740e+06   3.6437988e+01
   3.6342510e+06   3.7780762e+01
   3.6456800e+06   3.5583496e+01
   3.7001640e+06   3.5217285e+01
   3.7005800e+06   3.4790039e+01
   3.7043940e+06   3.6254883e+01
   3.7098810e+06   3.5400391e+01
   3.7389820e+06   4.2724609e+01
   3.7402420e+06   3.4912109e+01
   3.7449070e+06   3.6804199e+01
   3.7562410e+06   3.4790039e+01
   3.7565240e+06   4.9072266e+01
   3.7565590e+06   3.5766602e+01
   3.7568330e+06   4.8095703e+01
   3.7569770e+06   4.1259766e+01
   3.7570420e+06   3.6987305e+01
   3.7571060e+06   1.2042236e+02
   3.7571280e+06   3.6193848e+01
   3.7571660e+06   7.7270508e+01
   3.7572040e+06   3.6865234e+01
   3.7572630e+06   7.2814941e+01
   3.7572870e+06   3.8391113e+01
   3.7573220e+06   5.2612305e+01
   3.7573390e+06   5.4931641e+01
   3.7574300e+06   7.2326660e+01
   3.7574720e+06   3.9978027e+01
   3.7575480e+06   4.4433594e+01
   3.7575600e+06   4.3273926e+01
   3.7575790e+06   6.4453125e+01
   3.7577380e+06   6.2744141e+01
   3.7578520e+06   6.1889648e+01
   3.7586420e+06   3.4790039e+01
   3.7587980e+06   3.4790039e+01
   3.7868600e+06   3.7963867e+01
   3.7959990e+06   3.7048340e+01
   3.8116570e+06   3.5339355e+01
   3.8149490e+06   3.7597656e+01
   3.8287000e+06   3.7475586e+01
   3.8554480e+06   3.5583496e+01
   3.8593000e+06   3.4851074e+01
   3.8593350e+06   1.3110352e+02
   3.8593510e+06   3.7170410e+01
   3.8593840e+06   3.6682129e+01
   3.8593980e+06   8.8806152e+01
   3.8594160e+06   4.3762207e+01
   3.8594640e+06   5.0231934e+01
   3.8594830e+06   8.6608887e+01
   3.8595010e+06   4.9377441e+01
   3.8595240e+06   5.4016113e+01
   3.8595350e+06   5.0048828e+01
   3.8595790e+06   6.2683105e+01
   3.8595960e+06   4.1503906e+01
   3.8596230e+06   6.2011719e+01
   3.8596680e+06   3.5461426e+01
   3.8596970e+06   5.8166504e+01
   3.8597290e+06   4.4433594e+01
   3.8597400e+06   4.1870117e+01
   3.8597880e+06   4.2236328e+01
   3.8598160e+06   4.2663574e+01
   3.8598790e+06   3.6376953e+01
   3.8598930e+06   4.3884277e+01
   3.8599250e+06   7.9833984e+01
   3.8599620e+06   4.6508789e+01
   3.8600010e+06   3.6682129e+01
   3.8600110e+06   3.6804199e+01
   3.8600340e+06   3.6193848e+01
   3.8601340e+06   3.6804199e+01
   3.8601460e+06   3.8818359e+01
   3.8601770e+06   3.4606934e+01
   3.8601940e+06   3.7353516e+01
   3.8602420e+06   4.5776367e+01
   3.8602540e+06   4.2236328e+01
   3.8603600e+06   5.6640625e+01
   3.8603740e+06   5.0598145e+01
   3.8604970e+06   4.4799805e+01
   3.8605560e+06   5.6701660e+01
   3.8608100e+06   6.0668945e+01
   3.8608340e+06   3.6010742e+01
   3.8608480e+06   3.7597656e+01
   3.8609560e+06   3.9245605e+01
   3.8611130e+06   3.5156250e+01
   3.8641920e+06   3.4545898e+01
   3.8708160e+06   3.5095215e+01
   3.8727960e+06   3.9550781e+01
   3.9410190e+06   3.6315918e+01
   3.9608450e+06   3.7109375e+01
   3.9611980e+06   3.6376953e+01
   3.9797880e+06   3.7170410e+01
   3.9945310e+06   4.5288086e+01
   3.9945600e+06   3.7719727e+01
   3.9945880e+06   3.9428711e+01
   3.9946020e+06   1.1505127e+02
   3.9946270e+06   3.4851074e+01
   3.9946530e+06   7.2692871e+01
   3.9946790e+06   4.1809082e+01
   3.9946970e+06   4.4982910e+01
   3.9947230e+06   9.5153809e+01
   3.9947430e+06   5.5175781e+01
   3.9947730e+06   3.5095215e+01
   3.9947890e+06   4.0100098e+01
   3.9948220e+06   5.6396484e+01
   3.9948390e+06   4.1076660e+01
   3.9948930e+06   4.2968750e+01
   3.9949230e+06   6.0913086e+01
   3.9949460e+06   5.4382324e+01
   3.9949990e+06   3.9489746e+01
   3.9950430e+06   4.3823242e+01
   3.9950710e+06   3.5644531e+01
   3.9951050e+06   3.6254883e+01
   3.9951290e+06   3.8330078e+01
   3.9951650e+06   3.9184570e+01
   3.9951940e+06   3.7963867e+01
   3.9952050e+06   3.8330078e+01
   3.9952390e+06   3.5034180e+01
   3.9953190e+06   3.5949707e+01
   3.9953810e+06   3.8696289e+01
   3.9954880e+06   3.6254883e+01
   3.9955870e+06   4.4738770e+01
   3.9956240e+06   3.5339355e+01
   3.9957440e+06   5.6762695e+01
   3.9957830e+06   4.1625977e+01
   3.9959640e+06   5.9448242e+01
   3.9960310e+06   3.4790039e+01
   3.9960560e+06   3.6071777e+01
   3.9961050e+06   3.6926270e+01
   3.9968260e+06   3.6376953e+01
   4.0010450e+06   3.4545898e+01
   4.0288760e+06   3.7353516e+01
   4.0692660e+06   3.8757324e+01
   4.0937720e+06   3.5888672e+01
   4.1128860e+06   3.5949707e+01
   4.1185490e+06   3.8452148e+01
   4.1190400e+06   3.6743164e+01
   4.1199820e+06   3.5949707e+01
   4.1200740e+06   4.0283203e+01
   4.1200840e+06   5.1818848e+01
   4.1205950e+06   4.0100098e+01
   4.1206370e+06   3.4912109e+01
   4.1206510e+06   1.0742188e+02
   4.1206700e+06   3.6865234e+01
   4.1206830e+06   4.5898438e+01
   4.1207030e+06   3.6132813e+01
   4.1207390e+06   7.4707031e+01
   4.1207700e+06   4.4738770e+01
   4.1207850e+06   3.6926270e+01
   4.1208160e+06   7.9223633e+01
   4.1208730e+06   4.4860840e+01
   4.1209060e+06   4.2907715e+01
   4.1209200e+06   5.2978516e+01
   4.1209650e+06   3.5339355e+01
   4.1209780e+06   3.6315918e+01
   4.1210220e+06   4.3151855e+01
   4.1210420e+06   4.1748047e+01
   4.1210590e+06   5.3466797e+01
   4.1211030e+06   3.8085938e+01
   4.1211390e+06   6.3903809e+01
   4.1211590e+06   3.8879395e+01
   4.1212160e+06   4.1564941e+01
   4.1212530e+06   3.6132813e+01
   4.1212770e+06   4.1076660e+01
   4.1213150e+06   3.6193848e+01
   4.1213420e+06   5.5603027e+01
   4.1213600e+06   4.2053223e+01
   4.1215900e+06   3.5949707e+01
   4.1216330e+06   7.3608398e+01
   4.1216470e+06   3.8452148e+01
   4.1217570e+06   3.8879395e+01
   4.1218730e+06   4.4250488e+01
   4.1220690e+06   3.5644531e+01
   4.1270390e+06   3.6560059e+01
   4.2103380e+06   3.7231445e+01
   4.2103690e+06   4.5959473e+01
   4.2103820e+06   1.1096191e+02
   4.2103920e+06   3.8269043e+01
   4.2104110e+06   4.6081543e+01
   4.2104370e+06   3.8085938e+01
   4.2104570e+06   9.1064453e+01
   4.2104700e+06   4.6508789e+01
   4.2105070e+06   4.4555664e+01
   4.2105170e+06   5.4199219e+01
   4.2105580e+06   4.1931152e+01
   4.2105820e+06   6.5490723e+01
   4.2105990e+06   4.1625977e+01
   4.2106270e+06   4.6081543e+01
   4.2106400e+06   3.6804199e+01
   4.2106680e+06   4.3212891e+01
   4.2106790e+06   4.5715332e+01
   4.2107140e+06   3.7536621e+01
   4.2107480e+06   6.6040039e+01
   4.2107660e+06   4.1442871e+01
   4.2107970e+06   4.3090820e+01
   4.2108290e+06   3.7902832e+01
   4.2108670e+06   4.6081543e+01
   4.2108850e+06   4.6203613e+01
   4.2108950e+06   3.9672852e+01
   4.2109210e+06   3.9306641e+01
   4.2110060e+06   4.1748047e+01
   4.2110850e+06   4.1381836e+01
   4.2111110e+06   4.3701172e+01
   4.2112200e+06   4.1137695e+01
   4.2112720e+06   4.1076660e+01
   4.2114010e+06   4.1748047e+01
   4.2114420e+06   3.5400391e+01
   4.2114720e+06   4.4677734e+01
   4.2115660e+06   3.6682129e+01
   4.2116550e+06   4.9011230e+01
   4.2117690e+06   4.7973633e+01
   4.2118130e+06   4.5288086e+01
   4.2118990e+06   3.5156250e+01
   4.2120350e+06   4.7302246e+01
   4.2120670e+06   4.9438477e+01
   4.2121820e+06   4.4006348e+01
   4.2886240e+06   3.6926270e+01
   4.3007850e+06   3.8208008e+01
   4.3016210e+06   3.9184570e+01
   4.3335190e+06   3.4912109e+01
   4.3366620e+06   3.4729004e+01
   4.3370740e+06   3.8269043e+01
   4.3409140e+06   3.8757324e+01
   4.3409490e+06   8.7036133e+01
   4.3409600e+06   1.2365723e+02
   4.3409850e+06   4.4738770e+01
   4.3410150e+06   4.5410156e+01
   4.3410350e+06   3.9489746e+01
   4.3410520e+06   1.0424805e+02
   4.3411200e+06   4.7119141e+01
   4.3411370e+06   6.3354492e+01
   4.3411490e+06   3.6743164e+01
   4.3411810e+06   3.7719727e+01
   4.3412150e+06   3.8146973e+01
   4.3412630e+06   3.4545898e+01
   4.3412910e+06   3.6865234e+01
   4.3413120e+06   3.8391113e+01
   4.3413380e+06   8.8745117e+01
   4.3413570e+06   4.0344238e+01
   4.3413770e+06   3.8818359e+01
   4.3413870e+06   4.1564941e+01
   4.3414230e+06   4.1381836e+01
   4.3414400e+06   3.7536621e+01
   4.3414850e+06   4.0405273e+01
   4.3415720e+06   4.2175293e+01
   4.3417050e+06   7.9345703e+01
   4.3420460e+06   4.6936035e+01
   4.3736210e+06   3.9367676e+01
   4.4198730e+06   4.4738770e+01
   4.4198960e+06   3.5461426e+01
   4.4200350e+06   3.6376953e+01
   4.4467500e+06   3.5644531e+01
   4.4481730e+06   3.6071777e+01
   4.4505200e+06   5.1818848e+01
   4.4505730e+06   1.1541748e+02
   4.4505880e+06   4.7851563e+01
   4.4506400e+06   3.5339355e+01
   4.4509820e+06   3.9428711e+01
   4.4510140e+06   3.8940430e+01
   4.4510360e+06   4.1564941e+01
   4.4510940e+06   3.8574219e+01
   4.4511210e+06   3.9306641e+01
   4.4511440e+06   9.5092773e+01
   4.4511560e+06   3.4851074e+01
   4.4511900e+06   3.9428711e+01
   4.4512230e+06   4.0527344e+01
   4.4512860e+06   3.6437988e+01
   4.5383620e+06   4.1687012e+01
   4.5490480e+06   3.4973145e+01
   4.5592960e+06   3.5278320e+01
   4.5711040e+06   3.6560059e+01
   4.6015510e+06   4.1198730e+01
   4.6017840e+06   3.5766602e+01
   4.6026770e+06   3.4912109e+01
   4.6028540e+06   3.7902832e+01
   4.6028800e+06   4.9926758e+01
   4.6028930e+06   4.8522949e+01
   4.6029410e+06   5.6640625e+01
   4.6029870e+06   1.0498047e+02
   4.6030030e+06   3.7780762e+01
   4.6030220e+06   3.4790039e+01
   4.6030930e+06   3.6254883e+01
   4.6031240e+06   5.4443359e+01
   4.6031640e+06   3.6987305e+01
   4.6032990e+06   3.8818359e+01
   4.6036080e+06   3.6743164e+01
   4.6280180e+06   3.6499023e+01
   4.6595050e+06   3.7597656e+01
   4.6746670e+06   4.0588379e+01
   4.6754040e+06   3.4545898e+01
   4.7386780e+06   4.1503906e+01
   4.7486630e+06   4.0466309e+01
   4.7492140e+06   3.4851074e+01
   4.7492410e+06   3.8085938e+01
   4.7493230e+06   4.3701172e+01
   4.7493980e+06   3.8635254e+01
   4.7494250e+06   4.0283203e+01
   4.7494940e+06   1.1499023e+02
   4.7495100e+06   5.3649902e+01
   4.7495440e+06   4.4616699e+01
   4.7495570e+06   3.6499023e+01
   4.7496060e+06   9.0515137e+01
   4.7496500e+06   3.5278320e+01
   4.7497310e+06   8.0078125e+01
   4.7497620e+06   5.0659180e+01
   4.7497910e+06   3.7536621e+01
   4.7498320e+06   3.5034180e+01
   4.7498480e+06   4.6203613e+01
   4.7498760e+06   7.9895020e+01
   4.7499010e+06   4.4128418e+01
   4.7499120e+06   4.1198730e+01
   4.7499910e+06   7.1289063e+01
   4.7500140e+06   5.5541992e+01
   4.7500390e+06   5.4016113e+01
   4.7500640e+06   3.6376953e+01
   4.7501050e+06   5.2246094e+01
   4.7501720e+06   4.0039063e+01
   4.7502560e+06   7.3059082e+01
   4.7504550e+06   4.9072266e+01
   4.7505860e+06   3.8146973e+01
   4.7506040e+06   4.0832520e+01
   4.7506600e+06   9.3139648e+01
   4.7509960e+06   3.6865234e+01
   4.8062270e+06   3.7963867e+01
   4.8244780e+06   3.4912109e+01
   4.8462440e+06   4.5166016e+01
   4.8462660e+06   3.7536621e+01
   4.8463950e+06   3.6376953e+01
   4.8471800e+06   3.6682129e+01
   4.8730460e+06   3.6376953e+01
   4.8774160e+06   4.0954590e+01
   4.8774350e+06   3.7658691e+01
   4.8774460e+06   3.7475586e+01
   4.8774950e+06   4.3945313e+01
   4.8775400e+06   3.7841797e+01
   4.8775750e+06   3.5156250e+01
   4.8776040e+06   5.0231934e+01
   4.8776280e+06   3.5339355e+01
   4.8776580e+06   4.6569824e+01
   4.8776710e+06   1.1694336e+02
   4.8777000e+06   3.5095215e+01
   4.8777490e+06   9.1125488e+01
   4.8777710e+06   4.2968750e+01
   4.8778090e+06   3.7902832e+01
   4.8778550e+06   7.4401855e+01
   4.8779030e+06   3.8024902e+01
   4.8779350e+06   3.6132813e+01
   4.8779830e+06   6.8908691e+01
   4.8780920e+06   3.7475586e+01
   4.8781370e+06   3.6315918e+01
   4.8956330e+06   3.5034180e+01
   4.9083360e+06   3.6376953e+01
   4.9084030e+06   3.7170410e+01
   4.9084140e+06   4.4738770e+01
   4.9085440e+06   3.4790039e+01
   4.9474340e+06   3.5034180e+01
   4.9588630e+06   3.6926270e+01
   4.9639950e+06   3.7109375e+01
   4.9654900e+06   3.5522461e+01
   4.9655130e+06   4.7119141e+01
   4.9655370e+06   1.3995361e+02
   4.9655470e+06   3.7536621e+01
   4.9655800e+06   4.7424316e+01
   4.9655970e+06   8.4350586e+01
   4.9656270e+06   5.1208496e+01
   4.9656580e+06   7.2509766e+01
   4.9656700e+06   5.2001953e+01
   4.9657140e+06   4.0771484e+01
   4.9657380e+06   4.6508789e+01
   4.9657560e+06   5.1452637e+01
   4.9657660e+06   4.8278809e+01
   4.9658160e+06   3.5034180e+01
   4.9658370e+06   4.3762207e+01
   4.9658720e+06   3.6315918e+01
   4.9658970e+06   3.8208008e+01
   4.9659140e+06   4.3029785e+01
   4.9659500e+06   4.4799805e+01
   4.9659780e+06   3.9611816e+01
   4.9659960e+06   4.4494629e+01
   4.9660150e+06   3.6376953e+01
   4.9660920e+06   4.2602539e+01
   4.9661220e+06   3.5400391e+01
   4.9661680e+06   3.6071777e+01
   4.9661900e+06   4.7058105e+01
   4.9662760e+06   3.5888672e+01
   4.9663410e+06   3.8879395e+01
   4.9663640e+06   4.0100098e+01
   4.9664470e+06   3.8879395e+01
   4.9665800e+06   3.4851074e+01
   4.9666820e+06   3.6071777e+01
   4.9667580e+06   5.0231934e+01
   4.9668830e+06   3.5827637e+01
   4.9671030e+06   3.5583496e+01
   4.9671610e+06   3.5644531e+01
   4.9672280e+06   3.4545898e+01
   4.9672720e+06   3.6315918e+01
   4.9674390e+06   3.8757324e+01
   4.9675600e+06   3.5827637e+01
   4.9676390e+06   4.3334961e+01
   4.9680830e+06   3.6376953e+01
   4.9681820e+06   3.5156250e+01
   4.9687990e+06   4.0100098e+01
   4.9737530e+06   3.6254883e+01
   5.0077740e+06   3.6804199e+01
   5.0186680e+06   3.6376953e+01
   5.0487560e+06   3.6071777e+01
   5.0493710e+06   3.6804199e+01
   5.0494030e+06   3.6743164e+01
   5.0497340e+06   3.8574219e+01
   5.0721220e+06   3.4667969e+01
   5.0724610e+06   3.5766602e+01
   5.0729930e+06   4.2724609e+01
   5.0730460e+06   1.2017822e+02
   5.0732250e+06   3.6682129e+01
   5.0736340e+06   3.5095215e+01
   5.0744970e+06   4.2480469e+01
   5.0745540e+06   9.6862793e+01
   5.0746130e+06   3.7170410e+01
   5.0746310e+06   3.5095215e+01
   5.0746500e+06   3.6071777e+01
   5.0746840e+06   3.6254883e+01
   5.0751000e+06   3.6865234e+01
   5.0934260e+06   4.7363281e+01
   5.1070630e+06   3.4973145e+01
   5.1092480e+06   3.5156250e+01
   5.1104290e+06   3.5461426e+01
   5.1111760e+06   3.7170410e+01
   5.1112150e+06   3.4851074e+01
   5.1112310e+06   4.9072266e+01
   5.1112830e+06   3.5705566e+01
   5.1113090e+06   3.6071777e+01
   5.1113230e+06   3.5095215e+01
   5.1113410e+06   1.1633301e+02
   5.1113970e+06   3.4790039e+01
   5.1114270e+06   4.5043945e+01
   5.1114520e+06   3.8330078e+01
   5.1115780e+06   3.8757324e+01
   5.1116940e+06   8.9965820e+01
   5.1383190e+06   3.9978027e+01
   5.1388580e+06   3.6926270e+01
   5.1508400e+06   3.8818359e+01
   5.1508690e+06   5.7556152e+01
   5.1508840e+06   9.4543457e+01
   5.1509090e+06   3.4545898e+01
   5.1509240e+06   4.3029785e+01
   5.1509440e+06   6.5002441e+01
   5.1509830e+06   3.6560059e+01
   5.1509970e+06   4.3640137e+01
   5.1510180e+06   3.6987305e+01
   5.1510360e+06   7.4218750e+01
   5.1510640e+06   3.6865234e+01
   5.1510740e+06   4.8095703e+01
   5.1511100e+06   3.9062500e+01
   5.1511370e+06   4.8889160e+01
   5.1511720e+06   3.7902832e+01
   5.1511830e+06   4.9255371e+01
   5.1512070e+06   5.6091309e+01
   5.1512290e+06   4.2358398e+01
   5.1512540e+06   4.9438477e+01
   5.1512920e+06   4.0466309e+01
   5.1513210e+06   4.0283203e+01
   5.1513330e+06   4.5288086e+01
   5.1513670e+06   4.8156738e+01
   5.1513990e+06   3.7841797e+01
   5.1514130e+06   3.9550781e+01
   5.1514930e+06   3.6254883e+01
   5.1515110e+06   3.5522461e+01
   5.1515880e+06   3.8757324e+01
   5.1515990e+06   3.9672852e+01
   5.1516270e+06   4.2785645e+01
   5.1517400e+06   3.7902832e+01
   5.1517880e+06   3.5888672e+01
   5.1518720e+06   3.8696289e+01
   5.1519420e+06   4.3701172e+01
   5.1519540e+06   3.4606934e+01
   5.1521200e+06   4.3640137e+01
   5.1522480e+06   3.6682129e+01
   5.1523120e+06   3.7292480e+01
   5.1523810e+06   3.5095215e+01
   5.1524290e+06   6.0302734e+01
   5.1524530e+06   3.4667969e+01
   5.1526130e+06   5.5664063e+01
   5.1532540e+06   4.0832520e+01
   5.1622810e+06   3.6682129e+01
   5.1851450e+06   3.4973145e+01
   5.2288530e+06   3.6621094e+01
   5.2516270e+06   3.7048340e+01
   5.2521730e+06   5.5175781e+01
   5.2521940e+06   4.7180176e+01
   5.2522710e+06   1.2561035e+02
   5.2522990e+06   3.8024902e+01
   5.2523280e+06   4.5410156e+01
   5.2523600e+06   9.4604492e+01
   5.2523760e+06   5.5603027e+01
   5.2524370e+06   6.8420410e+01
   5.2524750e+06   5.2673340e+01
   5.2525060e+06   4.2358398e+01
   5.2525210e+06   8.8989258e+01
   5.2525450e+06   3.9855957e+01
   5.2525640e+06   4.3518066e+01
   5.2525830e+06   3.8757324e+01
   5.2526100e+06   6.3110352e+01
   5.2526340e+06   4.0893555e+01
   5.2526900e+06   3.9611816e+01
   5.2527030e+06   5.4748535e+01
   5.2527170e+06   5.3894043e+01
   5.2527470e+06   5.1452637e+01
   5.2527630e+06   3.4606934e+01
   5.2527950e+06   3.9611816e+01
   5.2528370e+06   5.8471680e+01
   5.2529010e+06   3.5705566e+01
   5.2529550e+06   5.4565430e+01
   5.2529800e+06   4.0466309e+01
   5.2530570e+06   4.5288086e+01
   5.2530740e+06   4.2419434e+01
   5.2531090e+06   4.1137695e+01
   5.2531800e+06   3.4545898e+01
   5.2533480e+06   4.4799805e+01
   5.2535700e+06   5.8715820e+01
   5.2540070e+06   3.4973145e+01
   5.2571060e+06   4.2846680e+01
   5.2828390e+06   3.7414551e+01
   5.2897240e+06   3.7780762e+01
   5.3134580e+06   3.9062500e+01
   5.3602820e+06   3.5278320e+01
   5.3671010e+06   3.5156250e+01
   5.3679770e+06   3.7841797e+01
   5.3761760e+06   3.8818359e+01
   5.3831060e+06   3.6437988e+01
   5.3832180e+06   3.5888672e+01
   5.3833250e+06   3.6743164e+01
   5.3840770e+06   3.5827637e+01
   5.3855510e+06   4.2419434e+01
   5.3855770e+06   1.3348389e+02
   5.3855880e+06   3.7780762e+01
   5.3857150e+06   4.0344238e+01
   5.3858470e+06   1.0766602e+02
   5.3858590e+06   3.8696289e+01
   5.3859600e+06   4.2907715e+01
   5.3859800e+06   8.3129883e+01
   5.3860350e+06   4.2297363e+01
   5.3860810e+06   3.5827637e+01
   5.3861290e+06   3.8940430e+01
   5.3862490e+06   3.7597656e+01
   5.4269150e+06   3.4667969e+01
   5.4424770e+06   3.7963867e+01
   5.4600810e+06   3.6682129e+01
   5.4944300e+06   3.8574219e+01
   5.4948000e+06   3.7170410e+01
   5.5056240e+06   3.4790039e+01
   5.5165430e+06   3.9672852e+01
   5.5198820e+06   3.5461426e+01
   5.5333010e+06   3.4790039e+01
   5.5435920e+06   3.7048340e+01
   5.5733440e+06   3.6682129e+01
   5.5734280e+06   3.7414551e+01
   5.5734650e+06   3.5583496e+01
   5.5735090e+06   3.6560059e+01
   5.5750740e+06   3.8330078e+01
   5.5751960e+06   3.9428711e+01
   5.5752830e+06   4.5104980e+01
   5.6058520e+06   3.5095215e+01
   5.6500450e+06   3.7353516e+01
   5.6691710e+06   3.7658691e+01
   5.6764710e+06   3.4729004e+01
   5.6778840e+06   3.6376953e+01
   5.6811220e+06   3.5583496e+01
   5.6874640e+06   3.7597656e+01
   5.6874950e+06   4.9865723e+01
   5.6875110e+06   1.1340332e+02
   5.6875340e+06   3.8391113e+01
   5.6875470e+06   3.6193848e+01
   5.6875690e+06   8.3374023e+01
   5.6876060e+06   5.8288574e+01
   5.6876200e+06   7.2204590e+01
   5.6876710e+06   4.2480469e+01
   5.6876820e+06   5.7556152e+01
   5.6877470e+06   3.5278320e+01
   5.6877820e+06   4.0588379e+01
   5.6877940e+06   6.0485840e+01
   5.6878090e+06   5.5114746e+01
   5.6878380e+06   3.7475586e+01
   5.6878580e+06   5.5053711e+01
   5.6878810e+06   3.8452148e+01
   5.6879130e+06   4.7241211e+01
   5.6879660e+06   4.2785645e+01
   5.6880560e+06   4.1748047e+01
   5.6880930e+06   3.5095215e+01
   5.6881490e+06   3.6804199e+01
   5.6883190e+06   3.8391113e+01
   5.6883890e+06   3.8635254e+01
   5.6884660e+06   3.7170410e+01
   5.6887150e+06   3.6254883e+01
   5.6887510e+06   3.4606934e+01
   5.6888560e+06   3.5156250e+01
   5.6888740e+06   4.6142578e+01
   5.6889560e+06   3.5522461e+01
   5.6889850e+06   4.2541504e+01
   5.6891080e+06   5.2551270e+01
   5.6893030e+06   3.5827637e+01
   5.6894720e+06   3.5522461e+01
   5.6894910e+06   3.9550781e+01
   5.6897570e+06   4.9804688e+01
   5.6917770e+06   3.5888672e+01
   5.6929140e+06   3.5522461e+01
   5.6949060e+06   3.8146973e+01
   5.7347030e+06   3.8269043e+01
   5.7413790e+06   3.4973145e+01
   5.7446410e+06   3.6376953e+01
   5.7488600e+06   4.0649414e+01
   5.7695160e+06   3.4729004e+01
   5.7890030e+06   3.4606934e+01
   5.7919100e+06   3.9794922e+01
   5.7921350e+06   3.4606934e+01
   5.7941090e+06   3.8024902e+01
   5.7941620e+06   3.4667969e+01
   5.7941850e+06   1.1389160e+02
   5.7942180e+06   3.5644531e+01
   5.7942990e+06   3.7414551e+01
   5.7943390e+06   3.6560059e+01
   5.8187270e+06   5.4687500e+01
   5.8187440e+06   3.5522461e+01
   5.8187580e+06   1.3433838e+02
   5.8187870e+06   3.5949707e+01
   5.8188100e+06   9.8327637e+01
   5.8188220e+06   3.9916992e+01
   5.8188430e+06   3.8696289e+01
   5.8188630e+06   4.6264648e+01
   5.8188930e+06   4.7302246e+01
   5.8189220e+06   5.6579590e+01
   5.8189480e+06   4.0039063e+01
   5.8189760e+06   3.7292480e+01
   5.8189980e+06   3.6376953e+01
   5.8190110e+06   6.6223145e+01
   5.8190320e+06   4.4738770e+01
   5.8190590e+06   4.6386719e+01
   5.8190770e+06   5.1818848e+01
   5.8190890e+06   3.7902832e+01
   5.8191290e+06   4.2785645e+01
   5.8191460e+06   4.4433594e+01
   5.8191650e+06   3.5461426e+01
   5.8191960e+06   3.5339355e+01
   5.8192210e+06   3.8146973e+01
   5.8192520e+06   3.5095215e+01
   5.8193080e+06   4.1564941e+01
   5.8194350e+06   3.5583496e+01
   5.8194560e+06   5.4748535e+01
   5.8194940e+06   3.6499023e+01
   5.8195370e+06   3.4912109e+01
   5.8195740e+06   3.6804199e+01
   5.8195890e+06   3.7048340e+01
   5.8196040e+06   4.4128418e+01
   5.8197910e+06   3.5827637e+01
   5.8198510e+06   4.2175293e+01
   5.8199150e+06   3.6193848e+01
   5.8200330e+06   3.5339355e+01
   5.8202230e+06   5.5603027e+01
   5.8202390e+06   4.5349121e+01
   5.8203720e+06   3.6560059e+01
   5.8204250e+06   3.8269043e+01
   5.8205640e+06   3.8696289e+01
   5.8206780e+06   5.5114746e+01
   5.8208730e+06   3.6865234e+01
   5.8562770e+06   3.5400391e+01
   5.8875250e+06   3.8208008e+01
   5.9054850e+06   4.4006348e+01
   5.9055200e+06   3.5156250e+01
   5.9055440e+06   1.2622070e+02
   5.9055550e+06   4.8278809e+01
   5.9055900e+06   8.9233398e+01
   5.9056000e+06   3.9611816e+01
   5.9056420e+06   6.5124512e+01
   5.9056580e+06   3.4606934e+01
   5.9056990e+06   5.2185059e+01
   5.9057230e+06   4.2236328e+01
   5.9057540e+06   4.2846680e+01
   5.9057670e+06   6.9641113e+01
   5.9058100e+06   3.5827637e+01
   5.9058300e+06   5.0109863e+01
   5.9058780e+06   4.1198730e+01
   5.9059300e+06   4.0832520e+01
   5.9059400e+06   4.1442871e+01
   5.9059680e+06   4.5776367e+01
   5.9060110e+06   3.4545898e+01
   5.9060370e+06   4.9743652e+01
   5.9061180e+06   3.5217285e+01
   5.9061310e+06   3.5034180e+01
   5.9061540e+06   3.8391113e+01
   5.9061860e+06   4.4433594e+01
   5.9062390e+06   3.6560059e+01
   5.9062860e+06   3.5583496e+01
   5.9063120e+06   4.3029785e+01
   5.9063300e+06   3.6987305e+01
   5.9063490e+06   4.1015625e+01
   5.9063620e+06   3.9550781e+01
   5.9064070e+06   4.5104980e+01
   5.9064940e+06   4.3762207e+01
   5.9065770e+06   3.7658691e+01
   5.9066100e+06   3.7292480e+01
   5.9066260e+06   3.4912109e+01
   5.9067130e+06   4.7546387e+01
   5.9067500e+06   3.9428711e+01
   5.9067700e+06   3.8574219e+01
   5.9069400e+06   4.1931152e+01
   5.9071760e+06   3.4729004e+01
   5.9072630e+06   3.5156250e+01
   5.9072960e+06   6.3720703e+01
   5.9721590e+06   3.8879395e+01
   5.9875870e+06   3.4545898e+01
   5.9894140e+06   4.4494629e+01
   5.9894300e+06   5.0170898e+01
   5.9894620e+06   1.4324951e+02
   5.9894790e+06   3.8818359e+01
   5.9894930e+06   5.1940918e+01
   5.9895140e+06   7.8918457e+01
   5.9895580e+06   4.0100098e+01
   5.9895730e+06   3.8208008e+01
   5.9896120e+06   3.8452148e+01
   5.9896290e+06   3.4667969e+01
   5.9896590e+06   4.0039063e+01
   5.9896690e+06   4.2907715e+01
   5.9897020e+06   4.2297363e+01
   5.9897400e+06   3.5339355e+01
   5.9897690e+06   7.6721191e+01
   5.9897880e+06   3.6071777e+01
   5.9898220e+06   3.8391113e+01
   5.9898570e+06   6.6833496e+01
   5.9898770e+06   4.0588379e+01
   5.9899370e+06   4.0893555e+01
   5.9899590e+06   3.8024902e+01
   5.9899740e+06   3.7048340e+01
   5.9900330e+06   3.5156250e+01
   5.9900650e+06   3.9367676e+01
   5.9901240e+06   4.2114258e+01
   5.9901730e+06   6.0058594e+01
   5.9902410e+06   5.0659180e+01
   5.9903100e+06   4.8889160e+01
   5.9904290e+06   4.4006348e+01
   5.9905360e+06   3.6743164e+01
   5.9907260e+06   3.6193848e+01
   5.9909100e+06   7.5927734e+01
