   2.9990000e+06   0.0000000e+00
   1.0410000e+03   2.0050659e+03
   1.0610000e+03   3.4240723e+01
   2.6659000e+04   3.3874512e+01
   3.2853000e+04   3.8330078e+01
   3.2952000e+04   3.5034180e+01
   3.3033000e+04   3.3264160e+01
   3.3077000e+04   3.4729004e+01
   3.3103000e+04   4.0954590e+01
   3.3133000e+04   8.0749512e+01
   3.3163000e+04   3.9184570e+01
   3.3188000e+04   1.5106201e+02
   3.3206000e+04   6.3720703e+01
   3.3250000e+04   3.7719727e+01
   3.3280000e+04   4.5959473e+01
   3.3306000e+04   3.9978027e+01
   3.3317000e+04   5.7800293e+01
   3.3329000e+04   1.5631104e+02
   3.3356000e+04   3.3081055e+01
   3.3403000e+04   3.4545898e+01
   3.3417000e+04   1.1590576e+02
   3.3446000e+04   4.0161133e+01
   3.3460000e+04   7.3242188e+01
   3.3490000e+04   1.2249756e+02
   3.3515000e+04   5.3100586e+01
   3.3529000e+04   7.6843262e+01
   3.3559000e+04   1.0742188e+02
   3.3580000e+04   3.4362793e+01
   3.3597000e+04   6.4880371e+01
   3.3612000e+04   5.7556152e+01
   3.3644000e+04   8.9233398e+01
   3.3663000e+04   3.3935547e+01
   3.3678000e+04   4.9804688e+01
   3.3707000e+04   4.2114258e+01
   3.3720000e+04   7.6171875e+01
   3.3798000e+04   3.2958984e+01
   3.3820000e+04   3.5522461e+01
   3.3840000e+04   3.4973145e+01
   3.3888000e+04   7.9528809e+01
   3.3927000e+04   5.3039551e+01
   3.3953000e+04   6.2377930e+01
   3.3964000e+04   3.3569336e+01
   3.4002000e+04   4.0527344e+01
   3.4022000e+04   4.4128418e+01
   3.4049000e+04   4.4433594e+01
   3.4086000e+04   4.7973633e+01
   3.4111000e+04   3.9794922e+01
   3.4147000e+04   4.7058105e+01
   3.4232000e+04   3.9428711e+01
   3.4247000e+04   3.8452148e+01
   3.4282000e+04   3.6010742e+01
   3.4340000e+04   3.2592773e+01
   3.4411000e+04   3.5827637e+01
   3.4513000e+04   3.2897949e+01
   3.4634000e+04   3.3142090e+01
   3.4684000e+04   3.9306641e+01
   3.4743000e+04   3.5827637e+01
   3.4787000e+04   4.0283203e+01
   3.4807000e+04   3.4790039e+01
   3.4846000e+04   3.5095215e+01
   3.4915000e+04   3.6315918e+01
   3.4927000e+04   4.1748047e+01
   3.4954000e+04   5.0476074e+01
   3.5044000e+04   3.5095215e+01
   3.5080000e+04   4.2114258e+01
   3.5171000e+04   3.4118652e+01
   3.5252000e+04   3.5400391e+01
   3.5284000e+04   5.8776855e+01
   3.5367000e+04   3.5339355e+01
   3.5474000e+04   3.4118652e+01
   3.6686000e+04   6.0607910e+01
   3.7512000e+04   6.1706543e+01
   5.1055000e+04   3.8948975e+03
   5.1076000e+04   3.9672852e+01
   1.0106900e+05   3.9024048e+03
   1.3525300e+05   4.6752930e+01
   1.3538600e+05   3.3996582e+01
   1.3542600e+05   3.5217285e+01
   1.3550000e+05   3.4240723e+01
   1.3563700e+05   4.1137695e+01
   1.3568500e+05   3.2714844e+01
   1.3570400e+05   8.9721680e+01
   1.3572900e+05   5.1940918e+01
   1.3575900e+05   4.7363281e+01
   1.3583000e+05   3.5339355e+01
   1.3590500e+05   4.0039063e+01
   1.3593500e+05   3.5583496e+01
   1.3594600e+05   6.0058594e+01
   1.3597100e+05   8.0017090e+01
   1.3600100e+05   3.3447266e+01
   1.3603500e+05   3.2714844e+01
   1.3615100e+05   5.8105469e+01
   1.3621700e+05   3.5156250e+01
   1.3628300e+05   7.5439453e+01
   1.3631600e+05   4.1931152e+01
   1.3634600e+05   1.4630127e+02
   1.3640600e+05   3.9672852e+01
   1.3643600e+05   6.5734863e+01
   1.3649000e+05   4.3640137e+01
   1.3661800e+05   5.8776855e+01
   1.3664400e+05   3.3325195e+01
   1.3672700e+05   1.3720703e+02
   1.3675200e+05   4.4677734e+01
   1.3685600e+05   4.2724609e+01
   1.3742700e+05   3.5034180e+01
   1.5108300e+05   3.8961182e+03
   1.5109400e+05   3.7719727e+01
   2.0109700e+05   3.8966675e+03
   2.0115500e+05   3.3142090e+01
   2.0902900e+05   3.3142090e+01
   2.5110900e+05   1.9047241e+03
   2.5112100e+05   4.5532227e+01
   2.5128400e+05   3.3630371e+01
   3.0112300e+05   1.9178467e+03
   3.0113400e+05   4.7973633e+01
   3.5113900e+05   3.9049683e+03
   4.0115100e+05   1.9149170e+03
   4.5116500e+05   1.9141846e+03
   4.5128000e+05   3.7963867e+01
   4.8256500e+05   3.3874512e+01
   4.8268400e+05   3.5339355e+01
   4.8270500e+05   4.0588379e+01
   4.8273400e+05   8.2031250e+01
   4.8274900e+05   3.3325195e+01
   4.8277500e+05   5.4504395e+01
   4.8280000e+05   3.9489746e+01
   4.8284800e+05   8.6059570e+01
   4.8287200e+05   4.0100098e+01
   4.8288800e+05   3.4545898e+01
   4.8291600e+05   1.5356445e+02
   4.8295900e+05   4.2846680e+01
   4.8299200e+05   1.3775635e+02
   4.8301100e+05   4.4738770e+01
   4.8303400e+05   3.4790039e+01
   4.8306700e+05   1.3177490e+02
   4.8309300e+05   5.2551270e+01
   4.8312100e+05   8.3068848e+01
   4.8313700e+05   4.1931152e+01
   4.8315200e+05   5.0537109e+01
   4.8317800e+05   4.5349121e+01
   4.8320000e+05   9.9304199e+01
   4.8322100e+05   7.0129395e+01
   4.8323400e+05   9.5336914e+01
   4.8326900e+05   4.2297363e+01
   4.8329500e+05   6.3049316e+01
   4.8332700e+05   9.0209961e+01
   4.8335700e+05   3.8818359e+01
   4.8338700e+05   8.3190918e+01
   4.8340500e+05   3.7597656e+01
   4.8342400e+05   6.3598633e+01
   4.8346500e+05   3.9306641e+01
   4.8348600e+05   3.9367676e+01
   4.8351600e+05   3.4423828e+01
   4.8353700e+05   4.4799805e+01
   4.8355200e+05   3.9855957e+01
   4.8359000e+05   4.2907715e+01
   4.8360300e+05   3.6315918e+01
   4.8363700e+05   3.7597656e+01
   4.8364800e+05   4.0344238e+01
   4.8368600e+05   4.9438477e+01
   4.8371400e+05   3.5766602e+01
   4.8374100e+05   3.5034180e+01
   4.8376400e+05   3.3935547e+01
   4.8379600e+05   3.4851074e+01
   4.8382300e+05   3.4545898e+01
   4.8384600e+05   3.3508301e+01
   4.8387600e+05   3.5583496e+01
   4.8390100e+05   3.9855957e+01
   4.8392500e+05   3.6682129e+01
   4.8394700e+05   3.4606934e+01
   4.8397600e+05   3.6499023e+01
   4.8398600e+05   3.4667969e+01
   4.8401700e+05   3.9855957e+01
   4.8403600e+05   3.2958984e+01
   4.8410100e+05   3.3325195e+01
   4.8411700e+05   5.6213379e+01
   4.8417000e+05   3.6865234e+01
   4.8418800e+05   3.3874512e+01
   4.8423900e+05   3.6071777e+01
   4.8427400e+05   3.3630371e+01
   4.8430400e+05   4.0832520e+01
   4.8433900e+05   3.3508301e+01
   4.8443100e+05   3.3081055e+01
   4.8445100e+05   3.8757324e+01
   4.8454000e+05   3.7597656e+01
   4.8459200e+05   4.4860840e+01
   4.8461900e+05   3.6865234e+01
   4.8464900e+05   3.7902832e+01
   4.8474600e+05   3.3264160e+01
   4.8478400e+05   5.7739258e+01
   4.8483800e+05   3.5583496e+01
   4.8488300e+05   5.5480957e+01
   4.8508900e+05   3.2775879e+01
   5.0117900e+05   1.9205322e+03
   5.0119300e+05   3.7414551e+01
   5.0137200e+05   3.3813477e+01
   5.5119300e+05   1.9207764e+03
   5.7059700e+05   3.8635254e+01
   5.7073600e+05   4.1198730e+01
   5.7075600e+05   8.6669922e+01
   5.7077700e+05   3.2897949e+01
   5.7079500e+05   3.6621094e+01
   5.7083800e+05   4.0588379e+01
   5.7088800e+05   1.2438965e+02
   5.7090500e+05   4.0954590e+01
   5.7093000e+05   1.3348389e+02
   5.7095500e+05   4.2907715e+01
   5.7100300e+05   5.6884766e+01
   5.7102200e+05   1.3812256e+02
   5.7104300e+05   5.0537109e+01
   5.7105700e+05   3.4667969e+01
   5.7107500e+05   3.6254883e+01
   5.7111800e+05   1.4587402e+02
   5.7113600e+05   3.7963867e+01
   5.7115300e+05   3.2714844e+01
   5.7118600e+05   1.0308838e+02
   5.7120100e+05   6.3659668e+01
   5.7122100e+05   5.7922363e+01
   5.7126300e+05   9.9914551e+01
   5.7130600e+05   3.9184570e+01
   5.7132300e+05   6.5429688e+01
   5.7134200e+05   1.0235596e+02
   5.7136500e+05   3.8940430e+01
   5.7138400e+05   3.2958984e+01
   5.7143100e+05   1.0931396e+02
   5.7145300e+05   4.9987793e+01
   5.7150200e+05   4.7973633e+01
   5.7152700e+05   4.1320801e+01
   5.7155700e+05   1.1645508e+02
   5.7156900e+05   3.9367676e+01
   5.7159000e+05   3.3569336e+01
   5.7160500e+05   3.3142090e+01
   5.7163700e+05   4.0466309e+01
   5.7165400e+05   8.9904785e+01
   5.7168200e+05   3.5766602e+01
   5.7169900e+05   3.4973145e+01
   5.7173200e+05   4.8400879e+01
   5.7174600e+05   5.1330566e+01
   5.7176900e+05   3.6315918e+01
   5.7181800e+05   4.6325684e+01
   5.7187900e+05   3.5034180e+01
   5.7190300e+05   4.1198730e+01
   5.7193600e+05   4.1076660e+01
   5.7196600e+05   5.4809570e+01
   5.7197800e+05   3.6560059e+01
   5.7200000e+05   5.5541992e+01
   5.7201700e+05   5.2185059e+01
   5.7205700e+05   3.5705566e+01
   5.7208200e+05   3.3935547e+01
   5.7213500e+05   4.8950195e+01
   5.7215400e+05   3.9672852e+01
   5.7218900e+05   5.5358887e+01
   5.7223600e+05   3.7048340e+01
   5.7226500e+05   3.8696289e+01
   5.7229600e+05   3.6682129e+01
   5.7231500e+05   4.6325684e+01
   5.7236700e+05   4.2480469e+01
   5.7240400e+05   4.9072266e+01
   5.7243500e+05   3.7475586e+01
   5.7251500e+05   4.8278809e+01
   5.7252700e+05   4.4921875e+01
   5.7256800e+05   3.7597656e+01
   5.7268300e+05   4.7424316e+01
   5.7284100e+05   5.3771973e+01
   5.7291800e+05   3.8391113e+01
   6.0120700e+05   1.9249268e+03
   6.5122100e+05   1.9196777e+03
   6.5123400e+05   3.3630371e+01
   7.0123500e+05   1.9208984e+03
   7.0144500e+05   3.3996582e+01
   7.5125100e+05   3.9082642e+03
   7.5126200e+05   3.4179688e+01
   8.0126500e+05   3.9047852e+03
   8.4694400e+05   3.3142090e+01
   8.5127900e+05   3.9057007e+03
   9.0129100e+05   1.9114380e+03
   9.0131300e+05   3.7353516e+01
   9.5130700e+05   3.9129639e+03
   9.5131800e+05   3.6865234e+01
   9.6115200e+05   3.2714844e+01
   9.6239900e+05   3.4179688e+01
   9.6249000e+05   3.3447266e+01
   9.6257200e+05   4.4067383e+01
   9.6260200e+05   3.2714844e+01
   9.6265800e+05   3.6132813e+01
   9.6270100e+05   3.3569336e+01
   9.6275000e+05   6.7382813e+01
   9.6278700e+05   4.0161133e+01
   9.6285800e+05   7.9772949e+01
   9.6289100e+05   3.9733887e+01
   9.6291800e+05   5.8959961e+01
   9.6293100e+05   3.7536621e+01
   9.6297000e+05   3.6682129e+01
   9.6300800e+05   3.3020020e+01
   9.6307200e+05   3.6621094e+01
   9.6308800e+05   9.1186523e+01
   9.6313100e+05   1.4672852e+02
   9.6321500e+05   4.0649414e+01
   9.6332400e+05   3.6132813e+01
   9.6335700e+05   3.3569336e+01
   9.6340700e+05   3.2653809e+01
   9.6348200e+05   3.3630371e+01
   1.0013190e+06   1.9135742e+03
   1.0013300e+06   4.6264648e+01
   1.0513330e+06   1.9254761e+03
   1.1013470e+06   1.9177856e+03
   1.1013680e+06   3.3569336e+01
   1.1513630e+06   3.9081421e+03
   1.1513830e+06   3.2714844e+01
   1.2013770e+06   3.9130249e+03
   1.2013900e+06   3.3813477e+01
   1.2513910e+06   2.0135498e+03
   1.2514110e+06   3.9550781e+01
   1.2801450e+06   3.3996582e+01
   1.2801700e+06   3.3752441e+01
   1.2802450e+06   3.3508301e+01
   1.2802710e+06   3.5034180e+01
   1.2802990e+06   3.2897949e+01
   1.2803180e+06   8.2275391e+01
   1.2803500e+06   3.5644531e+01
   1.2803780e+06   5.9631348e+01
   1.2804150e+06   9.0759277e+01
   1.2804440e+06   3.7353516e+01
   1.2804550e+06   3.2714844e+01
   1.2804860e+06   3.3813477e+01
   1.2805000e+06   5.5358887e+01
   1.2805270e+06   1.4129639e+02
   1.2805500e+06   3.5827637e+01
   1.2805880e+06   4.1015625e+01
   1.2806080e+06   1.1999512e+02
   1.2806240e+06   5.5053711e+01
   1.2806610e+06   3.7414551e+01
   1.2806710e+06   5.9448242e+01
   1.2806870e+06   1.0498047e+02
   1.2807350e+06   5.6152344e+01
   1.2807480e+06   4.3518066e+01
   1.2807630e+06   3.3996582e+01
   1.2808090e+06   6.6894531e+01
   1.2808280e+06   3.5278320e+01
   1.2808550e+06   6.6223145e+01
   1.2808780e+06   1.2188721e+02
   1.2808950e+06   3.7719727e+01
   1.2809210e+06   3.8024902e+01
   1.2809550e+06   5.2001953e+01
   1.2809830e+06   8.4106445e+01
   1.2809970e+06   3.8024902e+01
   1.2810240e+06   4.1198730e+01
   1.2810480e+06   3.6987305e+01
   1.2810680e+06   9.0393066e+01
   1.2810830e+06   4.0405273e+01
   1.2811450e+06   3.5522461e+01
   1.2811580e+06   8.1420898e+01
   1.2811950e+06   3.7963867e+01
   1.2812480e+06   3.4118652e+01
   1.2812920e+06   9.4482422e+01
   1.2813170e+06   4.7668457e+01
   1.2813320e+06   4.1564941e+01
   1.2813610e+06   3.8940430e+01
   1.2813840e+06   3.4301758e+01
   1.2814450e+06   7.7270508e+01
   1.2814670e+06   3.2775879e+01
   1.2815330e+06   5.7983398e+01
   1.2816510e+06   7.3364258e+01
   1.2816710e+06   4.2907715e+01
   1.2817140e+06   3.4179688e+01
   1.2817620e+06   3.4851074e+01
   1.2818880e+06   9.6435547e+01
   1.2819040e+06   3.4301758e+01
   1.3014050e+06   3.9038086e+03
   1.3014260e+06   3.4912109e+01
   1.3514170e+06   1.9094238e+03
   1.3514300e+06   3.7780762e+01
   1.4014310e+06   1.9157715e+03
   1.4014860e+06   3.4301758e+01
   1.4502560e+06   3.5339355e+01
   1.4514470e+06   3.9108887e+03
   1.4514600e+06   3.3142090e+01
   1.5014610e+06   3.9085083e+03
   1.5014810e+06   3.5522461e+01
   1.5514730e+06   1.9119873e+03
   1.6014870e+06   1.9105835e+03
   1.6015010e+06   3.4484863e+01
   1.6515010e+06   1.9051514e+03
   1.7015150e+06   1.9112549e+03
   1.7515290e+06   1.9055786e+03
   1.8015430e+06   1.9138794e+03
   1.8015630e+06   3.3325195e+01
   1.8515570e+06   1.9252319e+03
   1.8515700e+06   3.3874512e+01
   1.9015730e+06   3.9022827e+03
   1.9515850e+06   1.9183960e+03
   1.9515980e+06   3.7902832e+01
   1.9573200e+06   4.8278809e+01
   1.9573670e+06   3.3020020e+01
   1.9573850e+06   3.5339355e+01
   1.9574290e+06   3.5522461e+01
   1.9574440e+06   3.5339355e+01
   1.9575050e+06   9.4848633e+01
   1.9575280e+06   4.3640137e+01
   1.9576000e+06   3.3752441e+01
   1.9576270e+06   4.4372559e+01
   1.9576590e+06   7.8918457e+01
   1.9576690e+06   3.3386230e+01
   1.9577440e+06   3.3325195e+01
   1.9577550e+06   1.4093018e+02
   1.9578290e+06   5.0476074e+01
   1.9578720e+06   1.1871338e+02
   1.9579040e+06   3.4240723e+01
   1.9579290e+06   6.7260742e+01
   1.9579490e+06   4.4067383e+01
   1.9579800e+06   4.5654297e+01
   1.9579970e+06   1.1517334e+02
   1.9580170e+06   4.4311523e+01
   1.9580320e+06   3.4851074e+01
   1.9580860e+06   1.0021973e+02
   1.9581060e+06   8.9233398e+01
   1.9581510e+06   4.6203613e+01
   1.9581820e+06   5.4321289e+01
   1.9581960e+06   7.8857422e+01
   1.9582150e+06   3.9184570e+01
   1.9582330e+06   3.4179688e+01
   1.9582560e+06   1.0333252e+02
   1.9582790e+06   3.7780762e+01
   1.9583360e+06   6.1218262e+01
   1.9583510e+06   3.9367676e+01
   1.9583800e+06   8.5083008e+01
   1.9583990e+06   4.4006348e+01
   1.9584160e+06   4.0100098e+01
   1.9584360e+06   3.3020020e+01
   1.9584850e+06   5.5419922e+01
   1.9584990e+06   3.9001465e+01
   1.9585230e+06   3.6315918e+01
   1.9585680e+06   4.7729492e+01
   1.9585980e+06   4.4250488e+01
   1.9586530e+06   4.1320801e+01
   1.9586870e+06   6.9274902e+01
   1.9587050e+06   3.3020020e+01
   1.9587290e+06   4.1137695e+01
   1.9587490e+06   3.5766602e+01
   1.9587870e+06   5.0048828e+01
   1.9588630e+06   3.6499023e+01
   1.9588850e+06   4.7119141e+01
   1.9589530e+06   3.4057617e+01
   1.9589780e+06   4.3395996e+01
   1.9589890e+06   5.6823730e+01
   1.9590260e+06   3.3447266e+01
   1.9591030e+06   6.1950684e+01
   1.9591150e+06   4.4616699e+01
   1.9591540e+06   5.3344727e+01
   1.9592670e+06   3.7353516e+01
   1.9594310e+06   7.9406738e+01
   1.9594760e+06   3.6804199e+01
   1.9594880e+06   5.9997559e+01
   2.0015990e+06   1.9175415e+03
   2.0516130e+06   1.9287720e+03
   2.1016270e+06   1.9104614e+03
   2.1516410e+06   1.9202881e+03
   2.2016550e+06   1.9237671e+03
   2.2016770e+06   4.2358398e+01
   2.2516710e+06   3.9225464e+03
   2.2518280e+06   3.2958984e+01
   2.3016830e+06   1.9260254e+03
   2.3016960e+06   3.3081055e+01
   2.3339630e+06   3.3447266e+01
   2.3339970e+06   3.2775879e+01
   2.3340510e+06   8.4777832e+01
   2.3341850e+06   3.7048340e+01
   2.3342910e+06   4.3457031e+01
   2.3343130e+06   3.3813477e+01
   2.3343500e+06   1.5460205e+02
   2.3343600e+06   1.0662842e+02
   2.3343930e+06   5.1635742e+01
   2.3344430e+06   3.9367676e+01
   2.3345170e+06   3.6804199e+01
   2.3345400e+06   6.9213867e+01
   2.3346170e+06   1.4678955e+02
   2.3346390e+06   4.3457031e+01
   2.3346590e+06   3.3203125e+01
   2.3347160e+06   3.2775879e+01
   2.3347360e+06   7.9162598e+01
   2.3347840e+06   1.2744141e+02
   2.3348030e+06   4.8767090e+01
   2.3348130e+06   4.8889160e+01
   2.3349520e+06   3.7719727e+01
   2.3350170e+06   7.0617676e+01
   2.3350400e+06   4.4189453e+01
   2.3350540e+06   3.8085938e+01
   2.3516970e+06   1.9369507e+03
   2.4017110e+06   1.9343262e+03
   2.4017330e+06   3.5888672e+01
   2.4517250e+06   1.9320068e+03
   2.4517470e+06   3.4118652e+01
   2.7731090e+06   4.1320801e+01
   2.7731330e+06   3.4545898e+01
   2.7731680e+06   3.5095215e+01
   2.7731870e+06   3.5766602e+01
   2.7732240e+06   4.1625977e+01
   2.7732780e+06   1.5856934e+02
   2.7732950e+06   3.4484863e+01
   2.7733430e+06   3.7414551e+01
   2.7733650e+06   7.6904297e+01
   2.7733850e+06   1.1938477e+02
   2.7734050e+06   3.6621094e+01
   2.7734540e+06   3.2958984e+01
   2.7734750e+06   1.2225342e+02
   2.7734910e+06   3.7170410e+01
   2.7735450e+06   6.8237305e+01
   2.7735610e+06   1.1761475e+02
   2.7735890e+06   3.8757324e+01
   2.7736270e+06   5.0903320e+01
   2.7736570e+06   1.0809326e+02
   2.7737300e+06   3.5034180e+01
   2.7737460e+06   1.4538574e+02
   2.7737630e+06   8.0749512e+01
   2.7737860e+06   4.0710449e+01
   2.7738280e+06   6.2072754e+01
   2.7738700e+06   3.3752441e+01
   2.7739040e+06   6.2500000e+01
   2.7739160e+06   4.5776367e+01
   2.7739410e+06   4.8461914e+01
   2.7739750e+06   5.3466797e+01
   2.7739850e+06   6.2133789e+01
   2.7740150e+06   5.1757813e+01
   2.7740600e+06   5.6396484e+01
   2.7740870e+06   3.4729004e+01
   2.7741060e+06   4.1442871e+01
   2.7741500e+06   7.6904297e+01
   2.7741790e+06   3.4301758e+01
   2.7742340e+06   5.9753418e+01
   2.7742450e+06   5.3710938e+01
   2.7743050e+06   4.4799805e+01
   2.7743300e+06   3.6804199e+01
   2.7743540e+06   5.2246094e+01
   2.7743780e+06   4.4616699e+01
   2.7743910e+06   4.6386719e+01
   2.7744310e+06   3.6865234e+01
   2.7745040e+06   5.2856445e+01
   2.7745450e+06   3.6376953e+01
   2.7745900e+06   3.8085938e+01
   2.7746190e+06   4.9438477e+01
   2.7747130e+06   3.7780762e+01
   2.7747350e+06   3.9001465e+01
   2.7748240e+06   5.2368164e+01
   2.7748550e+06   3.5522461e+01
   2.7748670e+06   3.3447266e+01
   2.7749610e+06   4.7119141e+01
   2.7750390e+06   4.5410156e+01
   2.7751090e+06   6.5063477e+01
   2.7752440e+06   3.3752441e+01
   2.7753120e+06   6.4514160e+01
