   2.9990000e+06   0.0000000e+00
   1.0390000e+03   1.9711914e+03
   5.1053000e+04   1.9776001e+03
   5.1065000e+04   3.8208008e+01
   1.0106900e+05   3.9663086e+03
   1.3652300e+05   3.2958984e+01
   1.5108300e+05   3.9609375e+03
   1.5109800e+05   2.9663086e+01
   2.0109500e+05   1.9761353e+03
   2.5110900e+05   1.9777222e+03
   3.0112300e+05   1.9827271e+03
   3.0113500e+05   3.0639648e+01
   3.5113700e+05   1.9846191e+03
   4.0115100e+05   1.9798584e+03
   4.0116300e+05   3.2165527e+01
   4.5116500e+05   1.9769287e+03
   4.8319700e+05   3.0334473e+01
   5.0117900e+05   1.9838257e+03
   5.0119400e+05   3.4545898e+01
   5.5119500e+05   3.9736328e+03
   5.5120700e+05   3.3508301e+01
   5.7094600e+05   3.0151367e+01
   5.7103400e+05   2.9235840e+01
   5.7124600e+05   3.0395508e+01
   5.7217400e+05   2.9846191e+01
   6.0120900e+05   2.0088501e+03
   6.5122300e+05   3.9881592e+03
   7.0123700e+05   3.9756470e+03
   7.5125100e+05   3.9750366e+03
   7.5126300e+05   3.1005859e+01
   8.0126300e+05   1.9868164e+03
   8.5127700e+05   1.9804687e+03
   8.5128900e+05   4.0771484e+01
   9.0129100e+05   1.9818726e+03
   9.5130500e+05   1.9779053e+03
   9.5131800e+05   3.1005859e+01
   9.6235100e+05   2.9602051e+01
   1.0013190e+06   1.9768677e+03
   1.0013310e+06   3.7292480e+01
   1.0513330e+06   1.9812622e+03
   1.1013490e+06   3.9808350e+03
   1.1513610e+06   1.9861450e+03
   1.2013750e+06   1.9801025e+03
   1.2513890e+06   1.9858398e+03
   1.2800510e+06   3.0090332e+01
   1.2801480e+06   2.9052734e+01
   1.3014030e+06   1.9733276e+03
   1.3514170e+06   1.9843140e+03
   1.4014310e+06   1.9821777e+03
   1.4514450e+06   1.9790039e+03
   1.5014590e+06   1.9807129e+03
   1.5014710e+06   3.7109375e+01
   1.5514750e+06   3.9765625e+03
   1.6014870e+06   1.9775391e+03
   1.6382310e+06   3.0212402e+01
   1.6515030e+06   3.9688721e+03
   1.7015170e+06   3.9663696e+03
   1.7515290e+06   1.9769897e+03
   1.8015450e+06   3.9747925e+03
   1.8515590e+06   3.9763794e+03
   1.9015710e+06   1.9761963e+03
   1.9015870e+06   2.9174805e+01
   1.9515850e+06   1.9783936e+03
   1.9578960e+06   2.9785156e+01
   2.0015990e+06   1.9782715e+03
   2.0516130e+06   1.9820557e+03
   2.1016270e+06   1.9807129e+03
   2.1516430e+06   3.9718018e+03
   2.1516530e+06   3.5766602e+01
   2.2016550e+06   1.9811401e+03
   2.2516710e+06   3.9851074e+03
   2.3016830e+06   1.9965210e+03
   2.3016970e+06   3.0822754e+01
   2.3341530e+06   2.9602051e+01
   2.3516970e+06   1.9982910e+03
   2.4017110e+06   1.9954834e+03
   2.4517250e+06   1.9950562e+03
   2.4517370e+06   3.5583496e+01
   2.6519720e+06   2.9235840e+01
   2.7730750e+06   3.1127930e+01
