   2.9990000e+06   0.0000000e+00
   3.3400000e+02   3.0090332e+01
   1.0390000e+03   1.9832764e+03
   1.1889000e+04   2.8442383e+01
   2.8847000e+04   3.5339355e+01
   3.2830000e+04   3.2775879e+01
   3.2844000e+04   2.9113770e+01
   3.2900000e+04   2.8930664e+01
   3.3064000e+04   2.9602051e+01
   3.3075000e+04   3.4667969e+01
   3.3126000e+04   3.2836914e+01
   3.3137000e+04   3.3813477e+01
   3.3166000e+04   3.0944824e+01
   3.3183000e+04   4.2724609e+01
   3.3236000e+04   3.0639648e+01
   3.3321000e+04   4.2785645e+01
   3.3358000e+04   3.6987305e+01
   3.3390000e+04   2.9785156e+01
   3.3401000e+04   2.8564453e+01
   3.3464000e+04   5.1269531e+01
   3.3549000e+04   3.8757324e+01
   3.3582000e+04   2.9357910e+01
   3.3621000e+04   3.7536621e+01
   3.3688000e+04   3.1738281e+01
   3.3736000e+04   3.2836914e+01
   3.3762000e+04   3.1311035e+01
   3.3786000e+04   3.8330078e+01
   3.3820000e+04   3.1127930e+01
   3.3910000e+04   3.0334473e+01
   3.3951000e+04   3.4240723e+01
   3.4054000e+04   3.1127930e+01
   3.4291000e+04   2.8015137e+01
   3.4552000e+04   2.8015137e+01
   3.4603000e+04   3.0883789e+01
   5.1053000e+04   1.9859009e+03
   5.1067000e+04   2.9052734e+01
   6.3548000e+04   3.0700684e+01
   1.0106700e+05   1.9890137e+03
   1.2097400e+05   2.8137207e+01
   1.3171900e+05   2.8015137e+01
   1.3504200e+05   3.3508301e+01
   1.3560700e+05   2.8259277e+01
   1.3591000e+05   3.7902832e+01
   1.3598500e+05   2.8137207e+01
   1.3602400e+05   3.0517578e+01
   1.3636000e+05   3.9306641e+01
   1.3645500e+05   3.0700684e+01
   1.3647500e+05   2.8259277e+01
   1.3666800e+05   3.2287598e+01
   1.3676600e+05   3.0456543e+01
   1.3680500e+05   2.9052734e+01
   1.3684300e+05   2.8259277e+01
   1.3685600e+05   3.0212402e+01
   1.3695200e+05   3.2592773e+01
   1.3698300e+05   3.0761719e+01
   1.3706600e+05   2.8564453e+01
   1.3716200e+05   3.1250000e+01
   1.3724700e+05   2.8564453e+01
   1.3741800e+05   2.9968262e+01
   1.3761500e+05   2.7954102e+01
   1.5108300e+05   3.9719238e+03
   1.8419600e+05   3.2958984e+01
   1.9636600e+05   3.5339355e+01
   2.0109500e+05   1.9848022e+03
   2.0163800e+05   2.9113770e+01
   2.4419900e+05   3.0761719e+01
   2.4976000e+05   3.2470703e+01
   2.5111100e+05   3.9769897e+03
   2.7266800e+05   2.8320313e+01
   2.8501500e+05   2.8381348e+01
   3.0112300e+05   1.9901733e+03
   3.0547500e+05   3.1555176e+01
   3.3294800e+05   2.7954102e+01
   3.3505100e+05   3.0639648e+01
   3.4711000e+05   3.2226563e+01
   3.4809100e+05   3.2470703e+01
   3.5113700e+05   1.9967651e+03
   3.7526800e+05   3.0700684e+01
   3.9206300e+05   3.6621094e+01
   3.9598500e+05   2.9663086e+01
   4.0115300e+05   3.9820557e+03
   4.5116700e+05   3.9816284e+03
   4.5188300e+05   2.9602051e+01
   4.8212400e+05   3.2653809e+01
   4.8248500e+05   3.0395508e+01
   4.8252300e+05   3.0639648e+01
   4.8259200e+05   2.8930664e+01
   4.8263400e+05   3.6254883e+01
   4.8268300e+05   3.0029297e+01
   4.8269600e+05   3.1494141e+01
   4.8275000e+05   3.0456543e+01
   4.8280300e+05   2.9113770e+01
   4.8283200e+05   3.3142090e+01
   4.8284800e+05   3.0456543e+01
   4.8290400e+05   2.9785156e+01
   4.8293300e+05   3.8940430e+01
   4.8298800e+05   3.4729004e+01
   4.8303400e+05   3.1188965e+01
   4.8307700e+05   3.1433105e+01
   4.8311800e+05   3.9123535e+01
   4.8319400e+05   3.5888672e+01
   4.8328900e+05   2.9174805e+01
   4.8332400e+05   2.8259277e+01
   4.8335100e+05   3.1982422e+01
   4.8337700e+05   3.5949707e+01
   4.8340600e+05   3.1250000e+01
   4.8342600e+05   2.8747559e+01
   4.8344100e+05   3.1066895e+01
   4.8347900e+05   3.2409668e+01
   4.8351000e+05   3.0090332e+01
   4.8353500e+05   3.0090332e+01
   4.8375300e+05   2.8076172e+01
   4.8382100e+05   2.8869629e+01
   4.8393700e+05   2.8198242e+01
   4.8419200e+05   2.9479980e+01
   4.8422900e+05   3.0029297e+01
   4.8435800e+05   2.9357910e+01
   5.0117900e+05   1.9995728e+03
   5.2443200e+05   2.9052734e+01
   5.5119500e+05   3.9933472e+03
   5.5139400e+05   3.1433105e+01
   5.7030100e+05   3.3020020e+01
   5.7061200e+05   2.8503418e+01
   5.7073300e+05   2.8808594e+01
   5.7074900e+05   3.6376953e+01
   5.7078400e+05   3.9978027e+01
   5.7082400e+05   3.4667969e+01
   5.7084700e+05   3.2409668e+01
   5.7086900e+05   2.8808594e+01
   5.7091500e+05   3.5034180e+01
   5.7094300e+05   3.6315918e+01
   5.7099500e+05   2.9174805e+01
   5.7101800e+05   5.0659180e+01
   5.7103500e+05   2.9846191e+01
   5.7111300e+05   3.5095215e+01
   5.7114300e+05   2.9602051e+01
   5.7117500e+05   3.2165527e+01
   5.7118900e+05   2.9846191e+01
   5.7121300e+05   3.3630371e+01
   5.7145500e+05   2.8259277e+01
   5.7147400e+05   3.5034180e+01
   5.7151100e+05   2.8137207e+01
   5.7156200e+05   3.2104492e+01
   5.7161500e+05   3.1250000e+01
   5.7163000e+05   3.4912109e+01
   5.7165700e+05   3.3630371e+01
   5.7175200e+05   2.9052734e+01
   5.7187400e+05   2.9113770e+01
   5.7190400e+05   2.8747559e+01
   5.7200000e+05   2.9418945e+01
   5.7204300e+05   2.9602051e+01
   5.7210200e+05   2.9602051e+01
   6.0120700e+05   1.9960327e+03
   6.0166100e+05   2.9785156e+01
   6.0251600e+05   3.1921387e+01
   6.5122300e+05   3.9957886e+03
   6.8265800e+05   3.2104492e+01
   6.8353600e+05   3.3081055e+01
   7.0123500e+05   1.9945679e+03
   7.1398100e+05   2.8442383e+01
   7.1603500e+05   3.1127930e+01
   7.4895500e+05   2.9541016e+01
   7.5124900e+05   1.9985962e+03
   7.8447400e+05   3.3142090e+01
   8.0126300e+05   1.9912720e+03
   8.0284100e+05   3.2470703e+01
   8.3859200e+05   2.8808594e+01
   8.5127700e+05   1.9890747e+03
   8.5128900e+05   2.9479980e+01
   8.5153600e+05   2.8564453e+01
   8.5229600e+05   3.0578613e+01
   8.5581300e+05   2.9357910e+01
   8.6289200e+05   2.9357910e+01
   8.7396700e+05   2.8320313e+01
   8.8988700e+05   3.9855957e+01
   8.9079300e+05   2.9235840e+01
   9.0129100e+05   1.9843140e+03
   9.0130300e+05   3.3020020e+01
   9.5130500e+05   1.9891357e+03
   9.5154100e+05   3.6376953e+01
   9.6214300e+05   3.0029297e+01
   9.6227600e+05   3.1494141e+01
   9.6232900e+05   2.8015137e+01
   9.6244100e+05   2.8442383e+01
   9.6257600e+05   3.0578613e+01
   9.6269200e+05   3.3447266e+01
   9.6272100e+05   3.0212402e+01
   9.6276400e+05   2.8564453e+01
   9.6278900e+05   2.8137207e+01
   9.6282500e+05   3.2226563e+01
   9.6292500e+05   2.8625488e+01
   9.6308100e+05   3.2104492e+01
   9.6319100e+05   2.8686523e+01
   1.0013190e+06   1.9963989e+03
   1.0094030e+06   2.9357910e+01
   1.0349700e+06   3.5095215e+01
   1.0513350e+06   3.9973755e+03
   1.0643880e+06   3.1860352e+01
   1.0958660e+06   3.1555176e+01
   1.0969080e+06   3.0151367e+01
   1.1013470e+06   1.9955444e+03
   1.1142960e+06   3.1005859e+01
   1.1513630e+06   3.9867554e+03
   1.1513730e+06   3.4057617e+01
   1.1669710e+06   2.8930664e+01
   1.1776070e+06   3.3691406e+01
   1.1964980e+06   2.9357910e+01
   1.2013750e+06   1.9948120e+03
   1.2037920e+06   2.8747559e+01
   1.2509570e+06   2.9846191e+01
   1.2513890e+06   1.9904785e+03
   1.2726970e+06   2.9418945e+01
   1.2797700e+06   3.0090332e+01
   1.2799150e+06   4.0954590e+01
   1.2799390e+06   2.8686523e+01
   1.2800100e+06   2.8686523e+01
   1.2800630e+06   2.9663086e+01
   1.2800930e+06   3.0639648e+01
   1.2801140e+06   3.2043457e+01
   1.2801320e+06   3.6743164e+01
   1.2802070e+06   2.8503418e+01
   1.2802390e+06   3.7109375e+01
   1.2803060e+06   2.8503418e+01
   1.2803380e+06   3.7048340e+01
   1.2803660e+06   3.2958984e+01
   1.2804360e+06   2.8381348e+01
   1.2805620e+06   3.2470703e+01
   1.2806300e+06   3.1555176e+01
   1.2806890e+06   4.8156738e+01
   1.2807000e+06   3.0029297e+01
   1.2807430e+06   3.4729004e+01
   1.2807750e+06   2.8320313e+01
   1.2807960e+06   3.2958984e+01
   1.2808390e+06   3.2043457e+01
   1.2808610e+06   2.8747559e+01
   1.2809830e+06   2.8564453e+01
   1.2811230e+06   2.9479980e+01
   1.2812480e+06   3.2226563e+01
   1.2813790e+06   3.6071777e+01
   1.3014030e+06   1.9887695e+03
   1.3279260e+06   2.9785156e+01
   1.3514170e+06   1.9990845e+03
   1.3514290e+06   3.0639648e+01
   1.3519650e+06   2.8015137e+01
   1.3863160e+06   3.1982422e+01
   1.4014310e+06   2.0026855e+03
   1.4093540e+06   3.4240723e+01
   1.4278430e+06   2.8381348e+01
   1.4286920e+06   3.2836914e+01
   1.4489280e+06   2.9846191e+01
   1.4497710e+06   3.0395508e+01
   1.4514450e+06   1.9962158e+03
   1.4822680e+06   2.7954102e+01
   1.4832660e+06   3.0395508e+01
   1.4923950e+06   3.1616211e+01
   1.4933400e+06   3.3935547e+01
   1.5014590e+06   1.9924316e+03
   1.5017870e+06   3.0334473e+01
   1.5027490e+06   3.0822754e+01
   1.5213890e+06   2.9113770e+01
   1.5295090e+06   3.3020020e+01
   1.5421750e+06   3.2958984e+01
   1.5514750e+06   3.9917603e+03
   1.5594400e+06   2.8503418e+01
   1.5822460e+06   3.0822754e+01
   1.6001580e+06   3.0822754e+01
   1.6014890e+06   3.9895020e+03
   1.6043320e+06   3.1127930e+01
   1.6053250e+06   2.8198242e+01
   1.6381710e+06   2.8991699e+01
   1.6426130e+06   3.1005859e+01
   1.6502800e+06   2.8320313e+01
   1.6515030e+06   2.0068970e+03
   1.6684510e+06   2.8808594e+01
   1.6981800e+06   3.1982422e+01
   1.7015170e+06   3.9933472e+03
   1.7041210e+06   2.9174805e+01
   1.7198340e+06   3.5888672e+01
   1.7293960e+06   3.1066895e+01
   1.7451070e+06   2.9418945e+01
   1.7515290e+06   1.9934082e+03
   1.7680940e+06   3.4057617e+01
   1.8015430e+06   1.9976807e+03
   1.8015540e+06   3.7048340e+01
   1.8016870e+06   3.3386230e+01
   1.8027530e+06   3.1555176e+01
   1.8089940e+06   2.9235840e+01
   1.8227410e+06   2.8015137e+01
   1.8301140e+06   2.8198242e+01
   1.8311540e+06   2.9052734e+01
   1.8412490e+06   2.9907227e+01
   1.8515570e+06   2.0010376e+03
   1.8552190e+06   3.3508301e+01
   1.8717700e+06   3.0944824e+01
   1.9015710e+06   1.9852295e+03
   1.9101150e+06   2.9541016e+01
   1.9193680e+06   2.9479980e+01
   1.9431780e+06   3.1982422e+01
   1.9486670e+06   2.8015137e+01
   1.9515850e+06   1.9989624e+03
   1.9571250e+06   2.8259277e+01
   1.9572990e+06   2.9968262e+01
   1.9574150e+06   2.9113770e+01
   1.9574590e+06   2.9968262e+01
   1.9575010e+06   3.4973145e+01
   1.9575110e+06   4.1748047e+01
   1.9575800e+06   3.0700684e+01
   1.9575920e+06   4.1564941e+01
   1.9576260e+06   3.3203125e+01
   1.9576530e+06   3.3386230e+01
   1.9576660e+06   2.8381348e+01
   1.9576920e+06   5.0964355e+01
   1.9577280e+06   4.0283203e+01
   1.9577760e+06   2.8442383e+01
   1.9577960e+06   3.7658691e+01
   1.9578070e+06   2.8381348e+01
   1.9578490e+06   3.0029297e+01
   1.9578600e+06   2.9296875e+01
   1.9579460e+06   2.8991699e+01
   1.9579970e+06   4.0466309e+01
   1.9581090e+06   2.8381348e+01
   1.9581680e+06   3.6560059e+01
   1.9582710e+06   3.8940430e+01
   1.9583080e+06   3.1982422e+01
   1.9583560e+06   3.4484863e+01
   1.9584500e+06   3.0700684e+01
   1.9585410e+06   3.2104492e+01
   1.9585970e+06   2.8869629e+01
   1.9589750e+06   2.9052734e+01
   2.0016010e+06   2.0100098e+03
   2.0188290e+06   3.4484863e+01
   2.0416010e+06   3.1127930e+01
   2.0516150e+06   3.9857788e+03
   2.0527910e+06   3.4362793e+01
   2.0629060e+06   3.0883789e+01
   2.0766980e+06   2.8686523e+01
   2.0775080e+06   2.9907227e+01
   2.1016290e+06   3.9886475e+03
   2.1142400e+06   2.9724121e+01
   2.1315980e+06   2.8808594e+01
   2.1425840e+06   3.2409668e+01
   2.1462210e+06   2.8259277e+01
   2.1516410e+06   1.9925537e+03
   2.1580290e+06   3.1494141e+01
   2.1626560e+06   2.8381348e+01
   2.1635430e+06   2.8503418e+01
   2.1687880e+06   3.0761719e+01
   2.1900460e+06   2.8015137e+01
   2.1909030e+06   3.0334473e+01
   2.1918960e+06   3.4851074e+01
   2.2000510e+06   2.9968262e+01
   2.2016550e+06   1.9957886e+03
   2.2101500e+06   3.3142090e+01
   2.2110130e+06   2.8930664e+01
   2.2329000e+06   2.8015137e+01
   2.2516690e+06   1.9996338e+03
   2.2520220e+06   2.8686523e+01
   2.2895120e+06   3.2287598e+01
   2.2993170e+06   2.9968262e+01
   2.3016830e+06   2.0062866e+03
   2.3053010e+06   2.8015137e+01
   2.3277410e+06   2.9846191e+01
   2.3337830e+06   3.2043457e+01
   2.3338820e+06   3.5400391e+01
   2.3339630e+06   3.1494141e+01
   2.3341270e+06   3.1188965e+01
   2.3341950e+06   3.1311035e+01
   2.3342760e+06   3.0883789e+01
   2.3343720e+06   3.7170410e+01
   2.3344860e+06   3.0090332e+01
   2.3345080e+06   3.4179688e+01
   2.3345400e+06   3.1616211e+01
   2.3346320e+06   3.0578613e+01
   2.3346660e+06   2.8564453e+01
   2.3347560e+06   2.8198242e+01
   2.3516970e+06   2.0054321e+03
   2.3651870e+06   2.9541016e+01
   2.3908450e+06   2.8808594e+01
   2.3918960e+06   2.8320312e+01
   2.4017110e+06   2.0058594e+03
   2.4017230e+06   2.9907227e+01
   2.4230680e+06   3.0944824e+01
   2.4296190e+06   2.9663086e+01
   2.4517250e+06   2.0062256e+03
   2.4531180e+06   2.9479980e+01
   2.4816560e+06   3.3447266e+01
   2.4960780e+06   3.0212402e+01
   2.5126700e+06   3.2104492e+01
   2.5167780e+06   3.2531738e+01
   2.5534010e+06   3.0090332e+01
   2.5634460e+06   3.2287598e+01
   2.6522700e+06   2.9907227e+01
   2.6872530e+06   2.8442383e+01
   2.6991400e+06   2.7954102e+01
   2.7397060e+06   2.8686523e+01
   2.7539000e+06   3.3386230e+01
   2.7729530e+06   3.3996582e+01
   2.7730280e+06   3.1616211e+01
   2.7730590e+06   3.4484863e+01
   2.7730970e+06   2.9052734e+01
   2.7731240e+06   3.5827637e+01
   2.7731930e+06   2.9418945e+01
   2.7732230e+06   3.1738281e+01
   2.7732660e+06   5.1879883e+01
   2.7733300e+06   3.0456543e+01
   2.7733590e+06   3.1433105e+01
   2.7733700e+06   3.3142090e+01
   2.7734020e+06   2.8320313e+01
   2.7734530e+06   2.8747559e+01
   2.7734690e+06   2.8869629e+01
   2.7734840e+06   3.0639648e+01
   2.7735280e+06   2.9479980e+01
   2.7735520e+06   3.5827637e+01
   2.7736180e+06   3.1494141e+01
   2.7736920e+06   2.8015137e+01
   2.7737140e+06   3.5095215e+01
   2.7737840e+06   3.2531738e+01
   2.7738240e+06   3.3874512e+01
   2.7738900e+06   3.0029297e+01
   2.7739180e+06   3.0151367e+01
   2.7739300e+06   3.1677246e+01
   2.7740300e+06   3.7414551e+01
   2.7741080e+06   3.2897949e+01
   2.7741250e+06   2.8320313e+01
   2.7743960e+06   3.5217285e+01
   2.7744420e+06   2.9174805e+01
   2.7745630e+06   2.8564453e+01
   2.8074860e+06   3.3081055e+01
   2.8787300e+06   3.2104492e+01
   2.8977230e+06   2.9235840e+01
   2.9141850e+06   3.3264160e+01
   2.9235750e+06   3.0151367e+01
   2.9477580e+06   3.1921387e+01
   2.9591480e+06   2.8198242e+01
   2.9773230e+06   3.1616211e+01
