   2.9990000e+06   0.0000000e+00
   8.7780000e+03   3.6621094e+01
   8.9080000e+03   5.0659180e+01
   9.2480000e+03   6.1279297e+01
   9.3390000e+03   3.1372070e+01
   9.4780000e+03   3.4179688e+01
   9.4920000e+03   5.6030273e+01
   9.6330000e+03   3.2226563e+01
   9.7830000e+03   3.4301758e+01
   9.9810000e+03   2.9968262e+01
   7.5162000e+04   3.0334473e+01
   7.9358000e+04   3.1372070e+01
   7.9383000e+04   5.0903320e+01
   8.2418000e+04   6.6223145e+01
   8.2604000e+04   6.3354492e+01
   8.8379000e+04   3.0700684e+01
   1.4900200e+05   5.9692383e+01
   1.4917800e+05   5.8898926e+01
   1.4945000e+05   6.5124512e+01
   1.4957400e+05   2.9907227e+01
   2.1438200e+05   3.1616211e+01
   2.1440700e+05   7.1350098e+01
   2.1445400e+05   3.2653809e+01
   2.1446800e+05   3.0700684e+01
   2.1448000e+05   5.5786133e+01
   2.1452700e+05   3.8024902e+01
   2.1454400e+05   4.5715332e+01
   2.1458100e+05   3.3020020e+01
   2.1461600e+05   5.1452637e+01
   2.1466300e+05   4.2846680e+01
   2.1468700e+05   3.5522461e+01
   2.1470800e+05   3.6437988e+01
   2.1473900e+05   3.0334473e+01
   2.1477900e+05   4.7119141e+01
   2.1484600e+05   3.1066895e+01
   2.1487100e+05   3.2470703e+01
   2.1491400e+05   3.6193848e+01
   2.1493200e+05   3.9611816e+01
   2.1500900e+05   3.0456543e+01
   2.1503900e+05   3.3508301e+01
   2.1507600e+05   3.0761719e+01
   2.1512200e+05   4.9377441e+01
   2.1520500e+05   3.0700684e+01
   2.1528700e+05   3.2653809e+01
   2.1537800e+05   3.8940430e+01
   2.1549900e+05   3.4851074e+01
   2.1551900e+05   3.2775879e+01
   2.1562100e+05   3.0151367e+01
   2.1563700e+05   4.0100098e+01
   2.8292000e+05   6.3842773e+01
   2.8303400e+05   6.1157227e+01
   2.8320000e+05   3.2470703e+01
   2.8329300e+05   7.3791504e+01
   2.8333800e+05   3.0212402e+01
   2.8336500e+05   3.3874512e+01
   2.8356600e+05   3.3508301e+01
   2.8360400e+05   2.9907227e+01
   2.8361700e+05   5.3833008e+01
   2.8363800e+05   3.5034180e+01
   2.8368000e+05   3.2409668e+01
   2.8370000e+05   3.3264160e+01
   2.8371800e+05   5.6823730e+01
   2.8373000e+05   4.7546387e+01
   2.8375500e+05   3.3386230e+01
   2.8378900e+05   3.4362793e+01
   2.8381700e+05   3.2592773e+01
   2.8383000e+05   5.7312012e+01
   2.8391300e+05   6.4147949e+01
   2.8392600e+05   3.0029297e+01
   2.8396800e+05   3.1005859e+01
   2.8399500e+05   3.4973145e+01
   2.8406700e+05   4.2663574e+01
   2.8416400e+05   3.6499023e+01
   2.8420300e+05   3.2409668e+01
   2.8428900e+05   4.7912598e+01
   2.8444400e+05   3.5400391e+01
   2.8458900e+05   4.4433594e+01
   3.1024500e+05   7.2082520e+01
   3.1032900e+05   3.0517578e+01
   3.1038100e+05   5.9326172e+01
   3.1039200e+05   3.3691406e+01
   3.1045100e+05   3.3020020e+01
   3.1046600e+05   4.0405273e+01
   3.1052000e+05   3.1372070e+01
   3.1054000e+05   3.0761719e+01
   3.1056900e+05   3.5705566e+01
   3.1060100e+05   3.7170410e+01
   3.1063200e+05   5.5236816e+01
   3.1069500e+05   4.0527344e+01
   3.1071200e+05   4.0466309e+01
   3.1074100e+05   3.2409668e+01
   3.1078400e+05   4.9743652e+01
   3.1081500e+05   4.2785645e+01
   3.1084400e+05   3.0151367e+01
   3.1086700e+05   3.7353516e+01
   3.1089900e+05   4.0710449e+01
   3.1093900e+05   3.6254883e+01
   3.1099100e+05   4.6936035e+01
   3.1102000e+05   3.3264160e+01
   3.1106600e+05   4.0893555e+01
   3.1123300e+05   3.1066895e+01
   3.1140100e+05   4.7058105e+01
   3.1149900e+05   3.4301758e+01
   3.1161100e+05   3.8879395e+01
   3.1185400e+05   4.9133301e+01
   3.4628200e+05   6.0546875e+01
   3.4644500e+05   5.5725098e+01
   3.4659900e+05   5.8471680e+01
   3.4663800e+05   3.0090332e+01
   3.4667200e+05   3.7353516e+01
   3.4668800e+05   4.4433594e+01
   3.4669900e+05   5.9631348e+01
   3.4677900e+05   4.3823242e+01
   3.4680500e+05   3.0822754e+01
   3.4686400e+05   5.3955078e+01
   3.4689600e+05   3.7048340e+01
   3.4694000e+05   4.1015625e+01
   3.4698100e+05   3.6010742e+01
   3.4704500e+05   3.2043457e+01
   3.4713100e+05   5.0354004e+01
   3.4714200e+05   2.9907227e+01
   3.4717200e+05   3.0944824e+01
   3.4721600e+05   3.4606934e+01
   3.4728100e+05   3.2287598e+01
   3.4729100e+05   3.3081055e+01
   3.4755200e+05   3.7292480e+01
   3.4773300e+05   2.9907227e+01
   3.7042800e+05   6.7016602e+01
   3.7046000e+05   3.1921387e+01
   3.7049600e+05   3.2958984e+01
   3.7051700e+05   7.7270508e+01
   3.7053100e+05   2.9907227e+01
   3.7054900e+05   4.4433594e+01
   3.7056200e+05   3.0944824e+01
   3.7058800e+05   6.2744141e+01
   3.7060000e+05   3.1372070e+01
   3.7061500e+05   3.0944824e+01
   3.7063800e+05   3.3203125e+01
   3.7066000e+05   5.1879883e+01
   3.7067100e+05   4.7668457e+01
   3.7070400e+05   3.0639648e+01
   3.7072600e+05   4.4555664e+01
   3.7075300e+05   3.2714844e+01
   3.7077200e+05   3.2287598e+01
   3.7080500e+05   3.1127930e+01
   3.7087300e+05   3.1372070e+01
   3.7088500e+05   4.6447754e+01
   3.7090200e+05   3.0883789e+01
   3.7112300e+05   3.1005859e+01
   3.7138200e+05   3.0151367e+01
   3.7146600e+05   3.4362793e+01
   3.7160300e+05   3.4729004e+01
   3.7177200e+05   4.3395996e+01
   3.7189300e+05   3.1982422e+01
   3.7194800e+05   4.3029785e+01
   3.8872800e+05   3.4545898e+01
   3.8875000e+05   3.7536621e+01
   3.8878700e+05   3.3203125e+01
   3.8881700e+05   4.3273926e+01
   3.8883200e+05   3.3081055e+01
   3.8885900e+05   3.0029297e+01
   3.8887500e+05   4.0710449e+01
   3.8889400e+05   4.0405273e+01
   3.8896700e+05   4.1320801e+01
   3.8899700e+05   3.7048340e+01
   3.8901700e+05   3.8330078e+01
   3.8904300e+05   3.3813477e+01
   3.8906300e+05   3.3935547e+01
   3.8908500e+05   3.7841797e+01
   3.8913200e+05   4.0283203e+01
   3.8917600e+05   3.5339355e+01
   3.8921300e+05   3.0395508e+01
   3.8929800e+05   3.1738281e+01
   3.8931200e+05   3.0090332e+01
   3.8966700e+05   3.6499023e+01
   3.8968600e+05   3.0578613e+01
   3.8987800e+05   3.1311035e+01
   3.9011400e+05   3.1188965e+01
   3.9015600e+05   4.2907715e+01
   3.9049400e+05   4.6752930e+01
   4.0502300e+05   6.3171387e+01
   4.0504500e+05   3.1860352e+01
   4.0506100e+05   3.5034180e+01
   4.0508400e+05   3.4484863e+01
   4.0510000e+05   6.1401367e+01
   4.0512400e+05   3.1250000e+01
   4.0517000e+05   4.2907715e+01
   4.0520600e+05   3.7170410e+01
   4.0522100e+05   3.3691406e+01
   4.0525800e+05   3.8635254e+01
   4.0527300e+05   3.9062500e+01
   4.0532700e+05   5.2307129e+01
   4.0535800e+05   3.1066895e+01
   4.0543700e+05   3.9794922e+01
   4.0551000e+05   3.0578613e+01
   4.0559300e+05   3.0151367e+01
   4.0564800e+05   3.3630371e+01
   4.0567300e+05   3.3996582e+01
   4.0575300e+05   3.0456543e+01
   4.0580800e+05   3.2043457e+01
   4.0582200e+05   3.2348633e+01
   4.0586400e+05   3.5766602e+01
   4.0620000e+05   3.0883789e+01
   4.0639700e+05   3.2653809e+01
   4.1824300e+05   5.5053711e+01
   4.1828200e+05   3.1555176e+01
   4.1831800e+05   5.9936523e+01
   4.1833700e+05   3.6743164e+01
   4.1836200e+05   3.4484863e+01
   4.1839500e+05   4.9316406e+01
   4.1842500e+05   3.6193848e+01
   4.1848000e+05   4.6447754e+01
   4.1849900e+05   4.9377441e+01
   4.1855300e+05   3.2592773e+01
   4.1858200e+05   3.9306641e+01
   4.1862600e+05   3.9550781e+01
   4.1864100e+05   3.1494141e+01
   4.1866900e+05   3.4729004e+01
   4.1871600e+05   3.6682129e+01
   4.1879100e+05   3.0639648e+01
   4.1884300e+05   3.2409668e+01
   4.1892900e+05   3.4667969e+01
   4.1899600e+05   3.2287598e+01
   4.1901900e+05   3.1372070e+01
   4.1909600e+05   4.0649414e+01
   4.1920400e+05   3.3386230e+01
   4.1929900e+05   3.6743164e+01
   4.1941400e+05   3.9489746e+01
   4.1966200e+05   4.5104980e+01
   4.1988400e+05   3.8330078e+01
   4.2021300e+05   4.9560547e+01
   4.3276500e+05   3.5156250e+01
   4.3279100e+05   3.3142090e+01
   4.3285200e+05   4.3762207e+01
   4.3287500e+05   3.3203125e+01
   4.3290200e+05   4.6447754e+01
   4.3292900e+05   4.9438477e+01
   4.3295000e+05   3.6804199e+01
   4.3299700e+05   4.4921875e+01
   4.3301800e+05   3.7048340e+01
   4.3303400e+05   4.7363281e+01
   4.3307100e+05   4.1442871e+01
   4.3309600e+05   3.6071777e+01
   4.3313100e+05   3.3142090e+01
   4.3315000e+05   3.4545898e+01
   4.3317100e+05   3.1799316e+01
   4.3322500e+05   4.2114258e+01
   4.3348400e+05   3.0761719e+01
   4.3382600e+05   3.1311035e+01
   4.3394500e+05   3.5034180e+01
   4.3409600e+05   4.2053223e+01
   4.3431700e+05   5.6274414e+01
   4.4541100e+05   6.4147949e+01
   4.4545700e+05   3.0639648e+01
   4.4547800e+05   3.4912109e+01
   4.4549600e+05   5.4504395e+01
   4.4553600e+05   3.2592773e+01
   4.4555600e+05   3.0944824e+01
   4.4557200e+05   6.8481445e+01
   4.4562100e+05   3.0273438e+01
   4.4563300e+05   3.0334473e+01
   4.4565600e+05   3.7292480e+01
   4.4569100e+05   3.6743164e+01
   4.4573800e+05   3.5705566e+01
   4.4574800e+05   3.1982422e+01
   4.4595700e+05   3.0090332e+01
   4.4620000e+05   3.0639648e+01
   4.4634500e+05   3.4179688e+01
   4.4647400e+05   3.4851074e+01
   4.4655200e+05   3.1921387e+01
   4.4660000e+05   3.0029297e+01
   4.4681200e+05   3.4057617e+01
   4.5903500e+05   3.0395508e+01
   4.5904700e+05   8.2336426e+01
   4.5907800e+05   2.9968262e+01
   4.5911800e+05   4.4982910e+01
   4.5916900e+05   3.6376953e+01
   4.5919200e+05   5.2673340e+01
   4.5921700e+05   3.7414551e+01
   4.5924300e+05   3.4667969e+01
   4.5930400e+05   3.9550781e+01
   4.5936300e+05   3.7414551e+01
   4.5942000e+05   3.0395508e+01
   4.5946100e+05   3.3935547e+01
   4.5962300e+05   3.2287598e+01
   4.5968100e+05   3.2043457e+01
   4.5989400e+05   2.9907227e+01
   4.6024200e+05   4.2297363e+01
   4.6045000e+05   5.5175781e+01
   4.6063000e+05   4.9682617e+01
   4.7297400e+05   3.0883789e+01
   4.7304800e+05   3.4545898e+01
   4.7305800e+05   5.2185059e+01
   4.7309400e+05   3.7963867e+01
   4.7313200e+05   4.1809082e+01
   4.7314400e+05   4.4311523e+01
   4.7316500e+05   3.4973145e+01
   4.7321900e+05   4.4372559e+01
   4.7324300e+05   4.0832520e+01
   4.7328300e+05   3.1860352e+01
   4.7331000e+05   3.4973145e+01
   4.7334000e+05   3.2653809e+01
   4.7337800e+05   3.2897949e+01
   4.7341200e+05   4.3457031e+01
   4.7343000e+05   3.0212402e+01
   4.7347300e+05   3.1555176e+01
   4.7360700e+05   3.3203125e+01
   4.7391000e+05   3.3386230e+01
   4.7406100e+05   3.3264160e+01
   4.7422200e+05   4.8583984e+01
   4.7447700e+05   3.1799316e+01
   4.7486000e+05   3.2531738e+01
   4.8710600e+05   6.0546875e+01
   4.8716600e+05   3.0944824e+01
   4.8719000e+05   5.5664063e+01
   4.8720400e+05   3.0395508e+01
   4.8721400e+05   3.9245605e+01
   4.8723600e+05   4.2724609e+01
   4.8726500e+05   3.4973145e+01
   4.8727600e+05   4.1076660e+01
   4.8728900e+05   3.4667969e+01
   4.8731200e+05   3.2104492e+01
   4.8733900e+05   3.0944824e+01
   4.8735100e+05   3.1005859e+01
   4.8737800e+05   4.2846680e+01
   4.8739400e+05   4.6508789e+01
   4.8742800e+05   3.1738281e+01
   4.8746100e+05   3.1311035e+01
   4.8747500e+05   3.0761719e+01
   4.8750500e+05   2.9907227e+01
   4.8756600e+05   3.1738281e+01
   4.8761400e+05   3.4301758e+01
   4.8767100e+05   3.2958984e+01
   4.8783600e+05   3.8513184e+01
   4.8798100e+05   3.6804199e+01
   4.8811300e+05   3.5095215e+01
   4.8821200e+05   3.6193848e+01
   4.8839100e+05   3.8757324e+01
   5.0292600e+05   3.6071777e+01
   5.0295200e+05   6.2072754e+01
   5.0297800e+05   3.1372070e+01
   5.0299800e+05   3.8024902e+01
   5.0300800e+05   4.3273926e+01
   5.0302200e+05   4.6569824e+01
   5.0303400e+05   3.1921387e+01
   5.0307200e+05   3.1860352e+01
   5.0310500e+05   6.5490723e+01
   5.0311700e+05   5.5358887e+01
   5.0314000e+05   3.1921387e+01
   5.0318600e+05   3.0395508e+01
   5.0326900e+05   3.2348633e+01
   5.0334200e+05   3.4545898e+01
   5.0335500e+05   3.4362793e+01
   5.0343700e+05   3.1982422e+01
   5.0353200e+05   3.0151367e+01
   5.0373900e+05   3.4301758e+01
   5.0386300e+05   3.0151367e+01
   5.0391200e+05   3.7658691e+01
   5.0414100e+05   3.6315918e+01
   5.1862400e+05   6.5612793e+01
   5.1866000e+05   4.0161133e+01
   5.1867700e+05   3.5522461e+01
   5.1870500e+05   5.6396484e+01
   5.1872900e+05   3.0273438e+01
   5.1875700e+05   3.2348633e+01
   5.1877800e+05   4.5898438e+01
   5.1880000e+05   4.1687012e+01
   5.1881800e+05   3.6193848e+01
   5.1885900e+05   3.3020020e+01
   5.1887600e+05   5.1696777e+01
   5.1891500e+05   3.3203125e+01
   5.1892500e+05   3.0212402e+01
   5.1898600e+05   3.9489746e+01
   5.1900800e+05   3.1005859e+01
   5.1904600e+05   3.1677246e+01
   5.1907000e+05   3.1799316e+01
   5.1909800e+05   3.5705566e+01
   5.1915700e+05   3.0029297e+01
   5.1929300e+05   3.7048340e+01
   5.1940700e+05   3.3325195e+01
   5.1985300e+05   4.2724609e+01
   5.1994900e+05   3.1433105e+01
   5.3270700e+05   6.9335938e+01
   5.3272500e+05   3.1799316e+01
   5.3276700e+05   3.0883789e+01
   5.3279800e+05   4.6813965e+01
   5.3286100e+05   3.5400391e+01
   5.3287900e+05   4.3457031e+01
   5.3290800e+05   3.6865234e+01
   5.3295000e+05   3.0517578e+01
   5.3297700e+05   3.3203125e+01
   5.3298900e+05   3.1799316e+01
   5.3306900e+05   4.6386719e+01
   5.3309200e+05   3.4790039e+01
   5.3317800e+05   3.0334473e+01
   5.3326700e+05   4.1076660e+01
   5.3336200e+05   3.0700684e+01
   5.3347400e+05   3.6071777e+01
   5.3350800e+05   3.1677246e+01
   5.3360000e+05   4.3945313e+01
   5.3376100e+05   3.7963867e+01
   5.3391500e+05   4.6325684e+01
   6.0504400e+05   3.9999390e+03
   6.0515300e+05   2.9907227e+01
   6.0517300e+05   6.0974121e+01
   6.0524000e+05   3.3508301e+01
   6.0526300e+05   4.6020508e+01
   6.0528600e+05   3.6437988e+01
   6.0530200e+05   3.7414551e+01
   6.0532500e+05   3.3935547e+01
   6.0534900e+05   6.0180664e+01
   6.0537000e+05   3.3569336e+01
   6.0540200e+05   3.2775879e+01
   6.0542200e+05   4.3945313e+01
   6.0546300e+05   3.0395508e+01
   6.0548800e+05   3.1921387e+01
   6.0552800e+05   3.8208008e+01
   6.0555300e+05   3.1677246e+01
   6.0557500e+05   3.0395508e+01
   6.0560800e+05   3.2348633e+01
   6.0563600e+05   3.1127930e+01
   6.0567600e+05   3.0822754e+01
   6.0572200e+05   3.3935547e+01
   6.0598100e+05   3.4179688e+01
   6.0614300e+05   3.2104492e+01
   6.0637000e+05   3.0578613e+01
   6.0653800e+05   3.4240723e+01
   6.0668300e+05   4.7363281e+01
   6.0708400e+05   4.6142578e+01
   6.5505600e+05   2.0047607e+03
   6.5519300e+05   4.9621582e+01
   6.5520700e+05   3.1372070e+01
   6.5527900e+05   3.3203125e+01
   6.5529200e+05   7.3608398e+01
   6.5532800e+05   3.2653809e+01
   6.5537900e+05   5.4077148e+01
   6.5540900e+05   3.3142090e+01
   6.5543000e+05   4.5654297e+01
   6.5546000e+05   5.7495117e+01
   6.5550700e+05   3.0883789e+01
   6.5553000e+05   4.9560547e+01
   6.5554500e+05   2.9907227e+01
   6.5558400e+05   3.9062500e+01
   6.5562200e+05   3.3813477e+01
   6.5564900e+05   3.2775879e+01
   6.5566600e+05   3.3630371e+01
   6.5570100e+05   4.1809082e+01
   6.5592200e+05   3.8452148e+01
   6.5598300e+05   3.6987305e+01
   6.5614300e+05   3.2165527e+01
   6.5621800e+05   3.0456543e+01
   6.5632200e+05   3.3630371e+01
   6.5643200e+05   3.2775879e+01
   6.5654600e+05   3.4240723e+01
   6.5669000e+05   4.0100098e+01
   7.0507000e+05   2.0079956e+03
   7.0510800e+05   3.5339355e+01
   7.0519500e+05   5.4809570e+01
   7.0524100e+05   3.3996582e+01
   7.0527300e+05   3.5156250e+01
   7.0530100e+05   6.8603516e+01
   7.0531900e+05   4.0527344e+01
   7.0533800e+05   3.2653809e+01
   7.0539200e+05   6.6833496e+01
   7.0541400e+05   3.9489746e+01
   7.0543200e+05   3.5766602e+01
   7.0546500e+05   5.9204102e+01
   7.0547500e+05   3.7597656e+01
   7.0550700e+05   4.2358398e+01
   7.0552600e+05   4.4311523e+01
   7.0554600e+05   3.8208008e+01
   7.0561300e+05   3.0456543e+01
   7.0562300e+05   3.2653809e+01
   7.0566900e+05   3.2531738e+01
   7.0569300e+05   3.8330078e+01
   7.0572100e+05   3.4484863e+01
   7.0574800e+05   3.8146973e+01
   7.0579300e+05   3.2287598e+01
   7.0581900e+05   3.2348633e+01
   7.0585100e+05   3.4545898e+01
   7.0587900e+05   3.0456543e+01
   7.0591400e+05   3.2348633e+01
   7.0600600e+05   3.4912109e+01
   7.0614500e+05   3.2653809e+01
   7.0622800e+05   3.0517578e+01
   7.0674400e+05   3.1616211e+01
   7.0737300e+05   4.6997070e+01
   7.5508400e+05   2.0097046e+03
   7.5512200e+05   3.1127930e+01
   7.5523100e+05   6.8420410e+01
   7.5531900e+05   3.0761719e+01
   7.5533600e+05   4.4799805e+01
   7.5535500e+05   3.7475586e+01
   7.5542800e+05   3.3508301e+01
   7.5546700e+05   4.4372559e+01
   7.5547900e+05   3.5400391e+01
   7.5550500e+05   3.1738281e+01
   7.5551500e+05   4.8461914e+01
   7.5554000e+05   3.0090332e+01
   7.5557100e+05   3.5644531e+01
   7.5558800e+05   5.2368164e+01
   7.5560400e+05   3.1494141e+01
   7.5563700e+05   3.6010742e+01
   7.5565400e+05   3.3691406e+01
   7.5570800e+05   5.0842285e+01
   7.5571900e+05   3.2714844e+01
   7.5578300e+05   3.9489746e+01
   7.5581300e+05   3.5766602e+01
   7.5587400e+05   3.1494141e+01
   7.5592400e+05   3.5644531e+01
   7.5598100e+05   3.0334473e+01
   7.5603500e+05   3.5400391e+01
   7.5606700e+05   3.2531738e+01
   7.5645000e+05   3.0578613e+01
   7.5655900e+05   3.2348633e+01
   7.5675500e+05   3.8818359e+01
   7.5693800e+05   4.0893555e+01
   8.0509800e+05   2.0051880e+03
   8.0519800e+05   3.0151367e+01
   8.0522100e+05   6.2866211e+01
   8.0534200e+05   5.0659180e+01
   8.0535500e+05   3.1494141e+01
   8.0537000e+05   3.1066895e+01
   8.0539700e+05   3.3813477e+01
   8.0542200e+05   6.1767578e+01
   8.0545800e+05   3.2775879e+01
   8.0550100e+05   6.8420410e+01
   8.0551800e+05   3.8146973e+01
   8.0553900e+05   3.0456543e+01
   8.0555000e+05   5.0903320e+01
   8.0557500e+05   3.4545898e+01
   8.0561600e+05   3.8879395e+01
   8.0563900e+05   3.6437988e+01
   8.0569000e+05   3.6682129e+01
   8.0572900e+05   4.4433594e+01
   8.0578000e+05   3.9794922e+01
   8.0581800e+05   4.0344238e+01
   8.0596300e+05   3.9428711e+01
   8.0605700e+05   3.9428711e+01
   8.0635000e+05   3.2592773e+01
   8.0663200e+05   3.3325195e+01
   8.0681000e+05   3.5949707e+01
   8.5083600e+05   3.0273438e+01
   8.5092700e+05   7.1716309e+01
   8.5094800e+05   3.1555176e+01
   8.5099800e+05   3.5461426e+01
   8.5101200e+05   3.2165527e+01
   8.5102900e+05   5.5236816e+01
   8.5105300e+05   3.3691406e+01
   8.5111000e+05   5.0354004e+01
   8.5113100e+05   3.4545898e+01
   8.5115900e+05   3.5461426e+01
   8.5119600e+05   5.5969238e+01
   8.5125000e+05   3.2104492e+01
   8.5127000e+05   4.6630859e+01
   8.5129000e+05   3.3630371e+01
   8.5131400e+05   3.0151367e+01
   8.5136300e+05   3.5583496e+01
   8.5137300e+05   3.1066895e+01
   8.5144900e+05   4.4006348e+01
   8.5145900e+05   3.8024902e+01
   8.5152200e+05   3.7719727e+01
   8.5157700e+05   3.2104492e+01
   8.5162700e+05   3.7475586e+01
   8.5184600e+05   3.2897949e+01
   8.5194500e+05   3.0029297e+01
   8.5200900e+05   3.1494141e+01
   8.5205400e+05   3.6254883e+01
   8.5216800e+05   3.9062500e+01
   8.5238700e+05   4.8522949e+01
   8.5511400e+05   3.9999390e+03
   8.5513100e+05   3.3691406e+01
   9.0150500e+05   7.0739746e+01
   9.0162800e+05   4.9926758e+01
   9.0166700e+05   3.4973145e+01
   9.0170400e+05   3.1127930e+01
   9.0174500e+05   5.0659180e+01
   9.0183200e+05   4.1809082e+01
   9.0185000e+05   3.4729004e+01
   9.0186000e+05   3.1188965e+01
   9.0190100e+05   3.1738281e+01
   9.0193400e+05   4.2175293e+01
   9.0203000e+05   4.0161133e+01
   9.0209300e+05   3.4606934e+01
   9.0219500e+05   3.4240723e+01
   9.0232200e+05   3.2409668e+01
   9.0236600e+05   3.0578613e+01
   9.0244000e+05   3.4423828e+01
   9.0246000e+05   3.1066895e+01
   9.0267800e+05   3.2531738e+01
   9.0283900e+05   4.1320801e+01
   9.0512700e+05   5.1098633e+02
   9.0513900e+05   4.3029785e+01
   9.2916500e+05   6.4025879e+01
   9.2922600e+05   3.3752441e+01
   9.2928200e+05   5.7678223e+01
   9.2930900e+05   3.0517578e+01
   9.2933500e+05   3.3630371e+01
   9.2934700e+05   3.2409668e+01
   9.2937800e+05   4.8645020e+01
   9.2945600e+05   3.3325195e+01
   9.2948900e+05   5.4016113e+01
   9.2950800e+05   4.1809082e+01
   9.2953200e+05   3.4973145e+01
   9.2955300e+05   3.7353516e+01
   9.2958200e+05   3.6437988e+01
   9.2962200e+05   3.1188965e+01
   9.2963300e+05   3.5583496e+01
   9.2971500e+05   4.3273926e+01
   9.2977700e+05   4.0100098e+01
   9.2984100e+05   4.6630859e+01
   9.2997900e+05   5.6152344e+01
   9.3002600e+05   3.1250000e+01
   9.3011200e+05   4.9926758e+01
   9.3019400e+05   3.2470703e+01
   9.3026500e+05   4.6508789e+01
   9.5514000e+05   2.0112915e+03
   9.5523900e+05   3.0578613e+01
   9.5527700e+05   6.3354492e+01
   9.5535700e+05   3.2348633e+01
   9.5539800e+05   6.6406250e+01
   9.5550200e+05   3.2409668e+01
   9.5552100e+05   3.0090332e+01
   9.5553600e+05   6.0546875e+01
   9.5555500e+05   3.8452148e+01
   9.5557400e+05   3.1677246e+01
   9.5559800e+05   3.0212402e+01
   9.5563500e+05   3.0883789e+01
   9.5568700e+05   5.4077148e+01
   9.5574800e+05   3.1677246e+01
   9.5576400e+05   3.6865234e+01
   9.5582900e+05   3.7841797e+01
   9.5584700e+05   3.1188965e+01
   9.5595500e+05   4.2785645e+01
   9.5608300e+05   5.6335449e+01
   9.5622400e+05   5.1757813e+01
   9.5660200e+05   5.6823730e+01
   9.9267900e+05   6.4208984e+01
   9.9271700e+05   3.1188965e+01
   9.9277000e+05   3.0578613e+01
   9.9289900e+05   5.7556152e+01
   9.9307200e+05   6.0485840e+01
   9.9309700e+05   3.3264160e+01
   9.9312600e+05   3.4484863e+01
   9.9314700e+05   3.9916992e+01
   9.9318300e+05   3.2775879e+01
   9.9321200e+05   4.5227051e+01
   9.9330300e+05   3.0944824e+01
   9.9335200e+05   4.1259766e+01
   9.9338000e+05   3.3447266e+01
   9.9339800e+05   3.1494141e+01
   9.9341800e+05   3.0944824e+01
   9.9350700e+05   5.7067871e+01
   9.9354800e+05   3.0212402e+01
   9.9359600e+05   3.1433105e+01
   9.9365600e+05   3.0395508e+01
   9.9373800e+05   4.4677734e+01
   9.9392800e+05   5.7739258e+01
   9.9402900e+05   3.2836914e+01
   1.0051560e+06   3.9999390e+03
   1.0051670e+06   3.3142090e+01
   1.0052620e+06   6.7565918e+01
   1.0054190e+06   3.4484863e+01
   1.0056140e+06   7.7636719e+01
   1.0057350e+06   3.2775879e+01
   1.0057920e+06   3.0761719e+01
   1.0058630e+06   5.6518555e+01
   1.0059200e+06   3.2897949e+01
   1.0060570e+06   3.0334473e+01
   1.0062230e+06   4.7912598e+01
   1.0063630e+06   4.3945313e+01
   1.0331420e+06   3.2287598e+01
   1.0333050e+06   3.0334473e+01
   1.0333550e+06   6.7871094e+01
   1.0334160e+06   3.1738281e+01
   1.0334580e+06   3.0334473e+01
   1.0335080e+06   3.6010742e+01
   1.0335310e+06   3.0822754e+01
   1.0335630e+06   3.0090332e+01
   1.0335940e+06   3.1738281e+01
   1.0336290e+06   5.2124023e+01
   1.0339270e+06   3.1677246e+01
   1.0339500e+06   5.7434082e+01
   1.0551700e+06   3.9999390e+03
   1.0551870e+06   3.5888672e+01
   1.0553110e+06   6.4392090e+01
   1.0554460e+06   3.4912109e+01
   1.0554760e+06   3.2531738e+01
   1.0556290e+06   3.4240723e+01
   1.0556880e+06   3.2531738e+01
   1.0557390e+06   6.5612793e+01
   1.0558260e+06   3.4484863e+01
   1.0558460e+06   3.0944824e+01
   1.0559230e+06   3.0517578e+01
   1.0559480e+06   6.8298340e+01
   1.0993520e+06   3.0700684e+01
   1.0993980e+06   3.2226563e+01
   1.0994860e+06   6.2133789e+01
   1.0994980e+06   3.0517578e+01
   1.1051820e+06   2.0062256e+03
   1.1051940e+06   3.0273438e+01
   1.1317740e+06   3.1372070e+01
   1.1354970e+06   3.5095215e+01
   1.1355070e+06   3.1921387e+01
   1.1355410e+06   3.5522461e+01
   1.1551980e+06   3.9999390e+03
   1.1552230e+06   3.0212402e+01
   1.1552560e+06   3.4851074e+01
   1.1552860e+06   6.6467285e+01
   1.2052120e+06   3.9999390e+03
   1.2053370e+06   3.0761719e+01
   1.2053780e+06   6.0058594e+01
   1.2057240e+06   3.5827637e+01
   1.2063150e+06   3.0151367e+01
   1.2124440e+06   3.1982422e+01
   1.2552240e+06   2.0043945e+03
   1.2552420e+06   3.0151367e+01
   1.2553460e+06   3.0029297e+01
   1.2570630e+06   3.1066895e+01
   1.2617230e+06   3.3935547e+01
   1.3052400e+06   2.0108032e+03
   1.3053990e+06   3.1311035e+01
   1.3070730e+06   3.2043457e+01
   1.3086480e+06   3.1311035e+01
   1.3090870e+06   3.1127930e+01
   1.3153960e+06   3.0029297e+01
   1.3167480e+06   3.2775879e+01
   1.3552540e+06   3.9999390e+03
   1.3553090e+06   3.1188965e+01
   1.3557690e+06   3.0090332e+01
   1.3565930e+06   6.4941406e+01
   1.3566710e+06   3.0273438e+01
   1.3575320e+06   3.1799316e+01
   1.4052660e+06   2.0085449e+03
   1.4053440e+06   3.0273437e+01
   1.4053950e+06   6.9458008e+01
   1.4100410e+06   3.0090332e+01
   1.4101190e+06   3.0090332e+01
   1.4131590e+06   3.0029297e+01
   1.4161680e+06   3.1311035e+01
   1.4166980e+06   3.0151367e+01
   1.4173600e+06   3.0029297e+01
   1.4186560e+06   3.0212402e+01
   1.4552800e+06   2.0087280e+03
   1.4553370e+06   3.0456543e+01
   1.4554220e+06   5.4321289e+01
   1.4568290e+06   3.0212402e+01
   1.4571700e+06   3.1066895e+01
   1.5052940e+06   2.0068359e+03
   1.5053770e+06   3.1738281e+01
   1.5067180e+06   3.2897949e+01
   1.5067390e+06   6.1157227e+01
   1.5068950e+06   3.2592773e+01
   1.5069600e+06   3.6926270e+01
   1.5070280e+06   3.2043457e+01
   1.5070460e+06   3.3447266e+01
   1.5070970e+06   3.0151367e+01
   1.5071350e+06   3.1066895e+01
   1.5071690e+06   5.2856445e+01
   1.5072600e+06   3.2714844e+01
   1.5073360e+06   6.2744141e+01
   1.5075570e+06   3.0212402e+01
   1.5436620e+06   3.0578613e+01
   1.5437170e+06   3.1677246e+01
   1.5455510e+06   3.2165527e+01
   1.5553100e+06   3.9999390e+03
   1.5553250e+06   3.3447266e+01
   1.5599660e+06   3.3630371e+01
   1.5624970e+06   3.0212402e+01
   1.5625170e+06   2.9907227e+01
   1.6053220e+06   2.0092163e+03
   1.6054510e+06   5.4931641e+01
   1.6054740e+06   3.2287598e+01
   1.6056010e+06   3.0944824e+01
   1.6056220e+06   3.0151367e+01
   1.6056900e+06   3.1616211e+01
   1.6553360e+06   2.0100708e+03
   1.6567570e+06   3.8024902e+01
   1.6568000e+06   3.5827637e+01
   1.6568110e+06   3.2958984e+01
   1.6568420e+06   3.0029297e+01
   1.6568780e+06   3.2958984e+01
   1.6569130e+06   3.1860352e+01
   1.6569340e+06   7.8979492e+01
   1.6569700e+06   3.5339355e+01
   1.6569910e+06   3.1372070e+01
   1.6570340e+06   5.8288574e+01
   1.6570760e+06   3.6132813e+01
   1.6571120e+06   5.0292969e+01
   1.6571840e+06   3.4179688e+01
   1.6571960e+06   5.4077148e+01
   1.6572150e+06   3.9184570e+01
   1.6572460e+06   3.7536621e+01
   1.6572900e+06   5.4199219e+01
   1.6574540e+06   4.7241211e+01
   1.6576010e+06   5.7250977e+01
   1.6577220e+06   4.7180176e+01
   1.7053500e+06   2.0057373e+03
   1.7054070e+06   3.3691406e+01
   1.7054860e+06   6.9030762e+01
   1.7059560e+06   2.9907227e+01
   1.7059920e+06   3.0517578e+01
   1.7061030e+06   6.9763184e+01
   1.7061310e+06   3.0151367e+01
   1.7061520e+06   3.0456543e+01
   1.7062400e+06   5.7067871e+01
   1.7062600e+06   3.2653809e+01
   1.7063440e+06   5.0415039e+01
   1.7063540e+06   3.1127930e+01
   1.7064270e+06   3.3630371e+01
   1.7065640e+06   5.6579590e+01
   1.7066650e+06   3.2531738e+01
   1.7068700e+06   6.0485840e+01
   1.7553640e+06   2.0080566e+03
   1.7553820e+06   3.5095215e+01
   1.7555130e+06   5.6823730e+01
   1.7556430e+06   3.3386230e+01
   1.7557910e+06   3.1799316e+01
   1.7559320e+06   3.2592773e+01
   1.7559920e+06   3.7231445e+01
   1.7560790e+06   6.4086914e+01
   1.7561200e+06   3.5461426e+01
   1.7561430e+06   3.5278320e+01
   1.7561630e+06   3.4240723e+01
   1.7561990e+06   3.1799316e+01
   1.7562210e+06   6.0607910e+01
   1.7562460e+06   3.1005859e+01
   1.7562690e+06   3.1738281e+01
   1.7562840e+06   4.0100098e+01
   1.7563270e+06   6.0302734e+01
   1.7563950e+06   3.1616211e+01
   1.7564420e+06   4.7180176e+01
   1.7565440e+06   4.2968750e+01
   1.7565980e+06   3.2592773e+01
   1.7566880e+06   4.5471191e+01
   1.7568620e+06   6.2927246e+01
   1.7914470e+06   3.1555176e+01
   1.7914840e+06   7.6660156e+01
   1.7915140e+06   3.0761719e+01
   1.7915630e+06   3.2836914e+01
   1.7916130e+06   4.1748047e+01
   1.7916650e+06   7.3425293e+01
   1.7917050e+06   2.9968262e+01
   1.7917180e+06   3.5705566e+01
   1.7917960e+06   4.5837402e+01
   1.7918470e+06   3.1433105e+01
   1.8053780e+06   2.0108032e+03
   1.8053900e+06   3.3813477e+01
   1.8109380e+06   3.1921387e+01
   1.8451370e+06   3.5217285e+01
   1.8451780e+06   3.0578613e+01
   1.8453260e+06   3.0822754e+01
   1.8453860e+06   3.4362793e+01
   1.8454080e+06   3.2531738e+01
   1.8454310e+06   3.2470703e+01
   1.8454970e+06   5.8410645e+01
   1.8455850e+06   3.0395508e+01
   1.8456400e+06   3.4790039e+01
   1.8456850e+06   3.4912109e+01
   1.8457710e+06   6.3049316e+01
   1.8458550e+06   3.1188965e+01
   1.8553940e+06   3.9999390e+03
   1.8788360e+06   6.1584473e+01
   1.8793690e+06   3.2348633e+01
   1.8793910e+06   3.2653809e+01
   1.8796010e+06   6.5734863e+01
   1.8796240e+06   3.0456543e+01
   1.8797320e+06   3.5949707e+01
   1.9054060e+06   2.0068970e+03
   1.9054210e+06   3.6499023e+01
   1.9058900e+06   3.6987305e+01
   1.9059310e+06   3.2348633e+01
   1.9060070e+06   3.0883789e+01
   1.9061550e+06   3.6865234e+01
   1.9062180e+06   5.8654785e+01
   1.9062350e+06   3.1555176e+01
   1.9063250e+06   3.0151367e+01
   1.9063820e+06   3.0456543e+01
   1.9064110e+06   6.5429688e+01
   1.9482290e+06   3.0090332e+01
   1.9483850e+06   3.0700684e+01
   1.9554220e+06   3.9999390e+03
   1.9554770e+06   3.3325195e+01
   1.9951080e+06   3.1311035e+01
   1.9951450e+06   3.4606934e+01
   1.9951760e+06   3.7231445e+01
   1.9952110e+06   6.9519043e+01
   1.9952760e+06   3.0456543e+01
   1.9953160e+06   4.7668457e+01
   1.9953360e+06   3.2470703e+01
   1.9953720e+06   3.6315918e+01
   1.9954080e+06   5.5603027e+01
   1.9955040e+06   5.5725098e+01
   1.9956320e+06   5.1086426e+01
   1.9956540e+06   3.0334473e+01
   1.9958750e+06   6.6955566e+01
   2.0054360e+06   3.9992065e+03
   2.0054460e+06   3.4118652e+01
   2.0487150e+06   5.7128906e+01
   2.0489190e+06   3.3020020e+01
   2.0489480e+06   3.2104492e+01
   2.0491180e+06   7.3486328e+01
   2.0491380e+06   3.5766602e+01
   2.0491860e+06   3.2958984e+01
   2.0493280e+06   4.0771484e+01
   2.0493580e+06   5.7250977e+01
   2.0494920e+06   3.1127930e+01
   2.0495680e+06   5.6701660e+01
   2.0496430e+06   3.0029297e+01
   2.0554500e+06   3.9999390e+03
   2.0839210e+06   3.2043457e+01
   2.0839730e+06   3.6987305e+01
   2.0840480e+06   3.0456543e+01
   2.0841130e+06   3.2775879e+01
   2.0841280e+06   5.3283691e+01
   2.0842350e+06   4.0771484e+01
   2.0843120e+06   7.3791504e+01
   2.0843320e+06   3.0700684e+01
   2.0844360e+06   5.1879883e+01
   2.1054620e+06   2.0076294e+03
   2.1054740e+06   3.1494141e+01
   2.1056100e+06   5.7434082e+01
   2.1061890e+06   3.5095215e+01
   2.1067300e+06   3.0029297e+01
   2.1067700e+06   3.1799316e+01
   2.1068770e+06   3.2531738e+01
   2.1337940e+06   3.0212402e+01
   2.1359990e+06   3.2226563e+01
   2.1360220e+06   3.3996582e+01
   2.1360590e+06   7.2509766e+01
   2.1361310e+06   3.3691406e+01
   2.1361460e+06   3.0151367e+01
   2.1361680e+06   6.4208984e+01
   2.1362370e+06   3.3264160e+01
   2.1362540e+06   5.8654785e+01
   2.1362730e+06   3.0578613e+01
   2.1363100e+06   3.9062500e+01
   2.1363220e+06   4.6691895e+01
   2.1363410e+06   3.4790039e+01
   2.1363590e+06   3.3935547e+01
   2.1363880e+06   3.8940430e+01
   2.1363980e+06   3.8818359e+01
   2.1365630e+06   3.2653809e+01
   2.1366170e+06   3.0456543e+01
   2.1366330e+06   3.9611816e+01
   2.1367570e+06   3.0822754e+01
   2.1373920e+06   3.9489746e+01
   2.1554770e+06   5.3448486e+02
   2.1554880e+06   3.1494141e+01
   2.1555270e+06   3.5339355e+01
   2.1556650e+06   3.4545898e+01
   2.1557010e+06   3.0212402e+01
   2.1557740e+06   6.1462402e+01
   2.1558610e+06   3.4729004e+01
   2.1559160e+06   6.2011719e+01
   2.1559420e+06   3.6621094e+01
   2.1559860e+06   3.2775879e+01
   2.1560170e+06   4.4372559e+01
   2.1560280e+06   3.2043457e+01
   2.1561260e+06   4.8706055e+01
   2.1561670e+06   3.6132813e+01
   2.1561990e+06   5.7495117e+01
   2.1562320e+06   4.5043945e+01
   2.1562750e+06   4.4921875e+01
   2.1563540e+06   4.2785645e+01
   2.1563820e+06   3.1494141e+01
   2.1564080e+06   3.1555176e+01
   2.1564320e+06   3.7536621e+01
   2.1564660e+06   3.0029297e+01
   2.1566270e+06   3.7536621e+01
   2.1567020e+06   3.1494141e+01
   2.1568490e+06   3.2409668e+01
   2.1882730e+06   3.0517578e+01
   2.1883760e+06   3.1677246e+01
   2.1884120e+06   6.6284180e+01
   2.1884620e+06   2.9907227e+01
   2.1884950e+06   4.5776367e+01
   2.1885050e+06   3.2836914e+01
   2.1885200e+06   3.0395508e+01
   2.1885390e+06   3.1677246e+01
   2.1885540e+06   3.6071777e+01
   2.1885830e+06   3.4790039e+01
   2.1886400e+06   5.2246094e+01
   2.1886680e+06   4.2175293e+01
   2.1886820e+06   2.9907227e+01
   2.1887060e+06   3.4851074e+01
   2.1887160e+06   3.1433105e+01
   2.1887480e+06   3.4973145e+01
   2.1887670e+06   3.3447266e+01
   2.1888160e+06   3.3935547e+01
   2.1888480e+06   3.6621094e+01
   2.1889140e+06   3.7414551e+01
   2.1889990e+06   3.0090332e+01
   2.1890670e+06   3.0090332e+01
   2.1891100e+06   3.3081055e+01
   2.1891410e+06   3.0456543e+01
   2.1892260e+06   3.0395508e+01
   2.1893050e+06   3.4118652e+01
   2.1893980e+06   3.3874512e+01
   2.1895240e+06   3.0700684e+01
   2.1898930e+06   3.0395508e+01
   2.2054920e+06   3.9990234e+03
   2.2056020e+06   6.9152832e+01
   2.2056770e+06   3.3264160e+01
   2.2057160e+06   5.2795410e+01
   2.2057290e+06   3.2714844e+01
   2.2057500e+06   3.2836914e+01
   2.2057660e+06   3.8574219e+01
   2.2058050e+06   4.4128418e+01
   2.2058200e+06   3.5766602e+01
   2.2058600e+06   3.7902832e+01
   2.2058790e+06   4.6569824e+01
   2.2059040e+06   3.0639648e+01
   2.2059500e+06   4.3334961e+01
   2.2059660e+06   3.8208008e+01
   2.2060340e+06   3.4118652e+01
   2.2060760e+06   3.1127930e+01
   2.2060970e+06   3.4606934e+01
   2.2061320e+06   4.0527344e+01
   2.2061700e+06   3.5461426e+01
   2.2063130e+06   3.1372070e+01
   2.2063250e+06   3.3630371e+01
   2.2064570e+06   3.0700684e+01
   2.2067000e+06   3.3935547e+01
   2.2068110e+06   3.1860352e+01
   2.2069120e+06   3.1616211e+01
   2.2070830e+06   3.3935547e+01
   2.2072080e+06   3.7780762e+01
   2.2305960e+06   4.3151855e+01
   2.2306150e+06   3.1677246e+01
   2.2306290e+06   3.2287598e+01
   2.2306580e+06   7.0922852e+01
   2.2306930e+06   3.1250000e+01
   2.2307220e+06   4.7363281e+01
   2.2307490e+06   3.9001465e+01
   2.2307880e+06   3.5156250e+01
   2.2308010e+06   3.0517578e+01
   2.2308230e+06   3.0517578e+01
   2.2308370e+06   4.4128418e+01
   2.2308640e+06   3.5461426e+01
   2.2310080e+06   3.3081055e+01
   2.2310710e+06   3.4729004e+01
   2.2312150e+06   3.5644531e+01
   2.2313630e+06   3.4179688e+01
   2.2316040e+06   3.3203125e+01
   2.2318460e+06   3.5217285e+01
   2.2319310e+06   3.1860352e+01
   2.2319590e+06   3.8146973e+01
   2.2321110e+06   3.8940430e+01
   2.2323830e+06   4.4799805e+01
   2.2534010e+06   6.7626953e+01
   2.2534410e+06   3.1372070e+01
   2.2534770e+06   3.6926270e+01
   2.2534990e+06   3.0456543e+01
   2.2535310e+06   4.6813965e+01
   2.2535560e+06   3.1372070e+01
   2.2535860e+06   3.5278320e+01
   2.2536410e+06   3.4240723e+01
   2.2536630e+06   3.0395508e+01
   2.2536800e+06   3.3874512e+01
   2.2537230e+06   3.4057617e+01
   2.2538240e+06   3.2714844e+01
   2.2538420e+06   3.3691406e+01
   2.2539080e+06   3.3752441e+01
   2.2539380e+06   3.9611816e+01
   2.2539790e+06   3.4667969e+01
   2.2540230e+06   3.3325195e+01
   2.2540450e+06   3.2470703e+01
   2.2542200e+06   3.1311035e+01
   2.2542970e+06   3.4362793e+01
   2.2543870e+06   3.2348633e+01
   2.2544430e+06   3.4851074e+01
   2.2545510e+06   3.6621094e+01
   2.2547910e+06   4.0893555e+01
   2.2550800e+06   3.8269043e+01
   2.2553360e+06   3.2348633e+01
   2.2555050e+06   5.3472900e+02
   2.2555650e+06   3.5095215e+01
   2.2713850e+06   5.6518555e+01
   2.2714120e+06   4.6508789e+01
   2.2714360e+06   3.1127930e+01
   2.2714720e+06   5.1391602e+01
   2.2715060e+06   4.4250488e+01
   2.2715430e+06   3.7170410e+01
   2.2715570e+06   5.0170898e+01
   2.2715910e+06   3.3508301e+01
   2.2716200e+06   3.4912109e+01
   2.2716370e+06   3.8085938e+01
   2.2716480e+06   3.2958984e+01
   2.2716840e+06   3.6987305e+01
   2.2717310e+06   3.3264160e+01
   2.2718360e+06   3.2897949e+01
   2.2718660e+06   3.7048340e+01
   2.2719130e+06   3.6071777e+01
   2.2719910e+06   3.1066895e+01
   2.2720520e+06   3.6865234e+01
   2.2720740e+06   3.1494141e+01
   2.2724710e+06   3.3447266e+01
   2.2726940e+06   3.7780762e+01
   2.2728750e+06   4.0344238e+01
   2.2731500e+06   4.7973633e+01
   2.2734670e+06   4.6569824e+01
   2.2888180e+06   6.7199707e+01
   2.2888480e+06   3.4423828e+01
   2.2888810e+06   3.9916992e+01
   2.2888950e+06   3.4118652e+01
   2.2889150e+06   3.7536621e+01
   2.2889490e+06   5.2062988e+01
   2.2889900e+06   3.0273438e+01
   2.2890250e+06   4.0100098e+01
   2.2890580e+06   3.0944824e+01
   2.2890900e+06   4.4250488e+01
   2.2891190e+06   3.6865234e+01
   2.2891690e+06   2.9907227e+01
   2.2891830e+06   3.8146973e+01
   2.2893230e+06   3.1616211e+01
   2.2897400e+06   3.8024902e+01
   2.2898470e+06   3.3569336e+01
   2.2900910e+06   4.2968750e+01
   2.2902980e+06   3.9367676e+01
   2.2904700e+06   4.3945313e+01
   2.2911160e+06   4.2785645e+01
   2.3050410e+06   7.2875977e+01
   2.3050650e+06   3.1005859e+01
   2.3051070e+06   3.2409668e+01
   2.3051340e+06   5.5786133e+01
   2.3051780e+06   3.2958984e+01
   2.3051980e+06   3.0700684e+01
   2.3052140e+06   4.5471191e+01
   2.3052390e+06   3.3325195e+01
   2.3052960e+06   4.2541504e+01
   2.3053170e+06   3.7292480e+01
   2.3053810e+06   3.3569336e+01
   2.3054570e+06   3.3569336e+01
   2.3055070e+06   3.0944824e+01
   2.3055200e+06   3.9983521e+03
   2.3057080e+06   3.1860352e+01
   2.3058870e+06   3.0517578e+01
   2.3060090e+06   3.1311035e+01
   2.3064180e+06   4.7058105e+01
   2.3069250e+06   4.5654297e+01
   2.3275240e+06   6.4514160e+01
   2.3275700e+06   3.2531738e+01
   2.3275810e+06   3.1982422e+01
   2.3276070e+06   4.6630859e+01
   2.3276590e+06   4.6691895e+01
   2.3277210e+06   3.5217285e+01
   2.3277420e+06   3.4667969e+01
   2.3277680e+06   3.2592773e+01
   2.3278070e+06   3.2348633e+01
   2.3278240e+06   3.0944824e+01
   2.3278470e+06   3.8024902e+01
   2.3279250e+06   3.2409668e+01
   2.3279700e+06   3.1677246e+01
   2.3280180e+06   3.4851074e+01
   2.3281760e+06   3.1250000e+01
   2.3282900e+06   3.4912109e+01
   2.3283690e+06   3.1372070e+01
   2.3284210e+06   3.2714844e+01
   2.3284950e+06   3.4912109e+01
   2.3286360e+06   4.0405273e+01
   2.3287900e+06   4.0649414e+01
   2.3292200e+06   3.0761719e+01
   2.3294480e+06   5.4321289e+01
   2.3299370e+06   5.2185059e+01
   2.3435980e+06   6.8420410e+01
   2.3436850e+06   5.2246094e+01
   2.3437330e+06   3.0883789e+01
   2.3437510e+06   3.5217285e+01
   2.3437620e+06   4.4067383e+01
   2.3437990e+06   3.8330078e+01
   2.3438590e+06   4.1931152e+01
   2.3438760e+06   3.3630371e+01
   2.3439040e+06   3.0212402e+01
   2.3439560e+06   3.1188965e+01
   2.3439700e+06   3.3081055e+01
   2.3440470e+06   3.6132813e+01
   2.3442080e+06   3.0212402e+01
   2.3443750e+06   3.2470703e+01
   2.3445810e+06   3.3203125e+01
   2.3447290e+06   5.3161621e+01
   2.3452400e+06   3.9733887e+01
   2.3455970e+06   5.2917480e+01
   2.3555340e+06   3.9999390e+03
   2.3556380e+06   6.2255859e+01
   2.3557000e+06   3.3630371e+01
   2.3557260e+06   5.7067871e+01
   2.3557550e+06   3.2531738e+01
   2.3557930e+06   3.6560059e+01
   2.3558130e+06   6.7504883e+01
   2.3558450e+06   3.0639648e+01
   2.3558580e+06   3.3020020e+01
   2.3558840e+06   3.1921387e+01
   2.3559130e+06   5.2368164e+01
   2.3559740e+06   3.4912109e+01
   2.3560740e+06   3.9489746e+01
   2.3560960e+06   3.7719727e+01
   2.3561310e+06   3.0151367e+01
   2.3563810e+06   3.5156250e+01
   2.3565200e+06   3.3508301e+01
   2.3566890e+06   4.4738770e+01
   2.3568370e+06   3.7170410e+01
   2.5099130e+06   2.9907227e+01
   2.5107500e+06   5.5786133e+01
   2.5108260e+06   3.0822754e+01
   2.5108490e+06   5.5480957e+01
   2.5108920e+06   3.3813477e+01
   2.5109280e+06   5.7617188e+01
   2.5109550e+06   3.0395508e+01
   2.5109700e+06   3.2226563e+01
   2.5109910e+06   3.2043457e+01
   2.5110130e+06   5.6091309e+01
   2.5110470e+06   3.9855957e+01
   2.5110620e+06   4.4555664e+01
   2.5111020e+06   3.4545898e+01
   2.5111120e+06   4.8217773e+01
   2.5111590e+06   3.0334473e+01
   2.5112000e+06   3.7597656e+01
   2.5112120e+06   3.7658691e+01
   2.5112330e+06   3.8757324e+01
   2.5112550e+06   3.8635254e+01
   2.5113230e+06   3.0090332e+01
   2.5113910e+06   3.0273438e+01
   2.5114530e+06   3.0456543e+01
   2.5119450e+06   2.9968262e+01
   2.5125470e+06   4.0954590e+01
   2.5127290e+06   4.4555664e+01
   2.6033890e+06   5.9753418e+01
   2.6034760e+06   5.3833008e+01
   2.6034900e+06   3.3813477e+01
   2.6035570e+06   5.0170898e+01
   2.6035690e+06   3.7597656e+01
   2.6036210e+06   3.2348633e+01
   2.6036470e+06   5.1635742e+01
   2.6037150e+06   4.3395996e+01
   2.6037370e+06   3.8940430e+01
   2.6037730e+06   4.1198730e+01
   2.6037900e+06   3.5400391e+01
   2.6038050e+06   3.7353516e+01
   2.6038420e+06   3.3264160e+01
   2.6039130e+06   3.5522461e+01
   2.6039400e+06   3.0761719e+01
   2.6039930e+06   3.1188965e+01
   2.6040130e+06   3.0395508e+01
   2.6040410e+06   3.9611816e+01
   2.6040720e+06   3.9001465e+01
   2.6041220e+06   3.1677246e+01
   2.6041330e+06   3.1616211e+01
   2.6042860e+06   3.0151367e+01
   2.6044500e+06   3.4423828e+01
   2.6045330e+06   3.0639648e+01
   2.6052310e+06   4.0893555e+01
   2.6053950e+06   5.0231934e+01
   2.6820460e+06   5.3771973e+01
   2.6821270e+06   4.5776367e+01
   2.6821430e+06   3.1433105e+01
   2.6821740e+06   3.7109375e+01
   2.6822130e+06   5.7434082e+01
   2.6822550e+06   3.3264160e+01
   2.6822810e+06   3.5034180e+01
   2.6822950e+06   5.6091309e+01
   2.6823390e+06   3.0761719e+01
   2.6823540e+06   3.2470703e+01
   2.6823820e+06   3.3142090e+01
   2.6824040e+06   3.0273438e+01
   2.6824280e+06   4.4433594e+01
   2.6824670e+06   3.6499023e+01
   2.6825280e+06   4.4677734e+01
   2.6826020e+06   3.4851074e+01
   2.6826750e+06   4.0222168e+01
   2.6827170e+06   3.0334473e+01
   2.6830980e+06   3.0334473e+01
   2.6831140e+06   3.2348633e+01
   2.6831710e+06   3.6743164e+01
   2.6834520e+06   3.0212402e+01
   2.6835280e+06   3.1860352e+01
   2.6835870e+06   3.1066895e+01
   2.6836480e+06   4.0039063e+01
   2.6837830e+06   4.0771484e+01
   2.6839500e+06   4.1076660e+01
   2.7092380e+06   5.9875488e+01
   2.7092940e+06   3.6865234e+01
   2.7093210e+06   6.8725586e+01
   2.7093470e+06   3.0151367e+01
   2.7093670e+06   3.0334473e+01
   2.7093940e+06   5.7861328e+01
   2.7094240e+06   3.1250000e+01
   2.7094450e+06   3.6682129e+01
   2.7094740e+06   5.5908203e+01
   2.7094870e+06   4.7180176e+01
   2.7095230e+06   3.6499023e+01
   2.7095590e+06   4.4067383e+01
   2.7095740e+06   4.2724609e+01
   2.7096000e+06   3.5400391e+01
   2.7096430e+06   4.1931152e+01
   2.7096750e+06   3.3325195e+01
   2.7097020e+06   2.9907227e+01
   2.7097620e+06   3.7475586e+01
   2.7097760e+06   3.6376953e+01
   2.7097960e+06   3.3508301e+01
   2.7098560e+06   3.0761719e+01
   2.7099460e+06   3.2836914e+01
   2.7101470e+06   3.0212402e+01
   2.7102430e+06   3.0822754e+01
   2.7103710e+06   3.3264160e+01
   2.7104660e+06   3.0700684e+01
   2.7105760e+06   3.4057617e+01
   2.7107330e+06   3.6865234e+01
   2.7107830e+06   3.0151367e+01
   2.7110810e+06   3.7963867e+01
   2.7507770e+06   6.9458008e+01
   2.7508250e+06   3.8330078e+01
   2.7508590e+06   4.9987793e+01
   2.7508740e+06   3.3569336e+01
   2.7509000e+06   3.1982422e+01
   2.7509420e+06   4.4982910e+01
   2.7509590e+06   4.6142578e+01
   2.7509770e+06   3.8635254e+01
   2.7510020e+06   3.1188965e+01
   2.7510250e+06   3.7902832e+01
   2.7510440e+06   4.6081543e+01
   2.7510670e+06   3.0456543e+01
   2.7511020e+06   4.1076660e+01
   2.7511280e+06   3.1799316e+01
   2.7511450e+06   3.3630371e+01
   2.7511760e+06   4.6691895e+01
   2.7512140e+06   3.4606934e+01
   2.7512250e+06   3.3752441e+01
   2.7512530e+06   3.4240723e+01
   2.7512720e+06   3.0151367e+01
   2.7512900e+06   3.2104492e+01
   2.7513130e+06   2.9907227e+01
   2.7513340e+06   3.2165527e+01
   2.7513650e+06   3.4118652e+01
   2.7515210e+06   3.0090332e+01
   2.7515430e+06   3.3020020e+01
   2.7517080e+06   3.3569336e+01
   2.7521270e+06   3.2592773e+01
   2.7522390e+06   3.2043457e+01
   2.7524210e+06   3.0944824e+01
   2.7527820e+06   4.3823242e+01
   2.7788030e+06   6.8725586e+01
   2.7788690e+06   6.1157227e+01
   2.7789090e+06   3.4118652e+01
   2.7789350e+06   3.0395508e+01
   2.7789490e+06   5.8593750e+01
   2.7789850e+06   3.7170410e+01
   2.7789960e+06   3.9978027e+01
   2.7790200e+06   5.0598145e+01
   2.7790550e+06   3.7170410e+01
   2.7790820e+06   3.1860352e+01
   2.7791170e+06   3.3386230e+01
   2.7791460e+06   3.3325195e+01
   2.7791650e+06   5.0659180e+01
   2.7792720e+06   3.0212402e+01
   2.7793510e+06   3.0944824e+01
   2.7793720e+06   3.4057617e+01
   2.7795400e+06   3.0456543e+01
   2.7796680e+06   3.0944824e+01
   2.7797850e+06   3.0761719e+01
   2.7798020e+06   3.1738281e+01
   2.7800730e+06   2.9968262e+01
   2.7803060e+06   3.6499023e+01
   2.7804510e+06   4.7973633e+01
   2.7970470e+06   5.5175781e+01
   2.7970760e+06   4.0283203e+01
   2.7971010e+06   4.1503906e+01
   2.7971250e+06   7.0373535e+01
   2.7971350e+06   3.1250000e+01
   2.7971820e+06   3.7597656e+01
   2.7972000e+06   5.7922363e+01
   2.7972400e+06   3.0334473e+01
   2.7972610e+06   3.2043457e+01
   2.7972730e+06   3.5461426e+01
   2.7972970e+06   4.8522949e+01
   2.7973150e+06   3.3203125e+01
   2.7973380e+06   4.0588379e+01
   2.7973650e+06   3.0273438e+01
   2.7974130e+06   3.0090332e+01
   2.7974660e+06   3.9428711e+01
   2.7974800e+06   3.3325195e+01
   2.7975060e+06   3.1433105e+01
   2.7975390e+06   3.1921387e+01
   2.7976310e+06   3.5156250e+01
   2.7976870e+06   3.5278320e+01
   2.7978940e+06   4.7363281e+01
   2.7982030e+06   3.2104492e+01
   2.7984500e+06   4.4006348e+01
   2.7985960e+06   2.9907227e+01
   2.8365110e+06   5.9143066e+01
   2.8365460e+06   3.3386230e+01
   2.8365590e+06   3.4423828e+01
   2.8365970e+06   5.8471680e+01
   2.8366180e+06   3.6437988e+01
   2.8366440e+06   3.9062500e+01
   2.8366700e+06   4.4799805e+01
   2.8367400e+06   3.6010742e+01
   2.8367750e+06   3.2531738e+01
   2.8368120e+06   3.2226563e+01
   2.8368540e+06   3.1616211e+01
   2.8369140e+06   3.2104492e+01
   2.8370120e+06   3.4973145e+01
   2.8370380e+06   3.1921387e+01
   2.8371020e+06   3.0090332e+01
   2.8372060e+06   4.0100098e+01
   2.8373740e+06   3.7231445e+01
   2.8374180e+06   3.5339355e+01
   2.8377100e+06   3.1188965e+01
   2.8378080e+06   3.5827637e+01
   2.8379290e+06   3.1555176e+01
   2.8381030e+06   3.1127930e+01
   2.8382590e+06   3.7536621e+01
   2.9382780e+06   3.4606934e+01
   2.9383530e+06   3.4729004e+01
   2.9383830e+06   5.4260254e+01
   2.9384720e+06   4.8828125e+01
   2.9384920e+06   3.3447266e+01
   2.9385340e+06   3.6071777e+01
   2.9385500e+06   3.7780762e+01
   2.9385690e+06   4.4555664e+01
   2.9386090e+06   3.4423828e+01
   2.9386270e+06   3.8574219e+01
   2.9386380e+06   3.4118652e+01
   2.9386760e+06   3.4057617e+01
   2.9387000e+06   2.9968262e+01
   2.9387390e+06   3.6499023e+01
   2.9387640e+06   3.0456543e+01
   2.9387900e+06   4.5227051e+01
   2.9388070e+06   3.3020020e+01
   2.9388280e+06   3.6499023e+01
   2.9388440e+06   3.2836914e+01
   2.9389230e+06   3.1372070e+01
   2.9391250e+06   3.0578613e+01
   2.9393200e+06   3.0578613e+01
   2.9393840e+06   3.0151367e+01
   2.9394720e+06   3.3691406e+01
   2.9394910e+06   3.0883789e+01
   2.9395480e+06   3.1982422e+01
   2.9397680e+06   4.4860840e+01
   2.9398780e+06   3.5705566e+01
   2.9400450e+06   3.8818359e+01
