   2.9990000e+06   0.0000000e+00
   8.8750000e+03   3.5217285e+01
   9.0990000e+03   4.3457031e+01
   9.1090000e+03   3.4545898e+01
   9.3100000e+03   3.9062500e+01
   9.4160000e+03   3.1738281e+01
   9.5140000e+03   4.1076660e+01
   9.6210000e+03   3.1555176e+01
   9.8720000e+03   3.3752441e+01
   1.0098000e+04   3.6926270e+01
   7.6707000e+04   5.5053711e+01
   7.8230000e+04   3.6499023e+01
   7.9244000e+04   4.7058105e+01
   8.2867000e+04   3.4545898e+01
   8.3228000e+04   3.4851074e+01
   8.3524000e+04   3.8391113e+01
   8.4279000e+04   3.4240723e+01
   8.4465000e+04   5.1086426e+01
   8.5000000e+04   3.5766602e+01
   8.5864000e+04   3.4790039e+01
   8.7847000e+04   3.2897949e+01
   8.7933000e+04   3.1494141e+01
   8.8288000e+04   3.2043457e+01
   8.9525000e+04   3.5156250e+01
   9.0543000e+04   3.3142090e+01
   1.4141500e+05   3.1555176e+01
   1.4907900e+05   4.5959473e+01
   1.4941300e+05   4.0710449e+01
   1.4983300e+05   3.8574219e+01
   1.5018100e+05   3.1799316e+01
   1.5052000e+05   3.1616211e+01
   1.5069300e+05   3.3081055e+01
   1.5167700e+05   3.7719727e+01
   1.5202500e+05   3.9978027e+01
   2.1422700e+05   4.3518066e+01
   2.1433200e+05   3.8085938e+01
   2.1443900e+05   4.5166016e+01
   2.1447700e+05   5.2795410e+01
   2.1449300e+05   4.1320801e+01
   2.1454500e+05   3.2775879e+01
   2.1457000e+05   3.7231445e+01
   2.1460000e+05   3.1738281e+01
   2.1461400e+05   3.7902832e+01
   2.1464500e+05   3.5644531e+01
   2.1466800e+05   3.3691406e+01
   2.1470700e+05   3.8269043e+01
   2.1473400e+05   3.6071777e+01
   2.1475100e+05   4.5959473e+01
   2.8301200e+05   4.3945313e+01
   2.8353900e+05   4.6264648e+01
   2.8371200e+05   3.8757324e+01
   2.8376500e+05   4.2785645e+01
   2.8389900e+05   5.4382324e+01
   2.8396200e+05   4.2114258e+01
   2.8397700e+05   3.2714844e+01
   2.8403600e+05   3.2958984e+01
   2.8407000e+05   3.8024902e+01
   2.8409500e+05   3.1677246e+01
   3.0986000e+05   4.5776367e+01
   3.1029100e+05   4.4128418e+01
   3.1046100e+05   3.1433105e+01
   3.1048800e+05   3.8391113e+01
   3.1051700e+05   3.1738281e+01
   3.1052800e+05   4.7485352e+01
   3.1057600e+05   3.5278320e+01
   3.1059100e+05   3.4484863e+01
   3.1063300e+05   3.1433105e+01
   3.1068200e+05   3.3203125e+01
   3.1073200e+05   3.6499023e+01
   3.1076100e+05   3.9672852e+01
   3.1102000e+05   3.4912109e+01
   3.1135500e+05   3.3264160e+01
   3.4626400e+05   3.1616211e+01
   3.4629900e+05   4.3823242e+01
   3.4645800e+05   3.6315918e+01
   3.4661500e+05   3.8574219e+01
   3.4670100e+05   4.2236328e+01
   3.4674100e+05   3.3508301e+01
   3.4676300e+05   3.3447266e+01
   3.4677800e+05   5.3466797e+01
   3.4685400e+05   4.0771484e+01
   3.4686800e+05   3.9245605e+01
   3.4689100e+05   3.3630371e+01
   3.4691000e+05   3.5339355e+01
   3.4693400e+05   3.3020020e+01
   3.4695100e+05   3.2104492e+01
   3.4702100e+05   3.8085938e+01
   3.4712000e+05   3.3508301e+01
   3.4719200e+05   3.6804199e+01
   3.7025100e+05   4.6142578e+01
   3.7036400e+05   4.3457031e+01
   3.7044800e+05   4.9560547e+01
   3.7046700e+05   3.4545898e+01
   3.7049400e+05   3.5278320e+01
   3.7052000e+05   3.3142090e+01
   3.7054500e+05   3.9733887e+01
   3.7057000e+05   3.8452148e+01
   3.7066700e+05   3.4362793e+01
   3.7068300e+05   3.7719727e+01
   3.7070700e+05   3.9855957e+01
   3.7072100e+05   4.0405273e+01
   3.7076600e+05   4.3945313e+01
   3.7091700e+05   3.1921387e+01
   3.7094800e+05   3.3630371e+01
   3.8862200e+05   3.8269043e+01
   3.8869300e+05   4.4372559e+01
   3.8872500e+05   3.2470703e+01
   3.8875200e+05   4.0283203e+01
   3.8878100e+05   3.2836914e+01
   3.8881100e+05   3.6499023e+01
   3.8885500e+05   3.2836914e+01
   3.8895600e+05   3.1860352e+01
   3.8900000e+05   3.2226563e+01
   3.8901900e+05   3.5888672e+01
   3.8905300e+05   3.3142090e+01
   3.8908300e+05   3.4118652e+01
   3.8927700e+05   3.9123535e+01
   3.8930900e+05   3.4118652e+01
   3.8936800e+05   3.5766602e+01
   3.8944400e+05   3.4606934e+01
   4.0494700e+05   4.8278809e+01
   4.0500900e+05   4.4311523e+01
   4.0504800e+05   3.4545898e+01
   4.0506400e+05   4.0100098e+01
   4.0511300e+05   3.3569336e+01
   4.0515500e+05   4.6142578e+01
   4.0517800e+05   3.6437988e+01
   4.0519100e+05   3.8574219e+01
   4.0524100e+05   3.9123535e+01
   4.0525700e+05   4.3151855e+01
   4.0530200e+05   3.3386230e+01
   4.0531600e+05   3.3508301e+01
   4.0536500e+05   3.9123535e+01
   4.0547000e+05   3.2531738e+01
   4.0548700e+05   3.4240723e+01
   4.1818500e+05   3.3447266e+01
   4.1824500e+05   3.4301758e+01
   4.1829600e+05   3.3264160e+01
   4.1831000e+05   3.2409668e+01
   4.1836700e+05   3.1494141e+01
   4.1838500e+05   3.3325195e+01
   4.1840500e+05   4.2907715e+01
   4.1842200e+05   3.3386230e+01
   4.1847600e+05   3.1677246e+01
   4.1848600e+05   3.3264160e+01
   4.1851100e+05   3.8940430e+01
   4.1864800e+05   3.7231445e+01
   4.1868400e+05   3.9855957e+01
   4.1875000e+05   3.1982422e+01
   4.3267800e+05   4.1137695e+01
   4.3280100e+05   3.1494141e+01
   4.3284900e+05   3.5095215e+01
   4.3287700e+05   3.8574219e+01
   4.3289100e+05   4.3640137e+01
   4.3294100e+05   3.2287598e+01
   4.3304000e+05   3.9123535e+01
   4.3307300e+05   3.4545898e+01
   4.3310900e+05   3.1677246e+01
   4.3315500e+05   3.2714844e+01
   4.4533900e+05   5.2185059e+01
   4.4539500e+05   3.7109375e+01
   4.4543000e+05   3.4667969e+01
   4.4545200e+05   3.2653809e+01
   4.4548800e+05   3.1738281e+01
   4.4552100e+05   3.2287598e+01
   4.4558500e+05   4.1503906e+01
   4.4561700e+05   3.6621094e+01
   4.4571100e+05   3.2592773e+01
   4.4577100e+05   3.7597656e+01
   4.4583800e+05   3.4179688e+01
   4.4593500e+05   3.5217285e+01
   4.4603800e+05   3.2653809e+01
   4.4919200e+05   3.1738281e+01
   4.5897500e+05   3.6132813e+01
   4.5899500e+05   3.3569336e+01
   4.5902200e+05   3.9001465e+01
   4.5909500e+05   3.4545898e+01
   4.5911500e+05   3.4484863e+01
   4.5916200e+05   3.2836914e+01
   4.5918500e+05   3.8818359e+01
   4.5926000e+05   3.5339355e+01
   4.5929300e+05   3.3020020e+01
   4.5940300e+05   3.4301758e+01
   4.5971500e+05   3.2714844e+01
   4.6210400e+05   3.3264160e+01
   4.7288300e+05   3.3386230e+01
   4.7293900e+05   3.2714844e+01
   4.7299800e+05   3.7902832e+01
   4.7304900e+05   4.0710449e+01
   4.7307800e+05   3.9062500e+01
   4.7314800e+05   3.3203125e+01
   4.7318700e+05   3.3142090e+01
   4.7330200e+05   4.3151855e+01
   4.7332800e+05   3.3752441e+01
   4.7360600e+05   3.3020020e+01
   4.7826100e+05   3.6560059e+01
   4.8704500e+05   3.7597656e+01
   4.8709800e+05   4.0100098e+01
   4.8711800e+05   3.3691406e+01
   4.8715300e+05   3.3203125e+01
   4.8717700e+05   3.3935547e+01
   4.8722600e+05   3.2043457e+01
   4.8727400e+05   3.5156250e+01
   4.8732300e+05   3.1799316e+01
   4.8733600e+05   4.0832520e+01
   4.8737700e+05   3.2043457e+01
   4.8744900e+05   3.5766602e+01
   4.8753800e+05   3.6499023e+01
   4.8759800e+05   3.6682129e+01
   5.0288200e+05   4.2480469e+01
   5.0293500e+05   3.9916992e+01
   5.0297900e+05   3.7536621e+01
   5.0303500e+05   3.4545898e+01
   5.0305300e+05   3.9733887e+01
   5.0310200e+05   3.2653809e+01
   5.0315500e+05   3.7536621e+01
   5.0321000e+05   3.5278320e+01
   5.0323500e+05   3.5522461e+01
   5.0326600e+05   3.1433105e+01
   5.0334700e+05   3.3874512e+01
   5.0399200e+05   3.2409668e+01
   5.1852200e+05   3.3081055e+01
   5.1858900e+05   3.9062500e+01
   5.1863500e+05   3.8513184e+01
   5.1870900e+05   3.2531738e+01
   5.1873100e+05   3.1555176e+01
   5.1875800e+05   3.5949707e+01
   5.1879800e+05   3.3264160e+01
   5.1881100e+05   3.4362793e+01
   5.1888500e+05   4.6630859e+01
   5.1890800e+05   3.8330078e+01
   5.1892000e+05   3.6804199e+01
   5.1896000e+05   3.4118652e+01
   5.1900900e+05   3.5217285e+01
   5.1943000e+05   3.1799316e+01
   5.3269300e+05   3.3569336e+01
   5.3288000e+05   3.5888672e+01
   5.3296200e+05   3.3325195e+01
   5.3298000e+05   3.2470703e+01
   5.3300700e+05   3.2226563e+01
   5.3303200e+05   3.4240723e+01
   5.3307600e+05   3.2104492e+01
   5.3310400e+05   3.4606934e+01
   5.3312300e+05   3.3386230e+01
   5.3313900e+05   3.8330078e+01
   5.3320900e+05   3.9428711e+01
   5.3323700e+05   4.2358398e+01
   5.3375000e+05   3.3142090e+01
   5.3464400e+05   3.1677246e+01
   6.0504200e+05   1.9744873e+03
   6.0515400e+05   3.5339355e+01
   6.0523300e+05   3.3447266e+01
   6.0529400e+05   4.7119141e+01
   6.0535400e+05   3.9733887e+01
   6.0537900e+05   3.2104492e+01
   6.0539100e+05   3.5522461e+01
   6.0541100e+05   3.6193848e+01
   6.0544200e+05   3.6071777e+01
   6.0546000e+05   3.1921387e+01
   6.0547500e+05   3.4729004e+01
   6.0550200e+05   3.5461426e+01
   6.0552700e+05   4.9682617e+01
   6.0555600e+05   3.6437988e+01
   6.0562400e+05   3.2714844e+01
   6.0563400e+05   3.8146973e+01
   6.0568200e+05   3.2043457e+01
   6.0695300e+05   3.2775879e+01
   6.1033700e+05   3.2653809e+01
   6.1094000e+05   3.7841797e+01
   6.5505800e+05   3.9677124e+03
   6.5517800e+05   3.3203125e+01
   6.5525500e+05   3.6560059e+01
   6.5532900e+05   3.5339355e+01
   6.5536700e+05   3.1921387e+01
   6.5539200e+05   3.3325195e+01
   6.5544500e+05   3.8513184e+01
   6.5546500e+05   4.1748047e+01
   6.5550500e+05   3.6743164e+01
   6.5553000e+05   3.9916992e+01
   6.5556300e+05   4.4006348e+01
   6.5560300e+05   3.2653809e+01
   6.5563700e+05   3.1738281e+01
   6.5567300e+05   3.5949707e+01
   6.5570800e+05   3.9062500e+01
   6.5574100e+05   3.3020020e+01
   6.5586600e+05   3.2592773e+01
   6.5606500e+05   3.7902832e+01
   7.0507000e+05   1.9632568e+03
   7.0520800e+05   3.5827637e+01
   7.0527500e+05   4.3090820e+01
   7.0534600e+05   4.9499512e+01
   7.0541300e+05   3.1433105e+01
   7.0546100e+05   3.9001465e+01
   7.0547600e+05   3.9184570e+01
   7.0555200e+05   3.4973145e+01
   7.0566000e+05   5.0109863e+01
   7.0569100e+05   3.2043457e+01
   7.0572900e+05   3.1372070e+01
   7.0576700e+05   3.2836914e+01
   7.0580900e+05   3.2226563e+01
   7.0587500e+05   4.0100098e+01
   7.0639200e+05   3.1555176e+01
   7.5508400e+05   1.9702148e+03
   7.5509500e+05   3.3996582e+01
   7.5522200e+05   4.7302246e+01
   7.5529000e+05   3.2409668e+01
   7.5536500e+05   3.2165527e+01
   7.5544000e+05   3.8818359e+01
   7.5548400e+05   3.3264160e+01
   7.5551200e+05   3.7841797e+01
   7.5556800e+05   3.6560059e+01
   7.5563200e+05   3.7780762e+01
   7.5566200e+05   3.5278320e+01
   7.5569400e+05   3.4790039e+01
   7.5572800e+05   3.6621094e+01
   7.5575000e+05   3.9550781e+01
   7.5581600e+05   3.3935547e+01
   7.5596700e+05   3.7536621e+01
   7.5617000e+05   3.1799316e+01
   7.5631000e+05   3.1860352e+01
   8.0509800e+05   1.9747314e+03
   8.0521800e+05   3.3874512e+01
   8.0531100e+05   4.2175293e+01
   8.0538100e+05   5.8959961e+01
   8.0543400e+05   3.3142090e+01
   8.0544900e+05   5.0964355e+01
   8.0547300e+05   3.9855957e+01
   8.0551600e+05   3.4545898e+01
   8.0553900e+05   3.8269043e+01
   8.0556900e+05   3.3325195e+01
   8.0560300e+05   3.7353516e+01
   8.0563600e+05   3.8330078e+01
   8.0564700e+05   3.8696289e+01
   8.0570100e+05   3.8146973e+01
   8.0571900e+05   3.2043457e+01
   8.0579400e+05   3.5034180e+01
   8.0584700e+05   3.8085938e+01
   8.0601700e+05   3.5705566e+01
   8.5089600e+05   4.3762207e+01
   8.5102400e+05   4.0832520e+01
   8.5108800e+05   3.2226563e+01
   8.5114300e+05   3.2165527e+01
   8.5126600e+05   3.2165527e+01
   8.5129500e+05   3.2226563e+01
   8.5133100e+05   3.7109375e+01
   8.5134400e+05   3.3447266e+01
   8.5136000e+05   3.3935547e+01
   8.5138600e+05   4.1748047e+01
   8.5145000e+05   3.9916992e+01
   8.5148700e+05   3.2348633e+01
   8.5164700e+05   3.1372070e+01
   8.5511400e+05   3.9677734e+03
   8.5523400e+05   3.5583496e+01
   9.0139400e+05   4.7302246e+01
   9.0150900e+05   3.2714844e+01
   9.0161000e+05   3.5034180e+01
   9.0180400e+05   4.1442871e+01
   9.0190300e+05   4.1259766e+01
   9.0191600e+05   3.5400391e+01
   9.0198500e+05   3.8024902e+01
   9.0201900e+05   3.6621094e+01
   9.0207700e+05   3.9672852e+01
   9.0219800e+05   3.2714844e+01
   9.0263500e+05   3.3081055e+01
   9.0512600e+05   1.9753418e+03
   9.2911400e+05   3.8879395e+01
   9.2919400e+05   3.9794922e+01
   9.2923300e+05   3.2409668e+01
   9.2927300e+05   3.7963867e+01
   9.2954700e+05   3.4545898e+01
   9.2960800e+05   3.6437988e+01
   9.2971000e+05   4.1748047e+01
   9.2983800e+05   3.7109375e+01
   9.5514000e+05   1.9858398e+03
   9.5526300e+05   3.5461426e+01
   9.5540400e+05   3.4240723e+01
   9.5549100e+05   4.3090820e+01
   9.5556900e+05   3.9733887e+01
   9.5558700e+05   3.1494141e+01
   9.5564900e+05   3.8635254e+01
   9.5569800e+05   3.8696289e+01
   9.5572000e+05   3.2165527e+01
   9.5578500e+05   3.3935547e+01
   9.5579800e+05   4.6508789e+01
   9.5583400e+05   3.3142090e+01
   9.5597000e+05   3.4912109e+01
   9.5602500e+05   3.5095215e+01
   9.5615100e+05   3.1372070e+01
   9.5644600e+05   3.1555176e+01
   9.9268500e+05   4.5959473e+01
   9.9279300e+05   3.7963867e+01
   9.9294900e+05   3.3020020e+01
   9.9308200e+05   3.5583496e+01
   9.9319900e+05   4.0954590e+01
   9.9338100e+05   3.7475586e+01
   9.9354800e+05   3.3142090e+01
   9.9403400e+05   3.1799316e+01
   9.9415800e+05   3.2470703e+01
   1.0051540e+06   1.9878540e+03
   1.0052290e+06   3.2653809e+01
   1.0054050e+06   3.1799316e+01
   1.0054490e+06   3.7536621e+01
   1.0056160e+06   3.8269043e+01
   1.0056840e+06   3.4118652e+01
   1.0057330e+06   4.1442871e+01
   1.0057750e+06   3.7170410e+01
   1.0058570e+06   3.1494141e+01
   1.0059180e+06   3.4057617e+01
   1.0059970e+06   3.4240723e+01
   1.0331250e+06   3.2958984e+01
   1.0331660e+06   3.1921387e+01
   1.0332980e+06   4.1259766e+01
   1.0334490e+06   4.9011230e+01
   1.0335590e+06   3.5949707e+01
   1.0336800e+06   3.4606934e+01
   1.0338200e+06   3.7475586e+01
   1.0341080e+06   3.2531738e+01
   1.0342970e+06   3.2287598e+01
   1.0344750e+06   3.5156250e+01
   1.0551680e+06   1.9804688e+03
   1.0555460e+06   3.9794922e+01
   1.0556630e+06   5.3955078e+01
   1.0558380e+06   3.4179688e+01
   1.0559020e+06   3.8696289e+01
   1.0560120e+06   3.4973145e+01
   1.0561480e+06   3.1799316e+01
   1.0561770e+06   3.1555176e+01
   1.0562930e+06   3.1433105e+01
   1.0653230e+06   3.6743164e+01
   1.0654330e+06   4.1076660e+01
   1.0991360e+06   4.5593262e+01
   1.0992960e+06   3.9489746e+01
   1.0994210e+06   3.9733887e+01
   1.0995770e+06   3.9672852e+01
   1.0997560e+06   4.1748047e+01
   1.0999410e+06   3.6743164e+01
   1.1001180e+06   3.2775879e+01
   1.1003520e+06   3.5278320e+01
   1.1051840e+06   3.9753418e+03
   1.1322980e+06   3.3203125e+01
   1.1324760e+06   3.4301758e+01
   1.1325820e+06   4.1198730e+01
   1.1329260e+06   3.1921387e+01
   1.1349480e+06   4.2724609e+01
   1.1354980e+06   3.7963867e+01
   1.1365120e+06   3.1555176e+01
   1.1365390e+06   3.2226563e+01
   1.1411480e+06   3.3691406e+01
   1.1412910e+06   3.8085938e+01
   1.1415330e+06   3.5217285e+01
   1.1421780e+06   3.7292480e+01
   1.1424460e+06   4.5043945e+01
   1.1462450e+06   3.4484863e+01
   1.1463590e+06   3.1799316e+01
   1.1477830e+06   3.6437988e+01
   1.1483120e+06   3.4912109e+01
   1.1498510e+06   4.0588379e+01
   1.1500840e+06   3.1555176e+01
   1.1510760e+06   3.4790039e+01
   1.1551680e+06   3.7536621e+01
   1.1551980e+06   3.9746704e+03
   1.1553100e+06   4.4860840e+01
   1.2024220e+06   3.3142090e+01
   1.2052120e+06   3.9702148e+03
   1.2062020e+06   3.3264160e+01
   1.2065250e+06   4.2907715e+01
   1.2069530e+06   4.1748047e+01
   1.2070270e+06   3.1494141e+01
   1.2070960e+06   3.9489746e+01
   1.2072230e+06   3.3447266e+01
   1.2073800e+06   3.3142090e+01
   1.2074010e+06   3.8024902e+01
   1.2101720e+06   3.3813477e+01
   1.2101980e+06   3.2775879e+01
   1.2102640e+06   4.3212891e+01
   1.2106310e+06   4.5898437e+01
   1.2110380e+06   3.6254883e+01
   1.2124630e+06   3.4057617e+01
   1.2156720e+06   4.5837402e+01
   1.2160120e+06   3.4790039e+01
   1.2179030e+06   3.4484863e+01
   1.2180320e+06   3.5827637e+01
   1.2184420e+06   4.3029785e+01
   1.2185900e+06   3.2897949e+01
   1.2552240e+06   1.9744873e+03
   1.2566930e+06   4.9255371e+01
   1.2570170e+06   4.5104980e+01
   1.2572010e+06   4.8095703e+01
   1.2574640e+06   3.1738281e+01
   1.2596480e+06   3.6926270e+01
   1.2602490e+06   4.5410156e+01
   1.2621760e+06   4.2480469e+01
   1.2622480e+06   3.5461426e+01
   1.2625390e+06   3.9611816e+01
   1.2649530e+06   4.6936035e+01
   1.2671410e+06   3.3508301e+01
   1.2674320e+06   3.3203125e+01
   1.2676870e+06   3.6743164e+01
   1.2679390e+06   3.8269043e+01
   1.2685510e+06   3.5705566e+01
   1.2690260e+06   4.4799805e+01
   1.2701430e+06   3.3752441e+01
   1.2712180e+06   3.2287598e+01
   1.2726770e+06   4.0405273e+01
   1.2729780e+06   3.3081055e+01
   1.2734460e+06   3.2348633e+01
   1.2742970e+06   3.4301758e+01
   1.3052380e+06   1.9805298e+03
   1.3052490e+06   3.5827637e+01
   1.3061960e+06   3.9367676e+01
   1.3069420e+06   3.3020020e+01
   1.3071690e+06   3.1738281e+01
   1.3073050e+06   3.1860352e+01
   1.3073610e+06   3.2531738e+01
   1.3076200e+06   3.5278320e+01
   1.3087260e+06   3.5766602e+01
   1.3094330e+06   3.4423828e+01
   1.3102420e+06   3.2653809e+01
   1.3109210e+06   3.2775879e+01
   1.3115930e+06   3.7292480e+01
   1.3119630e+06   3.1799316e+01
   1.3135800e+06   4.5837402e+01
   1.3146550e+06   3.1921387e+01
   1.3158930e+06   4.1442871e+01
   1.3165200e+06   3.9611816e+01
   1.3167590e+06   3.2409668e+01
   1.3552520e+06   1.9754639e+03
   1.3561020e+06   4.3518066e+01
   1.3565880e+06   4.8889160e+01
   1.3567650e+06   3.7719727e+01
   1.3569360e+06   4.8034668e+01
   1.3572050e+06   4.0588379e+01
   1.3574950e+06   3.9550781e+01
   1.3580280e+06   3.2470703e+01
   1.3588930e+06   3.2104492e+01
   1.3591280e+06   4.1870117e+01
   1.3592380e+06   3.7414551e+01
   1.3595830e+06   3.2165527e+01
   1.3596620e+06   3.7109375e+01
   1.3599200e+06   3.5461426e+01
   1.3600440e+06   3.3020020e+01
   1.3604470e+06   3.2470703e+01
   1.4052670e+06   4.3988037e+02
   1.4072480e+06   3.3020020e+01
   1.4075300e+06   3.7597656e+01
   1.4082060e+06   4.1687012e+01
   1.4089320e+06   3.8940430e+01
   1.4097470e+06   3.3020020e+01
   1.4101250e+06   5.0292969e+01
   1.4124550e+06   3.4057617e+01
   1.4130410e+06   4.9499512e+01
   1.4134400e+06   3.8513184e+01
   1.4143500e+06   3.7963867e+01
   1.4144140e+06   3.5949707e+01
   1.4149830e+06   3.6560059e+01
   1.4154900e+06   4.1259766e+01
   1.4155760e+06   3.7353516e+01
   1.4161620e+06   3.4057617e+01
   1.4169550e+06   3.4790039e+01
   1.4173390e+06   3.5461426e+01
   1.4187160e+06   4.2480469e+01
   1.4194360e+06   3.1372070e+01
   1.4201600e+06   3.5278320e+01
   1.4214240e+06   3.1555176e+01
   1.4552800e+06   1.9743042e+03
   1.4552920e+06   3.1494141e+01
   1.4564980e+06   3.4973145e+01
   1.4566160e+06   5.0354004e+01
   1.4566440e+06   3.4667969e+01
   1.4567840e+06   4.9682617e+01
   1.4569150e+06   3.9184570e+01
   1.4570160e+06   3.3142090e+01
   1.4571000e+06   3.6682129e+01
   1.4572330e+06   3.5949707e+01
   1.4574000e+06   3.2348633e+01
   1.4574810e+06   3.2104492e+01
   1.4576700e+06   3.7780762e+01
   1.4577510e+06   3.1433105e+01
   1.5052940e+06   1.9776001e+03
   1.5067050e+06   4.4616699e+01
   1.5067770e+06   3.3020020e+01
   1.5068510e+06   5.2185059e+01
   1.5069350e+06   3.2958984e+01
   1.5069560e+06   3.2958984e+01
   1.5070440e+06   3.5827637e+01
   1.5070890e+06   4.1320801e+01
   1.5071590e+06   3.6010742e+01
   1.5072560e+06   3.6865234e+01
   1.5074420e+06   3.5644531e+01
   1.5437530e+06   3.3752441e+01
   1.5439050e+06   4.7546387e+01
   1.5443460e+06   3.1677246e+01
   1.5444700e+06   4.2358398e+01
   1.5449590e+06   3.2470703e+01
   1.5454360e+06   3.8818359e+01
   1.5458490e+06   3.5278320e+01
   1.5460720e+06   3.8269043e+01
   1.5465800e+06   3.4301758e+01
   1.5469140e+06   3.3874512e+01
   1.5476280e+06   3.5461426e+01
   1.5477950e+06   3.7780762e+01
   1.5553080e+06   1.9822388e+03
   1.5562830e+06   5.7312012e+01
   1.5563450e+06   3.3142090e+01
   1.5566860e+06   5.8288574e+01
   1.5567270e+06   3.6560059e+01
   1.5567410e+06   3.3874512e+01
   1.5569790e+06   4.2846680e+01
   1.5574730e+06   3.4790039e+01
   1.5581400e+06   4.1931152e+01
   1.5581950e+06   3.1616211e+01
   1.5582240e+06   3.6437988e+01
   1.5583520e+06   3.6010742e+01
   1.5591870e+06   4.1442871e+01
   1.5595640e+06   3.4912109e+01
   1.5599410e+06   3.2653809e+01
   1.5621310e+06   4.0832520e+01
   1.6053240e+06   3.9711914e+03
   1.6053340e+06   3.1677246e+01
   1.6065510e+06   3.8146973e+01
   1.6066910e+06   3.4729004e+01
   1.6067870e+06   4.1870117e+01
   1.6069340e+06   3.3081055e+01
   1.6072680e+06   3.5156250e+01
   1.6076320e+06   3.2104492e+01
   1.6442670e+06   4.8706055e+01
   1.6450950e+06   4.4738770e+01
   1.6461380e+06   3.3020020e+01
   1.6467290e+06   3.6315918e+01
   1.6469190e+06   3.8024902e+01
   1.6472860e+06   4.3395996e+01
   1.6475150e+06   3.2104492e+01
   1.6477270e+06   3.7902832e+01
   1.6480820e+06   3.4301758e+01
   1.6553380e+06   3.9708862e+03
   1.6567290e+06   3.4790039e+01
   1.6567680e+06   3.1433105e+01
   1.6567830e+06   3.5827637e+01
   1.6568370e+06   3.8635254e+01
   1.6569510e+06   4.7119141e+01
   1.6569840e+06   3.9184570e+01
   1.6570170e+06   3.2348633e+01
   1.6573310e+06   3.1555176e+01
   1.7053500e+06   1.9708252e+03
   1.7059180e+06   3.3996582e+01
   1.7060020e+06   3.4057617e+01
   1.7060590e+06   3.4423828e+01
   1.7061340e+06   5.1940918e+01
   1.7061580e+06   4.8645020e+01
   1.7061930e+06   3.5217285e+01
   1.7062770e+06   3.6865234e+01
   1.7063430e+06   3.4729004e+01
   1.7064210e+06   3.5217285e+01
   1.7064940e+06   3.4851074e+01
   1.7065650e+06   3.2287598e+01
   1.7068370e+06   3.1433105e+01
   1.7553660e+06   3.9685059e+03
   1.7558450e+06   3.3142090e+01
   1.7559120e+06   4.5837402e+01
   1.7559260e+06   3.2958984e+01
   1.7559680e+06   3.1372070e+01
   1.7560090e+06   3.3203125e+01
   1.7560430e+06   3.4790039e+01
   1.7560690e+06   3.7231445e+01
   1.7561010e+06   4.9438477e+01
   1.7561240e+06   3.2775879e+01
   1.7561600e+06   3.2165527e+01
   1.7561720e+06   5.0292969e+01
   1.7562130e+06   3.5583496e+01
   1.7562400e+06   3.4118652e+01
   1.7563160e+06   3.2348633e+01
   1.7563780e+06   3.4301758e+01
   1.7908550e+06   3.5461426e+01
   1.7912260e+06   3.6010742e+01
   1.7913530e+06   4.4921875e+01
   1.7913800e+06   3.2897949e+01
   1.7914650e+06   3.2653809e+01
   1.7914870e+06   3.3813477e+01
   1.7915530e+06   4.0893555e+01
   1.7916210e+06   3.2287598e+01
   1.7916530e+06   3.7475586e+01
   1.7917100e+06   3.1799316e+01
   1.7918210e+06   3.4851074e+01
   1.7918500e+06   3.4118652e+01
   1.7924020e+06   3.1982422e+01
   1.8053780e+06   1.9751587e+03
   1.8445440e+06   3.8208008e+01
   1.8446180e+06   4.4311523e+01
   1.8451030e+06   3.4118652e+01
   1.8453390e+06   3.8452148e+01
   1.8454750e+06   3.9184570e+01
   1.8455010e+06   3.7048340e+01
   1.8455570e+06   3.3691406e+01
   1.8455880e+06   3.7109375e+01
   1.8456640e+06   3.5522461e+01
   1.8457140e+06   3.5522461e+01
   1.8457600e+06   3.5827637e+01
   1.8458390e+06   3.5095215e+01
   1.8459660e+06   3.4301758e+01
   1.8460940e+06   3.5095215e+01
   1.8553920e+06   1.9807739e+03
   1.8788290e+06   4.1381836e+01
   1.8790960e+06   3.4912109e+01
   1.8791340e+06   3.6743164e+01
   1.8792090e+06   3.7658691e+01
   1.8792190e+06   3.7963867e+01
   1.8792620e+06   3.3630371e+01
   1.8793840e+06   3.6804199e+01
   1.8794740e+06   3.2165527e+01
   1.8795060e+06   3.1677246e+01
   1.8795500e+06   4.1870117e+01
   1.8796060e+06   4.4921875e+01
   1.8796510e+06   3.1799316e+01
   1.8797800e+06   3.1738281e+01
   1.8798580e+06   3.3020020e+01
   1.8799450e+06   3.2409668e+01
   1.8800660e+06   3.8635254e+01
   1.8801100e+06   3.1982422e+01
   1.9054080e+06   3.9691772e+03
   1.9059230e+06   3.4729004e+01
   1.9060520e+06   5.0903320e+01
   1.9061170e+06   3.3386230e+01
   1.9061600e+06   4.3090820e+01
   1.9061990e+06   3.3142090e+01
   1.9062270e+06   3.5278320e+01
   1.9062370e+06   3.7170410e+01
   1.9062710e+06   3.2165527e+01
   1.9064100e+06   3.7597656e+01
   1.9064960e+06   3.3508301e+01
   1.9070250e+06   3.2958984e+01
   1.9475900e+06   4.2480469e+01
   1.9476330e+06   3.1555176e+01
   1.9477310e+06   3.1982422e+01
   1.9482100e+06   3.3996582e+01
   1.9483980e+06   3.6682129e+01
   1.9484480e+06   3.7353516e+01
   1.9485350e+06   3.1738281e+01
   1.9486070e+06   3.2836914e+01
   1.9487310e+06   3.2348633e+01
   1.9489010e+06   3.4301758e+01
   1.9489810e+06   4.0893555e+01
   1.9491970e+06   3.8940430e+01
   1.9492140e+06   3.3325195e+01
   1.9496260e+06   3.5339355e+01
   1.9554200e+06   1.9723511e+03
   1.9947680e+06   4.1076660e+01
   1.9949570e+06   3.8269043e+01
   1.9949700e+06   3.8208008e+01
   1.9950800e+06   3.8757324e+01
   1.9951900e+06   4.8645020e+01
   1.9952370e+06   4.2419434e+01
   1.9953290e+06   3.1555176e+01
   1.9953530e+06   3.1616211e+01
   1.9954110e+06   4.1503906e+01
   1.9954350e+06   3.1616211e+01
   1.9955120e+06   3.3264160e+01
   1.9955240e+06   3.4606934e+01
   1.9955570e+06   3.1799316e+01
   1.9955950e+06   3.6926270e+01
   1.9957640e+06   3.5522461e+01
   2.0054340e+06   1.9757080e+03
   2.0485030e+06   4.4860840e+01
   2.0486370e+06   3.2348633e+01
   2.0487480e+06   3.3996582e+01
   2.0489300e+06   3.4240723e+01
   2.0490070e+06   3.2165527e+01
   2.0491450e+06   3.5339355e+01
   2.0491580e+06   3.3752441e+01
   2.0492020e+06   3.4729004e+01
   2.0492430e+06   3.5339355e+01
   2.0493190e+06   3.3508301e+01
   2.0493680e+06   3.5156250e+01
   2.0495590e+06   3.2409668e+01
   2.0496410e+06   3.6743164e+01
   2.0497460e+06   3.3325195e+01
   2.0498100e+06   3.3081055e+01
   2.0500400e+06   3.3935547e+01
   2.0554480e+06   1.9713135e+03
   2.0836340e+06   5.7128906e+01
   2.0838530e+06   4.1931152e+01
   2.0840730e+06   5.1025391e+01
   2.0841460e+06   3.2897949e+01
   2.0841770e+06   3.4362793e+01
   2.0842960e+06   3.6560059e+01
   2.0843370e+06   3.3264160e+01
   2.0844060e+06   3.8696289e+01
   2.0844500e+06   3.2409668e+01
   2.0845360e+06   4.8156738e+01
   2.0847960e+06   3.5583496e+01
   2.0849910e+06   3.4545898e+01
   2.0851210e+06   3.2226563e+01
   2.1054640e+06   3.9702148e+03
   2.1060590e+06   4.6813965e+01
   2.1061480e+06   3.4667969e+01
   2.1062410e+06   4.5043945e+01
   2.1063860e+06   4.2846680e+01
   2.1065070e+06   3.3630371e+01
   2.1066450e+06   3.2653809e+01
   2.1068130e+06   3.3996582e+01
   2.1068240e+06   3.8269043e+01
   2.1324890e+06   4.1381836e+01
   2.1329840e+06   3.5339355e+01
   2.1331740e+06   3.3569336e+01
   2.1332690e+06   3.9001465e+01
   2.1336360e+06   4.0527344e+01
   2.1337840e+06   3.2775879e+01
   2.1339200e+06   4.2480469e+01
   2.1341720e+06   4.0649414e+01
   2.1349900e+06   3.1372070e+01
   2.1352690e+06   4.5898438e+01
   2.1356710e+06   3.7841797e+01
   2.1358190e+06   3.7414551e+01
   2.1358820e+06   3.3996582e+01
   2.1359650e+06   3.5156250e+01
   2.1359890e+06   3.1677246e+01
   2.1360670e+06   5.4077148e+01
   2.1361020e+06   3.1799316e+01
   2.1361550e+06   3.5034180e+01
   2.1362050e+06   3.8818359e+01
   2.1362590e+06   4.6875000e+01
   2.1362990e+06   3.4362793e+01
   2.1363370e+06   3.4057617e+01
   2.1364110e+06   3.2409668e+01
   2.1364590e+06   3.3508301e+01
   2.1365490e+06   3.4362793e+01
   2.1554760e+06   1.9724731e+03
   2.1556230e+06   5.3649902e+01
   2.1558150e+06   3.6499023e+01
   2.1559280e+06   3.3630371e+01
   2.1560130e+06   3.6865234e+01
   2.1560250e+06   3.1860352e+01
   2.1561800e+06   3.7231445e+01
   2.1561910e+06   3.7353516e+01
   2.1562480e+06   3.8879395e+01
   2.1562600e+06   3.7170410e+01
   2.1562820e+06   4.2968750e+01
   2.1562920e+06   3.2653809e+01
   2.1563570e+06   3.3325195e+01
   2.1563710e+06   3.2836914e+01
   2.1564770e+06   3.1799316e+01
   2.1566340e+06   3.5095215e+01
   2.1578980e+06   3.2226563e+01
   2.1882080e+06   3.9184570e+01
   2.1882740e+06   3.4851074e+01
   2.1883540e+06   4.2480469e+01
   2.1884040e+06   3.2592773e+01
   2.1884250e+06   4.6020508e+01
   2.1884350e+06   3.3142090e+01
   2.1884890e+06   3.1555176e+01
   2.1885040e+06   3.3752441e+01
   2.1885240e+06   3.2043457e+01
   2.1885470e+06   4.9621582e+01
   2.1885600e+06   4.2358398e+01
   2.1886130e+06   3.4729004e+01
   2.1886400e+06   3.6499023e+01
   2.1887020e+06   3.8696289e+01
   2.1887140e+06   4.0039063e+01
   2.1887260e+06   3.3020020e+01
   2.1887600e+06   3.1738281e+01
   2.1888800e+06   3.9672852e+01
   2.1890090e+06   3.1433105e+01
   2.2054890e+06   8.0194092e+02
   2.2055010e+06   3.1372070e+01
   2.2056070e+06   3.9062500e+01
   2.2056900e+06   3.8940430e+01
   2.2057600e+06   4.3762207e+01
   2.2057700e+06   3.4606934e+01
   2.2057900e+06   3.8269043e+01
   2.2058220e+06   4.1015625e+01
   2.2058840e+06   3.9306641e+01
   2.2059280e+06   3.1677246e+01
   2.2059580e+06   3.1433105e+01
   2.2059980e+06   3.2104492e+01
   2.2060130e+06   3.2531738e+01
   2.2060600e+06   3.3508301e+01
   2.2061320e+06   3.2043457e+01
   2.2061710e+06   3.3752441e+01
   2.2061900e+06   3.4118652e+01
   2.2066200e+06   3.6621094e+01
   2.2068170e+06   3.2470703e+01
   2.2304910e+06   4.5288086e+01
   2.2305780e+06   3.1982422e+01
   2.2306470e+06   3.8940430e+01
   2.2306570e+06   3.8024902e+01
   2.2306990e+06   3.8391113e+01
   2.2307160e+06   3.4423828e+01
   2.2307310e+06   3.4851074e+01
   2.2308140e+06   3.8330078e+01
   2.2308300e+06   3.2592773e+01
   2.2308710e+06   4.2968750e+01
   2.2308910e+06   3.3142090e+01
   2.2339270e+06   3.5583496e+01
   2.2533560e+06   4.0649414e+01
   2.2534110e+06   3.7475586e+01
   2.2534860e+06   3.2226563e+01
   2.2535080e+06   4.3762207e+01
   2.2535310e+06   3.4729004e+01
   2.2535610e+06   3.4057617e+01
   2.2535850e+06   3.6437988e+01
   2.2536240e+06   3.3203125e+01
   2.2536750e+06   3.6071777e+01
   2.2537290e+06   3.5461426e+01
   2.2538930e+06   3.2714844e+01
   2.2540650e+06   3.3081055e+01
   2.2553870e+06   3.1799316e+01
   2.2555060e+06   3.9650269e+03
   2.2710560e+06   4.1259766e+01
   2.2711650e+06   3.1677246e+01
   2.2712510e+06   3.6376953e+01
   2.2713030e+06   3.1616211e+01
   2.2713420e+06   4.4982910e+01
   2.2713630e+06   3.3569336e+01
   2.2714440e+06   3.9733887e+01
   2.2715840e+06   3.8085938e+01
   2.2716160e+06   3.4729004e+01
   2.2716440e+06   3.1616211e+01
   2.2716800e+06   3.8208008e+01
   2.2887310e+06   3.4362793e+01
   2.2888000e+06   3.7475586e+01
   2.2888170e+06   3.4729004e+01
   2.2888370e+06   3.8330078e+01
   2.2888520e+06   3.5827637e+01
   2.2888790e+06   4.1809082e+01
   2.2889010e+06   4.7119141e+01
   2.2889390e+06   3.8146973e+01
   2.2889490e+06   3.7048340e+01
   2.2890040e+06   3.5766602e+01
   2.2891030e+06   3.8269043e+01
   2.2893970e+06   3.6010742e+01
   2.2895240e+06   3.4973145e+01
   2.2944290e+06   3.8574219e+01
   2.3050620e+06   3.4057617e+01
   2.3051280e+06   3.7719727e+01
   2.3053390e+06   3.5339355e+01
   2.3053610e+06   3.4423828e+01
   2.3053980e+06   4.5410156e+01
   2.3054780e+06   3.2226563e+01
   2.3055180e+06   1.9799194e+03
   2.3056330e+06   3.8452148e+01
   2.3056540e+06   3.3264160e+01
   2.3057020e+06   3.2592773e+01
   2.3077720e+06   3.2409668e+01
   2.3274400e+06   3.6499023e+01
   2.3274850e+06   3.5827637e+01
   2.3275100e+06   3.2531738e+01
   2.3275490e+06   3.9550781e+01
   2.3275620e+06   4.2480469e+01
   2.3276070e+06   3.2165527e+01
   2.3276800e+06   3.4484863e+01
   2.3277120e+06   3.4240723e+01
   2.3277480e+06   3.3569336e+01
   2.3286700e+06   3.3142090e+01
   2.3311410e+06   3.3874512e+01
   2.3434050e+06   3.8574219e+01
   2.3434970e+06   3.5644531e+01
   2.3435070e+06   3.6621094e+01
   2.3435720e+06   3.2531738e+01
   2.3436130e+06   3.3630371e+01
   2.3436670e+06   3.1616211e+01
   2.3436990e+06   3.2165527e+01
   2.3437550e+06   3.2714844e+01
   2.3438370e+06   3.8269043e+01
   2.3439890e+06   3.3264160e+01
   2.3490360e+06   3.2836914e+01
   2.3555320e+06   1.9693604e+03
   2.3556300e+06   3.7658691e+01
   2.3556830e+06   4.3518066e+01
   2.3557090e+06   3.3203125e+01
   2.3557350e+06   3.5827637e+01
   2.3558660e+06   3.1433105e+01
   2.3558950e+06   3.2165527e+01
   2.3559650e+06   3.5461426e+01
   2.3560980e+06   3.2287598e+01
   2.3612720e+06   3.7780762e+01
   2.5107880e+06   3.6193848e+01
   2.5110680e+06   3.7353516e+01
   2.5111040e+06   4.0527344e+01
   2.5111200e+06   3.3752441e+01
   2.5111360e+06   3.3935547e+01
   2.5111610e+06   3.4301758e+01
   2.5112070e+06   3.7231445e+01
   2.5112320e+06   3.7231445e+01
   2.5112510e+06   3.1677246e+01
   2.5112700e+06   3.3874512e+01
   2.5113010e+06   3.9916992e+01
   2.5113630e+06   3.2897949e+01
   2.5114220e+06   3.1494141e+01
   2.5116570e+06   3.1494141e+01
   2.5120690e+06   3.1677246e+01
   2.6034180e+06   3.7353516e+01
   2.6034820e+06   3.9245605e+01
   2.6036070e+06   3.5766602e+01
   2.6036880e+06   3.7414551e+01
   2.6037220e+06   3.2775879e+01
   2.6037590e+06   4.3823242e+01
   2.6037910e+06   3.2775879e+01
   2.6038230e+06   3.2226563e+01
   2.6038450e+06   4.0527344e+01
   2.6038730e+06   4.0649414e+01
   2.6038990e+06   3.8940430e+01
   2.6039360e+06   3.3142090e+01
   2.6039500e+06   4.5410156e+01
   2.6039850e+06   3.3325195e+01
   2.6040190e+06   4.2053223e+01
   2.6040520e+06   3.8452148e+01
   2.6042510e+06   3.2165527e+01
   2.6819840e+06   4.7668457e+01
   2.6820510e+06   3.3386230e+01
   2.6821910e+06   3.4790039e+01
   2.6822540e+06   4.0344238e+01
   2.6822710e+06   3.5949707e+01
   2.6823160e+06   3.7841797e+01
   2.6823390e+06   3.6621094e+01
   2.6823630e+06   3.5217285e+01
   2.6823750e+06   4.1809082e+01
   2.6824050e+06   3.3081055e+01
   2.6824710e+06   3.1921387e+01
   2.6825260e+06   3.2714844e+01
   2.6825730e+06   3.7231445e+01
   2.6826780e+06   3.5644531e+01
   2.6829490e+06   3.6010742e+01
   2.7092470e+06   3.8330078e+01
   2.7092990e+06   3.9367676e+01
   2.7093790e+06   3.2470703e+01
   2.7094830e+06   3.1982422e+01
   2.7095110e+06   3.4362793e+01
   2.7095520e+06   3.5949707e+01
   2.7095980e+06   4.5227051e+01
   2.7096570e+06   3.3508301e+01
   2.7097040e+06   3.1433105e+01
   2.7100280e+06   3.2287598e+01
   2.7103390e+06   3.3508301e+01
   2.7507610e+06   3.3752441e+01
   2.7508200e+06   3.2165527e+01
   2.7508470e+06   3.2531738e+01
   2.7508890e+06   4.5959473e+01
   2.7509480e+06   3.7414551e+01
   2.7509810e+06   3.3691406e+01
   2.7510700e+06   3.3020020e+01
   2.7511000e+06   3.5644531e+01
   2.7511270e+06   4.4494629e+01
   2.7511480e+06   3.2409668e+01
   2.7511850e+06   3.3874512e+01
   2.7512430e+06   3.3813477e+01
   2.7512670e+06   3.7841797e+01
   2.7513420e+06   3.3447266e+01
   2.7513630e+06   3.6193848e+01
   2.7514610e+06   3.5095215e+01
   2.7516520e+06   3.1799316e+01
   2.7787990e+06   3.7231445e+01
   2.7788970e+06   3.3935547e+01
   2.7789110e+06   3.2714844e+01
   2.7789320e+06   3.8391113e+01
   2.7789870e+06   3.3447266e+01
   2.7790090e+06   4.0222168e+01
   2.7790360e+06   3.8452148e+01
   2.7790620e+06   4.1992188e+01
   2.7790870e+06   3.5888672e+01
   2.7792330e+06   3.1677246e+01
   2.7793730e+06   3.2653809e+01
   2.7794710e+06   3.2531738e+01
   2.7795180e+06   3.4240723e+01
   2.7970230e+06   3.1494141e+01
   2.7970720e+06   4.3701172e+01
   2.7971030e+06   3.2470703e+01
   2.7971390e+06   3.1372070e+01
   2.7971650e+06   3.1555176e+01
   2.7971890e+06   3.8574219e+01
   2.7972440e+06   4.1320801e+01
   2.7972680e+06   3.8085938e+01
   2.7972780e+06   4.1381836e+01
   2.7973040e+06   3.6437988e+01
   2.7973170e+06   3.3142090e+01
   2.7973750e+06   3.3447266e+01
   2.7973930e+06   3.2836914e+01
   2.7974420e+06   3.1616211e+01
   2.7975010e+06   3.3569336e+01
   2.7976930e+06   3.3020020e+01
   2.8004500e+06   3.3203125e+01
   2.8364650e+06   4.3090820e+01
   2.8365240e+06   3.4545898e+01
   2.8366560e+06   3.5339355e+01
   2.8367300e+06   3.5705566e+01
   2.8367970e+06   3.9855957e+01
   2.8368310e+06   3.2226563e+01
   2.8369020e+06   3.6865234e+01
   2.9383180e+06   4.7668457e+01
   2.9384080e+06   3.9306641e+01
   2.9385440e+06   3.5095215e+01
   2.9385580e+06   3.1372070e+01
   2.9386110e+06   3.4667969e+01
   2.9386420e+06   3.4362793e+01
   2.9386890e+06   3.2470703e+01
   2.9387320e+06   3.6437988e+01
   2.9387600e+06   3.2470703e+01
   2.9388870e+06   4.1931152e+01
   2.9389260e+06   3.9733887e+01
   2.9389430e+06   3.4545898e+01
   2.9389740e+06   3.2226563e+01
   2.9390060e+06   3.2043457e+01
