   2.9990000e+06   0.0000000e+00
   8.7060000e+03   4.0710449e+01
   8.7830000e+03   4.5349121e+01
   9.3560000e+03   3.7292480e+01
   9.8690000e+03   3.6499023e+01
   6.3605000e+04   3.7475586e+01
   7.4969000e+04   4.1442871e+01
   7.5454000e+04   3.8696289e+01
   7.5757000e+04   3.6743164e+01
   7.5831000e+04   3.6865234e+01
   7.8178000e+04   4.1076660e+01
   8.7912000e+04   3.7902832e+01
   1.5212400e+05   3.9306641e+01
   2.1428200e+05   4.0710449e+01
   2.1441700e+05   6.0974121e+01
   2.1447900e+05   4.4311523e+01
   2.1460300e+05   3.7597656e+01
   2.1465500e+05   3.8513184e+01
   2.1481300e+05   3.6865234e+01
   2.1485400e+05   3.9611816e+01
   2.8370200e+05   3.9550781e+01
   2.8380000e+05   3.6560059e+01
   2.8384800e+05   4.2053223e+01
   2.8386900e+05   4.3640137e+01
   2.8391500e+05   3.6804199e+01
   2.8393400e+05   4.1076660e+01
   2.8399200e+05   3.9184570e+01
   2.8404200e+05   4.0222168e+01
   2.8405700e+05   4.1015625e+01
   2.8406800e+05   3.7719727e+01
   2.8412900e+05   3.7780762e+01
   2.8416700e+05   4.0405273e+01
   2.8429300e+05   3.7353516e+01
   2.8442700e+05   4.8034668e+01
   3.0977000e+05   4.6386719e+01
   3.1021300e+05   3.9611816e+01
   3.1038700e+05   3.8269043e+01
   3.1041800e+05   4.8706055e+01
   3.1050500e+05   4.5776367e+01
   3.1054700e+05   3.8879395e+01
   3.1061200e+05   4.3151855e+01
   3.1065800e+05   3.8818359e+01
   3.1068200e+05   4.0283203e+01
   3.1071900e+05   4.0588379e+01
   3.1084000e+05   3.6743164e+01
   3.4676800e+05   3.7414551e+01
   3.4678000e+05   3.9367676e+01
   3.4682700e+05   3.8146973e+01
   3.4685000e+05   3.7963867e+01
   3.4686800e+05   4.8889160e+01
   3.4689600e+05   6.2805176e+01
   3.4691100e+05   3.7841797e+01
   3.4693200e+05   3.9855957e+01
   3.4696300e+05   3.9428711e+01
   3.4697600e+05   4.2846680e+01
   3.4701200e+05   3.6865234e+01
   3.4704800e+05   3.6621094e+01
   3.4713700e+05   4.1320801e+01
   3.4716800e+05   3.7414551e+01
   3.4724200e+05   4.4189453e+01
   3.7033900e+05   3.7170410e+01
   3.7039900e+05   4.1076660e+01
   3.7042100e+05   4.4860840e+01
   3.7044000e+05   4.1137695e+01
   3.7046100e+05   4.4860840e+01
   3.7049700e+05   4.8217773e+01
   3.7055500e+05   4.0039063e+01
   3.7060800e+05   3.9001465e+01
   3.7068100e+05   3.8818359e+01
   3.7071900e+05   3.6621094e+01
   3.7074700e+05   3.6621094e+01
   3.7081300e+05   3.7963867e+01
   3.7113300e+05   3.8940430e+01
   3.8867000e+05   3.9062500e+01
   3.8870800e+05   3.6682129e+01
   3.8876000e+05   4.3762207e+01
   3.8878800e+05   5.3222656e+01
   3.8880500e+05   4.7485352e+01
   3.8883400e+05   4.9072266e+01
   3.8908900e+05   4.2541504e+01
   3.8922600e+05   4.4250488e+01
   3.8931500e+05   4.1931152e+01
   4.0495100e+05   3.8146973e+01
   4.0498000e+05   3.9733887e+01
   4.0500000e+05   4.0954590e+01
   4.0504900e+05   4.1931152e+01
   4.0506600e+05   4.3518066e+01
   4.0513300e+05   3.7109375e+01
   4.0516200e+05   3.7353516e+01
   4.0522200e+05   4.4128418e+01
   4.0526300e+05   3.7353516e+01
   4.0534500e+05   3.6865234e+01
   4.0538600e+05   3.7597656e+01
   4.1814400e+05   3.9794922e+01
   4.1821600e+05   4.2602539e+01
   4.1825300e+05   6.3171387e+01
   4.1828500e+05   3.8757324e+01
   4.1836500e+05   4.1442871e+01
   4.1846700e+05   3.6743164e+01
   4.3259100e+05   3.8574219e+01
   4.3271500e+05   4.3457031e+01
   4.3274800e+05   3.8513184e+01
   4.3278600e+05   4.1381836e+01
   4.3284000e+05   4.2419434e+01
   4.3286000e+05   3.7414551e+01
   4.3287800e+05   3.7048340e+01
   4.3289300e+05   3.6804199e+01
   4.3292500e+05   3.7475586e+01
   4.3296700e+05   4.2419434e+01
   4.3314700e+05   3.9733887e+01
   4.4106300e+05   3.6499023e+01
   4.4535400e+05   4.4372559e+01
   4.4543600e+05   3.7414551e+01
   4.4556900e+05   4.0771484e+01
   4.4564400e+05   3.6682129e+01
   4.4567400e+05   4.6386719e+01
   4.4569300e+05   3.8391113e+01
   4.5897100e+05   3.7719727e+01
   4.5900200e+05   3.7170410e+01
   4.5910800e+05   4.1015625e+01
   4.5916000e+05   3.7780762e+01
   4.5920900e+05   4.1748047e+01
   4.5930100e+05   3.6804199e+01
   4.7284700e+05   3.7353516e+01
   4.7290500e+05   5.4260254e+01
   4.7291700e+05   3.8330078e+01
   4.7302400e+05   4.3457031e+01
   4.7305600e+05   4.8339844e+01
   4.7308100e+05   4.2114258e+01
   4.7312100e+05   3.9855957e+01
   4.7315900e+05   4.1320801e+01
   4.8697700e+05   4.3212891e+01
   4.8702700e+05   3.8269043e+01
   4.8712500e+05   4.2480469e+01
   4.8713900e+05   4.0527344e+01
   4.8715700e+05   4.0283203e+01
   4.8717600e+05   3.7658691e+01
   4.8726600e+05   4.6630859e+01
   4.8731800e+05   3.9794922e+01
   4.8735900e+05   4.0344238e+01
   5.0283000e+05   3.8635254e+01
   5.0285400e+05   3.8940430e+01
   5.0289200e+05   3.6499023e+01
   5.0294000e+05   3.7048340e+01
   5.0295100e+05   5.1025391e+01
   5.0304500e+05   4.3151855e+01
   5.0312100e+05   3.7170410e+01
   5.1854800e+05   4.9865723e+01
   5.1862000e+05   4.1015625e+01
   5.1863800e+05   4.1503906e+01
   5.1867900e+05   4.1625977e+01
   5.1884000e+05   3.7353516e+01
   5.1886700e+05   4.0100098e+01
   5.2033000e+05   3.6682129e+01
   5.3286900e+05   3.8269043e+01
   5.3293900e+05   3.8208008e+01
   5.3296600e+05   3.8330078e+01
   5.3300600e+05   4.5410156e+01
   5.3306000e+05   4.3212891e+01
   5.3309800e+05   4.0100098e+01
   5.3312700e+05   3.9794922e+01
   5.3314700e+05   3.6682129e+01
   5.3326100e+05   3.8757324e+01
   5.3336700e+05   3.8146973e+01
   5.3349700e+05   3.7353516e+01
   5.3414000e+05   3.7902832e+01
   5.3448100e+05   3.6926270e+01
   6.0504200e+05   2.0115967e+03
   6.0505400e+05   3.9489746e+01
   6.0529500e+05   4.2175293e+01
   6.0533200e+05   3.7902832e+01
   6.0545200e+05   3.9794922e+01
   6.0546800e+05   3.6682129e+01
   6.0547900e+05   4.6508789e+01
   6.0554900e+05   4.0100098e+01
   6.0558800e+05   3.7780762e+01
   6.0568200e+05   3.6499023e+01
   6.0575300e+05   3.6499023e+01
   6.5505800e+05   3.9999390e+03
   6.5534900e+05   4.1931152e+01
   6.5540300e+05   6.1706543e+01
   6.5547400e+05   4.3579102e+01
   6.5551000e+05   4.0771484e+01
   6.5567600e+05   4.1748047e+01
   6.5569500e+05   4.6630859e+01
   6.5578200e+05   3.8940430e+01
   6.5613500e+05   4.0222168e+01
   7.0507000e+05   2.0083008e+03
   7.0533600e+05   3.7109375e+01
   7.0541500e+05   4.3151855e+01
   7.0543100e+05   4.9926758e+01
   7.0547800e+05   3.9794922e+01
   7.0554100e+05   4.6447754e+01
   7.0555800e+05   4.3945313e+01
   7.0556800e+05   4.3823242e+01
   7.0559300e+05   3.6865234e+01
   7.0563100e+05   3.9550781e+01
   7.0566000e+05   5.2307129e+01
   7.0567700e+05   3.9855957e+01
   7.0569900e+05   3.6621094e+01
   7.0575900e+05   4.0710449e+01
   7.0596000e+05   3.8818359e+01
   7.5508600e+05   3.9999390e+03
   7.5509700e+05   4.0588379e+01
   7.5547600e+05   4.2053223e+01
   7.5550100e+05   3.6987305e+01
   7.5553600e+05   4.8522949e+01
   7.5557200e+05   4.2602539e+01
   7.5565300e+05   3.9428711e+01
   7.5568300e+05   4.0039063e+01
   7.5571300e+05   3.7658691e+01
   7.5574600e+05   3.8085938e+01
   7.5578300e+05   3.8146973e+01
   7.5590300e+05   3.8818359e+01
   8.0143300e+05   3.6743164e+01
   8.0509800e+05   2.0067749e+03
   8.0511100e+05   3.7841797e+01
   8.0513900e+05   3.7109375e+01
   8.0549400e+05   3.9733887e+01
   8.0550500e+05   4.8217773e+01
   8.0573700e+05   5.0781250e+01
   8.0574800e+05   4.6081543e+01
   8.0649200e+05   3.8452148e+01
   8.5113500e+05   4.7546387e+01
   8.5118700e+05   3.7353516e+01
   8.5125800e+05   3.9184570e+01
   8.5136200e+05   4.5227051e+01
   8.5138300e+05   3.9611816e+01
   8.5148300e+05   4.6752930e+01
   8.5158200e+05   4.6569824e+01
   8.5162400e+05   4.2968750e+01
   8.5175400e+05   3.7475586e+01
   8.5237200e+05   3.8024902e+01
   8.5511300e+05   4.6514893e+02
   9.0129300e+05   4.3151855e+01
   9.0167500e+05   4.1809082e+01
   9.0183700e+05   3.6560059e+01
   9.0198700e+05   4.1503906e+01
   9.0201300e+05   3.6682129e+01
   9.0222500e+05   3.8269043e+01
   9.0247400e+05   3.9855957e+01
   9.0512800e+05   3.9999390e+03
   9.2942400e+05   3.7658691e+01
   9.2955100e+05   3.9001465e+01
   9.2967500e+05   3.7170410e+01
   9.2970000e+05   3.8574219e+01
   9.2976700e+05   3.6987305e+01
   9.3030000e+05   4.2236328e+01
   9.5514000e+05   2.0085449e+03
   9.5542600e+05   3.9550781e+01
   9.5655600e+05   4.1503906e+01
   9.8945600e+05   3.8818359e+01
   9.9036000e+05   3.8330078e+01
   9.9089800e+05   4.6569824e+01
   9.9144300e+05   4.6203613e+01
   9.9264500e+05   3.7109375e+01
   9.9315100e+05   3.6682129e+01
   1.0051540e+06   2.0103760e+03
   1.0060490e+06   3.7963867e+01
   1.0065610e+06   4.0893555e+01
   1.0343210e+06   3.8940430e+01
   1.0551680e+06   2.0092163e+03
   1.0567890e+06   3.7231445e+01
   1.0575060e+06   3.7414551e+01
   1.0578600e+06   3.6987305e+01
   1.0581450e+06   3.7292480e+01
   1.0586510e+06   3.7048340e+01
   1.0587960e+06   3.8269043e+01
   1.0981310e+06   3.7963867e+01
   1.0983290e+06   4.4738770e+01
   1.0987570e+06   5.8105469e+01
   1.0987820e+06   3.7536621e+01
   1.0992380e+06   3.8208008e+01
   1.1051820e+06   2.0048218e+03
   1.1309570e+06   4.8889160e+01
   1.1311490e+06   4.0039063e+01
   1.1314560e+06   3.6499023e+01
   1.1372370e+06   3.7780762e+01
   1.1410610e+06   3.8391113e+01
   1.1432410e+06   4.3884277e+01
   1.1435680e+06   4.0771484e+01
   1.1438860e+06   3.7841797e+01
   1.1473630e+06   3.9733887e+01
   1.1476900e+06   3.6865234e+01
   1.1506300e+06   4.0649414e+01
   1.1509790e+06   3.8513184e+01
   1.1551980e+06   3.9999390e+03
   1.2052100e+06   2.0115967e+03
   1.2068580e+06   3.6560059e+01
   1.2069010e+06   4.3762207e+01
   1.2069870e+06   3.6560059e+01
   1.2071110e+06   4.0954590e+01
   1.2072320e+06   4.2114258e+01
   1.2073540e+06   3.7292480e+01
   1.2126000e+06   3.8452148e+01
   1.2128720e+06   3.7536621e+01
   1.2132010e+06   4.1198730e+01
   1.2134190e+06   4.8828125e+01
   1.2153140e+06   4.1992188e+01
   1.2159630e+06   4.1687012e+01
   1.2186880e+06   3.7109375e+01
   1.2190930e+06   3.7414551e+01
   1.2198470e+06   3.7536621e+01
   1.2552240e+06   2.0097656e+03
   1.2552340e+06   5.4321289e+01
   1.2570940e+06   4.0832520e+01
   1.2579040e+06   3.6682129e+01
   1.2580050e+06   4.1503906e+01
   1.2623700e+06   3.8574219e+01
   1.2636260e+06   4.1503906e+01
   1.2643700e+06   3.7414551e+01
   1.2654330e+06   3.8818359e+01
   1.2676400e+06   3.9184570e+01
   1.3052380e+06   2.0099487e+03
   1.3070260e+06   5.1391602e+01
   1.3075010e+06   4.6813965e+01
   1.3079000e+06   3.6743164e+01
   1.3094560e+06   4.0527344e+01
   1.3123890e+06   3.8330078e+01
   1.3124680e+06   3.9001465e+01
   1.3135550e+06   4.1015625e+01
   1.3142240e+06   3.7292480e+01
   1.3155450e+06   3.9001465e+01
   1.3158140e+06   3.9611816e+01
   1.3552520e+06   2.0061646e+03
   1.3568420e+06   5.9997559e+01
   1.3570610e+06   3.7109375e+01
   1.3577250e+06   4.6813965e+01
   1.3584390e+06   3.9672852e+01
   1.4052660e+06   2.0117798e+03
   1.4060530e+06   3.7414551e+01
   1.4063360e+06   3.9123535e+01
   1.4073990e+06   3.7841797e+01
   1.4144220e+06   4.0039063e+01
   1.4154920e+06   4.2419434e+01
   1.4169450e+06   3.7963867e+01
   1.4186220e+06   3.9550781e+01
   1.4190610e+06   3.7902832e+01
   1.4552800e+06   2.0070801e+03
   1.4566140e+06   4.9560547e+01
   1.4567220e+06   3.9489746e+01
   1.4573620e+06   4.0161133e+01
   1.5052960e+06   3.9999390e+03
   1.5067030e+06   5.6030273e+01
   1.5069850e+06   4.3945313e+01
   1.5433330e+06   4.8339844e+01
   1.5435960e+06   3.9855957e+01
   1.5446880e+06   4.0649414e+01
   1.5553100e+06   3.9999390e+03
   1.5553200e+06   4.8278809e+01
   1.5581570e+06   4.5532227e+01
   1.5583960e+06   3.6682129e+01
   1.5596490e+06   4.1809082e+01
   1.5599080e+06   3.8208008e+01
   1.5601720e+06   3.8208008e+01
   1.6053240e+06   3.9999390e+03
   1.6065740e+06   5.2795410e+01
   1.6068440e+06   3.8635254e+01
   1.6441040e+06   4.4067383e+01
   1.6443550e+06   3.6926270e+01
   1.6446920e+06   4.0649414e+01
   1.6449050e+06   3.7048340e+01
   1.6452960e+06   4.4738770e+01
   1.6453830e+06   4.0466309e+01
   1.6455800e+06   3.6499023e+01
   1.6465900e+06   3.9550781e+01
   1.6468680e+06   3.6499023e+01
   1.6469070e+06   3.6987305e+01
   1.6553380e+06   3.9999390e+03
   1.6554040e+06   3.9367676e+01
   1.6567500e+06   3.8024902e+01
   1.6568650e+06   4.7363281e+01
   1.6571140e+06   4.1076660e+01
   1.6571500e+06   4.5959473e+01
   1.7053520e+06   3.9999390e+03
   1.7053630e+06   3.7048340e+01
   1.7062470e+06   3.8146973e+01
   1.7063700e+06   3.7231445e+01
   1.7553660e+06   3.9999390e+03
   1.7560780e+06   4.2541504e+01
   1.7565600e+06   3.6499023e+01
   1.7897980e+06   3.7048340e+01
   1.7904830e+06   3.6926270e+01
   1.7911020e+06   4.1259766e+01
   1.8053780e+06   2.0086670e+03
   1.8053910e+06   3.9062500e+01
   1.8456010e+06   3.8879395e+01
   1.8456550e+06   4.3701172e+01
   1.8457030e+06   3.7170410e+01
   1.8459150e+06   3.7414551e+01
   1.8553940e+06   3.9999390e+03
   1.8782550e+06   4.0283203e+01
   1.8784700e+06   4.4128418e+01
   1.8787230e+06   3.6865234e+01
   1.8788360e+06   3.7170410e+01
   1.8798990e+06   3.7475586e+01
   1.8799200e+06   3.6926270e+01
   1.8805660e+06   3.8208008e+01
   1.9054060e+06   2.0034180e+03
   1.9062430e+06   4.3518066e+01
   1.9486990e+06   3.6987305e+01
   1.9493260e+06   3.8085938e+01
   1.9554220e+06   3.9999390e+03
   1.9945370e+06   3.9916992e+01
   1.9949150e+06   4.0344238e+01
   1.9951110e+06   3.6621094e+01
   1.9952520e+06   4.3212891e+01
   1.9955050e+06   4.0832520e+01
   2.0054360e+06   3.9999390e+03
   2.0054460e+06   3.7292480e+01
   2.0493860e+06   3.7292480e+01
   2.0554500e+06   3.9999390e+03
   2.0831400e+06   3.8452148e+01
   2.0834330e+06   3.6865234e+01
   2.0840720e+06   3.9062500e+01
   2.0846110e+06   3.9062500e+01
   2.1054640e+06   3.9999390e+03
   2.1070950e+06   4.4189453e+01
   2.1355740e+06   3.7658691e+01
   2.1357550e+06   4.1442871e+01
   2.1357710e+06   4.2907715e+01
   2.1357940e+06   3.7292480e+01
   2.1359490e+06   4.7729492e+01
   2.1360370e+06   4.5532227e+01
   2.1363830e+06   4.1259766e+01
   2.1554760e+06   2.0109863e+03
   2.1559080e+06   3.8635254e+01
   2.1559450e+06   3.7841797e+01
   2.1560520e+06   4.2175293e+01
   2.1560730e+06   3.8391113e+01
   2.1561090e+06   4.0222168e+01
   2.1561260e+06   4.7912598e+01
   2.1562260e+06   3.9428711e+01
   2.1563270e+06   4.3395996e+01
   2.1565320e+06   4.4128418e+01
   2.1568600e+06   3.6682129e+01
   2.1881640e+06   3.6865234e+01
   2.1881890e+06   4.6264648e+01
   2.1882600e+06   4.5959473e+01
   2.1883120e+06   3.6865234e+01
   2.1883260e+06   3.8757324e+01
   2.1883690e+06   5.1269531e+01
   2.1883900e+06   3.9062500e+01
   2.1884610e+06   4.5776367e+01
   2.1884930e+06   4.6508789e+01
   2.1885120e+06   3.8696289e+01
   2.1885350e+06   4.8706055e+01
   2.1886720e+06   4.1687012e+01
   2.1886880e+06   4.6997070e+01
   2.1892400e+06   4.1320801e+01
   2.1894680e+06   3.9184570e+01
   2.2054910e+06   4.7827148e+02
   2.2057150e+06   3.9489746e+01
   2.2057290e+06   3.7109375e+01
   2.2058060e+06   3.8940430e+01
   2.2058350e+06   4.2236328e+01
   2.2058610e+06   4.4738770e+01
   2.2059220e+06   4.9194336e+01
   2.2060210e+06   4.7912598e+01
   2.2063280e+06   3.7170410e+01
   2.2069440e+06   3.8024902e+01
   2.2304720e+06   3.6560059e+01
   2.2305400e+06   4.2663574e+01
   2.2306080e+06   6.1462402e+01
   2.2306190e+06   5.6640625e+01
   2.2306600e+06   4.1442871e+01
   2.2306960e+06   3.8635254e+01
   2.2307140e+06   4.8217773e+01
   2.2307310e+06   4.2297363e+01
   2.2307570e+06   3.6560059e+01
   2.2307680e+06   3.6926270e+01
   2.2307780e+06   4.1748047e+01
   2.2308250e+06   3.8635254e+01
   2.2308510e+06   3.8452148e+01
   2.2312810e+06   3.6865234e+01
   2.2533320e+06   3.9306641e+01
   2.2533990e+06   3.7414551e+01
   2.2534730e+06   3.9611816e+01
   2.2534870e+06   4.1625977e+01
   2.2535350e+06   4.3273926e+01
   2.2535640e+06   3.7719727e+01
   2.2535850e+06   3.8635254e+01
   2.2536220e+06   4.1687012e+01
   2.2543020e+06   3.8085938e+01
   2.2555060e+06   3.9999390e+03
   2.2714860e+06   4.0222168e+01
   2.2715340e+06   3.9916992e+01
   2.2715520e+06   4.8706055e+01
   2.2716040e+06   4.5410156e+01
   2.2716250e+06   3.8513184e+01
   2.2716640e+06   3.6499023e+01
   2.2717010e+06   4.3884277e+01
   2.2717420e+06   3.6926270e+01
   2.2718050e+06   3.6560059e+01
   2.2719150e+06   3.6682129e+01
   2.2723300e+06   4.1320801e+01
   2.2887450e+06   4.9377441e+01
   2.2888340e+06   4.4921875e+01
   2.2888560e+06   3.6621094e+01
   2.2890000e+06   4.1076660e+01
   2.2890390e+06   3.6621094e+01
   2.2892410e+06   4.2358398e+01
   2.3053280e+06   4.3884277e+01
   2.3053400e+06   4.3640137e+01
   2.3054330e+06   4.2358398e+01
   2.3054430e+06   4.0954590e+01
   2.3054890e+06   6.8115234e+01
   2.3055200e+06   3.9999390e+03
   2.3056120e+06   4.5288086e+01
   2.3056530e+06   3.8574219e+01
   2.3068180e+06   3.8696289e+01
   2.3273690e+06   4.0893555e+01
   2.3274030e+06   3.8085938e+01
   2.3274280e+06   4.8645020e+01
   2.3274390e+06   6.1157227e+01
   2.3274670e+06   3.6865234e+01
   2.3274890e+06   3.8757324e+01
   2.3275890e+06   4.3212891e+01
   2.3276230e+06   4.1137695e+01
   2.3276360e+06   3.9184570e+01
   2.3279150e+06   3.7475586e+01
   2.3283400e+06   4.1809082e+01
   2.3290340e+06   3.7109375e+01
   2.3302840e+06   3.6804199e+01
   2.3436970e+06   3.9672852e+01
   2.3437420e+06   3.6621094e+01
   2.3437870e+06   4.1748047e+01
   2.3438450e+06   4.1259766e+01
   2.3439730e+06   3.9611816e+01
   2.3439860e+06   3.7902832e+01
   2.3555320e+06   2.0087891e+03
   2.3557160e+06   3.7597656e+01
   2.3557540e+06   5.2368164e+01
   2.3557640e+06   3.6621094e+01
   2.3558530e+06   3.6621094e+01
   2.3559250e+06   4.6752930e+01
   2.3559620e+06   3.9001465e+01
   2.3559800e+06   3.9733887e+01
   2.5110250e+06   3.8452148e+01
   2.5110680e+06   4.5288086e+01
   2.5111240e+06   3.9550781e+01
   2.5111340e+06   4.5959473e+01
   2.5111880e+06   5.5419922e+01
   2.5112650e+06   4.3457031e+01
   2.5114630e+06   3.9001465e+01
   2.5123230e+06   3.7231445e+01
   2.5123330e+06   3.9306641e+01
   2.6035160e+06   3.8940430e+01
   2.6035530e+06   4.6142578e+01
   2.6037060e+06   3.8452148e+01
   2.6037250e+06   4.0771484e+01
   2.6037580e+06   3.9794922e+01
   2.6037690e+06   3.7109375e+01
   2.6038350e+06   5.3222656e+01
   2.6038520e+06   3.6804199e+01
   2.6039100e+06   4.5349121e+01
   2.6039490e+06   3.9062500e+01
   2.6039690e+06   3.7719727e+01
   2.6039990e+06   3.7231445e+01
   2.6040430e+06   3.9611816e+01
   2.6040950e+06   4.8461914e+01
   2.6041490e+06   3.6987305e+01
   2.6041660e+06   4.9804688e+01
   2.6051300e+06   3.6560059e+01
   2.6823720e+06   4.2541504e+01
   2.6824010e+06   4.7668457e+01
   2.6824160e+06   3.7780762e+01
   2.6824660e+06   4.3884277e+01
   2.6824830e+06   4.1381836e+01
   2.6825150e+06   4.7546387e+01
   2.6825550e+06   3.9123535e+01
   2.6825910e+06   4.7241211e+01
   2.6826050e+06   4.0283203e+01
   2.6828580e+06   3.8024902e+01
   2.6828830e+06   3.7719727e+01
   2.6829770e+06   3.7597656e+01
   2.7092480e+06   3.7780762e+01
   2.7093000e+06   4.2785645e+01
   2.7093850e+06   3.8574219e+01
   2.7094140e+06   3.9245605e+01
   2.7094900e+06   4.0283203e+01
   2.7095010e+06   3.7231445e+01
   2.7095500e+06   3.7658691e+01
   2.7096120e+06   3.6560059e+01
   2.7097510e+06   4.0405273e+01
   2.7099940e+06   3.6499023e+01
   2.7509970e+06   4.4616699e+01
   2.7510640e+06   4.9987793e+01
   2.7510850e+06   3.7658691e+01
   2.7511010e+06   4.2114258e+01
   2.7511450e+06   3.9001465e+01
   2.7511650e+06   4.4921875e+01
   2.7512130e+06   3.7292480e+01
   2.7512510e+06   4.0588379e+01
   2.7513030e+06   3.8635254e+01
   2.7513300e+06   3.9367676e+01
   2.7513480e+06   4.1320801e+01
   2.7513970e+06   4.0710449e+01
   2.7515290e+06   3.6621094e+01
   2.7526070e+06   3.6804199e+01
   2.7787130e+06   3.7231445e+01
   2.7788400e+06   3.7414551e+01
   2.7790120e+06   4.3579102e+01
   2.7791200e+06   4.3823242e+01
   2.7791570e+06   4.1564941e+01
   2.7969700e+06   4.0039063e+01
   2.7969940e+06   4.5166016e+01
   2.7970850e+06   5.5969238e+01
   2.7971570e+06   3.9428711e+01
   2.7971990e+06   4.3579102e+01
   2.7972160e+06   3.8818359e+01
   2.7973110e+06   4.1625977e+01
   2.7973350e+06   4.0466309e+01
   2.7975480e+06   4.0283203e+01
   2.7984190e+06   3.6499023e+01
   2.8367330e+06   3.8574219e+01
   2.8367780e+06   4.7912598e+01
   2.8368630e+06   4.0100098e+01
   2.8368900e+06   4.3579102e+01
   2.8369290e+06   3.6621094e+01
   2.8370380e+06   3.8391113e+01
   2.8372530e+06   3.7658691e+01
   2.8378680e+06   3.7536621e+01
   2.9386870e+06   3.9184570e+01
   2.9387600e+06   3.8330078e+01
   2.9387880e+06   4.6142578e+01
   2.9388140e+06   4.6386719e+01
   2.9389760e+06   4.0039063e+01
   2.9389970e+06   3.7841797e+01
   2.9391760e+06   3.6743164e+01
   2.9393190e+06   3.7109375e+01
